avenida||agenor andrade|alpercata|35138000|1,-1899223,-4199095;5,-8,6;10,-11,7;20,-9,16;25,-57,68;30,45,-54;35,-6,2;40,0,5;50,-5,3;52,-4,8;55,-17,28;60,13,-30;65,-8,23;70,5,-14;71,-3,3;80,-8,-14;90,-7,15;100,-3,12;102,-3,8
avenida||altino marques|era nova|35138000|26,-1895210,-4195650;40,-15,6;45,3,0;50,-18,7;55,-1,18;60,-7,-10;65,-3,22;81,-604,400;82,-16,6;83,-61,8;84,-24,-3;88,267,-114;90,-158,104;91,26,-18;95,545,-369;100,-22,1;105,15,7;115,-7,2;145,-14,8;155,-14,19;170,-16,-17;171,-4,22;200,-26,4;204,26,-15;210,-30,19;225,19,-2;235,-11,14;245,-74,47;250,21,-28;260,-14,11;265,-28,34;266,16,-22;267,-20,25;269,-12,10;271,6,-8;309,-64,49;320,35,-39;350,-64,47;355,2,9;363,-8,5;365,-7,0;370,1,-7;374,-4,2;375,75,-44;385,-14,14;395,-9,5;405,-80,53;407,-12,8;410,33,-29;416,-36,24;423,-24,25;445,-20,18;455,-10,8;590,-69,36;654,68,-47;860,1,-15;903,-55,56
avenida||amazonas|alpercata|35138000|10,-1899019,-4198978;20,14,2;30,23,-1;35,112,35;38,-121,-34;50,11,0;65,170,59;70,-3,4;80,-2,-10;100,-134,-60;105,-3,4;107,-3,13;110,22,-15;155,111,51;165,16,15;177,8,-2;180,-117,-30;260,169,59
avenida||brasil|vila eugenio|35138000|15,-1898161,-4198218;225,22,13;235,12,-5;260,-32,15;270,2,5;379,-3,-11
avenida||isidoro nalon|vila eugenio|35138000|52,-1898097,-4198414;148,11,-15;150,-10,5;170,-2,14;173,5,-2;174,-22,27;176,2,-15;180,-8,7;184,-5,15;185,0,4;220,-8,0;240,-11,21;250,-8,2;260,-7,-2;270,-4,27;280,-10,-1;290,-4,3;303,5,4;305,2,4;325,-39,38;350,-1,5;360,-8,8;365,24,12;370,-33,-4;380,4,9;388,10,6;395,-23,8;415,-2,3
avenida||jose alves pereira|alpercata|35138000|115,-1898931,-4199020;117,14,19;195,-111,-46;203,12,1;220,11,4;225,4,-4;226,-3,-2;235,21,3;245,11,-3;255,23,5;290,10,-5;292,11,-14;300,11,5;305,0,-3;314,573,210;315,-563,-212;320,-4,11;325,8,-7;345,13,4;350,23,3;355,-12,3;365,11,-4;375,10,2;385,12,-3;395,10,4;405,10,1;410,-26,1;420,20,4;425,16,-1;435,17,-4;440,-30,36;445,38,-25;450,-24,-6;455,24,9;460,-10,-5;465,20,-3;470,-10,6;475,12,-2;480,-2,5;485,28,-6;495,6,3;505,8,1;510,-8,9;515,16,-3;520,-4,0;530,2,8;545,27,-7;549,5,8;550,-9,5;556,18,-7;560,2,1;565,1,-5;570,6,0;575,20,2;580,-11,10;595,22,-6;600,-15,10;605,15,-4;610,2,9;620,10,3;625,6,-8;629,18,10;630,-3,-6;631,-4,1;640,17,10;655,9,-4;685,16,6;690,-3,3;695,7,1;700,6,8;710,18,9;730,21,11;735,-5,-4;745,13,6;750,3,19;755,3,-20;760,8,6;765,7,8;775,13,5;780,-8,-5;785,16,9;790,-10,-4;795,11,-13;800,0,19;810,10,7;830,2,2;840,19,2;850,1,11;860,9,19;880,30,1;890,5,5;910,10,6;920,5,5;922,20,6;930,6,12;932,4,-2;934,4,2;980,-50,-24
avenida||raimundo garajau|alvorada|35138000|7,-1899814,-4200857;127,-162,-74;160,69,27;169,-161,-48;175,148,46;176,-42,-17;177,31,10;178,-31,-13;180,24,12;182,-26,-10;187,-96,-30;194,107,30;197,94,45;215,-132,-57;302,-33,-14;350,8,-1;366,-87,-22;370,-23,-2;386,-12,1
avenida||rio bahia retorno|era nova|35138000|1,-1895105,-4195531;4,180,151;5,-11,-1;21,-169,-150;50,199,180;100,-64,-89;120,-142,-181;370,94,126;372,22,29
avenida||vitoria martins alves|vila eugenio|35138000|10,-1897874,-4198330;20,-30,53;30,39,-40;40,-9,5;60,-11,3;65,-14,24;70,18,-13;76,-11,7;80,-11,-2;87,4,6;90,6,6;95,-135,149;100,128,-145;110,-20,16;120,2,-13;125,1,10;130,-6,2;135,-18,21;160,-5,1;165,-12,7;170,8,1;175,0,8;180,2,-2;185,-4,5;190,5,7;195,-1,-3;230,-31,35;235,1,-3;260,-25,33;263,95,-96;267,-24,-4;270,-80,100;271,12,-10;315,-21,42;325,-11,6;330,-2,-5;340,-8,3;345,5,6
beco||artur bernades|vila eugenio|35138000|35,-1898284,-4198314;55,13,-15;65,-1,1
beco||dois|alpercata|35138000|34,-1899154,-4198895;35,14,-6;167,-40,-8;170,8,16;175,-34,-29
beco||f|era nova|35138000|51,-1895582,-4195236;58,53,-12
beco||o|era nova|35138000|76,-1895475,-4195831;92,-11,-27
beco||pernambuco|alpercata|35138000|15,-1898546,-4198917;25,13,9;43,-7,-3
beco||tres|alpercata|35138000|3,-1899109,-4198941;45,-43,17;53,23,-10;55,-8,7;128,11,-9;155,-44,23
beco||um|alpercata|35138000|69,-1899103,-4198970;77,2,10;79,-2,8;99,4,9;105,3,15;107,1,-4;110,-2,-1
corrego||agua limpa|terras do alphaville|35138000|310,-1893398,-4195090
corrego||boa vista|corrego boa vista|35138000|33,-1899354,-4203471
corrego||do esgoto|corrego do esgoto|35138000|185,-1895534,-4196126;201,-3,24;246,-8,0
corrego||do esgoto|era nova|35138000|185,-1895537,-4196120;201,-10,14
entrada||corrego do esgoto|corrego preto|35138000|245,-1899832,-4200142
escada||clementina soares|alpercata|35138000|180,-1899127,-4198744;190,22,-13;200,-17,13;206,7,-5;210,3,3;220,3,8
escada||vinte e seis|alpercata|35138000|33,-1899183,-4198772;104,-18,38;110,25,-40;130,-10,11
escadinha||01|alpercata|35138000|24,-1899387,-4199136;70,-53,-56
estrada||corrego dos martins|corrego dos martins|35138000|30,-1895986,-4197399
estrada||corrego preto|corrego preto|35138000|140,-1899046,-4205070;778,-697,-537
estrada||da embratel|alpercata|35138000|40,-1899982,-4199739;50,-8,-7;60,-3,-9;70,-8,-3;80,30,19;85,-47,-35;90,26,24;95,-31,-40;100,-1,0;104,-8,-10;105,-3,7;110,-6,-15;115,-5,13;120,-4,-18;125,-1,13;130,-5,-17;135,-6,8;140,-1,-9;145,-7,8;150,-3,-15;155,-3,10;160,0,-12;165,-9,9;170,-2,-14;175,-5,9;180,-4,-17;185,-4,7;190,-1,-8;200,-7,-2;210,-13,-12;220,-5,-4;230,-11,-1;240,-11,-9;250,-13,-2
estrada||da embratel|corrego preto de baixo|35138000|1263,-1899820,-4201116
praca||clemencia vieira dutra|acampamento|35138000|25,-1899875,-4199988;45,29,39;55,-7,-23;65,3,3;95,9,25;105,28,-1;115,-62,-46;125,4,-4;275,3,-27;277,1,-2
praca||homero melo|alpercata|35138000|1,-1899387,-4199241
praca||paulo vi|alpercata|35138000|2,-1899331,-4198946;4,-2,7;5,14,-19;10,-2,24;15,0,-14;23,17,-36;25,-24,75;35,-29,-18;67,40,-32;110,7,-24;120,2,7
rodovia||br 116|alpercata|35138000|40,-1899584,-4198508;60,-3,32;62,4,3;70,0,7;72,-4,1;80,6,8;82,0,2;90,12,45;100,-61,-86;270,116,-234;280,-13,17;296,5,19;298,-6,0;300,-7,5;302,3,1;310,-7,6;320,2,2;400,-15,110;404,0,4;480,13,56;484,4,16;785,-6,-166
rodovia||br 116|era nova|35138000|71,-1895438,-4195982;147,270,355;157,12,13;167,-16,-20;197,30,21;1002,-215,-265
rodovia||br 116|vila eugenio|35138000|2,-1897795,-4198298;5,-15,-10;10,-21,-19;11,10,10;15,-18,-18;35,-95,-67;60,139,104
rodovia||retorno|era nova|35138000|49,-1895216,-4195695;115,20,-37;120,-16,-15;160,-33,-60;166,-27,49;196,61,75;880,7,16
rua|governador|valadares|era nova|35138000|103,-1896122,-4195770
rua|governador|valadares|vila eugenio|35138000|145,-1898085,-4198440;155,-7,-3;175,-6,-16;185,-5,-3
rua|intendente|sales|alpercata|35138000|35,-1899336,-4198896;40,-7,0;50,-7,6;55,-4,10;60,-12,-2;65,9,8;70,-4,0;75,-3,14;78,0,-9;80,-3,2;85,-7,16;90,0,-1;93,-5,1;100,-10,3;105,-8,18;110,10,-7
rua|presidente|vargas|vila eugenio|35138000|20,-1898028,-4198155;25,-55,-47;26,-1,-3;30,-9,-5;32,-1,-2;37,91,90;38,10,2;40,-9,-10;51,-173,-154;60,147,131;125,-13,-5;135,-11,-8;145,5,-4;155,-16,-5;165,-5,0;169,5,-4;175,-11,-12;185,-8,-7;205,-10,-9;215,-10,-6;216,4,-3;217,-15,-8;230,-5,-12;240,-19,-11;241,6,11;243,-8,-4;245,-3,-5;247,-15,-11;280,-9,-21;300,-14,-17;335,-27,-6;345,-7,-9;400,-15,-20;405,-15,2;406,12,-10;410,-16,2;415,-2,-1;420,-3,-11;425,-7,5;439,3,-1
rua|professora|terezinha sarmento de oliveira rua e|era nova|35138000|165,-1895545,-4195462;170,-17,-3;180,-5,2;218,-26,-53;220,9,16;222,8,9;267,-8,1;269,-5,-7;271,-12,-13;277,1,-7;295,82,140;296,5,-10;298,11,15;301,11,34;305,-35,-51;306,5,-8
rua|professora|terezinha sarmento de oliveira|era nova|35138000|283,-1895627,-4195563;287,-8,-1;291,3,-1;315,-20,-23;335,-1,-6;360,7,-2;390,-2,-4;395,-15,-6;400,9,-19;420,-9,1;430,-2,-1;445,-4,1;450,-16,-41;475,-35,-40;485,-4,-4;495,0,6;500,3,-15;505,-17,-11;510,10,3;520,-8,-2;521,31,50
rua|vereador|ailton mendes pereira|alpercata|35138000|15,-1898526,-4198990;25,12,-6;35,-43,8;50,13,12;60,25,-17;70,76,14;80,-68,-17;100,19,9;110,8,-3;130,5,5;140,13,6;150,9,-4;160,9,2;170,2,2;200,24,0;210,-3,-5;220,8,2;230,-8,-6;240,16,-8;250,8,-4;260,3,-5;270,9,-7;280,-4,4;290,12,-8;300,4,-6;310,7,-1;320,3,-12;330,2,-6;335,2,-2;340,4,-3;350,5,-8;360,7,-10;370,1,-3;380,4,-12;390,4,-9;410,10,-22
rua|vereador|antonio sales|alpercata|35138000|4,-1899297,-4199047;7,2,-2;10,2,-1;15,-1,-7;20,-2,-17;25,-9,1;30,9,-10;35,-18,11;40,1,-19;43,2,3;45,4,-11;50,-6,2;55,6,-9;60,-11,-2;65,-4,-9;70,5,1;75,2,25;80,-17,-43;85,-2,8;90,-1,-18;91,-2,1;95,-11,-14;105,3,0;110,-3,-3;115,-4,3;120,12,-26;125,-6,7;130,-14,-10;140,0,-4;150,-8,-16;156,-11,-1;160,6,-9;166,-10,3;170,-1,-8
rua|vereador|fani|alpercata|35138000|5,-1899257,-4199081;10,9,-7;13,-65,-80;14,53,77;15,1,-4;20,-8,-5;25,3,-2;30,-9,-11;35,9,9;40,-17,-14;45,2,10;50,17,23;60,-33,-47;63,0,1;70,0,-9;80,0,0;90,-15,-11;100,3,-4;110,-6,-6;120,-8,-7;130,-11,-10;140,-7,-8
rua|vereador|jose contin sobrinho|acampamento|35138000|16,-1899869,-4200012;20,9,7;40,10,29;50,6,6;70,10,8;90,6,17;96,7,-3;104,17,17;110,-63,-62;130,0,-21;140,4,-5
rua||acre|alpercata|35138000|40,-1898893,-4199005;60,-6,18;165,2,1;175,-2,12
rua||afonso pena|vila eugenio|35138000|35,-1898010,-4198190;36,58,41;38,-6,-4;40,5,8;55,-10,-2;56,-135,-121;60,139,113;65,-12,-13;73,9,18;140,-58,-55;145,-5,3;150,4,-8;175,-26,-9;185,-6,-5;195,-4,-6;205,-4,-7;215,-15,-7;217,-10,-19;220,-15,-3;230,44,34;250,66,54
rua||alagoas|alpercata|35138000|20,-1898872,-4198901;25,13,-11;30,-7,10;35,17,-21;40,-15,17;50,14,-6;60,3,-6;191,-32,26
rua||alicia amelia de sa|alpercata|35138000|21,-1898906,-4198689;25,16,14;26,-56,-45;35,47,35;60,2,5;80,8,6;90,7,5;100,12,12;132,-4,-5
rua||amapa|alpercata|35138000|42,-1898614,-4198964;50,1,14;60,-1,11;70,-1,5;80,-3,15;83,9,-14;660,11,-52
rua||arthur bernardes|vila eugenio|35138000|3,-1898305,-4198294;5,7,-8;15,1,0;63,7,17;170,16,23;195,23,23;205,-4,1;215,-4,-7;220,-35,-52;221,7,13;235,-1,-6;265,9,13;290,-11,-19;300,2,2;410,42,51
rua||artur coimbra sobrinho|alvorada|35138000|3,-1899983,-4200888;45,11,9;75,-11,-1;125,-81,-44;130,96,50;150,-176,-58;155,65,8;215,-114,-20;320,19,3
rua||a|era nova|35138000|57,-1895000,-4195118;69,-16,9;79,-1,3;89,-5,5;414,41,-37
rua||belo horizonte|alpercata|35138000|8,-1898663,-4198995;10,-3,11;14,-7,22;95,1,10;99,-4,15;103,4,4;105,-4,3;115,-2,14;118,1,-7;130,-5,25;140,1,-4
rua||bom jesus|alpercata|35138000|3,-1899318,-4198895;5,4,1;10,-11,-3;30,49,11;35,2,5;40,11,1;45,5,-4;77,35,8;80,0,5;90,8,2;95,8,-2;100,-4,2;105,12,0;115,9,7;120,-12,-3;125,31,6;128,-25,-4;130,5,-4;135,24,1;138,-13,5;155,39,5;165,13,2;175,9,-8;180,-36,11;190,9,-1;200,10,1
rua||bomfim|corrego do bonfim|35138000|9,-1898841,-4195317
rua||bougainville|chacara oasis|35138000|10,-1894106,-4199769;16,-106,-347;18,-3,-16;33,-43,-116;60,22,72;75,112,394
rua||cafe filho|vila eugenio|35138000|17,-1897925,-4198162;36,10,-10;55,8,-24;85,-18,38;90,-12,12;105,-4,-3;125,-13,27;130,-10,8;135,12,8;145,-8,15;155,-17,-12;160,-4,13;161,-8,2;165,21,-22;170,-17,25;185,-11,15;205,-1,1
rua||carlos luz|vila eugenio|35138000|25,-1898049,-4198191;33,-8,10;170,0,-17
rua||castelo branco|vila eugenio|35138000|2,-1898123,-4198509;30,-18,-1;50,-7,12;82,-103,137;90,93,-122;140,-61,75;144,-3,8;170,4,0;174,-27,20;230,115,-131;440,-54,45
rua||celi rodrigues|alpercata|35138000|64,-1898896,-4198710;67,4,1;77,32,-34
rua||clementina soares|alpercata|35138000|15,-1899228,-4198851;25,8,5;29,81,94;30,-92,-101;32,9,10;35,6,3;40,0,1;45,-13,26;50,27,-13;55,2,1;60,-6,1;65,11,7;70,1,2;75,11,6;80,-9,-1;85,-16,30;90,26,-23;95,9,7;100,-11,-3;105,18,7;110,-1,2;120,6,7;125,8,8;130,-5,-3;135,9,8;140,-4,-5;145,8,9;150,-1,-8;155,7,18;160,-2,-5;170,5,10;180,-16,-93;280,21,78;300,-3,-23;305,-11,-31;310,-3,-3;315,0,-6;335,-12,-20
rua||clovis a campos|alpercata|35138000|9,-1898842,-4198712;15,-4,0;16,8,-8;20,-4,5;22,-14,19;25,12,-11;45,-19,21;55,-8,1;56,5,-7;66,-7,4;76,3,3
rua||clovis marques|era nova|35138000|7,-1894804,-4195130;9,-2,92;10,-74,64;12,-58,22;16,-287,-204;17,8,26;20,26,76;21,15,37;22,16,49;25,-161,-310;30,80,77;31,9,25;32,15,43;33,1,12;36,34,100;37,14,45;39,13,23;43,101,50;44,96,-35;45,43,-22;57,-320,-230;58,287,245;82,-371,-376;105,-45,-61;115,-8,-13;135,-15,-22;145,-7,-10;159,-10,-14;163,-6,-7;165,2,-6;167,-11,-16;189,-59,-89;210,32,33;246,-7,-1;300,85,126;303,-64,-102;355,-177,-277;372,31,53;477,50,96;487,0,-16;497,-3,-5;500,-15,-34;507,6,26;534,-49,-74;548,-20,-50;557,51,87;561,-29,-45;568,-24,-37;573,-5,3;575,-4,-14;576,5,2;577,-9,2;578,11,1;588,-6,-16;649,172,285;650,2,-8
rua||costa silva|vila eugenio|35138000|20,-1898114,-4198468;25,-12,10;32,-44,55;34,-11,6;36,-3,19;45,54,-67;50,-2,-4;54,-110,156;55,-24,-23;60,125,-118;65,-43,31;75,35,-19;85,6,12;90,-10,-8;100,-10,12;105,5,6;109,-10,-5;110,13,-1;115,-18,17;120,-6,1;125,-3,3;130,-35,44;135,28,-37;145,-5,3;146,13,-9;150,-14,16;155,5,-2;165,-12,16;170,3,-6;173,-3,12;180,-6,7;185,-5,-3;210,-70,81;225,48,-48;230,-32,-6;245,21,11;249,-9,13;250,1,1;256,2,7;260,-3,-3;275,-6,6;285,4,27;360,35,-69
rua||cristiano flores|alpercata|35138000|5,-1899229,-4199070;7,3,12;10,-8,-26;15,16,45;16,2,-27;20,-16,-15;25,29,49;30,8,-28;35,-1,36;50,-2,2;60,1,7;65,21,34;70,-9,-26;80,9,11;90,-2,7;105,13,14
rua||curitiba|alpercata|35138000|40,-1898818,-4198994;55,-16,28;57,3,-14;60,-7,-6;65,9,1;100,-21,26;105,15,13;110,-9,-3
rua||das acacias|chacara oasis|35138000|11,-1894168,-4200051;999,155,-62
rua||das orquideas|chacara oasis|35138000|3,-1893923,-4199862;4,7,20;8,13,45;15,-77,-287;22,36,141;9999,16,21
rua||do cemiterio|alpercata|35138000|30,-1899132,-4198823;40,0,0;64,26,16;70,0,0;80,5,7;90,11,5;94,2,-1;100,11,7;120,8,8
rua||d|alpercata|35138000|7,-1899042,-4198906;10,100,36;12,-51,-18;15,42,15;18,-197,2;20,84,-4;25,-76,-19;30,-1,11;33,-2,1;35,222,30;40,-213,-42;45,-1,-5;47,-9,16;49,-9,16;50,29,-34;60,99,-2;72,-75,-8;100,11,-8;101,23,5;102,1,1;110,-13,5;111,24,-9;112,6,9;114,23,6;118,11,8;122,12,-3
rua||edmundo araujo|era nova|35138000|35,-1895421,-4195347;36,-2,-16;47,-13,-12;50,-5,-19;51,-4,11;60,-1,-19;64,0,0;65,3,13;70,-7,-20;75,-20,3;80,14,-14;85,-12,2;90,6,-12;185,-41,-67;194,-25,-29;204,-16,-20;205,30,51;215,-3,-14;260,-4,-7;365,41,85;370,-94,-169;380,-3,-13;384,-2,-2;390,-8,-9;395,-10,-4;410,2,-9;415,-19,-11;417,3,5;419,-6,-18;420,15,8;444,-10,-11;451,-24,-26;460,-15,-25;469,-13,-19;480,-8,-31;490,-5,-5;510,-23,-43;548,18,48;555,-10,-9;560,-15,-17
rua||elias marins|alpercata|35138000|5,-1898904,-4198740;9,-10,0;10,32,-37;14,-40,44;15,-4,8;18,45,-43;23,-14,8;28,9,-6;33,-14,2;35,-5,12;38,12,-5;48,-4,1;68,-20,16;75,-15,11;78,10,3
rua||eliezer correia da silva|alvorada|35138000|20,-1899965,-4200963;82,-62,-31;89,-19,-6;95,-6,-2;102,49,23;104,-67,-25;110,35,20;119,-48,-23;122,19,5;124,37,16;130,-25,-20;134,-38,-9;190,-75,28;215,228,39;217,-19,-11;250,-256,-2;260,-15,14;395,61,-12
rua||espirito santo|alpercata|35138000|173,-1898739,-4198835;250,23,-30;260,-5,5;270,-10,11;280,-22,16;285,8,6;305,-23,35;335,-16,6;340,-8,-8;345,1,12;350,-3,-4;355,-7,11;360,-6,-1
rua||e|alpercata|35138000|35,-1899241,-4198823;45,-4,6;55,-5,14;75,-9,7
rua||felicio de paula|centro|35138000|7,-1899143,-4198995;35,29,-7;36,-10,-11;72,11,10;100,-23,-2;120,34,-25;140,-16,28
rua||f|era nova|35138000|38,-1895843,-4195788;41,312,507;45,-13,-18;73,-9,-13;101,-11,-15;111,-4,-14;114,6,-17;124,0,20;125,-74,-127;165,29,52;173,15,23;175,-6,-13;185,-18,-22;235,-73,-96;245,2,-20;255,-14,5;267,-5,-19;278,-8,-1;288,-1,-15;366,36,41;374,-19,-19;377,12,16;384,-14,-35;386,20,28;390,-17,-6;398,-13,-27;440,-32,-46;445,-4,-1;450,-6,-13;460,-23,-1;465,8,-16;470,7,-7;480,-3,-4;490,-2,-12;500,-10,0;510,-5,-12;514,257,408;520,-256,-413;530,-11,-1;537,2,11;539,9,9;540,-15,-28;547,-23,-27;571,-19,-40;572,-15,-19;582,0,-13;593,1,16
rua||hermes da fonseca|vila eugenio|35138000|10,-1898134,-4198180;23,133,113;33,-7,-5;40,-10,-2;50,-2,-11;55,-68,-55;57,10,2;59,4,4;60,-58,-37;63,72,48;64,-5,0;67,30,30;73,-22,-38;75,-8,0;77,37,40;135,-88,-77;157,35,34;180,-61,-52;195,43,31;205,-36,-19;210,-5,-12;240,2,2;330,70,56;340,7,12;350,0,-7;364,-56,-55;372,0,0
rua||h|era nova|35138000|5,-1895601,-4194925
rua||ibrain pereira medina|era nova|35138000|49,-1895738,-4195200;50,21,32;51,14,19;55,63,101;56,10,18;59,48,67;60,21,31;61,-4,8;242,-90,-136;252,2,6;350,84,128;360,4,3
rua||ipanema|chacara oasis|35138000|10,-1893494,-4199731;11,-44,10;15,141,-58
rua||irlanda|chacara oasis|35138000|6,-1893887,-4200601;13,8,113;14,2,29;17,-1,-169;20,-1,-81;23,24,303;24,0,0;137,105,379;160,26,50
rua||islandia|chacara oasis|35138000|6,-1893920,-4200268;9,6,55;13,18,53;18,27,124;19,16,23;20,16,14;22,40,193;78,36,65;80,-70,-181
rua||izauro tolomeu|alvorada|35138000|20,-1900016,-4200854;45,14,3;60,-90,-27;80,-11,-1;136,-30,-15;160,-29,-1;195,-24,-8;220,-22,1;230,0,-6;330,195,54
rua||joao belmiro de assuncao|alpercata|35138000|15,-1898547,-4198941;16,-23,5;23,15,6;41,-19,16;45,-8,8;47,-3,-1;49,-16,-5;88,-30,8;107,9,-3;115,-16,15;120,-11,-10;125,6,4;135,-16,1;150,45,-9;167,-62,46
rua||joao jose pinto|vila eugenio|35138000|15,-1897894,-4198328;27,-30,-21;30,2,-12;40,-12,-3;46,1,2;50,-6,-2;244,44,42
rua||joao martins de lima|alvorada|35138000|1,-1899885,-4200738;18,1,-11;21,-2,-14;26,-87,-279;56,89,263;72,1,-21;76,3,-16;85,-2,-9;95,-12,-31;100,7,22;120,-3,-30;130,6,24;135,-2,44;171,-15,-81;172,-3,-7;175,0,-10;190,-9,-24;207,-13,-18;208,6,1;216,-5,-6;224,-1,-3;244,-10,-18;246,-8,-27;260,4,17;264,-7,-22;272,-11,-18;300,5,8;311,-34,-51
rua||joao vieira do nascimento|era nova|35138000|93,-1895982,-4195747;98,263,417;106,-20,-43;108,1,-4;114,-10,-14;115,0,21;130,-74,-124;150,-190,-297;152,231,347;156,-3,-3;184,40,86;195,-48,-97;199,2,11;201,-9,-10;207,-12,-13;209,-1,2;225,-5,-17;230,-138,-228;235,116,206;237,-160,-273;257,-23,-38;270,89,139;286,-16,-18;290,-2,-3;305,95,155;311,-92,-152;313,-11,-13;315,43,66;335,-64,-94;410,194,292;800,-256,-399;1301,3,17
rua||joel geraldo|alpercata|35138000|5,-1898942,-4198740;10,7,-14;95,87,-68;110,-38,16;150,-15,18;210,33,-42
rua||jose acacio bento|acampamento|35138000|10,-1899869,-4200038;15,7,-6;30,10,-14;35,-11,6;40,5,-8;50,15,-16
rua||jose alfredo honorio|alpercata|35138000|20,-1899204,-4198811;31,2,11;39,-10,6;40,-6,5;45,-13,17;50,6,-1;55,1,-2;60,-1,2;80,-12,5;95,11,11;105,-10,6;115,-1,7;125,-4,-2
rua||jose antonio souto|acampamento|35138000|5,-1899881,-4200030;15,-6,-13;35,-11,-11;40,16,8;50,-22,-19;55,4,-2;60,-19,-15;85,-10,2;90,2,-9;95,-16,0;100,6,-4;110,-11,-3;115,-3,4;120,-8,-14;125,-10,7;135,-41,-36;150,32,24;155,8,4;205,-32,-27;210,-16,-1;215,6,-19;225,-12,18;230,-20,-11;245,-3,-17;255,16,20;290,-25,-9;300,1,-1;310,-6,-1;320,-13,0;325,1,-3;330,-15,-5;335,-15,-13;340,-53,-20;345,46,23;355,-13,-5
rua||jose basilio|alpercata|35138000|3,-1898870,-4198780;5,32,34;7,26,27;9,-3,5;11,-58,-79;15,-18,-5;27,18,3;33,16,23;35,14,23;80,-14,18;84,-28,13;270,58,-23;275,17,22
rua||jose cirino de oliveira|alvorada|35138000|3,-1899854,-4200723;12,-18,-4;137,-152,-79;250,-84,-33;322,-132,-53
rua||jose matildes vieira|alvorada|35138000|42,-1899839,-4200750;48,-3,-34;73,0,-24;75,-4,19;77,4,-22;133,1,-19;134,2,-15;155,-4,-7;165,-4,-12;176,3,-14;184,-4,-4;192,-1,-4;200,-7,-14;213,-7,-4;216,5,-3;218,-21,-6;232,13,-15;240,-4,-4;245,-8,0;248,5,-7;252,-3,-2;256,8,-6;257,-14,5;265,-5,-14;267,7,14;273,-12,-20;275,-6,-14;277,3,12;279,-6,-16;281,-3,-6;282,14,18;310,-38,-24;332,15,-19;375,-29,-38;385,-5,-14
rua||jose vitirino|alpercata|35138000|3,-1899020,-4198870;5,-13,-10;6,-14,1;10,-21,-11;20,-16,5;40,-12,2;50,-17,-8;60,1,23;70,-3,-3;150,74,99;158,21,3;168,11,7;175,-105,-101
rua||jose vitirino|centro|35138000|8,-1899068,-4198890;9,70,24;15,-73,-14;19,31,3;25,-47,-7;40,83,15;55,-100,-17;125,50,105;185,-69,-64
rua||k|era nova|35138000|7,-1894926,-4195107;9,4,0;22,-14,17;35,5,0;42,-4,-34;58,-40,-38;90,9,2;153,-33,-32;154,-7,-10;155,-3,-1;159,-3,-7;160,1,-2;165,-17,-16;166,-1,-2;180,-684,155;229,664,-180;239,-13,-13;242,1,-4;440,83,209;450,-2,2
rua||leblon|chacara oasis|35138000|2,-1893541,-4200099;4,9,39;12,40,142;16,28,95;30,-75,-265
rua||lino getulio machado|alpercata|35138000|10,-1899235,-4198964;15,-21,14;20,13,5;25,0,-16;30,-8,15;35,-5,-12;40,5,11;45,-7,-13;50,0,21;55,-7,-10;60,-20,59;70,10,-25;75,-5,0;80,4,5;85,-24,-2;90,12,8;95,-2,3;100,-7,18;110,-8,11;115,-34,48;120,27,-41;125,-8,3;130,4,12;135,-10,-3;140,2,12;150,-5,9;170,-15,16;180,0,4
rua||l|era nova|35138000|65,-1895023,-4195131;68,-8,0
rua||magalhaes pinto|alpercata|35138000|3,-1899226,-4199102;5,11,-1;10,10,2;20,16,2;25,15,-5;30,-6,4;35,10,8;40,-5,-2;41,10,2;43,11,6;45,0,0;50,-11,-8;60,8,18;64,15,-5;65,4,14;70,-4,-8;75,12,7;80,-13,7;85,21,-1;90,-1,2;95,4,1;100,-1,1;105,15,7;110,-16,-2;115,23,5;135,7,2;140,-1,4;150,24,21;155,-5,-28;160,2,-2;165,20,5;170,-19,-5;175,22,4;180,7,5;185,-1,-2;190,3,9
rua||manoel francisco souza|alpercata|35138000|5,-1898783,-4198732;9,-228,-151;10,197,177;11,-159,-148;13,-3,9;14,9,-9;15,-4,15;20,-36,53;25,63,-38;27,-16,-3;30,-36,25;35,56,-24;40,-29,16;50,-28,0;60,2,-6;70,21,-5;80,-31,55;165,-2,-8;170,4,12
rua||manoel joao da silva|vila eugenio|35138000|15,-1897876,-4198196;35,-21,-20;38,10,7;40,-15,-9;45,-9,6;50,2,-11;55,-19,9;60,19,-30;61,-6,2;65,-2,10;110,37,27;125,-71,-61;130,-2,-2;135,-3,-3;145,-15,-2;150,6,-1;155,-10,-6;160,2,-6;170,-9,-10;180,-9,4;185,-7,-5;190,-31,-27;195,30,20;197,1,-8;200,-31,-26;210,-5,1;215,21,20;217,-14,0;220,-13,-25;225,14,13;235,-17,-10;245,-6,-1;255,-7,-9;260,-6,-8;265,-2,-2;275,1,-6;280,4,6;285,-10,-9;290,-1,8;295,-9,-19;305,-9,-2;320,-9,-17;330,-2,0;371,-30,-14;381,-1,-5;450,-64,-49;460,-3,-12;470,-19,-17;495,-1,5;505,2,-18;506,-1,1
rua||manoel lopes|alpercata|35138000|15,-1899233,-4198986;25,13,10;30,-3,13;45,15,17;50,-6,1;55,7,3;60,-1,12;75,12,-8
rua||manoel pedro da cunha|era nova|35138000|13,-1895230,-4195300;69,-269,-438;86,211,351;140,21,26;220,-131,-232;240,39,79;246,23,39;248,-5,-6;250,-10,-10;270,29,53;272,2,-1;274,-74,-124;275,-8,3;276,5,-13;280,-7,-7;290,1,-1;310,-11,-26;315,-8,7;320,12,-14;324,-54,-66;330,40,61;334,-42,-62;335,-2,7;336,15,13;339,-17,-19;340,40,58;341,-43,-68;344,4,-10;345,-12,16;354,5,-21;384,-18,-26;555,-14,24;571,-48,-91;648,11,-17;755,-17,6;760,13,-14;768,-14,11;775,-19,-16
rua||maranhao|alpercata|35138000|6,-1898792,-4198742;10,-84,-99;20,58,66;30,-213,-172;40,14,4;44,189,155;45,-161,-148;50,-17,-4;60,3,2;65,172,155;70,-161,-151;75,152,127;80,-148,-124;85,145,118;95,-9,-5;102,-10,-33;105,-4,-6;110,-91,-62;120,3,2;140,18,1;170,27,12;180,15,5;190,3,-2;200,8,17;206,10,12;207,0,4;208,9,16;209,6,10;210,1,5
rua||marcelino manoel de oliveira|era nova|35138000|10,-1895185,-4195350;18,83,93;22,8,9;135,120,136;195,-254,-304;222,270,320;228,-417,-578;245,178,308;288,-177,-302;292,-5,-18;325,34,86;331,73,113;335,-5,-9;345,-3,-4;350,-6,-15;368,111,163;394,95,118;396,3,2;402,18,23;404,10,12;408,15,13;414,7,7;418,6,9;420,0,5;421,72,87;453,-338,-443;458,-5,-1;462,341,434;474,-310,-396;476,-15,-19;478,-8,-11;488,-4,-5;499,-7,-11;515,-50,-82;517,48,75;518,-2,-5;525,-52,-82;555,-15,-36;605,-33,-68;610,19,-58;615,-25,40
rua||maria evarista da conceicao|alpercata|35138000|9,-1899409,-4199209;11,0,0;13,7,11;15,13,19;19,1,4;21,7,11;23,3,3;25,13,24;26,-9,-14;35,11,13;45,1,11;53,10,24;55,4,-10;59,-6,10;65,8,1;75,4,30;85,5,-7;95,-4,1;97,2,11;125,-29,95;130,-28,77;135,-3,-1;145,22,-35;147,47,-122;149,-10,40;151,10,-28;155,-26,50;156,16,-6;165,-68,119;180,73,-146;190,-69,135;200,61,-171
rua||maria luiza marques|era nova|35138000|15,-1895607,-4195285;30,468,-249;49,-473,256;50,459,-244;55,-2,8;72,-26,14;76,-416,230;85,394,-214;87,-7,10;104,-59,33;105,-95,65;106,93,-62;108,55,-39;115,-3,9;125,-19,19;158,-20,11;159,-236,163;185,223,-155;205,0,0;240,-40,16;242,-1,4;245,4,3;250,-12,1;252,-1,-2;260,-34,25;262,28,-17;265,-565,-313;270,558,317;272,-1,25;280,-5,-18;282,-1,-2;290,2,0;292,-12,9;310,-22,11;315,-33,105;317,1,-76;320,-25,11;323,37,-29;325,-360,-258;345,306,306;351,-267,-128;366,-107,-168;367,-2,0;380,-9,-28;390,102,159;392,101,156;398,-215,-324;457,292,410;504,61,-49;580,-127,-20;618,26,44;622,10,14;645,-90,-121;647,-2,-15;649,-8,-3;655,-75,-97;657,3,-21;660,12,5;665,-8,15;670,2,-23;675,-24,-7;680,10,-18;700,-44,-71;702,45,62;720,-56,-83;730,-7,1;750,-16,-29;790,-44,-64;800,-4,-33;820,-20,5
rua||maria pessoa|alpercata|35138000|180,-1899334,-4198798
rua||maria quiteria|alpercata|35138000|15,-1899406,-4198972;18,32,-80;20,0,-4;30,-8,-19;35,-15,67;40,8,-82;45,-21,153;50,18,-159;55,-13,75;65,-4,-82;67,-11,-5;75,12,-7;85,0,-13;90,-2,-9;95,1,5;100,-7,-16;105,-6,202;110,1,-221;111,7,28;115,-9,-4;120,2,-21;123,3,204;125,4,-16;126,4,-26;127,-6,3;129,-4,30;130,-1,-195;131,-27,3;133,19,5;135,23,205;136,13,-56;140,-8,-62;141,-42,-92;145,47,153;150,-1,-64;155,-20,-15;160,43,66;165,-43,-32;170,46,29;186,-1,-24;215,-6,-19;217,5,23;221,-15,-7;228,-28,-31;240,40,21
rua||maria vasconcelos marques|era nova|35138000|21,-1895995,-4195655;22,7,5;80,-43,-51;81,259,401;100,-231,-353;101,-26,-39;102,-36,-58;242,194,293;246,-32,-29;436,-153,-256;442,-10,-7;446,-6,-19;525,17,-78;910,297,560
rua||m|era nova|35138000|60,-1895938,-4195799;65,-11,14;68,-7,-2;70,-10,11;112,-57,37;122,-3,3;127,-11,10
rua||n|era nova|35138000|18,-1895652,-4195843;19,-63,8;30,-47,16;36,-2,4;40,-185,185;75,40,-22;82,16,-14;86,6,-3;90,-14,9;285,55,-41;287,0,0;290,18,0;540,49,-33;602,-9,-5;812,268,-138
rua||otavio jose soares|alpercata|35138000|8,-1899047,-4198946;45,-21,-28;55,-6,-9;57,-7,7;69,-25,3;75,-63,50;87,42,-43;105,-20,10;115,-10,11;125,-14,4;135,1,3;145,124,-37;155,-201,121;175,53,-73;190,-28,22;195,12,-3;210,-23,11;215,9,0;220,-13,4;260,-16,20;265,-5,28;279,-6,2;280,-1,12;285,-2,-4;290,-4,7;295,-4,-16;300,0,29;303,-7,-7;305,-1,11;310,2,1;320,-9,10;325,0,10;330,-6,-4;335,12,-6;340,-15,18;345,2,2
rua||o|era nova|35138000|7,-1895428,-4195810;8,17,-18;10,15,-7;11,-73,33;25,51,-18;26,0,-2;28,-29,15;45,-9,9;47,15,-5;64,55,-30;110,-370,234;146,372,-229;204,-237,139;220,-48,25;221,77,-42;230,-55,36;236,-43,26;240,-37,19;251,66,-28;255,8,-5;260,-45,7;339,-70,73;360,15,-12;370,188,-144;372,-182,144;390,-68,32;395,-21,26;397,77,-48;442,79,-74;483,-82,65;485,-8,8;505,-76,60;509,449,-312;515,-462,318;575,375,-262
rua||paraiba|alpercata|35138000|15,-1898789,-4198886;35,-16,16;40,-11,0;60,-10,21;70,-9,7;75,7,1;85,-7,-2;145,54,-41
rua||paulino alves|alpercata|35138000|5,-1899219,-4199032;7,-3,10;9,-8,7;10,-13,27;11,-8,-13;13,-6,5;15,-8,11;20,-9,11;25,2,-6;30,4,-3;38,25,-34;40,-39,40;42,39,-32;44,-5,5;45,-47,43;46,51,-30;48,-11,-3;101,-45,22;102,-5,3;120,8,4
rua||paulo geovane de sa|alpercata|35138000|8,-1898799,-4198912;60,27,-52;70,-6,20;76,13,-39;90,-3,-10;105,-1,-11
rua||prudente de morais|vila eugenio|35138000|35,-1897920,-4198297;40,-7,0;75,-22,-13;80,-2,-7;85,-4,-1;90,5,3;95,-15,-17;105,-10,4
rua||p|era nova|35138000|5,-1895392,-4195678;10,-34,15;30,17,-7;35,-8,3;40,-5,3;96,-36,20;98,1,0;100,-6,5;110,2,7;115,-16,8;116,-4,1;117,-1,2;118,-4,7;119,-5,-1;120,-3,3;121,-1,3;130,-19,1;140,-6,5;145,10,19;155,-14,0;160,-12,-1;170,-8,6;175,-26,17;245,-18,19;255,-5,7;275,-28,17;277,-4,2;291,-15,10;301,-4,3;303,-3,4;305,-6,13;307,-59,33;313,36,-23;315,4,-1;330,-36,10;332,13,-10;338,56,-43;348,-6,7;350,-38,29;352,-59,44;355,18,-2;360,-22,3;362,47,-33;365,-41,39;370,-13,-2;372,7,14;374,-1,7;375,-7,-6;376,-8,-11;380,-1,6;545,-7,17;565,-16,12;570,-27,0;575,16,-3;583,-10,11;585,-6,7
rua||q|era nova|35138000|85,-1895176,-4195456;87,-22,-52;90,-6,7;93,-3,-13;95,3,1;105,-8,-10;110,35,45;122,32,60;125,4,8;140,-72,-105;150,-15,-20;160,-15,-24;165,27,26;170,-27,-15;174,1,-9;175,16,8;185,-1,5;186,66,108;190,-93,-143;195,31,43;370,94,142;380,2,8
rua||rio grande do norte|alpercata|35138000|8,-1899039,-4198955
rua||rio grande do sul|alpercata|35138000|190,-1899032,-4199021
rua||rodrigues alves|vila eugenio|35138000|33,-1897927,-4198177;40,3,3;55,-8,-8;60,-4,-10;65,-1,5;70,-8,-19;75,-29,-26;85,-15,-3;105,-10,-17;120,13,27;130,1,-14;135,-49,-29;145,-47,-45;147,-2,3;150,86,62;157,-68,-57;159,-11,-2;160,71,57;170,-8,-16;180,-8,1;184,-52,-33;187,-56,-56;190,104,77;200,11,10;210,-55,-38;260,-21,-23;270,8,8;286,-17,-14;294,-1,-2;310,-7,-20
rua||r|era nova|35138000|20,-1894979,-4195103;25,-18,20;27,-9,8
rua||sebastiao manoel sobrinho|alpercata|35138000|1,-1899410,-4199265;50,221,138;140,-147,-73;235,333,125;245,36,7;280,-130,-22
rua||sebastiao neves da silva|alpercata|35138000|20,-1899120,-4198678;21,-56,-28;22,-27,-9;35,61,29;40,-13,-6;45,-2,2;55,-2,-3;65,-18,-6;73,-10,-9;80,7,0;85,-16,-5;90,9,3;130,115,-15;150,15,-34;160,-3,11;180,-11,22;190,-6,10;200,-4,7;202,-6,11;235,-6,4;240,-11,8;250,-7,7
rua||sebastiao neves da silva|era nova|35138000|25,-1895794,-4195158;70,148,229;71,0,-1;72,-2,7;73,-22,-35;74,-31,-52;75,0,-5;76,-2,2;77,0,-3;78,-40,-63;235,26,41;395,90,141
rua||sem denominacao cinco|chacara oasis|35138000|160,-1893894,-4200400
rua||sem denominacao dez|chacara oasis|35138000|5,-1894105,-4199916
rua||sem denominacao dois|chacara oasis|35138000|3,-1893633,-4200040;13,47,150;14,10,43;16,15,37;17,-2,31
rua||sem denominacao nove|chacara oasis|35138000|210,-1894235,-4200248
rua||sem denominacao oito|chacara oasis|35138000|12,-1893728,-4199871;15,-54,1
rua||sem denominacao onze|chacara oasis|35138000|4,-1893571,-4199533;7,-34,-46;18,-188,-109;27,-158,-8;37,378,143;232,-841,-125
rua||sem denominacao quatro|chacara oasis|35138000|21,-1893787,-4200461
rua||sem denominacao quinze|chacara oasis|35138000|114,-1894248,-4199391;142,4,45;143,6,24
rua||sem denominacao seis|chacara oasis|35138000|12,-1893809,-4200177;20,93,95
rua||sem denominacao sete|chacara oasis|35138000|1,-1893846,-4200003;11,251,-483;21,15,188;110,8,161
rua||sem denominacao tres|chacara oasis|35138000|7,-1893585,-4200327;8,-10,-14;12,181,471;13,10,49;14,1,20;15,5,5
rua||sem denominacao treze|chacara oasis|35138000|9,-1893634,-4199988
rua||sem denominacao um|chacara oasis|35138000|15,-1894002,-4199804;18,-20,-64;20,5,58;33,19,41;100,-121,-422
rua||sem denominacao um|era nova|35138000|35,-1895028,-4195275
rua||sem denominacao|acampamento|35138000|40,-1899885,-4200055;45,12,-9;55,14,-2
rua||sem denominacao|alvorada|35138000|97,-1900047,-4200857;230,28,-77;233,0,5;235,-1,6
rua||sem denominacao|era nova|35138000|185,-1894982,-4195264
rua||sergipe|alpercata|35138000|5,-1898927,-4198963;10,-3,9;30,-11,2;40,-2,7;50,-15,7;160,29,-21
rua||t|era nova|35138000|26,-1894976,-4195068
rua||vitoria|alpercata|35138000|10,-1898370,-4199057;20,-5,7;30,-13,4;33,0,0;34,-20,-12;35,19,10;38,-18,-15;40,17,12;44,-23,2;50,20,8;60,1,13;70,-20,11;90,-10,1;95,-13,-26;105,-16,-2;110,23,34;120,-14,6;123,-6,-11;126,-8,11;130,8,-31;140,57,-1
rua||v|era nova|35138000|41,-1895025,-4195077;57,11,15;73,14,20
rua||washington luiz|vila eugenio|35138000|19,-1897971,-4198432;35,-209,198;45,13,-22;75,23,-18;85,8,-11;105,17,-28;155,11,-11;180,-45,54;204,-22,26
rua||wenceslau bras|vila eugenio|35138000|25,-1898181,-4198130;30,33,-28;40,-5,9;60,-19,5;70,-10,-1;75,-2,12;78,-10,-1;110,-1,-6
travessa||marta ventura|alpercata|35138000|55,-1899291,-4198956;65,-18,16
travessa||valdete toledo|era nova|35138000|4,-1895570,-4194908;18,-16,12;20,-6,2;62,36,-24;66,-58,35;68,-14,11
