alameda||das laranjeiras|pontal das esmeraldas|37138899|51,-2133153,-4596990;52,-1,-13;56,-11,-70;57,-18,-22;61,-51,-47;64,-7,-60;66,-51,12;67,-14,-10;68,-12,-6;69,-8,-5;70,-21,-14;71,-4,-2;73,-43,-15;74,-2,-1;75,-27,-1;77,-49,18;78,-20,6;82,-58,-38;83,-4,-2;85,-33,-19;87,-35,-2;89,-20,-1;90,-20,3;91,-23,-5;93,-30,6;94,-21,6;95,-10,10;98,-60,27;99,-10,1;101,-33,-25;107,-82,-41;110,110,648;111,35,-14;112,10,-4;114,83,-20;119,244,-66;122,63,-34;131,181,-308;144,-431,-177;146,-108,15;147,-32,28;148,-1,4
alameda||libanio|jardim da colina|37133624|5,-2143245,-4595983;32,15,17;44,1,-103;52,-5,77;60,12,-110;72,-10,96;92,0,-16;93,-10,29;112,20,-56;113,-16,26;129,-10,-189;133,11,164;149,-18,-204;153,18,204;173,4,-41;179,0,0;192,7,-37;212,-1,-14;213,-178,127;232,181,-148;251,-15,-11;252,8,-11;292,-9,-35;322,-9,-40;331,-6,6;351,-8,-27;352,10,10;360,-7,-23;369,-3,0;390,1,-16;391,-13,-1;419,-3,-13;434,2,-28;453,-3,10;454,4,-14;460,-15,-23;469,-18,-3;479,-118,14;500,110,-41;520,-16,-12;630,-154,81;650,-10,33;669,-3,15;686,51,-68;724,-33,15;825,35,118;840,-45,-37;1031,72,206;1046,-14,-33;1086,11,27;1148,13,54;1155,40,75;1188,-26,-33;1208,2,12;1280,69,45;1318,26,0;1336,18,3;1350,18,-6;1370,18,-6;1390,23,13
avenida||joao soares leite|jardim panorama|37132270|14,-2143925,-4594953;28,2,-30;52,-6,2;54,2,-9;58,2,-8;64,-2,-2;74,1,-18;100,-2,-38;130,-1,-13;140,-3,-22;146,-4,-10;150,-2,-17;162,-2,-10;170,0,-3;172,-1,-11;174,0,0;176,-4,-4;180,6,-7;190,0,0;200,-3,-27;280,-6,-56;310,19,-38
avenida||joao soares leite|santa maria|37132370|213,-2143941,-4595085;225,-7,-47;257,-6,-25;277,0,-27;325,12,-47;337,2,-11;351,9,-18;355,10,-3
avenida||joao soares leite|vila teixeira|37132370|117,-2143938,-4595059;165,-1,-10
avenida||pedro alberto leite|jardim sao carlos|37137508|625,-2141313,-4594268;629,24,-1;641,-3,-6;651,14,5;652,46,0;659,-41,-3;669,6,0;679,0,0;681,13,-46;683,-1,15;685,12,34
avenida||pedro alberto leite|santa edwirges|37137508|703,-2141215,-4594269;713,7,-3;715,12,-1;741,18,-3;749,7,-1;755,9,0;761,4,9;769,5,8;777,9,-6;789,4,-3;793,9,-5;799,13,13;805,3,0;809,-1,-3;815,8,-10;823,3,0;831,9,3;833,9,7;839,-3,-3;841,6,-5;871,11,0
avenida||pedro alberto leite|vila santa edwirges|37137508|10,-2140972,-4594259;610,-342,2;620,11,-3;630,1,6;640,10,-8;646,8,-6;650,2,8;660,9,1;700,61,-6;706,9,10;710,-21,14;716,29,-13;746,76,37;764,-58,-41;782,41,-10;840,44,3;936,68,0;950,21,3;960,5,-4;970,6,4;986,4,0;990,6,2
praca||pedro landre|jardim sao carlos|37137492|371,-2141495,-4594344;397,-8,9;415,20,-3;435,21,9;495,66,18;499,-14,-8;503,-1,-3;505,13,3;509,6,3;511,-1,4;523,5,-1;535,18,7;545,4,-2;549,12,4
praca||pedro landre|vila santa luzia|37137492|304,-2141487,-4594313;340,-65,3;350,17,-11;360,10,5;366,0,-3;368,4,1;370,8,4;372,10,-7;376,6,3;420,39,10;440,12,5;480,21,10;490,11,-4;504,7,-4;532,14,10;552,32,13
rua|expedicionario|bindo luppi|jardim vista alegre|37132058|17,-2143624,-4595095;49,-4,-25;69,14,-24;77,-3,-7;89,6,-19;100,9,-6;105,2,-8;115,5,-8;120,7,4;135,-2,-33
rua|major|bento gomes da luz|centro|37130047|7,-2142695,-4595055;25,2,-21;26,-2,14;31,-1,-25;38,5,7;40,-6,-2;47,5,-14;50,-1,2;57,1,-20;63,0,0;86,0,0;87,0,-16
rua|professora|dona lili|por do sol|37137004|12,-2141302,-4595454;13,-9,11;22,9,-17;23,-10,6;32,1,-14;33,-13,8;42,8,-5;43,-13,-7;52,3,-11;53,-7,5;62,4,-18;63,-11,3;72,6,-10;73,-8,3;82,1,-18;83,-9,13;92,2,-18;93,-8,4;102,-3,-14;103,-8,1;112,5,-7;113,-8,1;122,2,-13;123,-6,6;132,-3,-16;133,-5,1;142,-1,-14;143,-9,3;152,3,-9;153,-7,-4;154,0,-4;162,0,-6;163,-6,6;182,3,-19;183,-12,-5;192,2,-2;193,-8,3;202,1,-16;203,-10,1;212,2,-10;213,-6,-3;222,4,-5;223,-9,1;232,0,-11;233,-7,0;242,-2,-11;243,-2,2;251,-7,-6;252,6,-6;253,0,4;262,-7,-9;263,-24,-32;272,16,15;273,0,8;282,-8,-16;283,-6,-3;292,1,-10;293,-5,1;302,2,-3;303,-11,-6;312,0,-11;313,-5,5;322,4,-7;323,-5,-2
rua|sao|lourenco|residencial oliveira|37136068|11,-2141380,-4595868;21,-1,-1;31,5,-12;34,6,2;38,7,-12;41,-9,-2;51,2,-5;54,7,2;60,8,-5;61,-2,-3
rua||amancio lemes|residencial aeroporto|37130310|20,-2142848,-4594231
rua||angelo munhoz leite|jardim boa esperanca|37135180|10,-2142479,-4596277;25,0,-19;30,23,12;35,2,-10;40,9,11;50,8,2;88,45,9;116,13,-1;125,-16,-3;131,0,0;137,12,8;145,-5,-2;151,16,3;155,2,-3;167,41,14;179,5,5;181,7,-9;210,-14,7;220,4,-4;230,11,7;257,48,17;260,-4,2;267,2,-9;270,-2,-1;274,12,5;277,2,-6;280,6,6;287,2,-4;307,42,12;310,-8,0;315,11,3;321,3,2;327,12,-4;340,-14,-5;346,16,8;359,176,112;454,-79,-52;458,6,6;467,9,-14;477,6,10;488,-14,3;498,7,5;527,56,26;528,3,14;537,4,-15;580,-5,2;589,111,51;590,-111,-41;620,27,15;636,10,6;640,13,6;646,3,-1;650,21,14;676,3,6;685,10,-1;686,-2,3;696,7,6;706,5,1
rua||antonio da silva lemos|jardim elite|37133514|80,-2142980,-4595937;90,25,-1;100,12,-3;110,14,-3
rua||antonio da silva lemos|jardim tropical|37133580|15,-2143059,-4595934;55,31,-5;61,16,-5;69,8,-5;71,2,5;103,26,-2;105,12,-1;121,14,-1;131,12,1;137,3,1;140,22,6;141,-17,-12;151,15,3;157,8,-4;186,15,7;189,-10,-2;190,8,10;200,9,-2;205,9,-19;206,-9,17;213,2,-23;215,6,-7;235,0,-15;269,6,-24;283,8,-14;289,3,-23;371,7,-55;409,8,-33;411,12,-3;413,0,3;415,9,-28;417,-3,-11;421,0,0;425,-1,6;432,-1,14;437,5,-20;452,-1,8;485,13,-47;486,-1,14;491,-1,-20;501,8,-10;511,0,-8;512,2,19;530,4,-2;536,5,-11;557,-6,-49;561,9,-2;569,-1,-9;579,4,-12;588,0,7;598,3,-7;599,-8,-18;609,2,-4;619,0,-5;629,0,-10;639,0,-5;640,1,10
rua||astolfo lemos|estacao|37130319|20,-2142868,-4594070;32,12,16;34,5,2;36,-2,4;607,-25,-14
rua||benedito avelino de lima|por do sol ii|37136250|27,-2140953,-4595921;41,19,2;51,12,5;61,5,1;71,11,5;74,-7,1;81,16,-3;90,1,14;91,7,-6;101,15,6;104,-5,7;111,18,-7;121,11,2;131,11,6;141,8,-2;151,12,8;161,12,0;171,10,4;181,11,2;191,8,9;192,-26,-3;201,34,2;206,-18,3;211,34,0;218,-18,2;221,31,3;228,-25,-2;231,35,8;238,-31,-5;248,18,7
rua||benjamim goncalves leite|jardim sao carlos|37137208|21,-2140966,-4594824;40,-4,2;45,9,-2;46,-8,1;51,1,-7;54,7,8;55,6,-4;65,11,-2;66,-4,3;75,14,-3;76,-6,2;77,4,-2
rua||calixto luppi|morada do sol|37136016|10,-2141620,-4596032;19,-20,-3;20,5,6;25,-7,5;26,-3,-18;28,-1,6;29,1,1;35,-8,-3;39,0,0;40,-1,-4;45,-19,16;50,3,-22;51,10,5;55,-4,0;56,-8,-7;60,-6,2;65,6,-1;70,3,-10;75,-12,7;76,1,-8;84,-7,-1;85,-4,0;94,-4,-8;95,3,5;97,-5,-5;100,-4,-5;105,-2,5;110,-2,-8;115,-8,9;116,5,-8;117,-11,-2;118,4,-3;121,-5,-5;127,-8,1;130,1,-9;135,-3,0;138,0,4;144,14,11;147,-18,-15;150,-5,-14;155,-3,8;156,-6,-3;159,2,4;160,-4,-6;165,-1,4;170,-1,-10;175,-8,4;176,0,-3;180,-1,-2;185,-1,6;190,-11,-16;195,4,10;200,-7,-6;201,7,-3;204,-9,-6;205,2,1;208,-13,-8;213,3,9;217,-2,-4;221,-6,-4;230,-6,-5;231,4,2;240,-11,-15;241,1,14;245,-4,-4;250,-6,-15;255,-4,9;256,0,-10;260,-6,-5;265,2,11
rua||da liberdade|centro|37137090|126,-2141899,-4595323;129,9,0;136,0,6;146,6,-5;151,-3,-8;153,15,5;158,-1,3;164,10,1;165,-6,-8;168,7,2;169,1,-2;171,8,-8;172,-2,13;177,4,-9;178,3,9;180,8,1;185,-5,-12;194,13,14;195,-2,-11;207,14,3;210,-5,7;213,8,-5;218,0,7;238,25,-2;254,5,-3;260,12,1;286,25,0;296,10,2;302,-1,2;306,9,-2;310,7,3;326,1,-3;330,10,0
rua||da liberdade|vila betania|37137090|10,-2142006,-4595321;19,11,-4;24,7,-3;39,11,2;72,22,5;80,15,0;86,2,0;96,10,-1;257,147,-7;261,9,3;263,-1,-1;271,3,-3;275,8,0;281,6,-1;295,9,-1;309,6,0;311,9,2;315,9,5;317,7,-4;319,10,-2;360,22,16;375,5,-7;384,7,4;385,3,-2;387,5,-6;393,13,4;394,-16,2;396,6,2;398,6,-5;399,8,-1;405,5,-4;406,-9,7;417,20,-3;419,-3,1;420,7,5;427,3,-9;432,4,7;436,0,4;441,5,-7;442,1,6;451,13,-8;464,6,12;467,7,-3;513,40,-6;515,4,0;516,0,11;519,4,-7;526,1,2;530,-1,2;531,8,-9;538,10,8;541,1,-8;542,5,7;546,-2,8;547,0,-14;551,6,1;552,3,11;555,5,-18;560,5,15;561,7,-3;564,1,11;568,7,-9;577,20,-4;589,10,-3;612,1,6;622,11,5
rua||dirce moura leite|jardim aeroporto|37130762|46,-2142578,-4593330;59,-8,8;118,-66,6;130,-6,0;142,-8,4;151,6,4;154,-11,-1;166,-19,0
rua||do lobo|nova floresta|37130378|11,-2142348,-4593256;25,15,3;53,24,-4;67,12,-3;81,18,1;112,-3,15;159,75,-12;173,17,-1;186,2,4;188,-23,0;200,44,4;201,-5,-5;214,24,15;215,-8,-19;227,15,9;255,24,-12;256,1,14;270,10,-5;330,6,-5
rua||dos lirios|barranco alto|37137598|37,-2118435,-4596380;47,-5,23;175,-13,31;195,10,-22
rua||dos lirios|vila promessa|37137598|13,-2140268,-4593779;19,-3,0;55,40,-17;95,38,-10;245,123,-50
rua||fernando horta lemos|campinho|37130117|272,-2143612,-4594588;280,-3,10
rua||fernando horta lemos|campinho|37131482|308,-2143618,-4594542;311,13,7;314,-7,11;315,-4,-5;318,3,11;321,10,7;358,-12,13;365,7,23
rua||fernando horta lemos|centro|37130117|265,-2143613,-4594581;287,-2,13
rua||fernando horta lemos|vila formosa|37131458|215,-2143598,-4594387;395,-12,-51;404,-1,16;405,-2,-6;414,-2,8;415,1,4;421,4,7;436,-5,21;466,-1,2;472,0,3
rua||francisca moura leite|jardim tropical|37133600|11,-2143018,-4596266;22,12,0;27,-10,-14;28,11,-1;42,-7,-11
rua||francisco de paula lima|santos reis|37130338|2,-2142553,-4593840;5,-39,190;10,15,-179;19,-3,12;20,3,-1;25,-3,4;26,0,0;32,-4,6;41,6,7;42,3,6;44,1,4;48,7,4;51,-11,1;54,0,15;59,-1,-11;60,-19,9;62,-1,2;65,19,-7;66,-35,8;68,-6,2;70,3,9;73,37,-5;78,-2,8;84,4,1;90,2,-2;91,7,6;93,-8,7;95,-2,-2;96,5,6;103,-5,4;111,6,9;117,-7,6;118,-4,-6;123,7,5;130,3,-6;131,5,15;133,-4,8;138,-14,-4;141,12,11;143,-6,4;145,-2,-5;146,-11,-5;149,9,12;161,-3,4;163,1,9;171,-1,-2;179,4,11;187,2,13;195,0,10;203,1,7;211,-4,10;215,4,-5;221,4,8;1100,26,8
rua||francisco lobanco|pinheirinho|37133808|13,-2142319,-4598090;20,29,20;22,0,35;23,-253,-74;33,227,32;42,-13,3;43,5,6;47,-37,-26;52,26,19;53,5,8;62,-9,-5;63,-19,-2;72,8,-7;73,-12,6;82,-1,-5;83,2,2;92,-15,-7;93,-8,7;102,-5,-6;103,-4,7;112,-5,-10;113,-4,6;122,-11,-6;123,9,8;132,-17,-11;133,3,7;142,-8,1;143,-6,-1;152,-9,-11;153,-3,8;162,-20,-12;163,10,8;172,-10,-7;173,0,5;176,-11,-7;182,-4,-1;183,2,10;192,-11,-12;193,3,10;202,-12,-12;203,16,18;212,-24,-17;213,6,17;222,-17,-21;223,-1,6;232,-10,-7;233,5,7;234,-13,-1;241,-9,1
rua||gabriel moura leite|centro|37130095|18,-2143291,-4594929;26,-5,6;28,2,5;42,-2,10;48,1,7;51,-2,4;56,6,12;57,-11,2;58,6,8;73,-1,13;113,-7,39;117,8,7;120,-4,0;130,0,11;134,5,9;137,-5,-2;151,-3,5;156,-2,-1;157,-7,0;165,11,9;168,-2,3;170,7,22;188,-6,2;306,-7,-12
rua||gabriel moura leite|centro|37130123|211,-2143304,-4594723;221,-2,4;230,-5,5;233,4,13;236,0,-11;240,2,3;243,0,19;248,-2,-6;257,-2,8;259,8,2;280,-7,30;297,-5,7;303,8,9;309,-1,8;312,9,-14;320,-16,24;321,7,-3;364,-12,31;365,16,7;375,-7,9;376,-6,2;382,3,8;385,5,4;388,-8,-2;405,4,23;406,-2,-7;414,7,6;415,-5,7;420,1,4;425,0,4;431,0,9;436,1,-5;443,0,23;481,-8,24;482,-3,5;489,6,3;492,-4,-1;493,3,3;501,6,19;502,-11,-13;518,2,16;521,4,7;522,-4,2;530,3,2;531,-6,-2;532,3,13;534,2,1;535,0,-12;536,2,14;538,-2,-3;541,3,3;555,3,10
rua||gabriel moura leite|vila formosa|37131444|554,-2143336,-4594390;565,13,5;566,7,4;569,-2,11;570,-3,-15;575,4,23;576,-13,-1;578,4,7;579,10,2;580,-5,-1;581,1,7;584,-7,5;590,-11,2;600,15,-2;610,-7,33;620,1,9;623,10,4;625,0,12;632,-7,-5;643,6,12;644,-9,-4;645,6,14;653,6,5;660,-16,-1;661,10,0;663,-3,2;670,5,7;675,-2,35;685,-1,8;689,-1,3;698,-14,-19;702,13,0;704,-2,8;764,-3,19
rua||gaspar lopes|centro|37130153|10,-2142851,-4594694;13,-13,20;19,6,2;23,-2,-1;26,20,-2;29,-20,2;30,22,5;31,-19,-4;33,3,4;34,5,-2;38,-1,7;41,-7,14;45,1,5;46,18,-8;47,-15,16;49,-7,2;65,22,3;81,-3,55;100,0,-23;112,-2,15;124,2,16;126,3,3;134,0,2;210,-6,74;220,-2,4;227,11,14;238,1,5;245,3,15;248,-5,-2;270,-6,38;275,9,5;280,-10,8;290,3,12
rua||ismael mariano leite|centro|37132088|37,-2143545,-4595357;87,3,-47;95,2,-23;135,13,-4;145,-17,-22
rua||ismael mariano leite|jardim vista alegre|37132088|38,-2143547,-4595288;102,11,-134;142,6,-32;182,2,-6
rua||joao landre|jardim america|37136178|12,-2140987,-4595689;22,8,8;27,-3,-12;30,4,11;37,8,14;38,-1,-6;47,9,10;48,-6,-11;56,6,11;57,5,1;59,5,1;64,-6,4;67,3,3;72,1,0;77,11,11;78,-9,-1;79,14,5;82,-9,-4;87,7,0;88,-1,3;94,-1,2;97,2,8;102,9,4;107,-1,0;110,2,8;117,6,0;126,7,13;127,-3,-4;132,89,115;134,-87,-105;137,6,0;142,-3,3;150,13,2;152,-11,11;158,14,-5;160,-17,17;166,19,-7;169,0,-1;174,-1,9;217,36,33;227,2,2;239,8,18;248,-12,-5;249,21,18;252,-12,-7;259,10,-1;279,12,19;287,4,10;289,1,1;299,4,5;311,13,10;321,1,5;331,5,14;335,7,-1;337,3,10;343,-5,-6;348,-9,6;355,15,6;359,3,1;367,6,14;368,-11,-11;402,25,34;406,0,3;408,4,3;409,7,-4;412,-4,10;419,8,-2;422,-5,4;429,14,10;432,-6,0
rua||jorge esteves da lage|centro|37132100|21,-2143533,-4595469;24,-7,-16;31,-6,-17;51,-5,-5;60,-17,10;69,24,49;70,-14,-54;94,-12,-17;99,-33,-22;104,8,4;109,-8,-8;111,10,9;112,7,-1;117,7,17;119,-27,-34;122,11,20;132,-5,-22;140,-10,-2;150,-17,-13
rua||lambari|residencial dona anita|37136300|492,-2141103,-4596608
rua||lambari|residencial oliveira|37136110|5,-2140830,-4596210;11,-4,-8;15,-4,-10;18,3,0;24,-7,-8;28,3,-1;37,-12,-6;38,8,-5;47,-13,-2;48,4,-7;58,-5,-6;59,-7,-1;69,-5,-5;78,3,-9;79,-3,3;85,-4,-2;89,-3,-5;98,0,-14;99,-3,10;108,-4,-18;109,0,11;119,-5,-15;128,-1,-7;129,-12,-6;135,-1,0;139,-5,-7;144,6,-4;153,-7,3;189,-23,-34;191,-4,-5;196,0,-5;198,-9,-5;200,-4,-3;201,12,10;211,-2,-13;216,-11,0;217,8,0;220,-15,-12;221,13,10;226,-11,-18;227,7,7;231,-1,-3;236,-7,-4;241,-2,-6;246,-6,-3;251,4,0;256,-5,-8;267,-1,4
rua||lavras|residencial oliveira|37136098|1,-2141026,-4596164;10,69,95;11,5,11;22,-10,-20;29,6,10;32,-4,-14;39,2,8;42,-12,-16;51,6,7;52,-8,-10;61,8,2;62,-18,-15;72,1,-8;73,5,14;82,-10,-18;83,7,11;92,-10,-27;93,-2,17;102,-12,-20;103,-1,13;108,8,-12;112,-15,0;122,6,-14;123,-6,8;132,-5,-23;133,2,5;142,-7,-10;143,4,14;148,-1,-20;152,1,-7;153,-7,12;156,-1,-10;230,-38,-51;236,-1,-6;242,-9,2;254,-1,-5;258,1,-10;264,-5,-6;268,0,-7;276,-5,-4;280,-3,3;286,-4,-8;291,5,7;296,-7,-13;302,-8,-9;311,0,6;312,-7,-16;316,5,9;317,4,0;321,-4,4;325,-10,-16
rua||leon|montserrat|37131654|84,-2143966,-4593579;124,-19,44
rua||leste|jardim alvorada|37135280|25,-2142248,-4597424;30,6,-3;35,-8,-2;37,5,-10;39,-4,-6;40,4,11;42,-1,0;43,-11,-11;46,8,3;51,-7,-14;55,-2,-8;56,5,4;62,-3,-5;64,-3,-6;66,-3,-11
rua||leste|recreio vale do sol|37135312|104,-2142271,-4597507;118,0,0;136,-1,-29;144,-8,-9
rua||lima|nova floresta|37130450|109,-2141876,-4593641;133,-6,25
rua||limeira|distrito industrial|37135462|310,-2141342,-4597413;312,10,-10
rua||limeira|distrito industrial|37135464|116,-2141469,-4597289;122,11,-5;135,-1,-10;136,3,8;144,7,-4;148,3,-4;151,-6,-6;158,13,0;163,-2,-10;164,6,6;174,8,-3;178,3,-5;184,3,-5;187,-4,-6;188,1,8;193,7,-5;197,3,-7;198,3,2;203,-2,-8;207,9,0;220,-5,4;267,46,-48;321,21,-32
rua||londres|nova floresta|37130440|76,-2141808,-4594089;77,14,3;88,-10,11
rua||nabor toledo lopes|centro|37137126|854,-2142013,-4595014;870,-4,-9;880,-5,-13;884,10,-11;900,-11,-10;904,5,4;906,-6,1;908,9,-8;918,-3,-8;922,1,-13;926,-1,-13
rua||nabor toledo lopes|vila betania|37137078|1162,-2142015,-4595242;1170,1,-4;1196,-8,-4;1200,2,-25;1210,3,-5;1214,4,-1;1216,13,-12;1226,-18,0;1232,6,-13;1251,-9,-28;1254,0,2;1262,5,-10;1270,-10,-6;1272,4,-3;1281,5,-15;1282,2,-2;1290,2,-5;1292,-6,6;1300,8,-18;1308,-2,-6;1341,-4,-41;1349,0,1;1359,0,-15;1360,-5,-2;1369,8,-15;1370,3,9;1380,-4,-11;1381,-4,2
rua||nabor toledo lopes|vila betania|37137126|715,-2142022,-4594995;725,1,-14;729,5,-15;735,-6,-3;984,4,-134;990,7,-17;1006,-2,-8;1008,-5,-8;1014,6,-4;1020,-1,0;1028,0,-9;1030,-9,-11
rua||pedro alberto leite|residencial itaparica|37137508|955,-2140995,-4594269;961,9,-1;967,1,2;975,0,0
rua||pedro alberto leite|santa edwirges|37137508|895,-2141072,-4594270;907,21,-12;911,11,1;915,19,3;921,-10,-2;925,0,2;927,3,-2
rua||raquel munhoz leite|boa esperanca|37135150|39,-2142000,-4595945;49,-13,-9;85,-41,-10;95,-10,-6;101,0,-13;165,-33,-11;169,2,-9;179,-12,4;189,-7,-6;199,5,2;209,-3,2
rua||raquel munhoz leite|jardim boa esperanca|37135150|40,-2142011,-4595936;46,17,4;50,-24,-14;108,-40,-28;168,-41,-23;178,-9,-5;184,5,-2;188,-8,-1;214,-26,-15;224,-4,0;234,-4,-1;244,-7,-1;249,6,6;250,-24,-5;259,13,12;264,-1,-18;289,-14,6;292,1,-8;299,-15,6;309,2,2;319,-12,-6;360,-67,-21;377,-27,3;378,0,-10;397,-14,5;407,-2,1;411,-12,-6;416,20,-1;417,-13,4;420,9,-3;424,-3,-1;427,-23,0;433,-6,-1;436,14,0;458,-21,-12;459,-7,4;468,-11,4;469,1,-11;475,-3,7;478,-7,-3;479,3,1;481,-3,3;485,-2,-2;488,-4,-2;491,-2,-2;495,-6,-1;498,-5,2;505,0,-8;506,-1,8;530,-27,-13;531,4,11;539,-10,-3;546,-7,-9;549,-2,17;552,-4,-17;557,-2,5;562,-12,-9;567,3,8
rua||saulo prado leite|jardim alvorada|37135222|429,-2142124,-4596442;437,2,-2;447,6,-2;453,-3,-6;457,-8,-16;479,21,-8;483,3,-13;511,-7,-19;519,6,-8;523,0,-6;531,10,-12;539,-9,-4;543,1,2;549,0,-11;557,5,-4;563,1,-7;567,-2,-3;573,2,-7;577,3,-5;583,-4,-6;601,7,-17
rua||saulo prado leite|jardim alvorada|37135256|643,-2142094,-4596644;653,-4,-15;669,-4,-7;677,-2,-15;693,-1,-11;713,-2,-16;716,6,12;717,-6,-24;725,-1,1;729,-4,-7;733,-8,-5;744,18,21;771,-19,-53;774,7,20;779,-10,-25;782,10,20;789,-8,-29;790,2,19;798,3,-7;805,-7,-27;806,5,23;813,-6,-27;814,7,18;821,-6,-22;829,1,-11;830,1,18;837,0,-28;838,2,15;845,-6,-24;846,7,20;853,-13,-29;854,6,23;861,2,-30;862,-3,21;866,0,-4;869,3,-18;870,-2,18;877,-2,-28;878,0,19;885,-5,-27;886,7,17;895,-8,-25;915,-1,-25;924,8,4;925,-7,-18;933,2,-8;934,4,18;941,-5,-22;942,3,18;949,-5,-26;950,3,19;957,-5,-27;965,-2,-5;966,12,7;973,-13,-20;974,10,21;982,0,-8;986,-2,-2;989,-6,-18;990,1,13;993,-2,-14;997,10,-35;998,-4,37;1005,-8,-20;1013,3,-6;1014,0,11;1021,-4,-17;1022,7,13;1025,-7,-21;1029,3,-5;1030,-1,18;1037,1,-25;1038,-2,18;1045,-10,-21;1053,-9,-34;1054,15,32;1061,-1,-14;1069,-8,-4;1070,6,5;1076,-6,5;1080,7,-7;1090,21,-15
rua||saulo prado leite|jardim boa esperanca|37135160|29,-2142239,-4596058;41,9,-14;53,-1,-6;57,7,-2;63,11,-9;65,-4,-1;67,4,-4;79,3,-3;83,6,-4;89,1,-9;95,8,-4;101,-1,-1;103,-10,-10;111,14,-1;115,6,-4;121,8,0;127,-6,-7;137,0,-8;141,-2,-5;153,6,-24;157,-4,7;167,5,-13;175,1,-6;181,-3,-6;187,7,-7;199,8,-9
rua||saulo prado leite|jardim boa esperanca|37135192|223,-2142161,-4596244;233,-5,-4;235,2,-4;245,4,-6;253,0,-9;257,2,-6;261,0,-5;265,0,-2;291,7,-25;295,0,-7;323,5,-24;329,-3,3;333,1,-8;363,10,-28;371,6,-15;377,-2,-4;385,6,-5;387,-2,-2;391,-3,-6;397,0,-2;405,4,-9
rua||saulo prado leite|jardim boa esperanca|37135222|520,-2142099,-4596521;534,-1,-1;562,7,-32;564,-2,-3;574,3,-2;584,3,-17;594,-5,-9;598,6,-14;604,0,-3;614,3,-5;684,-9,-57
rua||vicente lomonte|centro|37130133|10,-2143012,-4594398;11,-4,11;17,3,-12;18,-11,2;28,-6,-3;45,-8,-3;46,-1,6;48,-1,-3;49,-10,1;52,0,-6;54,-7,3;61,7,-2;62,-17,2;63,4,1;93,-24,-4
travessa||armando carvalho de lima|jardim sao carlos|37137220|18,-2140876,-4594855;21,4,9;22,-4,-9;25,9,21;30,-8,-9;31,12,16;40,-14,-5;44,2,7;51,20,-9;54,-17,7;59,23,-3;62,-18,4;65,25,-6;83,18,0
travessa||francisco de paula lima|santos reis|37130342|10,-2142591,-4593741;20,-12,8;23,-26,30;27,-30,-36;35,41,2;42,5,3;43,-6,-2;49,-20,8;53,21,12;54,-12,-22;57,-3,6;104,0,-6
