rua|monsenhor|jose umbelino|jardim tropical|37133584|11,-2143036,-4596002;25,1,0;36,-19,7;40,20,0;41,4,-6;66,19,2;75,-13,-2;76,18,3;77,-12,-2;79,2,2;81,6,-4;86,19,5;87,-10,-7;97,3,-4;98,8,8;110,16,4;113,-12,-10;120,25,8;121,-9,-10;130,11,7;135,4,-4;140,17,3;145,-8,-2;150,15,3;151,-37,-7;165,38,3;177,11,3;180,-5,3;189,11,-9;190,1,4;193,8,-7;197,13,4;200,-10,2;220,12,1
rua||da uniao|centro|37137092|25,-2141894,-4595280;31,6,1;37,4,3;47,11,-3;57,6,-1;61,7,13;67,0,-5;73,12,0;83,7,-3;95,12,7;97,6,-3;107,8,3;139,24,6;147,10,-4;157,6,4;169,13,-4;173,2,2;175,5,-2;191,7,4;203,9,-2;215,16,7;225,6,-3;245,11,-1
rua||da uniao|vila betania|37137092|42,-2141885,-4595272;50,2,-9;52,9,7;62,7,0;68,10,2;78,7,5;88,28,3;96,-4,-5;108,2,2;158,36,7;160,8,0;166,12,-4;170,1,6;176,8,0;184,7,2;186,14,21;202,-2,-20;216,13,-3;226,9,8;266,39,-4;269,5,-3;272,-4,11;281,14,-14;284,-1,14;289,4,-15;294,5,3;295,5,4;299,1,-2;304,6,3;307,2,-4;311,5,1;314,-4,-3;317,14,4;318,-8,4;320,2,2;321,10,-6;322,-3,9;335,16,-9;336,-7,2;338,-3,4;341,14,-4;346,-16,5;350,11,-4;351,12,3;355,27,-3;364,-23,13;365,29,-17;370,2,15;390,1,-2;403,13,-10;404,-8,8;406,7,1;408,2,2;412,1,-2;413,3,-4;420,8,1;425,-4,6;429,6,-1;430,-2,-5;437,11,-2;438,-3,3;444,2,2;450,17,-3;451,-7,-4;454,5,4;455,4,2;460,4,3;463,0,-5;466,10,6;469,-14,-11;473,10,6;474,10,3;479,8,10;494,22,-13;504,8,4;511,-2,-2;515,6,-3;525,9,2
rua||uberlandia|jardim olimpia|37136094|12,-2141127,-4595808;19,13,-20;22,-5,8;37,5,-21;47,31,-27;82,3,1;86,4,-4;102,7,-14;112,7,-6;122,10,-9;127,-7,-5;132,13,-3;152,11,-15;162,3,-5;172,5,-5;187,3,-18;192,6,6;222,18,-31;227,9,-3;232,-6,1;242,11,-6;247,-5,-2;253,1,-13;254,5,3
rua||uberlandia|jardim olimpia|37136400|2475,-2140523,-4596615;2498,-15,25;2538,14,-20;2546,5,-8;2576,26,-25;2581,36,-67;2592,-25,51;2610,10,-21;2620,5,-5;2634,3,-4;2646,8,-8
rua||uberlandia|jardim olimpia|37136402|2464,-2140545,-4596549;2468,5,-2
rua||uberlandia|residencial oliveira|37136094|289,-2140967,-4596031
rua||uberlandia|residencial oliveira|37136116|294,-2140958,-4596026;314,14,-19;324,6,-3;326,-3,-6;332,3,0;334,2,-3;344,9,-11;354,2,-1;364,7,-9;374,5,-8;384,13,-18;404,12,-8;416,-3,-6;448,22,-20;458,6,-11;468,5,-6;478,4,-9;488,7,-5;498,4,-11;508,5,-10;518,8,-4;528,4,-8;529,21,-30;531,0,-35;534,-14,60;538,-1,-2;548,1,-9;551,25,-49;558,-16,42;568,6,-6;578,4,-7;588,8,-6;597,35,-56;598,-31,43;607,36,-48;608,-31,43;617,49,-63;618,-47,60;630,10,-13;652,15,-15;662,8,-10;672,-1,-1;682,12,-17;692,5,-1;702,1,-4;722,14,-20;742,13,-15;752,3,-6;762,6,-5;766,2,-6;772,7,-7;782,6,-6;785,-3,-13;802,13,-2;812,6,-7;822,2,-3;837,-2,-17;841,7,-5;844,12,2
rua||um|estacao|37130282|2,-2142700,-4594093;8,2,0;16,4,-6
rua||um|loteamento do trevo|37130282|367,-2145407,-4594872;678,0,0;931,-244,-15;961,-30,-2;1083,-20,-1
