alameda||da liberdade|silveria|38183420|80,-1962217,-4693550;145,70,68;190,23,45;220,22,27
alameda||do lago|riviera do lago|38180774|100,-1958795,-4695718;120,24,-18;125,-19,3;145,32,-23;160,11,4;165,0,-17;185,12,-7;190,16,8;205,-5,-20;220,426,-121;225,-408,103;245,5,-16;250,12,13;265,1,-17;280,36,-35;285,-37,-5;305,42,-40;310,22,-22;325,-13,8;345,0,-15;350,20,-16;360,3,-36;365,-23,37;385,4,-25;405,11,-24;425,5,-20;450,16,-34;485,-17,-1
alameda||inacio paes leme|centro|38184016|11,-1959758,-4694118;15,-12,1;28,-2,-6;40,-8,5;50,-6,1;55,3,2;60,-4,-2;65,-13,1;70,-7,0;75,0,9
avenida|doutor|pedro de paula lemos|ana antonia|38181179|1010,-1957526,-4692928;1080,49,46;1100,31,49;1150,29,15;1170,11,26;1180,15,38;1230,48,27;1240,6,7;1260,21,19;1270,4,-5;1280,22,4;1290,15,5;1300,11,3;1310,17,11;1320,14,7;1330,36,33;1340,25,-7;1350,11,-5;1360,3,15;1380,10,17;1390,15,2;1410,5,11;1420,16,19;1430,2,3;1440,15,10;1450,-391,-311;1470,405,329;1480,10,6;1490,6,6;1540,29,29;1550,46,42;1560,3,-3
avenida|doutor|pedro de paula lemos|cincinato de avila|38181179|280,-1957659,-4693100;775,-63,-71;785,6,5;795,10,7;805,4,7;945,90,98;955,1,5;965,14,8;975,7,8;985,3,14;995,6,4;1015,48,46;1033,32,30;1045,7,17;1065,8,11;1075,11,15;1085,1,4;1095,13,12
avenida|doutor|pedro de paula lemos|domingos zema|38181179|5,-1958018,-4693492;25,8,10;27,3,2;35,6,5;45,10,11;55,17,23;65,8,7;85,17,19;95,8,6;105,5,8;115,36,45;125,-14,-15;135,21,18;143,8,14;145,-3,-14;155,-2,16;165,13,6;175,2,10;185,4,9;195,19,0;205,8,3;215,9,17;225,0,5;235,6,9;245,12,6;255,8,4;265,6,9;275,11,5
avenida|doutor|pedro de paula lemos|joao bosco teixeira|38181179|1035,-1957415,-4692815;1105,-33,-46;1115,14,8;1125,2,4;1135,18,28;1185,23,26;1195,5,6;1245,52,43;1265,26,23;1475,139,55;1485,17,6;1495,12,7;1505,0,9;1515,13,12;1525,1,6;1535,9,7
avenida|doutor|pedro de paula lemos|orozino teixeira|38181179|810,-1957726,-4693147;820,12,8
avenida|doutor|pedro de paula lemos|pao de acucar|38181179|1585,-1957068,-4692584;1595,7,10;1605,11,12;1655,48,44;1675,6,5;1685,10,9;1705,11,12;1875,22,19
avenida|doutor|pedro de paula lemos|santa rita|38181179|10,-1958069,-4693521;30,9,6;50,38,43;70,13,19;80,25,27;90,6,10;100,14,14;130,16,20;140,28,28;160,20,7;170,-1,11;180,4,9;190,10,-9;200,7,16;210,4,11;220,6,13;660,-216,-226
avenida||astolfo lemos|urciano lemos|38181140|5,-1957656,-4693850;10,-6,2;15,15,0;20,-1,8;25,6,1;30,1,4;35,7,2;40,-2,2;45,8,6;50,-2,1;55,19,7;60,-8,4;65,16,-1;70,-7,3;75,18,7;80,-12,2;85,16,0;90,-8,6;95,21,3;100,-9,6;105,10,-7;110,-4,11;115,20,3;120,-4,1;125,0,0;130,2,1;135,19,14;140,-11,-8;145,9,8;150,4,-2;155,11,12;165,11,6;175,9,6;185,7,6;195,0,3;200,-9,-5;205,12,10;215,12,2;225,5,6;235,6,5;245,7,4;255,1,4;265,13,5;275,7,6;285,2,1;295,6,4;315,21,-3;325,-7,18;330,-5,1;335,12,5;340,14,17;345,-7,-13;355,12,2;365,1,8;375,9,2;380,5,14;385,4,-4;390,9,11;395,1,-1;400,3,6;405,2,-5;410,15,13;415,0,1;420,-1,4;425,1,1;430,9,5;435,2,0;440,6,1;445,0,2;450,12,14;455,2,-1;460,3,4;465,2,-5;470,10,9;475,3,-3;480,-1,10;485,8,1;490,5,9;495,5,-2;500,0,9;505,8,-6;530,24,32;535,4,-10;540,4,11;545,7,-4;550,8,16;555,1,-7;560,0,12;565,6,-7;570,4,10;575,3,1;580,6,8;585,4,1;590,10,8;595,0,-6;600,7,12;605,-2,-3;615,10,2;645,28,21
avenida||hercy da silva lemos|bela vista|38182602|120,-1959798,-4691804;135,-596,466;450,432,-343;580,44,-219;590,7,-11;600,7,-3;610,4,-10;1710,-185,763;1770,28,-62;2170,-511,-12
chacara|santa|luzia|corrego fundo|38184899|51,-1957479,-4683218
praca|doutor|hugo levi|centro|38184012|60,-1959542,-4694145;66,-21,-3
praca||elias leime|centro|38183026|34,-1959121,-4694289;46,1,-7;54,-5,-16;66,0,-4
rua|dona|adelia lelis|fertiza|38184222|19,-1960557,-4694452;20,-6,-5;21,-4,6;31,-13,-1;40,-4,-4;41,-6,18;51,-13,-19;55,-9,5;59,-9,1;60,31,-7;63,-39,6;65,-10,2;70,43,-10;71,-47,5;80,34,-8;90,-10,6;95,-36,10;110,17,-13;120,-5,5;125,-53,13;135,-4,2;140,-1,-6;145,-13,10;153,-5,1;155,-6,3;180,-10,-7;181,-2,11;185,-7,-3;190,-7,-2;195,-13,9;200,-6,-7;205,6,7;230,-32,4;240,-13,-2;250,-1,4;260,-16,0;280,-1,-2;285,2,10;295,-9,4;296,-2,-11;305,-17,13;306,9,-5;316,-22,2;326,-70,15;336,72,-21;354,-34,13;359,-11,8;361,-4,-1;371,-7,9;372,5,-12;374,-11,2;375,0,16;380,0,-17;381,-5,13;391,-24,0;430,-56,9;440,3,0;451,12,0;461,-6,1;474,-25,6;477,12,5;491,-12,-1;524,-30,2;580,-8,-3;585,3,10;595,-6,4;600,-13,-6;615,-2,9
rua|doutor|bernadino ladeira|max newmann i|38180466|400,-1955999,-4695318;430,24,20
rua|doutor|bernadino ladeira|max newmann|38180466|95,-1956258,-4695557;105,7,13;115,9,3;125,13,13;135,6,7;145,11,8;155,4,1;165,15,15;175,4,2;185,9,8;195,3,5;205,11,8;215,9,6;225,4,4;235,12,13;245,22,16;255,7,5;265,3,5;275,13,8;285,7,10;295,9,6;305,7,5;315,9,10;325,10,11;335,6,2;345,8,7;355,8,9;365,9,2;375,14,13;385,4,3;395,18,16;405,9,7;415,5,6;425,2,17;435,17,3;445,7,4;455,8,7;465,8,9;950,96,264;960,1,3;970,4,14;980,-3,13;990,0,6;1000,4,14
rua|padre|leao|centro|38184000|15,-1959239,-4694223;25,-5,-4;34,-18,-4;35,2,11;38,-8,-15;44,-6,-7;47,3,11;54,-14,-18;57,9,12;69,-13,-29;88,-17,5;91,10,4;99,-6,-8;100,-21,-10;107,-1,0;110,-5,3;112,6,-4;114,-6,0;174,30,24
rua|sao|luiz|centro|38183194|31,-1959860,-4693294;41,-1,-4;51,-16,-17;63,0,-2;75,-5,-1;81,-12,-13;89,-5,-12;97,9,-5;100,26,43;180,-6,-6;186,-4,-5;198,-7,-5;208,-5,-11;222,-8,-9;230,-5,-2;294,-36,-49;296,-10,-9;300,-3,-4;302,-2,-2;330,-4,-14;380,-42,-44;386,-4,-7;398,-12,-10;416,-4,-5;424,-8,-7;436,-8,-14;444,-4,1;454,-4,-7;460,-10,-9
rua|sao|luiz|santa terezinha|38183274|385,-1960041,-4693432
rua|sao|luiz|sao vicente|38183194|163,-1959946,-4693399;435,-97,-101
rua|sao|luiz|sao vicente|38183200|459,-1960065,-4693514;465,-7,-14;467,2,-4;471,-1,-2;483,-13,-8;2675,-5,-15
rua||antonio francisco lisboa|primaveras|38182402|240,-1961498,-4692628
rua||antonio lacerda|centro|38183094|15,-1958595,-4693498;22,-33,-2;25,10,-3;32,-21,7;42,-4,3;45,2,0;51,16,0;52,-31,7;55,7,7;64,-8,-4;74,-9,7;84,-11,10;85,99,-7;94,-108,14;95,7,-2;105,-3,4;114,-14,5;115,10,-3;125,-9,6;150,-27,15;160,-10,-4;165,6,12;170,-12,3;175,2,6;180,-13,1;185,1,8;190,-5,-2;195,-5,3
rua||antonio vieira lopes|santa rita|38181478|40,-1958229,-4693069;45,4,-12;50,7,17;60,8,8;65,-30,-37;70,41,40;80,9,4;120,42,22;160,45,21;210,42,14
rua||baltazar euripedes lara|mangabeiras|38182097|85,-1961003,-4691711
rua||carmem de oliveira lara|santo antonio|38184899|20,-1961123,-4692357;25,1,11;30,-1,-11;35,2,25;40,-4,-1;45,3,13;50,2,-8;55,0,16;60,-9,-4;65,9,16;70,-1,-4;75,1,11;80,-2,-8;85,5,10;90,-7,3;95,5,13;100,-5,-3;105,3,13;110,-5,-4;115,7,8;120,-7,1;125,5,10;130,-1,18;135,3,-4;145,-3,11;150,-1,3;155,6,32;160,-6,-23;165,4,7
rua||carvalho lopes|centro|38183075|10,-1958906,-4694124;17,58,55;26,-10,-10;27,-11,1;37,-7,-8;38,12,-6;47,-21,0;54,13,-8;75,-28,-6;107,-5,-2;121,-34,-21;131,-14,-15;162,-20,-17;171,-25,-13;182,15,8;184,-8,-2;185,-12,-4;200,-44,-35;202,94,63;204,-87,-66;205,-16,-4;211,-10,-6;216,14,2;220,-12,-8;228,-10,-7;238,-14,-10;244,13,15;256,-26,-18;270,-11,-12;280,-21,-8;403,-21,-10
rua||cassiano lemos|centro|38183036|62,-1959088,-4694014;65,-17,24;67,20,-25;72,0,0;77,10,-7;80,-1,0;87,9,-13;92,-4,6;99,6,-12;112,3,5;119,7,-18;120,0,8;133,10,-24;134,-2,9;144,17,-7;155,3,-16;164,2,3;169,2,-7;172,4,-3;180,3,0;181,1,-6;186,0,-4;187,4,2;196,5,-12;200,9,-7;201,-7,11;204,16,-16;211,-12,4;217,13,-13;225,7,-7;241,-1,-4;244,5,1;278,16,-24;296,5,-10;302,11,-6;326,9,-11;334,3,-6;346,7,-6;358,4,-8;372,9,-15;392,13,-16;402,5,-5;408,3,-2;422,4,-9;430,9,-11;446,23,-54;448,-21,51;450,-3,0;452,-8,-11;454,7,-14;460,13,-2;468,1,-3;474,2,-16;485,-1,-6;495,6,-8;496,5,0;501,23,-27;502,-14,22;511,-5,-11;516,13,0;526,13,-6;527,-12,2;537,0,0;540,18,-8;566,5,-9;595,-20,14;605,11,-4;635,33,-38
rua||clarice de freitas leal|salomao drummond|38181106|20,-1956754,-4694126;25,-19,-6;30,3,-3;35,-5,-2;40,-9,-11;45,-3,-2;55,-7,3;60,-10,-15;65,3,7;70,-9,-15;75,1,10;80,-8,-14;85,4,9;95,-12,-8;105,-12,6;120,-3,-18;125,-5,-3;130,-3,-5;135,4,1;140,-9,-9;145,-4,1;150,-4,-5;155,-3,0;160,-5,-9;165,1,5;170,-5,-10;175,-8,-1;180,-3,-7;185,-2,6;190,-4,-3;195,0,-2;200,-4,-6;205,-8,0;215,-2,-4;225,-14,-11;670,6,-1
rua||corina maria luiza|sao francisco|38180206|10,-1956963,-4694880;15,2,34;20,-12,-4;25,6,10;30,-13,-10;35,2,11;40,-11,-9;45,5,8;50,-10,-8;55,-8,12;60,-11,-15;65,11,13;70,-16,-9;75,10,14;80,-19,-5;85,3,6;90,-11,-4;95,-1,3;100,-10,-2;105,10,6;110,-16,-7;115,12,6;120,-17,6;125,3,0;130,-17,-3;135,6,5;140,-19,-3;145,10,-2;150,-12,3;155,1,5;160,-8,-5;165,3,5;170,-14,-1;175,0,4;180,-11,-4;185,8,8;190,-15,-3;195,5,5;200,-17,-8;205,3,12;215,-2,2
rua||das laranjeiras|fenicia|38184200|50,-1957980,-4695920;100,-22,-15;200,-66,-43;250,-39,-33;300,-26,-23;350,217,-14;400,-88,116
rua||das laranjeiras|universitaria|38184899|75,-1957989,-4695912;405,-177,-121;505,-54,-51
rua||dos lirios|lamartine|38182294|1,-1961419,-4692937
rua||elza lemos|leda barcelos|38183370|640,-1961628,-4693620;660,-10,14;680,-18,25;705,24,-16;715,-6,10;720,-60,56;725,52,-51;735,-7,8;751,-7,12;771,-9,13;775,-1,-1;781,-7,12;785,-11,8
rua||elza lemos|silveria|38183370|24,-1961259,-4694079;34,-4,5;44,-10,16;55,-2,18;64,-4,-7;65,-2,15;77,-37,39;81,-16,18;84,40,-57;94,-3,5;105,-65,83;115,-5,8;125,-1,17;136,56,-98;146,-10,19;170,-14,17;180,2,3;181,7,3;275,-60,72;294,-22,12;295,16,-3;304,-27,16;305,12,-1;314,-21,12;324,2,16;325,-1,-6;331,10,-8;334,-27,17;344,-7,8;351,21,-9;361,-12,15;371,-9,13;391,-26,12;410,-4,3;420,-8,15;425,6,9;430,-19,5;440,-9,11;450,-7,8;460,-12,14;461,39,-28;471,-11,14;485,-10,14;495,-3,14;501,-11,2;515,-3,2;530,-36,33;536,-9,13;540,15,-28;550,-26,37;561,34,-19;565,-21,18;595,-6,5;620,-19,-2;621,14,10;630,-22,9;631,16,4;645,-13,12
rua||ema pereira leite|guilhermina vieira chaer|38184290|300,-1960323,-4694883;310,-10,4;315,-6,10;320,-6,-11;325,-8,13;335,-2,-2;360,-89,-6;365,2,3;370,-18,-4;375,7,2;385,-11,3;390,-13,-5;395,1,2;400,-18,-3;405,4,4;410,-15,-7;415,10,4;420,-15,-2;425,-3,0;430,-12,-5;435,5,9;460,-50,-9;461,14,11;465,-15,-4;470,-13,-3;475,-4,5;480,-8,-8;485,-2,8;490,-8,-6;495,1,7;500,-18,-6;505,4,6;510,-14,-10;515,9,9;520,-18,-9;525,2,9;535,-10,2
rua||emilio mariano lemos|francisco duarte|38181036|10,-1957596,-4694140;15,10,-5;20,-1,-3;25,1,-10;30,9,4;35,-1,-5;40,7,-1;45,5,-12;50,7,0;55,-1,-5;60,1,3;65,4,-12;66,6,6;70,6,-4;75,-10,-8;80,10,3;85,-7,3;95,14,-20;100,2,3;105,10,-6;110,-3,1;115,-3,-2;120,10,-4;125,1,-7;130,7,1;135,-4,-7;140,23,-7;145,4,-4;155,-11,2;280,-124,120;290,14,-12
rua||erminda soares de lourdes|salomao drummond|38181230|465,-1956878,-4693843;475,4,0;485,8,-11;505,7,-14;515,15,-3;517,8,-3;525,10,4;535,11,-21;540,27,-7;550,8,2;555,-15,-3;560,23,-4;565,-18,2;570,28,-9;575,-17,0;580,25,-5;590,2,-17;600,8,4;610,-1,-7;615,-4,-4;620,8,-1;625,1,-14;630,4,10;665,-3,-65;675,-1,-5;715,-4,-68;725,-10,-13;735,-7,-32;740,22,110;750,-3,-70;760,-15,9;770,-14,8;780,2,-14;790,9,-20;800,8,-9;810,12,-19;815,-13,-64;820,13,38;825,5,-46;834,-1,12;835,9,-19;840,1,1;845,1,-21;846,6,20;860,10,-20;870,5,-1;880,6,-7;890,0,-3;900,5,-3;910,8,-13;920,4,-7;930,7,-2;935,18,1;940,-12,-19
rua||erminda soares de lourdes|urciano lemos|38181230|280,-1956998,-4693662;295,8,-20;300,-5,6;320,35,-41;345,-3,-10;355,16,-23;420,36,-42;425,0,-1;430,-47,63;435,50,-66;501,-140,196;505,9,1;555,-43,44;565,-2,15;610,-11,9;620,0,13;655,-8,8
rua||ernesto nogueira de lima|alvorada|38180052|751,-1958887,-4695318;761,-6,-2;771,-20,2
rua||ernesto nogueira lima|alvorada|38180052|70,-1958941,-4695324;80,-21,-4;90,-5,3;100,-9,-3;110,-11,3;120,-9,-3;130,-13,1;185,67,7;195,-11,1;205,-15,0;215,-16,-1;225,-13,0;235,-6,-1;245,-17,0;250,-54,-7;260,-4,1;285,25,9;295,-17,-3;305,-10,-2;315,-12,4;325,-15,1;335,-8,-6;345,-20,5;385,-30,-1;405,-22,2;415,-5,-2;417,-10,-1;435,-81,-1;440,0,-9;445,-11,10;450,-4,-9;455,-3,10;460,-7,-4;470,-10,-5;515,97,7;1104,121,-9
rua||eurindo barbosa de lacerda|pao de acucar|38181578|20,-1956272,-4692644;30,2,-12;40,2,-10;50,2,-7;60,5,-13;70,1,-9;80,2,-5;90,1,-8;100,1,-9;110,2,-15;120,3,-10;130,5,-4;140,1,-8;150,7,-14;160,1,-9;170,2,-11;180,0,0;190,6,-18;200,3,-10;210,3,-32;220,6,-9;230,3,-7;240,1,-10;245,-8,4;250,11,-15;260,2,-8;270,3,-9;280,4,-8;290,2,-9;300,2,-11;310,0,-5;320,5,-10;330,3,-15;340,3,-8;350,2,-11;360,1,-2;370,3,-12;380,1,-9;390,2,-8
rua||francisca landim|francisco duarte|38181044|25,-1957430,-4694119;30,2,13;35,5,-3;40,11,8;45,-5,-5;50,-1,12;55,13,6;60,-10,1
rua||geraldo lima|pao de acucar iv|38184846|10,-1956200,-4692013;75,21,30
rua||honorio ferreira leite|joao ribeiro|38184108|31,-1960096,-4694537;40,-10,-3;41,7,8;50,-14,-6;51,2,-1;60,-19,3;61,4,0;70,-12,0;71,3,9;80,-7,-12;90,-11,3;95,-1,15;178,-56,-16;435,22,38;445,-15,-35;455,-10,2;465,-7,2;475,-9,-1;485,-8,-2
rua||jairo fiuza lemos|santa rita|38181487|30,-1958283,-4693291;70,19,19;90,26,30;100,10,5;140,25,35;175,23,6;205,29,30;215,9,8;225,6,12;255,26,31;265,3,3;275,7,9;285,9,9;295,9,4;305,5,8;315,-75,-82;319,83,91;325,8,7;335,7,7;345,19,9;355,11,8;357,3,3;365,7,1
rua||joana matos lima|natalia|38181550|6,-1957271,-4692355;10,33,3;20,10,2;30,9,-1;35,4,-3;40,3,1;45,11,6;50,1,1;55,6,-1;60,2,4;65,8,-4;70,-1,7;75,6,-3;80,8,8;85,-1,-6;90,11,7;95,0,-5;100,4,7;105,5,-8;110,3,13;115,10,-8;120,-2,7;125,9,-2;130,5,7;135,-1,-6;140,8,7;145,5,-2;150,4,3;155,5,-2;160,7,7;165,-1,-6;170,10,9;175,0,-5;380,-352,-56;385,16,-8;390,-28,1;395,10,-5;400,-22,0;405,15,0;410,-20,1;415,14,-4;420,-22,0;425,13,-5;430,-16,-7;440,-11,4;445,4,-2;450,-10,3;455,3,-7;460,-17,-5;465,9,1;470,-23,6;475,15,-7;480,-18,3;485,10,-4;490,-22,1;495,11,-5;500,-20,0;505,14,-2;510,-52,57;515,44,-61;520,-23,24;525,10,-27;530,-14,-8;535,6,5;540,-14,8;545,113,29;550,-122,-38;555,15,0;560,-35,-4;565,20,-2;570,-26,0;575,15,0;580,-26,-2;585,18,0;590,-20,-16;595,7,15;600,-21,-13;605,18,12;615,-11,-6;625,-16,-8
rua||joao alves de lima|santa luzia|38184058|10,-1959585,-4694533;20,-8,-5;30,-1,4;40,-17,-7;100,-65,-18
rua||joao borges laert|oliveiras|38181812|25,-1957301,-4691995
rua||jose da cruz leite|novo pao de acucar|38184819|15,-1956526,-4692196;20,1,7;25,2,2;30,2,8;35,0,-3;40,2,17;45,4,-3;50,1,19;65,4,7;70,-1,9;75,6,2;85,8,8;95,1,13;100,-4,9;105,4,-1;115,5,10;120,-3,15;125,-2,-6;135,12,25;140,-1,-3;150,2,17;155,9,7;160,-10,-5;170,7,16;180,4,4
rua||jose da silva leitao|dona beja|38183418|29,-1961922,-4693506;37,-5,4;39,-3,11;49,-10,7;69,-10,19;75,-44,57;79,33,-48;80,-13,22;89,1,-3;139,-23,35;149,-11,12;159,-4,8;169,-10,12;179,-5,5;189,-6,7;199,-7,12;209,-8,13;220,-21,17;320,15,-6
rua||jose da silva leitao|silveria|38183418|160,-1962041,-4693369
rua||jose maria de lacerda|villagio i|38184566|45,-1960687,-4696623;75,-22,-34;95,-13,-16
rua||julia leime|abolicao|38180224|95,-1957211,-4695067;105,6,5;185,117,20;250,127,15
rua||julia leime|sao francisco|38180224|120,-1957171,-4695053;130,93,16;135,62,11;140,-137,-25;150,11,1;160,15,4;170,0,0;180,10,3
rua||julia porfirio leitao|europa|38181790|30,-1959168,-4691205;35,3,-9;45,14,5;65,15,17;75,10,12;80,0,13;85,10,-14;90,0,16;100,5,4;105,7,2;110,5,20
rua||luiz leite|guilhermina vieira chaer|38184286|180,-1960390,-4694742;300,63,-1;305,-24,7;310,19,-7;320,-12,1;330,-11,3;340,-52,-6;350,-18,0;355,4,10;359,16,3;360,-27,-11;365,-8,11;370,-8,-4;375,1,3;380,-8,-9;395,-11,3;405,-13,7;425,-25,-8;435,-12,5;475,-64,-2;485,-11,0;490,-13,-3;495,7,2;505,-9,2;512,-19,-12;515,5,10;520,-18,-10;525,10,6;530,-19,-13;535,6,16;540,-17,-7;545,8,4;550,-18,-5;555,4,9;560,-13,-8;565,3,1;570,-14,-1;575,4,4;580,-17,-5;650,-79,-8;660,-10,7;680,-17,7
rua||marcelo de tarco laert|boa vista|38180694|10,-1959710,-4696432;15,10,-11;20,2,12;25,6,-15;30,2,12;35,-4,-13;40,13,9;45,7,-15;50,-2,13;55,12,-16;60,-1,12;65,3,-11;70,7,8;75,7,-13;80,1,9;85,8,-15;90,1,12;95,8,-15;100,-1,13;105,9,-15;110,0,12;115,7,-16;120,-1,13;125,11,-19;130,-2,12;135,8,-10;140,1,6;145,11,-10;150,-1,10
rua||maria das gracas lacerda|ana antonia|38181466|35,-1957580,-4692808;45,-3,1
rua||maria das gracas lacerda|orozino teixeira|38181466|60,-1957643,-4692825;70,-46,-16;95,30,6
rua||maria do rosario lima|mangabeiras|38182532|10,-1961916,-4692254;20,-7,7;25,7,2;30,-7,11;35,3,2;40,-2,12;45,3,-2;50,-6,8;55,2,6;60,-4,6;65,8,6;70,-13,4;75,4,3;80,-3,5;90,20,40;100,-13,-1;110,-15,2;120,-1,1;180,-16,82;190,9,17;195,-4,0;200,-15,12;210,0,3;220,-2,14;225,5,9;230,-8,-4;235,9,7;240,-8,13;245,8,3;250,-12,5
rua||miguel arcanjo lara|jose ferreira guimaraes|38182168|20,-1960148,-4691908;30,-11,10;40,-8,7;55,-9,15;60,-4,-8;65,-8,14;70,-5,-5;75,2,10;80,-12,1;85,0,10
rua||odorico jose lazaro|bela vista|38182726|50,-1962502,-4691645;200,178,53;240,37,16
rua||ofelia silva leite|amazonas|38180580|20,-1957588,-4696185;25,4,-13;30,9,16;35,3,-6;45,18,5;50,2,11;60,11,2;65,4,8;67,3,-13;70,3,11;73,9,-3;75,-4,3;80,8,7;85,11,-9;95,9,7;120,22,26;125,12,-17
rua||onilda de fatima lemos|quintas do lago|38180792|30,-1958607,-4695471;55,15,-4;70,7,14;75,5,-8;155,41,21;215,44,17;320,22,-67
rua||onofre alves leite|verde|38184899|20,-1958850,-4692420;30,4,-8;40,12,-16;50,1,-6
rua||pedro lemos|alvorada|38180003|20,-1959471,-4694841;70,25,-47;80,0,10;100,4,-22;130,9,-38;140,-9,-2;150,11,-16;160,7,-10;170,5,-12;230,22,-98;240,7,-13
rua||raimundo loureiro|odilon jose carneiro|38182066|10,-1959771,-4692468;15,4,-10;20,4,14;25,10,-5;30,4,16;35,3,-9;40,6,14;45,1,-4;50,7,11;55,3,-7;60,7,12;65,2,-9;70,5,14;75,3,-4;80,7,12;85,-1,-4;90,6,9;95,12,-3;100,0,14;105,2,-5;110,7,8;115,11,-6
rua||rogerio lidio|max newmann i|38180298|140,-1956061,-4695175;155,8,12;160,-19,8;170,-4,6;185,2,26;190,-11,1;200,-3,6;205,0,14;210,-6,-5;215,2,11;220,-5,-5;230,-10,17;235,3,13;240,-7,-7;245,2,16;260,-11,-1;265,-1,21;270,-4,-2;275,0,17;280,-6,-6;285,4,8;305,-15,21
rua||sebastiao ferreira leao|villagio i|38184495|15,-1960928,-4696274;20,-13,-5;25,20,13;30,-9,2;65,33,40;70,0,6;75,7,-1;80,-2,4;90,8,15;95,2,-5
rua||selym leime|jose ferreira guimaraes|38183144|76,-1959291,-4693266;90,-3,17;105,9,1;110,-25,23;115,16,-4;130,-94,167;135,85,-155;136,-14,9;146,-3,9;149,5,1;155,-1,8;167,32,-63;200,-59,104;208,-9,15;225,15,-11;237,-8,14;249,-4,9;280,-39,59;292,-4,6;297,20,-20;304,-25,19;309,16,2;316,-23,22;321,25,-17;328,-29,16;333,15,-10;340,-28,30;345,23,-14;351,-5,6;359,-5,11;415,116,-277;429,-148,341;439,-1,6;455,3,15;465,-22,4;475,0,12;495,-12,25;499,-5,10
rua||terezinha lemos|alvorada|38180005|30,-1959316,-4695305;45,-7,4;55,3,17;65,3,15;70,-3,-29;75,5,36;85,-2,18;90,-4,-5;95,5,21;105,3,7;110,-8,-20;120,1,9;125,1,14;130,-3,-1;145,8,19;155,0,4;175,-4,24;180,-9,8;193,2,9;195,-4,10;200,-3,2;203,3,6;205,0,3
rua||thomaz de lima|novo horizonte|38181727|110,-1956560,-4693235;120,-7,-12;130,-3,-11;140,-4,-4;160,-12,-20;170,-4,-11;180,0,-17;190,-20,-15;200,-1,-5;210,-6,-12;220,-10,-14;230,4,-11;240,-10,-3;250,-4,-14;260,-3,-9;270,-7,-9;280,-5,-13;290,-6,-12;330,-25,-42;350,-5,-16;370,-9,-28;380,85,-117;390,6,-51;395,-102,179
rua||thomaz de lima|pao de acucar|38181727|10,-1956518,-4693109;15,-27,-54;20,27,40;25,-8,19;35,-5,-8;45,-9,-22;65,-11,-12;75,5,-4;80,-14,-29;85,9,17;111,285,87;315,-408,-362
rua||wellington lemos|pao de acucar|38181703|10,-1956663,-4692808;15,181,-97;16,-169,90;25,82,-62;30,-71,54;40,14,-7;50,65,183;70,-48,-191;80,6,-3;85,3,-11;90,13,6;95,-3,-8;100,10,4;105,3,-6;110,5,2;120,5,-2;125,-1,-8;130,5,6;140,24,-10;150,2,0;160,2,-5;190,30,-10;200,9,-4;212,10,-1;220,7,4;230,6,-14;240,14,-5;250,4,-3;260,8,-8;270,9,-2;275,18,-16;280,-4,7;290,4,-2;300,11,0;305,32,-29;310,-26,21;315,34,-25;320,-28,24;325,42,-38;335,2,2;345,14,-2;355,8,-4;360,-35,51;370,10,-29;380,10,-3;385,37,-30;410,-10,16;420,3,-5;430,12,0;440,8,-4;450,10,-8;460,7,-2;470,1,-4;480,13,-6;490,4,-2;500,10,-6;510,8,-4;520,11,-4;530,7,-6;550,10,-4;560,6,-6;570,11,-3
