avenida|governador|magalhaes pinto|senhor do bonfim|35938000|9,-1982968,-4309620;19,-9,-7;20,-1,-12;22,-7,25;45,14,5;48,-2,-8;58,-2,24;60,212,315;62,-214,-314;65,14,-5;67,0,4;68,-5,13;74,0,-8;77,4,3;82,6,12;83,-6,-4;88,8,17;91,-10,-5;102,14,13;108,3,10;111,-10,-4;112,28,8;116,-22,1;120,4,3;125,7,-8;135,-6,4;136,-11,-24;140,22,50;147,2,-9;155,-23,-73;172,26,105;195,2,18;202,18,11;207,-7,-2;229,17,28;244,20,20;245,-7,-15;255,3,6;257,3,13;262,11,-3;274,5,22;286,12,-8;293,-5,16;305,14,13;314,-2,-13;319,1,21;335,11,9;338,4,-8;343,4,30;344,5,-20;346,10,13;347,-7,12;352,11,0;357,12,1;362,-7,-4;363,3,7;372,15,-12;376,1,23;382,-8,6;383,2,-4;391,5,5;399,5,1;405,2,34;418,-6,-31;422,17,3
avenida||antonio modesto de avila|bandeirantes|35938000|8,-1982986,-4308859;13,8,-17;20,48,53;27,-29,-37;28,6,14;30,3,-25;34,-5,-7;44,18,14;49,-7,-7;54,9,7;61,6,-20;68,14,16;70,-5,-2
avenida||antonio modesto de avila|serrinha|35938000|15,-1982887,-4308880;120,20,17;136,9,3;140,7,-7;146,10,11;154,10,3;157,-21,13;160,28,-12;178,8,5;185,-9,3;186,15,1;192,9,-1;195,-12,5;204,26,-1;210,-12,6;214,18,-7;215,-13,10;222,20,-12;229,-11,11;234,5,-10;242,26,6;261,9,3;262,8,-1
avenida||arthur costa e silva|maria marcelina de jesus|35938000|5,-1982889,-4309711;12,11,-62;25,2,38;41,2,-12;70,18,24;76,-14,-69;77,4,-170;86,1,148;96,-5,-14;102,-3,-111;108,6,81;137,-22,32;144,15,40;149,-18,-46;161,8,-39;241,6,-80;248,6,35;276,1,-27;279,1,-45;309,-2,-24;332,5,-15;349,-10,-33
avenida||camilo azevedo de barros|serrinha|35938000|149,-1982681,-4308914;152,4,-17;153,15,43;164,-12,-36;171,12,69;174,-3,-54;175,3,65;179,-1,19;181,4,-46;202,0,0;230,2,15;252,-2,16;258,-6,9;269,-2,41;271,0,-24;273,-1,10;274,-1,-15;288,8,17;300,21,19;310,3,18;365,33,40;369,-5,-1;381,21,0;389,5,2;397,11,30;413,10,-27;433,13,7;435,-3,-13
avenida||jose modesto de avila|bandeirantes|35938000|30,-1982934,-4308933;770,-51,-536;785,7,-3;801,11,33;839,7,29;851,12,9;863,10,17;865,-2,-1;875,-27,6;883,48,6;895,-3,2;943,9,37;1027,4,100;1045,-6,6;1053,12,10;1063,2,6;1077,-29,-81;1087,31,107;1304,-58,252;1308,0,-2;1310,-1,2;1338,-34,19;1341,24,-62;1353,9,7;1365,1,16;1367,-41,71;1377,35,-59;1380,-48,62;1403,27,-48;1411,-10,-1;1423,12,13;1435,-20,10;1438,52,-31;1449,-41,45;1463,1,26;1465,10,18;1467,-1,8;1547,-6,-49
avenida||jose modesto de avila|centro|35938000|4,-1982491,-4309684;16,-6,6;27,-43,-4;37,-3,13;45,-11,3;61,-8,8;75,-6,0;81,-18,-3;90,-4,6;104,20,1;105,-36,1;116,15,6;119,-28,-9;136,12,9;141,-33,-10;146,20,4;152,-8,4;154,-5,4;166,-21,-15;167,5,15;186,-38,-3;188,-10,-14;200,-11,19;220,-1,-14;232,-26,0;241,29,-1;242,-41,-7;252,0,0;255,34,3;263,-14,2;264,-37,-3;267,33,0;287,-15,-4;288,-32,12;296,-10,-4;297,34,-4;305,-9,-5;306,-31,0;317,18,0;322,-27,1;337,14,-3;342,-27,4;356,-9,4;357,30,-7;362,-50,-6;367,29,1;372,-26,5;377,12,-7;384,-22,6;397,2,-9;398,-23,5;400,20,-2;404,-38,0;422,-26,1;457,36,-9;471,-38,11;523,-44,4;535,-10,1;537,-2,-5;549,-18,5;559,55,-6;563,-7,7;565,-60,29;571,5,-9;585,-4,9;595,1,15;601,-7,0;618,215,-39;719,-239,31
avenida||jose modesto de avila|maria marcelina de jesus|35938000|185,-1982672,-4309651;199,4,-27;205,-18,18;619,-333,49;675,51,102;691,-10,10
avenida||jose modesto de avila|senhor do bonfim|35938000|36,-1982961,-4309443;101,31,-232;102,-6,0;201,7,2;252,-6,-5;452,9,-13;464,-6,9;472,-21,9;492,-13,1;500,-5,3;520,-19,14;528,-6,42;548,-23,12;564,-2,15;578,0,5;596,14,22;608,8,1;616,-4,-11;618,3,9;626,6,24;640,15,12;648,1,13;660,-9,18;701,1,-1;750,32,57;780,14,24;792,0,15;800,9,3;826,19,27;881,-3,-17;1001,8,293;1080,9,-83;1090,1,21
avenida||leao de araujo|lages|35938000|15,-1981721,-4306715;25,5,0;50,-9,18;59,23,-30;61,3,0;62,3,9;63,7,-19;65,12,-9;71,10,-7;74,-15,25;110,157,-124;141,-93,64;153,10,-20;155,27,-7;157,144,-105;189,-268,200;240,115,-75;725,205,-160
avenida||maria marcelina de jesus|maria marcelina de jesus|35938000|5,-1982775,-4309971;45,69,279;50,-4,-20;51,-9,-2;62,11,-2;75,-12,-13;102,-3,-21;120,-2,-24;121,9,36;130,-18,-106;187,-2,15;189,-7,2;211,-13,-52;214,10,26;215,-12,-37;232,6,11;250,1,-15;263,-20,-37;264,14,22;270,-2,-17;274,-11,-9;283,-1,-25
avenida||roberto rezende|bandeirantes|35938000|2,-1983249,-4308925;4,0,-13;8,48,-13;9,-43,6
beco||da rua jose zito de avila|bandeirantes|35938000|1280,-1982939,-4308893;1300,-25,-4
estrada||caminho grande|fazenda caminho grande|35938000|1,-1980549,-4309345
estrada||da capela branca|capela branca|35938000|23,-1980659,-4311638
estrada||do barbosa|barbosa|35938000|5859,-1984578,-4303457
estrada||principal|barbosa|35938000|403,-1983016,-4305952
estrada||principal|palmital|35938000|1,-1983041,-4307623;2,-50,-94;3,-9,-3;5,61,98;7,-45,-24;9,6,-44;12,5,58;13,7,9
outros||br 262|senhor do bonfim|35938000|77,-1982438,-4309573;83,-34,29
praca|sao|sebastiao|bandeirantes|35938000|1,-1983015,-4308804;2,12,-4;3,15,31;5,-14,-33;7,2,-16;9,-6,-26;15,0,12;17,20,17;23,-24,15;30,26,16;35,-1,1;39,-22,16;43,27,0
praca||do cruzeiro|senhor do bonfim|35938000|11,-1982974,-4309511;21,10,22;35,5,10
rodovia||br 262|corrego do cedro|35938000|8,-1987436,-4307803;9,-17,-11;16,-87,114;27,-27,-25;36,-21,-16;52,-92,36;185,711,-547
rodovia||br 381|lages|35938000|4,-1981837,-4306755;10,-169,-166;13,713,601;29,-685,-550;66,-89,-146;128,1197,570;205,-920,-275;237,-10,-7;245,-8,-4;249,13,6;295,-51,-34;301,850,404;325,108,-86;339,-47,38;363,-980,-442;364,945,465;367,-952,-473;379,11,11;383,6,15;387,-22,-34;401,29,46;427,16,16;443,5,1;455,2,6;495,-102,-154
rua|deputado|guilherme machado|centro|35938000|432,-1982697,-4309308;442,10,3;454,10,5;462,6,4
rua|deputado|guilherme machado|senhor do bonfim|35938000|9,-1982919,-4309669;12,0,34;15,318,337;30,-312,-319;34,-7,-7;36,-15,26;38,20,-20;40,-2,-2;45,9,14;62,2,8;63,4,3;68,10,4;70,-8,5;78,4,2;88,0,21;95,0,-21;98,1,24;109,6,1;110,11,13;111,-11,-9;115,-3,6;120,9,11;125,3,-10;133,7,4;134,-8,18;135,-6,-2;137,6,10;142,2,16;152,1,4;167,2,-6;172,17,21;180,10,18;182,-9,1;191,-4,-13;205,16,10;217,-3,4;219,5,-6;220,-8,12;223,16,-7;230,7,28;243,4,-8;251,12,14;260,-4,6;264,6,6;268,15,2;269,-10,-2;274,17,18;281,-10,-12;284,-3,12;287,8,5;306,16,10;315,2,-5;316,0,12;326,12,6;327,15,17;336,-31,-27;338,18,13;340,3,4;350,5,10;360,181,92;368,-167,-75;370,25,15;377,12,2;393,10,5;405,3,5;409,5,6;413,10,2;421,-1,2;425,6,2;433,15,-3;457,34,6;464,-310,-348;465,314,349;510,19,24;518,-2,-15;520,-17,2;525,45,24;535,-14,-33;537,17,37;560,-20,-31
rua|deputado|horta pereira|bandeirantes|35938000|2,-1983029,-4308774;7,-16,-39;9,1,6;12,-9,-6;13,3,1;20,-7,-10;24,3,5;25,5,-11;27,-15,5;32,-11,1;33,9,8;40,-18,-13;45,-2,-4;50,-14,1;52,4,-6;56,-5,-2;57,4,-10;64,-12,18;67,0,-14;70,-23,0;80,1,0;82,-16,-2;94,-25,-9;96,46,37;100,-27,-20;105,-7,-6;144,-14,-49
rua|dom|marcos de noronha|serrinha|35938000|30,-1982531,-4308658;41,-1,27;98,6,-34
rua|dom|silverio|bandeirantes|35938000|20,-1983154,-4308576;44,-24,-6;61,-34,-31;73,2,-23;108,-28,36;122,-10,-8;131,-12,-9;136,10,7;141,-5,-13;144,-14,3;147,5,1
rua|nossa senhora|aparecida|maria marcelina de jesus|35938000|2,-1983054,-4309894;5,263,212;7,-228,-165;19,227,151;26,4,-7;28,-3,-11;31,-5,1;47,-6,-7;54,-4,7;55,-1,-8;65,-5,-2;66,20,8;68,-40,-23;70,15,10;72,11,1;75,-16,-2;78,8,8;84,-5,-3;92,-10,-18;112,-4,-8;118,-3,-9;122,-5,-6;126,-111,-63;128,105,63;134,-14,-8;167,-42,-23;169,-4,-7;171,-4,-1;175,-17,-13;191,-13,-11;204,39,17;215,-13,3;216,-6,-10;222,-8,-5;223,-18,-5;238,15,9;248,-7,-7;253,-20,-5;282,-19,-12;284,-14,-4;287,6,0;295,-11,1;301,58,62;304,-23,-44;305,-46,-11;322,-35,-19;330,-19,-12;341,8,11
rua|padre|gerard lucien peeters|lages|35938000|8,-1982245,-4306680;14,11,-1;16,3,10;19,1,0;25,4,3;26,2,6;29,16,-12;30,-43,-21;31,41,23;37,-6,9;38,0,6;43,13,-2;44,-10,11;49,6,4;50,-9,-2;55,17,11;56,-4,0;61,9,5;62,-4,1;67,8,2;68,-12,10;71,12,-2;72,-61,-79;73,62,82;74,-5,4;79,-17,-35;80,21,42;85,3,-5;91,19,12;97,-1,8;101,-27,-39;103,30,36;109,10,17;123,6,4
rua|padre|oswaldo podesta|lages|35938000|3,-1982267,-4306647;4,0,7;5,4,-4;11,3,6;16,-3,7;17,7,1;18,0,0;23,5,4;29,5,6;35,8,5;41,0,3;47,9,9;53,1,10;59,-3,-4;64,4,8;65,8,10;78,-53,-75
rua|pio|xii|bandeirantes|35938000|10,-1983125,-4308791;25,67,24;55,-37,-18;61,-2,-1;64,3,-1;65,-16,-1;97,-35,-13;98,-7,-4;100,-1,-9;102,-4,10;105,-11,-3;106,-3,-4;110,-8,-2
rua|pio|xi|serrinha|35938000|10,-1982806,-4308806;11,3,2;27,17,-3
rua|professor|alberto deodato|bandeirantes|35938000|1,-1983069,-4308922;28,5,-35;30,-2,2
rua|santa|catarina|senhor do bonfim|35938000|5,-1982866,-4309227;11,85,47;15,7,11;25,12,-2;31,6,2;41,-6,11;43,14,9;50,-34,-26;53,38,33;56,-14,-28;61,17,44;62,-24,-38;73,21,37;74,-12,-25;83,11,34;86,-5,-26;97,3,36;98,-3,-18;103,10,30;110,-12,-23;122,8,9;125,-3,26;136,3,18;137,-7,-4;146,2,-9;149,9,19;155,-9,9;165,6,-1;170,-12,-31;172,-1,22
rua|santa|cruz|bandeirantes|35938000|13,-1982900,-4308698;23,-1,0;74,-54,-19;78,3,22;82,7,-16;86,9,-1;88,-9,-3;90,-14,7;91,5,-2;92,-6,9;98,-19,8;191,47,-18
rua|santa|helena|senhor do bonfim|35938000|12,-1982814,-4309515;15,-1,-19;22,1,8;38,1,-15;40,-9,4;48,-9,-1
rua|santa|marta|lages|35938000|43,-1981204,-4306535;47,103,81;57,-4,-8;70,4,-12;87,378,-306;90,-412,268;113,-25,-7;123,-59,-6;124,81,4;136,-8,-52;140,4,-4;155,-16,19;157,-24,-27;203,48,-27;209,11,-25;210,11,17;223,-3,-18;227,16,-2;230,11,14;245,32,-38;247,-75,53;248,92,-68;251,-46,30;265,18,-22;281,17,-10;313,38,-30;327,6,-1;329,4,-3;331,-5,7;342,38,2;345,1,-25;354,4,20;363,43,-47;370,-31,46;371,-37,5;381,6,-30;382,40,18;392,18,-6;394,9,-1;405,-15,-55;416,297,-16;417,-277,17;420,410,-205;423,-411,206;440,7,22;443,32,-50;453,1,-6;477,20,-6;497,24,-4;510,27,6;515,-13,-12;525,16,-10;530,9,15;546,37,38;547,-24,-47;555,6,21;577,19,-3;580,-7,30;595,45,-4;599,-26,-12;600,27,21;609,-10,-30;680,141,21;782,1,-37;800,23,-49;811,-16,-7;812,32,-2;817,-31,-11;821,3,-5;825,16,-25;833,3,-5;840,10,23;846,0,2;850,-3,5;854,3,-27;860,0,-3;864,-2,-2;870,4,-11;900,-2,-13;930,28,-28;940,34,-4;950,-21,-25
rua|santa|rita|bandeirantes|35938000|6,-1983124,-4308826;12,17,4;15,-18,-14;19,-2,20;20,-2,10;35,-6,13;40,-3,20;43,-16,19;45,-2,-4;52,12,-3;54,-3,6;58,-4,17;60,6,-13;70,-22,28;100,-6,22;108,-4,-16;120,-20,43;140,-4,46;148,7,-22;161,42,-89;201,-27,60;235,-27,64
rua|santo|antonio|senhor do bonfim|35938000|2,-1982704,-4309564;3,0,-18;9,-4,-1;12,-17,6;15,5,-2;26,-10,-3;27,-7,-7;31,-9,2;36,12,0;42,-12,1;45,-7,-10;54,-2,4;57,-4,-9;64,3,7;65,-15,-12;75,-10,-3;109,-46,-60;115,20,58;120,9,37;125,1,-26;126,-13,-8;133,-3,-5;138,-4,-6;142,-8,-1;154,-18,4;163,5,-11;164,-3,-10;169,-8,3;174,6,-1;177,-6,6
rua|sao|bartolomeu|bandeirantes|35938000|15,-1983103,-4308633;25,-20,-14;26,3,12;45,-33,-16;55,5,-3;56,16,11;66,-12,-5;74,-10,-2;79,-12,-4;93,-37,-12;109,-14,0;118,11,-22;122,9,-23;134,-29,35;135,4,3;146,-1,-50;147,-18,42;165,-6,-3;180,-4,-6;200,-1,2
rua|sao|domingos do prata|bandeirantes|35938000|6,-1983194,-4308970;10,-5,-13;15,7,-8;18,-9,-1;22,-5,-13;25,1,-3;30,-4,-10;35,10,-3;38,-8,8;40,-5,-23;48,7,-6;60,1,-10;62,3,-5;63,-6,21;65,-20,-14;79,18,-18;80,0,-28;90,1,1;117,-7,-19;140,5,-11;152,15,1;154,-5,-1;193,-18,-54;200,12,-9;221,-14,11
rua|sao|francisco|senhor do bonfim|35938000|75,-1982346,-4309497;88,32,-28;89,-18,16;94,14,-24;101,15,-145;107,20,57;108,-18,83;112,-9,-1
rua|sao|geraldo|maria marcelina de jesus|35938000|10,-1983017,-4309615;12,-9,-11;15,-53,-1;22,40,3;30,-20,0;35,-45,-35;48,44,31;49,-55,-32;53,0,2;58,37,43;62,-9,-14;65,-35,-52;70,33,49;73,-41,-50;108,37,29;114,-17,-6;122,-2,-4;132,-5,-9;140,-7,-10;146,-8,-1;160,-7,-15
rua|sao|jose|corrego fundo|35938000|30,-1984777,-4306777;40,-17,-13;50,6,-12
rua|sao|miguel|bandeirantes|35938000|6,-1983218,-4308955;12,1,10;18,-5,13;22,-1,0;28,-7,13
rua|sao|paulo|bandeirantes|35938000|5,-1983162,-4308773;9,-2,-11;10,7,-11;15,-13,15;16,-3,-2;20,-9,-2;22,2,-13;23,-1,13;26,-5,-10;27,1,6;29,-20,-1;30,4,-7;32,-9,-1;34,-1,-4;35,-16,11;37,-6,1;40,35,-11;48,3,2;56,-34,-4
rua|sao|sebastiao|bandeirantes|35938000|16,-1983015,-4308751;21,-16,5;25,9,8;26,7,8;30,-1,-6;32,-24,-20;35,45,33;38,-7,2;39,7,5
rua||12 de maio|senhor do bonfim|35938000|11,-1982910,-4309475;16,114,-57;22,-104,59;25,126,-51;28,-21,-17;30,1,-3;32,-4,-4;36,-88,74;37,84,-34;76,-41,10;93,0,3;98,14,-4;106,3,-15;110,-6,13;116,15,-5;123,-2,4;124,17,-4;146,16,-15;160,15,-3;172,-2,-18;174,20,-12;184,9,13;187,-24,10;195,6,0;222,23,-6;250,-172,60
rua||15 de novembro|senhor do bonfim|35938000|1,-1982643,-4309301;8,-13,16;14,16,-26;28,2,-12;31,-5,-10;36,3,1;41,-1,-12;46,4,2;51,7,-7;56,-6,-1;59,0,-18;145,-6,112;157,-23,-29;160,21,23;168,6,16;169,-9,3;170,-3,11;180,1,14;181,5,-22;200,0,45;210,10,12;211,-20,-16;223,-1,4;247,-14,9;250,27,14;257,-8,-10;259,2,5;261,-8,48;270,7,-43;277,0,-6;280,-3,19;282,2,11;295,-4,7;305,-9,15;333,7,77;335,2,4;490,22,6
rua||1|corrego fundo|35938000|12,-1984349,-4307509;19,54,-15;33,20,-5;34,-46,12;44,8,-2;51,25,1
rua||21 de abril|serrinha|35938000|10,-1982605,-4308851;25,3,13;26,-3,18;30,-5,11;44,-17,17;56,31,-40
rua||29 de abril|serrinha|35938000|4,-1982619,-4308871;15,-3,-8;19,-15,6;45,25,1;49,22,-14;51,0,17;83,6,5;89,15,13;95,18,1;105,-11,-27;115,13,12;202,-87,-10
rua||2|corrego fundo|35938000|40,-1984578,-4307700;100,266,-43;160,-92,18;161,543,-68;220,-701,92
rua||3|corrego fundo|35938000|15,-1984421,-4307665;38,2,44;48,8,28;82,8,37;1166,9,48
rua||4|corrego fundo|35938000|100,-1984483,-4307875
rua||7 de setembro|maria marcelina de jesus|35938000|1,-1982982,-4309473;7,-5,-5;15,0,-8;19,-5,-13;28,-13,-29;32,-15,-78;33,17,83
rua||adelina mendes barros|bandeirantes|35938000|40,-1982850,-4309130;55,-11,-8;64,-3,49;77,-10,11;100,3,-58
rua||adelina mendes barros|senhor do bonfim|35938000|1,-1982886,-4309377;3,19,81;5,-1,-20;11,11,27;15,7,9;20,-5,2;21,-7,19;22,12,-11;24,3,36;25,-6,-16;28,10,16;29,-11,-1;30,-4,3;34,6,17;35,-7,49;37,-8,-2;39,14,-40;45,-15,34;52,17,-48;55,-10,36;56,3,-5;57,-25,96;60,19,-95;65,6,-2;118,-2,26;140,16,-45;279,-33,-165;282,8,-13;293,-10,10
rua||adelino felipe|lages|35938000|9,-1981817,-4306772;11,-3,-1;17,257,-70;26,-258,75;33,28,-55;34,96,-64;37,-91,62;38,-15,30;43,26,-36;50,-7,29;51,110,-105;58,-111,82;60,8,-4;63,22,-21;75,9,-6;85,10,-6;100,-12,15;110,18,-12;133,33,-33;143,3,-2;160,7,5;174,24,-27;176,11,-10;215,6,-40
rua||agapito|maria marcelina de jesus|35938000|8,-1983122,-4309705;9,-1,9;16,6,-8;17,5,-3;18,0,1
rua||alberico rodrigues|senhor do bonfim|35938000|1,-1982749,-4309417;2,1,-5;8,-1,-6;9,3,14;15,-7,-9;16,8,-10;25,5,-13;35,6,-8;44,-2,-17;45,2,8;50,3,-5;58,1,6;60,-8,4
rua||alipio de souza|bandeirantes|35938000|28,-1983023,-4309098;62,-11,-65;74,5,38;82,-17,-65;94,16,82;152,-26,-164;168,27,117;182,-28,-152
rua||alipio de souza|juscelino kubitschek|35938000|33,-1983016,-4309072;92,20,39;96,-5,-5;98,-7,-8;108,-7,-10
rua||altamiro ferreira neves|bandeirantes|35938000|31,-1983244,-4309125;43,-30,-8;55,1,7;61,-12,0;66,-1,-3;67,-44,4;70,23,-9;90,4,21
rua||alvinopolis|maria marcelina de jesus|35938000|11,-1982981,-4310017;16,3,-20;26,-6,19;33,3,13;35,0,14;38,-3,-11;60,2,9;72,-2,6;85,3,48;92,-1,-21;104,6,15;106,-3,9;108,2,9;112,-25,20;120,8,24
rua||alvorada|bandeirantes|35938000|1,-1983202,-4308492;2,0,0;30,-60,44;35,-8,4;50,-14,3;60,-16,-3;70,-3,1;90,-15,8;100,18,-5;102,1,0;103,-54,17;105,3,-1;119,-26,-1;125,2,-5;415,126,-36;443,-40,24
rua||amazonas|senhor do bonfim|35938000|1,-1982705,-4309281;20,-7,-22;30,0,22;40,-4,22;48,-6,14;57,18,-26;60,-22,33;67,24,-69;72,-25,82;75,23,-25;77,-4,10;80,-42,16;84,-2,9;94,6,12;97,32,22;102,-7,10;109,-2,-1;118,-3,-52;120,-4,36;130,0,-10;143,16,36;145,5,10;150,7,18;156,-29,94;171,31,-87;181,-4,3;183,5,12;210,6,11;213,3,17;237,2,27;240,-1,-25;245,-7,7;249,-1,30;252,6,-24;258,-4,7;288,-33,-1
rua||antonio alves bueno|lages|35938000|2,-1981854,-4306901;21,49,110;23,-1,-25;25,-20,-47;33,21,31;45,-43,-54;60,-9,-18;110,37,61
rua||antonio emidio santana|lages|35938000|45,-1982281,-4306723;70,-6,4;72,-7,14;75,18,-16;86,-24,26;92,-4,9;93,34,-74;103,-24,70;108,-14,12;117,10,-11;138,-33,44;161,26,-37;173,-7,15;185,-4,15;195,-6,3;209,-8,6;210,-2,4;223,2,7;229,-10,16;235,-12,8;241,-3,6;246,18,-28;247,-19,46;265,-4,-9;268,8,-21;273,-22,60;283,-1,8;286,38,-87;296,-35,78
rua||antonio marques|lages|35938000|5,-1981358,-4306662;11,14,-21;12,-22,23;14,-30,-15;16,-43,-20;22,76,43;30,21,20;56,15,42;80,5,29;93,5,11;100,0,9;107,8,6;520,-85,-141
rua||antonio vital bueno|lages|35938000|182,-1981446,-4306538;183,11,-5;186,4,-17;187,-12,23;189,17,-18;195,-20,29;202,-9,3;215,-19,36;216,-2,0;218,-12,26;219,10,-25;220,-17,34;221,13,-24;223,-2,14;232,-11,11;235,0,-4;236,-17,25;237,24,-11;240,-26,17;337,-30,57;338,-4,3;340,-7,2
rua||belmiro ferreira|maria marcelina de jesus|35938000|12,-1983094,-4309805;13,8,5;18,-15,5;32,-10,10;45,-1,12;46,2,-9;52,-6,7;62,-8,4;69,-10,1;72,-1,-2;83,-10,6;90,-7,-3;92,4,3;95,-13,14;102,0,-9;109,-5,11;112,-4,-2;121,-16,11;126,5,-13;130,-6,13;136,-3,-8;148,-19,19;149,11,-12;151,-11,4;153,-11,6;155,16,-7;157,-16,7;160,16,-2;180,-18,-3;183,-22,-8;192,13,5;202,-13,-6;212,-5,-1
rua||benevenuto pereira|senhor do bonfim|35938000|25,-1982811,-4309647;28,-12,0;32,1,12;37,-1,-2;47,2,9
rua||bernardo monteiro|bandeirantes|35938000|1,-1983236,-4309212;10,182,120;15,22,25;19,-19,-17;20,-6,-14;24,-11,-12;28,0,12;30,1,0;36,3,-22;70,-64,-20;85,16,-90;120,-37,77;130,-1,-10;140,-8,-1;145,-30,-11;153,-7,-7
rua||brasilia|bandeirantes|35938000|6,-1983341,-4308886;8,-83,12;10,73,-20;12,-13,6;14,-7,1;18,-4,1;19,-9,12;20,-14,-9;21,29,-4;25,-21,5;26,-18,-3;29,1,9;30,-11,-3;36,-6,8
rua||caetano martins da costa|lages|35938000|37,-1981689,-4306827;51,-7,-9;62,8,1;71,-16,-13;88,-1,-2;123,-19,-26;129,-8,-17;132,15,27;134,-23,-34;138,-9,-8;139,9,8
rua||camilo augusto bueno|lages|35938000|4,-1982113,-4306942;15,13,-172;19,-9,14;25,5,10;33,7,4;45,-72,170;46,7,-11;47,47,-132;51,0,-10;52,-69,153;54,14,2;57,56,-131;58,11,11;60,3,23;61,-94,95;62,-1,8;65,87,-130;66,-1,27;72,17,-41;73,-115,148;74,119,-89;75,-24,-40;77,-5,5;82,-104,140;83,108,-136;86,7,44;89,-3,-20;98,11,22;99,-10,-29;106,-119,123;109,109,-80;113,-193,168;115,-4,4;117,193,-157;118,-8,5;125,-41,27;130,-75,72;135,95,-91;143,-4,11;147,-7,-2;163,-146,148;174,22,-43;179,-3,38;182,-1,-29;188,-4,11;193,-6,-9;205,90,-87;207,-2,0;216,-11,14;219,14,-17;227,-25,10;238,15,-4;250,-34,54;251,1,-27;260,-15,29;265,7,-15;275,0,1;281,-53,70;295,22,-40;325,-13,19
rua||camilo taveira|serrinha|35938000|1,-1982745,-4308824;5,3,7;10,2,9;15,16,-4;23,0,-2;25,8,19;26,1,-7;28,-9,2;30,10,6;32,-4,4;43,10,27;90,0,37;100,1,14;125,2,18;130,3,12;150,-3,12;190,1,32;204,1,7
rua||carlos braga guerra|lages|35938000|6,-1982101,-4306704;12,-18,-8;15,0,-23;16,2,12;17,-13,3;20,5,-2;28,-15,-3;32,-25,-1;37,22,0;47,-25,-4;66,-46,4;70,-43,39;76,36,-32;85,-10,5;86,-1,2;93,-7,4;120,-58,89;141,-22,15
rua||castelo branco|maria marcelina de jesus|35938000|1,-1982711,-4309808;12,6,15;13,0,-16;20,-6,5;21,-53,53;22,4,2;23,68,-68;30,9,-13;34,-66,77;49,-1,-12
rua||ceara|maria marcelina de jesus|35938000|1,-1982765,-4309835;5,-13,-8;9,-14,-4;17,-15,1;33,-3,3;41,-12,-3;53,-15,-1;65,-10,2;108,-9,13
rua||corrego fundo|corrego fundo|35938000|85,-1984694,-4307152;105,-54,23;145,-98,180;165,-20,40;169,-7,10;175,-12,16;177,-5,19
rua||cristiano lucio|lages|35938000|10,-1981869,-4306895;37,-32,-6;40,0,2;51,7,13
rua||custodio de melo|lages|35938000|4,-1982046,-4306890;5,31,-14;10,-1,-8;11,-14,22;15,23,24;16,-42,-31;17,46,-20;19,15,46;22,-50,-31;23,32,45;25,-31,-29;27,2,-15;30,-21,-16
rua||custodio martins costa|maria marcelina de jesus|35938000|3,-1983001,-4309767;4,9,-3;20,-14,-4;21,2,2;27,-5,-6;32,-13,-7;33,6,10;42,-13,-13;43,1,7;45,-8,-6;52,-2,0;55,-6,-1;60,2,-5;63,-10,2;68,5,-3;70,-8,3;77,-9,-2;78,1,-7;87,-8,-2;95,-3,4;96,5,-4;114,-9,-2;124,-7,-5;132,-9,-5
rua||da bahia|bandeirantes|35938000|10,-1983054,-4308648;20,12,-4;26,7,-9;36,48,-10;46,-32,18;54,6,-13;62,-5,3;70,39,-13;74,-15,19;80,9,-20;88,10,1;90,12,-8;95,-8,25;100,17,-22;124,9,-18;125,-16,37;151,-2,-3;165,7,-16;170,4,-1;175,-2,-3;181,30,-12
rua||das palmeiras|lages|35938000|5,-1982089,-4306741;9,-1,-5;12,-10,-14;15,6,11;27,4,31;28,-4,-38;36,-10,-36;58,7,69;170,9,-33;203,-13,0
rua||dinora maria bueno|senhor do bonfim|35938000|20,-1982678,-4309231;27,-21,3;28,16,15;36,-15,-22;37,3,9;38,12,13;39,8,-15;41,1,34;44,-8,-24;46,-4,-3;47,2,-13;50,9,10;54,6,6;56,3,8;57,-8,-22;78,2,13;125,53,-1;127,1,-4;140,-3,21
rua||dos calixtos|senhor do bonfim|35938000|3,-1982725,-4309507;5,15,-4;18,11,2;24,7,-13;31,-4,16;36,6,2;37,-3,6;40,6,-8;46,3,9;53,3,5;56,8,-9;68,13,13;74,9,-1;75,-37,7;78,6,-10;80,38,2;85,-31,-6;90,16,3;92,30,20;95,-5,-9;103,5,9;105,0,11;119,17,0;120,8,1;127,-4,4;130,11,-8;140,21,12;150,44,-18;155,-30,23;201,-187,-87;220,35,25
rua||dos cardosos|lages|35938000|5,-1981677,-4306675;7,71,5;9,-65,9;11,81,-31;12,4,-2;13,-113,18;15,41,11;19,16,2;20,63,-26;32,-2,-15;65,-2,-48;68,20,3;71,-6,0;80,38,-50;91,-18,14;92,5,-4;95,-1,-5;104,10,-1;240,-29,18
rua||edson soares|lages|35938000|5,-1981455,-4306600;141,-62,-14;190,126,72;215,-71,-64;265,-38,-8;275,8,0;285,13,0
rua||esmeralda|senhor do bonfim|35938000|27,-1982523,-4309464;35,6,-17;36,0,-11;37,-4,-19;41,4,-7;71,-1,18;72,18,-9;76,-15,-4;117,3,-46;122,0,14;169,13,-64;179,12,2;210,6,4;211,21,-18
rua||esperanca ferreira neves|bandeirantes|35938000|14,-1983285,-4309007;16,-8,16;30,8,-12;40,-8,-13;45,2,27;48,4,-41;52,2,-11;55,-7,10;56,2,35;60,-5,-55;67,-4,-9
rua||esperanca|lages|35938000|11,-1982165,-4306778;20,-8,7;21,6,-2;23,3,-3;30,38,-34;31,-44,45;40,-7,5;41,7,6;50,-6,10;51,-4,-9;60,4,14;61,4,6
rua||etelvino alves|bandeirantes|35938000|15,-1983021,-4308776;21,-12,1;25,-6,13;70,-37,24;72,-30,-12;75,47,10;77,-23,10;87,-13,19;94,-42,21
rua||evangelista pessoa|senhor do bonfim|35938000|11,-1982749,-4309452;21,6,-3;28,-6,7;42,25,8;44,6,3;46,0,1;50,-8,3;246,-38,-18
rua||fernandino de souza|bandeirantes|35938000|10,-1983240,-4309063;18,-7,-3;19,24,8;26,-30,-29;34,-4,29;38,-13,-2;39,-1,-12;50,-13,-4;62,-6,8
rua||floresta|bandeirantes|35938000|2,-1982968,-4308756;6,6,-9;11,15,-9;12,-12,14;16,14,-12;19,-1,-10;20,5,2;21,-3,0;23,-1,-1;25,7,-22;26,9,8;33,-11,-17;36,12,21;39,5,-18;41,3,-9;45,9,-14;48,-15,20;57,26,-22;58,3,18;65,-13,-20;66,-17,-4;70,25,6;79,-5,-10
rua||florianopolis|bandeirantes|35938000|8,-1983490,-4308929;20,-5,9;45,15,93;70,-10,-47;90,4,32
rua||frederico ozanan|senhor do bonfim|35938000|7,-1982789,-4309270;9,-3,-4;10,15,22;11,-14,-13;22,2,12;29,0,11;35,-51,93;47,53,-79;62,-5,31;68,-19,9;72,4,-26;80,3,45;90,-36,20;109,37,-35;111,-7,17;112,0,43;115,8,-26;116,-27,8;120,-7,-14;125,46,15;137,-16,30;139,0,-20;149,18,22;156,-21,6;160,0,-22;161,0,20;168,-4,6;171,8,11;172,-5,2;181,14,8
rua||geraldo carlos barroso|juscelino kubitschek|35938000|48,-1982959,-4309093;50,0,-18;82,-6,52;88,-13,-9
rua||geraldo carlos barros|bandeirantes|35938000|27,-1982985,-4309026;37,-7,0;49,-7,-5;53,-14,-3;57,0,-4;69,-9,-13;142,-156,-117
rua||geraldo magela|corrego fundo|35938000|1,-1984058,-4307610;11,47,-9;17,-18,7;32,34,-2;33,4,-9;37,13,4;43,-2,-5
rua||getulio vargas|bandeirantes|35938000|23,-1983183,-4308730;27,-5,-2;35,-7,-6;36,2,20;40,2,-6;45,-19,-12;48,-4,24;54,-18,-29;55,149,-215;66,-159,216;68,2,-9;72,1,7;73,43,15;77,-42,-28;85,116,62;105,-3,-7;110,-43,2;121,24,-18;122,-5,8;126,88,22;131,-82,-28;132,84,32;134,-77,-24;138,11,-3;164,14,16;175,23,-6;195,12,17;200,-2,-9;210,17,7;212,-28,2
rua||gil bueno|bandeirantes|35938000|5,-1982868,-4308778;52,26,47;57,-63,-136;66,36,78;100,43,112
rua||goias|bandeirantes|35938000|8,-1983425,-4308862;13,-23,-131;18,0,58;32,14,19;42,12,64;52,-4,21
rua||guilhermino de oliveira|bandeirantes|35938000|5,-1983197,-4308966;12,18,-13;14,207,-49;20,-18,18;21,-68,10;25,44,7;30,19,-13;40,-74,22;54,60,-14;55,-90,20;60,0,-4;63,-2,6;64,96,-25;73,-117,28;76,-18,-2;100,-14,1;122,0,-4;151,-9,5
rua||guiomar quaresma|corrego fundo|35938000|16,-1984710,-4306679;146,427,-689;185,-623,525;201,0,0;245,81,223;258,-4,4;380,717,-894;800,318,-362;808,-4,5;810,-38,24;816,-8,4;822,-10,5;828,-148,80;830,128,-70;836,-12,9;838,-2,4;846,-22,14;849,52,2;850,-49,5;853,-2,10;855,-6,8;859,-13,17;860,-1,-13;869,-1,15;870,-8,-4;876,-7,3;878,-11,12;881,11,19;882,-17,-16;883,19,18;888,-44,-7;889,11,10;891,-2,-5;897,-9,8;901,-11,12;905,-9,2;911,-16,12;913,-1,0;919,-4,0;923,-3,12;927,-8,5;931,-16,12;932,-8,15;943,7,-5;950,-23,66;968,-16,44;972,-12,22;980,-3,3;981,-6,25;1004,-49,61;1017,-19,12;1018,-13,11;1026,-24,6;1045,-46,27;1050,-61,39;1126,136,-84;1148,-204,144;1156,-23,16;1159,54,-41;1160,-78,32;1214,-111,67;1250,-92,-2;1302,-30,182;1345,327,-293;1400,-380,642;1415,30,-37;1420,52,-85
rua||gustavo lages|lages|35938000|98,-1981489,-4306738;300,-17,31;355,5,-81;361,31,1;371,2,-13;374,2,-8;375,-6,-19
rua||itabira|maria marcelina de jesus|35938000|15,-1983071,-4309840;21,5,-8;33,5,-9;39,6,2;45,0,-33;55,4,-10;151,50,188;155,-60,-282;157,17,7;159,1,-18
rua||itagiba crisostomo fernandes|corrego fundo|35938000|47,-1984181,-4307747
rua||jaciara|bandeirantes|35938000|3,-1983332,-4308862;4,2,-21;6,7,19;7,-6,50;43,22,-12;55,-20,-12
rua||joao alvares martins guerra|bandeirantes|35938000|2,-1982988,-4308742;5,-212,231;6,0,-3;16,196,-253;26,30,23;40,-1,24;47,-5,-29;79,1,26;95,-5,3;110,-11,18;112,-9,8;113,-2,29;114,-12,-26;115,41,-16;117,-18,9;118,-28,8;123,-20,31;128,14,-29;137,-12,17;163,-19,34;168,-6,-20;169,23,-17;175,-25,46;177,-10,-10;185,-7,17;188,3,-30;209,-16,29;215,-13,11;219,0,3;225,-10,9;235,2,7;237,-11,8;240,-164,108;242,157,-118;257,-7,19;265,3,1;266,17,-24;270,-10,2;271,-11,25;277,-1,11;293,0,8;296,-16,-1;298,-8,6;300,-9,9;301,15,-12;319,-18,21;323,0,2;325,-3,-4;331,-9,15;332,-3,-9;345,-9,6;349,13,39;353,-15,-13;354,-6,-1;370,13,-18;382,-6,7;390,-22,17;394,16,-11;395,-29,45;396,-26,-26;404,-10,-2;412,-6,-2;414,-42,16;415,90,20;418,-120,-12;428,-13,0;439,77,-18;453,16,-10;469,11,10;477,-30,0
rua||joao batista daniel|lages|35938000|14,-1982151,-4307143;16,23,8;30,-35,-29;40,-14,4;46,-5,20;47,-38,58;50,17,-60;53,19,5;61,-18,19;63,-4,25;64,0,-28;65,3,-16;67,3,40;69,-5,-17;77,-11,34;83,26,-13;87,-22,35;90,-4,-37;98,8,40;99,-12,-55;101,-1,67;105,-17,-60;110,21,21;120,-7,16;124,1,8;128,4,6;132,-19,15;138,0,-1
rua||joao elias bueno|senhor do bonfim|35938000|23,-1982833,-4309240;25,14,13;30,-6,-8;33,-16,-10;34,26,20
rua||joao gomes dos santos|bandeirantes|35938000|8,-1983244,-4308495;16,-4,-10;21,-6,-13;28,2,0;29,-16,14;37,-3,-7;38,7,2;49,-25,-10;50,-63,0;56,75,6;64,-16,-4;67,-31,-10;72,-29,10;76,53,-33;87,-42,29;89,-13,6;90,-22,6;100,-10,6;101,-4,-4;102,1,1;105,78,-28;107,-50,19;117,-13,2;137,-26,3
rua||joao monlevade|bandeirantes|35938000|74,-1983296,-4308548;81,1,-4;93,-7,9;105,-4,11
rua||joao teixeira|senhor do bonfim|35938000|586,-1982572,-4309244;600,-4,20;605,-1,6;610,-5,7
rua||joaquim anatolio|lages|35938000|73,-1980708,-4306724;107,-34,-28;580,20,1;584,-7,-6;602,16,4
rua||joaquim claudio monteiro|lages|35938000|8,-1981331,-4306655;9,1,-27;42,-130,-71;54,28,11;66,7,-4;98,39,16;380,-3,6;385,-61,-43;395,8,15;403,10,3;419,1,-36;455,19,49;475,17,5;477,15,7;485,0,2;491,18,6;507,10,10;530,-15,11;537,32,10;549,10,8;550,-25,-14;557,28,15;565,23,21;585,7,32
rua||joaquim fernandes de lima|serrinha|35938000|5,-1982796,-4308875;7,3,-22;26,-7,31;32,12,-13;40,-4,-12
rua||joaquim ferreira|bandeirantes|35938000|10,-1983222,-4308939;67,38,26;70,-2,-14;75,-8,-21;80,2,-3;86,7,-4;87,-4,14;88,-6,-21
rua||joaquim gomes|lages|35938000|5,-1981868,-4306743;6,-272,-42;7,288,52;10,-340,-57;11,33,5;37,255,15;41,-7,-8;53,-21,5;63,-9,4;71,-21,-9;100,-48,18;101,46,0;107,-7,0;110,-52,-7;119,30,10;120,-30,-7;125,25,-4;131,-4,12;135,-22,-14;145,-32,14;170,-19,-27;215,-28,18;223,-7,-11;225,-63,-3;229,-160,39;230,5,-2;235,226,-21;239,46,-19;240,-7,2;262,-327,157;267,208,-176;280,60,12;326,-127,4;332,63,-16;335,-23,6;336,-32,-5;337,-70,50;340,86,-66;342,24,2;346,-67,30;350,348,-27;354,-286,3;368,-80,33;378,-44,60;388,-15,34;392,80,-105;399,-83,94;409,44,-66;410,18,-4;419,-85,91;424,17,2;427,33,-61;428,-53,76;429,8,-5;433,-7,9;435,55,-73;439,-59,74;441,49,-60;447,-59,82;448,-3,1;455,57,-83;462,-60,84;463,43,-35;464,-2,-55;465,-3,35;466,9,-34;470,-44,83;471,-5,19;477,-1,8;479,5,21;480,14,-55;485,-31,58;504,33,-74;538,-109,72;542,5,11;548,0,18;554,52,-21;558,-54,28;568,-17,8;572,-1,9;576,-16,6;577,188,-185;582,-197,192;586,-16,2;597,132,-80;619,-98,65;647,-11,9;669,-12,10;674,-58,-12;681,50,13;682,-18,3;687,7,4;690,-23,-7;696,14,7;698,-7,7
rua||joaquim serapiao|lages|35938000|15,-1981755,-4306734;35,2,12;97,-2,-2;120,-77,-112;130,-6,-3;139,-8,8;146,-4,-7;165,47,21;179,-32,-10;186,-32,-15;198,-12,1
rua||jose a guerra|lages|35938000|12,-1981436,-4306428;13,52,-79;20,-75,115;21,52,-91;22,-62,103;23,81,-121;25,-9,13;34,2,-2;42,-11,3;48,23,-11;75,-34,60
rua||jose domingues da silva|corrego fundo|35938000|29,-1984147,-4307661;35,38,-18
rua||jose gervasio de araujo|lages|35938000|26,-1981642,-4306580;29,-3,8;33,-10,20;43,-6,10;100,-1,-18
rua||jose jordiano|jose jordiano|35938000|21,-1982664,-4309692;23,12,-15;35,-23,-21;53,15,1;93,6,-30;105,-11,-7;111,-9,-15;127,-9,-33
rua||jose jordiano|maria marcelina de jesus|35938000|13,-1982729,-4309927;26,65,247;34,12,-8;38,23,-18;72,-35,-20;82,8,-14;92,-1,-6;106,4,-12;110,34,-7;140,-48,-37;157,-23,-52;160,14,31;167,-23,-46;196,12,23;206,-5,-21;238,-5,-12;271,-42,-59;272,37,33;290,-2,-5;308,-19,-27;352,-7,-8;356,-2,-3;360,-3,-15;365,-79,-60;376,70,45;385,-83,-53;396,66,52;400,-32,-28;420,-11,-7;425,-43,-30;432,29,30;446,31,16;448,12,-2;450,-41,-26;460,-5,-16;461,-64,2;473,-13,2;485,-8,2;497,-5,-4;500,80,-1;502,-9,-6;509,-82,-1;519,-11,0;532,35,2;533,-43,5;558,11,-6;825,-29,2;837,-7,5;866,-16,-9;882,-4,3;885,-22,17;899,-24,-11;902,11,-6;912,-13,2
rua||jose lino de oliveira|bandeirantes|35938000|58,-1982937,-4308737;69,-10,-6
rua||jose lucas vieira|lages|35938000|26,-1981383,-4306390;36,-10,17
rua||jose luciano|serrinha|35938000|8,-1982695,-4308999;20,15,48;23,-26,62;24,31,-67;25,45,-37;31,-95,161;35,30,-65;36,33,-66;37,-56,115;38,-15,4;39,54,-146;40,-37,110;41,3,29;45,15,-75;48,41,-40;51,11,-15;55,-9,7;57,-59,98;60,70,-106;63,-65,105;67,2,-17;71,72,-94;73,-7,4;74,-30,48;75,-25,34;80,-9,-1;90,21,-23;104,67,-72;112,-105,54;120,44,-6;122,-10,-14;132,-12,24
rua||jose mariano pereira|lages|35938000|5,-1981660,-4306439;22,14,32;43,41,-116;46,-15,23;49,11,-20;50,0,2;51,-26,48;57,29,-56;61,-11,22;62,30,-29;105,13,-53;117,7,-9;120,9,-12;129,6,0;140,54,-5
rua||jose maximo buzzi|lages|35938000|42,-1981656,-4306370
rua||jose natalicio|maria marcelina de jesus|35938000|4,-1983081,-4309761;16,-24,6;40,-11,2;45,6,-2;53,-17,10;63,-4,4;213,46,-29
rua||jose vieira|lages|35938000|82,-1981167,-4306393;100,9,6;409,120,-86;421,-25,24;440,23,-2;443,28,-39;445,4,25;446,-20,31;447,15,-59;448,-1,11;457,-4,-8;459,77,-61;464,-87,78;727,224,-163;799,32,-26;865,98,-30;869,1,-4;875,2,3;931,23,-11;932,1,2;935,-3,11;985,30,-20;1005,8,1;1035,-1,1;1065,101,-66;1085,27,-20;1095,-51,41;1120,32,3;1140,33,-31;1150,-18,17;1165,4,-19;1170,9,-17;1180,-8,-45
rua||jose zito avila|bandeirantes|35938000|5,-1982898,-4308902;36,45,216;42,-4,17;66,-17,-8;141,37,-15;153,-1,11;165,-22,5
rua||justina|maria marcelina de jesus|35938000|2,-1982851,-4309748;8,-136,6;20,1,-19;34,-1,-6;61,-1,-38;63,18,-21;65,-7,3;103,37,-65;120,3,0;123,-23,45;129,0,-9;137,2,-5;145,11,-24;155,8,-13;180,-7,11;201,10,-4;202,1,-1;301,-1,-1;302,-4,3
rua||maceio|bandeirantes|35938000|3,-1983343,-4308945;9,-17,-4;19,-21,5;22,-11,2;30,-11,-9;42,-10,7
rua||manoel cota|maria marcelina de jesus|35938000|7,-1982905,-4309722;21,-2,0;36,-9,-1;41,-4,6;44,-4,2;53,-12,-4;56,-3,6;66,-13,-5;75,-9,-4;76,7,-12;82,-5,14;93,-12,-3;105,-11,-2;113,-13,4;114,-5,-10;116,-11,-7;118,-5,-2;121,11,20;131,-5,0;137,2,-11;147,-22,-9;152,9,0;160,-28,-18;181,-17,11;193,6,-11;200,4,5;205,-19,-8;212,7,-4;220,-7,-4;232,-5,-2;242,-13,7;254,-5,-12;255,-1,2
rua||marcal martins costa|lages|35938000|22,-1981664,-4306483;46,26,23;51,0,-6;60,18,8;61,-2,2;70,-34,-18;86,49,32;96,9,6;110,-19,-12;116,29,14;144,105,70;154,-62,-36;180,61,39;184,-9,-2;237,-56,-66;287,46,52;289,20,10
rua||maria augusta drumond|lages|35938000|8,-1981665,-4306733;18,7,2;28,14,21;30,45,-13;40,-35,-4;42,16,3;58,1,1;81,68,-11;82,11,24;87,-2,-7;94,8,9;95,9,-7
rua||maristela braga guerra|lages|35938000|2,-1982038,-4306832;20,38,42;25,-105,-118;27,109,132;32,-126,-140;35,17,12;37,103,121;40,-3,-6;41,-1,-4;44,-5,0;45,-68,-76;47,26,4;50,46,68;51,-3,-23;60,-22,7;63,1,-1;75,1,-6;80,-52,-49;85,-12,-7;88,5,21;91,-21,-50;93,7,10;105,37,34;106,-10,-4;117,29,26;121,-16,-5;128,-5,-6;175,-25,-46;186,-25,-6;215,64,57;223,9,14;225,0,2;235,11,10
rua||matilde rosa da silva|lages|35938000|2,-1980686,-4306490;100,-14,-16;110,20,-22
rua||milton gomes de almeida|serrinha|35938000|20,-1982672,-4308779;30,-6,-11;271,-18,3
rua||minas gerais|maria marcelina de jesus|35938000|23,-1983041,-4309656;26,4,7;37,0,-8;38,8,-1;41,-5,0;64,8,-3;68,0,1
rua||moacir marques|bandeirantes|35938000|2,-1983008,-4308908;9,-32,-4;10,-63,3;36,74,2;70,-57,-5;84,-6,1;87,9,-8;96,-17,-3;99,6,1;102,-10,2;108,-16,5;111,23,-4;112,-29,-6;120,-5,8;123,28,-6;132,-27,6;135,15,1;144,-26,-11;147,31,10;150,-52,5;162,-12,-10;183,10,0;192,-37,12;195,27,-10;204,-35,11;207,39,-10;216,-52,5;219,35,15;228,-43,-25;255,10,12;264,-46,-24;267,31,25;276,-40,-32;279,29,27;288,-40,-24;291,21,11;293,5,6;300,-30,-15;315,18,7;323,-33,56;325,11,-51;1423,288,13
rua||modesto de avila|maria marcelina de jesus|35938000|9,-1982897,-4309766;12,0,14;15,-14,-6;25,-3,-11;26,10,2;35,-26,-9;36,14,3;40,-9,8;45,-4,-20;52,-3,5;57,-13,-1;62,-26,-13;67,21,2;77,-5,2;80,-7,-4
rua||nova era|senhor do bonfim|35938000|2,-1982575,-4309391;3,3,-8;9,-11,18;10,-6,78;13,10,-73;16,-14,70;20,7,-12;25,-3,-10;28,5,6;36,-3,-19;42,-2,-7;47,3,6;48,0,-27;50,2,7;53,3,-3;59,-3,13;65,1,-5;420,-6,6
rua||nova esperanca|lages|35938000|6,-1982127,-4306770;10,-2,13;14,-7,-3;17,-9,26;18,17,-16;22,-10,16;28,4,-26
rua||nova|bandeirantes|35938000|140,-1982802,-4308670;149,-6,29;153,-1,0;154,0,-1;162,-10,1;164,-10,-59;165,13,61;175,0,1;181,-11,14;182,-12,-12
rua||nova|serrinha|35938000|1,-1982787,-4308818;5,12,10;9,3,10;15,6,21;16,-5,-2;25,1,15;35,0,6;41,6,8;42,-10,-8;49,6,23;60,-3,9;73,7,13;82,-3,3
rua||oscar de araujo|lages|35938000|1,-1981720,-4306658;9,-2,2;15,20,60;17,-12,-36;33,16,3;45,-3,37;49,8,-1;50,17,13;53,8,39;77,20,43;79,-29,-75
rua||otavio drumond|lages|35938000|3,-1981831,-4306876;35,31,-22;36,25,-12;47,-16,5;124,24,-16;126,-3,0;143,16,-6;155,2,0
rua||paraiba|lages|35938000|2,-1982033,-4306840;18,8,4;23,4,-1;30,1,-20
rua||parana|maria marcelina de jesus|35938000|16,-1982816,-4309992;29,12,29;40,-29,-18;41,11,10;53,-6,-5;70,-18,-4;114,-50,-2;135,-17,3;138,-1,-2;146,-15,-1;147,11,4;156,-27,1;168,1,-5;177,-10,4;189,-2,0;211,-15,-3
rua||para|serrinha|35938000|9,-1982861,-4308821;21,11,-2;33,15,5;45,36,45;48,0,23;51,-17,-42;56,19,65;60,91,-9;61,5,5;63,-105,-39;65,2,17;71,103,42;197,12,97;209,21,18
rua||pedro perdigao|bandeirantes|35938000|3,-1983061,-4308860;5,55,2;15,-25,8;17,-9,-2;20,34,-6;32,-77,-14;36,15,8;48,12,8;56,-7,-4;60,-6,-10;64,-17,-2
rua||pernambuco|maria marcelina de jesus|35938000|23,-1982795,-4309908;56,-42,-7;67,22,10;71,-28,-1;73,21,1;95,-40,-2;114,-36,-8;148,-11,-4;162,-9,7;168,-13,-1;174,-23,0;185,-10,4;193,-8,-2
rua||piracicaba|senhor do bonfim|35938000|5,-1982734,-4309313;12,0,6;17,-8,8;27,-2,12;33,-7,-2;34,8,-4;45,-16,17;54,1,7
rua||ponte nova|maria marcelina de jesus|35938000|22,-1983069,-4309975;30,-4,-21;38,2,7;46,-5,10;49,-20,6;59,-4,1;76,7,-3;80,4,-12;151,32,14;153,3,3
rua||porto alegre|bandeirantes|35938000|12,-1983347,-4308830;32,-51,2;44,35,0;56,-27,2;79,-69,16;88,46,-13;94,-28,5;96,-22,5;99,-10,7;100,-3,-9
rua||principal|capela branca|35938000|3,-1980445,-4311587;5,400,269;6,-450,-294;7,543,191;8,661,184;9,-38,-22;11,-1286,45;13,243,-356;14,-250,-53;15,488,389;17,884,56;18,-453,-148;20,-205,188;22,-645,56;27,1263,-108;30,-371,-186;31,-827,-129;34,431,0;35,854,351;37,-1287,-265;38,19,-132;39,-148,-39;40,980,310;65,563,724;88,-21,-356;125,-1602,-729;789,1289,422
rua||principal|taquaril|35938000|192,-1977516,-4313132
rua||quiosmar quaresma|barbosa|35938000|1634,-1985166,-4306300
rua||quiosmar quaresma|corrego fundo|35938000|1420,-1984947,-4306448;1500,-27,47;1508,-24,-10;1514,-13,39;1520,-7,1;1526,-22,10;1540,-33,14;1580,-23,1;1590,-10,12;1644,-72,72;1654,-5,44
rua||raimundo vitor fonseca|lages|35938000|1,-1982092,-4306793;2,6,1;3,-8,-12;38,9,35;44,-13,-65;45,-37,3;46,4,1;64,3,-20;74,-12,-1;75,-5,10;80,0,-18;95,-25,-26;97,-17,-9;99,23,13;101,15,14;126,-18,-10;127,10,18;130,-34,-44
rua||randolfo rodrigues|senhor do bonfim|35938000|20,-1982676,-4309630;26,-2,10;29,-14,6;34,27,-1;41,-12,4;46,4,6;48,1,4;52,5,25;57,-19,-21;58,19,19;63,-16,-7;64,3,-10;67,-14,2;83,-1,4;105,-11,23;111,-1,13;112,55,-38;121,-64,48;127,0,3;128,7,2;132,5,-8;134,-10,2;136,-3,17;140,-7,-5;147,-16,16;151,0,8;161,-3,1;167,-11,11;181,1,12;193,-6,21;205,-9,7;225,-3,3;226,16,-29;229,-23,36;232,8,-19;238,15,-9;248,-15,4;252,-1,31;260,-11,15;288,12,21
rua||ricardo evaristo|serrinha|35938000|2,-1982723,-4308876;20,-10,-7;26,0,-8;30,-8,7;32,-2,-14;39,-29,0;55,22,6;67,-12,-2;147,41,18
rua||roberto rezende|bandeirantes|35938000|3,-1983216,-4308961;6,-41,2;7,5,6;13,8,-23;17,15,4;25,-2,-10;28,0,-5;34,-3,-32;36,-2,-10;38,14,-8;39,-19,27;40,94,14;44,-80,-69;50,-1,33;53,-10,14;97,10,-27;105,4,-4
rua||rubens sabino|lages|35938000|15,-1981712,-4306800;27,32,-15;30,-78,49;35,18,-9;56,1,-1;78,40,-29;82,-62,39;100,76,-44
rua||saturnino martins costa|lages|35938000|24,-1981520,-4306579;34,34,-5;54,-44,70;66,-7,6;69,-30,52;71,6,-2;78,9,-27;80,-1,0;82,-6,9;86,-8,16;110,-53,79;120,130,-195;130,-128,169;153,13,9;154,-19,27;156,16,-20;203,125,-196;205,9,-14;223,-63,109;301,12,-28
rua||sem denominacao 1|bandeirantes|35938000|11,-1983100,-4309166;85,-12,-63
rua||sem denominacao|corrego fundo|35938000|20,-1984317,-4307534
rua||sem denominacao|juscelino kubitschek|35938000|54,-1983024,-4309282
rua||sem denominacao|lages|35938000|6,-1981358,-4306675;8,16,-18;10,-11,23;14,-219,-220;71,-648,324;180,634,-400;182,17,62;550,212,228
rua||sergipe|maria marcelina de jesus|35938000|27,-1982535,-4309680;39,-99,-30;40,9,-2;45,68,22;52,-73,-20;60,-24,-5;75,57,21;82,12,-2;130,33,1
rua||tereza bueno|maria marcelina de jesus|35938000|11,-1983101,-4309680;12,8,14;21,9,-8;22,-2,-3;32,5,3;35,-11,-29;39,22,17;40,-9,-4;46,11,6
rua||tiradentes|senhor do bonfim|35938000|26,-1982724,-4309363;30,11,7;32,-8,-5;36,4,-3;44,11,-4;45,4,12;48,0,-9;55,9,2;58,0,-8;62,9,-1;71,9,-2;72,-3,-5;77,14,7;90,5,-10;98,4,13;102,3,-11;120,14,-6;127,2,7;128,1,3;131,16,0;139,0,-3;140,-9,-3;145,24,-2;146,-16,0;160,14,-1;170,9,6;180,5,-8
rua||uberaba|maria marcelina de jesus|35938000|15,-1983073,-4309940;18,19,0;20,-16,-2;24,7,2;31,-17,-4
rua||vargem linda|bandeirantes|35938000|2,-1983202,-4308525;7,-10,-7;19,-15,0;20,8,-11;23,-166,-12;31,157,24;40,-16,-3;45,0,3;51,-5,-12;52,-21,16;61,10,-16;65,-10,4;67,4,-9;70,12,-22;73,-29,11;78,24,-8;90,32,-29;92,-142,33;96,40,-12;110,31,9;112,-13,0;128,-93,10;132,-16,2;141,64,-14;150,-46,11;151,29,-5;152,34,-4;160,-11,2;170,-9,0;171,-38,10;180,23,-4
rua||zamira lage guerra|lages|35938000|2,-1981684,-4306640;10,11,12;26,26,18;30,-4,-7;36,16,13;42,11,8;56,9,3;80,-40,-28;87,61,35;88,14,20;119,37,15;125,115,78;159,-49,-32;189,40,28;219,48,17;239,-26,3;260,-90,-61;262,16,9;275,96,65;276,-8,0;280,23,16;281,6,-10
travessa||da rua santa marta|lages|35938000|153,-1981210,-4306518;237,113,-167;272,16,-2;292,-27,1;303,77,-23;333,-16,9;380,-130,-52;433,-73,268
