alameda||das quaresmas|sao luiz|31275210|22,-1985610,-4397420;30,-41,27
avenida||acesso ao bloco quatro|conjunto santa maria|30380470|18,-1995233,-4395664;22,0,0;87,98,-88;90,-37,53;96,10,-5;101,-61,31;102,0,2;103,-1,-2;104,0,7;105,35,-14;106,11,-8;107,1,-4;108,5,14;109,-9,-21;110,4,4;111,0,1;112,19,2;113,-26,-8;114,29,-4;117,3,0;118,-16,7;119,16,-25;120,7,-4;121,4,-19;131,-2,7;201,-80,67;202,3,9;203,-4,-10;204,18,13;205,29,-28;206,-3,-1;207,7,5;208,-7,-5;209,-1,-4;210,1,2;211,-2,-2;212,22,-12;213,-19,11;214,26,-11;239,-49,44;240,-1,-11;340,29,-25;1031,16,-22
beco||augusto papine quatro|alto vera cruz|30285200|48,-1991237,-4389035;52,-5,15;54,-3,-2;239,-4,5;240,-3,-5;242,2,-14;246,-12,2;248,-3,-4;252,22,-10;256,-7,24
beco||c quatro|vila independencia i|30666640|311,-2001719,-4402499;321,5,8
beco||da luz quatro|goiania|31970005|420,-1985666,-4389343
beco||da luz quatro|jardim vitoria|31970005|21,-1985667,-4389348
beco||eca de queiros|copacabana|31540590|35,-1983120,-4398202;202,4,-21;205,-1,0;206,0,-1;226,1,20
beco||eca de queiros|copacabana|31540640|330,-1983116,-4398198
beco||quaresma|distrito industrial do jatoba|30810220|3,-2000887,-4402671
beco||quatro|cabana do pai tomas|30535134|30,-1995166,-4399766;32,8,-9
beco||quatro|dom cabral|30535130|121,-1992183,-4400091
beco||quatro|sao benedito|31950211|9,-1987086,-4389914;12,-1,-7;13,2,5;15,1,16;20,2,-36
beco||quatro|vila atila de paiva|30535134|142,-1997865,-4403135;144,-3,0
beco||quebradao|marcola|30220331|15,-1994403,-4390906;203,-2,0;209,0,-8;219,6,7
beco||quirino|pedreira prado lopes|31210680|41,-1990199,-4394879;43,-9,9;45,-7,-35;51,10,9;53,-9,14;55,17,16
beco||q|vila piratininga|30692492|433,-1998880,-4405234;449,12,-10;457,-6,6;501,-4,-4
beco||tres mil seiscentos e vinte e quatro|mariquinhas|31744743|54,-1981470,-4394147
beco||um mil quatrocentos e quinze|mariano de abreu|31050340|12,-1989458,-4388974;14,0,-3;21,-4,9
beco||uniao quatorze|alto das antenas|30624504|276,-1999523,-4398790;278,8,12;282,5,0;284,-10,-12;286,-1,0
beco||uniao quatro|alto das antenas|30624504|341,-1999588,-4398889;343,4,-8;349,-1,11;351,-2,3
beco||uniao quinze|alto das antenas|30624504|40,-1999524,-4398744;50,-12,2;56,-14,8;57,4,3;234,-22,-21;236,-3,0;238,76,-2;244,-15,8;246,-3,3;248,7,-4;250,18,0;252,-2,-6;254,7,-5;256,6,3;258,15,2;262,9,1;263,-11,-4;264,23,-4;266,-2,3;268,1,5;270,8,-10;272,4,-2;274,0,-2
rua|dona|queridinha|itapoa|31710180|241,-1983691,-4396235;262,19,13;285,34,-7;290,-13,9;297,29,-5;302,-18,8;314,14,1;323,21,-9;326,1,6;333,-9,-3;343,23,-2;350,-8,2;357,12,-10;362,-2,12;374,-11,0;386,35,-5
rua|doutor|alexandre drumond ou trinta e quatro|vila independencia i|30666580|5,-2001740,-4402584;12,8,6;16,7,3;33,21,-8;35,-15,-3;47,19,8;60,-31,-14;61,3,3;63,13,9;66,10,-2;67,-6,6;87,38,-1;123,32,3;135,-19,-5;145,-7,1;152,7,6;164,-5,-3;168,-17,-1;190,3,-3;221,-15,-3;223,20,5;241,-69,-8;299,1,8;301,-5,5
rua|professor|amaro xisto de queiroz|dom joaquim|31170810|50,-1988060,-4391438;52,5,-22;54,-3,4;325,139,-230
rua|santa|quiteria|carlos prates|30710460|300,-1991653,-4396486;388,59,-15;392,1,4;397,8,-17;400,-1,14;405,4,-17;410,4,11;422,6,0;432,15,0;439,-1,-12;442,12,9;449,2,-7;452,1,4;459,6,-5;466,3,3;471,9,-7;481,4,-3;482,1,4;488,7,6;490,19,-10;494,-2,0;524,27,-10;531,6,-1;534,177,-49;541,-177,44;542,5,6;550,12,-7;551,-2,-5;563,7,2;566,30,-6;575,-26,4;587,16,-10;597,12,0;607,6,13;617,16,-14;627,7,4;634,-25,2;645,39,-32;651,11,15;655,-15,-13;665,16,15;675,12,1;685,4,-31;692,8,26;697,-2,-10;702,9,17;705,2,-19;713,18,3;719,-9,-4;724,9,6;729,4,-7;731,4,-1;740,-4,9;742,12,-6;750,-5,-2
rua|santa|quiteria|prado|30411028|44,-1991908,-4396429;56,17,1;67,21,-26;80,-14,21;98,30,-2;103,9,-13;125,6,-7;220,94,1;222,13,-6
rua||a quatro|betania|30590361|3,-1995977,-4399680;15,-29,-58;23,2,-10;31,-1,0;7983,39,74
rua||adelino galdino quirino|camargos|30520290|25,-1994372,-4401686;26,144,15;27,-136,-21;29,6,2;31,143,22;33,-120,-19;69,33,7;78,-12,-4;105,58,17;115,28,-4;120,-16,5;130,13,-5;158,-98,-14;160,127,20
rua||alfeu goncalves queiroga|independencia|30666480|9,-2001888,-4402771;45,-135,21;55,-14,-2;65,-12,6;75,-9,-4;85,-12,-1;95,-20,3;123,260,-36;137,29,0;352,229,-22;354,-2,2;362,-7,-7;368,-15,11;372,-7,4;378,-14,-8;382,-15,-2;572,-175,22;576,-17,3;600,-51,10;610,-26,-11;611,59,2;621,-21,6;630,-45,3;631,30,-2;641,-13,1;645,-9,-4
rua||alfeu goncalves queiroga|independencia|30672342|22,-2002003,-4402754;34,-17,-4;46,-3,12;58,-23,-20;60,-9,10;70,-8,6;80,-12,2;94,-10,0
rua||alfeu goncalves queiroga|petropolis|30666480|8,-2001213,-4402847;11,-92,13;12,83,-11;23,-4,5;24,-5,-3;25,-31,2;31,30,1;35,-5,-3;36,-11,0;48,-17,-37;53,15,42;57,-133,16;63,115,-17;71,-8,0;81,-9,2;136,-40,2;142,-6,0;152,-3,1;172,-7,1;175,11,-2;182,-18,2;187,6,3;188,-18,-2;194,-1,-3;200,-10,5;210,-13,1;219,13,-6;253,-57,11;255,-89,13;258,88,-15;261,-10,13;264,5,-11;273,-25,2;276,17,5;285,-16,10;289,-61,1;290,71,-11;325,37,-4
rua||alfeu goncalves queiroga|vila independencia i|30666480|50,-2001758,-4402781;61,-14,-6;106,47,2;376,29,-2;390,30,-2;391,-8,-7;400,2,4;401,-2,3;410,2,9;411,-11,-8;420,-5,6;430,4,-2;431,-14,-4;440,3,6;450,-10,-10;460,-12,1;470,-2,4;481,6,-1;491,-11,4;500,-9,1;501,7,17;510,-9,-19;514,-7,1;520,-10,2;521,15,-4;525,-7,-2;530,-10,5;531,-26,15;541,23,-15;551,-7,-1
rua||alfeu goncalves queiroga|vila independencia primeira secao|30666480|189,-2001603,-4402796;251,55,-9;345,-10,4;349,-17,3;351,-5,9;357,-12,2;361,-7,-7;367,-9,-3;371,-1,3;377,-8,-3;381,-3,5;387,-28,7
rua||alfeu goncalves queiroga|vila independencia|30666480|34,-2001778,-4402795;48,-40,12;571,20,-9
rua||amadeu quaglia|cachoeirinha|31110560|90,-1989711,-4394736
rua||amadeu quaglia|sao cristovao|31110560|40,-1989816,-4394786
rua||amilcar de souza quintela|jardim do vale|30668460|140,-2000518,-4403203;150,-19,15;160,-6,1;170,10,-4;222,57,-16;232,-12,-4;233,-48,24;235,-5,3;237,12,-17;242,20,-1;245,-38,12;246,47,-12;252,-21,3;255,-13,13;265,15,-6;267,42,-3;275,-76,20;279,73,-31;285,-97,22;337,45,-7;448,35,-8;458,-4,-1;468,-13,-2;480,-20,5
rua||amilcar quintela|diamante|30660045|20,-1998614,-4403161;22,40,177;30,22,43;36,-73,-235;45,-5,-4;53,56,203;59,-49,-192;61,67,197;65,-30,-68;78,11,10;88,-4,-14;95,-54,-140;99,52,132;115,-43,-102;140,32,53;143,10,71;150,-9,-88;427,17,124
rua||antero de quental|santa branca|31565120|39,-1983612,-4396661;44,18,12;49,-13,-4;75,-19,-4;81,-20,-7;84,-219,-117;92,4,87;95,192,14;102,-193,-20;135,168,7;151,-168,-7;155,152,3;162,-56,-40;166,-7,-1;170,-15,-11;185,21,17;191,13,5;195,-53,-104;230,-29,61;240,-24,-10;275,-33,-19;333,244,114;363,55,30;370,5,8;373,-31,-10;389,25,10;392,21,8
rua||antonio quintino|solar do barreiro|30628184|7,-2001214,-4401113;9,66,-4;13,9,2;15,2,-7;18,6,3;21,14,-1;25,67,32;27,-9,-10;30,40,24;35,-48,-12;37,-18,-7;38,47,11;40,-3,-1;45,-47,2;48,25,-17;53,-34,21;57,3,3;60,4,-22;65,-21,29;75,2,3;80,12,-31;85,-25,43;88,1,-30;90,-5,9;92,-6,1;93,3,-47;94,5,57;96,-7,-17;100,8,30;105,-47,9;107,-4,6;110,29,-7;113,-59,11;115,8,6;120,79,-101;125,-93,90;128,-5,4;130,61,-10;140,-15,-1;157,-54,12;160,31,-19;165,-39,-8;183,9,-6;184,-3,-10;186,2,4;188,3,52;190,-4,-60;200,10,2;209,-15,-3;210,14,-7;214,31,-17;218,-29,-8;220,-17,27
rua||bem me quer|conjunto paulo vi|31998190|3,-1983183,-4388391;4,30,35;6,-22,1;15,-75,-4;16,37,5;24,-21,-4;28,-5,7;33,6,-2;35,1,-8;40,-2,13;41,12,-8;44,6,2;50,11,-25;51,-13,23;65,11,8;85,8,-17;95,9,12;105,14,1;109,5,-4
rua||benjamim quadros|conego pinheiro|30270130|10,-1991986,-4390748;12,1,2;16,4,3;24,-3,-14;37,11,47;39,-9,10;44,4,-14;47,13,-30;48,-32,48;49,28,-48;50,-3,38;51,-1,-13;55,-15,-9
rua||benjamim quadros|paraiso|30270130|30,-1991969,-4390834;71,7,150;72,-4,-10;76,2,13;77,-1,5;80,6,0;84,-9,11;89,1,-7;91,18,8;96,-21,0;101,3,11;106,3,-1;115,7,4;116,-6,3;122,-2,10;123,7,8;124,29,181;133,-30,-174;134,2,-14;147,2,30;148,-6,-5;201,7,48;202,3,3;205,-2,2;214,0,13;220,3,3;221,-2,-1;225,-19,-277;231,8,-16;233,6,-9;240,7,320;241,3,-6;243,-11,-326;246,6,341;251,-4,-362;255,7,360;256,-26,-341;258,25,349;263,-1,-375;264,4,393;265,1,-24;266,-3,33;273,3,-23;274,0,15;275,17,35;282,-28,-423;283,30,445;286,-21,-51;290,5,26;292,-14,-431;294,13,441;303,-2,60;306,3,-49;307,9,47;311,-3,-9;313,-29,-15;315,19,-2;320,-3,-7
rua||carlos quadros|salgado filho|30550260|8,-1994121,-4398619;9,-13,2;20,0,-17;21,0,15;30,-11,-20;33,-8,-4;42,9,3;48,-11,-7;53,-6,3;54,6,-5;66,-13,-10;96,-9,-2;101,-4,3;106,-3,-9;115,-5,0;116,-3,-11;120,-9,-5;125,-10,26;137,-20,-16;144,-10,-28;146,-1,-7;156,-7,-6;166,-21,-9;170,-6,7;173,22,15;179,-18,-10;182,-11,-11;196,-12,-10;206,-19,2;220,-12,0;221,4,0;233,-12,-8;236,7,-18;242,2,18;249,-15,6
rua||d quatro|betania|30590364|26,-1995925,-4399530;303,-8,21
rua||das quaresmeiras|marajo|30570430|13,-1995846,-4397662;14,-34,8;15,5,1;16,-4,-17;19,0,-1;21,-8,-7;22,-13,-10;23,45,29;25,-41,-20;29,18,31;31,-16,-38;43,-12,-10;53,-4,-7;61,-3,-15;68,3,-2;79,-6,-9;80,2,2;89,-5,-9;92,-6,-5;126,-15,-32;131,11,23;136,-18,-42;145,2,0;201,-13,-8;211,-4,-8;221,-4,-11;225,-3,-5;231,0,-9;241,-8,0;242,2,-5;251,-10,-8;260,4,-4;261,-7,1;270,6,-8;271,-20,-15;280,14,3;300,-9,-7;330,-15,-34;333,-8,-6;347,-2,-13;353,-9,9;365,2,-10;373,-4,-11;383,-17,-29;418,9,5;428,-15,-18;567,7,19;577,-11,-21;598,-13,-36;611,3,12;621,-2,-2;631,-11,-21;641,-10,-16;650,3,-7;651,-3,-7;661,-1,2;676,5,-6;761,-24,-13
rua||dois mil cento e trinta e quatro|solar do barreiro|30671005|43,-2001300,-4401430
rua||domicio gabriel de vasconcelos ou rua centro e quatorze|vale do jatoba|30664480|69,-2000816,-4403944;155,-231,267;161,13,-7;175,-1,-4;181,8,-12;203,7,-4;209,16,-10;223,9,-7;229,-4,-11;230,16,-17;249,-3,4;255,6,-7;269,4,-8;275,7,-10;297,13,-2;303,2,-14;317,13,-9;318,-4,9;319,1,-12;323,13,-1;324,-8,5;338,7,-12;344,4,-3;347,-7,-12;359,11,4;364,3,-4;365,10,-13;370,-5,12;375,8,-11;381,0,-6;384,0,3;390,9,-11;391,-3,2;397,4,-4;407,8,-4;412,1,3;413,3,-11;418,0,2;423,6,-13;429,4,-3;432,2,2;438,0,-3;439,4,-13;445,11,1;453,-2,-4;472,5,-13;477,13,-8;478,-5,6;491,10,-9;505,2,-6;511,11,-9;1038,3,9
rua||dona queridinha|itapoa|31710180|28,-1983855,-4396309;31,0,-9;40,26,9;41,-16,1;50,8,11;53,-3,-18;65,10,16;76,2,13;88,5,4;91,7,-7;100,-7,6;101,19,-5;112,0,3;113,4,8;125,2,-6;128,16,17;137,13,-6;140,-13,2;144,13,11;150,1,-10;161,18,4;164,-12,4;166,0,11;171,20,-30;180,-3,17;195,21,9
rua||dos quilombos|trevo|31370636|11,-1982836,-4401189;19,-26,10;20,18,14;35,-16,34;36,4,-5;43,-6,8;44,1,14;51,-1,-7;59,7,3;60,-18,46;62,7,-12;68,-15,33;90,-44,209;95,60,-252;108,-35,129;111,31,-121;124,-39,156;132,-16,21;137,6,-157;140,-8,177;145,11,-172;148,-2,208;171,33,-178;179,-3,11;187,-2,0;202,-28,155;218,10,-79;219,-49,64;220,55,-88;231,3,-2;239,-5,8;247,-3,9;255,-3,7;263,-1,11;271,-2,2;279,-5,7;285,-1,3;287,4,16;303,-6,9;311,-4,6;319,-20,8
rua||eca de queiros|copacabana|31540590|10,-1983136,-4398411;18,-8,-13;20,16,19;40,-3,41;50,-2,15;52,-2,-26;54,6,35;58,-1,7;60,0,2;74,6,30;102,8,10;110,-8,15;112,3,-2;114,-1,3;116,3,3;122,-2,13;135,-3,-39;155,6,12;195,-1,28;200,2,35;212,-13,18;215,12,-37
rua||eca de queiros|jardim leblon|31540590|5,-1983135,-4398414;7,4,1;11,-3,-14;63,7,103;73,-3,-20;99,0,-8
rua||edna quintel|sao bernardo|31741313|76,-1984847,-4394374;86,-5,5;96,30,-11;98,-6,3;130,29,-13;132,28,-11;140,-18,5;142,8,-2;155,-42,7;160,-8,12;165,23,-11;170,-6,18;172,0,-14;173,116,-84;175,-103,79;185,70,-36;195,-52,23;199,70,-51;200,-78,62;203,12,-35;205,0,1;207,13,14;208,60,-46;228,-14,19;237,37,-42;260,-10,17;270,5,-4;280,-1,-13;287,9,-4;320,31,-51;340,-9,6;350,12,-29
rua||edna quintel|vila aeroporto|31741313|15,-1984853,-4394372;25,11,-10;145,3,-17;147,6,7
rua||eduardo quentel|vila aeroporto|31741245|3,-1984863,-4394413;6,9,-26;14,-7,-27;21,23,8;23,0,-25;53,-23,60;64,49,-36;65,56,-56;66,-46,47;82,33,-26;94,27,-16;100,18,3;102,-24,-13;106,13,-2;110,-10,-4
rua||flor da quaresma|jardim alvorada|30810220|10,-1990163,-4398806;12,-1,-124;15,6,125;22,30,-13;23,-29,6;27,17,-12;36,-45,-133;40,12,17;44,44,94;56,8,-7;60,2,-3;61,-5,-13;63,3,-6;65,-7,-13;66,11,18;69,-16,-1;71,1,-14;76,13,23;84,-10,-29;85,-9,-5;95,-50,-72;101,5,-1;106,35,58;112,0,-9;113,-14,-1;115,3,-7;160,-28,-44
rua||henrique quick|mangabeiras|30210010|40,-1995791,-4391565;55,-30,-45;95,-6,-19;155,-21,-53;185,-11,-25;219,-19,-25;259,-19,-33;291,-10,-16;321,-12,-26;369,-36,-50;399,-18,-12;415,-31,-18
rua||heroina maria quiteria|alto caicaras|30750330|11,-1989784,-4397702;20,-58,-16;50,-1,0;55,17,26;74,-20,-27;75,1,-5;83,-2,-1;86,-13,-6;93,-7,-7;100,-13,8;110,6,-6;132,-12,-9;135,-15,-3;142,2,6;150,-9,-10;156,8,2;163,-12,-3;173,-12,-7;174,11,9;183,-15,-9;186,-8,-2;239,-2,-7;247,-26,-13;249,-15,-14;251,-1,0;253,-7,-6;257,-14,-9;262,31,24;264,-10,-8;266,3,-5;280,-25,-9;287,-3,-5;290,-22,-14;297,14,6;305,-9,-3;315,-1,-6;320,-1,-6;330,-18,-6;333,7,7;335,0,0;337,-24,-1
rua||joao queiroz|horto florestal|31035204|22,-1989753,-4391144;35,25,-8;44,-4,-7;45,-4,18;65,-6,7;77,-9,6;85,-3,19;91,-8,-8;93,-2,1;95,-7,3;105,-1,1;108,7,-11;117,-19,20;122,-5,-9
rua||jose alvez de queiroz|maria helena|31680230|31,-1979927,-4399748;35,-1,-13;36,6,-1;45,2,-16;55,0,-2;56,9,3;62,-6,-1;65,-1,-12;66,-16,-16;67,15,17;75,7,-12;76,22,-6;78,-17,7;81,-7,-22;84,8,2;85,1,3;96,8,-16;97,-12,5;105,10,-3;110,3,-8;112,1,-9;115,-3,-3;120,8,-4;125,-25,48;126,13,-57;132,15,-13;135,9,20;153,-10,-26;163,4,-15
rua||jose do carmo de oliveira ou trinta e quatro|tirol|30662072|35,-1998748,-4403618;45,14,-15;51,12,-7;55,1,-5;59,9,-7;65,6,-13;75,6,-14;115,20,-10;120,33,-44;125,-45,57;135,18,-25;141,7,-2;145,-2,-20;157,15,-5;187,34,-1
rua||maria quiteria|minaslandia|31810420|15,-1985660,-4392957;16,6,2;19,0,-14;20,5,5;22,1,2;25,-4,-14;30,9,-4;39,9,-8;40,-10,8;42,1,-3;49,10,-11;50,-3,-7;54,0,-2;59,2,0;60,4,-10;64,0,-7;66,-3,1;68,2,2;69,-2,1;70,3,0;73,1,-3;75,7,-5;77,0,-6;79,2,-3;80,-7,4;81,7,-7;83,-1,1;85,1,-7;114,15,-26;116,-6,-2;120,7,-8;130,4,-2;136,1,2;140,6,-4;142,2,-10;144,-14,-11;210,23,-5
rua||oitenta e quatro|mantiqueira|31652140|200,-1978506,-4397331;207,7,8;210,-4,3;213,18,8;215,-7,-4;217,-12,-20;219,23,29;220,-5,-63;223,2,74;228,-4,-11;230,-2,0
rua||p quatro|serra verde|31615600|61,-1980126,-4395927;80,0,1
rua||p quatro|serra verde|31615615|20,-1980112,-4396016;30,-13,34;40,7,-14;50,-3,2;52,-3,11;60,-4,6;70,-11,15;72,-1,0
rua||p quatro|serra verde|31615656|11,-1980107,-4396023;21,-5,10;31,-8,13;41,-2,9;51,-6,5;61,2,12;71,-3,7;81,-1,27
rua||passa quatro|alto caicaras|30775040|8,-1989669,-4397093;17,-1,-4;35,-18,-12;40,-5,-1;47,-7,-4;52,-3,-1;59,3,-6;64,-22,-1;108,-10,-19;109,-7,-4;119,-7,-6;120,3,-1;129,-4,-7;130,-4,-4;140,-7,-6;141,2,6;150,-13,-5;151,3,-6;153,-9,-3;162,1,0;184,-19,-19;205,-9,-4;206,-5,-5;218,1,-5;219,-21,0;225,2,-7;230,4,-3;237,-14,4;238,5,-6;247,5,6;249,-31,-5;250,8,-1;272,-16,-22;292,-7,-11;295,-6,-1;299,10,14;305,-13,-23;315,-4,-6;325,-17,-1;327,-7,-4;329,4,-16;340,-2,11;365,-36,-18;382,6,-12;385,-2,5;395,-5,-2;398,-6,-10;406,-9,7;411,-5,-7;414,-7,-10;415,-3,2;425,-4,-2;427,8,3;465,-42,-33;468,7,1;475,-10,-7;478,10,2;488,-14,-1;495,-1,4;498,-9,-15;502,-13,-5;535,-24,-18;555,-10,-4;567,4,-2;568,-4,-19;577,-17,1;578,7,9;587,-4,-10;588,4,-6;597,-18,0;598,8,-1;609,-15,-6;648,-37,-25;656,9,-1;657,-7,2;667,-11,-6;676,2,-16;677,-9,12;686,1,-15;689,-4,5;705,-10,-4;707,2,-5;710,0,-2;740,-22,-20;748,-11,-7;760,-13,-9
rua||passa quatro|caicara adelaide|30775040|745,-1990196,-4397500;749,-17,-11;761,-12,-11
rua||quaquarema|dom joaquim|31170535|22,-1987908,-4391865;23,18,6;25,4,-11;30,-3,20;31,10,1;43,7,3;1449,-36,-32
rua||quarenta e quatro|novo aarao reis|31845040|10,-1984019,-4390990;20,1,8;29,10,-12;30,-12,24;33,3,0;39,-9,12;40,2,-9;43,-6,6;50,4,5;60,1,2
rua||quarenta|novo aarao reis|31845010|20,-1984124,-4391071;30,22,7;40,-6,0;50,5,18;60,15,-3;70,2,3;74,0,3;80,10,9;90,3,-8;100,9,12;110,25,10;120,2,-2;164,8,15;165,8,-2;166,1,4;182,28,10;194,7,12;204,-2,-6;214,16,7;224,0,7;230,-1,2;234,11,7;244,0,2;256,5,-1;258,3,7;264,2,0;266,19,27
rua||quarenta|ouro preto|31320160|30,-1988154,-4398586;290,-34,-100;291,4,0;300,-7,-5;319,-4,-14;330,-4,9;340,-12,-10;350,-7,-20
rua||quartzo|santa tereza|31010090|17,-1991972,-4392432;23,26,-14;26,-8,2;33,15,-11;36,-3,5;43,11,-11;48,-1,11;53,7,-15;63,5,3;64,12,13;68,-7,6;73,-1,-14;74,0,17;87,0,-15
rua||quatorze|bernadete|30660720|2,-1998543,-4398446;3,-7,-28;4,6,31;5,-4,-30;6,10,26;7,29,-17;8,-28,1;9,24,8;10,-17,-13;12,-6,18;13,9,-15;14,9,4;16,-20,15;18,8,-22;23,11,6;40,-15,-6
rua||quatorze|maria teresa|30660720|7,-1981824,-4388452;17,-13,-3;43,-255,40;45,243,-26;53,-242,34;55,234,-38;77,-22,-4;87,-7,1;97,-6,3;107,-8,1;117,-10,-4;127,-5,2;137,-6,6;156,-40,-5;157,-2,9;167,-21,-1;177,-2,-8;227,-13,1;247,-42,2;256,7,2;257,-20,-1;277,-11,3;287,-13,-2;306,31,-2;320,-20,0
rua||quatorze|novo aarao reis|31845250|15,-1984224,-4390399;23,3,23;30,4,-5;31,-1,2;40,6,7;41,3,-11;42,8,22;44,-3,-11;46,7,16;51,-5,-15;71,0,9;73,9,-4;75,-1,12;93,12,14
rua||quatorze|palmeiras|30575682|2,-1997723,-4398619;6,41,-12;10,9,-29;12,2,-1;14,19,-19;16,0,1;18,2,-11;20,74,-94;77,18,-28
rua||quatorze|vila nova paraiso|30575675|3,-1997725,-4398626;5,12,-2;7,4,-2;11,11,-12;13,16,-6;15,-3,6;17,9,-17;19,-4,-13;20,102,-110;21,-93,115;23,7,-7;25,0,-7;27,2,-1;29,1,-18;31,12,6;33,7,-9;34,31,-43;35,-28,33;37,1,-7;39,14,-16;41,4,-3;43,6,-8;45,6,-2;47,0,-5;49,3,2;51,1,-2;53,6,-10;54,-101,130;55,106,-135;57,8,-6;59,7,-5;61,-6,4;63,2,-2;65,12,-13;67,3,-11;69,1,0
rua||quatro mil novecentos e oitenta e quatro|belmonte|31985335|22,-1985204,-4390285;175,-67,73
rua||quatro|cardoso|30626300|7,-1999779,-4400859;15,1,-5;16,7,1;17,4,-12;22,0,3;27,-6,-10;32,5,-6;42,1,-12;43,-1,6;45,-1,-13;50,5,-4;65,-5,4
rua||quatro|conjunto bonsucesso|30622030|3,-1997684,-4399150;5,0,-15;12,-11,38;13,-2,23;14,-9,-31;15,3,21;20,4,-30
rua||quatro|conjunto santa maria|30380480|90,-1995265,-4395561;310,3,-10;320,-4,7;330,-3,-1;340,13,4;370,-2,7;380,-19,6;390,9,2;400,-4,4
rua||quatro|conjunto santa maria|30622030|16,-1995277,-4395479;21,-1,4;22,0,-14;24,7,-44;113,29,-51;450,-36,51;460,2,7;470,-2,4;480,-2,9;490,0,-2;500,18,14;1001,16,-86
rua||quatro|corumbiara|30628600|180,-2001062,-4401274;186,-7,-8;194,1,-7;202,-3,-7;210,-3,-8;218,-2,-4;226,-1,-5;232,-1,-6;234,-4,-12;242,-2,1;248,6,-7;256,-13,-5;262,5,-9;270,-2,-6;280,1,-9;284,1,-6;286,-3,-1;300,1,-9;310,-3,-9
rua||quatro|jardim felicidade|31742410|11,-1982356,-4393207;13,0,14;21,0,8;26,1,-6;30,0,6;31,-1,5;39,-1,8;40,6,-4;43,-9,5;44,10,3;46,-2,1;55,-6,3;56,7,6;64,-5,6;65,-1,-2;72,1,13;73,-3,2;82,2,4;83,-3,0;90,4,5;91,1,4;97,-3,13;105,12,119;110,-7,-124;120,0,0;130,2,30;131,-6,5;139,-3,7;140,11,-4;146,0,12;147,-11,0;155,0,13;156,10,-8;165,-5,10;166,5,-1;172,3,8;175,-2,2;181,-5,6;195,-2,54;200,3,-110;205,0,108;215,1,16;225,-4,-10;235,-1,28;245,2,1;255,4,-23;265,-3,46;275,6,-3;285,-13,0;295,12,19;305,3,32
rua||quatro|jardim felicidade|31742504|244,-1982356,-4392933
rua||quatro|maria teresa|30622030|3,-1981665,-4388546;4,-29,6;13,3,-1;14,-16,-1;23,16,1;24,-28,1;34,-1,-1;43,5,5;44,-16,-3;51,-15,9;54,-8,-12;64,-3,11;73,4,3;74,-20,-2;84,-2,2;93,-2,0;94,-4,5;101,-12,5;114,-10,-1;123,12,9;124,-11,9;135,4,-8;145,-11,5
rua||quatro|mirante|31844242|200,-1983280,-4391671
rua||quatro|mirante|31844446|39,-1983324,-4391659;90,72,12;110,17,-7;115,-4,10;120,-3,4;128,3,-7;135,-20,-22;150,7,7;235,-47,-29;237,8,-15;245,-9,19;255,-9,6;265,-4,4;275,-4,3;285,0,2;1007,-8,20
rua||quatro|nova gameleira|30516466|7,-1994442,-4398854;10,9,62;23,5,-15;26,-16,11;29,-8,-6;30,15,-4;31,-11,-13;37,2,0;40,9,13;42,-14,-28;44,-2,-12;46,-5,2;49,5,19
rua||quatro|novo santa cecilia|30626498|28,-2000581,-4401800;30,4,-7;35,4,12;38,-9,-7;40,-18,3;45,17,5;49,-3,3;55,-11,6
rua||quatro|novo tupi|31844238|5,-1984246,-4391247;13,7,4;21,7,3;27,7,5;30,-6,-2;32,-3,-1;35,16,2;40,-5,-5;43,5,5;48,5,1;51,19,-1;56,-12,-3;64,7,3;72,11,13;80,-1,1;81,12,-8;89,7,4;94,-1,1;95,0,2;96,-9,5;103,23,0;104,-10,1;108,3,-1;109,10,-1;112,0,4;117,5,3;120,1,1;128,2,9
rua||quatro|olhos dagua|30622030|11,-1999217,-4396661;35,9,45;47,2,14;69,-10,-1;71,-3,15;83,3,22;95,2,14
rua||quatro|parque sao jose|30570475|53,-1996410,-4397677;60,11,0;63,1,-6;64,-9,7;70,16,-3;73,8,-3;80,8,-9;100,10,-1;102,13,-9;120,19,-11;121,16,0;132,3,-11;135,-3,4;142,13,-9;145,-4,-5;155,12,-3;156,8,16;160,0,-11;168,1,-4;180,16,-9;185,5,-7;192,5,4;195,2,-8;200,14,-1;205,-4,-6;216,9,1;217,2,-3;225,10,-7;226,-2,5;234,7,1;242,8,-5;256,10,-6;257,20,-20;258,-6,14;270,5,-2;282,11,-12;300,10,-5
rua||quatro|pilar|30390000|1,-1999803,-4396354;2,1,8;3,12,-5;4,-6,4;6,10,17;7,10,16;8,-4,-7;9,-16,-29;10,-21,-10;11,47,79;13,-6,12;14,-47,-86;15,63,73;240,50,61;245,1,3;340,-4,-19;350,0,-3;355,-11,0;357,12,5;365,-17,-18;370,3,4;377,-21,-24;380,8,14;381,-1,-6;385,-5,-11;389,-9,-4;390,4,5;405,-3,-15
rua||quatro|solar do barreiro|30622030|50,-2001040,-4401091
rua||quatro|solar do barreiro|30626498|5,-2001050,-4401174;6,20,-24;7,-9,9;8,5,-24;60,-10,69;62,20,-1;64,-26,-17
rua||quatro|solar do barreiro|30628186|20,-2001098,-4401375;40,50,265;57,-5,-48;73,-1,-1;85,-2,-3;97,0,0;99,2,1;109,-25,6
rua||quatro|tupi b|31844446|60,-1983333,-4391680;80,12,16;230,20,-22
rua||quatro|vista do sol|31990585|10,-1985136,-4388952;22,2,1;34,8,-1;35,12,2;47,11,1;48,-16,-1;58,5,4;59,14,-14;70,-6,15;71,23,-8;82,-21,9;83,18,-10;89,-8,8;95,15,-2;96,-10,3;107,21,3;108,-11,5;117,17,-13;120,-6,-4;131,8,8;132,5,1;137,5,-1;143,18,-2;156,-19,3;168,4,4;179,20,-3;180,-8,4;191,11,-5;192,-19,-3;203,25,4;204,4,17;215,3,-14;216,-15,0;227,28,-7;235,14,-7;244,-30,13;246,19,8;248,10,1;251,7,-11;260,4,7;263,12,-1;275,8,10;296,-9,-7;297,17,3;308,-16,0;309,23,8;314,-11,-11;319,16,3;320,-17,-3;323,26,0;328,2,2;330,-11,-1;332,-4,-1;335,18,-1;336,75,10;340,-78,-9;348,84,7;352,-71,-6;359,3,7;360,76,3;362,9,2;364,-83,-10;371,4,-3;376,8,7;385,0,3;395,4,1;400,8,6;401,6,-5;409,53,-3;411,-49,0;412,-2,-6;423,12,9;424,-8,-2;426,10,-2;433,3,-2;435,1,-12;436,-2,13;437,16,8;443,3,0;445,11,-6;455,-3,3;475,19,-1
rua||quatro|zilah sposito|30622030|21,-1980015,-4392391;23,-11,2;25,0,22;31,-1,-28;39,-2,-5;40,16,6;43,-11,-3;46,-7,-13;47,6,11;48,-1,-13;49,-6,-1;52,5,-6;55,-5,5;62,1,-7;63,-3,-6;70,-3,1;71,5,-6;72,5,6;78,-8,-12;79,2,-3;80,-4,7;86,4,-12;87,-2,0;88,5,2;89,-6,-8;94,5,0;95,-9,-2;96,9,6;102,-2,-10;103,-5,0;104,8,0;110,-7,-13;111,0,4;112,2,4;118,0,-16;119,-4,5;120,6,-1;126,4,-10;128,-9,6;136,2,-9;140,-2,-4;142,0,-11;144,-1,7;149,-5,-8;150,6,-4;152,4,5;157,-14,-10;158,4,4;165,-3,-5;167,7,-10;173,-3,-8;181,-3,-2;182,6,-6;189,-3,2;190,1,-8;197,-7,-8;198,6,2;205,-6,-12;206,1,6;213,-9,-8;214,14,-3;215,2,1;221,-10,-2;222,9,-6;229,-9,-1;230,-1,-8;231,-5,10;237,4,-12;238,4,-2;239,1,3;246,-1,-10;247,-3,3;248,10,-9;249,-13,5;253,1,-7;254,10,-2;255,-12,1;256,-1,-7;262,1,-4;263,-1,6;265,7,-3;268,-8,-8;269,4,-2
rua||quebec|joao pinheiro|30530540|5,-1993497,-4399718;10,8,-6;20,10,4;30,8,-5;40,13,-1;144,65,-14;146,-33,-1;150,-6,5;190,54,-13;240,58,-19;250,14,-3;262,4,1
rua||quebec|oeste|30530540|5,-1993494,-4399723;23,43,-10;33,10,-1;55,2,8;155,51,-24;167,7,0;251,17,-7;255,42,-10
rua||queluzita|dom joaquim|31910000|34,-1987288,-4392564
rua||queluzita|fernao dias|31910000|280,-1987022,-4392184;302,3,14;326,1,5;328,2,7;684,54,251;710,-14,14;712,-7,3;720,1,1;740,-41,15;750,-1,6;752,-11,-6;766,-5,5;778,13,-17;830,-52,32;840,-14,3;850,-14,12;860,-6,-7;870,-6,7;872,-8,-3
rua||queluzita|fernao dias|31910252|170,-1987045,-4392325;180,-27,23;258,36,92;482,42,107;496,8,4;500,2,26;530,20,8;550,18,18;570,15,1;586,-9,8;588,10,-3;590,1,11;614,25,28;650,-13,47;652,-6,-1
rua||queluzita|piraja|31910000|569,-1986930,-4391929;575,-10,-7
rua||queluzita|sao paulo|31910000|1,-1987098,-4392351;3,-5,7;4,-29,-27;5,-85,-69;8,82,72;15,-13,-26;45,59,78;215,-9,6;225,34,51;233,22,15;243,-2,12;257,5,12;269,3,21;293,14,21;300,-187,-256;304,-12,-10;305,208,275;309,-187,-251;347,204,293;349,8,15;365,3,6;509,21,42;519,16,8;529,9,11;555,26,32;561,7,37;563,10,-23;565,-4,13;566,-24,9;567,6,12;901,-240,131
rua||queluz|mangabeiras|30210380|23,-1995031,-4391770;30,-7,1
rua||quenia|canaa|31749065|4,-1979545,-4394922;15,15,21;21,5,-1;22,-15,-6;36,-1,2;43,21,24;50,-16,-7;59,23,12;62,-9,3;69,16,6;71,13,25;74,-26,-27;79,22,19;80,-17,-11;86,6,7;94,20,31;98,-19,-26;102,26,54;104,-21,-40;105,9,1;106,-5,7;107,15,2;114,14,33;120,55,110;121,-50,-103;125,-1,3;126,-3,-3;127,7,8;134,-1,6;143,19,18;144,-13,-12;154,8,9;156,-1,9;157,8,-3;164,-6,6;165,-2,-3;167,15,8;179,1,15;180,-3,-1;184,0,12;196,4,5;202,5,7;204,1,7;206,3,3;234,15,27;241,-21,-51;251,7,9;263,0,3;273,8,13;277,7,13;293,7,12;321,0,5;400,-9,15;450,6,-14
rua||queops|vista alegre|30518090|25,-1995350,-4400345;70,-57,-11;93,3,30;95,-3,0;99,-9,2;103,6,-2;109,-10,4;110,-27,0;117,24,2;121,-28,5;131,-4,5;141,-15,2;164,13,-8;172,-6,0;204,51,-41;303,0,-4
rua||querida|lagoa|31575290|64,-1980889,-4399618;70,-1,-14;74,11,-17;78,-23,3;84,-15,-3;94,8,-15;104,-12,-13;114,-12,-16;115,15,16;124,-21,-22;134,-1,-15;136,-2,6;144,-12,-20;151,-10,-21;154,10,13;160,-18,-26;161,1,4;164,-2,-3;166,4,13;167,4,9;168,-7,-14;175,9,20;185,18,11;201,2,6;203,-1,14;205,14,14;207,-8,-19
rua||querida|lagoinha leblon|31575290|2,-1980723,-4399627;8,-25,1;18,-8,3;23,-43,-2;26,37,-5;29,-72,8;38,67,-8;39,-69,3;40,110,3;44,-64,-8;46,-4,12;50,-20,-9;54,-13,8;57,-29,-3;61,-17,-1;73,-2,2;85,-8,5;89,-3,-8;95,-11,8;105,3,-12
rua||quero quero|goiania|31950160|2,-1987189,-4390125;5,52,154;12,0,-25;19,-26,22;22,7,-11;29,-4,-2;36,1,-1;41,-9,4;48,-10,-1;59,-12,-15;60,4,16;67,-17,-12;69,-1,1;72,1,1;80,-9,-5;96,79,15
rua||quiari|boa vista|31050590|71,-1989424,-4389741;75,11,11;87,-3,9;97,2,14;107,6,23;131,3,14;141,14,26;155,-4,11;169,7,7;179,0,10;189,9,9;199,9,12;209,0,3;215,-2,8;219,1,9;229,0,7;235,31,67;239,-28,-63;249,5,9;255,3,10;259,-1,8;321,2,42;323,9,9;325,5,5;335,5,10;353,2,8;379,2,11
rua||quiari|sao geraldo|31050590|22,-1989430,-4389767;30,0,4;32,4,10;34,-10,9;66,24,26;76,-11,-19;84,11,25;88,2,8;90,-12,8;100,16,5;106,-4,9;110,11,11;112,11,1;120,-14,-3;130,5,6;132,3,13;134,-5,-2;150,7,21;174,2,12;194,0,13;210,23,64;214,-15,-32;224,8,8;234,3,2;240,-2,12;244,0,5;254,8,-5;260,-2,20;264,9,16;320,13,28;330,2,14;344,4,10;354,-3,5;360,4,18;364,2,7
rua||quiari|vila boa vista|31050590|354,-1989341,-4389462;360,3,10;364,-7,2
rua||quilombo|jardinopolis|30532010|89,-1993894,-4400283;92,31,25;129,17,12;131,-10,-10;201,-59,-25;207,-2,-7;300,9,4
rua||quilombo|oeste|30532010|100,-1993758,-4400261;139,41,11;153,-4,-3;167,-19,0
rua||quilombo|vila oeste|30532010|20,-1993648,-4400228;22,-3,-1;28,-35,-3;38,19,4;118,-25,-8;156,-23,-9;168,-10,0;172,-14,-5;174,-2,-4;178,-6,-1;188,-7,-3
rua||quilombo|vila oeste|30532080|19,-1993641,-4400217;21,-13,9;23,-3,-10;27,8,0;33,-31,-10;43,-4,-10
rua||quimberlita|santa tereza|31010260|353,-1991661,-4391419;365,-6,-6;377,-11,-3;387,0,1;397,-22,-9;415,-7,-1;510,-107,-35;538,-12,-8;550,0,0;566,-20,-4;572,-10,-8;604,-24,-2;606,-8,0;616,-12,-1
rua||quimo|parque sao pedro|31610240|28,-1981457,-4395398;32,42,27;35,-38,-28;45,37,30;49,10,8;51,7,8;59,-84,-71;60,3,8;61,91,75;65,10,12;70,-85,-75;71,92,82;77,4,-1;90,10,43;107,-4,-33
rua||quinante|parque sao pedro|31610250|2,-1981142,-4395091;14,-59,-86;15,-259,-302;23,278,300;26,-18,11;28,-8,6;33,41,28;34,-33,-23;35,-304,-446;36,314,452;45,-303,-418;47,174,258;48,-120,-168;55,19,14;59,246,328;60,-261,-327;65,46,23;69,217,309;71,-238,-321;73,20,22;74,-34,-32;75,36,27;77,14,18;78,238,336;79,-19,-44;84,-263,-327;85,40,24;93,15,24;94,-45,-43;95,250,334;98,-236,-317;100,9,3;104,14,13;105,-1,-3;116,1,19;126,12,-5;133,6,14;135,-22,33;136,22,-36;138,5,4;145,-17,40;152,27,-34;157,-12,35;159,3,-45;164,15,11;169,-1,4;176,6,6;181,8,-3;187,-19,-14;193,7,3;215,34,42;217,1,-9;219,5,8;221,2,9;225,2,9;255,62,119;266,-65,-122;277,15,13;278,0,10;300,8,34;303,-1,-31;323,6,12;325,-136,-156;333,140,165;335,8,6;340,-10,17;347,8,-6;350,0,14;356,-1,11;359,9,-21;360,7,23;370,-4,9;380,10,27;401,-13,-47;403,6,7;405,9,23;407,5,9
rua||quinhentos e quinze|capitao eduardo|31998658|5,-1983182,-4389062;30,21,-28;50,13,-10;60,9,-7;80,18,-4;90,17,-17;110,12,17;120,3,-1;126,15,3;180,15,1;190,6,-5;220,33,2;226,10,1;230,4,-8
rua||quinhentos e quinze|paulo vi|31995060|20,-1984626,-4388829;81,20,10
rua||quinhentos e quinze|paulo vi|31995156|90,-1984615,-4388808;100,15,5;150,19,10;170,13,6
rua||quinhentos e vinte e quatro|capitao eduardo|31998682|10,-1982899,-4388897;40,191,134;45,171,127
rua||quintil|parque sao pedro|31610040|31,-1981287,-4395402;38,7,18;148,-39,48;158,-4,9;160,8,11;170,0,32;175,-9,12;179,6,20;181,3,-4;189,-26,198;191,28,-268;195,7,87;201,-11,-42;285,0,-33;287,0,3;289,1,3;291,-5,11;361,22,66;371,10,15;379,0,8;386,-5,12;391,8,-4;397,0,6;410,-1,21;411,-4,-12;412,-1,25;416,-18,0;418,-2,14;420,-2,11;422,2,-17;424,12,-8;426,-4,-1;427,4,0;439,0,8;451,-5,10;463,-2,4;475,-11,14;487,-7,27;490,-15,24;497,19,-31;499,3,-7;500,-32,40;509,22,-20;523,1,17;529,-6,2;535,-4,10;536,-8,6;540,-3,4;548,4,2;549,-9,-9;555,4,3;559,-3,9
rua||quintil|parque sao pedro|31610250|12,-1981354,-4395485;18,6,7;36,65,94;58,-6,1
rua||quinze|capitao eduardo|31998722|30,-1982544,-4388335
rua||quinze|jardim felicidade|31742484|10,-1982726,-4392998;15,6,-6;20,-5,11;25,6,-9;35,-2,2;37,-29,104;45,2,-3;52,32,-108;55,-21,68;65,-3,17;75,6,-8;85,0,-7;95,1,-11
rua||quinze|jardim felicidade|31742486|7,-1982734,-4392968;8,3,-2;9,-1,-2;30,5,-15;32,-1,-9
rua||quinze|maria teresa|31845260|5,-1981940,-4388489;10,14,-1;15,-20,1;20,4,0;30,-5,3;35,-22,-1;40,16,1;45,-26,1;50,13,-2;55,-20,1;65,-42,1;70,43,-4;75,-21,7;80,17,-15;85,-31,15;95,-6,0;105,-8,-3;110,20,-6;115,-29,9;120,17,-10;125,-21,6;135,0,-5;140,12,21;145,-21,-12;150,-5,-10;155,-10,5;190,-21,2;200,-1,-4
rua||quinze|novo aarao reis|31845260|10,-1984246,-4390360;15,13,11;16,-13,-12;20,13,8;23,-7,1;27,17,8;43,13,4;60,4,0;64,8,10;91,-49,-47;100,77,36;110,-13,15;120,34,-3;122,-2,-4;123,5,8;171,-5,-3
rua||quinze|vista do sol|31990565|10,-1985007,-4389036;12,-8,2;19,-23,-1;21,8,-3;23,3,-3;25,5,1;27,11,6;30,-33,-14
rua||quitandinha|serrano|30881490|164,-1988872,-4401235;168,4,-13;188,7,-14;213,-9,6;225,9,-10;237,5,-9;245,9,-13;255,6,-8;260,8,-7;265,2,-7;270,33,-34;279,-30,25;281,9,-14;284,27,-25;285,0,-14;295,12,-2;296,-3,4;304,9,-14;305,-2,-7;315,5,-8;318,12,-5;325,-8,-5;332,14,0;335,-8,-3;345,21,-36;349,-6,14;350,1,4;360,8,-8;365,0,-8;375,2,-8
rua||quitandinha|vila santo antonio da barroquinha|30881490|1,-1989014,-4401041;15,1,-13;17,7,-6;19,-4,2;21,14,-1;25,4,-18;27,-7,2;32,2,12;34,9,-9;36,6,-8;38,4,-5;53,-3,-7;55,2,4;56,12,-12;57,-3,-3;58,4,1;59,1,-8;61,0,6;63,15,-31;70,-5,24;82,4,-12;84,1,-6;93,-1,-8;94,7,4;98,3,-5;100,-3,-5;103,0,-7;104,9,8;105,-7,-8;111,4,-8;113,0,3;116,8,-4;117,-3,-5;121,-3,6;123,7,-7;125,0,1;126,0,1;136,-2,7
rua||quito|trevo|31370230|95,-1984034,-4401003;120,43,-9;150,18,-37;160,9,-3
rua||quixada|ipiranga|31140220|946,-1988890,-4393423;967,31,-13;976,8,9;990,13,7;999,-5,-3;1002,17,2;1007,6,3;1014,7,-4;1026,8,12;1038,2,-9;1050,15,11;1051,13,-19;1062,2,9;1074,2,-5;1075,3,3;1087,7,13;1088,19,-9;1099,-5,-5;1100,24,2
rua||quixada|nova floresta|31140220|235,-1989569,-4393463;251,51,-5;261,-8,-9;273,18,10;285,11,-10;291,-50,8;299,58,-10;323,2,3;324,15,12;336,-3,37;345,22,-58;348,10,-13;357,5,13;360,12,12;369,0,-9;747,363,34;748,-3,6;750,-1,-3;751,8,-6;757,6,-1;758,-2,7;763,12,-7;766,1,5;773,3,3;774,1,0;777,5,-3;778,-2,8;786,12,-2;787,9,-3;792,-8,5;793,9,-7;803,2,6;804,4,-1;816,6,3;828,13,0;829,-4,6;840,18,-6;841,4,-2;851,-2,-1;852,-3,7;861,10,-1;873,13,-4;876,-3,9;885,13,-6;894,4,7;897,3,-10;898,-3,8;902,-2,4;903,9,1;911,16,-2
rua||quixada|silveira|31140220|174,-1989596,-4393442;192,12,-5;200,18,-8;202,-2,-8;212,0,-3;222,5,0;252,76,-5
rua||quixada|uniao|31140220|45,-1989717,-4393406;57,20,-13;60,4,6;69,8,-1;81,-4,-7;87,19,-1;106,5,-6;109,14,9;143,13,-12;147,12,-3;155,-1,8;157,5,-18;161,10,6;169,18,-10;175,1,0
rua||ronaldo mourthe queiroz|tirol|30662435|12,-1999226,-4404528;32,-17,-24;41,-4,-13;42,0,12;53,-6,-22;55,6,5;60,-11,-4
rua||seiscentos e vinte e quatro|lagoa|31578035|20,-1981111,-4399828;30,3,-3;40,4,-8;50,2,8;60,6,-7;100,11,-12;110,7,5;114,1,-3;120,3,4;124,8,-6;130,7,1;134,1,-5;140,3,-4;144,4,5;150,3,-4;154,7,-2
rua||seiscentos e vinte e quatro|lagoa|31578054|17,-1981128,-4399832;19,-20,-15;21,27,12;31,13,0;41,0,-1;55,15,-13;67,-5,2;79,7,1;91,3,2;101,4,-7;111,-8,6;135,31,-13;141,8,-4;145,-1,-1;151,1,0;155,6,-5;161,1,-1;165,10,1;171,5,1;175,6,-7;181,6,-17
rua||serra da agua quente|distrito industrial do jatoba|30668273|83,-2000293,-4402617;85,-29,-38;133,-39,-24;135,-83,-87;150,85,66;182,-26,-19;250,-8,-7;300,-60,-81;340,-4,-47;400,6,-26;430,6,-28;450,2,-65;451,-25,157;510,26,-163;511,-12,36;555,0,-20;575,3,2;620,13,-50
rua||servidao quatro|vale do jatoba|30664788|5,-2000540,-4404246;8,-7,6;14,5,-6;18,7,2;28,11,2;30,14,3;33,10,-32;35,-11,12;36,4,13;40,14,5;45,-5,4;50,9,-7;55,5,10;60,2,-8;65,9,-5;70,1,5
rua||setecentos e quarenta|jardim vitoria|31970632|11,-1985887,-4387381;12,-1,-3;13,5,-14;15,-7,-1;22,5,2;32,-5,-3;42,5,-3;45,2,-11;51,-12,-11;52,13,2;62,4,-2;65,-7,-2
rua||setecentos e quinze|jardim vitoria|31970526|10,-1986056,-4387936;40,5,15;50,5,4;60,6,-9;70,10,4
rua||setecentos e vinte e quatro|jardim vitoria|31970724|28,-1986080,-4387638;36,-10,1;41,12,-9;45,-13,8;51,-5,3;61,-8,6;65,-7,1;81,-12,12
rua||setenta e quatro|jardim dos comerciarios|30750370|20,-1978745,-4397218;26,23,-12;36,-2,57;40,20,13;80,0,7;90,4,13
rua||setenta e quatro|mantiqueira|31652040|13,-1978747,-4397231;23,-4,18;31,11,6;35,-2,-4;45,15,13;57,7,8;67,6,19;77,5,7;83,10,11;89,13,18;164,-59,-203;170,0,-11;184,8,-19;190,-3,-21;200,-11,-4
rua||tres mil cento e quarenta|sao paulo|31910065|35,-1986967,-4392702;200,-132,48
rua||tres mil e setenta e quatro|paulo vi|31995354|2,-1984186,-4388857
rua||tres mil quinhentos e setenta e quatro|capitao eduardo|31998688|10,-1983010,-4388459;18,143,104;35,-139,-105;36,278,210;37,5,9;38,-6,-16;41,-226,-160;50,-49,-30;57,-8,-19;62,22,18;63,175,138;65,28,24;66,37,2;70,-38,-18;75,67,90;80,-18,-42;82,8,8;86,-251,-193;90,12,12;100,2,-2;104,-58,-7;110,295,197;120,-216,-175;130,12,13;140,-1,5;150,14,2;152,179,124;160,14,1;170,-129,-83;200,47,44
rua||trinta e quatro|novo aarao reis|31845310|10,-1984277,-4391098;18,-12,-2;38,-7,-4;42,-6,3;50,-9,0;58,-1,-9;66,-16,5;76,-2,-11;84,-6,2;91,-63,-14;98,52,12;112,-13,-1;116,5,-2;126,-29,-8;134,8,-1;142,-4,4;150,-8,5;158,-14,-8;165,-3,-3;166,3,-4;174,-6,1;175,-1,0;178,8,-14;180,-11,8;185,-9,11;196,3,-9;197,-3,4
rua||trinta e quatro|novo aarao reis|31845410|9,-1984272,-4391096;13,-9,-3
rua||trinta e quatro|tirol|30662000|34,-1998736,-4403621;44,10,-13;54,14,6;74,4,-32;98,17,-4;108,9,-27;118,4,-1;128,6,-1;178,25,-37;188,-7,18;212,55,-45;236,-4,-20;270,20,-20
rua||trinta e quatro|vila vista alegre|30516350|2,-1995106,-4398887;4,-1,3;8,-5,-9;10,0,-9;14,-4,-12;16,-1,0;18,-6,-6;20,-3,6;26,-1,-2;30,0,-7;32,11,-11;34,9,-18;36,-5,8;38,-18,34;40,-4,-24;42,19,-14;48,-18,15;50,-3,-2;60,3,-7;62,-7,-12;64,16,-9;66,-7,3;68,6,2;70,-21,5;72,-5,-8;76,-5,-8;80,1,2;86,2,-15;100,-18,-3;104,5,3;110,-7,5;120,3,-14;130,-6,-2;140,-6,-9;150,-8,-12;226,86,138;228,-5,-15
rua||trinta e quatro|vista alegre|30516350|3,-1995091,-4398912;5,-15,7;7,-20,-9;9,0,-10;11,7,-4;13,-11,-8;15,19,30;17,-19,-20;19,0,-1;23,-11,7;25,-1,-32;27,4,-3;35,-12,-5;37,-5,-3;45,-6,6;55,4,-10;57,-2,-9;65,-2,-7;67,-9,43;71,-11,-28;75,9,-18;85,-5,-15;90,-25,-14;95,22,13;109,-14,-10
rua||vinte e quatro|vista do sol|31990460|5,-1984896,-4389441;7,3,-5;9,4,1;10,-27,20;11,28,-32;13,63,33;15,-56,-34;16,-12,-3;22,8,5;23,92,37;32,-90,-44;35,42,-3;37,-17,-13;43,-16,-17;46,5,15;53,20,-16;58,-12,2;60,3,2;63,20,-15;67,-20,-20;70,13,31;72,-3,-2;73,21,-20;76,-8,9;78,7,-7;79,4,-8;80,1,-5;82,6,0;83,3,-13;87,4,2;91,0,0;102,6,-4;114,4,-18;115,2,9;118,0,-7;119,-2,2;120,11,-14;121,-3,0;123,-2,4;129,20,-16;133,-5,2;165,13,0
rua||w quatro|pongelupe|30628020|20,-2000762,-4400335;35,-11,-15;50,-32,30;55,27,-48;70,11,-14;85,-21,-6;100,9,-14;105,-15,-13;120,5,-11;135,-8,-12;140,4,-9;155,-11,-13;170,11,-3;190,-16,-28;195,-4,1;215,-7,-27;230,4,-9;245,-11,-21;250,11,6;275,-15,-17;280,7,-7;300,-6,-22;305,-11,-6;320,0,-13;335,-8,21;337,-27,-142;339,1,0;341,-3,-3;343,6,-4;345,-14,-5;347,5,1;349,-5,-18;350,45,128;351,-32,-114;353,-5,-3;355,2,-4;357,0,20;359,-13,-40;361,1,4;363,-4,-15;365,7,6;367,-7,-9;369,-1,-8;370,44,135;371,-38,-142;373,-3,-1;375,-5,-4;377,-1,3;379,-5,-4;381,-1,-5;383,-2,-26;385,-3,17;387,11,-6;389,-9,-10;390,46,156;391,-51,-170;393,-11,-5;395,7,-20;397,5,-4;399,-6,-11;401,-5,-11;403,-2,-3;405,-65,-28;407,59,27;408,52,138;409,-54,-145;410,46,139;411,-55,-150;413,-3,-10;414,53,158;415,-46,-171;417,5,0;419,-12,-1;420,55,165;421,-37,-179;423,-10,-6;425,-12,-1;427,6,-4;429,-6,-16;430,59,203;432,-4,-10;434,-4,-4;436,-2,-11;450,-1,-4;460,-4,-14;466,-4,-22;470,-7,8;480,7,-6;490,-2,-9;493,17,-55;500,-30,8;502,0,-8;504,2,0;506,-5,-6;508,-19,-63;510,17,53;512,45,12;514,-42,-15;516,42,15;518,-48,-34
rua||w quatro|pongelupe|30628050|492,-2000908,-4400874;494,-6,-6;496,2,-2;498,-6,-6
travessa||dois mil duzzentos e quarenta|engenho nogueira|31320530|3,-1989054,-4398378
travessa||dois mil e quatro|ermelinda|31250260|27,-1988515,-4396134;31,4,-8
travessa||queluzita|sao paulo|31910000|290,-1987183,-4392454;292,4,-16;294,-5,4;295,17,-11;296,-5,4;297,16,-17;298,-7,6;299,8,-6;300,3,-7
travessa||tres mil quatrocentos e vinte quatro|maria virginia|31155490|17,-1986986,-4393606
travessa||um mil quatrocentos e quatorze|mariano de abreu|31050340|1,-1989439,-4388970;2,-2,-9;3,15,-8;4,-7,-9;5,10,10;6,-9,5;11,7,-14;13,-17,16;16,17,-17;17,-18,12;29,17,-16;30,-2,-8;40,21,-6;42,8,4;60,-1,9;70,-3,9;80,19,1;90,12,14;110,-59,-16;245,-5,28
via||de pedestre quatro|castanheira|30670292|173,-1999626,-4403300;175,-3,7;176,1,28;182,1,-20;185,4,-3
via||de pedestre quatro|vila pinho|30670292|25,-2000415,-4402325;27,-5,1;46,-7,0;49,-11,4;50,-3,-4;53,-3,5;62,-3,-5;123,-13,-15;125,-16,18;129,12,1;131,-27,-12;192,4,14;1403,-11,-27;1405,5,12;1407,-9,-29
