acesso||a rua doze e rua dez|cruzeiro do sul|32672802|8,-1993481,-4416114;371,-19,-15
avenida|sao|diniz|alvorada|32685102|2,-1993920,-4409940;3,298,209;6,-280,-197;290,29,23;298,-14,1;306,-1,-8;314,-2,-7;318,-26,-5;320,2,-16;330,-7,1;342,-12,-14;1584,186,93;1650,108,59;1694,-24,-13;1704,31,36;1706,18,18
avenida|sao|diniz|alvorada|32687012|1480,-1993832,-4409879;1508,9,6;1510,21,-3;1518,-11,4
avenida|sao|diniz|amazonas|32685102|421,-1994379,-4410384;433,-10,-18;457,-15,1;469,-5,-9;481,-2,-4;503,-57,-77;513,13,9
avenida||dois|amarante|32605445|21,-1994140,-4413462;1776,-26,-4
avenida||dois|chacaras sao sebastiao|32655450|120,-1991985,-4417760
avenida||dois|conjunto habitacional celso alves pedrosa|32655450|198,-1994145,-4412977;210,-3,8;360,1,-301;370,-2,16;380,-3,8;388,0,5;389,-10,88;400,12,-74;410,-4,9;414,1,7;422,45,-80;426,-29,-39;477,-27,277;485,29,-299;487,-29,276;489,-2,11;495,3,-24;497,-3,-25;499,1,-2;500,30,-249;501,-28,241;502,24,-247;503,-22,241;504,1,-11;505,1,-17;506,3,-15;507,-3,9;509,4,-11;510,0,-11;511,-6,10;512,7,-24;540,-23,181;555,14,-4;556,21,47;558,1,13;565,-22,-46;567,14,10
avenida||dois|sao joao|32655450|71,-1997661,-4416683;85,-15,6;171,-65,50
avenida||dois|vila alpina|32655450|16,-1997758,-4416623;62,101,-64;84,-17,11
avenida||dois|vila cristina|32654804|141,-1994188,-4413029;194,18,-15;613,1,-110
avenida||dois|vila das flores|32605230|17,-1992811,-4418235;41,-17,-31;53,-16,-15;54,5,-1;96,-271,-187;97,4,-6;98,-1,-9;100,68,92;101,-17,-6;104,-42,-56;108,-16,-15;117,84,82;120,-41,-6;151,49,14;152,22,6;200,49,23;210,-3,-1;220,9,14;234,12,1;245,213,202;256,-192,-187;266,0,-6;278,22,11;290,3,5;320,20,9;344,18,21;350,6,-3;362,9,14;408,12,25;422,16,15;440,5,4;442,5,13;446,2,-3;448,10,7;450,28,35;460,-8,-18;461,-5,-2;462,-11,-4;473,1,4;492,17,18;520,25,22;538,-7,-8;540,15,19;552,-7,-4
avenida||dois|vila das flores|32605445|3,-1993108,-4418496;4,1,-17;6,323,303;18,-42,-50;22,-274,-202;43,256,173;47,-6,-8;95,-248,-154;99,18,20;107,34,27;109,-6,-3;131,30,14;133,3,5;135,-7,-5;137,0,1;139,27,10;149,-15,-6;150,351,250;211,-437,-347;223,1,12;235,168,131;253,12,11;255,7,-2;267,10,9;276,18,8;289,-7,-3;309,20,11;319,6,6;405,53,61;603,106,101;700,20,8
avenida||dois|vila das flores|32605495|12,-1993151,-4418633;119,27,58;125,-1,-12;127,6,21
avenida||dois|vila das flores|32606665|5,-1993176,-4418673;15,11,8;25,4,8;35,4,-2
avenida||pedro diniz|amazonas|32685018|301,-1994528,-4410239;321,-22,10;357,-18,11;400,-51,12;420,-16,7;423,36,10;425,-23,12;427,-9,-24;464,-39,11;475,-6,28;480,-1,-7;491,-12,15;494,-1,-13;505,-13,17;537,-19,15;550,-12,3;559,-53,44;561,53,-38;564,-10,9;565,-5,-3;570,-10,-6;578,1,7;579,6,3;590,-44,18;600,13,-9;615,-27,20;617,-7,5;620,23,-20;625,11,-5;640,-20,3;650,-1,6;654,54,-29;680,-68,34;694,-31,24;701,-7,12;706,-8,-16;710,30,-6;713,-16,16;715,3,-1;721,-30,12
avenida||pedro diniz|amazonas|32685100|126,-1994379,-4410336;132,-15,3;146,-4,6;206,-54,27;314,-90,51;340,-13,10;346,-11,5;391,-334,185;749,5,18;765,-6,1;781,-9,6;788,-10,-21;797,-9,32;800,-3,-7;835,-12,10
avenida||sao diniz|imbirucu|32677128|50,-1994450,-4410767;550,-26,127;560,16,-28;570,10,-16;574,9,-13;576,-3,-12;578,0,-4;580,-1,-5;590,5,-12;606,-3,-6;610,1,-6;620,1,-10;630,1,-23;640,15,-11
beco||dois|amarante|32673532|17,-1994242,-4413530;19,4,-3;22,-5,3
beco||dois|campos eliseos|32661830|11,-1997628,-4414426;12,9,-20;13,1,1;14,2,-4;15,0,3;16,-3,4;17,-8,12;18,4,4
beco||dois|sao caetano|32677524|11,-1993929,-4411570;15,-2,-1;16,0,10;20,-6,-12;21,1,-1;22,4,13;23,-4,-13;24,0,0;25,-3,2;37,11,2
beco||sem denomiinacao|jardim terezopolis|32699899|185,-1995059,-4411975
beco||sem denominacao|bandeirinhas|32654800|18,-2000359,-4417158
beco||sem denominacao|bandeirinhas|32657180|24,-2000933,-4417029;171,1,1
beco||sem denominacao|bandeirinhas|32657210|25,-2000651,-4416770;1840,-14,-7
beco||sem denominacao|betim industrial|32699899|1117,-1996069,-4416274;1118,-10,-6;1119,-13,6
beco||sem denominacao|bom retiro|32606188|610,-1993595,-4420315;612,-15,-19;614,-6,-11;616,-11,-11;618,1,-8;620,-3,-3;622,-9,-1;624,-1,6;626,12,-5
beco||sem denominacao|brasileia|32600335|33,-1996922,-4420379;45,-7,-13;59,-7,-9
beco||sem denominacao|brasileia|32600444|18,-1996930,-4420389;20,-4,-9;26,7,-8;71,-9,4
beco||sem denominacao|citrolandia|32641370|203,-2002624,-4422817;209,1,-3
beco||sem denominacao|citrolandia|32641490|211,-2003498,-4421684;213,15,14
beco||sem denominacao|citrolandia|32641570|230,-2002718,-4422576;232,-18,17
beco||sem denominacao|citrolandia|32641586|129,-2003232,-4422480;131,-8,14;133,1,12
beco||sem denominacao|citrolandia|32641604|99,-2003355,-4422513;100,7,-11;120,-14,9;121,-1,0;125,-10,10
beco||sem denominacao|citrolandia|32641632|287,-2003456,-4422991;289,30,-5
beco||sem denominacao|colonia santa izabel|32699899|11,-2003986,-4421474;12,-35,-13;13,-1,-13;14,8,32;16,-11,-33;30,-349,72;68,-47,5;69,-33,0;78,21,0;88,-4,1;255,72,10;510,-185,392;600,10,4;701,27,55;703,5,4;711,11,20;800,7,10;801,7,13
beco||sem denominacao|conjunto habitacional celso alves pedrosa|32699899|249,-1994130,-4413342;385,458,-773;386,10,5;428,-452,786;430,-6,-9;432,-1,0;450,11,-9
beco||sem denominacao|conjunto habitacional homero gil|32699899|105,-1993219,-4419043;113,-1,3;115,6,-10;209,58,84;221,-4,0;465,294,67;475,0,-4;479,5,-3
beco||sem denominacao|filadelfia|32670110|139,-1997280,-4418481
beco||sem denominacao|guanabara|32665702|115,-1996788,-4414133;117,-7,19;121,8,6;200,3,-16
beco||sem denominacao|guanabara|32667090|36,-1996925,-4413495;300,10,-22;324,12,24;325,-20,0;326,-3,-2;457,15,0
beco||sem denominacao|guanabara|32667230|711,-1996644,-4413223
beco||sem denominacao|icaivera|32611176|108,-1986035,-4416604;119,117,-99
beco||sem denominacao|imbirucu|32677224|5,-1994324,-4411205;7,6,3;11,-1,8;15,-5,-6
beco||sem denominacao|imbirucu|32677260|45,-1994328,-4411050;51,-2,-13;53,1,6
beco||sem denominacao|imbirucu|32677380|92,-1994213,-4411062;179,-4,-3;188,-5,13;192,0,-1
beco||sem denominacao|itacolomi|32672598|3,-1992352,-4416983;5,2,-2;7,0,0;12,0,0;425,0,0
beco||sem denominacao|itacolomi|32672602|4,-1992376,-4416970;6,23,-16;9,3,0;421,-14,6
beco||sem denominacao|jardim alterosas primeira secao|32699899|198,-1995041,-4415229;200,-6,-10;476,16,14;486,9,15;488,4,1
beco||sem denominacao|jardim alterosas segunda secao|32699899|28,-1994493,-4417070;31,9,-3;99,-4,0;348,-7,4;575,2,-1
beco||sem denominacao|jardim brasilia|32671460|437,-1995710,-4418504
beco||sem denominacao|jardim brasilia|32671468|12,-1995417,-4418667
beco||sem denominacao|jardim brasilia|32671518|24,-1995477,-4418690;25,-13,-8;611,9,8
beco||sem denominacao|jardim terezopolis|32681592|255,-1995143,-4411682;265,17,8
beco||sem denominacao|jardim terezopolis|32681606|76,-1995022,-4411802;78,2,-17;80,1,8;86,-5,10;97,4,-7
beco||sem denominacao|jardim terezopolis|32681640|85,-1994892,-4411757;95,8,-1;97,-17,-7;98,9,2;99,-3,-3;101,-4,-1
beco||sem denominacao|jardim terezopolis|32681700|78,-1994996,-4411593;110,-25,26;115,-6,5;128,12,24;137,-4,22
beco||sem denominacao|jardim terezopolis|32681776|17,-1995054,-4411529;23,13,25;24,-4,24;25,1,-23;142,37,72;144,5,-7;148,-7,10
beco||sem denominacao|jardim terezopolis|32699899|42,-1994888,-4411926;116,-131,376;136,-13,36;140,4,-5;152,113,-402;201,-10,17;214,13,-15
beco||sem denominacao|laranjeiras|32676312|16,-1994815,-4412960;21,-3,5
beco||sem denominacao|marimba|32623148|15,-1992689,-4427254;16,-22,17;23,25,-26
beco||sem denominacao|marimba|32623462|2,-1991762,-4427809;6,0,38;40,-1,3
beco||sem denominacao|petropolis|32655015|97,-1997486,-4418518;99,-2,-6;101,7,4;103,7,-11
beco||sem denominacao|petropolis|32655058|240,-1997272,-4417928;252,0,11;268,3,13
beco||sem denominacao|santo antonio|32684010|25,-1994940,-4411322;27,0,-5;31,8,6;33,2,-1;37,-8,-3;49,26,2;51,-14,2;52,18,-7;56,-37,-1;58,31,0;59,-23,-2;60,-13,2
beco||sem denominacao|santo antonio|32684046|226,-1995052,-4411001;230,-10,-15;234,12,29
beco||sem denominacao|santo antonio|32684146|258,-1995103,-4410613;260,4,6;262,1,2
beco||sem denominacao|sao joao|32655564|11,-1997151,-4417173;12,-14,5;14,-13,4
beco||sem denominacao|sao joao|32655600|60,-1997185,-4416242;63,6,4;64,2,-2
beco||sem denominacao|sao salvador|32639326|453,-2001716,-4423242
beco||sem denominacao|savassinha|32676682|273,-1994028,-4412123;285,1,-1;288,-12,-16;290,-5,17;292,-2,-2
beco||sem denominacao|senhora de fatima|32672272|181,-1993951,-4417011;183,-17,25
beco||sem denominacao|vila boa esperanca|32684302|55,-1995282,-4410362;56,7,-56;57,20,-52;59,-21,79;62,-2,25;63,7,-21;64,3,-5;67,17,-4
beco||sem denominacao|vila das flores|32605510|337,-1992856,-4418800;341,-2,-2;351,-3,1;448,-6,-2;449,3,-10
beco||sem denominacao|vila sao caetano|32677732|73,-1993682,-4411379;75,-15,-1
beco||sem denominao|jardim brasilia|32671482|321,-1995500,-4418403
beco||sem denominao|jardim brasilia|32671502|280,-1995510,-4418388;289,20,-41;300,-12,28;309,-2,11;313,2,-21;315,3,-2
escada||sem denominacao|marimba|32623148|15,-1992651,-4427294;16,-5,5;17,-3,-1;20,-16,6
estrada||gerson duart|charneca|32600001|920,-2001360,-4424106
estrada||gerson duart|charneca|32634100|860,-2001412,-4424212;920,85,90;927,-68,-46;929,-14,-28;930,18,22;950,-13,-24;960,-20,-42;963,-25,-75;970,-18,65;974,24,-42;975,6,-40;1007,-3,91
estrada||gerson duart|charneca|32636100|987,-2001447,-4424330
estrada||sem denominacao|citrolandia|32641474|22,-2003591,-4421570;78,-46,-58;89,78,-301;90,-83,292;95,49,44;96,-50,-54;101,45,36;102,-46,-43;108,44,36;109,-55,-42;113,47,92;114,7,-62;115,-4,0;121,0,0;122,0,-6;129,-6,-3;130,8,-4;134,-6,2;136,3,-8;142,-5,2;143,0,-4;148,1,-10;149,1,0;154,-8,-2;155,60,-268;160,-53,264;161,-3,-3;166,-8,0;167,8,-15;172,-13,4;173,6,1
estrada||sem denominacao|distrito industrial jardim piemont norte|32699899|1,-1995290,-4408032;2,6,-9;3,19,9;28,52,-18
estrada||sem denominacao|saraiva|32605800|490,-1992508,-4424037;492,-43,-57
parque||fernao dias|riacho iii|32699899|35,-1994302,-4407992
passagem||de pedestre sem denominacao|jardim brasilia|32671544|685,-1995335,-4418895
passagem||sem denominacao|imbirucu|32677260|7,-1994331,-4411012;9,0,8;56,1,-10;218,-7,28
passagem||sem denominacao|imbirucu|32677308|102,-1994338,-4411005;227,-11,28
pavilhao|tenente aviador|sem denominacao|colonia santa izabel|32699899|120,-2004039,-4422125
praca||sem denominacao|jardim piemonte|32689350|609,-1995147,-4407045
praca||sem denominacao|senhora das gracas|32604628|335,-1994483,-4419233
rodovia||br 381 ou fernao dias|betim industrial|32699899|493,-1996479,-4417419
rodovia||br 381 ou fernao dias|casa amarela|32635002|7,-2001441,-4422190;61,-126,-60
rodovia||br 381 ou fernao dias|charneca|32641520|1075,-2003729,-4425542;1081,-87,184;7880,-16,-178
rodovia||br 381 ou fernao dias|citrolandia|32642305|499,-1999570,-4420839
rodovia||br 381 ou fernao dias|dom bosco|32670500|381,-1996063,-4415835
rodovia||br 381 ou fernao dias|fazenda barreiro de cima|32669895|483,-1995830,-4408063
rodovia||br 381 ou fernao dias|filadelfia|32670005|100,-1997295,-4418447;495,31,8
rodovia||br 381 ou fernao dias|filadelfia|32670138|23,-1996897,-4418161;25,-25,-18;27,-30,-19;31,-12,-8;33,-2,-4;109,-204,-171;133,61,56;143,11,10;148,250,201;340,19,13;435,-252,-200;437,16,8;440,203,168;484,-336,-298;494,151,149
rodovia||br 381 ou fernao dias|jardim piemonte|32689898|424,-1995845,-4407406;483,-29,300;520,41,-442;900,-39,280;999,41,-256;1000,-35,129;1050,2,-25
rodovia||br 381 ou fernao dias|jardim terezopolis|32681200|68,-1995528,-4411420;132,-6,67;488,7,-63
rodovia||br 381 ou fernao dias|jardim terezopolis|32699899|100,-1995721,-4412278;110,65,-275;113,-74,292;115,71,-281;120,-13,66;130,-2,-1;136,12,-50;430,-35,154
rodovia||br 381 ou fernao dias|nova baden|32667465|18,-1995588,-4414267;55,-28,89;491,126,-172
rodovia||br 381 ou fernao dias|parque ipiranga|32642305|23,-2001454,-4421954;500,838,648
rodovia||br 381 ou fernao dias|santo antonio|32684296|486,-1995566,-4410557
rodovia||br 381 ou fernao dias|sao joao|32655505|601,-1996177,-4415984
rodovia||br 381 ou fernao dias|sao joao|32655695|493,-1996395,-4416910;495,8,44
rodovia||br 381 ou fernao dias|sao marcos|32642305|506,-2003883,-4425194
rodovia||fernao dias|jardim piemonte sul|32669895|100,-1995846,-4407656;200,-45,138;300,36,-100;429,-71,598;484,-41,-1875;500,41,1398;600,12,91;700,-2,26;800,0,6;900,0,44;1000,-1,26;9999,-2,86
rodovia||fernao dias|jardim terezopolis|32655505|17,-1995526,-4411532;487,5,-41
rodovia||fernao dias|jardim terezopolis|32681354|430,-1995726,-4411992;487,223,319
rodovia||fernao dias|paulo camilo|32667566|489,-1995660,-4413495
rodovia||fernao dias|paulo camilo|32669055|488,-1995785,-4412253
rodovia||fernao dias|paulo camilo|32681002|489,-1995664,-4413027
rodovia||fernao dias|petropolis|32655135|114,-1997081,-4418116;156,-2,-1;230,10,1;483,539,659;494,-41,-147
rodovia||fernao dias|santa cruz|32667382|432,-1995636,-4414380
rodovia||fernao dias|santa cruz|32689898|340,-1995671,-4414101;400,-5,-20;450,16,-25;489,0,-13;490,13,-35;510,12,3
rotatoria||sem denominacao|decamao|32603040|13,-1996960,-4421250
rotatoria||sem denominacao|guaruja|32603215|1,-1996230,-4421535
rotatoria||sem denominacao|vila das flores|32605602|90,-1992571,-4418773;94,3,9;96,0,4
rua|doutor|geraldino diniz|citrolandia|32639388|32,-2002362,-4423322;42,-1,4
rua|doutor|geraldino diniz|citrolandia|32639400|27,-2002354,-4423330;43,-13,-38
rua|doutor|orestes diniz|amazonas|32685134|7,-1994373,-4409980;8,15,-21;10,2,-5;12,2,-10;63,13,-103;65,-3,7;69,6,-7;72,-6,69;75,2,-81;79,-1,0;84,-9,74;85,14,-79;91,5,-13;96,-16,80;97,18,-79;100,-15,71;120,1,-15;132,3,-10;144,-2,-6;152,8,-9;154,2,-6;156,-4,-7;178,13,-43;190,1,-14;199,-4,-1;202,7,-2;211,-6,-20;225,9,-10;235,2,-10;240,-2,27;241,6,-31;251,5,-9;252,-12,33;260,5,-18;261,2,-27;270,-2,17;273,5,-27;274,-1,17;275,5,-26;276,2,15;279,-4,-21;280,2,8;282,1,-9;292,-6,-3;311,10,-6;540,-71,316
rua|frei|damiao|colonia santa izabel|32641138|77,-2003841,-4421596;87,5,8;94,-62,-21;97,-30,11;98,128,40;101,-114,-38;102,-1,-24;120,-9,-6;130,-14,0;140,-4,4;144,-9,13;160,-7,-8
rua|marechal|deodoro|alvorada|32687002|6,-1993961,-4410140;10,35,7;15,-26,-20;16,-1,7;20,1,-1;23,6,-7;25,4,4;35,2,-9;38,31,38;40,14,45;41,-2,1;45,-39,-91;48,37,81;51,30,41;52,-38,-61;55,-7,-13;56,-3,-5;57,21,34;58,-4,-4;59,-16,-29;63,-6,-11;64,-2,-7;65,49,71;66,-14,-10;71,13,15;73,6,30;74,-57,-108;75,67,97;76,0,15;77,-10,-29;79,3,10;80,-52,-77;84,-15,-32;85,58,102;89,-57,-102;90,1,-4
rua|marechal|deodoro|citrolandia|32641710|10,-2003021,-4423118;15,5,7;19,-5,6;21,-8,15;26,-2,9;27,1,0;28,-1,6;29,2,1;30,5,-13;36,13,-31;75,-55,59;120,31,-4;201,-3,-1;206,6,7;208,-3,0;216,0,-2
rua|marechal|deodoro|petropolis|32655108|3,-1997070,-4417422;10,-5,1;28,6,21;40,3,27;41,2,-11;61,1,14;63,-2,71;78,2,-62;93,0,12;103,-4,-12;109,7,8;113,-2,14;116,0,10;125,11,24;127,-6,-21;128,13,72;139,-4,-49;155,1,16;170,-1,22;175,5,-10;185,0,5;198,1,32
rua|padre|damiao|citrolandia|32641356|1,-2003776,-4422345;10,50,-6;13,-39,3;25,3,0;88,33,-6;101,16,-1;104,-2,17;116,14,-11;119,1,-6;130,18,6;135,0,-4;140,8,7;150,5,-4;151,2,-4;157,6,-5;161,10,-1;162,-7,14;164,0,1;165,0,-14;170,12,17;181,6,-12;186,-37,38;188,46,-26;190,11,-9;193,-10,-7;202,16,11;206,0,1;207,3,-12;218,9,6;221,1,-5;222,1,6;224,7,2;231,0,-8;234,16,8;245,-11,-22;254,15,27;255,-11,-11;256,12,-10;263,-1,12;268,13,3;277,-6,-14;282,18,10;288,-1,2;296,19,1;297,-21,-6;313,17,0;314,20,-1;315,-12,4;325,12,-4;326,12,13;327,-37,-15;333,32,-2;341,4,6;344,20,-1;349,-17,0;355,17,0
rua|professor|vasco damiao|guanabara|32667028|20,-1997606,-4414257;31,4,-2;33,5,16;46,28,48;55,-14,-32;56,-7,-7;65,11,10;72,-6,-1;89,20,22;94,-9,-5;108,20,32;112,-6,-20;117,10,25;119,8,19;120,-12,-27;121,6,24;132,-2,-19;133,-8,-17;135,19,57;136,-13,-28;155,21,29;158,-8,-14;179,17,22;180,-12,0;195,5,22;196,-6,-22;207,12,24;212,-6,-14;219,9,26;230,-8,-16;231,12,31;235,9,7;246,-16,-21;248,-6,-14;260,14,24;268,8,9
rua|santa|rita durao|amarante|32676030|20,-1994579,-4413758;34,6,-11;44,4,-12;51,6,-19;53,1,4;54,3,-4;55,0,-5;84,8,-11;89,21,-38;101,-28,8;104,37,-20;151,-4,-15
rua|sao|dimas|vila presidente kennedy|32665670|36,-1997106,-4414351;38,-2,-1;42,3,-8;62,17,39;68,-27,-44;70,24,36;191,155,115;201,-28,-30;234,24,31;244,10,11;262,20,11;264,14,7;280,4,1;292,11,1;304,12,-2;305,8,0;308,3,-1;310,18,-1;312,-54,-2;322,47,-2;332,13,-2;343,0,5
rua|sao|diniz|amazonas|32685102|70,-1994099,-4410172;83,-8,-18;100,-260,-175;136,244,179;168,-24,-27;172,24,27;174,11,6;176,2,3;178,5,4;180,15,10;181,-9,-7;200,-47,-49;201,-77,-40;210,64,38;230,-3,-2;233,-41,-27;235,11,6;237,2,4;238,-40,-28;240,29,10;248,-48,-34;280,-14,-6;300,-5,17;312,-9,-27;325,-43,-13;326,32,7;336,-16,-1;348,-7,-14;350,194,167;395,-314,-298;411,97,127;428,-3,-1;470,-76,-100;477,15,21;696,143,138;725,46,11;755,14,8
rua|vereador|paulo drumond|citrolandia|32641808|7,-2002332,-4422950;36,51,38;38,7,-14;46,-37,-17;513,-18,-9
rua||25 de dezembro ou dois|nova baden|32676102|123,-1995503,-4414266;125,0,0;127,-16,9;129,1,-23;133,-7,36;140,-13,14;153,-4,0
rua||adair jose diniz|bom repouso|32606190|11,-1993788,-4420409;25,2,7;41,5,7;49,6,18
rua||adair jose diniz|bom repouso|32606208|26,-1993796,-4420398;28,-8,-6;38,15,24
rua||adair jose diniz|bom retiro|32606190|98,-1993765,-4420353;104,6,21;112,1,4;120,6,13;170,16,36;182,4,12;187,3,5;190,9,-1;198,7,7;206,-15,4;214,6,15
rua||afro domingos|filadelfia|32670050|42,-1996733,-4418708;50,-388,-166;52,409,174;56,-422,-178;64,392,169;65,-45,-20;90,-367,-154;123,353,152;141,-11,-4;155,-9,-6;161,-15,-7;177,-15,-4;200,-431,-179;315,163,66;484,12,-9;504,-15,0;523,12,14;525,-27,-14;555,-10,-4;571,-28,-13;585,-20,-5;590,2,-6;600,-13,-6;609,-2,5;611,-4,-1;614,-9,-7;625,-7,-3;635,-1,-5;643,-10,3;644,0,-4;651,-15,-4;670,7,2;716,-49,-20;801,-55,-57;805,3,12;817,-12,-21;829,-16,10;900,87,70
rua||afro domingos|filadelfia|32670174|7,-1996699,-4418688;21,-11,-8;29,-12,-3;41,-15,-6;120,-57,-28;138,-20,-11;144,-2,-5;148,-3,0;160,-9,-1;180,-16,-7;225,-39,-17;240,-18,-4;241,2,6;260,-6,-8;262,-13,-6;267,-2,4;278,-9,-10;292,-9,-2;301,-3,-11;336,-34,-2;343,-10,-7;356,-7,-4;365,-10,-2;370,-8,-3;375,4,0;381,-10,-3;384,-5,-4;385,-5,7;396,-3,-10;397,-3,0;411,-5,-8;429,-8,6;430,-18,-9
rua||amim fares debian|centro|32600014|11,-1996747,-4420372;19,4,-15;45,32,-51;47,1,-9;50,1,-9;65,-14,42;119,-24,34;167,-49,63;301,0,-100;914,30,93;919,-13,-19
rua||anemona antiga rua dois|recanto da lagoa|32668106|320,-2001908,-4412089;330,11,-6;348,-3,-10;358,3,-7;368,11,-12;378,3,-5;388,1,-16;398,4,1;406,4,-13;416,2,-5;422,7,1;428,7,-2;438,2,-1;448,9,2;458,11,-3;468,12,-2;478,4,6;488,14,-1;502,3,3;508,8,-3;518,17,3;528,4,0;538,-21,5;548,30,1;558,19,8;568,10,-3
rua||antonio bento diniz|imbirucu|32677106|31,-1994579,-4410816;44,4,43;68,-9,-75;85,19,90;86,17,-2;87,-17,0;89,4,19;90,1,39;96,-3,-46;98,-4,-6;100,-6,-17;188,-7,-89;200,-1,-2;202,-2,-14;210,-3,-5;211,-7,0;212,8,-11;222,-6,-11;223,0,-5
rua||antonio dias|industrial sao luiz|32675640|19,-1993418,-4412737;35,-9,15;55,-15,14;80,-22,8;85,1,13;89,9,-9;91,-16,36;92,7,-22;104,-4,1;109,-27,29;111,-19,24;121,18,-6;128,16,-30;140,-7,3;157,-7,21;167,-22,22;169,-4,6;170,8,-17;181,-14,24;182,14,-24;200,-9,17;210,-3,8;211,-3,9;223,-5,3;224,0,-9;235,-14,26;236,5,-15;241,-7,16;246,-16,-6;247,12,15;259,-7,9;260,-9,0;270,-14,16;271,23,-12;272,-22,12;283,8,5;284,-28,18;286,-9,13;295,25,-25;296,-22,25;301,4,20;303,-15,15;304,1,6;306,0,-10;307,2,20;311,25,-59;333,-3,3
rua||antonio luiz drumond|citrolandia|32641850|20,-2002670,-4422724;21,-10,65;23,17,-55;39,6,32;40,-6,-41;52,12,13;58,-25,-33;60,40,59;63,-2,0;66,11,1;73,-2,16;79,15,-3;80,20,0;82,-15,-5;89,0,9;103,10,7;107,-2,-1;121,8,-2;125,-4,-6;134,6,15;150,23,-51;155,19,62;162,14,-25;170,14,49;190,-3,-18;194,13,-6;200,19,14;205,-8,-15;209,11,4;212,4,12;243,18,-9;245,2,3;265,-8,7;266,16,0;275,9,5;276,-13,0;277,13,2;283,21,-2;285,-6,1;287,13,0;288,-8,6;289,-2,3;290,-7,-12;291,8,12;311,-12,-2
rua||armando gabriel dutra|conjunto habitacional dicalino cabral|32642082|9,-2002160,-4422254;19,-2,14;26,-7,-3;29,4,12;32,-9,1;39,12,8;42,-10,0;51,6,19;54,-7,-13;68,-7,20
rua||astolfo dutra|industrial sao luiz|32675644|24,-1993526,-4412496;31,-10,8;46,28,-21;54,-2,-7;66,8,-6;77,2,-12;89,11,-10;96,3,-3;97,-20,24;98,-30,40;101,46,-66;108,12,-6;113,5,-8;121,2,-3;125,2,-9;136,0,9;137,5,-13;150,6,3;157,0,-12;165,7,-3;177,13,-18;181,-6,7;191,4,-9;197,13,-6;208,-48,57;209,63,-74;221,7,-12;233,6,-15;240,-16,24;252,11,-13;258,-115,137;260,99,-114;270,-106,126;272,93,-109;278,46,-53;285,3,-12;290,5,-9
rua||benedito de souza dias|citrolandia|32641640|5,-2003369,-4423137;12,38,-64;13,-26,17;15,5,-35;16,12,9;17,-2,25;18,7,-8;20,-7,-21;22,1,-4;23,-5,4;26,7,32;28,-6,-41;30,9,36;37,-13,-40;281,38,39;418,-45,22;423,-20,28;428,19,-21;438,-18,2;440,0,5;442,9,7
rua||bom despacho|conjunto habitacional homero gil|32606666|25,-1993334,-4419054;28,4,8;30,6,6;32,0,2;35,8,2;36,-4,-1;43,9,4;46,3,13;48,-6,-5;55,111,141;57,-100,-134;59,0,0;60,6,10;72,5,4;77,-4,-6;84,7,12;89,-1,-8;96,5,18;101,6,-8;103,18,-12;113,-20,20;115,21,-16;140,-4,48;158,12,-30;170,2,13;182,10,23;187,7,20;189,3,4;190,-2,0;191,8,6;196,-4,6;198,3,-1;205,5,7;206,-5,0;207,24,-20;208,1,-2;210,-18,18;212,1,2;214,0,-1;217,4,9;219,14,-22;220,3,-7;221,-10,36;228,-7,-8;230,3,7;233,8,7;286,22,37;298,5,3;310,8,12;322,6,13;334,9,5;346,4,7;358,10,6;370,8,12;382,3,8;394,17,21;395,8,6;411,1,-5;412,3,6;420,8,6;421,-2,0;431,3,6
rua||cecilia diniz|santa cruz|32667450|26,-1995707,-4414073;36,-27,-2;45,-10,-2;116,-52,-12;130,24,3;151,-31,-5;152,22,4;195,-60,-13;206,-5,4;214,-29,-6;315,73,18;504,-14,-5
rua||celso delfino|fazenda paraiso|32623245|19,-1989882,-4424138;29,-8,-28;32,-31,-43;34,-23,-54;128,44,76;132,22,44;422,-48,-95
rua||da dinamarca|jardim casa branca|32656624|28,-1997962,-4418694;39,161,-47;41,1,-9;43,-20,-7;48,3,0;61,-6,-1;62,5,-11;65,-120,-2;75,99,0;89,-11,-2;92,7,-7;96,6,-2;97,-145,33;100,110,-42;105,8,15;108,-124,52;119,19,0;125,79,-55;130,-78,78;132,13,22;134,6,7;140,60,-110;149,-9,0;154,2,4;166,-16,1;176,0,-1;188,-19,10;192,61,-17;200,-84,18;201,-2,5;205,18,-6;210,-15,-6;211,-21,23;221,1,-3;224,19,-5;231,-18,35;278,0,8;295,3,24;312,10,-2;321,4,4;329,9,7;341,6,14;343,-5,-1;345,-2,3;347,5,5;397,17,12;401,-1,15
rua||da divisa|conjunto habitacional jalila conceicao pedrosa|32672450|33,-1992623,-4417552;41,-4,0;51,-40,291;99,36,-239;102,-7,2;105,3,7;111,-2,5;116,-5,-4;122,1,13;128,-7,14;237,-33,234;250,2,-41;265,-1,22;319,1,5;321,1,20;322,4,-16;325,-8,13;327,0,6;329,2,10;340,-6,-20;343,4,20;349,1,7;351,3,4;353,2,1;355,-2,2;373,-4,-24
rua||dalia|vila das flores|32605492|15,-1993134,-4418617;31,8,13;35,4,3;45,8,6;55,11,6;56,-23,5;64,25,-4;65,9,0;66,-4,0;76,7,6;85,6,0;86,6,-1;95,0,6;105,17,8;106,-3,0;115,6,5;116,3,1;125,5,2;126,-3,1;135,15,1;136,-2,6;145,9,-2;146,-6,9;155,22,-8;156,-8,5;165,9,8;175,3,3;176,-2,0;185,16,-4;186,-10,13;195,12,-2;196,-6,5;197,9,-1;203,0,1;206,0,6;234,35,17;250,8,2;260,3,25;265,2,-17;266,-8,-9;270,11,12;275,8,6
rua||damasco|teixeirinha|32607672|125,-1994731,-4422207
rua||de dacar|duque de caxias|32673560|13,-1993559,-4415423;20,22,-38;23,-18,10;35,-3,21;36,11,-16;46,-7,18;63,-5,10;68,-15,34;75,-6,-3;78,-7,16;120,3,-8;149,-6,15;161,-11,25;162,-9,5;173,7,1;180,-11,11;183,2,2;185,-3,4;196,-2,-6;199,-2,17;200,-6,-3;220,-10,30;242,-3,34;250,0,0;251,4,7;255,2,2;260,-10,9;267,7,-3;275,0,9;287,-4,9;288,-3,-9;299,7,16;311,-1,11;323,-4,14;335,0,11
rua||de dublin|duque de caxias|32673492|6,-1993888,-4415173;21,64,90;35,-2,-9;45,-6,-7;75,-39,-55;85,-4,-4;105,-68,-59;115,5,7;118,71,60;139,-20,-14;169,-25,-24;172,-92,-99;174,-1,-2;176,3,6;178,3,4;180,22,9;185,78,91;189,-15,-21;193,29,34;199,-36,-34;200,-62,-65;201,55,62;204,3,-12;210,-50,-39;229,19,26;232,-1,-1;234,-57,-67;239,54,66;240,0,-7;249,-9,-7;256,0,1;260,-1,-3;269,-6,-14;279,5,7;281,-14,-16;291,-9,-8;313,-4,-1;315,-12,-17;334,-2,2;390,106,105;392,4,6;444,14,17;456,21,15
rua||delfina|betim industrial|32670404|114,-1996305,-4417117;119,-33,-18;404,31,13
rua||demeni|santa cruz|32667408|68,-1996280,-4414127;547,-7,20;548,6,5;560,1,-20;561,-7,6;571,3,-11;584,-5,-8;585,5,-8;590,-5,1;620,5,-12;622,9,-10;623,-4,11;624,1,-14;625,-1,-6;626,7,-8;627,-9,4;636,6,-7;637,-1,1;645,4,-8;648,0,-10;649,-6,0;655,1,-2;660,19,-12;663,-43,-19;675,38,8;687,-4,-11;688,2,-1;697,-2,-14;700,5,3;709,-7,-7;710,4,-7;712,-26,169;717,21,-165;721,9,-3;724,-1,0;733,-4,-18;736,2,0;748,6,-13;757,-5,-16;760,4,14;770,8,-45;771,-15,24;772,12,8;774,1,-19;775,-2,-6;777,-3,8;796,5,-10;807,-6,-5;811,5,-38;817,-3,33;820,7,-14;832,3,-6;840,-5,-14;844,2,1;850,6,-8;856,0,-10;868,2,-7
rua||dezenove|cruzeiro do sul|32672760|13,-1993162,-4416548;18,7,3;23,5,0;25,4,-3;31,10,3;37,-5,0;38,6,10;40,6,2;48,12,7;49,-15,-8;60,21,10;63,-17,-11;71,17,7;83,10,4;95,9,5;98,-8,-3;100,19,6;101,-7,-3;107,10,1;108,33,20;110,10,4;112,-37,-12;121,7,-5;131,9,3;134,4,2;137,0,7;143,9,-2;150,-7,0;155,13,1;167,8,3;230,50,31;235,32,11;249,-5,-15;251,4,15;261,10,0;277,7,4;282,-9,-3;291,15,4;297,4,2;300,-4,-3;309,17,10;310,-9,-4;311,-13,-2;320,41,17;322,-20,-10;323,5,-2;328,8,8;335,5,-3;338,7,10;349,-4,-7
rua||dezenove|jardim brasilia|32671548|19,-1995152,-4419091;180,174,-21;190,9,2;202,-21,0;203,-4,-2;214,-5,2;215,-5,7;216,-6,-7;227,-6,3;228,-6,-4;239,-3,1;251,-13,1;254,-10,-2;263,4,1;272,-12,-2;275,4,3;287,-17,-1;292,-6,-9;299,-3,10;305,-12,-1;317,-6,-1;318,3,-9;331,-11,10;335,-7,-3;337,-15,6;339,-1,1;355,0,3
rua||dezesseis|conjunto habitacional celso alves pedrosa|32671758|7,-1994036,-4413698;14,23,-8;19,-34,-4;26,8,-4;29,-1,7;38,-7,-21;71,-47,-52;76,21,24;79,-9,-16;83,-1,7;85,8,12;106,-3,-21;115,17,32;121,-47,-48;131,22,-1;156,-24,-29;161,-5,20;167,-18,-43;173,15,20;174,7,0;177,-21,-26;187,6,14;194,0,-6
rua||dezesseis|cruzeiro do sul|32672766|18,-1993342,-4416399;19,14,1;20,0,-1;21,11,15;22,-5,-12;23,17,8;46,-6,4;47,11,-4;59,20,10;60,-19,-5;61,28,10;70,-14,-4;86,11,3;95,26,8;98,-2,-1;101,8,5;110,1,6;111,3,-1;137,6,-2;161,36,19;175,24,4;177,-6,6;179,3,-1;183,40,11;211,-23,2;223,6,-2;225,20,7;241,-6,-1;269,22,9;271,11,15
rua||dezesseis|cruzeiro do sul|32672840|361,-1993031,-4416276;367,15,8;370,-10,5;379,16,-9;380,-10,9;390,6,7;391,7,-10;402,7,11;410,3,2;413,6,-2;426,17,7;430,-17,-1;433,0,-5;441,13,7;445,8,-7;447,-3,6;449,10,3;450,5,13;459,-2,-12;473,41,19;474,-18,-2;477,-3,-16;486,8,16;488,13,6;496,4,1;497,-20,-6;500,27,6;507,11,7;510,-3,-1;533,4,-1;534,13,4;535,-51,-21;540,40,28;545,-43,-27;546,60,16;548,14,6;550,7,17;551,-53,-36;553,0,1;557,21,14;561,3,4;565,22,3;587,-6,0;589,17,5;670,-15,-5
rua||dezesseis|cruzeiro do sul|32672860|180,-1993109,-4416341;188,-46,16;222,-73,-29;230,86,39;242,16,13;284,11,-3;302,0,1;304,2,-6;320,-83,-29;334,9,6
rua||dezesseis|granja verde|32678136|159,-1993427,-4410349;257,-17,10;261,15,-8;263,-17,20
rua||dezesseis|granja verde|32678184|15,-1993283,-4410528;25,-7,1;89,-39,59;97,-2,7;123,-22,19;135,8,15;203,-62,46;211,-11,2;260,131,-136;265,-24,19
rua||dezesseis|monte verde|32655340|11,-1997993,-4417157;33,-11,37;53,16,11;63,12,12
rua||dezessete|conjunto habitacional celso alves pedrosa|32699899|15,-1994051,-4413841;25,-16,-29;26,5,5;50,-6,-12;55,-2,3;60,-10,-5;70,-1,-8;82,-13,-27;85,-4,6;92,2,-16
rua||dezessete|cruzeiro do sul|32672764|6,-1993276,-4416434;18,12,-7;30,11,5;66,25,12;68,8,1;78,-12,-4;94,-7,-4;115,67,25;141,13,3;150,18,11;152,-8,7;154,-15,-7;160,-28,-14;162,16,1;164,42,19;165,-2,-12;167,-12,-3;170,15,18;176,2,-7;177,8,3;191,11,2;195,2,10;205,11,-3;213,9,-1;225,12,10;246,4,8;248,-14,-2;254,-68,-29;256,-13,-12;258,-6,18
rua||dezessete|cruzeiro do sul|32672860|188,-1992760,-4416233;200,19,4;257,-60,-14;269,7,1;270,2,-7;280,-2,2;295,-219,-85;297,-7,-8;320,18,8;331,13,-1;332,-6,0;335,12,0;344,2,10;350,8,3;356,11,-2;357,-5,4;368,13,3;369,-7,-6;371,20,15;373,26,2;380,-33,3;381,-5,-16;384,38,30;385,8,-13;392,-44,-6;394,5,-5;400,21,14;407,-8,-19;412,20,30;446,5,-6;449,7,2;451,11,4;452,-6,3;459,6,2;463,9,0;464,-1,0;465,11,0;476,-2,6;477,8,3;486,-4,0;488,6,4;489,3,-1;499,5,-6;500,-5,11;502,1,-4;514,25,6;517,5,2;520,-11,-8;564,57,26;571,-55,-27;575,271,26;578,-35,12;580,52,-21;590,-1,-11;600,1,13;620,33,-7;650,4,0;710,-140,19;712,22,-6;714,-22,8
rua||dezoito|cruzeiro do sul|32672726|26,-1993166,-4416477;64,50,26;80,6,1;86,40,15;88,-14,-8;96,-43,-16;100,-3,1;106,-30,-13;116,99,32;118,2,3;148,10,11
rua||dezoito|cruzeiro do sul|32672762|13,-1993172,-4416482;51,31,16;63,14,7;85,34,13;91,-13,-10;93,6,2;97,-24,-4;105,-26,-17;107,-12,2;113,91,36;115,8,0;117,8,4;123,14,5
rua||dezoito|cruzeiro do sul|32672858|224,-1992980,-4416395;235,10,-4;236,-7,13;248,11,5;253,91,28;259,-72,-30;260,-7,2;262,9,3;265,85,28;269,-5,-3;271,-72,-30;272,1,7;273,14,1;275,4,-2;307,16,14;320,-28,-7;324,13,7;326,16,-1;327,21,-6;328,-19,9;340,7,2;342,13,4;352,14,8;364,9,1;376,0,5;377,5,-5;378,12,10;380,6,2;381,18,12;391,-18,-19;398,12,6;402,13,5;407,8,0;415,-17,-2;462,-171,-73
rua||dez|alto das flores|32605122|19,-1993482,-4418362;31,-10,14;73,-26,28;85,-9,10;97,-3,5
rua||dez|conjunto habitacional celso alves pedrosa|32671758|15,-1994171,-4412959;25,5,9;27,-119,19;43,-11,15;55,10,-2;67,17,-9;77,59,-12;95,-39,9;146,19,-6;148,6,-3;149,12,-5;161,11,2;170,15,-5;182,6,-2;185,0,4;191,11,-10;193,3,4;225,31,-8;227,13,-1;237,1,-1;255,29,-11;267,-1,9;345,63,-27;357,17,-4;365,-76,28;425,-4,2
rua||dez|cruzeiro do sul|32672802|14,-1993467,-4416096;16,6,16;31,218,169;32,-201,-154;36,37,62;38,9,11;54,-35,-57;99,97,93;100,-8,-6;103,30,16;105,-76,-42;107,18,15;201,48,20;235,19,8;270,19,17;300,19,7;312,8,4;315,9,2;316,4,2;319,7,7;321,14,0;330,4,2;342,14,0;343,-3,-2;350,6,3;351,-13,-3;352,27,7;353,-9,-3;361,1,6;365,10,-3;366,1,10;375,8,-1;389,9,1;401,15,9;402,-19,-10;403,21,15;420,-13,-8;424,8,4;425,20,7;426,-8,0;447,32,5;449,-5,3;450,-4,2;469,17,2;472,-4,1;473,10,-4;474,-3,7;486,13,3;495,11,3;504,-1,2;507,10,7;515,0,-1;526,19,6;527,-11,-11;537,17,9;547,7,8;548,-3,0;555,16,0;556,-8,6;1059,-115,-53
rua||dez|granja verde|32678138|6,-1992999,-4410135;16,-5,-1;19,-7,-6;26,-3,1;29,-9,-1;36,11,0;39,-19,-2;46,0,-6;49,-8,-5;56,1,2;59,-8,-3;66,3,-4;69,-10,-1;76,4,-4;79,-13,5;86,2,-13;89,-7,7;96,-2,-9;99,-9,1;106,8,-4;109,-16,-3;116,2,-2;119,-13,-6;126,1,12;129,-8,-14;136,5,-2;139,-10,3;146,0,-7;153,-8,-4;156,1,-2;163,-10,-4;166,14,11;173,-27,-7;176,3,-7;179,4,1;183,-14,-2;190,5,-7;193,-10,3;201,-12,1;203,-18,10;242,183,63
rua||dez|parque das acacias|32611498|17,-1993547,-4412724;18,-88,-67;36,86,61;85,-3,-6;91,-15,-5;95,-2,-6;97,-15,-3;99,-2,-8;101,-11,-3;103,-8,-3;105,-4,-9;115,-4,3;120,-14,-11;129,-3,-5
rua||dez|parque das acacias|32675738|13,-1993615,-4412781;20,78,60;22,-8,-1;30,1,-2;32,-6,-4;34,-5,-4;38,6,6;42,-3,-5;44,0,0;46,-6,-4;48,-2,3;56,-5,-8;66,-11,-6;68,-2,-2;70,-2,-4;72,0,7;84,-6,-14;90,-8,15;96,-6,-28;106,-3,3;108,1,-1;128,-30,-20;144,-1,-1
rua||dez|quintas dos godoy|32616378|57,-1993383,-4424089;84,-8,-1;107,11,9;155,-16,-19
rua||dez|riacho iii|32689010|21,-1994345,-4407914;31,-7,-8;41,-3,-11;44,2,7;49,-6,-2;54,-11,-4;57,0,-2;64,-6,-7;67,2,5;74,-10,-13;75,-1,-2;83,-3,6;84,-1,-3;91,-8,-1;98,-13,-8;101,7,5;123,-12,-9
rua||diamantina|bandeirinhas|32623152|56,-2000752,-4416656;92,-40,16;95,15,-5;342,23,-10;346,-20,1;581,61,-3;582,-15,3;583,3,-11;584,-10,16;597,28,-8
rua||diamantina|conjunto habitacional homero gil|32623152|12,-1993233,-4418833;13,1,-4;26,11,-8;31,4,1;37,1,-10;38,-2,4;43,6,-4;50,-8,-2;55,20,-12;62,6,2;79,11,-12;95,15,-19;123,4,-4;137,14,-11;168,23,-10;177,6,-15;180,-1,15;191,12,-24;203,0,-14;215,21,-8;230,11,0;231,4,-11;249,-60,53;251,70,-60;255,-6,4;263,13,-8;283,5,7;294,10,-16;304,11,-17;310,9,-4;313,-5,-1;318,8,-4;320,11,9;322,32,-47;325,-40,31;330,4,-4;334,42,-29;337,-21,33;358,58,-67;361,-50,44;363,3,-2;370,58,-48;375,-54,35;380,60,-44;382,4,-4;391,-55,46;403,13,-10;404,-3,3;406,68,-51;407,-62,47;409,5,-7;410,56,-43;411,-52,39;435,7,-1;437,7,-5;451,6,-9;463,11,-6;469,3,-3;474,5,2;476,1,-4;477,0,-4;479,9,2;486,-3,-5;510,15,-17;520,5,-2
rua||diamantina|cruzeiro|32661318|4,-1998644,-4414993;8,-10,11;37,5,-3;39,5,-18;40,-9,38;41,11,-25;43,-12,30;45,4,4;47,-1,-13;51,14,-37;53,-3,4;55,-15,68;57,1,7;59,3,-16;61,-26,76;62,24,-19;63,-3,-22;64,-26,46;66,28,-58;67,1,-11;68,-8,-6;69,-15,72;70,-16,7;71,-3,5;72,-8,4;73,39,-31;77,-55,29;83,-17,5;85,-14,9;87,-5,0;93,-8,0;97,-5,3
rua||diamantina|itacolomi|32623152|59,-1992398,-4416876;629,-25,151;635,-1,7;645,2,5;653,-10,-3;655,-8,6;661,-10,8;675,-23,10;705,2,-5
rua||diamantina|itacolomi|32672034|498,-1992406,-4416808;500,-1,-14;524,-4,-9;530,2,11;536,1,15;548,0,-1;560,0,9;572,-5,15;584,-3,17;596,0,8;608,2,6;623,-42,48;628,34,-24;630,-8,5
rua||diamantina|jardim terezopolis|32623152|16,-1995176,-4412405;33,6,-36;36,6,-2;38,-9,29;40,5,-24;45,0,-2;50,-6,20;60,3,4;74,-4,12;81,0,13;83,-2,-32;85,4,21;88,-4,8;100,2,16;102,1,-3;107,1,16
rua||diamantina|marimba|32623152|68,-1992823,-4427117;72,25,-23;73,-18,23;75,18,-14;77,-15,7;79,-11,12;83,-13,15;85,-3,2;92,70,-65;93,55,-16;94,-60,19;96,164,-108;97,-159,117;98,-19,3;101,9,1;189,151,-108
rua||diamantina|niteroi|32672034|49,-1994184,-4417984;61,11,-3;71,-19,5;97,59,-16;106,13,5;109,-12,-4;112,6,11;121,47,-24;124,-31,15;130,-59,15;133,59,-24;142,18,3;143,-7,-6;145,9,-6;160,8,5;167,8,-1;169,9,-9;222,35,-3;231,8,-11;251,12,-7;253,16,8;269,9,-7;271,-4,-4;273,4,-5;275,3,5;285,8,-1;287,5,-3;299,1,-2;305,7,0;311,5,8;312,3,-2;323,10,-14;324,5,24;335,10,-26;336,-6,4;347,6,-8;348,5,9;359,9,-13;360,-2,11;363,16,-7;373,10,-7;388,-4,7;390,12,21;395,1,-31;400,-5,8;407,17,-2;2109,-336,96
rua||divinopolis|conjunto habitacional homero gil|32672074|12,-1993114,-4418778;22,19,-22;34,7,9;48,7,-4;65,223,-212;82,-200,182;94,6,-13;95,-6,11;106,17,-13;107,-3,0;119,6,-8;126,14,-8;150,10,-18;160,11,-2;162,-4,-3;164,11,3;166,-2,-3;173,4,-10;180,-3,0;181,10,-4;191,7,-8;198,-2,5;200,2,-1;215,20,-20;216,-7,3;231,21,-8;232,-17,3;245,19,-4;246,3,-3;259,12,-23;260,3,9;294,16,-6;303,3,-19;310,1,7;315,13,-17;317,-3,-2;319,-1,-1;321,4,-6;326,-5,14;340,18,-8;364,14,-20;376,10,-11;393,-7,6;395,4,-5;399,9,-1;410,15,-9;411,-11,0;419,21,-16;420,3,-1;421,19,-20
rua||divinopolis|niteroi|32606710|68,-1994664,-4418047;92,10,25;104,4,13;116,-2,9
rua||divinopolis|niteroi|32672074|8,-1994675,-4418112;14,-6,11;19,15,3;20,-9,6;25,7,-2;30,-4,10;31,8,-1;33,-2,10;42,-4,-3;89,11,58;91,6,-11;103,3,18;123,4,9;127,4,10;160,4,30;161,5,3;170,-1,4;173,4,5;184,0,7;185,2,14;204,-2,9
rua||do dourado|vale verde|32628500|12,-1995670,-4428498;36,-304,-479;41,225,609;44,11,-92;45,23,-109;48,-68,-129;49,33,47;50,20,135;54,-7,28;55,-85,-280;60,-96,-139;66,-15,-12;85,134,118;200,53,404;405,-106,-433;430,67,134;450,34,337;460,-29,-337;470,-13,-28;480,-59,-106;484,54,100;500,-117,-152;560,109,133;589,50,201;832,-72,-264;885,-8,8
rua||dois|betim industrial|32606238|55,-1996068,-4417460;180,18,30;189,1,-8;190,-7,-11;192,-18,-24;201,-11,-28
rua||dois|capelinha|32678360|9,-1993579,-4410079;14,-611,-281;15,130,48;16,112,64;18,-242,-133;23,312,167;25,-1,-9;31,-304,-167;32,0,8;47,9,-25;48,-4,2;63,9,-20;64,-7,17;70,5,-8;79,7,-21;80,-5,14;95,6,-39;96,-7,12;103,3,-12;111,8,-3;112,-14,8;127,17,-26;128,0,6;143,-2,-15;144,-10,12;146,9,-13;159,-1,-14;180,2,-12
rua||dois|citrolandia|32635100|1,-1999990,-4422838;2,40,64
rua||dois|citrolandia|32635150|4,-1999987,-4422884;5,21,9;6,-12,47
rua||dois|citrolandia|32641412|24,-2002991,-4421965;38,-9,20
rua||dois|citrolandia|32641570|25,-2002978,-4421955
rua||dois|contagem|32689022|80,-1994731,-4407556;255,-61,-127;263,66,139;265,44,35;268,-13,-9
rua||dois|cruzeiro do sul|32672652|32,-1992398,-4416636;36,14,3
rua||dois|cruzeiro|32661320|75,-1998654,-4414897;150,28,51;154,-26,-32;156,2,1;158,-1,5
rua||dois|cruzeiro|32672670|134,-1998648,-4414857;135,0,0;145,11,7
rua||dois|distrito industrial bandeirinhas|32654802|12,-1999175,-4417972;65,35,-72;80,-54,122;85,-21,60;124,40,-126;340,-13,51;350,-10,23;430,-22,53;945,121,-334
rua||dois|distrito industrial bandeirinhas|32657030|85,-1999117,-4418038
rua||dois|granja verde|32678136|19,-1993037,-4410088;20,9,-8;29,-16,4;30,3,-5;39,-11,1;40,0,0;49,-5,-7;50,-3,4;59,-6,-8;60,-7,1;69,-1,-4;70,-5,2;79,-1,-8;80,-3,6;89,-7,-13;90,-3,8;99,-5,-11;100,-8,8;109,-3,-11;110,-4,3;119,-1,-9;120,-2,3;129,-9,-1;130,-4,-4;139,-2,-3;140,-3,-1;153,-7,-7;154,0,2;163,-14,-3;164,4,-3;173,-8,-3;174,1,2;183,-11,-7;184,4,2;193,-16,-6;194,8,8;203,-17,-9;204,10,-2;213,-16,-6;214,7,-4;223,-16,1;224,9,-4;233,-17,-2;234,2,-1;243,-7,0;253,-7,-13;280,219,124;298,-19,-6;329,-210,-117;412,-123,-72;414,-2,2;423,-9,-5;424,0,3;433,-11,-11;436,2,3;443,-10,-3;448,5,-2;450,-11,-2;453,-3,1;459,-28,-17;462,23,11;463,0,2;473,-9,-8;474,0,1;483,-5,-3;486,-5,-1
rua||dois|icaivera|32606238|36,-1985500,-4415830;38,5,-8;44,23,-28;47,7,-17;50,16,-11;52,11,-9;58,14,-94;122,-43,125
rua||dois|imbirucu|32677462|16,-1994100,-4411262;22,-26,-149;29,-7,2;32,12,0;38,26,144;39,7,-16;40,-5,18;41,1,-11;42,-35,-123;43,35,104;45,-20,-35;46,-12,-56;48,-13,-9;55,10,8;62,0,12;65,-5,0;70,4,4;75,-2,4;78,4,1;85,2,10;88,2,-4;90,-3,11;95,4,-3;98,5,-6;105,-9,15;112,1,1;115,-3,13;118,8,-3;124,-8,9;128,9,2;132,8,-2;138,4,8;150,11,13;152,5,19;154,-4,7;174,-35,-155
rua||dois|itacolomi|32672643|25,-1992437,-4416640;35,8,3;55,21,1;65,5,-2;75,8,-1;85,10,4;1085,-58,0
rua||dois|jardim terezopolis|32606238|20,-1995516,-4412884;150,2,-43;155,5,-9;187,-25,-242;190,10,183;615,-26,-477;925,60,0;927,16,-3
rua||dois|parque das acacias|32675752|11,-1993586,-4413069;19,-22,38;33,-98,140;36,118,-168;37,-13,13;38,10,-3;40,-15,6;45,8,-19;49,-5,21;52,-9,10;53,4,2;66,-12,4;67,1,-5;77,-4,21;78,-2,-8;79,3,1;90,-16,13;91,18,3;100,-12,4;103,-5,5;104,-10,8;106,11,-4;112,-8,-1;115,1,9;120,-17,8;122,-5,14;124,7,-7;127,8,-7;128,-25,34;130,18,-26;135,6,-5;139,-9,6;151,-1,3;156,-8,13;159,1,-4;165,-1,5;175,-9,11;182,-4,4;184,0,2;185,4,5;198,-14,1;250,-26,45;255,10,23;275,-23,8;284,7,-2;305,-30,24;318,8,4;347,-16,24;358,1,6;377,-9,18;400,-20,2;403,-10,13;417,-4,8
rua||dois|petrovale|32668007|72,-2000251,-4411689;84,-13,-17;96,-3,1;108,-6,-10;120,-11,-7;126,-9,-11;132,2,3;144,0,-9;156,-12,-14;160,1,-6;164,-11,-14;170,-7,-7;180,4,-5;188,-11,-20;192,-14,-12;204,-11,-17;228,-31,-40;240,-9,-23;252,3,4;264,-16,-20;276,-19,-34;300,-12,-18;312,-12,-15;314,6,6;316,-6,-6;318,1,-2;324,-2,1;336,-12,-26;348,1,-8;372,-25,-19;384,-3,-19;396,-3,-8;408,-11,-20;420,-6,3;432,-6,-10;440,-2,-3;444,-9,-3;456,0,-20;468,-5,-11;480,-1,1;492,-5,-15;504,-10,-7;516,-7,-15;528,-8,-1;530,0,-6;540,-3,-9;552,-14,-12;564,0,-4;574,-8,-5;576,6,-8;588,-11,-2;600,-5,-10;612,-8,-10;624,-3,-9;640,-25,-25;660,3,2
rua||dois|petrovale|32668102|12,-2000208,-4411648;24,-10,-7;36,-8,-7;48,-7,-7;60,-6,-7;2577,46,27;2579,-7,12;2580,48,20;2581,-14,-15;2583,-24,-1
rua||dois|salome|32606238|5,-1995712,-4420420;21,5,2;25,-5,-4;40,-1,-14;50,-7,-18;51,-41,8;308,10,-15
rua||dois|serra das flores|32623534|7,-1988568,-4418004;15,81,53;100,188,89
rua||dois|vila das flores|32605500|13,-1993137,-4418655;14,22,-13;15,14,-2;16,13,-12;34,-11,-3;35,-38,28;36,15,-4;37,232,-110;139,-152,66;141,9,-4;151,12,-4;163,3,-6;173,11,-4;185,4,-3;195,15,-7;205,11,-6;217,1,2;222,31,-7;223,-12,-1;263,28,-15;277,19,-7;300,-5,4;301,17,-9;302,-10,3;350,4,1;360,7,-4
rua||dolores|bandeirinhas|32641005|42,-2001581,-4415266;44,4,2;68,9,12;80,30,30;82,2,7;98,5,5;100,23,22
rua||dolores|bandeirinhas|32659005|40,-2001585,-4415270;45,6,6;55,-25,-37;57,10,16;101,28,45;147,80,81;241,-87,-96;333,76,85
rua||doninha|sao caetano|32677584|51,-1993611,-4411945;195,7,2;215,-2,15;230,-3,-9;235,-3,32
rua||doninha|sao cristovao|32676660|9,-1993553,-4412126;10,4,-23;12,-10,39;20,12,-25;22,-3,4;30,-13,23;55,-1,15;65,0,12;79,-4,11;80,3,-18;82,-2,8;85,-37,110;86,38,-115;90,-7,13;93,4,13;106,-8,2;115,3,10;120,-17,29;139,12,-17;145,-5,26;154,-8,0;161,11,9;170,-10,4;175,2,13
rua||doze|capelinha|32678665|17,-1993087,-4409978;37,-15,-11;47,-17,-9;57,-2,3;67,-9,-10;77,-12,-6;87,-1,-3
rua||doze|cruzeiro do sul|32672812|22,-1993453,-4416120;28,34,-12;33,6,-3;40,6,11;44,80,29;50,-80,-35;51,50,15;52,-40,-10;53,2,-3;62,8,8;63,-1,-7;64,-3,4;73,41,16;74,-23,-7;87,8,-2;98,9,9;101,12,6;110,-10,-7;119,444,179;129,164,45;163,-213,-61;196,-320,-129;201,0,-10;212,-130,-53;223,146,60;225,45,23;231,-13,-8;235,-20,-4;237,2,-4;240,7,13;252,1,0;260,15,4;264,10,3;276,14,6;285,-88,-46;291,93,48;296,17,7;350,56,25;360,-8,-4;362,1,-2;374,7,3;384,14,4;388,-1,-4;398,3,3;404,7,6;405,3,2;410,2,0;411,7,0;417,12,2;424,-1,8;435,8,-4;436,9,4;437,1,2;439,-12,-10;443,8,3;445,3,3;447,7,2;458,1,8;468,5,2;470,11,3;473,-3,-5;482,6,8;483,0,1;506,24,11;507,-8,-6;512,-2,2;516,5,1;518,12,7;519,-7,-10;531,12,3;533,5,8;538,1,-6;540,12,16;542,4,2;545,2,-9;551,6,6;552,38,18;554,9,6;557,-56,-26;566,76,33;572,-58,-23;574,58,23;600,18,7;846,-302,-126
rua||doze|granja verde|32678124|12,-1993088,-4409975;14,8,8;22,-13,-21;34,-1,0;56,-15,-12;68,-8,-2;80,-13,-2;92,-4,-1;104,-11,-1;116,-5,-16;128,-13,-3;140,-12,-5;142,-5,-9
rua||doze|granja verde|32678665|107,-1993152,-4410018;117,-18,-11
rua||doze|parque das acacias|32675746|12,-1993866,-4412771;15,-5,-20;30,9,5;76,25,31;84,-8,-9;88,21,20;100,2,5;104,10,4;116,5,9;124,3,0;129,9,5;131,9,3;135,6,1;136,-8,-3;149,7,8;156,4,2;157,-21,12;158,18,-10;159,-9,22;160,12,-22;162,8,5;172,1,1;174,9,7;186,10,1;190,10,13
rua||doze|riacho iii|32689006|7,-1994350,-4407842;9,-7,68;89,6,20;103,-4,-7;245,15,-129;273,8,-21;291,5,-33
rua||doze|vila das flores|32605470|23,-1992817,-4418708;27,6,-5;29,-10,13;43,20,-25;47,-5,7;51,6,-15;59,2,3;67,1,-15;75,12,-9;83,1,-1;91,6,-9;99,5,-6;107,0,-6;115,2,-7;123,7,-3;137,2,-14;139,0,-10;147,13,-10
rua||dracena|jardim alterosas segunda secao|32673246|9,-1993135,-4416892;15,-14,-4;20,-149,87;32,-15,-10;35,158,-67;45,-14,6;52,-112,60;54,-3,2;55,111,-56;72,-90,46;74,4,-4;76,0,5;82,13,-12;92,7,-7;106,5,4;109,-9,-4;111,-7,3;112,27,-7;115,-16,1;117,-10,6;119,-21,2;122,42,-10;127,-30,11;141,64,-29;142,-17,8;143,10,-4;145,-6,4;153,-32,12;160,55,-24;161,-3,6;163,3,-9;167,-34,15;173,-15,3
rua||d|cachoeira|32602382|9,-1996169,-4422079;10,-76,-53;13,61,45;17,-39,-57;21,-4,17;26,-18,-2;29,-5,-4;38,17,10;74,30,23;89,26,20;90,-14,-20;91,-1,12;112,8,9;120,10,8
rua||d|capelinha|32678468|12,-1993686,-4410182;18,3,2;24,-12,9;26,13,-10;30,-10,15;36,-10,1;42,-1,2;887,-6,8
rua||d|citrolandia|32635100|5,-1999725,-4422623
rua||d|citrolandia|32635106|6,-1999720,-4422645;39,-46,130;201,46,-130
rua||d|citrolandia|32641872|94,-2002357,-4422387;96,12,-4;98,20,20;100,-10,-8
rua||d|citrolandia|32641878|15,-2002334,-4422371;19,-32,-16
rua||d|residencial montserrat|32625296|12,-1995200,-4424530;17,452,-48;22,-455,59;33,184,69;60,-165,-47;63,20,-21;87,17,2;115,17,11;120,103,69;141,-79,-60;142,-13,23;160,57,40;161,-29,-35;162,-15,-12;180,18,18;210,251,-13;241,-193,23;295,37,22;338,46,28;340,-43,-19;360,63,29;391,28,-10;420,17,-34;555,79,-80;600,15,37;620,16,-3;631,-18,-3;665,104,7;680,-20,-5;686,57,1;695,10,-1;700,-48,8;730,50,-11;760,42,-25;766,-21,23;778,19,-28;780,19,-18;800,0,-10;831,-27,14;844,13,-46;891,-19,23;930,-65,-36;941,-7,18;950,0,-7;965,-29,1;991,-25,3;1025,-28,8;1060,-13,-1;1070,-13,11;1110,-17,43
rua||elias alves diniz|angola|32604184|25,-1996086,-4420551;39,-16,-4
rua||ester paulina das dores|sao cristovao|32676690|10,-1994065,-4411793;22,-2,-53;25,6,42;29,-8,-52;36,2,-3;41,-2,-7;46,-22,-224;50,23,256;86,-9,-74;88,-11,-170;95,12,206;97,-1,-50;104,6,-4;111,-5,-11;112,4,4;120,0,-19;125,-7,-2;128,1,-61;130,0,-17;160,3,28;174,0,18;185,-9,-15;187,5,-4;193,-1,27;211,-5,-15;212,0,81;214,13,-7;235,-10,-139;251,4,-10
rua||estrela dalva|niteroi|32672127|5,-1994839,-4417259;11,35,21;12,-23,-13;16,-24,-13;23,20,15;25,-61,-46;27,40,43;29,-1,-14;31,9,10;32,-21,-18;35,-49,-30;37,15,3;39,-7,4;41,37,30;43,-4,-5;45,8,-7;47,-27,-12;48,33,17;49,-8,9;50,-13,-6;57,-7,-5;59,3,-16;68,-8,10;69,-11,3
rua||fernao dias|brasileia|32600480|2,-1997955,-4421362;6,5,-4;10,13,5;12,9,7;16,13,-5;22,396,306;40,-2,-5;46,-30,-117;50,-1,12;51,25,108;52,4,-15;56,-24,-80;58,26,64;62,-29,-51;66,-6,-129;71,13,162;73,12,20;80,-14,-17;81,0,-4;87,9,16;88,-23,-173;92,38,218;97,-5,-257;103,-16,183;104,-6,-5;106,-6,-120;108,3,16;115,-5,77;117,9,22;120,-17,-78;125,9,-100;137,-3,-10;149,-7,-14;180,7,45
rua||fernao dias|brasileia|32600492|9,-1997953,-4421369;11,8,7;15,12,-3;18,179,5;19,-126,12;21,-39,-14;23,165,5;24,-99,11;26,72,-5;29,-12,-3;34,236,119;35,-285,-117;37,7,6;38,0,1;57,17,-1;59,-13,-4;89,33,0;95,21,6;107,21,-9;132,18,-9;140,166,31;143,3,19;145,-83,-66;150,-52,2;151,34,-4;152,105,54;153,-3,-37;157,-111,-18;162,132,99;164,-23,-75;167,-119,-22;168,123,55;171,-18,-53;217,17,118;241,0,5;273,-40,-127;277,16,-1;322,30,115;332,-5,-25;334,3,15;348,-166,-85;349,-17,10;522,24,-11;534,144,-17;538,-4,2;545,-12,-5;558,-20,-9;570,-18,13;579,-12,-1;582,4,-5;591,-15,7
rua||fernao dias|charneca|32600492|411,-2001647,-4422884;415,3,11;416,4,3;419,7,9
rua||fernao dias|citrolandia|32600480|220,-2000964,-4421810;443,42,32;444,-7,-6;555,-82,-72;1450,-237,-199;1491,39,29;1504,19,14;1510,-90,-66
rua||fieis de deus|sao joao|32655694|12,-1997419,-4416135;30,21,-22;33,2,-1;42,0,-4;49,22,-15;51,-6,4;53,-14,16;55,1,0;58,7,-10;59,-2,-9;60,12,8;62,-2,-5;64,13,-9;71,22,-22;75,-24,24;77,0,-4;79,-1,8;85,18,-21;100,0,4;105,25,-26;125,-6,6;153,21,-13;160,-120,75;163,128,-80;167,2,-8;177,1,14;186,2,-8;195,4,-14;201,73,-53;210,-53,45;222,7,-9;236,9,-4;238,13,-11;245,-4,6;257,11,-11;270,-103,85;272,22,-18;275,-90,65;295,200,-156;312,-8,5;320,-7,8
rua||flor das pedras ou d|brodoski|32616530|9,-1993780,-4424498;25,26,-19;45,64,-37;54,-65,42;73,-7,-5;95,92,-26;100,-65,-7;125,-2,3;130,20,-14;184,79,49;227,-19,-15;334,12,10
rua||francisca maria dias|conjunto habitacional dicalino cabral|32642086|12,-2002294,-4422179;17,19,-6;24,-11,6;29,16,-6;36,-6,3;43,22,-2;48,-7,1;57,17,1;60,-8,3;72,11,-6;84,5,6;96,12,2;108,8,-1;116,12,3;126,8,3;136,5,-6;146,8,-3;156,14,-8;166,13,-6
rua||francisco afonso dutra|conjunto habitacional dicalino cabral|32642068|2,-2002010,-4422407;14,-27,26;30,4,-13;162,9,-9
rua||goncalves dias|amarante|32676006|23,-1994472,-4413597;25,14,-12;27,-2,-7;29,16,1;31,5,-3;36,-46,25;40,22,-3;42,-8,0;45,39,-26;52,-23,20;54,6,-7;82,12,-17;101,36,-16;105,6,-6;113,7,-1;125,17,-2;137,1,-9;149,8,-9;150,-28,11;154,-1,8;170,24,-9;172,3,-2;174,-12,6;176,14,-11;188,24,-20;189,8,-2;192,0,2;194,2,-2;201,0,-2;209,-6,5;213,19,-12;308,-38,26
rua||guarapari ou d|imbirucu|32677046|18,-1994437,-4412007;19,35,-6;29,51,-16;30,-66,21;35,56,-14;52,-46,6;54,10,-5;66,4,14;78,40,-23;82,-6,4;86,-1,0;88,-24,11;94,11,-10;100,5,4
rua||idalina damasio|jardim da cidade|32604260|37,-1995868,-4419663
rua||idalina damasio|jardim da cidade|32604280|30,-1995870,-4419670;56,-11,18;68,2,5;94,-7,27;99,-4,12;106,-4,-4;118,-2,17;119,22,-36;130,-23,41;131,-1,0;155,35,-102;178,-54,154
rua||joao batista de deus|cachoeira|32607042|34,-1996074,-4422050;35,503,-142;394,-267,38;493,-90,36;495,-16,-6;497,1,8;499,-64,-14;501,69,9;530,-22,-11;531,-3,11;538,0,-11;540,-3,-3;542,-1,-1;544,5,1;545,-11,9;551,-7,7;555,-6,0;559,-30,-1;573,14,3;577,0,-5;581,-14,13;740,-91,95;778,-14,23;780,-2,-1;782,2,5;790,-6,10;792,-10,6;816,-12,12;840,-16,15;876,-30,18;907,-15,20;912,-10,-10;914,1,6;916,-4,-6;918,2,-2;938,-27,-14;950,-4,32;986,-29,10
rua||joao batista de deus|capao|32607042|3,-1995617,-4422045;5,7,24;7,12,52;9,-1,-13
rua||joao de deus|bandeirinhas|32641005|11,-2001330,-4415690;12,2,60;14,6,-12;16,3,-10;93,-16,-25;103,-15,45;105,-9,10;115,0,21;119,-2,-13;129,-6,15
rua||joao de deus|bandeirinhas|32659005|7,-2001446,-4415476;18,33,-57;20,-8,10;22,-15,28;26,-17,18;28,-11,14;30,-5,7;33,11,-8;35,-10,6;36,-54,46;37,46,-43;38,-65,67;40,-61,23;42,-44,-25;43,140,-28;47,-53,62;48,116,-134;57,-236,73;59,-24,-1;60,209,-15;61,-225,12;66,-67,-42;75,-36,-41;79,-6,-8;81,-14,-17;83,-12,-13;85,-3,-6;93,-31,-38;106,547,-80;110,-19,41;120,-13,31;127,-21,32;134,3,-6;140,-6,8;150,-6,9;151,-6,13;175,-21,32;185,0,1;205,16,-21;5234,-94,99
rua||jose aparecido damasceno|citrolandia|32641416|2,-2003132,-4421830;13,23,-32;14,4,6;22,-26,54;23,10,-31;25,-10,25;32,-8,-36;33,20,-17;42,-40,46;43,32,-42;52,-33,45;53,21,-35;55,15,74;62,-34,-41;63,22,-30;82,-8,9
rua||jose dias diniz|santa lucia|32604038|15,-1995061,-4420104;25,10,3;39,-9,-3;49,28,9;61,14,7;73,5,0;75,12,8;141,6,5
rua||jose feliciano diniz|imbirucu|32677104|19,-1994603,-4411163
rua||jose lucio duarte|imbirucu|32677140|49,-1994426,-4410686;70,10,-5;200,-9,3;237,15,-2;239,-12,-2;240,20,-16;249,-12,14;250,10,-17;322,7,-24;324,7,0;326,0,-6;328,-15,20
rua||jose nonato diniz|imbirucu|32677102|8,-1994658,-4410851;10,25,8;28,-1,-44;31,10,32;40,3,-2;43,-2,-22;61,33,-58;68,-26,62;157,16,-46
rua||jose vicente diniz|novo horizonte|32606094|13,-1994631,-4420155;22,6,1;29,44,-115;36,-36,92;41,-3,1;52,23,-41;53,-5,-18;55,-17,52;57,7,-1;59,-8,-8;65,6,-6;77,6,-14;78,34,-66;86,-14,36;89,-15,18;90,41,-77;110,-20,50;135,29,-87;140,-28,78;145,32,-95;150,-28,88;152,-1,-7;155,28,-75;157,-23,66;171,-2,-8;176,3,4;187,8,-22;194,-3,9;201,4,-14;216,6,-2;217,-2,-6;218,2,8;220,-6,-3;226,7,-11;244,4,-8;247,7,-21;248,-3,24;259,4,-32;260,2,15;264,-7,-8;265,11,-22;283,-4,-9;295,14,-9;296,-4,16;299,10,-30;301,5,-8;308,-5,28;321,11,-50
rua||joseph amin dabian|petropolis|32655032|9,-1997359,-4418120;19,19,-16;20,25,-11;94,-65,39;100,-36,12;101,31,-8;113,0,0;118,1,-2;134,-19,10;143,-3,7;155,2,3;157,-10,3;159,-5,-4;176,-15,9;193,-9,15
rua||jovelino ferreira diniz|filadelfia|32605504|220,-1997149,-4418759;230,-9,-5;559,1,-30
rua||jovelino ferreira diniz|filadelfia|32670084|7,-1997189,-4418658;15,-27,75;17,2,-4;24,33,-83;27,-31,81;34,66,-241;39,-59,216;42,-12,24;44,2,3;51,14,-36;54,-17,13;63,14,-10;70,8,-8;98,1,-11;121,4,-17;123,0,-4;135,9,-21;148,5,-3;159,-1,-11;180,9,-15;184,-9,34;195,18,-52;225,23,-99;298,0,-13;310,4,-6;312,3,-5;318,-18,28;321,16,-28;322,-6,6
rua||jovelino ferreira diniz|vila das flores|32605504|6,-1993079,-4418719;16,-3,-3;25,14,9;26,-10,1;35,17,11;36,-9,0
rua||lagoa dourada|jardim terezopolis|32681328|11,-1995378,-4411853;13,2,5;15,-2,1;16,-33,132;18,8,-31;24,11,-105;25,-53,68;26,51,-63;30,2,196;34,-3,-194;38,-4,5;40,-5,17;41,0,155;42,3,-166;43,14,-13;44,-22,14;46,4,8;47,2,14;48,20,118;49,-24,-122;50,4,1;51,-10,81;53,4,-61;54,23,108;56,-16,-125;59,-49,23;60,43,-13;61,1,15;62,8,100;64,-20,-107;66,24,103;67,-27,-98;68,-11,-2;70,3,3;78,28,90;82,-42,-96;90,35,83;102,-3,-27;104,7,18;108,-1,-12;114,5,-12;126,-13,-9;134,4,-6
rua||lagoa dourada|vianopolis|32628076|9,-1993957,-4427610;13,-1,-1;36,-174,-115;37,184,123;82,-153,-124;88,-9,50;93,30,-45;95,25,24;100,77,73;101,-94,-87;107,51,42;120,46,36;250,-115,-98
rua||lima duarte|marimba|32623070|7,-1993096,-4427031;8,5,6;11,47,41;15,61,-3;21,-62,11;32,5,20;40,1,-16;55,44,-19;115,-12,-6;153,5,2;222,-86,-39;415,58,28
rua||lima duarte|sao cristovao|32676692|16,-1994178,-4411877;21,2,-8;33,4,-2;35,10,15;40,-6,-6;45,15,-2;57,5,-6;62,-3,0;69,15,-5;70,-11,1;81,18,3;82,1,1;93,13,-5;94,-3,7;105,18,2;106,-13,-2;117,23,-3;120,-9,-1;122,6,-2;123,12,-4;167,28,3;178,9,6;179,12,-17;182,26,12;194,-17,-1;201,-3,-7;210,14,5;222,15,-3;224,4,-10;226,1,6;227,-1,-2;228,7,1;236,21,-3;239,-21,4;257,16,-2
rua||mario dirceu|citrolandia|32639410|23,-2002422,-4423417;24,-1,-3;78,20,-9;88,35,-21;90,-23,14;95,-30,25;96,15,-15;101,38,-18;104,20,-22;107,-43,33;167,52,-15
rua||miranda do douro|jardim alterosas primeira secao|32699899|10,-1994828,-4416343;22,-23,34;38,-13,14;52,20,-25;75,-7,16;78,-3,1;83,-5,4;85,0,7;104,-6,10;105,5,-4;106,-17,13;127,-3,15;130,2,-9;141,-19,31;153,-5,7;160,4,-5;174,-8,14;176,-8,1;211,-14,33;235,-3,-4;237,11,-11;240,-15,30;244,-2,1;270,-17,22;286,-11,7;296,-8,3;298,4,25;429,-74,96;435,-2,4;439,37,-59;445,-1,4;530,-16,18;532,174,-260;551,11,-20
rua||nair campelo diniz|paulo camilo|32667578|8,-1995999,-4413448;15,-1,-8;25,5,5;28,2,-6;33,-10,-24;34,2,11;35,-5,0;36,3,-12;45,-3,0;49,2,-9;52,1,4;54,-7,-6;59,4,-7;60,-7,7;61,8,-8;62,-2,-11;64,-2,-3;65,0,9;110,12,62
rua||olhos dagua|filadelfia|32670048|45,-1997234,-4419025;53,-4,8;65,15,-20;77,-9,16;82,17,14;84,-19,-5;133,-11,34;141,-6,13;146,-4,-1;155,5,-1;162,-10,20;167,4,-2;174,-5,12;200,-14,27;201,5,-5;220,1,13;221,-9,8;240,-3,7;250,-6,9;251,5,2;281,-17,34;293,-3,6;300,-9,18;305,11,-7;666,56,-187
rua||orestes diniz|citrolandia|32639390|15,-2002303,-4423040;20,7,1;25,-7,-4;46,-26,-20;47,10,7;56,-18,-14;57,0,12;74,-10,-12;77,-1,4;82,-4,-12;83,-4,9;85,-6,-13;96,-2,1;102,-6,-10;111,-7,1;118,-5,-8;123,-4,4;134,-12,-15;137,10,13;141,-11,-11;150,-31,-23;167,14,13;168,-18,-24;183,6,19;193,-18,-12;198,-23,-22;205,17,13;215,-4,-8;225,-5,-2;237,-18,-10;240,-1,5;247,1,-5;254,3,-5;266,-12,-2;272,-2,-8;275,-1,13;276,-17,-25;281,11,16;293,-11,-10;305,-14,-4;321,0,-1
rua||pedra dourada|parque ipiranga|32642462|3,-2002094,-4421122;12,26,-20;15,36,-13;16,-3,3;17,34,-13;18,-13,1;21,14,-4;24,-55,21;26,-20,11;60,128,-47;72,-11,-12;107,-24,27;109,-18,4;141,-43,14;160,-10,5;214,-31,15;999,159,-50
rua||pedro diniz|amazonas|32641170|67,-1994312,-4410380;115,-82,60;157,-6,11;159,1,-8;167,-17,7;169,-4,-5;181,-12,11;200,61,-12;360,44,-42;411,27,-12
rua||pedro diniz|amazonas|32685018|860,-1994998,-4409998;870,8,1;904,-27,17;907,-4,22;919,-25,27;935,1,-23;945,-9,6;961,-2,6;970,-14,-7;981,5,10;983,-7,3;995,-20,5;998,19,-7
rua||professor vasco damiao|campos eliseos|32667028|8,-1998226,-4414288;10,-18,-17;20,11,4;21,-47,24;22,43,-28;23,-48,30;25,33,-27;26,-22,25;27,11,-11;30,-28,13;35,47,-20;51,-7,-3;52,-7,7;59,-1,-3;64,-40,26;67,29,-24;71,2,9;73,-31,12;75,21,-9;82,51,5;83,-56,4;91,-9,-1;96,0,-1;99,2,4;101,-17,7;102,3,-13;103,-12,15;105,3,5;111,3,-11;113,-3,6;117,-6,2;125,-8,0;200,10,-4
rua||rio doce|brasileia|32600450|49,-1997252,-4421260;53,-17,-14;55,-9,-11;59,11,6;105,-10,-37;115,-5,-5;127,-1,-19;135,-1,-7
rua||sabino de deus|inga alto|32604382|11,-1995670,-4419530;17,0,18;35,-2,20;60,-17,18;72,-24,57;89,18,-28;100,-11,5;101,9,4;112,-16,19;119,0,-9;136,-7,18;148,-6,2;151,-12,18;160,7,4;173,-3,8;184,-7,6;198,-9,11;210,-1,3;219,1,15;230,-10,14
rua||salvador goncalves diniz|jardim brasilia|32671540|35,-1994771,-4418970;254,-191,-3;260,-44,0;299,-4,1;300,-15,-1;303,11,3;305,-13,2;312,-3,-7;315,5,4;321,-9,2;324,-8,-10;327,-2,7;332,-53,-7;336,48,2;337,-9,3;351,-5,-2;354,-100,-8;364,89,7;376,13,4;380,-24,-9;389,-16,9;397,26,-6;399,-9,7;402,-15,-7;413,-15,5;414,1,-6;417,13,5;425,-28,-3;426,-1,-6;429,38,10;433,-50,-4;435,-13,3;457,-5,-3;490,-34,-3;495,-9,-1;501,13,-1;505,-12,-3;507,-11,7;515,-10,-1;518,10,-8;530,-13,1;541,-12,7;542,5,-10;555,-16,9;560,-2,-7;565,-13,3;575,-2,32;576,12,-36;577,-15,3;590,-13,-5;591,0,2;592,-19,2;593,1,-3;594,13,0;595,9,5;596,5,-7;597,-48,7;603,34,-3;631,-8,2;635,-24,0
rua||salvador goncalves diniz|jardim brasilia|32671578|11,-1994744,-4418962;23,-18,2;49,-27,2;53,-1,0;63,-9,5;91,-25,-8;131,-31,-6;141,-14,8;149,-17,-1;191,-30,-1;215,-14,-2;277,-15,-1
rua||santos dumont|horto|32604126|35,-1995825,-4419870;43,23,12;53,-9,-8;67,14,9;79,15,7;91,12,-6;103,-8,0;140,47,13;150,8,-3;159,12,0;160,3,8;165,28,6;170,-20,-2;171,4,-7;194,17,11;201,-1,-2;206,5,8;213,-3,8;225,35,-7;228,-4,3;237,-3,1;249,18,15;255,-13,-14;266,20,6;510,-5,0
rua||santos dumont|inga|32604476|812,-1995362,-4419759;818,13,1;827,-7,12;835,14,-15;857,9,7;864,25,1
rua||santos dumont|jardim terezopolis|32681182|11,-1995417,-4412514;20,5,13;33,-12,26;42,5,52;52,-15,-27;84,-2,8;85,8,-8;95,-5,10;100,-5,15;106,-7,16;107,12,-30;132,-11,26;144,3,14;151,-6,15;154,-1,-4;163,-2,12;170,-1,-4;188,1,5;191,-1,0;200,1,3;202,-7,15;203,0,11;204,2,-13;212,-6,-1;224,9,12;225,-14,28;237,3,-3;240,3,-25;244,-4,16;248,-1,1;249,-1,23
rua||sao dimas|vila presidente kennedy|32665670|6,-1997091,-4414316;18,10,15;19,-68,-42;28,67,123;29,-23,-98;40,39,28;41,-48,-32;54,59,39;55,-71,-45;64,64,75;65,-71,-82;75,3,65;76,66,-9;88,38,8;114,0,20;128,25,-8;131,12,9;132,-9,-6;133,-10,-2;302,21,15
rua||sem denomicacao|jardim nazareno|32659658|22,-1999734,-4412864;200,-10,11;202,0,13;204,1,-3;258,-19,40
rua||sem denominacao 5 ou rua gustaf dalen|paulo camilo|32669110|455,-1995925,-4411748
rua||sem denominacao3|bandeirinhas|32600014|1830,-2001080,-4416732
rua||sem denominacao|acude|32625040|250,-1994794,-4423144
rua||sem denominacao|acude|32625192|1409,-1996103,-4423920
rua||sem denominacao|aroeiras|32673532|358,-1998400,-4422556
rua||sem denominacao|bandeirinhas|32657002|11,-2002593,-4417726;17,67,102;19,-2,26;20,15,-167;22,30,-1;26,10,-6;38,0,0;62,-53,98
rua||sem denominacao|bandeirinhas|32657180|316,-2000306,-4417356;317,5,10;333,0,23;338,0,-24;340,4,17
rua||sem denominacao|betim industrial|32699899|17,-1995835,-4416362
rua||sem denominacao|bom retiro|32606358|6,-1993131,-4420832;7,-93,-39;8,19,15;10,8,6;11,-4,-8;13,-1,-1;14,37,-1;18,-11,34;21,18,-8;22,22,3;24,-3,-2;30,-17,6;75,-86,-46;1003,5,-6;1010,-21,-4
rua||sem denominacao|cachoeira|32602375|372,-1996419,-4421854;395,-3,13;396,8,-13;420,0,-18;424,-1,-5;436,9,2
rua||sem denominacao|cachoeira|32602520|22,-1995260,-4422286;24,-15,-23;26,-3,-7;28,-4,-12;62,18,-104;66,15,12;70,4,8;80,10,9;83,19,14;86,-12,-6;90,11,3;93,22,20;97,2,3;104,3,-5;105,10,15;114,11,16;117,8,2;120,0,3;123,-1,1;129,11,9
rua||sem denominacao|campos eliseos|32661738|180,-1998137,-4414684;182,3,-2;190,8,-13;192,14,-16;194,-8,19;196,12,-21;198,6,-11;200,5,-6;202,17,-20
rua||sem denominacao|campos eliseos|32661788|919,-1997749,-4414240
rua||sem denominacao|campos eliseos|32661812|243,-1997930,-4413882;255,9,27
rua||sem denominacao|centro|32600066|470,-1996541,-4419740
rua||sem denominacao|chacara|32670358|155,-1996434,-4417855;213,5,-22
rua||sem denominacao|citrolandia|32639250|903,-2002029,-4423526
rua||sem denominacao|citrolandia|32641382|307,-2003348,-4422120;308,6,13;314,33,-48;326,-13,26
rua||sem denominacao|citrolandia|32641414|18,-2003065,-4421865;26,14,19;30,-74,67;32,53,-96;42,21,11
rua||sem denominacao|citrolandia|32641520|46,-2003577,-4421362;50,-26,10;54,11,2;155,-66,-1;162,29,3;164,15,-5;166,-30,5;168,-3,0;172,-17,0;174,-10,-2;598,850,-419;600,18,0
rua||sem denominacao|citrolandia|32641532|602,-2002848,-4421758
rua||sem denominacao|citrolandia|32641660|67,-2003283,-4422945
rua||sem denominacao|citrolandia|32641720|220,-2002944,-4423099
rua||sem denominacao|citrolandia|32641840|1,-2004156,-4420718;2,5,-76;3,-4,128;4,-12,-108;5,9,137;6,1,-109;8,-22,20;10,13,37;12,-3,13;14,1,14;16,1,36;18,5,20;20,12,26;22,4,9;23,8,10
rua||sem denominacao|colonia santa izabel|32600001|5,-2003310,-4420699
rua||sem denominacao|colonia santa izabel|32699899|45,-2004072,-4421342
rua||sem denominacao|cruzeiro|32661320|54,-1998823,-4414761;90,2,1
rua||sem denominacao|duque de caxias|32673476|5,-1993304,-4415429;154,21,-2;260,-44,28;1243,79,-123
rua||sem denominacao|duque de caxias|32673480|2,-1994051,-4414940;3,6,13;4,3,14;5,0,-4;6,3,7;8,10,30;10,7,12;12,-11,24;15,0,-31;17,-4,-18;18,-7,-12;31,-9,-33;32,1,-7
rua||sem denominacao|duque de caxias|32673486|98,-1994122,-4415275;100,1,-5
rua||sem denominacao|duque de caxias|32673556|88,-1993786,-4415363;165,-31,-17
rua||sem denominacao|duque de caxias|32673588|99,-1993065,-4415627
rua||sem denominacao|duque de caxias|32673618|337,-1993320,-4415372
rua||sem denominacao|estancias flores e florestas|32600001|3,-1996403,-4427098
rua||sem denominacao|fazenda paus alto|32605805|360,-1991779,-4418187
rua||sem denominacao|gentileza|32618100|6,-1992790,-4426416;8,-28,15;500,13,-1
rua||sem denominacao|guanabara|32667035|76,-1997562,-4413884;90,0,3;352,-7,-15
rua||sem denominacao|guanabara|32667054|1,-1997469,-4413734;2,6,-17;3,3,-26;4,-12,15;5,-1,-19;6,-2,27;7,-3,-21;8,11,-1;9,-8,-11;10,10,-1;12,17,2;13,-25,-14;14,-7,-3;15,9,5;16,-4,-16;17,-8,7;18,10,-11;19,-13,-2;21,7,-1;22,14,0;24,-6,-16;30,31,43;32,-22,-63;37,-19,98;70,14,-21;78,-35,-40
rua||sem denominacao|icaivera|32611130|3,-1986852,-4416633;5,32,39;6,-35,-44;7,145,226;8,-21,-10;10,-4,-4;15,5,-7;535,-94,-213
rua||sem denominacao|icaivera|32611188|13,-1985715,-4416448;14,-4,-7;26,-23,-10;32,6,-72;40,29,-68;78,-19,46;94,-6,-1;120,23,-43;200,-34,117;210,3,-12
rua||sem denominacao|icaivera|32611280|34,-1986306,-4415169;35,-33,5;54,46,-5
rua||sem denominacao|icaivera|32611320|33,-1985756,-4416173;84,10,5;87,-12,-9
rua||sem denominacao|itacolomi|32672598|5,-1992477,-4417108;6,-1,0;7,8,-4;11,7,-6;16,3,-2;18,12,-2;25,4,-2
rua||sem denominacao|jardim brasilia|32671552|160,-1994872,-4418896;182,-47,1;202,17,1;212,-5,4
rua||sem denominacao|marimba|32600002|21,-1991753,-4428100;91,-35,-36;306,-12,40
rua||sem denominacao|marimba|32623005|9,-1993195,-4427012;22,3,-15
rua||sem denominacao|parque do cedro|32611800|16,-1985530,-4416642;98,-114,-58;155,448,295;352,-486,-304
rua||sem denominacao|parque ipiranga|32642410|740,-2001401,-4420697
rua||sem denominacao|parque ipiranga|32642498|12,-2002166,-4421060;32,3,-22;42,-4,-19;62,-7,-1
rua||sem denominacao|paulo camilo|32667562|666,-1996512,-4413033;678,-21,19
rua||sem denominacao|paulo camilo|32667565|667,-1996514,-4413020;673,-3,6;679,-10,3;683,0,-1
rua||sem denominacao|petrovale|32669900|9,-1998958,-4413173;999,282,362
rua||sem denominacao|pimentas|32621220|90,-1992521,-4429156;120,57,-27;210,-31,-230
rua||sem denominacao|pingo dagua|32601500|229,-1997547,-4423062
rua||sem denominacao|pingo dagua|32601570|11,-1997614,-4423198;36,5,2;38,10,-1
rua||sem denominacao|serra negra|32605800|2,-1991279,-4424413;5,-96,-91;12,433,265
rua||sem denominacao|serra negra|32616296|22,-1991422,-4425427;23,-123,185;24,-53,129;25,-10,35
rua||sem denominacao|serra negra|32616355|7,-1991829,-4422029;10,-20,4;13,57,123;20,156,-1;80,202,-57;85,-205,36
rua||sem denominacao|sitio de papai|32625040|4,-1994763,-4423148;6,-23,4
rua||sem denominacao|vargem das flores|32672405|41,-1993136,-4417416;47,-8,3;57,16,-16;59,2,1;60,-7,16;83,9,-21;94,-37,34
rua||sem denominacao|vianopolis|32601898|126,-1995975,-4426833
rua||sem denominacao|vianopolis|32621400|10,-1993838,-4429561;12,152,-15;65,-128,23;205,317,257;475,-107,10;493,17,29;529,22,32
rua||sem denominacao|vianopolis|32628002|127,-1995198,-4426951
rua||sem denominacao|vianopolis|32628126|33,-1995028,-4426972;200,17,36;202,7,19;210,-13,-13;326,-2,-44;333,-19,11
rua||sem denominacao|vila das flores|32605390|5,-1993238,-4418072;6,-3,-1;7,3,6;8,5,10;9,-4,-4;10,7,13;11,-7,-6;12,5,12;13,-3,-8;14,5,14;15,-2,0;16,7,7;17,-11,-5;18,6,18;22,3,3;23,-4,-1;25,5,13;27,-11,-1
rua||sem denominacao|vila presidente kennedy|32699899|2,-1997970,-4415526;165,-35,57;195,0,0;653,630,843
rua||sem dominacao|paqueta|32639602|3,-2002980,-4423794;51,4,-40;63,-3,10;353,-3,40
rua||serra dourada|sao marcos|32640828|52,-2003245,-4423804;57,-13,28;102,-25,39;106,10,-7;108,-6,9;120,-18,39;223,57,-135
rua||trezentos e dez|icaivera|32611612|6,-1985554,-4416229;58,-137,115;91,132,-113
rua||trinta e dois|conjunto habitacional jalila conceicao pedrosa|32672436|8,-1992816,-4417099;9,-252,-131;11,199,108;12,-8,4;14,25,-2;15,-200,-112;16,226,131;17,-23,-12;20,69,44;26,-10,-7;27,14,2;28,-124,-64;30,-11,-7;32,111,66;38,-2,-1;43,-245,-133;45,9,-7;55,19,7;57,5,12;58,1,12;59,14,4;60,-28,-10;62,-40,-22;63,15,5;66,78,48;68,156,72;92,-132,-58;93,-56,-41;94,58,39;104,22,2;110,-56,-26;136,206,101;161,-171,-90;183,51,-43;197,-23,60;233,35,17;237,3,2;271,16,6;273,2,3;275,3,2;277,5,-2;297,21,13;306,-2,7;326,26,9;373,15,6
rua||trinta e dois|itacolomi|32672624|786,-1992629,-4416822;848,-8,0;860,1,13;911,12,38;913,-5,-20;915,2,-2;925,4,-4
rua||vinte e dois|capelinha|32678276|36,-1993714,-4410446
rua||vinte e dois|conjunto habitacional celso alves pedrosa|32605404|9,-1994029,-4414174;21,-1,9;35,-4,10;65,-4,41;79,4,-27;85,-5,9;89,-7,26;91,-4,11;159,-24,51;161,-7,13;163,7,-2;175,-6,12;176,2,-13;178,-2,-1;180,3,-10;193,-10,37;199,-67,167;202,69,-182;203,-3,23;204,10,-47;210,-11,-31;212,-5,85;213,16,4;215,-14,6;216,-3,-12;220,6,-17;221,-6,-8;222,9,0;228,-13,35;232,-18,21;234,31,-61;235,-4,49;241,-4,9;244,-11,7;253,0,12;260,9,-18;264,18,-94;276,-46,139;290,-40,68;296,10,6;301,33,-67;302,-3,4;305,-16,35;306,-35,36;326,39,-35;333,-24,35;345,-12,12;357,-6,6;365,47,-67;370,3,-4;372,-5,-7;373,22,11;375,-21,-14;390,14,-22;400,0,-9;405,0,-5
rua||vinte e dois|cruzeiro do sul|32672728|23,-1993122,-4416747;29,14,4;35,17,7;42,-13,-7;47,13,8;48,-10,-5;53,11,4;59,1,-1;60,-7,-4;65,13,6;71,5,1;72,-8,-2;74,7,3;77,4,0;83,-16,-2;84,19,6;89,9,2;94,12,5;95,-12,-4;96,-5,-3;98,24,10;100,4,1;101,-17,-5;107,2,-5;113,7,11;122,-69,-26;125,74,28;126,15,5;131,-1,1;136,0,-1;137,1,-4;138,9,5;140,4,0;143,-9,-3;149,8,5;152,6,0;155,0,4;161,5,1;162,2,-2;163,-2,2;170,158,71;176,16,7;180,-152,-64;182,-9,-9;185,119,50;186,-105,-42;195,185,70;198,-184,-73;200,171,77;201,20,12;203,-19,-24;204,-2,13;205,-1,-20;206,12,16;208,15,15;209,-39,-24;211,51,13;212,-7,14;213,7,-4;214,5,8;215,-5,-22;218,17,27;220,-4,-5;221,-77,-34;227,83,27;230,-192,-75;250,210,91;252,-4,-1;289,-144,-84;294,-20,20;301,14,-1;303,10,-1;308,-18,3;320,7,2;326,9,1;328,13,8;380,23,9;446,96,43;461,-11,-15;557,-365,-145;595,-10,-4
rua||vinte e dois|vila das flores|32605404|95,-1992707,-4418125;640,50,61;642,-12,-15;661,16,5;675,9,6;968,-50,-43;974,5,2;980,2,2;982,5,5;984,4,8;985,33,32;986,-35,-24;1584,9,-3
rua||vinte e nove de dezembro|amazonas|32685058|6,-1994696,-4409805;7,2,8;16,0,-13;20,-212,-427;21,224,427;29,-13,-10;30,0,-5;41,-13,-13;42,9,0;53,-12,6;54,8,-7;79,-170,-328;81,158,308;90,1,-11;100,61,-25;101,-71,9;103,-26,-36;114,20,35;116,-3,-17;147,-21,-41;148,10,34;158,7,-24;170,14,-15;184,-29,-6;195,-9,-6;228,-55,-91;238,33,58;244,-1,-16;254,-7,-6;255,-1,-3;265,-11,-5;266,9,1;277,-11,-10;278,4,-2;289,-9,-10;290,0,0;297,-25,-61;302,17,50;373,-30,-71;396,-11,-7;420,-6,-3;421,4,-16;429,5,21;439,11,7;440,-27,-33;446,36,58;449,-22,-42;452,13,32;464,-5,-14;499,-22,-40;500,-35,-79;502,45,92
travessa||sem denominacao|cruzeiro|32661302|7,-1998494,-4414579
