alameda||das embaubas|bandeirinhas|32657360|36,-1999946,-4417025;44,2,-14;46,-1,-11;48,3,-6;50,-12,62;52,9,-45;53,17,-79;54,-2,14;56,-4,7;67,-12,61;68,10,-48;70,0,0;72,-12,64;148,-2,5
alameda||das embaubas|bandeirinhas|32657442|9,-1999956,-4417016;45,29,-107;55,-19,91;57,8,-9;69,5,-56
alameda||do espigao|estancia do sereno|32659298|7,-1998958,-4413969;8,122,98;9,-60,-129;10,-237,-104;14,-9,0;15,202,138;23,-219,-160;55,183,118;155,-187,-132;248,-29,-122;265,22,89;267,-1,-14;285,-119,-259;298,20,34;300,45,73;305,-114,-160;315,-18,-22;321,177,312;345,-66,-170;355,33,85;393,19,53;626,-103,-216;639,-6,-18;986,-91,-128
avenida|engenheiro|gerhard ett|paulo camilo|32667590|1125,-1995924,-4413130;1713,3,6;1721,-5,-18;1723,2,-43;1729,4,27;1735,-7,-2;1745,5,-12;1753,2,-2;1763,-5,11;1773,3,-26;1785,14,-9;1789,-10,-6;1793,-10,24;1797,0,-42;1799,-4,-22;1801,1,-3;1803,-7,-9;1805,11,15;1807,3,14
avenida|engenheiro|gerhard ett|paulo camilo|32667600|1100,-1996105,-4412470;1102,-71,83;1250,143,-162;1550,107,-279;1600,-1,-24;1610,0,0;1685,17,-303;1687,-5,-9;1715,-10,74;1717,-10,14;1758,18,-115;1768,-5,9;1780,3,7;1784,2,-29;1794,-5,-3;1834,11,-50;1884,-7,34;1888,1,-3;1914,7,-12;1924,-1,3;2163,-9,-32;2165,-11,-7;2167,26,-13;2169,-9,-1;2170,4,-9;2173,3,-5
avenida|engenheiro|gerhard ett|paulo camilo|32669110|309,-1996421,-4412117;715,93,-147;745,6,-9;775,30,-33;887,47,-47;917,15,-17;1105,50,-58;1115,32,-40;1215,82,-82;1525,54,-64;1655,76,-410
avenida|engenheiro|gerhard ett|paulo camilo|32669158|600,-1996408,-4412105;1050,194,-251;1500,-58,682
avenida||esplanada|paqueta|32639630|27,-2002796,-4423954;35,81,-92;55,1,8;131,-17,-1;155,-62,45;172,19,-5;188,22,-7;230,-30,12;248,49,-26;258,-54,14;260,-2,6;262,68,-40;278,-78,77
beco|santa|edwiges|jardim terezopolis|32699899|123,-1995025,-4411962;126,-18,5;134,0,-3;137,3,-5
beco||boa esperanca|jardim terezopolis|32681668|23,-1994718,-4411669;30,-3,1;31,-5,-4;32,0,-1;33,7,10;35,-22,-8;36,40,-2;37,-28,5
beco||da boa esperanca|savassinha|32676682|269,-1994020,-4412126;287,4,-1;288,-22,6;289,12,-5;293,20,2
beco||da esperanca|bandeirinhas|32681662|16,-2000732,-4416720;17,9,8;20,-1,10;21,9,5;22,-19,-13;1308,14,11
beco||da esperanca|duque de caxias|32681662|113,-1993586,-4414397;123,14,-10;125,-15,0;127,0,-18;212,7,22;360,-34,-34;362,-8,-9;363,10,14;375,26,4
beco||esperanca|jardim terezopolis|32681662|60,-1994688,-4411752;61,9,-20;65,0,6;69,0,2;70,-5,0;72,7,-9;74,2,22;78,-7,-19;90,5,-5
beco||esperanca|sao joao|32655690|61,-1997186,-4416248;62,11,-10;63,3,4;64,0,0;68,7,-1
beco||esplanada|imbirucu|32677346|32,-1994076,-4411039;35,-2,0;39,3,-1;49,0,0;138,-1,-2
beco||estreito|jardim terezopolis|32681666|90,-1994661,-4411763;91,3,7;95,-2,1;97,-1,7;100,2,18
beco||eucalipto|icaivera|32681240|11,-1985573,-4415084;49,15,13;144,-29,-20
beco||eucalipto|jardim terezopolis|32681240|2,-1995537,-4411788;6,-8,-6;8,16,-20;9,8,-8;12,-33,18;26,-21,-19;27,13,9;28,11,6;39,-63,-62;40,-3,-6;58,36,44;62,0,-9;63,-26,-23;128,-14,-11;787,-4,-7
beco||rua estrela|sao joao|32655536|251,-1996792,-4416683;269,-6,5
beco||via expressa|conjunto habitacional celso alves pedrosa|32678895|1,-1993195,-4414188;2,-1,9;3,-11,-24;4,-11,2;5,-12,-23;6,3,10;7,-13,15;9,63,41;14,1,-3;43,-65,-25;45,-1,5
praca||dos esportes|colonia santa izabel|32641295|18,-2003725,-4422133;19,-3,-5;20,-6,1;22,3,1;23,-3,14;220,60,83;230,-9,-13;236,11,-14;242,6,1;252,5,-7;264,-3,-7;270,-16,-4;280,-12,-10;290,-9,1;292,-2,-2;294,3,-8;296,0,-8;306,-14,10
praca||dos expedicionarios|angola|32603094|7,-1996571,-4420413;11,-17,9;17,-4,-4;21,-1,10;23,49,-15;25,-39,9;26,11,-1;28,-18,-35;60,-6,48
rua|engenheiro|gerhard ett|paulo camilo|32669158|1620,-1995910,-4413060;1621,-5,-6;1623,1,-6;1625,-2,-10;1627,-1,-10;1635,5,-15;1655,-6,-7;1722,5,-10
rua|santo|expedito|sao sebastiao|32609100|160,-1990202,-4416202;1800,149,278
rua|sao|joao evangelista|niteroi|32672090|16,-1995112,-4417767;17,9,-6;34,1,-2;41,6,-5;42,6,6;54,10,-9;59,-6,5;71,-2,5;72,14,-15;84,9,6;85,7,-4;94,12,-5;95,-3,-4;103,11,10;106,-9,-10;107,4,-2;109,8,3;111,-3,4;117,14,-8;130,5,-5;135,9,7;142,5,-9;147,-11,0;156,21,-5;157,-5,0;159,8,-4;166,9,8;167,-6,-12;177,10,4;178,0,-3;190,17,-2;192,-12,1;195,5,6;215,17,-8;255,56,-14;258,-5,2;276,7,-3;277,1,-5;288,9,1;289,-3,-7;300,20,4;301,-7,-9;324,29,0;325,-9,-3;327,15,-7;336,0,9;348,8,-1;349,4,-7;350,-5,-1;352,2,4;354,6,1;357,5,-5;361,2,-1;365,6,2;372,5,-10;373,-1,5;375,12,4;384,-19,-3
rua||beato eymar|vila cristina|32675848|28,-1993994,-4412794;40,23,-6;41,62,-27;112,-56,19;134,-13,2;153,-20,20;172,39,-22;175,6,2;177,-15,4;181,16,-9;193,33,-18;195,-19,17
rua||boa esperanca|bandeirinhas|32655142|45,-2000754,-4416748;47,-6,-73;49,-4,-4;54,7,13;56,13,161;57,-5,-100;59,-11,-56;60,1,12;61,6,19;110,3,25;151,-4,-28;152,-8,-39;153,6,12;154,6,32;255,-2,29;301,-2,-2;302,-4,5;336,8,-10;585,-4,49;586,-1,-10;587,-2,-22;588,1,16;589,0,-21;590,7,54;591,-7,-46;595,0,20;596,1,-10;598,-6,59;600,8,-120;780,5,-4
rua||boa esperanca|citrolandia|32641596|31,-2003249,-4422602;34,5,4;36,-2,7;41,-1,-4;51,-3,8;61,3,1;66,2,10;71,-3,8;76,4,-1;81,-3,8;86,-2,5;91,1,0;96,3,3;99,-14,-55;101,9,61;103,-24,-73;106,26,80;111,-1,-2;112,0,8;120,6,23;121,-7,-28;123,5,13;125,-1,2;126,-1,-1;127,-4,11
rua||boa esperanca|petropolis|32655142|4,-1996667,-4417633;5,-5,13;70,36,-53;130,-46,71;140,-29,46;144,9,-11;150,2,-13;170,1,0;204,-18,27
rua||da espanha|jardim casa branca|32656542|8,-1997845,-4418958;35,-23,-51;43,6,14;83,-10,-34;138,-32,-82
rua||da estacao|vianopolis|32628055|8,-1994225,-4426943;32,-5,-17;48,-9,-20;52,6,-2;60,-3,-9;90,-5,-35
rua||das estrelas|cidade verde|32649130|11,-1998431,-4419631;16,-5,8;21,12,13;31,-4,7;41,-1,3;51,-2,17;61,5,7;75,-1,3;85,-3,15;87,-2,11;89,4,15
rua||de estocolmo|duque de caxias|32673490|42,-1993955,-4415143;50,-2,-1;69,-34,54;78,25,-70;90,-9,-17;99,20,43;102,-35,-45;104,3,2;111,-5,1;114,-1,-10;115,25,44;116,4,2;117,-10,-14;126,-28,-39;136,-6,-4;138,4,7;148,-14,-19;150,4,6;156,-7,-7
rua||dos estados|filadelfia|32670016|12,-1996813,-4419172;22,8,5;31,7,-1;37,10,5;40,-2,2;50,11,4;55,13,2;57,-7,-1;64,21,14;66,-15,-5;95,103,35;101,-78,-31;105,82,34;130,-44,-15;134,-4,3;136,-18,-8;137,33,3;153,5,6;165,6,7;175,10,3;210,32,16;264,95,38;269,-45,-25;270,1,4;282,4,-1;294,18,12;297,-3,-8;301,8,2;307,41,-10;308,-24,23;317,-6,-8;320,3,11
rua||efesios|renascer|32687444|10,-1994671,-4409399;21,8,-12;30,2,3;40,8,-1;51,11,-7;52,2,2;53,-6,0;61,11,-8;72,12,4;80,-32,6;82,38,-9;92,10,-6;102,6,-5;104,7,10;105,-1,-1;124,11,-1;125,8,-6;126,12,-1
rua||egito|petrovale|32668042|36,-1999300,-4411259;48,11,-11;60,-1,-8;67,2,1;72,6,-17;77,-9,30;79,9,-29;80,-1,-4;83,4,-16;84,3,13;91,0,-23;96,0,9;108,5,-6;110,4,-11;115,2,-11;120,-2,10;126,1,-3;127,-2,-21;128,3,5;130,3,-5;132,4,-14;139,-7,4;144,10,-10;151,-3,-4;156,3,-3;170,8,-19;171,-8,11;183,3,-13
rua||eira|icaivera|32611034|5,-1986469,-4415507;9,-11,-13;13,3,0;17,-11,-19;23,-2,-5;30,5,3;33,-10,-7;38,18,3;40,-27,-15;45,-2,5;50,-141,-97;60,149,91;62,-5,2;67,-7,-4;80,4,0;92,-8,-12;96,1,-5;107,-6,6;108,-4,-16;119,-7,4;120,-4,-10;122,-10,-8;131,-4,0;134,8,1;143,-23,-4;144,1,-8;148,-9,1;155,-3,0;158,3,-11;167,-14,6;179,-8,-7;188,5,1;202,-14,-6;210,-15,-1;211,12,0;213,7,6;214,-22,-11;216,-108,-14;222,93,3;224,10,7;239,-8,-1;247,-17,-1;249,-8,5;253,14,-1;255,-32,-6;276,-2,-2;279,-3,3;280,-3,4;281,-48,-3;310,33,-3;346,-141,13;405,82,-3;430,-33,0;431,-19,8;434,-4,-10;481,-16,8
rua||eirussu|icaivera|32611058|12,-1986372,-4415742;26,-14,-6;36,-20,0;37,11,9;41,-57,0;44,55,-9;48,-5,-7;75,-43,15;96,13,-5;165,122,-17
rua||emaus|teixeirinha|32607624|176,-1994648,-4422499;207,59,-23;221,-14,5;226,11,1
rua||emboabas|laranjeiras|32676628|11,-1993861,-4412353;12,0,-3;15,-199,139;18,31,-20;29,162,-113;30,-151,101;32,150,-104;40,-7,5;41,-2,-1;42,-124,92;50,107,-81;53,6,4;54,-113,71;56,117,-80;62,-17,6;63,0,9;66,-89,65;68,5,-6;72,-8,-4;77,87,-50;80,0,-5;89,-8,16;92,0,-7;104,-10,3;135,-4,3;143,-38,29;148,7,-4;160,-9,9;172,-9,5;175,-1,6;184,-15,-7;185,23,-5;189,-18,14;199,28,-18;208,-49,26;235,-22,34;236,17,-15;241,2,1;270,-37,7;290,-21,19;292,6,5;314,-30,9;326,-2,7;332,-14,4;350,-5,7;362,-5,6;364,-9,11
rua||emboabas|sao cristovao|32676628|295,-1994053,-4412220;297,-12,9;299,-11,7;335,-19,15;337,-10,5;339,-2,3;341,-5,4
rua||equador|petrovale|32668046|11,-1999336,-4411304;12,6,10;23,-2,-23;24,5,10;36,0,-4;46,7,-17;47,-6,-8;48,3,5;50,4,-9;51,-15,52;59,13,-60;60,4,-1;62,-1,-8;71,-5,6;72,9,-18;76,2,-11;77,-4,21;78,5,-28;83,1,21;84,4,-36;93,-7,26;103,-1,-3
rua||ericeira|jardim alterosas primeira secao|32670676|29,-1995392,-4416410;30,-13,8;35,24,0;44,-11,-3;46,10,9;48,0,0;51,6,-4;55,4,4;62,-2,6;64,-5,-4;69,15,5;71,7,6;73,3,5;74,-8,-3;83,15,3;84,-9,0;85,11,2;88,-7,-5;89,13,11;91,1,0;100,-6,4;108,4,3;110,-1,0;112,3,2;114,1,2;115,4,-6;121,12,11;122,-6,1;124,8,5;132,1,0;145,-2,-6;147,13,9;181,21,15;182,-1,2;194,10,16;201,3,-7;203,8,8;208,-5,2;218,13,9;219,-7,-7;223,6,-3;225,10,7;230,-7,9;235,34,13;242,-26,-9;247,7,-5;254,5,9;259,2,0;264,23,19;280,-4,-3;281,3,-4;290,3,10;293,4,-7;300,3,15;305,8,-7;321,4,3;335,10,9;355,23,6;371,22,32;374,0,-1;391,53,32;398,-44,-28;400,8,8;403,3,0;415,4,9;422,-6,-2;425,7,-2;434,1,16;435,2,-13;438,34,27;440,-30,-20;443,20,2;447,-5,3;450,19,9;475,-3,0;480,5,6;482,1,5;484,-2,2;485,7,6;486,-2,-3;490,3,-2;492,3,3;494,2,1;496,2,1;499,40,-2;500,-39,4;502,4,0;504,6,4;506,-2,2;510,202,158;519,-201,-157;520,0,0;529,12,7;532,-44,-32;541,44,56;543,21,-32;544,-22,0;552,-1,10;554,31,10;556,-2,18;565,-6,-8;608,88,60;609,7,6;620,-46,-39;632,10,11;642,5,-7;643,5,10;650,7,-5;652,2,23;655,1,-11;664,44,51;665,-38,-45;666,29,25;697,-22,-15;701,20,8;708,3,-9;712,-17,-6;720,-3,5;732,-12,-10;748,60,61;764,5,-3;780,21,0;785,6,14;797,39,6;809,-38,2;821,19,8;870,39,37;875,0,-7;890,7,9;891,0,4;895,16,-1;900,-6,0;911,12,9;912,-4,2;914,1,0;922,5,9;923,6,-4;929,3,2;931,2,2;934,-2,7;942,16,5;943,4,7;946,8,-15;965,-7,15;968,10,6;971,10,2;973,5,7;975,1,3;987,10,9;990,-18,-17;1001,27,17;1002,-19,-10;1012,-10,-14;1013,35,32;1020,-2,1;1024,10,-1;1028,-7,-1;1037,23,16;1045,-11,-8;1064,7,4;1082,-14,-11;7002,-492,-373
rua||escovinha|jardim alterosas segunda secao|32673218|7,-1993613,-4416737;20,-8,-9;23,-1,7;33,-5,-9;45,0,-15;50,-1,2;57,-2,-9;69,-10,-7;71,1,-11;73,-14,-18;75,4,-2;84,9,17;85,-20,-25;96,2,-19;98,5,14;99,-11,-12;100,13,16;101,-20,-29;102,15,48;104,14,9;106,15,7;108,-3,2;112,4,9
rua||esmeraldas|icaivera|32628050|17,-1985707,-4416077;39,5,-11;45,24,0;50,-2,-3;100,-54,13;110,-11,7;121,20,-11
rua||esmeralda|alto das flores|32605174|23,-1993158,-4418540;30,-20,16;35,17,-14;40,-20,16;43,15,-7;49,-57,55;50,-4,15;51,54,-63;55,-62,74;59,60,-74;60,-15,13;67,10,-2;74,-11,11;75,8,-8;83,-5,8;88,-16,4;91,9,8;99,-3,0;107,-10,14;111,-14,12;115,11,-8;131,-15,12;135,1,6;139,-10,0;141,-14,31;147,15,-24;155,-5,14;162,-7,-7;163,0,14;170,2,-8;171,-4,14;178,-5,-3;179,0,6;186,-5,3;187,0,5;194,-5,2;195,2,-4;202,-4,13;213,-1,-5;215,-2,5;226,-77,90;231,67,-74;232,-7,2;233,10,-15;236,-24,31;239,19,-14;240,1,5;247,-10,3;248,-4,2;255,2,4;263,-5,6;264,-13,5;272,8,1;274,-16,5;279,9,0;280,-14,10;287,9,-3;288,-7,3;295,3,8;296,-12,3;303,8,4;304,-7,-7;311,2,9;312,-14,5;316,2,3;319,11,-2;320,-16,7;327,5,-1;335,-5,3;336,-7,15;343,7,-8;344,-9,9;351,8,-3;352,-15,7;359,3,1;362,-18,21;366,3,-9;367,-2,-5;375,13,-2;383,-11,12;391,-6,9;397,-2,6
rua||espanha|angola|32604146|65,-1996022,-4420043;83,13,2;95,6,8;113,41,33;120,7,6;133,13,-10;161,27,42;171,5,-14;195,18,-10;217,20,23;231,10,9;245,11,-2
rua||espanha|capelinha|32678245|2,-1993355,-4409878;10,1,-9;18,-5,-6;25,-216,-261;26,203,255;29,-203,-271;31,191,253;33,-198,-259;34,213,270;35,-212,-278;42,205,272;47,-21,-21;48,13,10;50,5,5;57,-15,-16;59,-196,-267;66,200,276;67,-12,-18;71,-208,-353;74,213,362;77,-8,-16;84,4,11;87,-15,-13;96,8,5;97,-13,-10;99,-177,-290;101,8,-1;104,180,295;105,-81,-96;107,62,82;112,14,9;121,-182,-264;169,-15,-107;170,3,20;200,-2,24;219,115,229;519,-102,-217;1395,224,369
rua||espanha|capelinha|32678476|378,-1993523,-4410082;386,-2,-14;394,-7,-7
rua||espanha|granja verde|32656542|182,-1993615,-4410308;434,65,31
rua||espanha|horto|32604124|56,-1995807,-4419936;68,25,6;80,20,3;83,7,-2;91,-11,1;110,19,1;157,-10,0;160,66,25;300,-115,-42;404,98,31;419,18,7;430,3,8;431,10,-9;442,-2,10;445,10,1;454,-2,3;457,3,-6;469,20,0;472,-1,11;495,14,-1;496,-1,30;510,0,-15;511,1,-15;513,30,0;522,4,21
rua||espanha|inga|32604478|757,-1995406,-4419798;761,0,-29;765,6,-13;769,9,16;770,6,-18;773,-4,26;777,5,-6;781,2,-4;786,12,-4;791,8,-3;798,8,6;805,1,-7;810,9,5;822,11,6;835,1,-7;840,-3,7;849,7,-9;860,47,3;877,6,-5;880,-1,10;902,13,-8
rua||espanha|petrovale|32656542|31,-1999403,-4411299;43,2,-4;67,3,-14;73,-1,-9;79,5,-14
rua||espanha|petrovale|32668050|1,-1999411,-4411277;11,5,-7;36,-2,6;41,44,-146;49,-4,-1;51,-6,-7;53,-14,-35;55,-9,-20;57,-11,-9;64,5,200;68,5,-9;70,6,-15;72,-4,10;74,5,-16;75,11,-127;76,-6,123;77,7,-123;78,-5,-4;82,-1,93;88,-4,26;91,9,-57;93,2,-8;96,4,56;99,-17,-121;100,11,92;110,-2,23;112,8,-29;114,1,-7;120,5,-8;126,-1,-1;148,2,-10;160,3,-10;183,-4,1;189,-4,-21;274,-29,-51
rua||esperanca|alvorada|32687066|16,-1993730,-4409832;23,6,-16;27,-5,4;33,-4,11;39,-5,3;45,2,12;50,-6,-10;63,-3,9;73,-3,3;75,-1,0;82,6,10;84,4,-9;86,-12,3;87,-28,51;90,32,-47;99,-43,64;100,7,-21;113,-2,26;132,-6,-14;141,-6,25;142,-2,-12;144,1,12;150,-115,126;153,101,-116;154,2,-2;162,4,7;163,-4,3;164,-3,-3;168,-9,4;170,3,7;172,-4,9;175,7,-8;199,-15,23;204,4,-8;206,3,-2;212,-12,12;215,2,5;224,-12,4;237,-1,15;238,-3,-2;249,-4,7;250,-8,-5;260,5,7;261,-3,13;270,-4,-14;304,-15,37;317,-11,26;320,-2,-7;331,-1,11;332,-1,-6;340,-7,6;345,1,11;356,-7,0;357,-1,7;368,-5,2;369,-3,13;380,-7,6;381,7,4;392,-14,1;393,8,4;401,-7,8;414,-8,0;419,-2,13;429,-5,6;438,-6,0;439,6,6;445,-6,6;450,-3,-4;453,-5,20;462,-2,-11;465,1,11;467,-23,35;469,-9,14;475,25,-39;480,-5,-15;493,-18,55;534,-9,0;546,-2,4;553,0,12;556,-1,-12;557,-4,11;558,1,-5
rua||esperanca|capelinha|32678590|2,-1993177,-4409775;4,2,7;8,8,4;10,-4,22;12,-2,0;15,-22,48;19,-10,16;26,24,-50;27,-29,53;30,36,-63;31,1,10;32,1,-20;36,-18,50;91,-12,12;92,4,-4
rua||esperanca|monte verde|32653002|151,-1997396,-4417695;177,26,20;205,3,2
rua||esperanca|monte verde|32655044|58,-1997440,-4417766;74,8,9;86,5,13;90,2,5;118,4,17;126,9,8;152,7,14;166,12,22;200,18,8;220,18,3
rua||esperanca|petropolis|32655044|26,-1997453,-4417784;28,3,9;30,5,-31;31,6,22;33,-1,-21;45,3,10;58,-13,28;71,15,-5
rua||esperantina|paqueta|32639540|14,-2002789,-4423552;37,6,-27;48,-16,36;50,-2,8;97,45,-75;110,0,-7;118,1,21;128,0,-10;130,21,-20;132,-19,23;135,8,-21;136,34,-36;148,-6,12;191,4,-20;193,4,-28;197,20,-9;219,-7,13;249,6,-2;250,4,-4;254,1,-6;260,7,-3;270,-2,-4;280,8,-13;300,51,-58;349,-31,-11;363,63,-29;370,8,-15;375,-3,3;379,-7,1;390,-13,31;391,-8,-17;395,3,13;400,29,-49;405,-17,24
rua||esporinha|jardim alterosas primeira secao|32673212|21,-1993826,-4416890;32,12,26;34,-1,-35;40,3,42;43,-10,-16;77,22,41;79,6,11;81,-1,3
rua||esporinha|jardim alterosas segunda secao|32673212|26,-1993821,-4416869;76,13,21;80,8,15;97,-23,-37;99,9,17;105,-4,63;120,24,-6;125,7,8;130,4,6;140,3,6;156,11,9;157,-5,-13;159,2,10;171,-3,3;183,9,10;184,-1,2;197,9,5;200,27,66;207,-32,-46;213,25,36;215,3,3;220,16,43;221,-29,-73;226,33,78;227,-5,-16;228,17,23;230,-41,-20;231,3,-52;232,15,46;237,4,-1;239,8,19;240,-4,-10;241,9,17;246,-17,-35;258,-26,-39;260,-2,-18;266,19,41;276,3,4;295,0,8;373,32,59
rua||espumarte|limpeiros|32699899|98,-1995791,-4427181;116,29,49;120,124,269;140,-57,-125;160,6,40;624,39,176;662,9,-35;670,-9,35;680,32,-106
rua||estoril|sao joao|32655614|10,-1997584,-4416668;12,-10,2;23,-5,3;30,-8,6;42,-13,3;60,-3,10;67,-7,8;69,-15,8;72,11,-15;73,23,-9;85,-61,48;91,20,-17;106,-10,1;120,-4,4;124,-98,79;125,-7,5;130,47,-41;139,37,-19;140,45,-48;142,-8,10;144,-41,33;148,14,-9;149,-23,26;150,5,-12;161,-8,13;168,-4,-6;189,-7,14;228,-39,24;243,2,5;246,-7,1;253,7,3;255,-1,-1;267,-10,8;276,-16,7;291,10,-3;295,-2,1;300,-25,14;303,18,-8;304,-28,17;324,5,-7;327,21,-7;339,-4,1;340,-51,28;341,43,-22;349,-25,22;351,22,-19;353,-10,7;355,-6,7;359,-10,8;363,-20,14;367,-3,2;369,18,-13;371,-26,17;376,2,-9;378,-14,12;379,32,-16;390,-39,18;399,7,7;402,-13,1;414,-7,7;451,-28,24;459,-11,13;460,12,-13;461,70,-55;471,-95,78;474,4,-7;477,-1,5;479,-6,4;486,1,-10;491,-11,17;496,0,-6;503,-9,12;508,2,-5;515,-11,11;516,0,-4;520,2,-6;527,-19,22;536,5,-4;539,-11,5;541,-6,10;543,-4,5;545,-2,3;547,-12,6;552,25,-22;560,-8,7;573,-9,12;574,6,-11;576,-9,8;578,-3,4;599,-14,13;600,5,-3;602,-11,2;606,-37,31;607,36,-23;611,-11,14;612,-32,20;613,-8,4;614,-5,7;615,11,-11;616,0,0;672,-3,-3
rua||estrela|sao joao|32655536|8,-1996736,-4416832;10,-1,2;11,-5,10;20,5,-25;21,-2,10;25,-2,-11;26,1,3;32,4,-17;40,-9,114;46,6,-124;49,-1,-9;51,4,-25;52,-9,153;55,2,9;58,10,-138;60,-14,149;62,9,-129;65,-7,134;69,4,-50;70,4,-108;71,9,111;73,-14,23;74,20,0;80,-16,-148;82,-3,116;85,-5,16;88,9,-46;90,-2,7;92,-3,38;94,2,-20;96,-1,-11;98,-3,23;99,8,-8;108,-5,-33;120,0,-8;281,-61,158;295,17,50;297,-38,-29;298,-1,2;299,13,-11;955,83,-95
rua||etra|icaivera|32611288|21,-1985942,-4415196;31,-13,12;40,40,-60;41,-47,62;42,53,-70;43,-52,76;45,-4,3;47,-17,43;51,13,-41;53,9,-4;54,-14,24;55,6,-8;57,-7,10;58,15,-28;59,-15,45;60,-4,-7;61,5,-6;62,5,-32;63,-6,37;64,-4,5;66,-10,22;69,14,-21;70,14,-45;71,27,-22;72,-24,29;82,-2,-13;85,-6,20;135,22,-44
rua||etu|quintas dos godoy|32616460|26,-1993574,-4424192;28,31,-8;31,-64,26;32,66,-22;40,-65,19
rua||eucalipto|conjunto habitacional jalila conceicao pedrosa|32672488|41,-1992419,-4417586;44,5,-15;45,-14,9;55,8,-6;69,15,-12;70,-8,-5;77,-2,-2;78,9,-1;81,-5,-5;86,14,-6;89,-6,-6;95,-4,-4;100,5,3;112,7,-14
rua||evora|sao joao|32655668|15,-1997488,-4416254;20,113,-92;22,-8,9;28,17,-13;34,-59,50;37,14,-16;38,2,1;39,-1,1;40,-19,18;41,-50,33;43,8,-10;55,12,-2;64,-5,3;65,16,-13;66,31,-21;68,-51,42;74,-9,7;101,52,-49;105,-1,-3;114,0,4;127,19,-13;150,18,-11;151,-9,3;153,12,-8;162,5,-3;174,5,-1
rua||exodo|teixeirinha|32607580|182,-1994697,-4422621;225,40,-20
rua||e|capelinha|32678464|5,-1993688,-4410156;11,-1,1;17,4,1;23,-1,6;28,9,4;35,0,5
rua||e|imbirucu|32677038|49,-1994442,-4411941;53,-3,4;55,12,-5;56,16,1;63,-18,5;75,7,2;77,3,-6;79,16,-3;87,6,3;88,-10,-6;99,12,4;110,10,-4;111,3,-6;112,5,2;124,48,-13;135,-41,6;136,7,8;147,2,-9;148,0,1;159,9,3;160,4,3;172,67,-23;181,-56,15;183,3,-2;186,22,-6;189,22,-15;198,-12,2;209,11,11;210,-4,-8;221,17,-1;222,-10,7;233,12,-4;240,6,1;245,6,-1;703,-157,38
rua||e|parque ipiranga|32642430|40,-2001706,-4420825;41,-1,7
rua||fazenda do estado|serra negra|32600325|30,-1989494,-4419108
rua||fazenda do estado|serra negra|32699899|30,-1987790,-4418338;33,-1728,-668;41,-4,19;61,6,200
rua||joao da silva evangelista|bom repouso|32606265|21,-1993441,-4420439
rua||joao da silva evangelista|bom retiro|32606264|153,-1993226,-4420568;190,108,-137;300,338,93
rua||joao da silva evangelista|bom retiro|32606365|273,-1993324,-4420507;285,15,-7;305,17,-9;317,6,0;323,9,-7;329,7,-1;341,4,-9;353,14,-4;365,11,-10;375,3,-1
rua||joao da silva evangelista|bom retiro|32606438|16,-1993446,-4420415;239,69,-46;770,-106,41
rua||karen lessa rodrigues ou elba|arquipelago verde|32656840|50,-1998412,-4418351;100,-3,8;115,46,17;130,-4,26;170,22,20;175,9,12;178,-3,-1;184,17,28;203,6,-12;258,32,20;270,18,-5;282,12,-3;300,9,-4;312,10,-16;360,14,-18;380,19,-26;390,4,-11;436,-52,5;453,-14,66;544,-72,-87
rua||nova era|conjunto habitacional olimpia bueno franco|32671822|22,-1993885,-4418145;44,-25,4;117,-25,10;135,-11,-2;176,-65,24;194,-21,7;210,-17,2;256,-31,11;272,-25,6;286,-7,7;302,-55,13;316,18,-3;320,-7,5;338,-3,-1;342,-16,1;348,-1,5;391,-64,17;394,3,-17;406,10,11;468,-38,17;480,-16,-5;492,-3,-2
rua||nova era|niteroi|32671822|395,-1994225,-4418037;489,-73,9;882,-64,29;896,14,-6;908,8,-1;920,9,-4;940,13,0;944,5,0;968,25,-12;1040,-1,-8
rua||nova era|niteroi|32672045|27,-1993892,-4418136;28,8,-6;29,-41,12;32,51,-7;34,4,-10;39,-30,12;51,-10,8;63,-6,1;71,-18,-1;89,-1,9;101,-17,6;125,-14,0;137,-16,4;157,-7,0;161,-8,10;165,-15,-2;167,10,-5;185,-13,3;195,-15,9;199,-6,2;211,-13,-3;249,-26,9;271,-28,13;283,-1,-3;295,-21,5;307,-1,4;313,-19,6;325,-12,-2;331,1,6;357,-11,4;369,-14,4;371,-17,7;381,6,-5;405,-13,8
rua||pedestre e|jardim alterosas primeira secao|32673072|7,-1994691,-4416902;8,-15,8;12,5,8;13,3,-6;17,51,23;18,-44,-12;19,2,-4;24,3,-3;25,10,9;30,5,5;31,2,0;36,12,7;37,6,-5;42,2,1;43,9,2;48,10,15;49,-8,-7;54,11,6;55,1,-1;60,10,10;61,-1,-8;66,10,6;67,1,3;72,12,5;73,-3,-8;78,10,10;79,0,-2;84,18,7;85,-7,-1;90,8,9;91,2,-5;96,15,11;97,-3,-4;101,22,12;102,-17,-15;103,3,11;213,12,8
rua||rio escuro|santa ines|32603158|23,-1996500,-4421629;26,9,9;27,7,4;41,6,2;46,0,4;55,7,-1;56,7,4;66,8,7;79,7,0;80,-2,6;91,10,3;92,-14,27;104,20,-15;111,2,-8;114,6,13;123,7,-2;126,4,10;421,11,0
rua||sao joao evangelista|niteroi|32672090|455,-1994741,-4417892;459,-11,6;460,22,0;461,5,-6;479,-6,-4;482,5,9;485,13,-16;490,-3,15;496,16,-8;497,-4,-3;507,16,-4;509,30,-12;510,-34,18;520,9,-5;521,3,-5;527,3,0;533,7,-5;544,1,3;565,29,-12;568,-6,5;572,-24,11;592,45,-3;600,13,-16;602,1,-4;605,-3,5;606,17,-12;608,0,3;625,5,0;639,20,-7;665,1,-2;677,20,-8;689,18,-3;713,5,-3;730,30,-1;731,-2,6;752,16,-7;764,14,-9;768,10,3;781,3,-14;788,2,4;797,14,-9;800,-7,9;809,18,-15;812,4,13;821,-8,-21;824,10,16;833,9,-14;842,1,14;843,20,-18;845,-8,2;857,14,-2;881,17,-2;893,13,-1;910,19,-13;911,-13,10;941,32,-11
rua||serra da boa esperanca|vianopolis|32621425|1,-1994154,-4429498;13,20,117;165,23,95;476,-25,-92;570,19,89;603,12,29;687,19,64;719,1,10
rua||serra do espinhado|vianopolis|32621400|68,-1993503,-4429192
via||expressa|capelinha|32673898|9350,-1993070,-4409674
via||expressa|capelinha|32678895|7773,-1993538,-4408336;7801,2,-33;7809,10,-38;7815,8,-27;7819,8,-7;7823,14,-56;7965,-39,172;7967,-21,32;8001,99,-741;9001,118,-294;9021,10,-34;10413,178,-221
via||expressa|conjunto habitacional celso alves pedrosa|32678895|15999,-1994156,-4414701
via||expressa|duque de caxias|32673440|15500,-1994142,-4414759
via||expressa|jardim alterosas primeira secao|32678895|290,-1995027,-4415130;900,17,29;901,-10,-24;924,38,34;925,7,14;927,8,9;928,3,3;1459,-40,-29;1462,90,58;1632,9,5;1660,-22,-9
