avenida||cezar augusto|centro|36542000|11,-2084847,-4324595;21,-3,6;33,-5,-11;44,-9,-20;45,-7,6;59,-5,-7;67,-8,-4;74,5,-6;75,-13,0;93,-15,-2;103,-14,-6;108,-3,-4;113,-4,-1;114,-75,-33;125,68,25;134,-14,-2;141,-7,0;142,2,-1;151,-5,1;152,2,-6;159,-12,11;160,-3,-17;161,-3,12;171,-15,-8;197,-13,-22;213,4,29;216,-13,-24;224,-10,-4;225,-6,9;235,-1,-3;238,-1,-14;251,-10,3
avenida||raimundo goulart de paiva|centro|36542000|73,-2084752,-4325184;96,-13,-19;103,-12,-6;118,-2,-6;131,-11,-5;140,-2,-8;141,-4,-4;148,-4,-4;158,-4,-7;161,-25,-15;168,19,7;185,-36,-24;232,-22,-33;243,-20,-16;258,2,-2;263,-9,-8;275,-4,-6;288,-12,-14;298,-5,-9;308,-5,-2;315,-13,-1;327,5,-10;328,-10,-9;341,-5,-9;350,-5,-2;360,-2,-2;367,-9,0;376,0,-10;397,-14,-33;405,-8,12;418,-14,-15;427,-2,6;428,-4,-11;450,-7,-7;459,-15,-9;464,13,7;479,-17,-17;494,-7,-12;499,-4,-3;504,-1,-3
beco||domingos rivelli|centro|36542000|11,-2085292,-4324806
corrego||da gloria|rocinha|36542000|4,-2088143,-4326168
corrego||da mata|mata de sao pedro|36542000|1,-2083553,-4318262
corrego||do mato|mato dentro|36542000|3,-2083706,-4317676
estrada|padre|do corrego|corrego do padre|36542000|19,-2091747,-4322522
estrada|santa|catarina|corrego mae dagua|36542000|835,-2085292,-4324840;843,-11,-5;857,-3,-8;867,-6,-10;887,-11,-23;901,63,-81;903,5,-15;911,7,-4;915,20,-22;921,-15,16;929,-58,74;939,2,-6;947,6,-18;957,11,-6;967,-28,81;1035,83,-146;1043,11,-5;1059,-6,-9;1073,18,-21
estrada|santa|catarina|santa catarina|36542000|3,-2085782,-4327089
estrada||bras pires a senhora de olivei|rancho fundo|36542000|5,-2084006,-4324750
estrada||bras pires ribeirao|fazenda faisca|36542000|480,-2091407,-4324289
estrada||cachoeira|ribeirao de santo antonio|36542000|1,-2091115,-4325992
estrada||da varzea|vargem|36542000|2,-2083390,-4323096;6,120,304
estrada||do ribeirao|corrego do padre|36542000|7,-2091421,-4322932
estrada||do ribeirao|marimbondo|36542000|2,-2095453,-4323161
estrada||do ribeirao|ribeirao de santo antonio|36542000|5,-2090763,-4323702;6,-63,-32
estrada||do sertao|sertao|36542000|13,-2084619,-4321476;144,-60,231
estrada||indo para posses|ribeirao de santo antonio|36542000|1,-2092329,-4325297;6,-546,-848;7,-377,-357;10,-507,-740;15,-1197,32;17,-80,408;18,11,-61;19,-13,-15;21,277,-344;23,-435,-434
estrada||ladeira|ladeira|36542000|16,-2084491,-4329610
estrada||malacacheta|malacacheta|36542000|6,-2081897,-4325180;11,81,-70
estrada||marimbondo|marimbondo|36542000|3,-2095452,-4323228
estrada||para mata|centro|36542000|51,-2084686,-4325418;391,-27,305
estrada||para o ribeirao santo antonio|ribeirao de santo antonio|36542000|8,-2092898,-4327256
estrada||para ribeirao|beco|36542000|2,-2090281,-4321866;3,69,-180;11,165,53
estrada||para ribeirao|caete|36542000|7,-2089542,-4322551;8,-24,-19;9,-25,-153;11,-21,-4;13,24,5
estrada||para ribeirao|marimbondo|36542000|1,-2095472,-4322698
estrada||para ribeirao|sao pedro|36542000|4,-2088341,-4321546;5,14,8
estrada||para senador|corrego da areia|36542000|2,-2086648,-4322698;3,-32,-135;4,74,-40;5,-21,170
estrada||para senador|corrego das almas|36542000|6,-2086046,-4322814
estrada||posses|ribeirao de santo antonio|36542000|11,-2094157,-4327017;12,-246,-114;14,-427,-138;20,-33,69;22,-113,-155;24,-204,-341;25,-76,-3;26,-12,11;27,-156,341;30,66,-139;31,51,-73;33,27,-576;34,206,704;35,71,34
estrada||principal para ribeirao|abismo|36542000|2,-2087348,-4323540;3,-24,95;5,-47,125;7,-1,-482;8,-449,-55;9,53,-53
estrada||principal para ribeirao|corrego das almas|36542000|7,-2086094,-4322960;12,-309,-449
estrada||principal para ribeirao|fazenda faisca|36542000|1,-2091483,-4324378;480,76,87
estrada||proximo a ribeirao|ribeirao de santo antonio|36542000|16,-2091529,-4324623;17,16,-4
estrada||rocinha|ribeirao de santo antonio|36542000|1,-2090747,-4324908;2,7,-53;3,-8,-41;4,-42,-1;5,142,663;6,-9,117;7,-108,-472
estrada||santo antonio|ribeirao de santo antonio|36542000|6,-2084910,-4318057;24,-788,-345;25,-25,-16;26,8,-17
fazenda|sao|joao da fortaleza|sao joao da fortaleza|36542000|2,-2085665,-4325156
fazenda|sao|jose do porto|campo belo|36542000|8,-2087074,-4327836
fazenda||do itajuru|itajuru|36542000|14,-2083475,-4316275;19,-135,-54
fazenda||faisca|fazenda faisca|36542000|1,-2091710,-4323854;2,89,32;3,62,-150
fazenda||varzea|varzea|36542000|25,-2084358,-4323476;62,83,-1
loteamento||bela vista rua a|centro|36542000|19,-2084472,-4324243;69,-83,-35;131,85,135;151,9,26;285,-20,-141;345,9,-44;355,26,-25
loteamento||bela vista rua c|centro|36542000|45,-2084445,-4324222;55,-7,4
loteamento||bela vista rua e|centro|36542000|45,-2084724,-4324387;59,198,68;60,3,11;265,21,38;275,18,-3
loteamento||bela vista|centro|36542000|81,-2084414,-4324242;91,5,10;131,-1,22;141,1,12;151,-6,8;161,-3,12;542,-10,51
lugarejo||brejo|ribeirao de santo antonio|36542000|1,-2095591,-4326276;2,54,-38;3,93,-53;4,-78,166;5,230,587;6,98,-154;7,8,43;8,29,-13
lugarejo||caatinga|caatinga|36542000|12,-2090397,-4323807
lugarejo||cachoeira|ribeirao de santo antonio|36542000|2,-2091123,-4326051;9,-2072,-681
lugarejo||posses|ribeirao de santo antonio|36542000|13,-2094841,-4327262;23,-186,-187;28,-384,52;29,-27,-34
lugarejo||soledade|ribeirao de santo antonio|36542000|2,-2092572,-4325637;4,24,293;5,-843,-558
praca|capitao|vilela|centro|36542000|10,-2084768,-4324385;34,3,17;44,-4,-24;76,1,-13;82,-8,4;92,-1,0;112,-18,18;122,-6,16;126,5,-14;130,5,17;140,-8,14;144,4,-11
praca|sao|vicente|centro|36542000|5,-2084733,-4324731;6,-6,11;9,-74,-65;48,79,35;120,-52,-23;132,-18,-10
praca||joaquim cardoso dias|centro|36542000|22,-2084790,-4324579;161,-32,13;175,-20,-25;201,6,20;391,19,14
praca||neca umbilino|ribeirao de santo antonio|36542000|100,-2091851,-4324447;106,9,19;126,-7,15
rancho||vai e volta|centro|36542000|353,-2084305,-4324662;363,7,-1;366,4,-1;397,20,-2;398,-1,3;401,13,-20
rodovia||mg 124|goncalves|36542000|7,-2087175,-4320075
rodovia||mg 124|martins|36542000|4,-2087948,-4319754
rodovia||mg 124|moreira|36542000|6,-2087732,-4320100;12,146,3167
rodovia||mg 124|ribeirao de santo antonio|36542000|11,-2083882,-4317091;12,-1251,1110;15,-553,-766
rua|capitao|agostinho|centro|36542000|21,-2084638,-4324598;37,26,-2;48,10,3;53,12,-8;69,7,4;79,8,-5;89,13,8;92,7,8;95,9,-10;102,-1,19;105,-3,-11;112,12,0;117,0,-5;125,6,-5;139,12,-16;144,6,22;150,-3,0;154,17,6;155,-7,-14;167,8,-1;171,14,7;173,-17,-4;206,39,10;207,6,-8;218,-3,-2;221,31,-6;228,-23,18;230,11,-14;240,7,10;241,5,-14;248,6,-2;258,8,-9;261,6,9;271,7,-2;278,5,4;281,3,-6;283,-1,-21;286,20,17;297,-7,-19;307,7,15;317,8,-10;324,-26,13;325,36,-20;334,8,0;342,8,5;350,-131,37;354,157,-29;364,1,-11;374,2,-6
rua|conego|pinto|centro|36542000|9,-2084844,-4324467;19,-6,-17;29,0,-7;35,-7,-12;40,-5,-13;55,-6,-10;87,0,-2;88,-17,-31;97,-22,0;98,22,-5;164,-34,-25;173,-34,-6;186,-5,-19;196,0,0;206,-21,14;207,29,4;226,-41,-10;250,-18,0;252,-16,-10;254,-18,8;256,-9,13;264,-69,-4;270,15,8;274,-10,0;282,-16,12;301,56,-2;321,-15,-2;351,-17,21;367,-32,-20;368,-6,-12;405,-10,6;420,-4,-8;425,-12,-5;428,1,-3;430,-3,-12;435,-5,12;442,0,-22;454,2,-13;460,-3,-2;476,-2,-22;480,-4,-2;482,3,-7;517,-18,-31;696,-10,-37;716,9,-15
rua|coronel|soares|centro|36542000|14,-2084757,-4324331;15,-9,-7;27,18,10;40,18,0;41,-6,-4;42,-8,18;55,23,-16;56,-9,4;58,11,4;61,9,-8;71,150,55;78,-157,-53;82,16,7;94,16,5;99,2,4;111,12,-14;115,5,12;116,-5,8;125,19,-4;128,-50,-17;131,45,17;143,349,427;144,-342,-423;156,20,9;175,38,-4;177,12,-41;190,-21,54;192,-7,-2;206,19,5;219,19,-51;228,-3,55;246,12,22;266,14,6;276,6,10;286,6,-3;298,5,7;299,-12,5;301,33,3;315,-11,21;323,-4,-6;329,16,18;346,-9,26;363,8,4;456,5,79
rua|major|felicio|centro|36542000|13,-2084761,-4324419;14,9,0;26,-2,-5;37,17,-15;41,-11,-5;51,-2,-11;54,11,-1;57,4,-13;58,1,4;62,-7,-4;67,3,0;80,9,-11;83,-10,3;90,16,-18;91,-35,69;107,41,-91;112,6,17;115,-2,-22;116,-3,20;118,2,-9;128,-9,-13;136,18,-9;137,-15,6;146,20,-16;169,-12,32;188,37,-60;196,16,8;197,-10,-6;206,15,-1
rua|professora|bernadete lurdes de lima|centro|36542000|21,-2084715,-4325489;82,0,9;92,-11,-11;191,3,1;197,17,0;206,4,8
rua|professora|maria da conceicao rivelli|centro|36542000|30,-2084698,-4325335;31,-47,-114;41,5,-13;51,-1,-5;60,-8,129;61,8,-137;70,-16,129;71,16,-138;72,3,8;82,5,-8;122,5,-41;144,3,-21;150,2,-10;160,1,-17;174,-32,201;175,34,-226;185,18,-19
rua|professor|cicero galindo|centro|36542000|15,-2084868,-4324384;16,1,-4;53,3,-30;56,16,-10;57,-18,3;63,6,-5;64,13,-3;68,-23,66;78,29,-82;79,-19,14;88,26,-41;91,-18,30;108,23,-43;128,1,0;138,-30,64;141,21,-61;147,-1,-14;148,19,-29;151,-14,28;158,13,-10;159,-16,25;161,10,-24;171,0,-11;180,-41,129;181,46,-140;381,4,-9
rua|santa|cruz|centro|36542000|11,-2085222,-4324782;14,-58,40;18,39,-39;20,-42,39;26,16,-6;27,-12,6;28,38,-40;32,-53,46;34,53,-46;35,-56,47;45,-6,3;48,-2,-4;56,-5,1;68,-9,-1;78,0,8
rua|santa|rita|centro|36542000|32,-2084960,-4325373;41,-14,12;51,-8,5
rua|santa|terezinha|centro|36542000|35,-2084928,-4325333;36,-13,9;42,-1,4;45,6,-3;71,-10,15
rua|tenente|leopoldino|centro|36542000|19,-2084808,-4324403;29,-18,-1;30,-6,0;41,-11,2;53,-6,0;58,0,-2;59,-12,3
rua|vereador|geraldino henriques|centro|36542000|28,-2084933,-4325406;48,23,-1;124,102,11;154,28,6;328,-151,-2
rua|vereador|jose marques vieira|centro|36542000|3,-2084593,-4324530;13,15,-11;16,25,-8;23,-47,45;29,31,-40;32,3,-4;39,86,-7;43,-126,74;51,0,31;53,53,-96;54,-56,53;63,70,-52;71,14,-9;78,-3,4;79,2,-10;88,8,12;91,1,-1;114,-118,169;125,156,-170;138,15,7;143,-2,-9;148,2,-7;159,3,4;162,14,-5;179,3,-8;189,17,4;208,18,5;215,6,3;225,0,-11;274,21,-5;277,27,-15;289,10,1;301,8,-4;309,15,-22;310,-10,23;327,12,-8;337,10,-2;344,-4,4;347,6,-9;353,10,9
rua|vereador|norival francisco hermenegildo|centro|36542000|232,-2084908,-4324673;235,5,3;255,-3,-18;256,5,32;265,-5,-42;282,4,-16
rua||2|centro|36542000|1,-2084616,-4324913;11,4,-16;26,3,-9;36,0,-5;64,-8,-65;67,6,6;74,-1,6;77,1,-3;94,-5,-20;127,13,-20;139,-9,9;292,-4,-22
rua||3|centro|36542000|135,-2084839,-4325071;145,4,3;155,-12,-2;165,-14,1;195,-23,12
rua||alcides procopio de sousa|ribeirao de santo antonio|36542000|24,-2091878,-4324680;25,-12,0;34,-10,-2;114,50,11;134,15,-1;170,-30,-4;214,-32,-10;224,-15,-5
rua||almerinda eduarda de jesus|ribeirao de santo antonio|36542000|280,-2091903,-4324676;284,-8,46;288,-3,8;296,-3,10;298,3,-16;300,0,32;304,9,-63;318,-15,63;330,-4,3;342,-10,17
rua||antonio antao de sousa|ribeirao de santo antonio|36542000|5,-2091824,-4324406;13,-9,15;20,18,-46;33,-19,62;113,1,-4
rua||antonio egidio cabral|ribeirao de santo antonio|36542972|1,-2092056,-4324479
rua||antonio faria|centro|36542000|2,-2084625,-4324889;6,2,7;10,4,7;22,7,21;26,4,5;32,6,11;35,-8,-32;38,0,48;54,16,16;55,-9,-42;64,14,44;65,-8,-30;69,-2,2;71,10,20;75,2,4;78,5,8;85,7,0;94,10,13;95,0,-4;104,8,18;124,8,3;154,27,-3;179,20,-4;194,24,9;216,19,-5;248,31,0
rua||antonio fernandes|centro|36542000|1,-2085222,-4324788;19,562,187;24,-11,-2;25,-37,-1;34,27,1;44,-4,-3;53,-21,6;54,35,-2;61,-106,1;64,74,-10;73,-16,9;104,-24,-5;115,-6,6;129,-23,0
rua||antonio honorio de oliveira|centro|36542000|11,-2084797,-4324149;14,-15,-15;63,12,43;73,-71,135;82,56,-138;92,-3,-4;102,3,6;105,-7,9;118,-17,18;125,16,16;126,-37,7;135,29,-7;150,-31,18;189,-22,9;199,6,15;203,10,63;220,-23,-28;311,-70,32;331,-5,11;341,-9,14;347,-12,15;351,21,112;357,-35,-101;369,8,99;381,-53,-99;387,0,5;485,-56,44;497,-11,17;527,-11,10;531,-6,16;543,-8,4;555,-24,24;565,5,8;577,-14,7;583,-7,20;593,-8,14;603,2,4;627,8,17;653,-42,17;708,40,-114;710,5,27;758,-61,37;851,48,113;860,-90,-1;871,12,11;881,7,13;887,-12,33;892,-32,41;907,4,11;914,-14,5;917,16,1;944,-22,14;954,-4,14;971,-2,18;996,0,-11
rua||antonio monteiro|centro|36542000|18,-2084804,-4324332;24,-4,9;34,-3,7;44,-3,12;54,-10,19;67,-35,-10;82,50,26;156,29,-46
rua||a|centro|36542000|5,-2084355,-4323767;11,-18,-13;33,5,1;49,16,10;72,21,33;142,16,37;162,16,14;172,7,17;192,2,7;202,6,13;212,4,9
rua||bom jesus|centro|36542000|7,-2084982,-4325360;19,-20,-22;20,8,8;29,-12,-6;30,4,-4;57,-19,-20;60,2,1;75,-15,-16;90,-4,-5
rua||cezar silverio alves|centro|36542000|15,-2084739,-4325096;25,-4,-1;55,-27,6;65,-2,3;75,-18,2;105,-14,13;115,-15,-2
rua||cormary vidigal da silva|centro|36542000|10,-2084683,-4325278;63,-177,-126;73,8,4;103,25,-3;113,9,1;123,13,-5;143,18,13;163,40,0;204,22,7
rua||c|centro|36542000|20,-2084752,-4325116;23,-41,-7;25,26,1;30,1,-3;42,-44,3
rua||domingos rivelli|centro|36542000|5,-2084651,-4324605;6,1,0;11,-577,-179;37,570,155;38,-3,-4;40,-412,-102;47,411,101;48,-2,-6;55,-11,-11;60,8,2;64,-3,-3;72,-3,-5;74,-3,-11;83,-10,-8;86,7,7;90,5,-18;93,5,30;106,-21,-25;120,7,4;125,-21,-13;135,-13,2;143,-8,-8;147,-2,2;153,-13,-13;161,0,-2;196,-73,-36;206,-2,8;238,24,4;244,5,15;255,-41,-38;258,-394,-33;264,384,36;268,68,30;269,-77,-18;277,-8,-4;280,-5,-4;284,-3,1;287,7,2;288,102,28;298,-122,-29;304,-8,4;317,-10,4;327,-4,-3;347,-16,-1;356,-21,-1;367,5,1;377,-8,0;382,-9,1;396,-17,5;397,5,1;398,5,-5;409,-12,6;414,-19,2;418,5,-5;427,-9,3;438,-13,-2;448,-11,2;466,-14,3;471,1,0;492,-25,-3;518,-12,1;530,-3,-1;544,-26,3;547,3,9;550,-11,-8;554,-7,-1;555,-5,7;564,-6,-2;600,-33,-2;645,-13,5;655,0,-5;665,-9,-3;695,-35,-28;771,-37,-42;773,-15,-10;775,8,7;787,-15,-11;797,-10,-12;809,0,3;817,-10,-5
rua||domingos rivelli|corrego mae dagua|36542000|810,-2085268,-4324827
rua||dorvalino de barros|centro|36542000|55,-2085058,-4324662;251,-1,-8;258,-15,63;601,2,-17;615,0,4
rua||dorvalino vicente de barros|centro|36542000|152,-2085078,-4324602;507,36,-115;517,-6,15;552,-10,20;556,-3,15;562,-4,0;588,-1,23;598,-4,12;604,0,8;614,-27,11
rua||d|centro|36542000|10,-2084400,-4323779;13,-112,131;29,88,-110;30,-5,-12;39,0,52;42,5,-36;82,-19,26;90,-9,10;93,7,-7;95,-12,6;98,4,-2;100,-10,5;110,-4,4;115,3,14;140,-18,8;160,-11,2;161,-4,14;180,-8,3;190,22,-13;199,-13,18;210,-30,13
rua||fernando rocha|centro|36542000|18,-2084501,-4324574;29,5,-6;39,6,18
rua||firmina alves cardoso casemiro|ribeirao de santo antonio|36542000|12,-2091301,-4324301
rua||firmino fidelis|ribeirao de santo antonio|36542000|10,-2091820,-4324543;12,-5,-55;17,0,-26;20,3,77;22,-5,22;30,4,-35;32,1,41;40,0,-49;60,-8,-87;62,16,1;63,2,-36;72,0,30;82,-1,-14;100,-12,94;124,2,-83;460,-4,136;470,-1,-10;480,1,-21;6432,5,-62
rua||francisco custodio da silva|centro|36542000|6,-2084638,-4324914;10,10,-8;25,-68,5;49,14,6;50,11,1;80,32,-10
rua||geraldo honorio de oliveira|centro|36542000|28,-2084740,-4324392;30,13,3;99,224,91
rua||hortencio vilela|centro|36542000|35,-2084778,-4324309;47,-5,12;63,3,27;64,-15,-3;75,11,21;84,-4,13;103,-5,10
rua||joao batista rivelli|centro|36542000|145,-2084958,-4324198;155,4,-5;172,111,-11;180,-148,44;210,-24,1;230,-16,-10;290,-36,-61
rua||joao da cruz nunes|centro|36542000|5,-2084796,-4324426;23,1,-12;28,1,-5;29,-5,6;35,0,-1;36,5,-5;46,-1,-13;47,-15,-6;50,-409,-328;59,418,330;73,2,-7;89,3,4;130,-7,-46;140,-2,-25;150,-2,-18;160,5,-5;235,-23,-71;255,-6,-26;258,11,-10;267,-1,6;268,-1,-15;277,-5,5;278,5,-9;281,-3,-2;287,-9,-17;288,38,8;297,-27,-13;298,6,6;307,-9,-4
rua||jose alves magalhaes|ribeirao de santo antonio|36542000|4,-2091886,-4324477;7,44,7;16,-8,-4;22,-5,-2;32,-12,0;47,-24,2;52,-4,-3;62,-1,51;66,-83,-67;72,63,20;74,77,6;82,-86,-8;92,-10,26;110,-14,-44;120,-5,-2;125,-10,4;130,0,-5;138,-27,-4;144,-21,-5;150,-28,-1;160,-17,6;163,8,1;170,-13,-9;180,-12,2;200,-11,-3;210,-9,2;240,-27,-6;250,-10,-4;270,-18,1;280,-25,-28;290,11,28;330,-57,5
rua||jose alves magalhaes|ribeirao de santo antonio|36542972|175,-2092058,-4324498;185,-10,-6;255,-79,-6;295,-27,0;307,-12,-9;317,-6,3;327,-9,0;337,-5,4
rua||jose colombo rivelli|centro|36542000|16,-2084719,-4325020;22,-102,226;26,5,2;30,50,-80;47,-24,51;110,15,-46;120,12,-8;140,16,-7;159,31,-10;176,-8,-13;207,5,-18;235,0,-41;251,2,-12;261,-3,-9;293,1,-41;398,-9,-125
rua||jose domingos da silva|ribeirao de santo antonio|36542000|10,-2091755,-4324581;20,-8,-1;22,-65,-23;30,60,17;65,-10,-14
rua||jose francisco da silva|centro|36542000|3,-2084578,-4324870;11,-34,-33;15,39,42;21,-38,-32;30,157,115;50,-137,-98;80,29,25;100,18,15;110,0,2;120,20,24
rua||jose leles da silva|centro|36542000|51,-2084276,-4323700;59,20,-1;69,7,-5;107,39,28;157,66,12;169,-22,23;181,15,0;191,13,13;205,26,1;215,-1,12
rua||jose lopes primo|centro|36542000|12,-2084792,-4324468;22,4,-5;32,9,-15;50,-4,0;52,8,-16;55,-5,-12;57,9,-12;74,-3,-10;76,5,11;88,7,-15;100,15,-58
rua||jose vitor miranda|centro|36542000|29,-2084831,-4325231;104,-69,18;135,-52,13;175,-34,8;185,-9,2;195,-7,1
rua||jovelina maria nogueira|ribeirao de santo antonio|36542000|346,-2091911,-4324598;350,5,12;360,12,-6;380,7,11;400,5,5;408,17,0;412,2,1;424,15,12
rua||julia moreira|centro|36542000|9,-2084674,-4324549;19,-2,13;42,12,7;47,10,-2;52,3,5;56,2,15;57,1,-11
rua||lordimira dias cardoso|centro|36542000|40,-2084782,-4325445;80,61,7;81,11,11;90,-19,-4;151,-46,-7
rua||maria dos remedios quintao riv|centro|36542000|15,-2084700,-4325034;16,-13,1;25,17,5;37,16,8;45,4,-1;53,10,-6;61,13,-2;71,9,2;81,1,2;84,6,1;97,6,1;103,-17,-1
rua||maria francisca cabral|ribeirao de santo antonio|36542000|11,-2091794,-4324575;15,-6,4;25,14,1;35,-1,3;40,-14,-10
rua||maria sebastiana de faria|centro|36542000|18,-2084672,-4324944;22,1,1;23,4,11;33,-1,-11;40,-3,-23;43,3,23;50,-1,-36;53,2,13;63,0,-10;73,-1,-6;83,6,-5;98,0,-21
rua||mozart nunes cardoso|centro|36542000|12,-2084834,-4324358;65,-35,2;85,-14,-2;86,9,-28;96,-16,54;97,-16,-39;112,1,-14;123,-16,9;193,-21,-47;209,-8,11;215,22,-20;219,-3,-10;230,4,-12;231,-3,9;240,4,-18;253,-1,0;261,-6,-29;263,-2,-1
rua||oldemiro patricio sousa e silva|centro|36542000|21,-2084828,-4325292;41,17,-2;60,31,-2;70,-7,4;80,-13,2;85,22,-14;214,-63,15
rua||projetada|centro|36542000|14,-2084746,-4325200;25,12,-4;34,14,2
rua||projetada|ribeirao de santo antonio|36542000|53,-2092252,-4324454;63,-9,9;71,8,10;76,-5,20;85,7,-6;86,-2,11;97,1,-2;105,0,12;115,-3,14;118,-6,3;125,0,-1;128,-1,10;135,-10,-4;142,13,14;145,10,2;369,-3,-107
rua||sem denominacao 1|centro|36542000|10,-2085274,-4325013;22,304,-324;54,8,16
rua||sem denominacao 1|ribeirao de santo antonio|36542972|1,-2092081,-4324444;2,6,3;3,10,2;4,71,3
rua||sem denominacao 4|centro|36542000|12,-2084466,-4323659
rua||sem denominacao 5|centro|36542000|15,-2084388,-4323742;43,11,12;53,7,6;63,2,12;73,8,7;83,-2,8;103,4,16
rua||sem denominacao|centro|36542000|8,-2084649,-4325186;59,-155,11;65,1,-3;266,-318,586;270,14,4;276,-17,-17;280,-3,7;630,29,6
rua||vicente magalhaes|centro|36542000|19,-2084984,-4324641;55,-11,-18;166,1,-26;203,-2,-5;204,-4,-6;211,3,-1;214,3,-8;225,-4,-7;231,0,-18;234,6,108
rua||vindilino pedro celestino|ribeirao de santo antonio|36542000|7,-2091804,-4324464;15,11,12;29,19,-3;31,7,8;32,-2,2;35,0,-5;67,20,7;70,-71,-18;72,-1,-1
sitio||boa vista|ribeirao de santo antonio|36542000|2,-2093213,-4324773
travessa|tenente|leopoldino|centro|36542000|78,-2084884,-4324420;81,-10,2;88,4,-8;102,-4,-2;104,-13,0;118,2,5
travessa||domingos rivelli|corrego mae dagua|36542000|1181,-2085168,-4325100
travessa||dorvalino vicente de barros|centro|36542000|24,-2085084,-4324659;36,-10,-2;44,-10,-1;45,5,0;53,-13,-5;57,-3,4;64,-3,-3;502,65,-62;516,-1,16;526,0,19;576,-23,37
travessa||jose colombo rivelli|centro|36542000|53,-2084671,-4325044;311,-43,-2
