acesso||chiador|chiador|36635000|4,-2204367,-4304956
beco|sao|pedro|centro|36630000|38,-2200400,-4305664;40,4,27;42,5,-4;46,23,10;117,-39,-47
beco||maria madalena vieira martins|parada braga|36630000|2,-2204469,-4305866;3,-25,9;4,-10,11;3400,52,-27
beira||rio|chiador|36630000|3500,-2200886,-4296810
estrada|santa|fe|chiador|36635000|48,-2209157,-4314569;82,37,14;88,2,3;108,-15,-14;306,648,194
estrada||chiador|chiador|36635000|5,-2204362,-4304956;30,-44,73;56,-15,32;952,1957,-1204;3864,-1849,499
estrada||dos alpes|chiador|36630000|1,-2192946,-4293959
estrada||mata fria|chiador|36630000|3,-2189215,-4290751;100,498,112
estrada||para penha longa|penha longa|36635000|2520,-2204928,-4306728;2704,158,296;2708,-38,-45
estrada||penha longa|penha longa|36635000|579,-2206100,-4308209;1640,-224,1027;2522,1451,572;2707,43,99
estrada||sapucaia|chiador|36630000|690,-2199380,-4292123
estrada||sem denominacao|chiador|36630000|1,-2191826,-4293008
estrada||sem denominacao|penha longa|36635000|15,-2205722,-4308183;20,-965,485;75,885,416;83,41,-898;108,-228,-1012;115,182,1019;127,-11,1;155,-25,6;187,49,-10;200,-2682,-6207;526,2755,6699;579,-383,-492;660,-238,-664;670,2,33;702,-16,-44;793,505,1439;944,-2755,-6940;946,43,47;956,19,28;1040,149,241;1050,-30,23;1640,2334,6712
fazenda|santo|eduardo|chiador|36630000|615,-2201025,-4305354
fazenda|sao|salvador|penha longa|36635000|75,-2205714,-4307249;1640,-620,68
fazenda||retiro|chiador|36630000|527,-2202346,-4305473;785,-87,-316;825,-12,80
linha||ferrea|sapucaia|36630000|7,-2199062,-4291059;8,5,3;9,-8,-5;10,13,38;11,-35,-114;13,7,41;17,-12,-34;19,-9,-2;21,19,21;23,-2,8;25,-1,-36;27,7,44;28,-20,-55
praca||antonio joaquim da costa|centro|36630000|11,-2200425,-4305679;15,261,43;19,-270,-57;45,2,-3;53,-14,-26;63,-6,-14;79,-5,-13;91,-1,-3;99,-7,-7;117,-9,-27;1864,40,23
praca||juscelino kubitschek|penha longa|36635000|49,-2205722,-4308493;59,-12,15
rancho||serenidade|penha longa|36635000|523,-2205719,-4307685
rua|coronel|virgilio coutinho|penha longa|36635000|5,-2205823,-4308704;87,-2,-4;99,57,114;119,0,-22
rua|dona|santina|centro|36630000|3,-2200200,-4305885;34,-106,104;46,12,-5;56,6,-4;96,43,-14;98,1,0;109,-32,5;111,63,-23;115,4,-6;116,-22,23;119,-7,-8;120,12,5;123,30,-18;126,-25,17;137,38,-20;139,12,-9;140,-2,11;157,18,-13;170,18,-5;256,16,0;268,26,-17;313,7,-14;320,-3,4;321,-1,-14;368,12,6;381,-9,-3;382,33,-14;394,9,-14
rua|doutor|amil alves|centro|36630000|6,-2200105,-4305816;52,53,19;172,-73,-31
rua|doutor|milton rocha|centro|36630000|4,-2200117,-4305780;10,-3,-22
rua|doutor|sergio de oliveira sabino|centro|36630000|5,-2200023,-4305649;17,1,-12;255,4,-5;265,7,-24
rua|engenheiro|lincon machado de miranda|centro|36630000|8,-2200188,-4305779;18,-4,6;28,-11,5;32,-13,12;49,33,10;51,-21,-9;78,-29,24;85,2,16;88,-7,-8;92,0,1;94,1,1;100,-14,2;101,18,13;111,-13,29;124,-15,-26;141,-154,144;144,135,-152;155,6,43;160,-10,-15;165,-2,15;166,-8,-9;179,3,18;180,-16,-3;201,-1,15;241,-107,99;250,69,-76;253,1,11;279,-23,12;281,11,18;291,-14,-4;300,-11,-11;309,10,38;319,-24,-4;329,-13,3;330,8,-7;341,-3,23;351,-8,4;355,-5,-5
rua|engenheiro|pedro costa|centro|36630000|9,-2200253,-4305784;12,-1,6;33,8,5;36,-6,5;39,11,3;49,15,3;53,16,20;77,-14,16;90,-22,-33;96,7,9;112,38,33;113,2,0;121,9,4;131,2,15;138,-11,-6;139,18,8;149,15,-6;150,-27,6;152,-10,18;161,41,-1;170,-12,-1;171,13,6;172,-15,1;181,20,3;193,7,15;198,-18,-4;200,5,19;209,18,-42;213,18,26;223,-4,23;228,-16,-9
rua|padre|athanasio|centro|36630000|7,-2200187,-4305810;19,-1,8;33,16,-5;51,0,22;59,16,18;69,2,-2;70,-9,8;79,1,9;86,8,0;93,4,5;95,-5,0;96,5,-6;100,2,12;103,12,-2;106,-1,13;110,10,3;122,1,7;124,5,5;126,0,0;128,-2,19;130,12,8;150,9,4;200,48,57;253,-13,-32;255,9,18
rua|padre|carlos dondero|centro|36630000|16,-2200347,-4305785;26,-33,-25;32,26,18;42,0,-6;64,-26,-12;82,-8,-7;100,-15,-24;136,-11,-32;138,-15,3;140,9,7
rua|professor|barros|centro|36630000|7,-2200458,-4305642;17,-3,-11;24,-1,-1;26,-6,-7;33,-24,0;42,16,-15;43,-11,1;49,1,-5;58,5,-8;59,-6,-1;62,0,-16;69,-2,8;72,-4,-26;87,-2,16;99,-4,-14;113,-9,-15;129,-4,-11;139,1,-11;145,-4,-8
rua|santa|rita|chiador|36630000|2,-2191331,-4293564;3,43,-62;7,-184,220;11,-86,98;12,-4,-46;14,-18,13
rua|santo|antonio|centro|36630000|1,-2200523,-4305775;17,16,-8;27,-15,12;37,20,-13;55,30,-30;59,10,-13;87,18,-9;131,12,-24
rua|tenente|ademar martins|centro|36630000|12,-2200543,-4305580;20,-4,18;87,159,-148;91,3,4;95,-14,15;133,-24,23;145,-6,11;148,3,-14;161,-17,29;165,7,-12;187,-17,24;188,-15,-25;199,60,-22;201,-72,67;222,9,-17;230,3,1;250,-47,5;251,19,32;265,-9,23;274,-16,-38;340,-34,77;347,16,1;355,-19,31;360,-45,22;361,33,-19;370,2,-13;374,-10,13;378,-7,7;380,-48,44;384,34,-35;523,-69,92;537,-21,-22;552,-24,-38;553,14,44;567,-11,8
rua|tenente|ademar martins|dentro|36630000|3,-2200336,-4305754;19,-6,5;31,-5,8;35,-12,3;41,-4,6;43,9,-2;53,-19,14
rua|vereador|avelino da costa pereira|sapucaia|36630000|10,-2199025,-4291017;24,-61,-161;28,12,59;30,-213,-534;33,246,566;34,1,19;36,10,8;37,-11,26;39,-19,-74;54,-2,4;58,-1,-15;60,-13,-32;62,6,-15;64,-12,-2;98,-19,-64;100,-7,-13;101,-215,-495;103,125,342;104,4,-3;105,-9,-11;106,-7,-7;107,6,-7;108,-1,-8;109,0,-4;110,11,-6;111,-13,15;112,11,-30;114,-3,-4;115,-19,-16;116,0,-8;117,-4,-12;118,-4,-20;119,0,15;120,10,-16;122,-1,-10;124,9,-3;125,-12,26;126,-20,-46;128,-2,-23;130,-40,-102;132,28,87;137,-4,-1;139,-8,-14;208,240,592;209,-14,15;212,-5,-10;243,-251,-678;245,-12,-16;370,-12,-46;371,-9,-22;372,2,-10;373,-16,5;374,20,-24;375,0,-6;377,12,-21;380,-11,0;382,22,-19;384,-5,-19;386,14,-39;1039,190,678
rua||abreu silva|penha longa|36635000|21,-2205839,-4308738;23,-6,0;33,-1,-10;57,-6,-15;59,-1,-6;61,-9,-11
rua||alberto costinhas|penha longa|36635000|36,-2205794,-4308436;55,0,36
rua||ana saldanha de almeida|penha longa|36635000|10,-2205981,-4308599;13,5,-11;46,131,-47;50,34,-18;56,-47,22;66,-1,4;80,-11,7;92,-14,-2;95,-74,20;105,70,-12;120,-8,-2;123,-4,21;125,-14,-14;127,14,23;131,-49,-19;135,21,-4;150,-6,-3;160,-13,-12;192,-12,9;193,6,14;199,-19,12;209,-9,9;282,-13,12;730,79,-51;740,-8,-7
rua||aristides praxedes dias|centro|36630000|1,-2200112,-4305514;3,0,4;103,52,-78;129,9,-7
rua||arnor esteves|centro|36630000|10,-2200377,-4305693;15,13,3;16,-8,-14;18,3,4;22,0,-2;29,8,10;30,-5,3;33,16,-2;34,-8,6;45,9,9;46,-11,-4;55,18,8;59,6,3;68,-5,8;86,9,15;120,28,29;122,3,8;123,3,-11;124,-1,14;130,47,52;141,-40,-59;145,19,-11;151,20,15;156,14,61;161,-11,-51;165,9,3;170,5,50;195,-25,-32;199,11,10;209,3,8;229,6,0;231,-3,9;243,20,-8;245,3,20;261,11,-3;273,14,10;320,4,8;338,30,10;340,-8,8;341,24,-8;342,-14,2;343,32,-22;345,-5,26;347,-57,-22
rua||claudio da costa mattos|centro|36630000|46,-2200257,-4305502;60,-1,2;160,-13,16
rua||correia e silva|penha longa|36635000|1,-2205768,-4308446;5,-21,-6;10,-211,-154;11,26,28;13,158,104;17,-49,-43;18,-5,-5;24,-35,-16;93,87,56;99,-10,-9;139,-16,-7;220,29,-173;230,-79,134;252,-60,-37;254,0,-12;262,-12,14;281,42,30;283,20,0;315,-114,-45;333,-13,-15;347,-1,-2;380,38,22;402,-42,-28
rua||domingos fasciolo sabino|centro|36630000|18,-2200153,-4305540;60,8,-35;80,8,-9;90,12,-5;100,-11,-8;101,64,-89;110,-44,73;120,7,-5;130,1,-3;140,5,-11;144,4,-2;160,1,-18;200,34,-37;215,7,-23;225,18,-29;235,8,-8;252,1,17;311,-144,201;348,23,-26
rua||enio dias da silva|penha longa|36635000|72,-2205757,-4308853;80,-2,-17;90,-8,-5;96,-6,-11;108,-6,-14;110,-14,-26;126,-6,-14;132,-4,-5;156,-15,-29;162,11,24;180,-86,-170;192,65,121;210,-4,-1;227,30,-66;230,-42,41;240,-25,-50;248,-1,1;250,12,22;252,-4,-6;450,-3,-10
rua||etelvina abiate|centro|36630000|3,-2200352,-4305462;9,23,10;33,-39,-47;37,5,7;131,77,65;319,7,2
rua||etelvino vieira|penha longa|36635000|5,-2205834,-4308706;19,-15,-4;21,8,-2;22,11,-8;27,-26,15;40,-98,19;47,87,-9;55,-12,1;60,-203,79;69,195,-77;81,-10,3;87,-3,-3;91,1,0;107,-16,10;137,-23,-12;138,-4,10;151,-8,-2;191,-30,10;195,-14,-3;205,-64,54;263,27,-17;277,-5,12;279,1,-1;317,-44,20;325,-7,6;353,-1,2
rua||hilario ribeiro de carvalho|sapucaia|36630000|42,-2199000,-4291104;46,-12,-26;47,9,37;48,10,-45;50,-16,27;51,-11,-10;107,14,58;207,0,-51
rua||hildebrando goncalves|penha longa|36635000|30,-2205797,-4309129;77,-116,-12;79,13,-4;81,9,5;83,19,2;85,50,3;87,-38,-1;89,7,-2;95,-116,-9;97,21,7;99,8,1;305,90,9
rua||ivany goncalves de carvalho|penha longa|36635000|4,-2205799,-4309079;21,91,193;22,-17,-33;41,9,30;45,2,-12;66,32,3;100,-76,-92;111,13,47;117,0,-16;136,2,-6;137,-9,-2;141,-10,-27;142,11,9;143,-8,-9;146,21,38;160,7,15;166,52,39;170,-33,2;174,-9,-35;175,-2,1;200,-47,-73;206,6,-30;207,-17,-4;217,-12,-9;241,17,15;247,-27,-23;251,-4,-27;253,-7,-7;271,-3,-4;301,-10,-28;305,11,-12
rua||joao braga|parada braga|36630000|2215,-2204359,-4305712;2961,-213,-585;2975,8,2;2981,10,13;3002,5,8;3004,4,10;3005,7,6;3007,-59,-54;3008,39,34;3009,-55,-48;3010,23,25;3012,-16,4;3014,4,-27;3026,68,79;3029,87,158;3030,-81,-150;3032,-3,8;3034,-15,13;3041,40,1;3042,1,2;3061,23,29;3062,-16,-11;3063,8,-13;3064,-7,3;3213,47,114;3239,9,22;3240,17,7;3247,9,13;3257,9,41;3259,-3,-14;3292,-44,-64;3315,-5,-27;3338,62,165;3360,1,13;3362,-7,-11;3376,3,28;3390,-7,20;3399,10,-72;3403,-19,105;3416,-15,50;3417,-2,-20;3418,13,-17;3419,-2,3;3425,-14,-20;3450,18,51;3464,4,33;3468,-4,-24;3494,18,35;3526,8,41;3530,1,21;3540,1,0;3542,-2,-39;3586,20,50;3620,7,8;3621,27,6;3622,-56,-244;3623,57,266;3625,-27,-50;3635,-4,-16;3669,-21,-23;3987,-158,-518;34182,118,436
rua||joao galvao|penha longa|36635000|41,-2205652,-4308919;50,-103,-204;51,101,197;61,-5,-12;81,-21,-9;91,5,-17;109,-7,-18;111,-3,-2;113,-20,-21;225,-36,-86;229,-5,-13;241,100,191;260,-3,-69;265,18,91
rua||joao maquieira|centro|36630000|27,-2200494,-4305825;38,4,-12;74,-22,-25;103,-138,-19;114,113,-30;180,-60,-40;181,9,21;182,-21,-29;200,10,-1;214,-122,-127;220,106,113;230,-1,-1;236,-5,-12;238,10,-10;244,-66,-20
rua||joao martins fernandes filho|centro|36630000|45,-2200437,-4305556;51,-15,-16;55,-16,-27;161,0,-2
rua||joaquim monteiro de carvalho|sapucaia|36630000|8,-2199030,-4291210;9,-16,2;11,-15,2;17,-9,9;18,74,-51;19,-15,22;20,1,-13;21,-24,28;22,-14,9;23,-16,-8;24,-11,12;124,94,-114;126,30,2
rua||jose antonio alves|centro|36630000|5,-2200319,-4305755;29,21,14;30,-32,19;39,22,-33;40,3,23;50,4,9;51,10,-1;60,-6,6;123,64,43;135,-35,-11;138,3,34;140,1,21;150,22,-24;158,4,5;160,-14,-12;165,31,10;172,-5,14;175,9,1;180,-9,14;181,20,-27;186,-7,20;191,4,4;192,-11,4;204,8,6;211,18,4;222,-1,12;223,5,-9;230,2,17;233,9,0;243,4,2;251,3,6
rua||jose furtado de souza|centro|36630000|1,-2200334,-4305567;3,-14,5;35,5,-25;36,-21,96;37,27,-93;39,4,-1;41,9,10;42,-35,90;48,18,-104;54,-7,33;56,-7,6;60,-16,10;61,3,4;64,-24,13;66,-5,9;67,20,-14;68,-24,20;75,53,0;77,-44,-7;79,12,-9;99,-26,20;100,-9,6;125,2,14;275,67,-104
rua||jose meireles|penha longa|36635000|1,-2205640,-4308893;3,-48,26;5,0,2;7,-8,4;9,-45,22;11,7,-4;13,16,-9;15,29,-18;17,-77,44;19,-27,11;21,-18,9;23,157,-84;31,-11,5;74,-68,37;306,-99,49
rua||julio cassin|centro|36630000|210,-2200578,-4305546;212,-16,-25;400,-36,-11;480,-42,11
rua||juvenal ribeiro da silva|penha longa|36635000|15,-2205807,-4308869;17,18,10;29,-8,-2;45,3,12;52,-51,-99;137,-34,-54;143,3,-15;145,56,110;149,5,17;150,-71,-131;161,0,-13;163,-10,-22;181,-8,-10;191,-11,-18;211,-2,-20;215,-4,12;223,-8,-23;235,-5,-5;275,16,15;449,86,174
rua||laudelina cardoso mattos|centro|36630000|22,-2200270,-4305494;34,3,24;40,26,-17;48,7,20;58,6,2;62,12,4
rua||maria da paz resende alvim|centro|36630000|30,-2200494,-4305514;50,9,12;80,3,15;269,-20,-50;271,2,16;297,29,26
rua||mariano ribeiro|penha longa|36635000|2,-2205622,-4308443;3,-201,-329;5,142,287;7,-166,-329;8,206,385;10,12,5;13,-296,-541;15,203,400;21,-81,-169;33,-9,-28;35,6,22;58,114,279;65,-93,-241;77,9,8;102,-94,-213;104,-132,-300;106,7,17;107,13,22;108,278,625;113,2,24;114,4,5;120,5,14;183,-27,-50;230,-232,-485;234,-2,-19;236,-5,-18;240,1,12;242,25,92;244,13,19;252,-46,-132;260,55,154;262,-31,-70;310,94,177;320,-10,-21;322,-25,-52;332,21,54;334,-5,-14;340,-27,-49;360,-52,-99;442,27,61
rua||pedro de carvalho tavares|centro|36630000|151,-2200115,-4305640;161,10,-20;277,-27,65;283,-21,-20;387,16,4
rua||projetada|centro|36630000|1,-2200234,-4305531
rua||projetada|penha longa|36635000|8,-2205759,-4308595;12,236,-111;19,-4,10;32,22,-12;33,-156,64;60,-59,5
rua||sebastiao goncalves de araujo|penha longa|36635000|31,-2205873,-4308925;41,10,-24;54,6,8;55,10,-23;68,-22,21;168,38,-22;170,41,-27;200,27,-9;206,14,-16;210,-87,52;220,113,-62;225,-40,-9
rua||sem denominacao|centro|36630000|15,-2200180,-4305448;73,-55,-27;89,5,1;110,-398,-92;113,-32,63;241,512,58;356,12,-28;500,-505,-69;505,8,-10;507,10,32;509,-22,-9;560,-13,23
rua||sem denominacao|parada braga|36630000|3227,-2204448,-4306010
rua||sem denominacao|sapucaia|36630000|156,-2199287,-4291696
rua||wilson itaboray|penha longa|36635000|8,-2205589,-4308728;17,-76,29;25,-86,42;56,-5,-3;70,192,-85;95,-200,81
sitio|sao|jose|chiador|36630000|361,-2203846,-4305369
sitio||bela vista 1|chiador|36630000|19,-2194502,-4295050
sitio||boa vista|chiador|36630000|5110,-2197753,-4302958
sitio||campo limpo|chiador|36635000|800,-2204669,-4305350
sitio||chiador mirim|chiador|36630000|600,-2203791,-4304869
sitio||horizonte|chiador|36630000|399,-2200943,-4300196;400,45,11
sitio||humaita|chiador|36630000|17,-2199305,-4303729
sitio||limeira|chiador|36630000|404,-2200871,-4299842
sitio||mirim|chiador|36630000|600,-2203772,-4304944
sitio||piloes de baixo|chiador|36630000|99999,-2201391,-4304629
sitio||santana|chiador|36630000|1016,-2203479,-4304800
sitio||sonho meu|chiador|36630000|19,-2201172,-4300423
