acesso||santuario bom jesus de matozinhos|centro|35858000|15,-1903160,-4342444
acesso||sitio sossego|centro|35858000|680,-1904365,-4342651
aglomerado||tabuleiro|tabuleiro|35860000|340,-1906016,-4353190
aglomerado||tijucal|tijucal|35860000|143,-1915535,-4348040
alameda||beira rio|centro|35858000|20,-1901948,-4344777;31,56,-91;62,9,-3;71,-8,51;84,-6,-42;97,-1,48;98,-5,-32;108,-5,20;119,-1,8;144,-5,11
alameda||francisco de oliveira matos|centro|35858000|1011,-1904409,-4342388
alameda||santuario bom jesus de matozinhos|centro|35858000|15,-1903157,-4342346
alto||cruzeiro da cava|tabuleiro|35860000|1273,-1905806,-4353361
area||rio preto|tabuleiro|35860000|38,-1905588,-4353238
avenida|mestra|madalena|centro|35858000|2,-1903052,-4342260;22,12,-8;32,-3,-6;36,8,0;44,9,-5;50,6,-5;62,19,3;70,3,-8;82,2,-4
avenida||getulio vargas|centro|35858000|8,-1903738,-4342443;22,2,11;33,2,10;59,24,18;60,7,23;72,-24,-35;84,11,14;96,4,4;128,20,25;150,9,17
avenida||juscelino kubitschek|centro|35858000|3,-1903759,-4342481;8,84,8;11,-81,-8;19,11,0;21,9,5;43,55,-4;53,-18,-14;56,-12,19;61,417,-60;78,-412,59;80,15,2;83,0,-8;87,13,-7;96,2,21;123,32,-12;133,11,1;142,-7,8;152,19,1;155,-2,-7;162,4,1;167,9,3;170,-5,5;171,17,-10;172,-4,6;181,10,-14;185,13,10;187,23,-10;190,-31,9;195,37,14;200,-31,-7;275,51,-16;313,33,-3;384,70,16;406,47,-11;431,6,-11;432,0,6;435,16,-14;439,6,-7;471,22,-3;472,10,1;481,2,-4;482,-2,7;493,13,-18;494,-101,51;498,100,-48;503,5,-7;512,8,2;524,8,-6;525,18,-7;582,14,-20;600,22,-17;609,22,-19;610,-3,15;670,79,-169;680,-22,124;690,10,-13;700,47,-31;781,12,-13;797,5,-5;810,7,12;838,22,-29;860,22,-29;871,3,6
avenida||por do sol|centro|35858000|1,-1901949,-4344726;2,10,-1;19,-22,-33;25,5,-12;41,-4,-10;55,-3,-6;73,4,-15;105,-21,-8;115,6,-16;116,33,10;126,-3,-25;130,-6,10;135,-34,-14;136,9,2;140,-10,-6;142,-8,2;145,-2,5;146,-3,-14;155,-5,12;165,-11,-9;166,-2,-2;190,-24,4;204,-7,-8;215,-13,14;218,0,-4;223,-20,8;230,7,-7;240,-9,1;252,-21,2;261,-1,10;285,-19,7;286,3,-15;297,-13,12;304,-9,-8;317,-9,11;322,-5,-15;327,-13,6;339,-6,-2;340,-4,-5;345,11,8;351,-20,1;361,-15,1;368,15,-7;378,-15,1;379,-13,2;412,-14,-9;468,-92,-16;469,97,24;470,-23,-12;481,7,11;484,-19,-12;486,-74,-12;495,80,18;501,-2,-1;519,-17,-6;520,-32,-2;525,24,4;541,-19,-3;551,-12,-2;567,-21,-2;580,-7,-6;598,-42,-12;601,32,13;602,-40,-30;604,-28,-36;606,9,24;608,-20,-47;610,-10,27;640,-58,-19;663,148,82;770,-78,-58;780,-52,-14;790,6,4;800,15,-1;812,3,-28;820,-34,27;825,30,9;831,-11,14;835,-10,-16;845,-7,0;860,-35,-17;861,5,15;870,-10,-28;875,-6,12;885,-4,-4;890,-1,-28;900,-8,-23;901,-2,40;902,-37,-79;1000,-71,-51;1110,-122,23;1126,-49,29;1129,-3,0;1168,-40,9;1191,-10,12;1200,5,-12;1240,-26,-2;1250,-60,-17;1255,-35,-1;1300,18,-4;1310,-27,-2;9008,420,-25
avenida||rio branco|centro|35858000|6,-1903940,-4342348;10,-11,6;22,6,12;30,-3,16;38,6,0;40,-4,11;46,-8,10;47,29,9;57,-2,-10;67,1,14;68,-8,16;81,10,-5;88,-4,8;93,-19,24;102,19,-6;105,35,-13;112,-28,20;115,11,4;118,-9,6;124,1,15;125,10,-15;130,35,-14;133,-35,23;143,-1,15;159,7,1;246,-60,-76
beco|doutor|brina|centro|35858000|69,-1902213,-4344604;86,2,-5;88,-2,9
beco|santa|clara|centro|35858000|230,-1903811,-4343045;232,0,-13
beco|tabeliao|zenito moreira|centro|35858000|207,-1903548,-4342847;221,1,21;229,6,5
beco||cemig|centro|35858000|33,-1902732,-4342220;220,47,25
beco||do cuiaba|centro|35858000|241,-1903745,-4342831;263,-11,-18;291,-21,3
beco||do mozart|costa sena|35860000|65,-1867167,-4366242;84,36,-10;90,138,-37;93,23,-8;94,20,-6;95,9,7;96,-75,16;97,2,4;130,34,-24;279,-177,62;302,-14,0;322,-13,5
beco||do sol|centro|35858000|54,-1902485,-4344976;75,7,-24;102,-3,-9;266,-25,-149;780,31,156;810,1,17
beco||do vintem|centro|35858000|5,-1904022,-4342248;13,-8,23;17,9,7;18,-3,-2;20,1,5;140,8,-135;160,-3,2;240,-20,105;260,14,6
beco||euripedes guimaraes|centro|35858000|3,-1903693,-4343010;95,8,15;100,-20,12;111,6,-32;115,0,-2;116,0,9;120,-2,-10;133,6,-19;136,-9,-8;139,1,-4;151,10,17
beco||gurita|do rosario|35858000|10,-1903177,-4342841;13,1,1;15,3,-5;84,-9,7
beco||joao lolo|centro|35858000|77,-1905161,-4341892
beco||joaquim costinha|centro|35858000|44,-1903458,-4343026;51,9,-2;58,-1,-15;67,-7,-12;68,-6,11;69,-1,7;71,-3,-21;73,-4,-13;84,0,9;88,-7,-15;91,-4,-4;125,-15,-14;134,0,-14;167,-9,7;181,-13,-13;196,3,1;199,-10,-9;210,-17,-7;213,-1,-56;220,-4,47;243,-6,-73;335,-3,-26
beco||jose tereco|centro|35858000|19,-1903684,-4343163;36,5,-5;51,-11,2
beco||leoterio barbeiro|centro|35858000|15,-1904058,-4341727;40,3,5;50,-2,14;65,-1,12;73,-10,12;80,5,3;85,-6,11;180,9,-20
beco||levi milo|caetano|35858000|147,-1903621,-4343135;150,4,37
beco||matozinhos|centro|35858000|24,-1902722,-4342559
beco||matozinhos|matozinhos|35858000|1,-1902727,-4342569;21,5,10;25,7,3;29,-2,12
beco||olimpio guimaraes|centro|35858000|460,-1903787,-4343350;462,-8,-26;490,-5,20;500,-12,-20;636,27,6
beco||olinto carlota|centro|35858000|179,-1903609,-4343117
beco||santana|santo antonio do norte|35860000|30,-1880661,-4351256;37,-18,-31;40,10,6;72,39,12
beco||sem denominacao|centro|35858000|205,-1903531,-4342843;206,7,5;207,-18,-9;208,14,8;210,-13,-9
beco||semeao|itacolomi|35861000|24,-1900040,-4351848;25,6,-35;26,-1,14;48,17,-8
beco||teodoro|sao sebastiao do bom sucesso|35862000|32,-1892396,-4340116
beco||teresinha romano|centro|35858000|10,-1902446,-4344624;20,1,12;30,7,-1;40,-11,25;48,16,-33;52,-4,45;421,40,-54
beco||tristao|centro|35858000|21,-1903395,-4342539;75,17,40;100,11,29;109,-5,-3;128,6,11;129,4,9;131,-4,4;134,12,0;139,3,32;159,-1,2;356,-56,-152
beco||ze de amanda|centro|35858000|2,-1903994,-4342378;14,-2,1
corrego||cachoeira|cachoeira|35860000|10,-1915944,-4321986
corrego||da luz|costa sena|35860000|5,-1870227,-4380342;9,963,831
corrego||da tereza gomes|costa sena|35860000|1,-1871651,-4367690;3,54,-378;5,695,-12
corrego||diamante 2|diamante|35860000|5,-1916898,-4325114
corrego||dos torroes|costa sena|35860000|2,-1870570,-4368522;15,-607,-484
corrego||frio|corrego frio|35860000|4,-1882181,-4352512
corrego||joao fernandes|costa sena|35860000|6,-1867501,-4379211
corrego||joao fernando|costa sena|35860000|4,-1867712,-4379246
corrego||monjolos|centro|35858000|6,-1916675,-4314787
corrego||onca|centro|35858000|7,-1914955,-4319385
corrego||sao joao|corrego sao joao|35860000|6,-1903999,-4329982
corrego||taquaral|taquaral|35860000|10,-1914537,-4326738
corrego||tijucal|tijucal|35860000|143,-1915614,-4347862;144,1608,213
corrego||xavier|costa sena|35860000|2,-1871755,-4378716
distrito||campo redondo|tres barras|35858000|135,-1915107,-4351780
distrito||serra dos teotoneos|tres barras|35858000|137,-1913324,-4351241
distrito||tres barras|tres barras|35858000|40,-1908528,-4349230;46,636,1820;50,-566,-1829;73,30,56
entrada||jasem|sao jose do jacem|35862000|4,-1889413,-4334092
entrada||para o cemiterio|centro|35858000|22,-1903060,-4342679;810,-15,-1
estrada||brejauba|brejauba|35858000|12,-1920406,-4313618
estrada||de lambari|centro|35858000|1,-1915748,-4317282
estrada||do bau|itacolomi|35860000|1,-1899858,-4357759
estrada||do monjolos|centro|35858000|1,-1914678,-4314929
estrada||farinha fina|centro|35858000|4,-1897953,-4347086;8,137,70
estrada||jasem|sao jose do jacem|35862000|1,-1887296,-4332588;3,-1898,-1449
estrada||para corregos|santo antonio do norte|35860000|675,-1881684,-4351459;677,-1,8;680,46,107
estrada||para datas|costa sena|35860000|157,-1866814,-4366524
estrada||para funil|centro|35858000|50,-1902592,-4345155;55,-50,-1;100,-24,-16
estrada||para itapanhoacanga|santo antonio do norte|35860000|64,-1880737,-4351168
estrada||para o sitio de dilza|costa sena|35860000|3,-1866423,-4382438;5,92,52;9,9,19
estrada||para santo antonio do cruzeiro|santo antonio do cruzeiro|35860000|5,-1880919,-4354893
estrada||real|centro|35858000|62,-1904512,-4342379;91,3,7;225,-94,96;280,-35,50
estrada||sem denominacao|corrego bom jardim|35860000|135,-1870327,-4369642
estrada||sem denominacao|corregos|35860000|2,-1894559,-4355005
estrada||turco|turco|35862000|4,-1892314,-4339404;19,-2,-25
fazenda|pai|felix|pai felix|35860000|47,-1871922,-4366202
fazenda|santa|clara|tres barras|35858000|8,-1908434,-4344985
fazenda|santo|antonio|tres barras|35858000|156,-1907950,-4347327
fazenda||abaete|santo antonio do norte|35860000|10,-1884203,-4352018
fazenda||bagaceira|bagacera|35860000|40,-1881109,-4349969
fazenda||bento velho|tres barras|35858000|156,-1908435,-4345447
fazenda||boa vista|centro|35858000|7,-1898846,-4345078
fazenda||capitao ferlizardo|costa sena|35860000|50,-1864494,-4376654;60,-6,-2;110,58,42
fazenda||capitao vieira|centro|35858000|2,-1901635,-4342984;3,13,35;700,53,-159
fazenda||catete|santo antonio do norte|35860000|608,-1880603,-4351819
fazenda||da campina|campinas|35860000|10,-1908817,-4344982
fazenda||da gamilera|santo antonio do norte|35860000|1,-1884514,-4350748
fazenda||da lagoinha|lagoinha|35860000|27,-1872053,-4349687
fazenda||da pantina|pantina|35860000|28,-1871780,-4351072
fazenda||da treme|treme|35863000|1,-1870706,-4349109;9,464,-2183;13,-202,1223;18,-123,741;20,-174,21;25,-856,125
fazenda||do tomaz 2|tres barras|35858000|139,-1915220,-4349559
fazenda||pai felix|costa sena|35860000|44,-1872125,-4365861
fazenda||pai felix|pai felix|35860000|46,-1871417,-4365740
fazenda||paraiso|santo antonio do norte|35860000|369,-1882338,-4353717
fazenda||ponte nova|fazenda ponte nova|35860000|41,-1896428,-4335968
fazenda||prata|centro|35858000|6,-1916513,-4319611
fazenda||suzana|costa sena|35858000|26,-1872619,-4366376
fazenda||suzana|costa sena|35860000|36,-1872545,-4365866
fazenda||suzana|suzana|35859000|12,-1873805,-4365381
fazenda||vassalo|costa sena|35860000|2,-1866690,-4380317;18,716,-286
largo|sao|francisco|costa sena|35859000|111,-1866725,-4366311;125,-7,17;135,-9,6;155,-12,12
margem||do rio preto|tabuleiro|35864500|999,-1906466,-4352901
outros||dourado de cima|tabuleiro|35860000|5,-1904515,-4354236
outros||rodovia mg 10|tres barras|35858000|137,-1915120,-4350564;138,97,494
passarela||corrego cuiaba|centro|35858000|245,-1903774,-4342740;255,10,-23
povoado||agua quente 2|sao sebastiao do bom sucesso|35862000|164,-1887206,-4338311
povoado||cardoso|centro|35858000|4,-1917198,-4318544;7,-457,936;9,-213,117;12,-628,-53;14,-89,130
povoado||lambari|centro|35858000|5,-1914951,-4316208;11,-768,-2033
povoado||prauinha|itacolomi|35860000|7,-1899741,-4358509
praca|coronel|joao paulo|centro|35858000|13,-1903772,-4342487
praca|dom|joaquim|centro|35858000|11,-1903473,-4342584
praca|doutor|jorge safe|centro|35858000|6,-1903383,-4342636;12,11,-9;22,-6,-12;33,-9,20
praca|doutor|nephtali brandao|centro|35858000|48,-1903822,-4342590;58,-1,-10;60,7,0
praca|irma|helena|do rosario|35858000|7,-1903105,-4342675;25,-25,4
praca|ministro|augusto costa|rosario|35858000|379,-1903376,-4342584
praca|padre|francisco xavier|santo antonio do norte|35860000|15,-1880793,-4351231;21,66,-39;35,9,-21;40,-55,73;41,-2,-21;45,66,-56;61,-50,48;80,35,64;81,-15,-75;91,3,-5
praca|praca|padre antonio alves ribeiro|santo antonio do norte|35860000|100,-1880722,-4351246
praca||anita diana|meloso|35860000|13,-1907899,-4334025
praca||corinto guerra|centro|35858000|11,-1902713,-4342985;15,2,-37;20,61,9;27,-39,2;41,8,-10;44,8,24;55,11,-28;84,20,6;354,-68,63;560,4,-17
praca||da igreja|tres barras|35860000|60,-1908448,-4349584;100,2,-31
praca||da saudade|centro|35858000|43,-1904024,-4342522;67,3,-8;81,14,-22;93,11,12;95,-4,3;111,22,25
praca||do cruzeiro|centro|35858000|17,-1903608,-4342962;19,-1,-2;29,1,-11;37,-12,-10;45,2,-15;114,-227,940;126,-2,10;135,32,-5;138,-29,2;159,17,8;645,11,-5
praca||do rosario|centro|35858000|33,-1903369,-4342664
praca||francisco moraes|itacolomi|35861000|46,-1899821,-4351839;56,11,-4;70,7,-3
praca||jose ribeiro costa|centro|35858000|29,-1903519,-4342591;33,-6,2;37,12,-4
praca||jose ribeiro costa|centro|35860000|202,-1903558,-4342594
praca||magalhaes pinto|centro|35858000|9,-1903920,-4342321;21,-14,-4
praca||manuel soares sobrinho|brejauba|35860000|13,-1920584,-4315120;427,41,76;447,-2,-12;461,7,-12;642,62,-126;900,-54,-78
praca||rosario|centro|35858000|7,-1903270,-4342693;15,-21,-2;21,2,-4;27,-4,0;45,25,6
praca||sem denominacao|centro|35858000|6,-1903839,-4342807
praca||ubaldina ferreira|centro|35858000|9,-1903754,-4342523;13,-8,-5;15,-2,-2;19,0,-8;48,-3,-3;60,8,2;64,-2,6
regiao||lagarto suzana velha|costa sena|35860000|11,-1872887,-4365150
regiao||lamoa|brejauba|35858000|25,-1919727,-4320071
regiao||sabia|costa sena|35859000|11,-1871806,-4369186
regiao||suzana|costa sena|35858000|29,-1872765,-4366362
regiao||suzana|costa sena|35860000|16,-1873881,-4365045
regiao||suzana|suzana|35859000|4,-1872349,-4367060
retiro|pai|felix|costa sena|35860000|49,-1872352,-4366269
retiro||do cana fista|itacolomi|35860000|1,-1900774,-4352942
retiro||do recreio|recreio|35860000|2,-1882283,-4349980;800,490,-950
ribeirao||da paraoninha|itacolomi|35860000|4,-1899588,-4354004
ribeirao||do peixe tolo|itacolomi|35860000|1,-1900785,-4358464
rodovia||mg 010|centro|35858000|2,-1904147,-4342363;3,-9,12;21,100,-119;23,1,-1;136,-55,20;181,-16,23;1279,2858,-1752
rodovia||mg 010|posto agropecuario|35860000|171,-1899475,-4344327
rodovia||mg 010|sao sebastiao do bom sucesso|35862000|165,-1892357,-4339728
rodovia||mg 10|centro|35858000|155,-1906782,-4344302;157,-582,681
rodovia||mg 10|serra thomaz|35860000|136,-1915740,-4350290;138,129,594;139,60,-89
rodovia||mg 10|tres barras|35858000|10,-1907466,-4344936;135,-8348,-7016;137,2864,-254;138,-1993,2329
rodovia||mg 229|ilha|35860000|38,-1895017,-4332970;39,229,35;41,471,-1477;42,-680,-165;246,7,862
rodovia||mg 229|morais|35860000|37,-1896123,-4332458
rodovia||mg 229|sao jose da ilha|35860000|84,-1894697,-4333579
rodovia||mg010|centro|35858000|45,-1904056,-4342521;60,-18,17;62,-20,14;107,-44,1;122,-24,-3
rodovia||mg10|tres barras|35858000|143,-1914179,-4348821
rua|alferes|firminiano|centro|35858000|7,-1903821,-4342614;24,11,-12;25,-1,2;26,2,-2;34,13,-8;41,-7,0;72,-30,29;88,0,11
rua|capitao|miguel safe|centro|35858000|47,-1903698,-4342329;49,13,-1;70,-13,3;77,2,5;82,-13,-6;100,-21,1;112,-16,-1;161,-42,6;164,2,-4;174,-3,-5;180,-16,1;183,7,0;191,-20,10;200,6,-29;206,-7,15;215,-31,10;216,20,-10;225,-14,0;228,6,4;230,-6,0;231,-21,-2;239,12,-3;244,-5,-12;254,-11,9;259,1,12;265,-10,-17;272,-4,-1;273,4,6
rua|capitao|sebastiao|centro|35858000|32,-1902965,-4342320;35,-2,0;36,13,-4;42,11,-4;47,-20,5;53,17,-13;56,9,6;80,36,-16;90,89,-62;102,-2,13;108,-69,25;120,12,1;140,13,-7;150,18,-5;151,-9,-2;160,7,-2;161,3,-5;168,20,-10
rua|capitao|sincero costa|centro|35858000|16,-1902973,-4342762;30,7,2;48,24,-14;69,14,-5;70,2,0;75,13,1;88,16,-10;97,0,-1;105,6,-7;116,7,-2;126,3,-3;139,22,-7;146,-2,-3;157,5,-2;164,19,-9;175,5,-4;180,6,-6;185,2,-3;194,1,3;201,7,-11;208,13,-2;220,6,-14;235,11,-4;238,-6,4;248,5,-10;260,7,-8;261,4,5;268,13,-21;278,3,-1;285,-12,15;288,19,-17;300,7,-12;303,-6,11;304,11,-15;305,-6,6;314,12,-17;334,11,-17;339,-4,5;503,-13,30
rua|comendador|bernardino|centro|35858000|18,-1903320,-4342690;65,-62,-10;75,146,1;79,-124,5;85,131,4;91,-124,-3;95,135,0;97,-129,-1;100,60,28;103,75,-24;105,-127,-7;106,47,42;113,90,-32;120,-84,23;121,98,-25;125,-138,-3;130,52,44;137,-43,-49;140,47,35;145,47,-28;146,-40,27;156,9,-6;165,88,-18;168,-83,10;178,16,-1;216,30,-3;222,9,-2
rua|comendador|bernardino|centro|35860000|24,-1903362,-4342643;48,13,20;68,8,-28;76,13,2
rua|conego|antonio madureira|corregos|35860000|1,-1888771,-4350071;2,-22,1;3,-9,4;48,103,4;61,15,-7;66,1,6;86,13,-3;95,13,-3;107,7,-3;110,7,11;120,6,-2;127,-3,-6;148,22,5;151,13,-4;161,5,-10;176,7,13;179,4,-11;182,14,0;195,-1,-3;225,19,-10;230,8,10;239,2,-9;244,23,4;245,2,-10;256,7,9;281,12,-20;293,7,-3;303,13,-1;315,8,-6;327,16,-2;339,7,-1;345,8,2;363,16,-6;373,11,-3;385,20,-3;409,8,0;435,23,-3;439,0,1;441,20,-2;458,8,4;464,-14,0;468,10,5;472,-26,-2;478,50,-5;495,15,-12
rua|conego|firmiano|centro|35858000|235,-1903427,-4342138;247,-10,4;257,-48,21;259,-5,-2;275,-8,2;291,-15,11;292,11,-14;296,-10,0;300,-7,4;363,-22,19;366,-24,1;373,-13,11;431,-49,17;434,-12,-30;439,12,24;448,-25,-3;451,4,4;452,12,5;459,-35,9;464,14,-12;470,-10,2;480,-8,4;483,5,6;486,-12,-5;495,-8,8;500,-1,-3;505,-2,5;520,7,-10;550,-25,-2;551,-8,13;560,0,-4;570,-20,-7;573,5,30;577,-8,-13;580,-6,-12;581,-3,7;590,7,-4;591,-10,2;595,-13,4;597,3,-2;599,5,8;600,-2,-14;603,4,6;605,-20,-8;606,10,1;616,-17,-5;620,-5,4;634,-9,-3;635,-4,-2
rua|conselheiro|jose eduardo barbosa|centro|35858000|38,-1903860,-4342738;41,-11,6;51,13,-7;56,4,5;89,14,13
rua|coronel|joaquim soares maciel|centro|35858000|128,-1903626,-4342174;138,-8,9;139,10,-23;149,8,12;169,-1,24;174,1,1;175,15,7;188,-9,9;191,3,8;199,7,11;210,-13,-9;222,0,12;238,17,10;240,-2,8;260,10,23;315,19,44
rua|coronel|jose coelho de araujo lages|centro|35858000|2,-1903409,-4342774;16,-1,25;26,-1,1;36,5,13;46,-1,9;54,-3,6;59,10,9;60,-8,-1;76,-3,-5
rua|coronel|jose coelho de araujo lages|do rosario|35858000|1,-1903411,-4342773;5,0,-1;15,5,22;41,-3,25;59,9,16;71,-2,3
rua|coronel|jose coelho de araujo lages|rosario|35858000|2,-1903409,-4342772;16,-5,30;26,5,-23;36,-7,31;46,-1,11;54,6,11;60,1,-3;76,-1,6
rua|coronel|modesto justino oliveira|centro|35858000|2,-1903918,-4342392;3,13,17;10,78,-81;14,-103,68;18,-6,-4;27,136,-71;30,-29,9;33,-86,106;36,-29,-30;37,123,-79;40,-75,49;41,68,-41;43,-80,95;50,-45,-17;81,122,-81;98,-21,12;113,-8,20;122,-11,-8;123,0,13;137,-9,9;139,-10,4;144,2,0;160,-15,-17;162,-5,16;163,10,13;168,-15,-11
rua|coronel|olavo firmiano ferreira|centro|35858000|15,-1901697,-4343926;27,1,-16;800,-4,22
rua|coronel|olavo firmino ferreira|centro|35858000|29,-1901606,-4344352;67,-81,270;90,15,-14;100,-32,78;101,18,-65;121,3,-13;129,6,-5;215,7,-48;219,5,-4;221,6,-23;223,3,-18;225,4,-11;245,-5,-6;272,26,-40;306,2,-10;312,3,-18;347,-5,-26;348,7,-7;354,1,19;357,-3,-16;362,6,-6;367,0,-13;377,2,-10;380,1,3;390,2,-19;435,1,-42;444,7,2;450,1,-6;461,-3,-30;463,-1,-1;464,11,4;476,0,-11
rua|desembargador|cesar da silveira|centro|35858000|2,-1902847,-4343324;8,-17,11;10,-10,3;11,18,-24;25,-19,40;27,-1,2;32,67,-47;34,-23,8;36,-10,-6;40,-5,-8;42,-10,-7;49,-21,61;50,-8,-2;59,-6,14;75,-17,25;95,-1,8;107,-9,4;110,32,-135;112,-13,97;125,-32,56;145,-16,34;148,50,-85;155,-61,93;158,-126,58;162,145,-89;167,-28,41;181,-3,7;184,-17,-1;185,11,10;211,-12,4;217,-18,9;220,-5,-5;255,2,17;256,-2,-17;257,-6,11;275,-22,14;277,18,-22;295,-42,14;403,-50,19;410,-8,-29;606,-135,23;621,83,23;631,-226,-88;635,25,18;640,364,0;641,-332,20;650,-56,-30;653,75,40
rua|dom|joaquim|centro|35858000|10,-1902267,-4344147;20,-2,0;30,-7,6;40,-2,7;50,-4,10;60,-8,10;70,-5,5;90,-14,24;100,-6,12;110,-6,10;111,-4,-9;121,-3,8;140,-10,26;150,-3,8;160,6,11
rua|dom|joaquim|sao francisco|35858000|10,-1902291,-4344122;25,15,-20;65,-30,41;75,-3,3;85,-2,2
rua|dom|jose maria pires|corregos|35860000|9,-1888429,-4350103;11,7,28;17,-2,-12;19,-5,-13;23,10,37;29,-3,6;30,-1,-5;47,9,26;60,-1,0;61,6,13;66,1,1;70,0,12;77,-1,-2;99,6,17;105,7,14;110,0,-7;131,6,19;161,15,23;171,14,16;180,2,2
rua|dona|chiquita tome|centro|35858000|10,-1903522,-4342904;20,-6,-8;25,0,9;35,-2,-9;43,-11,-13;49,-10,-12;56,14,-5;68,-9,-4;69,-6,-8;74,-1,5;85,25,31;88,-19,-44;98,-9,-12;112,0,-1;120,-13,-16;140,0,-14;146,-13,-12;160,-7,-8;161,11,19
rua|doutor|adeodato pacifico|centro|35858000|3,-1903786,-4342545;11,1,-7;31,-19,-8;43,-10,-10;53,-4,-14;71,-37,-1;81,2,0
rua|doutor|andrade|centro|35858000|6,-1903618,-4342586;31,-8,-16;44,3,-12
rua|doutor|basilio santiago|centro|35858000|21,-1903753,-4342418;29,4,4;36,142,199;37,7,-1;39,-155,-189;42,-5,17;55,0,6;67,-5,11;74,-2,4;79,0,4;86,-2,2;91,2,9;92,-3,-5;105,0,16;110,-3,8;111,-3,-2;127,13,25;133,10,-2;143,-11,13;144,-12,10;150,6,5;151,1,-7;158,3,23;166,-4,-4;169,-4,-6;180,-4,9;186,11,17;187,7,-5;201,-2,17;213,-1,11;220,-4,-2;221,6,7;226,-2,-3;231,9,17;249,32,24;250,-28,-38;263,43,41;264,-36,-10;270,10,9;276,6,2;288,15,18;300,12,-5;310,-3,-4;320,58,-27;326,-25,14;363,14,-18;377,9,-3;385,16,-6;431,6,-1;467,11,-99
rua|doutor|brina|centro|35858000|19,-1902144,-4344622;20,-18,9;44,-13,2;57,-14,17;64,10,-18;67,-15,27;86,1,-15;88,-20,11;92,-6,3;95,4,6;102,-8,-4;105,-1,15;114,-8,-3;125,-6,8;130,-9,-6;135,-3,30;145,4,-7;154,-27,-7;158,-7,1;161,12,3;164,-23,5;170,-17,14;171,36,-11;180,-44,13;190,-4,10;191,31,-13;211,-15,10;231,-20,10;237,0,-2;241,-14,16;247,-4,-2;259,-10,2;268,21,-16;278,-11,7;279,-15,17;281,-14,7;282,5,-10;288,-15,9;292,-6,-2;297,7,8;298,-4,5;304,-22,9;317,21,-9;337,-14,9;358,-43,-17;368,6,32;370,-10,5;400,-12,5;404,-4,11;408,-7,5;410,-14,7;528,-6,-1;540,-4,3
rua|doutor|carlos pinto|centro|35858000|55,-1901762,-4344684;61,-11,0;80,-27,-1;90,-5,-5;97,-15,13;116,-17,-6;135,-31,3;140,-3,0;145,-1,1;146,-9,-2;153,-5,4;158,-12,-3;174,-9,5;191,167,-8
rua|doutor|crispiniano brandao|centro|35858000|10,-1903581,-4342592;18,4,-2;32,1,4;46,-4,-1;64,-2,51;81,4,23;85,-5,-17;141,1,40;171,19,39;176,-14,-47;180,8,1;197,18,96;205,-3,-33
rua|doutor|dacio guerra moreira|centro|35858000|9,-1903854,-4343604;35,-26,4;45,15,-5
rua|doutor|darcio guerra moreira|centro|35858000|38,-1903893,-4343601;40,13,-2
rua|doutor|jorge safe|ouro fino do mato dentro|35860000|11,-1893718,-4358815;28,172,-215;52,-142,167;103,18,-44;105,1,3;171,46,-47;172,-3,14;178,21,-10;179,-32,4;189,24,-22;201,4,-20;219,19,-2;234,12,-10;245,7,-10;250,2,6;255,20,6;270,-16,-10;275,7,-12;280,4,3;290,10,-8;298,8,-14;300,23,-18;306,-7,8;336,19,-21;347,31,-38;355,-32,27;377,9,-10;396,18,-2;401,0,-14;416,17,-6;446,10,-11;456,19,-16;466,8,0;476,2,1
rua|doutor|jose costa chiab|centro|35858000|23,-1901669,-4344232;31,-9,-6;39,-6,4;71,-23,-14;100,-335,-165;131,285,143;135,-15,-9;151,-19,-12;187,-2,-1;195,-23,-12;221,-19,-14;230,-202,-97;231,177,87;243,1,-4;249,-15,-8;291,-23,-4;297,-10,-9;308,9,-7;311,-17,5;313,-89,-49;320,84,42;330,-13,-12;339,-2,11;350,7,-14;358,-11,2;370,-13,0;392,-30,-21;403,-14,6;428,2,-10;447,-16,-5;448,6,1;453,-29,-7;480,-20,-16
rua|doutor|jose utsch ribeiro|centro|35858000|3,-1901960,-4344744;8,-5,6;22,-22,-1;24,-25,-27;40,12,29;56,-13,21;62,-4,2;80,-12,8;90,-13,5;108,2,5;114,-22,14;120,-19,18;122,-5,14;124,-5,13;128,-9,9;130,-2,7
rua|doutor|orestes gomes de carvalho|centro|35858000|6,-1901931,-4344688;11,264,379;84,5,14;110,-14,-25;126,-4,-13;142,-16,-2;158,3,-25;164,-5,-23;493,-137,-192;508,-35,-49;511,-6,9;516,-4,-23;521,-11,-1;536,7,-6;558,-13,-18;559,-11,3;600,203,251;610,-17,-18;614,0,-6;618,0,-13;620,0,-8
rua|doutor|oswaldo rajao|centro|35858000|31,-1903763,-4343439;41,-8,-7;101,-17,-62;111,-4,-14;125,8,38;129,-7,-48;135,2,-15;145,-12,-14;155,-3,-5;169,-6,-12;173,-14,-11;177,-4,-15;180,17,21;188,9,-28;190,-22,6;204,7,13;220,-13,-14;235,-31,-28;239,-8,-15;249,-10,-20;250,43,51;279,-49,-62;295,-17,-33;301,-4,-4;305,-8,-16;356,32,52
rua|doutor|raul lages|centro|35858000|101,-1904936,-4342256;107,-7,4;130,-15,12;136,-8,3;163,-17,14;197,-25,21;212,-13,9;214,7,-5;227,-15,10;241,-10,10;255,-13,5;256,-9,5;270,-13,8;286,-2,3;321,-25,19;323,7,-3;335,-22,21;341,-9,-2;346,-1,-2;351,-6,10;381,2,4;410,-44,20;425,-1,8;431,-12,12;460,-2,-6
rua|farmaceutico|orlando guerra|centro|35858000|60,-1902948,-4342796;96,18,-18;100,16,-6;108,0,-7;140,13,6;156,7,-10;161,5,-10;166,13,-2;167,7,0;170,5,-5;171,-2,2;184,5,-16;186,21,-10;190,5,-4;225,8,-17;235,9,1;240,-2,7;258,14,-17;261,15,11;267,2,-21;270,12,-14;272,-18,18;287,14,-11;291,21,-32;294,-3,10;302,11,1;317,4,-4;330,15,-12;340,4,-8
rua|frei|henrique|centro|35858000|23,-1903708,-4342750;30,0,-23;33,-3,3;35,0,-4;52,-2,-30;60,2,20
rua|frei|isaias|centro|35858000|17,-1903376,-4342152;70,20,6;71,-7,9;77,13,-15;78,-2,6;83,5,-5;100,11,4;101,-3,-5;107,10,-5;117,7,3;124,3,6;130,11,-1;136,3,2;170,28,-8;190,12,-5;191,-20,0;195,5,4;202,26,-10;205,-10,-13;210,14,7
rua|frei|manoel|centro|35858000|177,-1901534,-4344053;225,60,13;251,27,11;750,15,6
rua|imaculada|coracao de maria|tabuleiro do mato dentro|35864000|3,-1906294,-4354060;81,1,5
rua|maestro|joao rodrigues|centro|35858000|18,-1903101,-4342765;22,-2,4;26,-19,-2;27,-2,5;31,-5,-6;40,-7,-4;41,-11,6;45,-7,-1;52,0,-4;56,7,-2;60,-14,3;68,-9,0;75,-1,-1;93,-18,-2;97,-2,7;99,-7,-8;100,4,-4;105,-5,5;106,-2,4;127,-11,-5;128,-2,-3;132,-15,-2;138,-7,0;140,-9,4;141,14,-3;155,-11,0;167,-14,8;173,-5,-3;178,-4,3;186,-4,-2;187,-4,9;190,-5,-6;197,-16,7;207,-1,2;218,-2,-3;228,-7,-1;861,253,42
rua|marechal|floriano peixoto|centro|35858000|17,-1902146,-4343337;21,11,-1;27,5,-7;49,5,-9;55,-3,-9;75,12,-14;85,5,-4;105,9,-14;110,122,-163;115,-124,150;117,0,6;123,9,-8;135,0,-2;145,9,-6;155,2,-4;161,8,-11;185,13,-19;203,10,-15;213,5,-8;214,-2,23;215,16,-31;220,-16,27;225,2,-22;229,58,-64;234,-47,66;235,11,-26;245,4,-2;255,26,-29;259,-28,15;260,12,6;265,-1,-15;270,5,9;279,8,-28;285,-4,-5;295,8,-6;301,10,-13;313,7,-9;315,6,-4;317,2,-7;318,3,19;330,5,-9;340,9,-4;341,-5,-15;350,17,9;380,9,-34;400,9,-16;410,34,-32;412,-23,31;467,-41,35;558,2,-10;560,5,-5;569,174,-193;620,-166,184;622,178,-205;628,3,-9;630,-170,205;631,160,-179;640,-155,172;641,175,-199;651,20,-22;661,-12,12;675,25,-17;711,-438,566;775,431,-582;785,11,-8;791,5,-10;860,49,-55;870,15,-11;880,7,-10;900,7,-12;906,12,-9;910,12,-9;920,45,-41;1107,118,-72
rua|mestre|joao majo|centro|35858000|73,-1904525,-4342406;91,-28,11;120,-31,13;127,14,-6;216,-93,62;239,-6,16;256,-23,4;276,-14,13;294,-8,10;297,-6,4;321,-7,7;375,-24,23;395,-25,15;400,-7,0;420,-16,13;503,-61,43;524,-19,14;540,-10,8;554,-11,1;568,-7,11;573,-1,11;584,-16,3;587,15,-6;597,-22,11;614,-9,3;627,-13,12;628,-1,0;649,-30,30;663,-7,-2;675,-8,10;812,-89,58;815,9,-1;845,-20,16;865,-22,11;866,3,-2;870,-5,3;874,-5,1;893,-29,25;907,-2,12;908,7,-21;938,-27,20
rua|mestre|jose julio|centro|35858000|15,-1902744,-4342338;23,5,-6;35,8,-5;36,6,7;38,0,2;40,-14,12;44,21,-21;45,-7,-9;54,15,2;55,-4,-3;65,0,-9;74,12,2;75,2,-9;78,19,24;84,-16,-22;85,4,-11;98,5,9;105,5,-16;106,-4,9;125,15,-16;126,-2,-1
rua|monsenhor|levi pires|centro|35860000|26,-1903302,-4342618;99,-9,-17
rua|nossa senhora|aparecida|itacolomi|35861000|9,-1900183,-4352141;57,-71,-98;59,44,42;66,-32,-27;67,-17,-20;160,12,13
rua|padre|antonio alves|santo antonio do norte|35860000|60,-1880692,-4351187;88,-14,10;102,36,-1;126,38,2;176,44,-18;276,43,-68
rua|padre|eloi|centro|35858000|3,-1903335,-4342748;10,15,-12;22,-13,4;37,-5,3;38,-8,2;45,0,5;52,-11,-4;53,7,-3;59,-16,5;60,-2,-7;72,-4,6;84,-19,4;85,1,5
rua|padre|francisco xavier|santo antonio do cruzeiro|35860000|47,-1879484,-4356371;60,-7,-19;90,-9,-20;100,-18,-16
rua|padre|joao duque|corregos|35860000|3,-1888271,-4350276;14,-5,-5;15,-32,-36;17,3,23;18,-10,-53;20,1,32;22,50,46;25,-76,-94;29,-37,-2;30,82,64;31,-49,-96;34,17,27;36,-15,-27;41,-9,-13;46,53,-21;50,48,187;61,-116,-192;62,61,113;106,-49,-104;111,-38,-45;121,159,251;126,-3,5;136,8,11;200,-29,-40;220,-8,-21
rua|prefeito|gentil martins|centro|35858000|2,-1903739,-4343416;21,118,384;30,-104,-306;33,78,216;39,23,69;40,-91,-264;45,87,251;50,-71,-195;53,72,184;60,-3,-1;78,-148,-398;88,1,-9;94,-9,-16;110,48,-15;114,98,408;116,-3,-9;120,-138,-403;122,139,395;124,-142,-405;125,135,397;128,-143,-408;130,143,406;134,-143,-418;135,145,422;140,-3,-18;144,-141,-404;145,140,405;156,-62,-172;172,51,139;177,4,0;185,-9,-13;199,1,-8;204,-3,3;215,-1,-12;229,-1,-14;243,-3,-15;250,-5,-12;259,-8,-25;272,-1,15;273,-10,-20;280,12,4;285,-17,-24;296,12,16;299,-13,-17;310,5,9;320,-9,-14;365,-4,-16;380,-16,-36;386,5,25;394,-19,-32;400,-3,-13;412,9,-12
rua|prefeito|jose natalicio|centro|35858000|8,-1903478,-4342371;22,-8,16;36,5,11;40,2,6;50,5,6;62,7,10;78,-6,13;92,15,11;106,-3,16;142,9,33;150,3,7;170,1,14;180,5,8;194,8,15;208,-1,6;210,3,14;218,3,12;224,-5,1;280,14,55;294,3,15;318,10,19;322,1,5;326,-2,8;342,9,4;344,-2,6;350,5,3;356,-2,1;360,2,19;371,1,-10;376,-2,7;385,6,12;391,6,12;392,-2,-1;398,-2,8;400,8,3;404,-4,8;418,2,11;430,3,8
rua|prefeito|jose pires carneiro|centro|35858000|8,-1903227,-4342201;20,-65,-177;28,7,20;50,-1,11;54,10,21;66,5,14;80,-6,15;92,9,11;104,6,6;114,0,12;128,7,1;134,-4,15;136,7,3;140,0,9;166,6,17;176,-6,1;188,27,18;200,12,23;216,3,6;230,13,10;242,9,7;264,17,10;266,6,10;284,12,3
rua|professora|dona zenolina|centro|35858000|88,-1902685,-4344317;90,-13,-1;108,-5,0;118,-14,-1;144,-7,0;152,-14,4;160,-16,2
rua|professora|dona zenolina|corrego pereira|35858000|22,-1902625,-4344328;46,-26,7;80,40,-9
rua|professora|dona zenolina|sao francisco|35858000|39,-1902639,-4344321;75,-31,5;95,-23,1;120,-16,10;135,-10,-5;145,-11,-2;155,-7,1;165,-14,0;175,-7,-1
rua|professora|teodolina|sao sebastiao do bom sucesso|35862000|10,-1892410,-4340222;40,-92,27;46,53,-15
rua|professor|aristides madureira|centro|35858000|28,-1903246,-4342728;40,-3,-2;41,11,-14;46,-8,9;86,-3,-21;96,-1,-6;105,3,-33
rua|professor|costa chiab|centro|35858000|4,-1903910,-4342676;10,10,-8;27,38,78;30,-53,-89;32,7,-4;36,-4,1;59,38,48;62,-4,23;170,-45,-106;178,3,-8;198,2,-17;206,-3,-12;220,1,-15;232,-5,-8;240,0,-15;249,-24,16;255,-17,-4
rua|professor|joao lima|centro|35858000|1,-1902867,-4344225;12,-24,-22;161,106,21;181,-9,-2;190,0,-13;198,-13,-3;200,-3,4;203,1,18;210,-13,-18;214,-1,12;365,-105,-12;374,-25,-7;375,19,7
rua|professor|joao lima|sao francisco|35858000|11,-1902636,-4344240;20,6,-9;21,-14,11;25,-12,4;30,16,-13;40,-14,-1;41,-5,11;50,-10,-5;55,-12,9;63,-41,2;69,-29,5;78,80,-4;80,-25,-10;89,8,10;90,-18,-7;99,-3,4;100,3,-4;120,-20,-2;125,-5,13;130,0,-10;133,-14,8;140,-4,-6;150,-12,-2;151,0,9;856,132,-20
rua|professor|juvencio miranda|centro|35858000|5,-1902301,-4343154;11,-3,-1;13,-328,115;25,348,-136;31,4,12;33,-4,-10;39,23,-15;43,-2,12;49,8,-17;63,9,-6;79,-408,162;97,428,-185;111,4,-7;115,5,0;121,6,-11;125,12,-10;129,-5,-3;135,-155,73;137,169,-88;140,-335,183;153,41,-20;155,298,-180;165,7,-7;175,-4,2;201,-258,170;207,-1,-2;211,14,-2;215,2,8;223,16,-4;225,-1,7;255,16,-13;263,20,-3;265,6,-3;267,-17,-3;269,23,1;275,16,-3;319,9,-6;333,26,-6
rua|professor|juvencio policarpo|centro|35858000|6,-1903837,-4342483;12,-11,-3;47,-26,-16;112,-54,-18;114,115,52;122,-125,-47;127,125,32;142,-131,-20;149,108,27;157,-24,-10
rua|professor|vidigal|centro|35858000|2,-1903052,-4342235;18,5,-4;22,6,1;26,1,4;28,8,8;31,2,5;32,1,-2;44,8,5;50,6,9;63,11,11;64,-4,-13;80,2,19;86,42,152;92,-39,-137;93,2,-10;99,2,3;110,-5,4;113,10,9;120,-4,-1;126,-1,13;128,6,6;131,7,11;132,-8,-8;143,14,14;170,0,23;173,6,-11;176,-4,18;182,7,7;183,0,-16;205,8,22;215,2,14;216,-9,-7;230,6,7;233,11,18;250,-5,20;260,10,10;265,-3,-24;268,8,31;278,0,4;288,0,14;302,10,17;310,20,22;320,-4,5;360,-140,-280
rua|santa|clara|centro|35858000|2,-1903893,-4342831;21,-33,20;29,47,-33;30,-3,6;33,4,-9;34,6,-1;40,3,-8;46,-1,-5;49,1,-8;62,0,-1;63,14,-30;69,-5,19;74,-3,4;78,1,-13;84,6,-7;85,-1,-3;90,2,-12;91,-3,4;100,4,-11;110,-5,-3;111,0,5;120,2,-20;124,10,-16;144,-3,-4;156,-12,-10;160,-5,-2;174,4,-10;176,-2,-7;185,-11,-4;186,13,-11;196,1,-12;200,13,-13;204,9,-3;211,-37,19;212,39,-24;219,-29,19;232,30,-34;235,-15,2;244,11,-12;249,-87,251;267,78,-260;270,3,2;273,-2,-9;283,-1,-10;284,2,5;293,-6,-14;294,8,-5;299,-5,-3;300,3,-6;301,-5,-13;310,2,3;333,-5,-7;341,-1,-9;350,-5,-44;353,4,35;360,0,-53;362,7,54;363,-9,-13;365,0,-2;367,-2,-12;369,5,2;370,1,-43;371,-9,28;372,11,30;390,-12,-70;391,-2,24;400,-5,-34;412,4,-12;417,-2,10;426,2,-23;432,-8,-10;437,3,16;450,0,-31;451,-2,5;459,0,-108;460,-4,83;463,-3,8;470,10,-5;473,-15,1;483,7,-24;486,3,8;494,4,-9;500,-1,-7;502,-1,-6;503,-6,2;509,6,-11;510,-2,-1;525,0,-16;526,6,10;535,-5,-17;538,1,-2;545,1,103;550,-3,-113;563,18,229;570,-13,-239;582,7,-27;587,-8,26;601,0,-16;605,2,-4;616,8,-17;617,-6,5;626,8,-18;627,-11,5;630,8,-24;637,-3,9;647,-20,-69;657,18,50;661,-1,-2;669,1,-5;677,-3,-23;682,7,17;683,-4,-6
rua|santa|cruz|centro|35858000|110,-1904014,-4341740;131,-3,24;168,-12,30;180,-6,15;200,-2,5;208,-1,11;215,12,-53;216,-18,61;220,-12,2;266,-27,28;284,-14,14;291,-11,2;300,-5,4
rua|santa|luzia|centro|35858000|2,-1903917,-4342172;22,5,5;30,-1,-18;44,-4,21;52,3,1;58,-5,16;66,5,11;88,4,14;108,3,28;120,7,14;140,1,18;148,4,-2;159,9,1;160,-7,21;165,1,-2;181,2,9;227,-17,59;239,-2,-2;243,-4,12;255,2,10;267,-7,6;289,28,-70;303,-37,100;331,-1,13;349,-5,24;350,2,15;355,-5,-12
rua|santa|luzia|ouro fino do mato dentro|35860000|10,-1893651,-4359073;11,10,-13;18,-24,15
rua|santa|rita|centro|35858000|33,-1903832,-4343167;43,10,-1;46,-2,4;55,7,-6;63,6,-3;68,11,5;73,7,-3;196,-13,87;338,-33,-79
rua|santa|rita|itacolomi|35861000|32,-1900203,-4351890;52,29,16;57,-17,-24;83,32,26;96,10,8;111,10,-4;128,13,10;131,3,-7;140,17,10;141,0,-1;144,97,39;152,-86,-24;177,15,-2;200,15,-11;202,4,19;245,42,6;247,-7,-1;253,109,20;257,-80,-15;270,-5,22;274,117,-9;284,-98,-1;339,60,-6;342,-10,33
rua|santo|antonio do cruzeiro|centro|35858000|35,-1902348,-4344042;44,-9,-23;45,5,13;49,-2,-8;54,2,-2;55,-8,-6;61,15,-243;130,6,26;138,-4,-10;140,-9,-35;141,3,298;186,5,-171;436,-6,-50
rua|santo|antonio do cruzeiro|sao francisco|35858000|70,-1902351,-4344216;80,-1,9;105,-5,84;150,3,-35;165,0,-7;166,7,6;176,-1,-10;185,-5,-38;466,-2,-29
rua|santo|antonio do rio abaixo|centro|35858000|20,-1903602,-4342024;34,-2,5;41,-12,5;44,5,-1;51,-11,1;54,-2,-5;64,-8,4;74,-8,-3;75,-1,14;79,-3,4;89,-15,2;90,3,-8;115,-4,1;116,-6,8;124,-12,-5;134,-20,1;140,-4,5;143,4,3;150,-17,2;153,3,4;160,-8,-1;163,-1,4;174,-2,-3;183,-16,11;184,7,-9;197,-16,13;198,7,-13;210,-6,8;218,-8,-5
rua|santo|antonio|centro|35858000|8,-1903976,-4342361;22,-7,15;28,-5,4;34,-5,-1;40,-5,9;135,-11,-22
rua|sao|cristovao|itacolomi|35861000|1,-1900290,-4352056;3,32,-36;6,-36,-50;11,12,14;12,8,103;15,16,-70;25,-50,-78;33,51,94;84,-25,93;89,-7,21;90,0,-2;167,-37,-213;177,-16,-7;193,2,2;213,-15,-11;253,-34,-2
rua|sao|domingos|centro|35858000|330,-1903125,-4342113;337,5,-7;345,2,6;354,-1,4;357,6,7;360,-4,5;367,19,-5;380,2,13;382,10,5;385,-11,-13;391,10,7;396,4,13;397,-1,-12;399,12,4;417,8,12;418,-12,3;421,4,-13;426,-1,16;427,16,-10;430,-8,14;487,12,3
rua|sao|francisco|centro|35858000|15,-1902748,-4343053;21,20,34;25,-8,-8;33,-8,-11;43,-3,-2;55,-22,4;65,4,-33;75,-4,-3;77,-25,14;95,17,-33;98,-17,-29;105,6,12;109,5,13;111,-24,-34;125,-4,-22;129,10,47;137,-21,4;158,68,32;162,-43,-79;201,-32,-29;209,-2,-22;213,-8,-8;225,5,-13;229,7,-2;233,-5,-21;237,19,-29;243,-3,17;247,4,-13;249,5,-21;251,11,-7;253,-8,-5;335,23,-58;345,15,-39;355,-17,35;359,0,-14;373,21,-21;375,-4,-10;376,6,-13;377,16,-24;379,-12,-24;387,11,4;389,-27,56;407,28,-46;409,3,-21;433,-33,-34;501,130,-161
rua|sao|geraldo|santo antonio do norte|35860000|100,-1881144,-4350945;150,-13,-7;244,27,3
rua|sao|jose|itacolomi|35861000|7,-1900170,-4351998;12,0,11;23,14,-6;55,28,10;57,-11,-9;66,18,17;71,10,-8;74,-1,13;80,16,11;81,-15,-10;91,15,0;105,0,-1;110,18,12;131,24,-2;134,1,9;143,11,5;154,3,10;165,11,-6;184,6,3;191,3,3;210,13,8;218,13,16;222,21,-4;225,61,18;227,16,9;230,-74,-30;231,-28,-13;237,25,2;239,83,41;243,-78,-30;255,61,27;283,-27,-13;284,-27,-2;294,22,7;297,4,-1;309,10,-2;322,0,9;328,8,9;332,10,4;342,4,-4;352,4,5;362,18,5;371,2,-5;386,14,12;397,23,-3;398,-19,7;410,11,4;423,21,1;430,-7,0
rua|sao|jose|santo antonio do norte|35860000|1,-1880995,-4350971;3,121,167;5,-97,-133;6,-27,-155;23,26,38;40,68,250;100,-70,-229;202,20,105;210,-5,-1;214,3,11;215,3,-2;240,13,29;245,9,2;256,-14,-10;259,36,37;270,-19,-13;274,17,23;278,40,55;280,24,26;295,-11,2
rua|sao|sebastiao rio preto|centro|35858000|5,-1902242,-4344146;206,10,0;225,-301,-32;261,-48,16;285,-18,13
rua|sao|sebastiao|centro|35858000|2,-1903069,-4342421;6,7,-7;30,5,-12;31,7,-2;34,-4,0;38,8,-7;39,1,-2;40,10,-6;47,-7,2;54,15,-10;63,-3,0;64,16,-13;72,8,-4;73,-21,10;80,27,-12;81,-17,3;89,2,-1;90,25,-6;99,-12,-7;108,19,3;113,-6,-4;122,31,1;146,14,-11;152,6,0;197,45,-15;198,-3,9
rua|senhora|do porto|centro|35858000|2,-1903761,-4341944;12,-5,-1;31,-15,-20;52,2,-11;55,30,68;60,-21,-64;62,-25,-17;75,4,6;90,7,7;94,-15,-22;101,-8,3;120,4,-3;130,-5,-14;140,-5,-5;141,-12,1;146,10,-4;150,-4,-4;155,-10,-10;156,-1,5
rua|senhora|do socorro|centro|35858000|71,-1902345,-4344087;101,-17,2;131,-29,0;137,-6,0;167,-13,5;171,-6,-4;181,-18,-3;191,-3,0;201,-14,3;231,-25,-3;241,-8,0;251,-12,-1;261,-7,-2
rua|senhora|do socorro|sao francisco|35858000|72,-1902332,-4344092;102,-22,0;112,-9,1;122,-13,0;132,-6,-4;142,-19,3;152,-11,0;162,1,1;172,-11,3;182,-5,1;192,-10,-6;232,-45,1;236,36,1;246,-29,-4;256,-1,1;276,-7,-68
rua|tabeliao|zenito moreira|centro|35858000|2,-1903329,-4342974;4,-6,-1;6,-18,-8;8,-17,30;15,-7,14;18,-13,2;19,8,3;30,-64,12;31,56,-13;34,-19,-5;40,-2,0;60,-7,1;63,-7,13;79,-18,-7;91,-14,0;100,1,-7;119,-14,13;120,-5,5;125,-6,3;126,-8,10;137,5,-5;140,-16,2;141,11,4;145,-7,1;146,-16,6;147,15,6;149,-9,1;154,-13,4;157,5,3;170,-15,-10;175,5,15;190,-19,7;191,10,12;200,169,-93;201,-167,106;206,-14,7;207,10,-9;210,-3,3;211,-11,-1;215,-3,5;220,-99,44;235,134,-120;240,-146,140;241,94,-48;247,-7,8;261,-15,4;265,-6,1;267,-10,18;316,10,-15;320,-9,9;330,-4,16;365,-18,13;381,-25,10;391,-3,3;407,-13,-2;427,-13,9;430,-4,3;451,-10,17;456,-11,-5;470,-10,14;478,-12,13;481,14,-8;495,66,-45
rua|tenente|miranda|centro|35858000|67,-1903578,-4342258;69,-13,-34;75,2,4;79,2,5;87,4,13;91,2,8;111,8,27;135,12,18;145,-1,5;155,6,8;165,4,11;172,-8,5;173,7,-1;182,-8,23;187,17,-2;191,4,9;194,-6,-6;202,4,19;205,2,-1;217,4,17;230,0,6;253,14,22;258,-2,13;261,4,-5;265,0,17;272,-19,-2;273,27,10;280,-8,6;281,10,3;284,-1,-10;286,-22,-2;290,24,27;305,3,-8;315,7,5;327,4,32;335,2,8;350,-2,10;359,1,-4;365,9,18;368,-11,-17;372,2,13;376,3,7;386,6,11;387,4,4;397,5,17;398,-7,-17;404,0,11;410,-1,11
rua|vereador|carrinho picao|centro|35858000|2,-1903275,-4341973;37,17,-28;40,8,11;41,-3,-13;42,4,13;45,24,-16;54,-9,14;70,7,-4;75,30,-2;120,21,-4;138,14,-5;139,-25,10;151,33,-29;158,4,22;184,22,-14;198,7,6;214,15,-8;217,-10,-4;227,22,-4;228,-11,-4;245,13,-2;255,9,-2;256,22,-5;259,-14,3;262,24,-4;266,7,-7;268,20,15;330,-3,-15;336,-29,8;340,44,-12;352,17,1;361,0,-6;366,-25,9;370,32,-4;386,13,4;432,-91,9
rua|vereador|jose benedito de andrade|centro|35858000|23,-1902817,-4342450;26,-1,3;36,10,-7;51,4,-2;53,11,-5;55,-3,-3;58,4,2;64,8,-11;67,0,5;70,26,-14;73,-17,9;76,1,-3;86,3,-6;87,4,2;96,9,-4;97,-5,-4;105,6,-12;108,4,11;110,6,-4;112,2,-5;123,5,-12;124,5,9;125,-3,-10;131,11,-1;133,4,-6;134,-2,8;149,10,-14;158,3,8;164,6,-3;168,7,-2;176,7,-4;206,24,-15;216,4,-4;220,10,-6;228,11,-6;234,7,5;244,11,-7;260,16,-8;270,17,-4;284,3,-5;286,9,-2;300,3,4
rua|vereador|jose benedito de andrade|matozinhos|35858000|169,-1902702,-4342532;179,10,-2;193,6,-4;207,8,-3;221,17,-12;223,5,-2;227,9,-2;233,7,3;235,5,-8;241,5,0;245,3,-5;249,15,-5;277,17,-7;281,4,-2;285,9,-1;293,6,-3;305,2,3
rua|vereador|jose silva|centro|35858000|14,-1902811,-4342626;20,5,-2;42,8,21;50,-1,-4;105,12,23;156,-73,-67;186,26,16;276,29,19
rua|vovo|almerinda|centro|35858000|13,-1902878,-4343369;23,-4,3;33,53,35;34,-15,-6;75,-51,-32;99,-2,-17;111,7,-14;121,-7,-7;130,17,8;132,2,-31;136,1,23;152,1,-24;190,-8,81;191,2,-112;433,91,-51
rua||15 de maio|tabuleiro do mato dentro|35860000|126,-1906330,-4354089;130,78,-14;400,-26,-3
rua||15 de maio|tabuleiro do mato dentro|35864000|150,-1906364,-4354072;186,8,-4;213,4,-90
rua||adeil resende|centro|35858000|25,-1902090,-4344703;27,12,-6;33,-20,-3;37,-4,-16;40,23,15;95,-42,-52;101,11,14;108,50,58;110,-43,-45;112,26,23;114,4,3;115,-36,-30;120,24,32
rua||adeil rezende|centro|35858000|37,-1902643,-4344376;90,-55,11;110,-16,3;120,-3,4;132,-13,3;657,75,-9
rua||adeil rezende|corrego pereira|35858000|618,-1902629,-4344386;628,-20,5;648,-17,5;652,-9,0;694,-40,10;722,-16,4
rua||afonso guimaraes|centro|35858000|10,-1902784,-4344454;48,14,32;60,12,33;100,-6,38;111,6,15;120,-7,-2;130,1,4;140,-3,18;150,-3,7;170,-2,21;198,13,-110;200,-9,-22;210,-4,-8;226,-2,-10;240,-8,-10;255,4,-13
rua||afonso guimaraes|corrego pereira|35860000|197,-1902758,-4344405;501,-1,-6
rua||afonso guimaraes|sao francisco|35858000|161,-1902770,-4344286
rua||albertino da silva santiago|centro|35858000|1,-1902606,-4344198;65,-44,153;181,27,-72;463,-76,240;473,-1,-8;513,11,-24;525,36,-90;547,-22,55;564,20,-18;581,-58,113;591,9,-23;593,3,-3;605,29,-46;607,7,-17;611,4,-12;614,9,-61;625,-1,-6;626,2,-6;635,0,-13;645,-2,-2;686,15,-52;695,2,-7;708,-34,145;716,29,-157;718,-24,120;720,7,-29;724,4,-6;734,0,-30;739,24,-53;740,3,-19;770,14,-35;780,2,-14;785,-78,261;810,74,-289;820,8,-13
rua||albertino da silva santiago|sao francisco|35858000|26,-1902613,-4344270;40,-2,4;60,1,-3;775,11,101;787,-2,-3;797,0,-6;803,-3,-17;809,5,-14;856,-9,-52
rua||alberto santiago|centro|35858000|21,-1901629,-4344360;23,-12,-17;30,17,4;31,-24,-5;33,-4,1;40,20,3;41,-26,-6;49,-8,-5;50,21,4;69,-43,-13;70,5,-2;76,-9,-7;175,-67,-37;177,-8,4;187,-11,2;197,-5,-5
rua||altino alfaiate|centro|35858000|10,-1903763,-4342798;12,-12,-14;20,0,-8;30,4,-13;40,-12,7;45,-9,-7;50,8,-1;56,1,-5;60,-8,-2;65,-12,1;70,4,-5;76,0,-9;80,-8,-3;81,-4,8;90,-2,-13;91,-10,6;104,4,-15;107,-7,3;112,5,-12;115,-5,-5;120,4,-5;123,-8,3;136,-5,-22;150,3,-8;155,-4,5;161,-1,-7;175,-2,-6;188,-5,-21
rua||andorinhas|centro|35858000|21,-1903833,-4342816;33,9,-14;39,5,4;49,3,-13
rua||antonio de matos costa|tabuleiro do mato dentro|35860000|52,-1906203,-4354077;135,61,2;139,4,-5;145,11,-4;153,-34,20;161,-4,4;187,66,-36;203,-16,11;223,4,-2;323,16,-6;333,12,-9;355,20,-7
rua||antonio duque|centro|35858000|130,-1905064,-4342140;281,-5,0
rua||antonio galo|centro|35858000|4,-1902723,-4342276;15,8,-14;16,8,6;25,-4,-16;26,2,11;35,4,-8;36,10,2;45,-2,-18;46,5,9;53,-2,-10;56,8,6;65,2,-3;66,6,-1;70,-1,-2;77,3,-8
rua||antonio geraldo filho|centro|35858000|26,-1902272,-4343165;86,54,-34;106,-11,-8;120,29,-36;130,4,-13;160,17,-19;162,5,-7;172,7,-15;175,-9,-1;180,19,-1;185,-17,-14;195,-1,-14;221,5,-16;227,5,1;231,-3,-21;241,2,-3;244,7,15;249,-3,-21;252,8,8;254,-2,-3;255,5,-14;265,-9,5;271,14,-8;281,-7,-14;289,7,2;296,4,1;299,-4,-10;300,9,8;315,3,-31;320,-1,19;321,9,-29;345,-10,22;350,21,-32;355,2,-11;360,1,6;369,5,-19;370,-1,4;375,20,-26;384,-12,27;390,9,-15;392,12,-11;405,-23,9;425,2,1;426,37,-33;430,8,-10;441,5,-4;452,7,-13;457,-5,3;462,18,-9;463,-7,-5;476,15,-3;477,-8,-9;480,10,5;485,-5,-8;487,7,-8;490,3,11;495,8,-12;510,8,-12;519,-11,6;528,16,-14;529,-11,3;537,15,-4;547,11,-14;558,-2,3;569,14,-22;578,2,9;585,18,-27;588,-13,18;886,190,-211;915,23,-25;920,-8,-7;925,4,-6;930,3,-6;935,-4,-3;938,2,-3;941,-2,-11;945,0,2;946,13,0;950,10,-19;951,-13,10;954,9,-1;956,10,-20;961,-11,1;998,19,-23;1000,-1,24;1008,4,-30
rua||bahia|bandeirinha|35858000|15,-1902739,-4342752;41,15,-34;51,3,-6;91,14,-22;101,1,-3;111,19,-4;131,-5,-13;151,17,-14;161,11,-15
rua||bahia|centro|35858000|14,-1902750,-4342772;30,14,-13;50,7,-9;100,22,-24;108,9,-2;110,8,-14;120,3,-7;144,10,-8;154,11,-7;164,1,-7;174,9,-3
rua||bandeirinha|santo antonio do norte|35860000|3,-1881263,-4351004;10,-285,-182;15,-10,47;22,-8,-7;28,-10,28;40,-7,12;50,15,-28;51,297,119;52,9,2;60,-195,-46;62,-159,15;64,-26,-6;71,295,-29;75,5,4;80,22,10;81,0,8;91,-36,-25;98,30,17;99,-41,-3;150,-170,-97;161,136,46;171,-65,-44;199,-108,40;545,-29,-185;593,56,21;619,-8,-17;623,-4,-13;631,-38,-24
rua||band|centro|35858000|9,-1903775,-4342812;10,12,10;11,-16,-16;12,10,7;15,-19,-9;20,-33,6;30,-7,-3;32,24,7;35,-2,-1;145,41,11
rua||beira rio|corregos|35860000|64,-1888212,-4350156;74,1,2;86,11,-3;100,11,-3;101,-20,-4;104,35,-2;105,2,-7;134,35,-2;136,9,-3;146,32,-2;201,-35,-11;203,12,-1;257,32,-5;351,91,-18;431,92,-83;451,0,-35;455,10,35;533,3,-68
rua||bela vista|santo antonio do norte|35860000|1,-1881338,-4351369;32,61,-72;45,-6,8;84,-6,21;134,78,-192;153,-50,104;155,11,-39;158,48,-76;164,-12,20;165,-21,37;167,15,-24;169,-1,-21;172,1,29;200,53,-176
rua||bentinho simoes|centro|35858000|40,-1904068,-4342563;43,22,33;52,-27,-29;62,-1,-8;72,-7,-7;82,-2,-24;83,7,48;102,6,-66;105,-5,10;108,9,-18;141,-3,-40;148,0,12;158,3,-22;161,2,-1;170,-1,-5;189,8,-17;205,-17,-89;206,-4,-12;214,20,92
rua||bento milo|bandeirinha|35858000|202,-1902687,-4342892;212,-5,2;222,-7,16;232,-9,6;242,-5,2;262,-7,16;472,-17,7;492,-9,12;502,-6,3;532,-8,7;540,-9,9;552,-2,21;570,6,11
rua||bento milo|centro|35858000|6,-1902623,-4342969;21,-7,24;28,1,-13;31,-7,22;40,-7,-7;51,-1,23;61,-15,-6;71,-6,6;85,-1,9;151,-34,43;193,23,-28;213,-15,14;223,-7,2;243,-10,14;255,-13,6;301,0,10;471,-7,7;481,-9,6;501,-8,11
rua||betinho simoes|centro|35858000|17,-1903974,-4342816;23,3,-2;33,-7,13;53,-4,17;65,-11,5;73,-5,26;83,4,3;145,-9,27;147,0,14;149,-3,-8;159,-5,13;165,-1,1;173,-11,22;179,-3,3;201,9,-6;202,-1,-4
rua||bias fortes|centro|35858000|1,-1903724,-4342529;2,22,14;8,-9,-7;16,-12,4;17,-3,-12;18,2,17;20,1,1;29,-12,-26;31,-9,17;41,-15,1;50,11,17;55,-16,-6;56,7,3;59,-12,-4;70,7,9;72,-5,8;74,-3,2;80,0,3;90,-11,6;92,-2,2;106,-14,-10
rua||bom jesus|centro|35858000|21,-1902854,-4342210;27,-3,-9;154,-5,-10;182,-2,2;190,17,-14;193,6,-5;200,3,9;205,-1,-7;214,6,0;217,-4,-14;224,13,3;228,-68,-17;231,-9,2;235,72,12;236,-64,0;241,-3,-9;257,20,23;260,-7,4;263,38,64;279,-12,-15;285,1,2
rua||campo alegre|centro|35858000|6,-1903385,-4342822;16,-5,-3;19,-8,-13;35,-3,6;36,10,-14;41,-19,-64;42,16,45;43,-9,15;47,-1,-19;50,4,-3;53,-8,0;58,9,-9;63,-11,-12;70,3,6;84,-2,-7;92,-1,-3;95,-1,-10;105,-5,-5
rua||camponeza|centro|35858000|11,-1903436,-4343051;18,-3,-9;19,0,3;25,-9,-14;39,-165,-410;42,160,409;45,3,-8;51,-8,-10;60,-2,-2;69,-7,-9;70,11,19;79,-21,-33;80,8,1;90,-9,-3;100,3,-10;112,-6,-14;118,-1,6;120,-3,-13;121,-1,5;122,5,29;125,-11,-38;128,6,-5;131,-9,1;132,4,-5;140,3,-8;141,-7,3;148,11,-2;150,-17,-5;151,-6,2;153,6,-11;160,-8,2;163,-1,-11;165,-7,-3;169,0,-22;172,30,26;176,-22,-6;179,-10,-36;186,3,16;189,-18,-28;200,20,13;210,-9,-2;217,-9,-19;220,33,7;227,-33,-24;248,10,9;264,13,-16;268,-23,-2;284,-8,-9;285,-9,-12;297,-18,-63;302,26,50;340,-16,-39;343,-6,-3;356,3,-13;392,-11,-13;416,-17,-41;417,-44,-36;418,50,57;425,-50,-69;433,-3,-7;434,23,51;439,-24,-55;445,-12,-2;448,46,43;455,-38,-58;470,22,49;480,-4,-10;502,-5,-25;522,-4,-3
rua||carlos roberto rajao|centro|35858000|103,-1903946,-4343723;104,-6,10;105,-9,15;107,5,-10;111,-39,21;115,23,-8;127,6,30;131,-26,-1;135,16,-5;139,-26,12;140,13,-13;149,-21,18;151,-4,6;156,13,-8
rua||carmesia|centro|35858000|20,-1903775,-4341920;25,-18,4;30,-1,-4;35,-14,5;48,-4,-9;49,-5,6;60,2,-3;65,-11,-4;77,-7,1;80,-2,-1;90,-8,-1;93,-8,-2
rua||casemiro de souza|centro|35858000|15,-1903318,-4342408;16,-15,16;21,6,-6;56,-23,0;57,-2,10;61,-7,-5;68,-7,3;71,-2,0;72,-17,-2;81,2,10;97,-2,-3;98,-8,-5;103,-8,11;115,-8,-5;134,-3,-6;141,-13,3;151,-30,13;152,19,-20;169,-19,19;185,-19,-3;201,-47,-8;202,21,-2;206,-2,0;207,0,9;210,3,-7;221,-10,9;226,-16,-24;233,3,22;245,-13,-2;269,-17,3;272,-3,-3;283,-8,7;284,-7,0;293,0,4;304,-8,-1;310,-18,-2;321,8,7;324,-18,7;327,2,-2;343,-7,11;349,-6,-2;363,-22,-1;364,5,6;389,-22,24
rua||cemiterio do peixe 2|costa sena|35860000|7,-1866255,-4382341
rua||cemiterio do peixe|costa sena|35860000|9,-1866127,-4382327;12,-13,-102;15,18,16;31,-28,139
rua||chico dos padres|centro|35858000|50,-1902873,-4343192;100,-11,-8;110,-32,5;117,22,-10;121,-10,11;125,5,1;141,-9,2;150,-8,-2;151,6,-1;162,-26,-4
rua||chico julio|matozinhos|35858000|25,-1902748,-4342515;27,-8,-5;28,-1,-11;31,-5,8;37,0,-12;105,17,28;123,-6,-3
rua||chiquito costa|centro|35858000|29,-1903334,-4342359;40,0,38;41,-3,-50;73,2,37;75,-5,6;81,13,25;112,-7,-13;114,-2,12;118,3,8;122,1,18;129,3,13;140,-1,16;141,5,-11;151,2,10;152,0,25;166,4,9;176,2,13;179,2,-35;187,21,85;194,-16,-40;211,2,2;215,2,24;221,4,-1
rua||cinco|centro|35858000|17,-1902176,-4343995;20,-16,2;27,5,-5;37,-8,-10;47,-18,-7;57,3,-9;60,-12,6;67,2,-6;71,-11,-8;77,2,-1;87,-10,-11;97,-8,-3;100,-4,7;140,-10,-35;149,10,-7;160,4,-20;170,6,-3;190,5,-20;206,11,-11;242,22,-32;254,3,-12;363,43,3;375,7,2;387,9,10;400,7,2;435,28,20;456,29,15;468,9,3;478,8,8;488,11,9;500,11,12;512,5,1;524,8,8;536,9,5;548,13,8;555,-6,-3;560,15,14;567,-10,-4;572,17,7;584,8,5;594,9,9;606,2,3
rua||claudionor antonio galdino|centro|35858000|30,-1903987,-4341814;40,-6,0;48,-4,3;55,237,-99;58,-248,116;60,236,-117;65,-3,-1;68,-237,124;78,-2,11;81,233,-122;88,-233,121;90,2,18;95,225,-134;96,-4,-4;100,-26,13;105,4,1;107,-10,6;121,-8,-1;127,172,-75;130,-178,77;131,-8,2;137,268,-116;143,-278,115;146,264,-119;149,3,5;154,-9,-6;161,7,12;164,-15,0;171,-6,11;181,-269,113;191,-10,4;200,-3,-19;201,-8,26;213,271,-113;216,-12,-6;220,-266,105;221,-9,13;222,268,-114;224,-266,102;226,-11,2;227,251,-89;228,-304,128;230,322,-143;231,-269,117;238,-13,-3;240,-32,27;241,292,-123;248,-260,94;251,-5,17;256,278,-122;260,-290,120;266,276,-115;270,-278,121;271,9,3;276,262,-121;286,-16,6;295,-3,2;309,-7,4;312,-10,-2;324,-9,6;325,6,1;330,-101,49;360,73,-48
rua||coletor bento silva|centro|35858000|10,-1903407,-4342622;14,6,2;15,8,-27;16,-7,25;22,-1,-9;27,-3,-24;29,15,-15;49,7,-10;59,2,-11;383,-25,92
rua||coletor joao diana|centro|35858000|12,-1903903,-4342530;26,3,-9;35,-1,-17;51,9,-1;52,2,2;57,5,-9;61,5,-5;62,2,4;71,0,-12;74,10,4;81,0,-2;85,2,-5;89,11,-16;95,-4,15;96,8,-11
rua||conceicao costa|centro|35858000|218,-1903714,-4341872;244,0,0
rua||congonhas|centro|35858000|13,-1902859,-4342476;22,-7,11;30,6,8;31,15,-1;40,-5,17;41,1,-6;47,9,0;50,-10,8;51,11,-1;60,0,10;69,12,0;74,-11,8;84,8,6;89,12,3;96,11,42;99,-2,-31
rua||corrego das ninfas|centro|35858000|10,-1902912,-4345056;24,-38,-32
rua||corregos|centro|35858000|9,-1903013,-4342228;21,10,-7;22,5,3;31,1,-6;38,4,7;41,8,-17;48,13,10;51,-5,-8;81,38,-15;83,-32,6;84,22,-14;115,19,-5;120,29,-21;125,-16,6;134,3,2;139,8,-9;144,2,4;152,-4,-10;155,14,-4;157,-5,-13;160,-3,17;163,19,-19;169,9,2;170,-7,16;180,6,-1;192,7,-9;198,14,-10;203,-12,-2;218,17,2;222,4,-6;237,10,-11;238,0,-3;239,-1,0;242,2,-1;247,7,-9;248,7,3;256,-2,1;258,4,-5;267,0,-8;297,28,-17;309,8,-7;315,2,-5;325,11,-3;333,7,-11;341,7,-1;354,19,-13;355,-10,12;365,4,-10;371,5,-2
rua||corregos|matozinhos|35858000|302,-1902785,-4342375;312,15,-11;320,7,-9;326,9,-7;330,-1,0;334,7,-7;336,7,-2;340,8,-1
rua||costa sena|centro|35858000|8,-1902499,-4344286;11,-3,180;15,0,-14;25,2,-5;34,-30,-224;35,16,110;45,15,93;50,11,0;55,-13,-9;60,1,2;70,5,-10;75,-6,-9;128,-27,-196;131,-4,-8;148,20,-9;221,8,203;535,4,-209;545,-13,10
rua||costa sena|sao francisco|35858000|131,-1902504,-4344206;139,6,-5;153,1,-38;161,3,-6;170,0,-1;180,4,-17;607,-6,61;627,-3,-7
rua||cruzeiro|corregos|35860000|46,-1888264,-4350145;57,288,-160;60,18,-4;69,-41,11;70,-224,113;78,212,-100;81,53,-36;88,-68,37;90,-76,-2;112,-86,65;127,35,-55;130,-15,31;145,35,-39;150,-21,36;205,17,-2
rua||cuiaba|centro|35858000|3,-1903767,-4342565;25,1,-10;30,2,-17;31,-17,14;36,15,-25;40,-5,-18;50,3,-15;65,4,23;87,2,-55;101,17,-30
rua||da biquinha|centro|35858000|2,-1903003,-4342064;25,-17,-13;28,11,-7;31,-14,-2;40,10,-6;45,-24,-10;48,11,2;51,-14,-9;55,-4,-5;56,4,-2;60,1,4;61,-5,-3;70,1,-2;71,0,2;78,-11,-9
rua||da chacara|centro|35858000|64,-1902970,-4342237;76,23,-10;84,-6,3;90,11,5;92,22,-2;101,-6,-13;118,20,8;126,9,1;144,11,2;154,16,17
rua||da esperanca|ilha|35860000|8,-1894859,-4333715;141,-59,4
rua||da grutinha|itacolomi|35861000|34,-1900211,-4352136;49,9,26;51,-10,-21;53,4,-2;56,-8,-14;59,-14,-14;112,-17,-27;126,-24,-24;140,-1,2;156,-7,2;157,12,11;159,-7,-8;168,-22,-12;177,-18,-2;182,19,3
rua||da paz|centro|35858000|20,-1902040,-4344842;22,-4,26;25,1,-2;35,-15,9;46,-14,4;61,-2,8;70,-22,2;71,17,3;100,-50,12;102,1,-4;104,-32,1;106,1,5;150,-6,-24;161,-30,46;178,-2,-56;180,3,15;401,-165,36
rua||da paz|corregos|35860000|31,-1888431,-4350087;35,-18,15;47,-45,4
rua||da praia|centro|35858000|10,-1902786,-4342601;90,0,18
rua||da praia|matozinhos|35858000|39,-1902992,-4342728;55,7,22;75,1,6;77,21,13;85,4,4;99,17,7;139,67,27;151,14,-5;161,8,6;171,17,4;195,24,18;236,-18,-15
rua||damaso|sao sebastiao do bom sucesso|35862000|4,-1892420,-4340091;7,13,25;31,-27,-11;40,-5,-14;43,-19,5;46,2,-5;55,-14,1
rua||daniel de carvalho|centro|35858000|52,-1903667,-4342552;56,6,11;74,16,-7;82,4,-7;104,23,-9;110,4,3;113,2,-6;124,9,6;131,6,-6;154,23,6;161,0,0;168,13,2;189,174,-16;202,-147,13;210,8,1;250,36,-5;255,-2,7;263,7,-11;282,37,9;302,11,-3;320,17,3;330,9,-3;340,1,-3;342,4,-1;356,7,-1;364,12,-5;372,12,6;379,13,-14;380,-10,4
rua||dario guerra|centro|35858000|99,-1903978,-4343701;101,1,8;400,44,-44
rua||das flores|sao sebastiao do bom sucesso|35862000|2,-1892395,-4340183;6,-5,59;26,3,-28;37,-7,-6;50,16,-18;84,-7,-22
rua||dede barroso|centro|35858000|15,-1903576,-4342837;19,-1,-9;27,3,-19;40,13,-11;49,-11,-2;60,1,-9;63,-5,-1;65,-1,0;68,5,-7;74,-4,-11;77,0,1;85,-1,-10;87,-9,-1;90,2,-8;95,-2,-1;99,-10,-15
rua||djalma andrade|centro|35858000|1,-1903928,-4343597;3,-8,4;5,9,-2;9,-14,-1;11,-1,3;17,-9,-2;26,12,-5;31,-20,7;43,-9,-6;48,26,-1;51,-32,-4;52,6,-10;54,5,-25;56,-6,2;58,6,4;65,-18,16;70,-3,-8;73,-7,7;80,4,-13;87,-24,5;90,10,-6;125,-30,14;145,-44,23;147,-193,112;170,319,-112
rua||do carmo|santo antonio do norte|35860000|96,-1881138,-4351007;106,11,-14;144,14,-12;146,14,-10;160,7,-6;161,-6,-9;180,22,-3;181,-13,-4;191,3,-5;192,12,-5;211,4,-14;213,25,-19;230,-6,15;250,16,-20;257,0,-10;267,21,-1;277,-4,-9;283,8,-6;291,9,-9
rua||do cruzeiro|centro|35858000|2,-1903893,-4342150;3,4,-5;7,85,94;8,-93,-80;10,84,71;15,-21,-17;17,-48,-61;21,0,2;22,-5,10;24,3,6;25,12,-8;47,8,16;58,-7,6;61,14,2;62,-5,7;75,7,5;80,3,10;96,3,9;99,11,29;170,-64,-114
rua||do fogo|costa sena|35860000|1,-1866262,-4382400;2,4,1;12,78,37;13,5,2;16,19,6;18,11,7
rua||do progresso ou do cruzeiro|brejauba|35860000|670,-1920519,-4315338
rua||do tanque|santo antonio do norte|35860000|1,-1881278,-4351333;5,48,-42;6,-194,13;14,18,-5;18,310,-317;64,-5,259;69,1,20;71,-5,-44;82,-209,103;96,133,-24;98,92,-19;99,-51,-286;192,-310,316;215,-40,10;268,379,-249;271,2,-24;480,9,-25;992,-260,275;9910,209,-36;9999,-7,41
rua||do vintem|centro|35858000|60,-1904021,-4342443;74,1,17;84,1,22;94,5,4;106,3,13;116,1,16;130,-2,8;140,-8,11;156,-3,16;166,0,8;188,-6,14;202,-1,16;226,3,16;234,2,7;238,-10,17;247,12,-11;260,8,29;270,15,10;280,4,14;281,0,-10;300,3,10;310,1,10;320,9,15;330,10,1;338,4,8;352,3,8;366,12,16;376,0,17;391,0,-4;401,1,2;411,-3,15;421,2,11;496,-3,30;505,2,22;510,-5,-9;525,8,36;601,-64,74;603,-2,4
rua||dois|centro|35858000|97,-1902029,-4343742;109,-17,-1;121,-13,2;133,-10,1;145,-7,5;176,-47,5;177,11,0;181,4,-5;188,-23,1;197,7,-4;209,-10,6;212,-7,1;218,-14,0;221,9,-5;230,-21,2;233,8,-1;245,-15,-6;256,3,10;257,-9,-7;269,-12,-4;270,2,6;272,-15,-3;305,4,-2;317,-11,-5;329,-13,-7;353,-14,-5;358,-15,0;435,-49,-40;452,-17,-10;456,-10,6;468,-6,-7;471,7,-5;475,-30,-18;480,13,24;483,6,-11;492,-12,-1;495,0,-9;504,-12,-3;516,-9,-5;519,7,-4;528,-16,1;531,5,-4
rua||dos forros|costa sena|35860000|2,-1867227,-4366102;18,26,-104;20,-99,10;22,607,-39;30,116,25;32,-102,-21;34,7,-1;40,65,13;42,-36,-7;44,-87,-13;45,-5,2;48,116,18;50,-89,-16;60,-528,16;77,25,13;80,83,24;82,-195,-10;83,444,11;85,-437,-11;89,-7,-8;95,173,52;98,-10,15;134,561,-83;135,-513,49;180,32,-9;185,-5,-7;186,-24,-8;188,-42,-5;190,-7,5;193,3,-3;238,216,-38;241,-120,41;242,7,19;245,21,-36;251,6,0;253,12,-6;264,-3,13;273,19,-20;288,6,7;289,1,-9;292,-338,26;295,-10,6;309,368,-46;321,10,0;330,-6,14;336,15,-4;341,1,-17;344,7,16;345,4,1;364,19,-1;388,73,-3;411,-29,-12;415,14,-2;420,20,2;469,16,3;499,56,-14;500,-30,10;506,-14,14;513,54,-19;515,-27,2;521,6,11;550,9,-1;552,20,-1;626,-53,3
rua||dos machados|costa sena|35860000|23,-1866557,-4366221;24,47,13;27,-24,-8;28,89,33;29,9,8;62,-32,-20;64,6,4;286,-4,5
rua||dos pinheiros|costa sena|35860000|3,-1866781,-4366384;95,-160,135;96,45,-57;125,17,-8
rua||dos quarteis|costa sena|35860000|11,-1866884,-4366586;13,25,-9;14,-17,2;15,10,27;19,-35,-12;43,-5,-101;72,48,103;139,-27,-58;145,-31,-70;157,66,148;170,-40,-98;172,-40,-121;200,53,149;276,-53,-169;300,-7,-27;350,-25,-100;354,-2,-10;358,-5,-14;362,-5,-7;368,-6,-11;376,-8,-21;378,20,56;392,-27,-71;495,10,47;507,-2,-17;509,-30,-62;519,25,48
rua||edgardo santiago|centro|35858000|6,-1903821,-4342779;13,-43,-45;14,-3,1;18,1,10;20,-21,-23;22,32,21;30,3,2;40,12,11;50,5,2;64,-2,6;74,8,8;80,7,4;89,3,10;94,7,0;95,-4,4;147,23,-12;149,9,8;151,-12,-7;158,-7,18;159,-3,-6;189,23,3
rua||elias ferreira|meloso|35860000|60,-1907953,-4334056;61,6,7;101,-38,-3;127,-64,-24;134,23,10;191,-17,6;211,-24,-11;261,-234,6;273,185,-18;300,-25,-31;301,2,15;303,40,8;313,25,13;400,-73,-53
rua||eloi chaves|tabuleiro do mato dentro|35864000|5,-1906445,-4353724;65,103,-88;89,-21,21;128,-29,26;140,-4,8;250,-20,-57
rua||ernesto costa|tabuleiro do mato dentro|35860000|17,-1906215,-4354058;67,-37,18;87,17,-6
rua||ernesto costa|tabuleiro do mato dentro|35864000|92,-1906223,-4354056
rua||espedito fininho|centro|35858000|139,-1903334,-4343221;180,-15,-11
rua||espirito santo|centro|35858000|23,-1903290,-4342009;25,15,-10;26,-13,16;28,18,-16;36,10,1;43,-9,-9;47,11,-4;48,4,5;53,-5,-4;61,13,-11;64,2,3;77,9,-1;83,-1,-10;87,7,0;96,7,1;101,2,-18;102,6,16;112,4,-10;122,3,0;123,-4,1;125,7,-8;128,8,0;147,3,-9;148,-1,5;150,11,-3;151,-5,-12;152,2,7;157,1,-14;170,6,-2;171,4,5;175,7,-19;176,-5,7;182,17,-11;188,7,-38;197,-9,30;220,23,-21;238,5,-6;252,8,-7;266,8,-15;272,2,-9;288,7,-11;292,4,-11;310,14,-17;332,11,-9;333,-8,1;340,5,-9;360,12,3
rua||espirito santo|itacolomi|35861000|11,-1900183,-4352155;43,40,3;55,20,11;72,14,21;77,2,-11;95,16,9;98,-8,14;100,80,32;118,-41,-24;130,6,2;135,-25,-17;141,9,1;147,49,31;156,-27,-10;161,11,1;193,35,23;213,32,15;224,-12,-2;280,44,23;290,-3,-1;315,1,-2;319,-68,-36;335,101,59;340,-61,-31;430,88,65;431,-14,-19;457,70,51;460,-47,-24;467,53,28;470,-34,-8;475,-25,-31;477,70,47;479,-62,-39;480,50,36;485,-36,-19;487,75,30;490,-26,-5
rua||euripedes guimaraes|caetano|35858000|6,-1903645,-4343096;15,-10,11;46,-2,-1;55,23,-5;96,-67,13;110,-14,11;338,45,-13
rua||euripedes guimaraes|centro|35858000|99,-1903696,-4343065;129,-59,-91;131,-8,-1;136,-8,-15;156,13,-25;164,-5,5;166,-8,-14;176,-4,-6
rua||faustino|sao sebastiao do bom sucesso|35862000|7,-1887199,-4332385;9,12,2;10,1,14;27,-22,-24;28,160,93;45,-154,-107;120,57,110;132,14,13;138,-68,-62;173,15,13;176,67,45;183,-69,-60
rua||firmina portela|ouro fino do mato dentro|35860000|38,-1893536,-4359060;45,-12,1;46,-10,-11;56,-10,-7;63,-15,-2;64,-2,-8;74,-16,-21;84,-6,-8
rua||francisco marques|santo antonio do norte|35860000|14,-1880791,-4351210;54,-143,32;56,5,-6;120,52,-16;126,30,-10;134,-19,4;140,216,-160;174,12,-33;176,-199,189;190,21,-2;206,199,-213;290,-4,-74;296,-384,363;300,379,-366;310,-368,356;314,354,-386;400,-4,-28;475,37,-61;480,7,3;511,37,-3;531,7,10;578,38,31;603,-26,-28;635,49,50;641,-29,-34;644,40,42;685,20,-3;703,-31,-10;1257,-127,95;1260,11,-13
rua||geralda maria de jesus|bandeirinha|35858000|42,-1902609,-4342940;48,4,14;50,7,12
rua||geraldinho costa|centro|35858000|17,-1903699,-4343242;48,-63,11;52,9,0;60,12,-7;69,-11,9;426,-114,-30
rua||geraldo amorim|centro|35858000|2,-1902500,-4344530;11,-34,4;12,11,15;13,6,-14;18,-5,5;22,-7,4;47,-14,8;64,-8,-1;71,0,2;80,-6,2;81,-4,6;101,-6,0;141,-47,16;179,35,5;185,-63,11;191,53,-19;215,-5,13;223,-133,18;225,114,-18;263,-121,17;280,85,-8;281,-12,-10;282,-9,8;290,9,-1;392,-81,14;401,164,-41;413,-90,23;421,-15,3;431,-25,5;432,-55,16;434,73,-25;447,-8,2;452,-37,13;481,-15,7;491,-4,5;501,-6,3;502,8,-10;512,27,-9
rua||geraldo pires carneiro|centro|35858000|18,-1902183,-4344638;21,-3,-2;22,-24,15;25,18,-2;26,-24,14;32,-8,-2;38,-9,3;44,-10,10;62,-5,-3;70,-518,233;72,346,-151;75,190,-87;80,-126,62;84,110,-44;100,-28,0;131,5,4;136,-20,-3;140,-13,5;144,-5,13;150,-5,-3;152,3,3;155,4,1;156,-18,3;165,-2,7;172,-11,-3;175,6,5;182,-11,-4;192,-10,12;201,-7,-1;226,-10,1;236,-22,13;237,30,-11;241,-6,2;247,-4,4;250,-30,17;258,-1,1;259,11,-7;267,-23,23;272,-26,-11;279,24,13;280,-17,-12;284,-18,5;291,27,-6;300,-32,11;319,12,8;320,-25,-3;329,7,4;339,-14,5;340,-8,-4;361,-16,22;364,3,-12;368,-10,3;377,3,11;378,-5,-8;388,-12,6;400,-11,-1;401,24,-7;410,-32,14;411,4,8;418,26,-16;425,-28,13;427,-32,17;428,-2,3;434,23,-22;450,-9,6;461,-14,-7;464,-5,18;472,-12,4;477,3,5;480,-13,-5;491,-1,13;500,1,-12;530,-24,13;540,16,-8;550,-26,12;560,-13,10;561,-6,5;566,-11,0;571,0,5;587,-13,4;592,6,-8;600,-10,9;603,-8,31;612,2,-33;614,-14,8;621,-7,4;624,2,-4;691,-76,38;722,61,-28;732,-16,3;740,-3,3;780,-46,21;790,-6,-4;794,-5,4;810,-16,4;821,-77,36;831,-7,2;841,-8,6;861,-17,6;901,-44,13
rua||gustavo pinto de miranda|costa sena|35860000|20,-1866162,-4382410
rua||honorio pires de souza|centro|35858000|28,-1902600,-4344310;30,8,-25;36,-4,8;90,-9,-26;102,5,-7;130,-5,-57
rua||inhalina|centro|35858000|27,-1903429,-4343035;28,8,-5;35,-14,9;38,6,-7;45,-16,13;393,34,-20
rua||itabira|centro|35858000|10,-1903844,-4342037;14,-3,15;17,8,19;23,1,2;40,-10,1;49,7,9;50,-7,-7;60,-6,7;62,3,11;71,2,16;76,-7,-5;77,5,11;81,-4,6;90,-7,-6;100,-1,18;110,-7,12;111,0,0;120,-13,10;121,17,-2;129,-8,12;130,-6,1;148,2,3;149,0,10;154,-9,-1;158,-2,7;159,9,2;161,-7,16
rua||itacolomi|centro|35858000|11,-1903436,-4342980;12,37,9;21,-44,-23;22,40,27;23,5,-4;29,-6,-2;33,-5,6;38,0,0;42,-5,6;45,2,-4;48,-10,-4
rua||itambe do mato dentro|centro|35858000|1,-1902321,-4344274;2,107,7;4,-357,-11;6,287,0;11,-40,2;21,-16,-6;25,103,14;38,9,-2;45,-16,-2;53,-11,0;74,-22,-12;75,-5,11;83,-14,-2;95,-7,0;100,1,-3;102,-14,2;120,6,-5;160,-47,1;170,-10,1;176,-96,1;180,84,-4;190,-131,3;320,-78,-7;388,43,10;442,-44,-19;639,67,6;658,-4,11
rua||itambe do mato dentro|sao francisco|35858000|21,-1902544,-4344278;27,-16,4;51,188,-1;67,-186,-2;155,200,4;159,-32,-4;161,-7,-2;163,-9,1;167,-25,2;175,-32,1;224,-118,-4;320,-4,-7;636,66,18;646,-4,-4;656,-13,2
rua||janjao|santo antonio do norte|35860000|140,-1881172,-4350889;184,25,74;190,-3,9;240,8,28;301,46,35;385,-62,-13
rua||joao carrinho|centro|35858000|44,-1902126,-4344627;50,-18,-8;52,6,-1;54,-19,-16;56,-2,-7;66,-3,-7;76,-7,-8;86,-4,-4;136,47,54
rua||joao dias de moura|centro|35858000|55,-1901741,-4344540;83,-3,-21;99,4,-16;100,6,-9;109,1,8;116,0,-19;119,-4,0;129,-1,-9;137,8,-11;148,3,0;164,-2,-14;165,-4,-5
rua||joao evangelista|centro|35858000|4,-1901798,-4344551;56,1,-36;65,-3,-18;77,10,-10;87,0,-15;88,2,-6;90,-1,-10;118,2,-3;132,1,-14;144,3,-11
rua||joao leiteiro|centro|35858000|20,-1902152,-4344922;99,-19,-2;176,152,46;180,-41,-18;210,-102,-136
rua||joao lolo|centro|35858000|24,-1905212,-4341984;25,14,10;37,9,11;87,22,55
rua||joao mariano|sao sebastiao do bom sucesso|35862000|4,-1892398,-4340081;20,-124,310;53,-6,-24;237,76,-165;244,3,0;246,-10,23;374,54,-147;404,-3,-18;440,-10,-38;464,-7,-18;484,1,-24
rua||joao moreira de souza|ouro fino do mato dentro|35860000|14,-1893609,-4359133;22,-1,3;37,-43,18;52,18,-9;53,-29,6;57,-14,-10;74,15,-5;77,-14,1;86,-18,-21;88,-13,-5;90,23,22;101,-25,-11;121,-29,-18;124,16,6;125,-28,-16;126,24,-8;128,-18,-11;129,-19,14;130,-3,-9;133,-16,-1;138,5,-16;140,-15,-2;152,-32,-7;158,33,12;189,-10,-2
rua||joaquim americo|centro|35858000|26,-1903371,-4342566;34,19,13;35,-3,1;40,23,54;41,-16,-44;51,10,14;90,14,43;110,1,23;120,9,0;140,5,22;147,-2,6;380,-44,-133
rua||joaquim avila|santo antonio do norte|35860000|3,-1880981,-4351162;33,26,-14;43,4,-7;51,12,-4;103,48,-18;121,13,1;133,10,-4;165,29,-11;189,15,1;215,27,-11
rua||joaquim costinha|centro|35858000|2,-1903447,-4342999;4,-1,17;15,-4,-2;20,10,-22;28,-24,34;30,-8,4;37,3,0;40,-11,12;47,-3,1;53,-6,-3;54,6,0;56,-7,6;59,-2,-2;62,-5,4;65,63,-14;66,-70,14;67,2,6;70,-12,0;77,-2,1;78,-5,-2;88,-3,6;119,-28,19;126,-6,-3
rua||joaquim costinha|tabuleiro|35860000|1,-1906020,-4353462;41,12,50;45,-17,17;77,-97,116;82,46,-80;108,-12,15;111,-6,11;122,-1,-3;139,-28,66;200,-37,5;213,4,57;220,-13,-26;235,-26,46
rua||joaquim duzina|centro|35858000|13,-1902648,-4342213;27,14,1;30,10,4;35,-5,-5;45,5,-7;53,8,-3;61,5,-9;220,-37,55
rua||joaquim marques viana|ouro fino do mato dentro|35860000|20,-1893596,-4358982;22,-80,-82;28,-16,-7;32,-21,-7;36,-36,-26;40,130,110;44,1,-10;54,-15,-15;58,-32,-30;87,14,19;91,-14,-13;106,-22,-19;203,-57,-29;217,-8,-6;324,-11,-26;325,5,6;329,-11,-10;349,-9,-15;369,-14,10;401,-11,4;915,-35,-47
rua||joaquim roberto|centro|35858000|2,-1902686,-4342236;13,6,-15;16,4,7;25,4,-8;26,6,2;34,7,-6;35,-7,-8;45,6,4;46,10,4;55,2,-15;56,4,3;60,3,1;63,-5,-6;65,3,-3;75,9,-1
rua||joaquim soares maciel|centro|35858000|330,-1903578,-4342012
rua||jose antonio de almeida|tabuleiro|35860000|103,-1906053,-4353125;105,-9,14;145,-21,16;210,23,-23;260,-39,35
rua||jose inacio|centro|35858000|16,-1903477,-4342253;17,6,-3;19,-12,4;27,-1,0;108,24,-8;150,-54,11;504,-17,12;514,5,-10
rua||jose paulino|centro|35858000|2,-1903100,-4342522;41,-16,33;121,26,-21
rua||jose pinto fernandes|centro|35858000|40,-1903308,-4342748;56,-20,-246;67,9,206;77,7,-9;86,2,-41;89,9,37;91,-18,-55;93,1,-6;95,8,-6;99,-16,-18;107,-16,-12;109,31,26;117,-32,-25;185,-17,-35;186,29,33;205,-44,-63;214,-5,-9;215,0,3;232,0,-9;233,-3,2;335,-1,-18;353,-6,-19;365,-6,-9;371,-3,-9;383,0,-2;405,-8,-26;421,-8,-4;433,-4,-14;447,0,-16;459,-10,-5;469,-5,-13;479,-4,-2
rua||jose santana|centro|35858000|78,-1903612,-4342944;81,-15,12
rua||jose sena|centro|35858000|2,-1903351,-4342590;18,14,-3;26,50,-20;38,-32,15;41,-4,-9;50,7,3;66,185,-101;78,-154,93;99,8,-6;117,5,-1;118,1,3;140,19,-11;144,12,0;160,7,-14;214,36,-12;444,97,-68;445,-27,11;447,63,-20;451,7,-15;463,12,-10;473,9,0;897,24,9
rua||jose sena|do rosario|35858000|143,-1903292,-4342633;159,53,1;191,23,-11;203,12,-4;211,10,-5;217,16,-10
rua||jose teba|centro|35858000|75,-1903846,-4343334;531,-2,30
rua||jose tereco|centro|35858000|12,-1903633,-4342804;17,0,15;24,5,-16;27,-4,1;32,-1,-14;33,-11,-12;34,9,-3;37,-4,10;50,-5,-164;60,10,155;66,-4,-12;74,-5,-10;75,-5,-22;78,12,11;80,-9,-16;84,1,-17;91,-5,8;94,6,-11;106,1,-12;117,-37,2;121,18,-10;127,22,-16;133,-13,-9;150,-4,-72;151,3,72;179,-3,-32;180,6,4;185,-4,-4;189,-21,-15;200,30,24;210,0,24;217,-33,-47;220,31,13;227,-9,-26;239,-5,-12;240,-4,-13;250,7,-10;261,-8,-3;269,-1,-13;277,3,-4;287,-6,-17;300,12,27;318,-6,-11;350,-12,-36;360,-6,-13;363,1,23;365,-11,-7;370,9,-21;375,-6,5;382,7,-19;383,-12,5;394,4,-9;400,-7,-18;405,-3,17;415,0,-14;425,0,-5;435,0,-17;440,-18,-1;445,13,7;450,2,-18;459,-5,0;460,-1,-9;469,0,-6;470,1,-10;471,-3,16;479,-2,-15;480,2,-7;489,-9,-5;500,6,-7;515,-6,-23;520,3,7;525,-3,-13;530,-4,-8;531,0,-1;537,3,-10;551,-10,-7;554,12,17;564,-6,-16;567,-8,-12;570,14,-4;575,-14,-6;584,4,-4;585,-17,-18;600,14,8;603,-17,-17;610,12,-3;617,-13,-8;631,0,-15;643,0,-5;675,-8,-18
rua||jose utsch ribeiro|centro|35858000|7,-1901968,-4344732;15,-16,12;39,-15,3;43,-1,2;49,-2,10;57,-2,1;123,-90,110;140,-27,1;144,-15,-5;148,1,22;150,-14,4;158,-9,3;164,0,15;171,4,11;177,-8,4;178,-10,6;182,-6,11;187,1,1;190,-13,-1;193,8,9;197,-2,13;202,-12,-8;210,-5,10;220,-20,11;221,13,4;228,-28,17;232,17,-20;235,4,13;236,-29,0;280,-50,30;285,30,-3;289,28,-26;300,-60,32;319,-251,207;323,209,-189;329,10,-2;338,26,-21;345,-41,26;352,29,-16;362,-18,4;363,-20,17;365,-15,-4;372,33,-14;375,-41,15;382,28,-3;385,-36,5;392,20,-13;394,-5,1;407,-33,15;412,13,-10;431,-29,8;439,-5,-4;465,-6,2;485,-11,6;491,-20,9;495,1,-5;505,-7,1;515,-13,8;525,-9,18;550,-15,-37;560,-18,4;565,2,8;570,-8,1;575,-6,0;580,0,2;590,-17,-4;594,-7,-5;595,14,12;600,-40,3;610,2,-2;622,-9,2;632,-5,2
rua||jose vieira|centro|35858000|25,-1903820,-4342311;30,-6,14;31,2,-13;40,-6,28;41,0,-5;48,-7,3;49,-9,3;54,19,8;59,-21,-7;60,15,16;70,-6,3;79,5,6;86,-12,5;90,27,8;91,-44,-11;99,12,36;104,8,-6;110,0,0;111,1,16;124,-18,-2;127,15,13;144,3,2;147,-11,20
rua||jove queiroz|centro|35858000|21,-1901974,-4344465;30,16,17;33,-1,-4;36,-1,10;38,21,1;43,-10,-9;50,21,19;53,-10,-11;65,4,1;79,17,12;80,-7,0;85,14,1;86,3,1;90,-1,6;93,15,0;101,9,4;103,-9,-2;112,6,10;115,14,-5;121,7,8;139,5,-1;151,15,12;161,10,7;181,18,10
rua||julieta santiago carneiro|centro|35858000|52,-1904649,-4342264;68,-14,12;69,1,-2;85,-35,32;177,-32,55
rua||junio tiago da silva costa|centro|35858000|33,-1904019,-4342778;65,2,-8;68,-25,-14;74,13,-7;78,9,8;83,-28,-11;85,38,52;132,-68,-58;144,-16,3
rua||juvencio da silva guimaraes|centro|35858000|79,-1904755,-4342315;90,-10,-3;108,-10,7;123,9,4;148,-46,24;206,-31,22;223,3,5;241,-17,12;247,7,-3;250,-20,6;255,8,2;296,-44,22;316,-8,8;318,-4,-1;320,-2,4;322,-2,0;324,-2,2;326,-3,0;328,-2,3;330,-1,1;332,-3,1;334,0,3;340,-9,10;354,-12,4;395,-37,26;494,-63,44;538,-44,27;568,-19,16;583,-7,14;584,-8,-2;614,-14,15;645,-18,24;651,-7,3;662,-13,0;681,-2,10;691,-12,9
rua||juvencio miranda|centro|35858000|14,-1902622,-4343032;70,49,-18;134,47,-36;140,8,1;150,13,-8;160,10,-2;170,4,1;176,2,-3;192,17,-6;196,22,0;206,11,-13;250,41,-4;280,32,-3;288,7,-11;300,9,4;310,6,1;320,10,-7
rua||lapertosa brina|centro|35858000|90,-1903394,-4341965
rua||leninha abreu|centro|35858000|113,-1902883,-4342200;157,42,30;163,-3,5;172,-11,-7;179,-3,-12;189,-13,-3;239,-35,-13;255,-27,2;260,2,1;261,-7,2;263,-2,2;264,11,-3;267,-4,19;270,0,-19;275,-16,14;289,-10,7;290,-8,-9;297,40,9;300,-50,-8;330,-8,10
rua||leoterio barbeiro|centro|35858000|6,-1904028,-4341745;7,-14,1;10,7,2;30,-19,-1;40,0,3;48,-14,2;59,7,-2;60,23,3;79,-47,5;80,-2,-8;89,3,5
rua||levi milo|centro|35858000|4,-1903461,-4342979;5,-1,-10;8,-6,-9;21,-3,5;23,-5,-7;26,4,-7;30,-14,-9;39,4,8;40,-4,-3;48,-8,-15;49,-4,7;59,4,1;66,1,-8;68,-9,-13;69,-8,9;75,-3,-11;80,5,-3;87,-11,2;88,4,-8;98,-10,-11;107,-2,-3;112,-4,-8;117,1,5;122,-14,-8;127,3,0;128,-13,2;134,5,-11;137,8,7;140,-21,-16;144,-38,-45;154,44,54;155,4,3;167,-15,-11;168,-1,-3;169,-8,-7;171,-2,-11;178,4,8;183,-13,-9;186,6,3;191,-15,-14;196,7,6;203,-15,-26;208,13,19;222,-49,-61;225,31,43;230,-49,-80;236,50,71;244,-8,-8;252,-4,-7;259,-8,1;268,4,-9;276,-9,-12;281,-1,-4;284,4,10;290,-8,-14;293,-12,-4;295,1,-6;297,-9,-9;304,22,-5;308,-10,1
rua||levy pinto|itacolomi|35861000|88,-1899794,-4351868;89,-1,-3;110,14,-2;115,-7,-21;131,2,-8;149,10,-10;160,4,-19;175,-5,-8;179,0,-8;192,10,-7;193,-1,-8
rua||luiz maria|centro|35858000|30,-1903534,-4342353;41,-1,-2;50,0,16;51,7,-7;55,-1,11;59,5,11;60,-7,5;63,7,-1;72,-7,7;83,18,12;84,-14,-1;99,12,10;106,-3,11;109,10,1;119,1,19;120,-3,-4;136,2,17;150,4,13;151,7,-5;160,-12,10;161,9,3;174,5,10;183,2,3;187,3,15;188,-3,1;201,8,11;204,-7,-4;212,6,15;213,4,-3;225,2,9;231,-9,13;232,-2,-11;236,7,7;241,6,11;244,6,-3;245,7,47;248,-11,-34;254,23,10;255,-25,-2;260,3,-14;264,6,8;274,7,28;287,-3,12;294,3,-4;303,7,11;306,-7,-5;309,2,14;318,2,-2;320,2,3;335,5,16;341,-1,11;350,8,-4;367,1,29;376,-4,1;377,9,3;382,-2,11;385,0,-7;386,-5,13;405,13,8;406,-8,0;409,14,13;414,-7,17;415,5,-14;420,-4,19;421,5,-6
rua||manacas|centro|35858000|27,-1902400,-4344852;55,-25,6;89,-21,2;90,-14,-20;131,-41,22;158,-14,-24;179,-11,11
rua||manoel simao|centro|35858000|7,-1902858,-4342632;8,5,7;10,-3,5;14,17,10;15,-19,-6;176,4,-24
rua||maria pacheco|centro|35858000|13,-1902283,-4344335;19,29,-2;22,76,-20;100,40,-12;132,-28,-2;227,-162,38;300,67,-7
rua||maria pires carneiro|do rosario|35858000|25,-1903164,-4342715;35,-3,-9;45,0,1;47,5,-24;55,-9,-5
rua||mariinha|costa sena|35860000|11,-1866153,-4382364
rua||matozinhos|centro|35858000|6,-1903020,-4342374;7,-10,-5;15,10,-9;20,3,5;25,10,-11;26,-1,12;32,8,-9;35,-4,-9;44,12,2;45,6,-11;54,-1,6;55,-2,-2;65,8,-8;75,8,0;83,5,-4;93,-18,8;95,25,-13;97,7,-8;105,10,-12;119,5,3;129,4,-9;139,11,-6;147,12,-4;153,1,-1;165,3,-8;177,15,-4;181,9,-12;186,7,-1;193,1,2;195,0,-8;196,14,8;197,-57,41;208,65,-54;220,3,1;222,27,-32;225,-32,23;232,13,2;239,1,-7;242,10,-8;254,3,4;257,1,-10;262,18,-3;266,-10,5;274,13,-9;277,-17,1;281,5,-1;285,8,-7;291,8,-2;292,7,5;297,-2,-11;303,4,-4;304,5,10;311,3,-13;313,5,-8;320,0,11;331,17,-15;348,9,-1;349,10,-8;389,23,-21;407,9,6;411,2,-13;413,69,-34;505,3,-9;515,12,5;531,22,-16;539,11,2;545,8,-5;551,5,-5;553,14,-7;555,0,2;557,7,2;559,9,-7;564,-338,193;579,344,-194;605,10,-3;611,7,2
rua||matozinhos|matozinhos|35858000|404,-1902713,-4342591;416,9,-10;422,0,-7;432,17,4;446,6,-14;452,13,-2;460,2,6;476,13,-5;480,4,-10;482,9,2;506,15,-7;526,7,-10;536,4,-4;540,20,-4;542,7,-5;550,12,-2;560,3,1;570,10,-2;602,26,-9;618,9,26
rua||miguel tanure|centro|35858000|17,-1902882,-4342524;27,-23,-52;36,19,55;47,3,-12;55,-8,-7;63,0,-13;64,0,12;67,-2,-24;71,1,22;81,-5,-29;88,10,8;101,-2,-6;108,-3,-12;116,-4,-8;122,-2,-15;132,5,17;142,-3,-30;166,1,-14;176,3,-3;186,7,-18;193,6,141;195,-1,14
rua||milton silva|centro|35858000|15,-1902410,-4342932;22,-199,-11;25,200,3;26,-1,10;31,-4,-17;33,-192,13;35,192,-20;36,5,14;41,-190,8;46,187,-17;47,-7,-11;55,-173,45;56,180,-41;57,-6,-13;60,4,-4;65,-8,-3;72,4,-7;74,0,26;75,-4,-26;85,-7,-13;95,4,-14;120,15,-2;123,-7,-4;133,17,-3;142,5,2;143,-6,-6;152,21,29;173,2,-30;175,20,-14;179,-10,12;180,-9,36;181,22,-44;183,-22,21;190,0,42;193,2,-34;200,3,45;203,-1,-39;213,0,10;216,2,40;226,-2,8;233,7,-16;243,-4,8;283,15,3
rua||morro do pilar|centro|35858000|44,-1903474,-4342038;301,-55,25;316,27,-10;340,-11,6;343,-41,16;344,28,-17
rua||nestor silva|centro|35858000|1,-1903770,-4343398;17,12,0;26,-93,-90;37,73,77;53,-12,-6;61,-9,-7;71,0,0;81,-18,-7;83,-4,-1;89,-5,-5;101,2,-16;102,11,1;114,-12,-16;117,1,1;125,-14,-9;126,3,-1;135,-7,-5;140,5,3;145,-15,-7;152,9,-3;170,-14,-15;171,-4,0;187,-17,-19;190,3,-3;193,-7,-2;197,0,-3;204,3,-7;220,-5,-11;221,-9,-9;225,-1,11;229,-1,9;230,0,-33;233,-2,6;236,0,-3;245,-7,-5;247,-3,-4;249,1,-7;252,8,4;253,-15,-11;256,23,33;257,-22,-37;272,2,-9;283,-7,-5;284,2,-17;293,-4,4;299,4,-8;304,-3,-12;307,-10,6;317,8,-1;327,-4,-17;330,5,-6;333,-4,-7;340,3,0;345,1,2;367,-13,-25;370,8,-1;382,-6,-21;400,-5,-15
rua||nicanor|santo antonio do cruzeiro|35860000|49,-1879551,-4356451;75,78,-27;80,7,-2;85,24,-40;138,-7,24;182,16,-20;221,26,-34;231,-4,-12
rua||nico pires|centro|35858000|2,-1903302,-4341971;475,-2,9;495,-12,17;503,-22,36
rua||nova esperanca|santo antonio do norte|35860000|1,-1881520,-4351060;2,31,18;3,-20,9;4,31,14;5,-45,40;9,39,-4;10,23,12;17,-89,-131;19,34,-53;59,-14,40;68,-39,143;116,87,-31;140,-23,-173;145,15,9;146,-17,-19
rua||olimpio guimaraes|centro|35858000|50,-1903725,-4343079;60,-2,-17;70,-1,-8;90,-10,-18;112,-2,-4;180,-26,-83;504,-47,-144;534,-21,-9;544,-19,15;554,-9,-5
rua||olinto carlota|centro|35858000|13,-1903532,-4343028;15,66,58;20,-81,-65;21,5,4;25,76,61;27,-76,-65;28,-3,0;36,-10,-8;44,-4,-8;45,12,14;50,-21,-15;58,0,3;69,-12,-3;72,0,-14;79,-1,8;80,0,-6;89,-10,-1;96,-4,-12;99,8,8;100,-13,-18;109,1,9;114,-28,-16;118,18,-3;119,2,15;123,-8,-14
rua||oliveira santos|centro|35858000|50,-1902933,-4342820;114,16,-32;126,5,-11;144,1,-10;151,20,-15;152,-12,12;179,39,-44;181,-17,18;191,8,-5;198,7,-1;204,17,-23;221,9,3;232,18,-11;238,6,-7;246,11,-7;249,-20,2;256,24,-2;259,-10,1;273,9,0;274,1,-5;289,25,-14;294,-7,11;300,13,-12;310,9,-7;311,-6,2;322,18,-5;335,-2,-15;357,20,-2
rua||oliveira santos|centro|35860000|3,-1902988,-4342764;45,20,-42;61,7,-14;69,6,-7;77,6,0;93,-5,-7;107,41,-34;115,-23,16
rua||otaviano lapertosa brina|centro|35858000|5,-1903362,-4341974;10,24,-10;20,-14,7;79,3,-2;89,-11,7;91,-13,9;93,-22,-4;95,-1,5;97,-6,1;99,-16,6;111,-51,14;140,16,-10
rua||parauna|centro|35858000|20,-1902966,-4342384;32,3,4;36,6,8;44,0,3;50,3,4;58,6,1;62,4,0;89,28,34;95,4,6;104,-7,-7;108,-2,10;113,10,4;114,0,4;136,5,1;151,-2,5
rua||pedrinho da mata|tabuleiro|35860000|11,-1905923,-4353430;76,18,-4
rua||pedro madureira silva|bandeirinha|35858000|99,-1902646,-4342881;121,20,10;220,2,1;230,25,-5;334,-92,-46;346,-7,-3;356,8,14
rua||pedro madureira silva|centro|35858000|100,-1902637,-4342868;120,10,-1;170,33,-5;180,-6,5;200,16,-5;210,13,-2;285,8,0;305,43,-6;370,17,-2;376,11,-2;380,12,-3;390,5,3;398,18,-6;406,9,0;430,36,-8;440,11,-2;450,15,-2;460,12,-1;660,9,-5
rua||pedro madureira|centro|35858000|9,-1901989,-4342965;261,-585,86;271,11,-4;300,23,-2;321,25,-5;330,8,-1;339,-195,-43;340,202,41;345,29,-1;350,-20,1;382,34,-2;399,12,-2;420,17,-4;555,-37,4
rua||pedro peixoto|itacolomi|35861000|35,-1900179,-4352087;45,-4,-4;49,-68,216;61,66,-227;69,2,-11;75,1,-19;230,-22,198;243,4,-13;255,-4,16;280,-16,15;290,2,-7;298,-23,13;320,-11,11;338,-12,8;348,-6,-1
rua||pedro pereira|centro|35858000|6,-1901921,-4344674;10,-9,3;20,-5,12;31,1,33;32,1,-23;40,-2,16;42,-4,12;45,-2,15;51,-11,32;56,1,2;57,1,5;76,-9,6;90,1,19;108,-12,19;110,0,7;120,-6,4;130,0,14;139,4,-4;150,-16,20;155,11,-7;160,-10,11;165,3,4;170,-9,6;180,-11,8;190,-5,10;191,14,-4;200,-23,10;201,12,-2;210,-21,8;220,-10,5
rua||pedro simeao|santo antonio do cruzeiro|35860000|52,-1879486,-4356440
rua||piraquara|centro|35858000|31,-1903014,-4343213;34,-78,25;45,79,-28;52,-9,3;75,-11,8
rua||pito aceso|ouro fino|35860000|7,-1897524,-4355470
rua||principal do meloso|meloso|35860000|1,-1908002,-4334033;552,-132,48
rua||principal|brejauba|35860000|31,-1920561,-4314823;90,-6,61;97,-6,14;121,6,-22;225,16,-81;231,2,-33;265,6,-28;285,2,-4;298,7,-8;333,0,-32;356,20,-30;366,-5,-6;390,3,-28;418,8,-16
rua||principal|senhora do socorro|35860000|28,-1913835,-4315335
rua||principal|tabuleiro do mato dentro|35860000|14,-1906260,-4354007;22,-11,-13;32,-5,-7;37,8,214;42,-12,-221;52,-11,1;62,-1,-5;70,-2,-4;72,-4,-3;73,54,61;79,12,107;80,-66,-178;97,61,196;120,5,-47;131,-25,67;170,33,-119
rua||principal|tabuleiro do mato dentro|35864000|12,-1906249,-4353989;18,-18,220;34,-8,-33;44,3,-13;101,-29,-257;130,35,242
rua||principal|tabuleiro|35860000|31,-1906117,-4353514;35,33,17;51,-35,-71;63,-24,24;540,-92,-88
rua||quatro|centro|35858000|2,-1902152,-4343977;7,123,-59;22,-396,238;34,9,1;41,13,2;55,10,7;58,-4,5;65,15,0;70,-4,8;79,17,1;106,14,12;107,8,-4;118,3,5;119,14,4;121,-25,-11;122,-11,2;130,31,12;134,-39,-16;142,52,16;170,-84,-33;241,141,0;253,1,-10;265,7,-9;279,4,-10;298,19,-18;299,-8,-1;312,15,-7;313,-3,-6;324,2,-10;325,1,0;336,8,-9;337,-2,-1;431,53,-92;441,-2,4;445,-2,-4;457,5,-11;463,17,-13;508,34,-15;520,7,-7;532,17,-6;544,8,-4;556,13,0;570,13,0;582,6,-1;594,14,-6;606,13,-1;618,9,-4;630,7,-1;642,14,-3
rua||quatro|corregos|35860000|143,-1888189,-4350239;151,-26,-26;153,10,4;160,14,10
rua||quebra|centro|35858000|19,-1903773,-4342211;34,-12,5;45,-17,12;50,2,6;61,-8,5;66,-3,-9;157,-48,24;171,-11,-9;175,0,10;176,23,-11;177,-11,2;179,-14,9
rua||quilombo|tabuleiro|35860000|1,-1905559,-4354434;40,-156,-314
rua||quinzinho costa|centro|35858000|1,-1903699,-4342242;21,36,-28;29,-76,-77;31,64,69;44,12,-1;60,8,7;100,25,7;107,-18,-34;113,40,17;121,2,1;127,12,-11;200,-73,-6;201,13,30;206,-8,-31;389,6,-9
rua||quirino josepe da silva|ouro fino do mato dentro|35860000|65,-1893471,-4359152;69,-3,-9;77,-6,-15;93,-20,-14;97,1,-4;117,-17,-20;177,-45,4;232,-21,-67;305,18,74;1326,86,26
rua||raimundo simeao|centro|35858000|20,-1902733,-4342244;25,9,8;30,-16,1;57,-59,42;60,38,-34;69,-4,15;72,-1,-10;78,-8,13;79,1,3;83,-2,-6;88,-20,12;91,15,2;100,-17,2;101,5,2;120,-13,7;127,4,2;136,-17,-1;139,13,8;145,-11,3;147,-11,9;148,9,-14;150,-9,7;151,-7,18
rua||ramiro madureira|centro|35858000|27,-1902775,-4342358;31,-2,2;35,44,67;39,-42,-50;45,0,4;55,16,5;83,7,20;87,6,7;96,-53,-82;105,125,169;138,-50,-59;152,-1,13;157,19,10;170,-1,7;173,11,3;176,-9,2;180,1,7;190,6,7;193,20,4;194,-10,3;215,17,9;221,3,4
rua||raul soares|centro|35858000|1,-1903699,-4342543;17,227,-43;19,-235,32;22,-6,-7;47,16,-14;54,2,-22;63,3,1;75,3,-1;93,139,-9;94,-113,7;101,-5,-24;106,11,7;107,-10,-8;115,9,-4;123,8,2;132,8,1;141,8,-5;159,27,4;169,21,3;187,9,3;201,20,4;209,12,2;227,-3,5;237,20,-1;253,13,-3;271,16,11;279,11,-5;280,58,7;296,-56,2;301,13,2;307,2,-7;313,13,8;335,27,-15;345,-4,8;361,19,6;427,47,2;431,-11,-1;471,12,0;473,-19,-7;483,28,4
rua||santana do riacho|sao francisco|35858000|20,-1902309,-4344123;25,3,-1;30,-13,-11;35,-5,9;40,2,-7;50,-11,-4;60,-5,-2;104,-27,6;105,-14,0;114,2,7;115,-5,-7;120,-4,-8;125,-9,8;134,1,-7;135,-4,7;145,-10,-1;155,-4,2;160,-16,-6;165,8,-1;170,-14,-1;175,4,7;180,-7,-8;185,-1,8;190,-16,-3;195,0,2;200,2,-2;205,-10,1;210,-8,3;215,-1,0;225,-12,-2;235,-7,0
rua||santana|santo antonio do norte|35860000|8,-1880724,-4351268;50,23,-33;163,64,-109;168,273,-222;765,-67,30
rua||santo antonio do cruzeiro|centro|35858000|373,-1902362,-4344371
rua||santo antonio|centro|35858000|21,-1903980,-4342346;37,-7,7;41,0,2;49,-15,8;61,-8,17;201,-6,2;203,-3,9
rua||sao sebastiao do rio preto|centro|35858000|2,-1902237,-4344158;4,-2,4;10,-25,-13;20,-6,-1;30,-9,-6;40,-19,-6;50,-12,-5;60,0,3;70,-15,-4;80,-1,0
rua||sao sebastiao do rio preto|sao francisco|35858000|31,-1902289,-4344167;41,-6,-4;55,-17,-3;65,-7,0;75,-6,-4;90,-46,-9;95,6,2;100,-20,-6;101,-17,9;110,9,-5;113,12,3;120,-21,-4;130,-8,-4;140,-7,7;141,-1,4;150,-11,-14;151,5,12;155,-11,3;160,0,-11;165,-5,9;170,-2,-8;175,-7,10;180,3,-6;190,-8,-3;195,-2,6;200,-14,-6;205,-4,10;210,-5,-11;220,-43,4;224,-23,-1;226,-7,0;228,-12,7;570,-15,-1;775,-4,23
rua||saulo madureira|meloso|35860000|5,-1907787,-4334034;20,-15,-32;26,-42,9;27,-16,1;29,155,13;30,2,-7;32,-102,-22;33,-2,50;40,69,-22;42,-12,-5;45,-76,39;50,4,-91;77,-23,47;91,-15,55;120,-30,-45;156,20,50
rua||seis|centro|35858000|11,-1902118,-4344024;21,-7,-1;31,-11,-8;32,-5,2;41,-2,-6;42,-7,3;51,-4,-14;52,-2,6;61,-5,-11;62,-9,2;71,-2,-11;72,-5,7;81,-2,-8;82,-4,2;91,-5,-16;92,-4,7;101,-2,-14;102,-5,8;111,-9,-15;112,-5,16;121,0,-23;122,-5,11
rua||sem denominacao 10|centro|35858000|20,-1903661,-4343466;21,911,-418;55,16,-25;75,12,-20;141,11,-54;174,2,-29;184,18,-8;233,-24,-47;249,4,-11;264,-4,-13
rua||sem denominacao 11|centro|35858000|20,-1902905,-4343306;25,-746,-136;30,745,133;33,-745,-133;40,-9,-1;43,1,2;53,-9,1;89,934,-547;94,-4,-6;102,-167,687;112,-12,13;120,-1,1
rua||sem denominacao 12|centro|35858000|24,-1903638,-4343424;28,648,114;34,-655,-113;35,0,1;45,-12,2;116,682,101
rua||sem denominacao 13|centro|35858000|221,-1903638,-4343398
rua||sem denominacao 17|centro|35858000|217,-1902907,-4344169
rua||sem denominacao 1|candeias|35860000|9999,-1898146,-4359132
rua||sem denominacao 1|centro|35858000|20,-1902494,-4342650;40,-639,101;80,-44,14;232,-190,-459;240,15,-1;650,813,362;651,-8,0;653,-4,6;660,2,0;690,37,-5;700,7,-9;701,-2,-13;707,11,1;721,7,-7;738,5,7;751,22,-17;758,-5,8;761,12,-6;768,-4,2;771,18,-8;778,-14,3;791,14,-8;799,4,-2;820,32,-6;821,-1,0;840,6,-2;845,41,-19;853,3,-5
rua||sem denominacao 2|centro|35858000|15,-1902971,-4343200;25,-15,-15;30,-5,-37;52,327,-1069;59,-10,-32;75,-318,1085;77,-614,8;85,611,-17;86,326,-1047;91,-330,1042;158,28,82;161,-582,-63;173,-8,2;695,881,-1101;700,151,504
rua||sem denominacao 2|itacolomi|35861000|4,-1900319,-4352083;68,12,85;360,-41,44
rua||sem denominacao 2|santo antonio do norte|35860000|5,-1881529,-4350977;13,17,-2
rua||sem denominacao 3|centro|35858000|176,-1902783,-4344170;180,-4,1;200,-13,0;201,-5,-7;203,-6,-1;204,-12,7;211,-56,1
rua||sem denominacao 3|corregos|35860000|100,-1888182,-4350202
rua||sem denominacao 3|itacolomi|35861000|244,-1900352,-4352135
rua||sem denominacao 3|sao francisco|35858000|1,-1902626,-4344177;31,-6,-3;33,-4,-3;36,-21,2;38,4,18;40,-10,-12;48,-64,6;56,-6,2;61,55,-6;99,-27,6;100,10,-4;113,-2,-5;115,-5,5;117,-20,-2;119,-12,-2;120,17,5;121,-17,-5;125,-21,0;129,5,0;150,1,5
rua||sem denominacao 4|centro|35858000|3,-1902555,-4344382;9,-3,0;23,-17,28;29,-9,6;33,-5,2;40,-175,324;42,197,-351;111,-1054,1089;160,854,-879;170,-1,9;172,-836,795;220,-21,-32;238,857,-752;240,-854,737;250,3,-20;321,853,-721;331,2,11;358,-4,20;382,0,21;385,8,6;440,-4,65;463,8,4;501,-8,51;517,-5,9;527,-5,10;537,-4,15
rua||sem denominacao 4|corregos|35860000|4,-1888342,-4350194;7,25,-33;40,24,5
rua||sem denominacao 4|itacolomi|35861000|211,-1900407,-4352080
rua||sem denominacao 4|meloso|35860000|38,-1908432,-4334088;265,63,-80
rua||sem denominacao 4|santo antonio do norte|35860000|335,-1880649,-4351538
rua||sem denominacao 4|tres barras|35860000|25,-1908667,-4350054
rua||sem denominacao 5|centro|35858000|40,-1902676,-4344122;90,-37,5;111,-925,838;120,904,-837;140,-15,1;585,795,-567;599,-17,5
rua||sem denominacao 6|centro|35858000|50,-1902325,-4344408;55,101,109;56,-604,23;60,-2,-21;61,-6,117;70,500,-214;130,122,84;220,-625,88;261,412,-256;270,-2,7;271,-4,-7;280,4,1;281,-2,-12;286,-10,-3;291,5,-5;319,83,58;320,-67,-18;338,-1128,1115;339,1140,-1100;358,-30,-34;363,93,96;364,-2,-13;366,-9,8;367,2,4;370,-1198,1008;373,1186,-999;397,-23,-7;400,-6,3;412,-4,-61;421,0,45;431,-9,-14
rua||sem denominacao 6|corregos|35860000|8,-1888309,-4350248;9,-12,-25;13,3,-18;19,-6,-61;20,-82,148;33,79,-160;75,6,49;85,-1,-11
rua||sem denominacao 6|costa sena|35860000|33,-1866206,-4382314
rua||sem denominacao 7|centro|35858000|8,-1903549,-4343305;26,-17,1;38,-11,1;44,-8,5;58,-11,-2;204,-1148,1117;228,9,8
rua||sem denominacao 8|centro|35858000|102,-1902952,-4343298;112,-1,-13;114,3,14;115,14,-12;117,9,-10;124,-18,7;141,-24,64;188,52,-107
rua||sem denominacao 9|centro|35858000|63,-1903681,-4343469;110,-60,-52;114,-9,-49;120,4,38;457,65,58;820,853,-909;830,2,3;880,14,-35;890,9,19
rua||sem denominacao 9|corregos|35860000|551,-1887936,-4350410;555,7,8
rua||sem denominacao 9|tres barras|35860000|97,-1908474,-4349518
rua||sem denominacao3|santo antonio do norte|35860000|417,-1880647,-4351626;467,11,-40;477,-2,-60;530,55,49;573,-16,-68;595,11,-20;597,-9,2
rua||sem denominacao|centro|35858000|6,-1902949,-4342659;11,-5,3;12,-7,0;16,1,9;22,-3,-2;27,-2,-1;30,336,-1801;35,-336,1813;38,-1,-2;47,7,11;99,30,-329;147,13,-15;149,1,46;151,6,7;161,1085,-1480;169,-1090,1412;179,-14,-29;189,1,-6;1112,1583,-488
rua||sem denominacao|ouro fino do mato dentro|35860000|14,-1893606,-4359133;16,6,-8;22,-9,11;125,85,-88;163,-14,-13;282,-19,5
rua||sem denomincao 2|candeias|35860000|31,-1897954,-4359357;35,-160,-1;50,21,1;63,21,-11;100,30,12;116,19,-19;141,22,12;155,15,-6;180,-122,4;197,164,-11
rua||sete|centro|35858000|21,-1902055,-4344040;31,-4,-7;41,-12,-5;51,-8,-5;61,-7,-12;91,-44,-28;100,4,3;110,-13,-9;120,-30,-17;130,2,1;140,-3,-4;141,9,5;150,-14,-8;151,9,-1;160,-13,0;161,5,-8;170,-14,1;171,5,-5
rua||simoes|sao sebastiao do bom sucesso|35862000|7,-1887233,-4332290;76,-21,50;78,27,-51;84,10,1;99,-7,-6;135,23,-2;156,24,3
rua||soares pacheco|centro|35858000|82,-1903089,-4342454;85,1,-8;90,9,-7;91,-13,-5;102,13,-8;108,-1,3;116,0,-10;121,-10,-18;140,13,-6;166,8,-23;169,-20,9;181,8,-19;186,8,-14;195,-2,-18;198,0,0;217,-2,-10;230,7,-22;243,-12,5;244,17,-22;247,0,-15;267,-4,23;301,5,-38;311,-15,-20;320,58,-29;325,-12,25;330,21,-36;340,23,-1;700,-86,44;706,9,-1
rua||sobrado|costa sena|35860000|19,-1866712,-4366352;20,20,35;21,-16,-21;26,59,54;147,-51,-44;179,-89,-81;303,201,174;305,-14,-6;307,-5,-9;309,-59,-53;311,44,43;313,-17,-10
rua||tapera|centro|35858000|11,-1902068,-4344422;21,-9,9;31,-6,7;41,-6,12;51,-3,2;60,3,-9;61,-10,13;71,-11,8;80,1,-10;81,-3,15;82,-13,4;91,6,6;101,-1,5;111,-16,6;121,-2,6;131,-11,11;141,-5,4;148,3,-13;151,-7,23;161,-5,15;170,7,-24;171,-17,26;190,2,-5;191,-3,12;197,-6,6;200,18,-34;204,-15,25;207,-8,21;210,-6,-25;217,0,34;220,-1,-10;227,-3,20;230,-5,-16;232,-2,10;236,-7,20;237,8,-4;238,-9,8;247,0,0;257,-3,1;267,-11,14;277,-1,6;297,-8,24;307,-4,2;317,-3,1;327,-9,-7;337,-12,-2;347,-2,-2;357,-10,-3;367,-8,-5;377,-7,-2;387,1,-4;396,-22,-13;397,-10,6;406,8,-4;407,-7,4;416,-8,-8;417,4,5;426,-8,0;427,-4,3;436,-8,-6;437,-1,8
rua||tapera|sao francisco|35858000|467,-1902363,-4344228;476,-9,-6;477,-3,3;486,-4,-4;487,-3,8;496,-4,-7;497,-8,5;506,-3,-7;507,2,10;516,-10,-2;517,-2,-1;526,-2,-1;527,-7,0;536,-2,-6;537,0,8;546,-14,-1;547,-8,-1;556,-3,-5;557,-6,7;566,3,-10;567,-10,8;576,-3,-7;577,3,7;586,-2,-6;587,-11,5;596,-15,-4;597,3,5;606,-11,-4;607,14,0;626,-22,-2;636,-12,2;637,-5,6;646,-6,-5;647,-7,0;656,-4,-1;657,0,2;666,-10,-1;667,-1,3;676,-7,-3;677,0,3;686,-8,-8;687,0,8;696,-10,-6;697,0,5;706,0,-8;707,-10,9;716,-12,-5;717,2,2;723,-4,-1;725,-4,5;730,-5,-6
rua||teresinha romano|centro|35858000|48,-1902425,-4344605;51,-3,21;60,-2,5;61,4,7;62,0,1;64,5,22;68,1,7;72,8,5;75,-5,-12;77,-1,11;281,174,-108;315,-34,0;325,1,-1;335,-24,11;345,-9,4;379,-21,7;381,-26,-2;382,-11,4;389,-20,1;399,-8,16;403,-10,-11;409,-16,7
rua||terezinha de romano|centro|35858000|2,-1902500,-4344533;218,322,-114;222,-12,-8;240,-10,-4;250,-5,-1;270,-22,-2;280,-9,2;300,-22,7;310,-17,-6;320,-3,20;330,-17,-6;340,-6,3;360,-18,8;368,-11,1;372,-5,4;378,-7,3;380,-1,0;400,-32,0;410,-3,-3;420,-21,-11;430,-7,-2;440,-6,-9;450,-4,-3;452,-6,0;460,-10,-18;466,-5,7;470,-6,11;490,-22,25;520,-4,7;580,-26,45;590,-3,8;600,3,13
rua||terezinha moreira|centro|35858000|31,-1903333,-4343186;74,14,10;112,58,18;128,-86,-23;131,87,20
rua||tiao de seu dito|centro|35858000|38,-1902855,-4342967;56,-5,1;70,-2,-7;71,-3,1
rua||tiao piteira|centro|35858000|36,-1904872,-4342211;48,-6,-5;81,-24,-28
rua||timoteo|corregos|35860000|10,-1888402,-4349960;30,-15,2;31,0,10;35,-11,0;50,-11,-8;57,-5,6;63,-10,3;76,-11,-17;77,3,15;120,-62,3;127,-8,11;160,144,3;198,-183,12;208,-3,3
rua||tiradentes|centro|35858000|10,-1903892,-4342597;11,-6,0;19,15,-7;27,3,-2;30,-1,-3;37,10,-9;59,11,-15;70,8,1;81,12,-10;89,5,-2
rua||tres|centro|35858000|54,-1902055,-4343835;72,-11,-1;73,-9,-4;82,-3,8;83,-5,-6;92,-6,5;97,-7,-4;106,-7,6;118,-9,0;127,-6,-7;143,-30,-11;166,-12,10;180,-7,-6;181,0,0;192,-13,-4;193,13,1;216,-24,-7;287,-64,-43;296,119,71;301,-128,-78;314,-12,-1;315,8,-6;326,-17,4;338,-7,-2;371,-31,-18;388,-11,3;428,-24,6;431,-10,0;447,-9,14;474,-6,28;476,24,-53;477,-32,50;486,343,45;488,-337,-30;501,-22,8;514,0,12;526,-7,11;537,-11,5;538,5,7;549,-12,4;550,7,3
rua||tuffick tanure|centro|35858000|14,-1903608,-4343024;31,-20,13;45,57,-37;48,-60,43;166,33,-22;174,3,-6
rua||tumba|santo antonio do norte|35860000|90,-1881296,-4350971;120,-9,1;140,-10,14;150,-28,16;156,-11,8;160,2,6;163,7,-7;167,-4,7;182,-17,9;235,-29,33;240,-25,12;270,-17,9;283,-11,4;293,-13,18;304,-28,-47;345,-80,0;434,20,-3;720,-120,31;723,-24,-4;738,13,-39
rua||um|centro|35858000|240,-1902071,-4343784;264,-11,3;265,4,-8;268,-18,9;273,-18,0;276,-4,2;304,-20,-3;316,-13,3;340,-23,-3;352,-18,-8;359,-1,-7;371,-6,-7;376,-7,8;383,-5,-15;395,-9,-2;461,-50,-29;462,0,7;473,-2,-10;474,-6,2;485,-2,-9;486,-7,5;497,-10,-14;498,1,8;509,-13,-17;510,5,9;522,-12,-4;533,-6,-12;534,-2,5;546,-7,-7;558,-15,-1;570,-8,-5
rua||vieira de andrade|centro|35858000|14,-1903092,-4342788;16,-8,-4;22,-4,-3;28,-14,1;36,-6,-6;42,-14,-1;43,9,-4;55,-8,0;56,-10,3;61,-3,-1;64,22,9;69,-31,-5;72,-2,2;80,11,-6;84,-22,4;86,0,-3;87,13,0;102,-28,-15;117,-6,9;123,0,3;143,-29,3;153,-11,-3;163,-3,-6;215,-60,14;217,-13,-4
rua||vieira de andrade|do rosario|35858000|2,-1903088,-4342757;4,-1,-1;6,6,-10;10,0,-8;112,-112,-34;120,-21,2;130,4,-4;140,-3,5;150,-16,-7;164,-7,8;180,-4,-4;190,-18,-1;210,-3,6;215,-39,-1;216,55,-2
rua||vista alegre|ouro fino do mato dentro|35860000|13,-1893936,-4359217;25,41,-7;26,-12,-6;36,-85,25;37,-6,-1;40,-48,-1;41,80,-1;42,6,0;111,-34,2
rua||xv de novembro|centro|35858000|35,-1903473,-4342343;45,3,6;55,0,9;65,4,6;89,13,22;90,-43,-155;105,41,164;110,-12,-126;117,21,140;120,-53,-142;127,58,155;173,23,36;189,0,12;195,8,8;209,4,18;215,9,-3;221,-9,14;233,11,8;245,-2,7;265,1,9;286,-8,40;295,13,-15;305,8,18;333,1,35;352,10,32;360,7,4;370,12,7;375,11,5;380,1,5;397,17,-3;411,16,17;412,-9,5
rua||ze de seu dito|centro|35858000|7,-1903045,-4342393;31,32,48;40,-42,-60;51,58,80;55,-8,-5;65,13,14;76,-90,-111;81,106,131;82,-13,0;101,20,10;148,-3,6
rua||zeca de ameida|senhora do socorro|35858000|71,-1913800,-4315436
serra||do tatu|centro|35858000|4,-1914308,-4317117
serra||do tomaz|tres barras|35858000|10,-1915010,-4350307
serra||dos teixeiras|brejauba|35858000|4,-1922420,-4315607
serra||manoel rodrigues|costa sena|35860000|4,-1875392,-4371397
serra||mg 10|tres barras|35858000|137,-1915041,-4350531
sitio||mato virgem albertino|costa sena|35859000|7,-1866322,-4377067
sitio||mato virgem antonio alves|costa sena|35859000|9,-1865877,-4377349
terminal||do sobrado|centro|35858000|12,-1914764,-4317575
terminal||do valentin|centro|35858000|2,-1913203,-4316814
travessa|dona|docha|centro|35858000|260,-1903508,-4342531;265,13,30
travessa|santa|rita|centro|35858000|50,-1903826,-4343145;51,0,-1;53,0,9;58,8,34;60,-6,-25
travessa|sao|domingos|centro|35858000|19,-1903112,-4342078;29,-7,14;30,-20,-23;39,18,25;46,-8,4;50,-3,3;57,9,3;58,-4,12;59,-3,6;67,2,15;74,-5,-7
travessa|topografo|levi costa|centro|35858000|60,-1903162,-4342513;70,-9,-16;100,-7,-37;640,0,-28
travessa|vereador|jose da silva|centro|35858000|4,-1902969,-4342683;15,87,126;20,7,-1;22,7,-2;25,-6,-5;26,4,4;28,-2,-5;39,11,1;40,2,-6;42,10,5;43,-11,0;51,7,-9;52,6,8;54,5,-4;62,6,-4;63,-2,8;67,10,-6;68,-4,1;81,10,-2;84,-143,-108;88,33,28;104,-10,-14;105,146,87;122,-138,-84
travessa|vereador|santos de bina|centro|35858000|271,-1902639,-4344458
travessa||anita diana|meloso|35860000|127,-1907892,-4333933;335,-14,80;339,-7,-53
travessa||carlos rajao|centro|35858000|117,-1903269,-4342634;120,-9,-13
travessa||costa chiab|centro|35858000|79,-1903977,-4342713;85,-49,-48;143,-7,10;145,23,8;150,-34,-16;161,-3,9;177,-18,-5;700,-253,106
travessa||francisco marques|santo antonio do norte|35860000|312,-1880667,-4351509
travessa||joao leiteiro|centro|35858000|111,-1902122,-4344900;356,-44,6;358,-3,-4;360,7,11
travessa||joaquim costinha|centro|35858000|15,-1903467,-4342964;19,7,14;20,7,4;25,-11,-22;26,-4,7;27,16,2;37,-7,-10;80,16,29
travessa||olinto carlota|centro|35858000|1,-1903522,-4343004;17,-14,-19;25,-1,-1;40,23,23;50,-8,-6
travessa||senhora do socorro 2|centro|35858000|161,-1902401,-4344073
travessa||teresinha romano|centro|35858000|565,-1902482,-4344596;641,-13,65;653,3,16
travessa||vovo almerinda|centro|35858000|160,-1902841,-4343455;170,0,0;180,28,18;190,3,-5;203,-10,-14;220,1,2
trilha||da paraoninha1|itacolomi|35860000|6,-1902083,-4358351
vargem||do treme|treme|35863000|13,-1870449,-4350074;28,547,-1839;42,-780,2811
vargem||treme|treme|35863000|18,-1870568,-4349328
varzea||da ponte|costa sena|35858000|6,-1872076,-4367740;21,-375,604;27,-1,518
varzea||da ponte|morro da vargem|35860000|19,-1872320,-4367387
