acesso||a rodovia mg 111|centro|36947000|9,-1993120,-4169594;19,-28,-7;29,-2,6;59,-16,13;69,0,5;79,-10,1;89,-8,1;152,5,13
alameda||amaro de oliveira|centro|36947000|19,-1992975,-4169263;25,-29,4;27,6,-20;55,-14,-48;65,5,21;66,-1,-5;591,21,51
alto|sao|luis|alto sao luis|36947000|23,-1993742,-4161949
alto|sao|luis|corrego dos rocha|36947000|16,-1995533,-4162805
alto|sao|luis|sao luis|36947000|6,-1993809,-4161362;11,103,572;14,-1214,-858;15,1708,-243;17,-22,-584;18,-235,-638
alto||salvador|bom jardim|36947000|7,-1985563,-4158546
avenida|pastor|benjamim|centro|36947000|3,-1993141,-4169259;5,-6,-7;8,6,17;18,16,2;20,-37,-29;21,12,15;26,31,21;27,-14,-12;30,-43,-36;34,-303,-111;35,15,7;36,-49,17;37,51,39;38,12,-62;39,-195,74;40,282,22;42,-23,-77;48,273,150;50,-649,-78;51,402,-73;57,256,141;58,9,22;59,-297,-51;62,206,-20;71,-13,-6;80,1,17;82,113,73;85,-127,-96;87,157,117;90,-152,-125;92,125,101;98,9,-6;100,-134,-102;103,137,107;104,-2,15;109,10,-13;111,2,1;112,41,61;114,-207,-175;115,101,67;117,-114,-71;118,8,-2;119,192,122;120,-20,9;130,-92,-64;133,114,72;140,-1,20;141,-207,-163;142,-3,-7;148,-1,1;153,-24,10;154,26,-17;156,222,170;164,-251,-180;165,264,188;167,-259,-172;175,261,175;177,-246,-173;178,249,186;187,-280,-211;210,-24,-27;232,-9,22;240,-3,2;246,-11,-12;260,-14,1;320,-55,-16;335,-23,1;345,-10,-3;355,-12,-8;360,4,-2;374,-7,0;405,-35,-2;406,2,-3;411,81,23;415,-99,-5;420,17,-14;425,-11,5;460,-20,-8;470,-24,15;480,-10,0;490,-4,7;509,234,31;510,-252,-22;511,238,-6;515,-5,-4;516,-2,-2;517,-6,1;518,-9,-4;520,-75,71;530,-156,-45;550,-26,9;560,-15,15;620,-31,17;660,-20,-5;665,-24,19;670,12,-15;680,-20,-5;685,-7,11;695,-1,14;703,533,8;704,-4,-3;705,-544,-22;709,515,6;710,-518,-11;715,-16,0;747,276,-80;750,-290,73;751,269,-70;755,-286,68
avenida||alexandre rodrigues carvalho junior|santa silveria|36947000|99,-1993003,-4169731
avenida||geraldo de barros|centro|36947000|6,-1992959,-4169185;16,-139,-102;26,14,16;33,3,-10;36,-4,7;40,1,-2;43,4,-23;48,9,39;53,-4,-27;76,25,32;77,-8,-34;83,17,32;86,-11,21;95,18,-24;96,-5,6;101,10,4;103,4,3;106,163,132;108,-173,-135;112,8,10;115,7,-6;120,8,10;123,4,-26;131,0,27;132,9,6;135,-1,-3;138,36,37;139,-32,-31;142,-1,5;148,9,-4;150,-3,9;156,44,-144;168,-6,128;179,114,68;180,-64,-19;192,-61,-11;195,8,-10;201,1,4;202,64,26;207,-54,-25;208,-9,9;209,261,-175;213,-252,167;216,310,-90;217,-231,115;219,-75,-19;226,189,-51;228,-174,57;229,156,-40;233,-28,43;235,-127,-4;246,28,21;255,-14,-18;265,3,20;275,8,-18;280,13,12;295,2,-3;305,36,-17;330,8,27;345,6,-14;351,19,4;361,6,-3;375,8,-6;387,13,-6;411,10,-12;423,8,-10;433,3,-20;445,22,-19;473,2,-3;484,-220,40;485,160,-32;523,86,-16;549,30,-19;579,32,14;615,20,-15;625,-8,-21;626,5,11;636,-4,-20;645,-9,-10;648,1,5;649,-26,-45;658,26,52;660,-13,-37;662,-10,-17;666,-1,0;669,15,38;676,-15,-50;679,10,36;686,-13,-43;689,-1,37;696,7,-56;699,-5,48;700,21,-54;740,-15,-5;789,-8,32;799,8,-5
bairro||jequitibas|jequitibas|36947000|6,-1992346,-4170834;13,-167,-202;22,211,165;29,-175,-167;35,22,21;38,20,0;39,19,-6;52,71,74;53,-5,5;119,-120,37;133,8,4;135,-38,47
cabeceira||corrego bom jardim|bom jardim|36947000|3,-1985244,-4158844;4,-181,221;8,-172,92
corrego|santa|maria|corrego santa maria|36947000|2,-1992231,-4168736;9,718,-1897
corrego|santa|maria|santa maria|36947000|4,-1990765,-4169129;5,-22,21;7,-159,-724;8,215,139;122,741,65
corrego|sao|domingos de baixo|corrego sao domingos 2|36947000|1,-1993947,-4181729;6,421,749;8,14,620;12,-394,-395;13,-450,-25
corrego|sao|domingos do meio|corrego sao domingos 2|36947000|4,-1993471,-4179164;5,70,349
corrego|sao|domingos|corrego sao domingos 1|36947000|137,-1994187,-4179768
corrego|sao|domingos|corrego sao domingos 2|36947000|1,-1993954,-4181730;2,241,445;4,-89,447;6,456,172;9,49,1527;10,-199,-676;11,-412,-942;12,1058,2477;13,110,-110;16,-149,406;18,-124,106;181,-215,-689
corrego|sao|domingos|corrego sao domingos|36947000|2,-1995100,-4179918;7,-352,437;8,-676,-135;10,396,242;12,-413,439;13,-540,-111;16,7,-378;17,98,286;18,-174,155;20,670,308;21,8,8;22,-82,196;23,101,277;25,-268,-231;26,9,51;27,-389,75;103,1117,-1217
corrego|sao|joaquim|corrego do angelim|36947000|20,-1995498,-4175731
corrego|sao|joaquim|corrego sao domingos 1|36947000|10,-1995510,-4174551;15,69,-1059;16,-106,935
corrego||ariranha|corrego ariranha|36947000|1,-1988314,-4171488
corrego||boa esperanca|boa esperanca|36947000|8,-1989491,-4165698;9,-655,-497
corrego||boa vista|boa vista|36947000|3,-1987092,-4164305;5,-117,-176;6,324,417;9,-114,-114;12,297,395;13,225,133
corrego||boa vista|cobrador|36947000|9,-1986250,-4165817
corrego||bom jardim|bom jardim|36947000|1,-1983960,-4163346;2,359,2724;3,-738,-3228;4,-554,2788;6,1395,-1079;9,-2357,2440;10,2337,-3281;11,-1215,3472;12,1503,-1084;13,-794,277;14,797,-923;15,-1398,2278;18,291,-417;23,-2439,-206;25,4157,-614;27,-4071,773;28,4481,-278
corrego||bom jardim|chacara|36947000|5,-1985014,-4164416;6,109,214;7,-18,-98;8,70,262;9,1,445;10,50,-489;12,39,260;14,19,127;15,-18,-125
corrego||bom jardim|corrego bom jardim|36947000|10,-1984858,-4159786
corrego||cobrador|cobrador|36947000|1,-1987399,-4165353;2,1173,-1222;3,-4279,2288;4,4274,-2112;5,-3251,1467;6,3138,-1267;7,-1249,1195;10,1327,-810;11,-5512,2524;20,5563,-3026
corrego||conceicao|corrego conceicao|36947000|2,-1992558,-4168704;3,-39,29;7,-174,417
corrego||do almoco|corrego do mexerico|36947000|4,-1992786,-4170334
corrego||do angelim|angelim|36947000|1,-1996104,-4174048;3,-482,-64;12,-68,-380;15,-1398,-1487
corrego||do angelim|corrego do angelim|36947000|1,-1996267,-4173765;2,-44,1182;3,-521,-3436;4,286,1330;5,-601,-1293;6,-260,652;7,508,306;8,-26,-954;9,-717,-3;10,-135,-1403;11,131,1201;12,-1,655;14,885,-2339;17,-496,76;18,-541,-128;19,-279,-698;20,51,-276;21,587,2634;22,-339,-2881;24,-476,-108;25,-147,-159;26,55,-79;29,-587,-418
corrego||do canteiro|canteiro|36947000|5,-1993922,-4183027;7,590,169;9,341,210;10,105,102;11,43,26;13,35,86;14,-14,7;15,16,-8;17,34,70;20,10,151
corrego||do canteiro|corrego sao domingos 1|36947000|8,-1993053,-4182586
corrego||do cotovelo|cobrador|36947000|13,-1993754,-4165250
corrego||do cotovelo|corrego do cotovelo|36947000|7,-1996160,-4164616;8,-116,-91
corrego||do funil|funil|36947000|4,-1998619,-4173959;17,972,23;31,-706,-1054
corrego||do ouro|alto alegre|36947000|3,-1992520,-4174600
corrego||do retiro|corrego do retiro|36947000|3,-1990170,-4170995;4,5,-669
corrego||do tigre|corrego do tigre|36947000|2,-1988062,-4163869;14,-890,1991;16,71,642
corrego||do tigre|tigre|36947000|8,-1987963,-4162977;13,778,608;17,-144,-175
corrego||mexerico|corrego do mexerico|36947000|1,-1993286,-4173041;7,761,1295;8,-1655,-4509;9,1971,3812;10,-1211,331;11,114,81;14,1684,-1341
corrego||nova floresta|funil|36947000|3,-1999121,-4172814
corrego||palha branca|corrego lambari|36947000|7,-1988505,-4169143;8,-113,328
corrego||palmital|corrego do palmital|36947000|10,-1990243,-4162809;12,-221,392;13,-32,-115;15,9,-87;17,105,1469;19,484,30;21,-109,554;22,206,166;27,-1912,-901;32,109,173;37,-425,-395
corrego||piabanha|corrego lambari|36947000|3,-1986471,-4170455;4,-505,1900;5,393,-434;7,-720,759;8,-658,-15;9,1380,-2196;11,-685,3844;12,-65,-921;13,878,-1775;31,-1574,2084;35,-253,69;1002,994,-1049
corrego||saudade|corrego saudade|36947000|2,-1994446,-4169265
corrego||taquara|taquara|36947000|4,-1988414,-4165369;12,146,-461;14,103,-314
estrada||coluna|bom jardim|36947000|22,-1982467,-4160210;27,129,93;30,102,196;32,203,268;40,921,-89
estrada||coluna|corrego bom jardim|36947000|30,-1981821,-4159465
estrada||do funil|funil|36947000|13,-1998411,-4174014;20,824,460
estrada||para alto sao luis|centro|36947000|3,-1992733,-4168694
estrada||para coluna|bom jardim|36947000|22,-1982518,-4160193
estrada||para ipanema|centro|36947000|187,-1992618,-4169285
estrada||para mutum|sao barnabe|36947000|335,-1988210,-4159755
estrada||para sao barnabe|bom jardim|36947000|3,-1984405,-4161911;5,-142,1218;35,-3323,809
fazenda|sao|joaquim|corrego sao domingos 1|36947000|13,-1995881,-4173804;15,-888,-4059;21,685,-796
fazenda|sao|sebastiao|angelim|36947000|1,-1996223,-4174089;16,675,-587
fazenda||alto cobrador|sao luis|36947000|9,-1993173,-4162881
fazenda||bibil|boa esperanca|36947000|4,-1989491,-4165699
fazenda||bom jardim|bom jardim|36947000|2,-1984224,-4159291
fazenda||corrego do angelim|cabeceira do angelim|36947000|11,-1997803,-4177400;15,-71,-166;17,647,-221;21,-881,-967;23,657,572;25,-809,-1057;28,-514,-532;30,-160,-141
fazenda||corrego do angelim|corrego do angelim|36947000|1,-1996152,-4174112;10,-71,-606
fazenda||da maria do kleber|cobrador|36947000|8,-1993404,-4165316
fazenda||da mariquinha|cobrador|36947000|6,-1990556,-4164376
fazenda||dejair|sao luis|36947000|49,-1995374,-4161701
fazenda||do adili|cobrador|36947000|4,-1993606,-4165231
fazenda||do evaldo|sao luis|36947000|23,-1995828,-4163216
fazenda||do fernando|sao luis|36947000|13,-1995617,-4162750
fazenda||do jandair franca|corrego santa maria|36947000|6,-1991520,-4167934
fazenda||do noca|corrego santa maria|36947000|7,-1991866,-4168346
fazenda||dos pinheiros|bom jardim|36947000|4,-1983856,-4163674
fazenda||elio roberto|corrego moinho|36947000|7,-1992506,-4166788
fazenda||evaldo perreira|corrego conceicao|36947000|7,-1991008,-4163941
fazenda||jose fernando de castro|corrego santa maria|36947000|9,-1991175,-4167603
fazenda||luis silva|boa esperanca|36947000|9,-1990148,-4166202
fazenda||maria rocha|sao luis|36947000|21,-1995999,-4162111
fazenda||nantes|tigre|36947000|7,-1987756,-4163064
fazenda||nilton lacerda|corrego conceicao|36947000|8,-1993922,-4167158
fazenda||nova floresta|funil|36947000|1,-1998045,-4173485;4,-1117,660;10,824,310;11,493,-1341;13,-193,216;14,409,-227;17,-495,522;19,477,-591;21,-706,-1054;22,-113,274;32,-3,-2;34,130,-338
fazenda||perto da igreja|cobrador|36947000|3,-1993114,-4164330
fazenda||vargem alegre|corrego do angelim|36947000|3,-1996511,-4174109;4,-1100,-2841;5,1020,2840;6,-774,-1100;8,357,-1317;12,-350,551;14,-693,2;19,-429,126
fazenda||xavier|tigre|36947000|16,-1987329,-4162544
loteamento||ferraz|santa silveria|36947000|15,-1993796,-4169641;19,195,36;20,-215,47;57,9,-117;65,-38,85;69,-56,11;71,-71,18;74,31,-1;75,18,-8;161,239,-17;202,-44,-5;208,83,-9;220,-161,16
praca|nossa senhora|da conceicao|centro|36947000|5,-1992973,-4169293;9,-29,54;19,20,-7;60,-11,-49;64,-5,-30;85,48,49;93,-5,11;109,0,7;119,-7,8;125,-17,4;137,-4,14;139,13,-1;157,-5,19;436,23,-50;487,-40,43;488,1,1;489,4,-10;490,1,0
praca||benedito rocha|sao luis|36947000|35,-1994544,-4162395;39,-8,-9;180,24,12;210,-36,-18
praca||da igreja|sao geraldo|36947000|625,-1994531,-4180232
rua|coronel|nato da mata|centro|36947000|3,-1993268,-4169409;12,-1,10;15,-2,14;18,1,-6;26,-11,10;27,12,-12;36,-7,25;84,-18,32;85,-5,-6;98,-15,12
rua|delegado|alacrino pereira dutra|centro|36947000|26,-1992913,-4169206;34,2,-13;38,2,-1;43,-7,3;44,21,-3;55,-20,3;56,16,-13;63,-5,-2;71,7,-9;72,3,-1;122,24,-37;130,2,-11;138,18,5;145,-9,-17;148,-5,-1;153,4,-1;156,8,-6;165,2,-9;166,2,2;172,16,-1;180,13,6;190,-14,-28;200,7,-7;208,4,-2;212,1,-3;227,4,-21;230,5,4;235,-110,181;237,110,-171;240,1,-12;241,2,-9;249,-119,192;251,120,-197;252,6,1;261,-5,-20;262,12,15;267,-97,133;271,79,-158;272,17,22;284,-69,107;286,4,-10;299,45,-65;445,-41,44;450,-5,22
rua|dom|jaime|centro|36947000|7,-1993129,-4169364;13,2,-3
rua|expedicionario|taumaturgo|centro|36947000|31,-1992912,-4169286;42,5,13;69,29,2;87,11,15;88,-4,-11;97,16,-4;100,-9,9;107,19,4;114,-12,12;115,12,-12;116,-9,14;118,0,0;120,4,-8;141,-52,-34;439,-27,6;468,7,4;471,30,12
rua|monsenhor|antonio coelho|centro|36947000|10,-1993133,-4169348;29,30,-39;33,-10,11;36,-5,-2;41,2,2;42,-5,5
rua|pastor|borges|centro|36947000|14,-1992973,-4169159;50,-16,7;51,-66,-70;69,63,75;85,0,20;90,-16,12;95,10,4;115,-1,9;116,5,-31;125,-14,38;168,24,-60;170,17,5;171,-3,-12
rua|professora|eny dos santos|centro|36947000|10,-1992827,-4169525;20,-1,10;30,-2,-3;33,11,-23;40,5,8;51,6,-22;52,-7,17;54,-1,6;60,10,-12;63,5,-20;78,2,8;82,7,-8;84,2,-5;94,5,-6;106,3,-5;112,3,-4;120,4,-6;124,4,-4;128,0,0;136,9,-8;146,0,0;160,10,-13;341,-74,108
rua|santa|rita|centro|36947000|15,-1992859,-4169446;20,-1,8;21,-8,-14
rua|vereador|alzerino antonio da silva|centro|36947000|90,-1993453,-4169448;100,-6,-2;110,-5,15;122,-7,-3;185,60,-32;197,-14,11;207,-11,-5;210,-79,59
rua|vereador|antonio rodrigues travassos|centro|36947000|7,-1993023,-4169102;17,-4,-1;33,-11,-9;43,-15,-6;93,-32,-23;100,3,-8;103,-3,5;110,0,0;111,-7,-3;123,-10,-7;133,-4,-15;134,6,2;143,-26,-8;147,3,5;149,51,27;150,7,6;153,-64,-39;163,-5,-3;173,-5,4;183,-15,-19;186,-2,0;189,17,-4;191,-12,0;196,-9,-1;197,-6,5;200,-5,-7;203,-5,-15;213,-5,11;223,-9,-7;235,-1,-10;237,-18,4;245,-10,-17
rua|vereador|eurides jose de souza|centro|36947000|4,-1993344,-4169443;7,-4,9;10,0,-3;13,6,-8;18,-13,15;19,1,4;21,15,-24;26,-17,22;31,3,9;36,-5,-1;41,-4,18
rua|vereador|luiz borel sobrinho|centro|36947000|5,-1993160,-4169279;15,24,8;16,7,-12;22,5,-4;23,0,9;41,-4,-23;73,31,-25;83,1,-4;84,6,8;91,-4,-16;94,23,10;99,-11,-14;110,3,4;113,-2,-8;124,-6,4;125,5,-26;126,8,15;130,4,-3;131,5,-14;146,7,0;157,7,-9;162,15,-9;167,-1,-18;170,-2,23;174,1,-15;180,-3,-10;187,-11,-12;189,-104,235;191,105,-235;199,16,-1;209,17,7;221,0,-16;570,-33,55;682,-77,23;683,18,27;684,-2,6;685,-20,24;686,-1,-18;688,7,28;691,-17,17
rua|vereador|manoel antonio de lima|centro|36947000|4,-1993264,-4169412;10,-48,-29;15,35,24;16,10,4;26,-9,-8;27,-7,0;36,4,-5;39,-17,-4;46,12,-1;52,-12,-9;69,-42,-10;70,29,7;100,-4,-4
rua|vereador|walfrid saar|centro|36947000|15,-1992972,-4169401;22,118,36;23,-132,-42;29,122,57;35,-139,-51;36,147,41;37,-14,8;45,-135,-63;48,138,52;55,-150,-55;57,139,65;68,-2,-20;69,-4,5;98,-100,-35;99,86,41;101,-90,-41;102,12,-12;110,-5,-8;116,-5,2;122,-1,-6;128,-8,-6;138,-11,-3;183,160,92;205,11,-2;589,-116,-41;590,-1,2
rua||abner neves|centro|36947000|20,-1993030,-4169463;44,7,0;50,-62,8;65,16,1;71,12,-1;75,-12,8;78,-5,-11;79,7,9;81,2,-1;85,-13,7;94,-18,-15;100,-238,-36;102,224,38;108,0,0;114,-214,-31;118,195,17;120,-189,-23;124,178,30;134,-10,2;140,-13,-6;147,-221,-27;151,203,18;155,23,14;157,-209,-21;163,11,-10;167,-1,2;227,333,38
rua||alexandre carvalho|centro|36947000|3,-1993301,-4169582;5,-303,-11;13,161,-26;35,40,5;36,-145,7;41,-13,10;45,126,-14;51,-132,15;61,-8,1;71,-14,1;75,287,10;86,-331,-8;151,-31,1;161,-26,-5;162,0,3;166,299,-20;168,25,17
rua||antonio floriano|sao luis|36947000|3,-1994204,-4162447;9,56,-77;12,-142,150;13,-2,8;14,-3,-1;17,-317,5;19,250,-11;21,-18,-15;22,-108,-6;23,-98,26;25,136,-27;27,14,-7;28,-38,-12;32,-30,22;33,-12,5;37,-126,42;55,485,-155;71,-73,80;85,-509,127;86,80,-38;87,29,-14;88,5,-2;94,-201,112;96,31,-18;98,74,-38;100,324,-99;102,-95,43;103,-182,29;104,11,-6;106,5,9;126,142,-67;127,14,-2;128,190,-10;129,-182,11;130,52,-7;131,101,-21;134,-77,26;135,-273,74;137,304,-68;139,15,7;140,51,8;149,-389,67;150,-20,10;158,262,-69;161,251,-71;163,-65,57;169,-296,-2;172,404,-104;175,18,-30;176,2,-8;230,-348,117;253,92,11;271,-35,2;1371,260,-78;1385,-4,4;99999,-68,77
rua||antonio julio|sao luis|36947000|149,-1994266,-4162258;410,-26,-32;480,75,106;490,11,59;610,-28,-128
rua||aristides ramos balmant|sao geraldo|36947000|6,-1994469,-4180191;19,79,126;25,108,149;31,-185,-273;36,-12,-31;37,-7,-4;40,297,371;50,43,9;94,-341,-374;96,3,19;102,70,122;105,202,218;120,-102,-92;123,25,19;128,68,68;135,-8,-12;145,-6,-4;165,-9,-6;170,2,-17;200,-15,-15;220,-16,-10;230,-5,-11;250,-9,-24;255,-21,18;260,2,-15;280,-11,-13;295,-19,0;305,-2,-5;325,-12,-9;340,-5,-21;360,-14,-16;370,-1,-15;390,-10,-9;425,-20,-8;426,9,-15;430,-13,0;440,3,-12;445,-10,11;460,0,-26;465,-13,3;470,11,-12;475,-18,-7;480,13,3;485,-18,-8;495,-21,-11;505,5,-17;515,-6,-5;520,10,16;530,-1,-20;545,-14,-11;550,8,-2;555,-15,-8;560,9,-6;570,-8,-14;575,-12,6;580,10,-9;590,-5,-6;615,-35,-30;620,19,1;630,1,-3;640,-7,-10;660,-18,-24;670,0,-6;680,-1,-6;690,-3,-9;700,-7,-5;710,-3,-3;720,-7,-11;730,-8,-11;740,-9,-3;750,1,-18;760,-4,-6
rua||a|centro|36947000|35,-1993603,-4169548;40,58,-18;50,-11,8;60,-23,5;70,-3,2;80,-6,1
rua||belarmina ferreira|sao luis|36947000|1,-1994120,-4162314;21,48,-58
rua||belisario saldanha|sao barnabe|36947000|5,-1988030,-4159961;19,0,163;30,14,-91;35,26,39;36,-28,-18;40,-21,-4;45,41,18;50,-49,48;75,-48,46;80,18,-12;82,-44,18;90,-105,-172;161,114,150;162,-81,21;163,-3,5;165,25,10;167,22,1;176,58,-28;180,27,-18;185,3,7;187,20,4;195,-20,8;200,19,-20;220,-60,22;230,-7,5;235,-3,10;245,-14,2;250,-9,-6;255,-11,23;280,-21,-22;320,-23,-25;325,-9,16;340,-11,-11;360,-15,-8;365,13,16;369,-16,-3;375,-3,-22;390,4,-13;400,-8,-12;401,17,13;410,-27,-17;415,15,43;420,-11,-56;425,3,5;430,-7,-19;435,-5,21;437,-5,-8;440,0,-19;445,-4,21;455,-5,-26;460,12,-21;465,-11,15;470,1,-3;475,-9,-17;490,9,4;510,-6,-9;520,2,-15;540,-12,-1;550,-3,-16;560,-10,-4;570,18,-10;590,-12,-12;600,-1,-11;610,13,5;615,-29,-21;620,44,-8;625,-38,-1;639,11,-6;645,30,-19
rua||benedito rocha|sao luis|36947000|11,-1994602,-4162476;54,9,20;56,-9,-28;58,-9,-16;66,9,45;69,13,38;71,9,5;72,-1,8;91,12,10;140,-14,-46;151,-15,-5;160,9,-11;171,-13,-4;186,32,49;191,-41,-67;221,1,-15;224,5,-29
rua||b|centro|36947000|15,-1993612,-4169578;20,-48,13;25,50,-5;30,-52,13;40,5,22;50,2,5;60,1,6
rua||c|centro|36947000|15,-1993655,-4169574;20,42,-3;25,-45,21;30,45,-10;40,-5,6;50,-2,21;55,-32,8;133,0,-18;134,-2,-5
rua||da caixa dagua|sao barnabe|36947000|95,-1988155,-4159924;96,-1,3;836,-33,-38;885,5,18;915,34,52;925,4,-25;945,0,-6
rua||do cemiterio|sao barnabe|36947000|455,-1988276,-4159833
rua||do cemiterio|sao geraldo|36947000|84,-1994598,-4180278
rua||dos gamas|centro|36947000|28,-1992898,-4169193;29,6,-6;32,6,-2;33,7,1;35,-6,0;245,-32,17;255,38,-18
rua||francisco maulaz|centro|36947000|10,-1993067,-4169379;14,-5,-4;23,9,20;28,-9,-34;33,-13,1;38,0,-5;48,-8,-4;52,1,-4;53,-10,19;62,5,-35;72,-11,5;73,-5,6;80,6,-6;90,-11,-10;92,-2,-6;105,10,9;106,29,15;107,-4,-12;113,-51,-7;123,-11,-4;124,-3,-1;127,-5,19
rua||gradinor martins da costa|centro|36947000|23,-1992799,-4169468;27,-6,22;28,1,-17;32,-6,9;35,9,-16;41,-2,16;46,-1,5;52,-5,-5;56,3,11
rua||jose de oliveira|centro|36947000|3,-1993012,-4169451;5,9,-6;7,160,-63;17,-161,67;23,15,-10;28,-4,10;33,11,-14;38,-3,8;43,12,-14;45,9,1;56,3,-1;59,3,2;69,8,-5;79,-4,-3;93,-20,20;99,43,-28;113,18,-10;121,14,-4;125,-5,3;141,10,-4;165,25,-6;183,9,-5;185,-16,11;191,24,-8;197,11,-8
rua||maria benta|sao barnabe|36947000|45,-1988246,-4159957;55,-24,12;56,76,106;65,-31,-95;70,-22,-7;80,2,17;85,7,11;95,9,5;101,48,84;102,14,-23;105,-54,-48;111,-25,-63;115,18,69
rua||morro da caixa dagua|sao barnabe|36947000|74,-1988168,-4159861;107,50,-71;145,-59,-57;147,-35,-13;148,3,24;161,70,20;162,24,14;847,-12,36;849,-88,-70;856,26,-6;857,-7,-10;860,4,120;866,40,-104;890,-7,100;896,52,-56
rua||odilon bacelar|sao geraldo|36947000|57,-1994567,-4180350;63,-75,29;65,-26,7;70,91,-47;75,-68,47;90,51,-34;115,-26,27;119,10,0;120,-11,-12;125,-11,7;135,-7,8;150,-15,-3;155,-8,11;175,-21,20;190,-19,-7;195,4,10;205,-5,-4
rua||olival jose rosa|centro|36947000|3,-1992763,-4169470;4,-2,-8;5,0,5;8,-8,-6;11,7,4;12,-28,-8;13,14,4;15,-12,-5;16,22,6;22,-23,-5;23,-16,7;28,15,-9;35,-35,-24;38,20,19;43,-10,1;52,-15,-12;54,7,5;57,2,5;77,-24,13;113,11,-21;290,91,27;296,-33,-11;297,-1,0;314,-5,-3;317,16,11;325,11,-6
rua||osorio joaquim silva|sao luis|36947000|20,-1994554,-4162433;30,3,-10;47,10,-27;50,-2,10
rua||purcino da luz|centro|36947000|5,-1992948,-4169297;37,3,-22;40,13,2;44,-4,-7;49,1,1;50,1,-2;58,3,-9;61,-8,-8;65,8,-3;66,0,11;80,8,-15;98,11,-14;126,1,-18;136,-8,-19;148,23,-14;168,-2,-2;176,11,-15;186,9,-7;200,0,-24;210,0,0;216,1,-13;226,8,-4;236,-2,-6;250,7,-10;359,-13,5;393,-58,169;394,2,3;458,-3,3;592,4,-35
rua||ricardo braun|sao luis|36947000|24,-1994611,-4162291;26,99,-63;27,-31,46;37,-11,4;42,48,-32;91,-111,36;92,-3,-8;93,-5,-12;107,-12,-6;108,4,5;110,24,38;111,8,6;112,17,-9;113,10,-11;117,44,-14;118,4,0;119,9,-7;120,6,-3;122,15,-4
rua||sem denominacao|centro|36947000|3,-1993696,-4169564;7,-3,20;9,-4,8
rua||sem denominacao|sao barnabe|36947000|106,-1988107,-4159872;155,19,-22;177,27,-19;896,-32,-13
sitio||bons jardins|bom jardim|36947000|5,-1984402,-4163799
sitio||da maria|bom jardim|36947000|21,-1982773,-4160224
sitio||do ze miguel|bom jardim|36947000|22,-1982890,-4160269
sitio||do ze renato|bom jardim|36947000|12,-1983305,-4160490
sitio||do zelim|bom jardim|36947000|8,-1983340,-4162552
sitio||joao batista|bom jardim|36947000|20,-1982773,-4160222
travessa|pastor|benjamin|corrego conceicao|36947000|1,-1993687,-4169178
travessa||antonio floriano|sao luis|36947000|180,-1994513,-4162429
travessa||luzlandia|centro|36947000|21,-1993115,-4169232;34,-21,25;46,-11,8
