acesso||sem denominacao 1|vila industrial|37548000|2,-2240024,-4578253;90,143,92;110,43,32;120,-2,-6
avenida|barao|do rio branco|centro|37548000|5,-2241651,-4579888;7,296,111;17,-18,2;31,-9,-5;45,-6,0;50,-2,-14;54,-1,15;68,-14,-22;69,3,13;89,-25,-9;96,-2,-15;107,-18,4;108,13,-8;116,-9,2;123,-30,-24;124,21,18;131,-12,10;141,2,0;144,-4,-16;165,-22,1;184,-22,-8;185,1,-1;190,2,-8;197,-13,13;198,3,-6;199,-11,-3;204,3,-7;209,-7,7;217,-24,-17;218,28,4;232,-26,-7;233,-12,3;240,9,-10;243,-15,16;245,-10,-14;246,19,2;255,-20,-4;256,7,-6;266,4,10;286,-12,-6;287,-21,-1;300,-1,-1;305,-2,4;306,-6,-4;315,-8,2;316,7,-17;328,-19,-3;338,-9,-5;348,-3,7;355,-33,-27;356,23,12;360,-10,1;362,-4,-1;365,-24,-4;373,-5,-3;380,13,-2;381,16,10;385,-35,-5;395,-4,-4;430,-19,-22;438,-60,-25;455,46,17;540,-77,-24;543,57,40;553,-10,-9;563,-16,-4;580,-76,-49;600,-15,10;610,-11,-18;625,-19,6;635,-12,-6;640,-2,-11;645,-11,6;650,-18,-15;660,-6,-10;675,9,15;681,-5,3;700,-34,-27
avenida|coronel|domingos c rosa|centro|37548000|3,-2241264,-4579658;51,-11,9;89,4,7;95,12,11;110,-21,3;111,4,14;113,12,-12;116,-14,16;136,-2,2;141,5,2;148,-15,12;158,3,-1;160,-7,19;169,12,-12;179,-6,16;191,-3,25;198,-14,-5;201,8,15;205,-7,4;220,-6,3;221,1,15;230,-1,-10;232,-14,27;233,19,-7;236,-13,-14;247,11,22;254,-14,4;255,11,4;260,-18,5;265,12,9;285,-18,18;299,-1,8;309,-3,9;319,-4,12;329,-3,16;335,-6,14;369,-14,56;379,0,13;397,-14,18;415,10,0;475,-24,61;485,-4,12;495,-8,2;515,-6,32
avenida|coronel|domingos rosa|centro|37548000|2,-2241249,-4579682;32,-6,5;40,-5,17;94,-10,11;238,-89,248;240,-3,-11;250,-19,30;290,45,-63;296,1,-16;320,-10,37;378,-30,84;390,1,7;400,-5,24;430,-5,13;436,-16,-14;456,2,22;516,-6,56;520,-9,16;524,-2,7;534,-9,3
avenida|vereador|benedito maia da silva|bnh|37548000|1,-2240273,-4578442;2,-144,6;3,32,-97;22,-159,-189;26,-10,11;28,-1,12;30,27,-24;36,-31,21;40,-164,174;46,153,-168;50,8,-5;64,-10,7;66,-7,8;76,-4,12;86,-11,4;88,-90,101;92,30,-47;108,-51,73;151,170,-193;204,-59,79;225,-132,135
avenida||emiliano goria|bnh|37548000|1,-2240737,-4578632;2,-2,8;3,-7,6;4,-15,3;5,-1,14;6,-5,4;7,-7,7;8,-5,6;9,100,-104;12,-126,154;18,230,-269;21,-7,10;22,-14,-20;28,13,17;32,-6,8;33,-6,12;34,5,-9;39,-3,9;40,-9,-6;51,-6,12;52,1,4;59,-5,4;60,-1,-2;67,-1,4;68,-5,5;73,2,1;77,-172,186;80,59,-62;87,97,-112;88,-5,-2;93,0,10;94,-1,-9;99,-6,19;100,6,-4;105,-6,-1;106,-10,3;110,-102,119;113,101,-106;120,-15,-23;140,-109,165;141,110,-133;150,-93,113;221,47,-55;245,-32,26;255,25,-11
avenida||juscelino kubistcheck de oliveira|chacara|37548000|20,-2242051,-4579423;22,11,28;34,-18,-25;44,6,-8;45,-4,21;55,-11,-7;85,-4,-19;91,-20,-21;94,8,5;100,5,29;105,-18,-36;108,8,-2;113,-16,-11;114,13,0;115,-15,1;116,4,-2;122,-73,-91;125,27,32;126,24,40;130,-26,-38;133,37,43;140,-28,-31;210,-18,-29;220,-6,-8;241,-21,-9;250,2,-4;257,-6,-6;260,7,1;270,-5,-5;277,-14,-6;280,-2,-15;297,45,66;298,-48,-72;687,-3,-10
estrada|santa|vitoria|santa vitoria|37548000|50,-2250544,-4582178
estrada||2 a direita|capoeira grande|37548000|10,-2242288,-4580830;200,-45,56;9999,9,-21
estrada||barbosas brochado|barbosa|37548000|5,-2246782,-4585817
estrada||campo do meio tres cruzes|campo do meio|37548000|25,-2247600,-4578443;70,8,-38;80,-40,76;1300,44,-140;1400,9,-16
estrada||cascata|cascata|37548000|30,-2247394,-4583105
estrada||chapada|conceicao dos ouros|37548000|3,-2243360,-4573095;4,-1,-3
estrada||chapada|fazenda chapada|37548000|3,-2243567,-4575022;4,2,12;5,5,23;6,20,28;7,5,8;8,8,14;9,17,29;10,4,7;11,7,14;12,15,44;13,13,26;14,11,26;15,4,13;16,32,-258;17,16,-15;29,80,-290;31,-223,28
estrada||conceicao dos ouros para cachoeira de minas|cachoeirinha|37548000|410,-2240198,-4578770
estrada||dos rochas|dos rocha|37548000|15,-2242076,-4581276;27,101,60;28,-280,-305;170,400,253;205,-371,-375;365,497,795;520,8,51;530,6,23;540,-8,-32;546,2,-1;550,-5,-11;565,-4,-25;570,0,15;615,-28,-56;630,2,11;640,2,-9;645,-17,-20;650,12,5;725,-44,-77;777,-353,-405;778,-27,3;900,87,48;1000,-151,-160;1005,-6,23;2010,242,216;2052,-59,-60;3082,-167,-311;8990,121,279;8991,8,4
estrada||dos rochas|ouro velho|37548000|205,-2242236,-4581657
estrada||lino pereira da silva|santa efigenia|37548000|4000,-2241166,-4581069
estrada||ouro velho tres cruzes|ouro velho|37548000|6,-2244912,-4583837
estrada||ouros velho|ouros velho|37548000|150,-2243265,-4582771
estrada||para capoeira grande|capoeira grande|37548000|1900,-2242220,-4580529;2000,-40,-3
estrada||pintos para cesarios|cesario|37548000|389,-2245482,-4580706
estrada||principal bairro dos pintos|pintos|37548000|300,-2244282,-4579604;545,50,30;555,-14,-3;565,-13,-7;580,-58,-56
estrada||prolongamento sta efigenia|centro|37548000|73,-2241786,-4580419;325,16,57
estrada||prolongamento sta efigenia|santa efigenia|37548000|9,-2241794,-4580480;51,20,64;313,6,45;323,4,-2;366,-6,-6;385,-7,-30;400,8,18;425,-13,-59
estrada||quilombo fazenda dos flores|quilombo|37548000|75,-2239952,-4580107;250,132,-166;260,24,114;280,37,0;1050,-247,84;1070,26,-23;1080,14,-3;1090,13,-11;1100,30,-8;1110,-9,7;1112,108,-97;1313,255,-4;1460,-313,80;1751,231,17;2002,-316,126;2017,291,-326;2030,-271,141;2047,368,-57
estrada||tres cruzes campo do meio|campo do meio|37548000|50,-2247819,-4579177
estrada||tres cruzes cascata|tres cruzes|37548000|97,-2246732,-4583071
outros||sem denominacao 6|raco minas|37548000|49,-2240926,-4579204;497,-10,17;507,11,-21
praca||da matriz|centro|37548000|4,-2241355,-4579748;6,-3,8;20,11,-2;26,7,-3
praca||jose maria de souza|centro|37548000|9,-2241234,-4579720;13,-5,12;15,-63,-39;17,4,-4;18,-15,8;19,17,2;31,16,-4;45,10,4;51,10,-18;69,6,41;89,4,-18;90,-78,-11;100,37,21;200,13,5;230,18,17
rodovia||mg 173|chacara dos euclides|37548000|1000,-2242469,-4579535
rodovia||mg 173|chacara|37548000|990,-2242284,-4579602;1020,-35,16;1040,17,4
rodovia||mg 173|fazendinha|37548000|1,-2243380,-4578946;10,306,-118
rodovia||mg 173|vila industrial|37548000|960,-2240756,-4578371;966,18,-2;1495,34,27;1500,15,14;1515,18,9;1525,63,31;1530,17,9;1535,3,1
rodovia||ouros paraisopolis|campo do meio|37548000|45,-2247029,-4578011;113,-11,-18
rua|barao|de camanducaia|centro|37548000|6,-2241226,-4579541;7,1,-7;8,98,-289;12,-108,329;15,120,-357;16,-109,317;17,86,-239;18,-2,-7;20,-73,229;22,26,-78;25,50,-155;27,-79,233;32,46,-134;35,38,-109;40,-79,238;42,79,-245;45,6,-5;47,-120,336;51,125,-340;52,-8,-2;55,13,-10;57,-134,360;60,41,-116;65,18,-48;66,67,-203;72,8,-11;73,-82,241;83,-1,-4;85,94,-243;93,-87,226;99,1,-3;103,19,-40;107,-97,247;111,81,-221;118,2,0;180,17,-46;181,-6,13;191,3,-7;204,-122,291;205,17,0;211,120,-339;221,1,-1;231,1,-4;245,4,-14;255,-100,298;270,2,-5;280,-7,19;285,-1,-4;290,14,29;300,-12,7;310,-18,12;320,4,10;405,50,-194;480,71,-169
rua|barao|de camanducaia|raco minas|37548000|90,-2241316,-4579293;100,0,-14;122,-5,24;367,-9,35;377,30,-55
rua|barao|de camanducaia|raco mina|37548000|142,-2241329,-4579268;148,-2,11;158,-1,5;168,-4,12;416,-2,11
rua|capitao|francisco de oliveira costa|centro|37548000|10,-2241310,-4579888;20,-180,-90;29,183,103;31,-5,-15;52,-46,-19;67,-24,-13;77,26,16;87,17,5;90,-104,-54;92,-4,-2;95,-3,6;110,83,30;118,-6,-3;127,-14,-5;129,-9,3;164,-20,-17;169,-42,-17;170,-8,1;179,-6,2;180,-6,-7;187,0,9;190,-6,-10
rua|delegado|manoel pereira pinto|quilombo|37548000|50,-2240877,-4580023;54,51,-11;60,-30,-2;71,5,5;144,67,-24;151,65,-18;154,-57,17;161,22,-8;164,-5,6;171,15,-9;180,3,2;181,8,-6;191,8,1;200,1,5;204,9,-7;224,31,-11;225,-9,2
rua|doutor|carolino|centro|37548000|16,-2241226,-4579744;26,-1,-13;30,5,1;40,7,-17;50,3,-14
rua|duque|de caxias|centro|37548000|16,-2241353,-4579584;21,16,6;22,-41,-26;25,-2,11;26,40,19;31,11,-9;32,-59,-21;34,62,32;35,-64,-27;36,-5,-6;42,-11,-5;69,-21,8;75,-58,-20;82,51,0;84,-11,-4;95,-66,-21;100,242,99;105,20,6;109,-6,4;110,-11,-14;115,57,16;117,-320,-124;118,263,131;121,4,-17;122,6,1;123,51,18;132,-33,-7;135,42,17;137,3,3;139,-342,-151;145,347,164;147,-347,-179;155,357,161;160,-183,-68;170,-147,-66;172,296,133;180,-306,-139;182,322,147;192,6,3;202,24,19;244,-405,-193;295,169,83;319,-297,-126;450,158,58
rua|maestro|orlando alves correa|centro|37548000|9,-2241385,-4579504;25,43,-130;32,-8,6;38,2,-5;40,0,13;45,1,3;60,-8,10;105,-17,39;125,-1,18;131,0,28;222,23,-115
rua|nossa senhora|da conceicao|chacara|37548000|10,-2242182,-4579405;11,-2,-7;16,9,6;18,-27,27;20,-5,-2;25,-43,32;26,81,-67;28,-44,33;35,-67,55;36,114,-90;38,-54,42;40,-1,1;45,54,-51;46,8,-2;48,-66,54;55,-55,48;56,133,-113;63,-4,-1;66,9,-9;68,-102,89;73,94,-91;78,-101,101;86,-10,9;88,136,-121;91,-5,-3;94,-134,123;96,-6,10;98,144,-134;106,-147,140;112,133,-130;114,32,-27;126,5,0;133,-18,17;135,-261,241;136,215,-211;145,66,-66;146,2,8;147,-202,191;148,1,-3;155,206,-197;156,4,-1;157,-214,204;158,0,-2;161,218,-205;165,4,-10;166,-11,13;167,-220,217;168,228,-226;174,-229,215;176,236,-225;180,-245,233;181,256,-245;185,-6,19;186,-16,-17;189,29,-6;199,10,-8;202,-13,18;206,6,-11;209,8,-14;210,5,5;216,3,-7;217,-3,-8;229,10,-2;234,1,0;236,5,-5;245,-1,-7;246,12,2;254,5,-7;255,-5,-1;262,0,2;272,9,-1;293,0,-16;295,1,1;495,-202,225;515,-20,9;525,-3,6;535,-10,3;555,-14,12;565,-9,10;701,138,-135
rua|padre|avelino|chacara|37548000|20,-2242225,-4579229;30,-13,-23;54,-8,-21;66,-2,0;73,-15,-14;74,8,1;84,-3,-10;130,12,28;136,-40,-55;137,-10,-9;140,-94,-120;143,112,133;144,-80,-82;158,58,66;233,-28,-42;237,-29,-42;243,21,31;247,-26,-40;249,-6,-10;253,28,49;300,-66,-95;313,10,25
rua|padre|geraldo r rezende|bnh|37548000|21,-2240727,-4578820;23,-21,-29;30,46,55;53,-34,-36;120,70,100;190,-30,-49;210,-18,-22;220,-10,-15;223,-7,-12;224,-15,-11;226,-4,-9;235,43,41;239,11,-6;410,10,44;411,-8,-14;431,12,5
rua|padre|leticia|centro|37548000|8,-2241151,-4579530;10,-5,7;15,-3,8;26,8,-15;45,6,-22;48,1,9;61,-20,38;64,23,-52;72,20,-11;80,-15,-7;88,5,-10;90,3,-15;98,0,-5;102,10,7;112,-6,-6;115,-2,-14;120,9,-1;150,-1,-15;180,5,-22;196,18,-43;200,-6,-10;201,9,7;211,0,-16;214,6,-1;218,2,-5;219,-4,2;224,0,-7;229,4,0;260,-22,55
rua|padre|otavio l santana|bnh|37548000|15,-2240744,-4578910;17,5,5;28,86,95;35,-82,-87;48,71,76;73,-85,-91;83,3,3;93,9,4;115,94,110;120,-60,-64;130,-9,-3;140,-5,-16
rua|professora|maria ines goria|raco minas|37548000|10,-2241152,-4579322;36,-4,10
rua|santa|barbara|centro|37548000|7,-2241614,-4580019;15,91,37;19,-81,-31;29,8,3;38,59,15;44,-44,-13;51,1,6;61,11,0;65,4,-1;67,10,8;71,-4,-8;75,-39,-8;83,54,15;99,5,-1;109,10,9;119,9,1;125,4,7
rua|santa|efigenia|santa efigenia|37548000|20,-2241657,-4580048;40,-17,-41;63,10,-1;70,-115,-345;80,105,329;95,-4,-22;96,6,5;105,-24,-6;106,22,6;115,-4,-21;122,-1,1;126,-2,-8;127,-26,-36;130,25,36;137,-30,-42;140,34,39;144,-19,-54;146,-1,5;147,-7,-7;148,13,22;150,14,9;154,-34,-40;157,-7,-3;166,4,-8;169,-18,8;174,15,-15;176,3,-16;179,-8,13;185,-1,-5;195,0,-5;201,9,-10;205,-12,-11;211,6,2;215,-13,2;218,8,-7;225,36,115;227,-51,-111;235,52,102;237,-47,-116;244,2,-17;245,43,126;247,-29,-61;256,-20,-78;259,6,2;260,-6,-1;274,-4,-9;278,0,-5;284,-2,-11;300,-11,-24;324,0,-12;332,-4,-22;334,6,-4;338,-18,4;382,-9,-45;390,9,19;426,-5,-36;430,-1,-37;456,13,89;472,-14,-130;611,166,548;617,-5,-15;635,-1,-14;645,-22,2;650,-64,-684;658,74,672;660,-68,-649;668,55,635;681,1,2;687,-6,4;695,-16,-13;810,-28,-750;815,7,-28;820,-2,-9;830,12,-4;848,-4,-4;858,26,-1
rua|santo|cruzeiro|centro|37548000|27,-2241696,-4579875;45,-14,-10;51,-7,-5;61,-20,0;62,11,-10;71,-18,8;72,12,0;80,-18,-4;81,8,2;85,-10,-18;111,-20,6;119,-8,-4
rua|sao|jose|centro|37548000|12,-2241218,-4579711;16,12,-12;43,1,9;44,13,-12;107,-30,-7;111,7,9;119,8,-3;139,11,-3;155,10,9;157,4,4;168,-2,6;208,42,13;209,-4,-5;214,14,17;217,-1,-15;222,2,6;229,1,2;231,6,1;232,1,6;245,15,5;246,-5,-3;270,27,16;284,8,-3;294,9,8;304,13,3;306,-6,19;310,14,-17;316,-1,2;318,5,13;326,14,-10;338,2,3;344,5,4;348,11,6;360,-1,0
rua|sao|jose|quilombo|37548000|261,-2241094,-4579674;269,1,0;285,197,-74;291,-181,75;293,3,8;299,10,-4;313,7,5;323,8,1;333,10,8;343,8,-1;351,9,7;375,129,-128;380,15,8;385,12,-9;391,-92,101;395,100,-109;405,-77,83;420,-39,30;425,62,-60;430,-50,45;435,54,-48;440,-46,63;444,142,-134;450,-123,117;455,3,-11;475,4,-10;485,7,-11;495,-2,0;500,129,-116;515,-111,97;555,423,-120;633,-360,64;755,228,-32;855,116,-23;860,-29,10;865,27,-14;869,-35,8;875,14,0;880,19,4;885,-16,-8;890,34,-2;905,-26,3;923,16,-5;945,3,3;985,19,-25;995,44,-69;1070,70,77;1080,5,-1;1100,5,-1;1230,300,-170;1275,-306,164;1280,13,-2;1305,177,-77;1315,3,-4;1325,20,-18;1400,-37,87;1415,-26,-26;2663,-171,53
rua|vereador|jeferson de castro|quilombo|37548000|3,-2240921,-4579973;7,19,-9;15,12,6;21,7,-2;26,15,-5;27,-4,-2;31,6,-3;33,9,8;36,-7,-2;46,26,-3;50,12,-9;70,38,-14;76,-33,12;91,0,-3;101,15,-1;104,-3,2;115,8,-7;171,47,-14;256,-29,19;266,25,-14;273,-4,0;275,104,-32;285,10,-3;303,-86,24;310,-5,14;317,11,-13;325,18,-8;330,-5,11;340,9,-2;350,12,-6;380,19,-11;400,27,-8
rua|vereador|oswaldino e de sousa|bnh|37548000|6,-2240626,-4578904;12,1,4;20,-7,5;38,-10,10;48,-2,1;66,-28,22;97,-15,29;100,-12,0;107,5,9;110,-9,-1;117,-4,10
rua||6|bnh|37548000|15,-2240807,-4578510;20,38,16;40,-29,-26;44,1,8
rua||acacio de paula ribeiro|bnh|37548000|41,-2240774,-4578740;74,-9,-4
rua||afonso pereira da silva|santa barbara|37548000|29,-2241379,-4580226;33,0,5;39,7,-4;43,7,4;48,7,1;50,6,8;57,-3,-6;70,-29,-13;80,-4,9
rua||afonso rogerio|bnh|37548000|59,-2240878,-4578632;60,17,-12;61,-5,-2;62,6,-9;63,8,-5;64,1,-6;65,14,-15;66,5,-6;67,4,-5;68,4,-6;69,7,-8;70,9,-10;71,5,-3;72,4,-6;73,7,-7;75,3,-3;76,-5,12;77,-12,2;78,-1,10;79,-2,0;80,-12,0;81,-1,19;82,-8,0;83,-14,0;84,-5,15;85,-10,11;86,0,6;87,-5,4;88,-11,8;89,-2,4;90,-1,-2;123,-9,24
rua||alcides de paula|santa barbara|37548000|50,-2241417,-4580256;199,-14,37
rua||alderige candido ribeiro|santa barbara|37548000|5,-2241457,-4580273;40,-4,-8;60,-4,-1;90,-26,-28;111,19,23;135,-18,-21;145,-54,-56
rua||alves correa|centro|37548000|7,-2241150,-4579581;20,-10,-3;25,-3,3;26,-3,-10;35,-10,20;49,-3,-19;98,-36,-39;99,-7,18;108,-16,-9;109,1,6;118,-2,-18;119,-4,13;153,-56,-21;165,-6,-5;172,-17,-52;173,9,47;183,-12,-4;200,2,-3;209,-21,-5;210,-31,-14;212,7,5;218,15,8;220,-39,-23;223,11,14;225,12,5;227,-111,-51;229,-11,-6;233,117,56;243,-81,-44;250,56,18;260,-71,-40;270,59,32;277,13,25;280,-17,-18;290,-11,-1;293,-58,-23;295,77,33;303,-88,-40;311,-8,2;323,80,29;331,-104,-37;333,94,37;341,-132,-57;361,11,5;365,-8,-8;371,25,17;372,2,1;458,-22,-24;500,-43,-11;535,15,14;539,-13,-6;541,10,1;547,284,123;549,-302,-127;555,0,-1;565,-7,-5;586,-15,-12;596,-5,3;620,-60,-5;626,5,-11;642,-26,5;655,-17,9;668,-6,-6
rua||alves correa|chacara|37548000|703,-2241766,-4579788;710,-20,1;711,10,3;720,-34,7;735,15,-9;741,-9,3;745,-12,3;747,50,-3
rua||antonia augusta alves|dos rocha|37548000|110,-2241843,-4580896;130,-10,-21
rua||antonio da silva viana|raco minas|37548000|4,-2240694,-4579092;7,9,-10;17,21,-1;49,52,8;69,6,16;85,-34,-6;89,53,-2;100,10,-3;111,40,11;140,-8,1;145,33,1;155,10,11;166,-44,5;189,55,-6;200,0,3;210,11,2;220,14,8;230,10,2;242,6,-3;252,13,10;259,8,-12
rua||antonio ladislau alves|santa efigenia|37548000|5,-2241924,-4580062;6,42,-132;7,80,-144;15,-9,14;28,11,-30;35,-20,43;45,-6,11;60,-2,-7;71,-15,42;81,3,16;100,-4,-24;165,-26,57;175,-8,14;205,-12,26;215,-4,3;219,1,8;225,-4,7;230,-22,27;235,22,-19;240,-23,18;245,14,-14;250,-21,27;255,16,-12;260,-21,19;285,15,-15
rua||antonio ribeiro da mota|centro|37548000|123,-2241867,-4580194
rua||antonio tito|centro|37548000|25,-2241828,-4580150;26,8,5;36,1,7;56,13,7;65,4,-1;75,2,17;85,12,7;185,-55,-62
rua||aristides da silva viana|chacara|37548000|52,-2242412,-4579073;62,-7,2;72,-7,1;102,-30,-1;160,-51,1;180,5,3
rua||aristides pereira da silva|fazendinha|37548000|13,-2243479,-4578809;15,385,-244;18,-392,243;20,89,-8;21,117,-115;30,71,-25;33,-255,141;40,113,-20;41,257,-211;60,-183,145;61,172,-145;68,-287,225;80,111,-75;81,173,-142;101,-9,9;110,-154,126;140,12,-8;182,-100,78;185,161,-123;190,30,-32;195,-201,160;200,138,-116;205,27,-16;221,-88,73;250,78,-77;320,54,-34;340,13,-6;360,15,-19;370,1,10;380,6,-12;400,10,-8;465,-260,211;475,-6,9;560,-91,3;1000,150,-56;1100,4,-2
rua||augusta alves de freitas|quilombo|37548000|25,-2241004,-4579828;26,-6,0;33,7,4;36,-11,-16;45,-1,2;51,-7,-10;55,-9,-12;57,-4,1;58,7,8;61,-14,-19;62,4,11;71,-8,-17;72,4,-1;82,-9,-2;92,0,-1
rua||azevedo|vila industrial|37548000|8,-2241492,-4579036;14,2,7;20,1,7;21,7,-7;30,-4,17;31,4,-4;40,-4,9;41,11,21;48,30,151;50,-37,-163;51,8,6;60,-5,2;61,7,5;70,-5,11;71,6,-4;96,-8,24;99,16,14;108,-8,-6;109,7,-4;110,1,24;125,-4,-10;129,7,15;135,2,12;136,-3,-15;145,0,14;147,3,6;152,-1,10;157,5,-2;167,3,8;168,-5,0;177,6,13;178,-5,-5;188,7,7;191,2,19;198,-5,-7;199,9,7;209,1,9;212,-7,-4;218,1,5;222,4,10;237,9,31;240,-2,-3;248,-8,0;254,10,11;257,0,5;264,-2,9;265,5,-4;284,1,27;285,4,-7;294,-4,14;297,7,-4;317,5,18;325,1,22;328,-2,-5;335,9,16;345,0,6;438,-8,-9;448,4,8
rua||benedito barbosa pinto|bnh|37548000|21,-2240639,-4578714;22,-5,-4;27,10,13;28,-4,-6;33,7,11;34,-2,-4;39,8,6;40,-6,-4;45,22,16;46,-23,-7;51,22,12;52,-12,-5;57,19,10;58,-14,-9;63,15,14;64,-7,-5;66,5,5
rua||benedito maia da silva sobrinho|bnh|37548000|91,-2240904,-4578655;92,9,0;93,3,-8;94,8,-13;95,3,1;96,4,-5;97,17,-15;98,1,-9;99,3,-3;100,3,-9;101,13,-7;102,4,-4;103,-1,4;104,7,-15;105,9,-5;106,4,-14;107,-15,-4;108,7,13;109,-2,6;110,-8,3;111,-3,13;112,-7,1;113,-2,7;114,-11,6
rua||benedito mendes pereira|qui ombo|37548000|600,-2240624,-4580020;602,33,-6;607,11,-7;619,46,-13;627,-71,26;629,78,-31;639,8,-7;645,10,-4;655,-60,21;674,21,3;679,70,-38;809,170,36;820,16,-6;825,-129,-20;835,16,-5;842,7,9;852,8,7;872,29,11;889,101,-8;892,-107,7;909,204,1;1020,38,1
rua||benedito mendes pereira|quilombo|37548000|12,-2241076,-4579749;14,9,-3;61,330,-224;71,-4,8;81,-16,4;87,-268,194;91,264,-200;97,-254,188;100,-50,30;105,53,-35;107,292,-192;109,-298,203;111,313,-204;113,-310,204;115,10,-19;119,-9,10;121,327,-196;123,-294,170;124,-19,19;125,-4,-4;132,20,-16;133,3,2;134,3,-5;135,-15,11;138,3,-1;140,21,-5;148,-13,5;150,21,-20;155,-19,16;160,26,-26;169,-15,27;180,8,-7;190,2,-8;250,17,-12;260,19,-22;265,-22,26;270,23,-26;271,-16,18;273,37,-39;275,13,-17;280,-22,27;281,-14,20;285,41,-51;291,-29,41;303,46,-62;321,-20,31;329,10,-10;338,49,-49;345,6,-7;348,7,1;354,3,1;359,-37,25;360,49,-28;370,8,-5;458,67,-17;462,-71,25;469,-33,7;478,70,-16;479,-17,5;480,28,-6;489,63,-21;499,42,-26;509,-80,38;522,22,-4;525,-15,0;550,21,-3;552,15,-2;555,3,-1;565,14,-6;575,13,-1;595,19,-11;601,-6,27;603,1,-6;605,17,-8;609,7,-33;615,20,-9;625,9,-5;670,-48,26;680,8,-8;690,8,-61;730,106,9;740,-2,7;746,8,-7;748,-70,35;750,78,-43;760,4,6;780,8,-10;791,6,-70;800,156,107;802,-3,-12;808,-144,-39;810,18,14;821,31,11;840,-5,-4;845,35,17;855,9,15;865,-16,-17;875,127,-3;880,9,0;895,-101,20;905,14,3;930,38,-14;940,93,-15;950,-6,-51;980,39,55;986,-122,14;990,50,-68;1000,82,6
rua||benedito pinto dos santos|santa barbara|37548000|70,-2241538,-4580210;85,14,-46;105,16,-15;110,1,7;115,5,-14;120,-17,33;125,27,-37;135,7,-17;255,57,-64;280,-32,45;320,25,-30;335,-7,18;340,-4,-5;345,-16,11;350,40,-46;355,-43,50;360,35,-40
rua||bento lopes de castro|santa barbara|37548000|65,-2241350,-4580262;75,5,-7;700,7,15;710,-40,-8;730,20,-10
rua||brasiliano pereira da silva|santa efigenia|37548000|18,-2241549,-4580958;50,81,-24;55,-112,11;60,112,-9;65,-75,-9;76,14,-7;80,82,25;86,5,1;90,-62,-9;106,79,8;110,-52,-13;190,63,11;200,11,1;210,11,-3;220,17,-8
rua||bueno de paiva|centro|37548000|6,-2241089,-4579744;8,-12,-5;20,-6,-3;30,-16,-5;31,12,3;32,12,-33;38,-284,-73;40,249,100;45,15,-3;55,-7,-1;64,-26,-5;78,-6,-2;90,4,-3;94,-4,-1;105,-4,0;107,-8,-2;108,3,-5;111,-11,3;116,80,36;119,-90,-42;120,11,9;122,-19,-10;129,5,9;139,-6,-10;150,-19,-35;154,-15,28;156,3,-81;161,-176,14;164,174,55;182,-13,-4;187,-8,5;208,-19,-16;213,-10,4;226,-30,-15;236,-6,-4;244,-8,-3;245,175,67;271,-202,-78;272,7,-1;280,-17,0;294,-8,-3;295,-6,-12;304,1,7;312,-11,-5;325,-41,-12;333,-8,-7;338,100,41;345,-80,-24;350,10,-6;360,-18,-5;378,-29,-14;406,-19,-4;416,-8,3;427,-12,-10;430,6,-10;439,-7,7;444,2,-1;455,-7,-4;456,-11,5;460,-4,-3;480,376,147;484,-387,-158;506,-21,-14;509,-15,2;512,5,2;528,-8,-12;529,-6,-8;536,-2,2;540,-5,-9;547,-3,3;555,-8,-15;576,-8,-5;592,-12,-4;596,-15,-19;604,7,12
rua||bueno de paiva|quilombo|37548000|4,-2240960,-4579698;5,-10,2;7,-4,-6;9,-6,2;12,3,-7;22,6,10;24,-7,-5;91,-64,-34;101,6,10;236,-37,-10;238,43,11;240,8,4;248,24,12;252,12,3;401,32,18;405,2,-6
rua||candinha|santa efigenia|37548000|10,-2241810,-4580217;14,133,151;20,-127,-145;21,6,6;25,96,139;41,-94,-136;51,8,12;55,91,102;61,-84,-107;65,70,93;71,-61,-84;75,41,92;76,-50,-88;80,9,7;81,3,-2;84,61,75;85,-10,-17;86,-42,-48;90,1,11;94,49,52;95,-14,-11;98,5,0;100,-9,-8;102,-4,-11;105,-11,4;110,-9,-23;115,17,22;120,-6,-13;134,-5,-4;145,-18,4;155,1,-16;205,-76,-86;225,31,23
rua||carla de castro andrade|centro|37548000|400,-2241948,-4579973;405,0,7;410,-4,9;420,-2,-2
rua||cassiano pinto|chacara|37548000|9,-2242216,-4579446;10,6,1;15,5,-13;19,-81,120;20,72,-110;22,5,2;25,7,-21;30,-46,50;46,62,-52;49,-70,67;56,79,-72;60,5,-10;62,-102,98;65,100,-109;66,3,9;70,380,-268;73,-378,268;75,-14,3;80,143,-78;83,-123,62;90,-72,86;91,74,-85;92,-66,72;94,421,-317;97,-11,12;98,-480,365;100,488,-372;101,-345,230;120,-84,80;121,5,7;123,-8,6;125,114,-115;131,-192,197;132,-9,-18;134,-8,4;136,-2,3;138,207,-182;140,-315,291;146,109,-100;148,139,-133;150,340,-255;160,-7,1;163,-246,167;165,219,-152;168,-227,171;170,245,-185;171,-401,341;172,373,-324;175,-196,139;180,0,0;183,222,-145;185,-221,142;186,179,-131;187,-187,140;188,153,-121;190,26,-13;191,-166,119;197,-2,5;198,0,-3;202,128,-105;208,-121,104;219,-1,-2;221,3,-16;225,27,-20;226,-15,25;227,24,-32;229,2,-1;230,78,-58;231,-68,44;233,-39,44;234,5,-2;244,-9,9;245,13,-20;246,-44,52;250,55,-56;254,85,-100;270,-75,90;272,5,-8;279,-1,-5;280,11,-7;283,1,-6;284,49,-44;290,-6,14;297,-160,157;300,149,-150;310,-5,5;320,-9,5;328,-14,8;330,5,-3;338,3,-12;405,-233,256;531,96,-88;551,-55,38;587,-49,58;591,0,-3
rua||cassiano rosa|centro|37548000|39,-2241605,-4580047;49,6,-17;61,6,-5;75,0,-15;89,10,-4;91,5,-9;101,5,-9;117,5,-10;596,-60,92
rua||cassiano rosa|santa barbara|37548000|20,-2241546,-4580155;29,-1,5;40,-50,83;62,4,-11;92,19,-19;150,32,-65;152,2,-10;161,1,2;162,-2,-2;171,7,-6
rua||cecilia ribeiro rosa|santa barbara|37548000|26,-2241390,-4580188;36,-9,0;37,35,16;40,-17,-8;46,7,-2;135,-13,4
rua||da paz|vila industrial|37548000|14,-2241454,-4579052;28,-8,-2;43,51,-3;45,-1,-8;46,4,-3;48,-72,12;56,81,-14;58,-93,18;59,86,-14;60,-92,17;64,108,-23;65,6,6;66,5,-6;68,-125,26;69,-6,1;73,138,-24;76,2,-3;78,-145,27;79,1,8;81,85,-23;83,63,-9;93,10,-1;103,5,-4;108,-182,29;111,-5,9;120,-10,-3;141,-49,16
rua||da ponte|centro|37548000|3,-2241403,-4579321
rua||do servulo|centro|37548000|40,-2241701,-4579925;48,15,-42;54,-7,24;58,3,-15;66,-1,7;74,-1,-1;83,1,-12;93,3,-3;97,-5,13;107,8,-33;144,-15,53
rua||do servulo|santa efigenia|37548000|76,-2241678,-4580006;121,5,-20;695,7,-7;705,1,-5
rua||donizetti caetano de carvalho|chacara|37548000|17,-2241701,-4579668;19,0,0
rua||elci alves pereira|dos rocha|37548000|85,-2241904,-4580791;95,-1,3;120,-16,-56;165,-12,-7;170,7,-15
rua||elizeu paulino de azevedo|bnh|37548000|21,-2240611,-4578738;22,-5,0;27,9,2;28,1,5;33,5,-1;34,6,1;39,-1,5;40,-6,6;45,9,3;46,-4,1;51,5,6;52,0,-4;57,6,11;58,1,-1;63,5,5;64,-4,3
rua||elza pereira viana|chacara|37548000|15,-2242426,-4579045;25,0,-79;82,-2,19;84,13,-72;85,-3,27;87,-13,41;90,9,-7;95,9,-39;100,0,-8;124,-6,19;161,-9,91;187,20,-109;195,-17,133;1000,-4,-20;1006,-2,10
rua||ernesto vilas boas|vila industrial|37548000|68,-2241389,-4579095;69,9,-5;71,0,-1;73,-2,3;78,-7,-5;81,-12,-7
rua||euclides viana|chacara|37548000|2,-2242155,-4579355;9,8,-12;12,-1,7;13,-78,80;15,108,-123;18,-21,32;20,-3,5;30,35,-56;32,-24,50;33,-5,-14;37,-66,79;40,85,-89;41,3,-14;45,-16,21;47,-58,71;50,-3,6;52,-4,2;54,77,-86;55,-9,4;57,-49,59;59,-9,4;62,71,-70;63,-9,1;64,47,-44;68,-131,143;76,103,-108;77,10,-34;82,2,37;86,-6,-15;87,-3,-3;96,6,2;105,40,-55;126,-177,202;139,166,-184;140,-215,243;141,24,-39;143,-21,9;144,206,-204;154,15,-12;160,0,-9;163,-224,227;173,401,-443;174,-168,207;184,8,-1;186,3,-9;189,-4,-2;193,181,-219;198,-165,216;199,-3,-11;208,-4,2;209,4,-7;218,4,7;228,8,-6;238,0,-17;240,4,3;248,8,-4;256,-2,-4;259,6,-18;266,10,12;269,0,-19;271,14,-9;276,-8,21;281,4,-17;320,-66,93;451,173,-220;560,-293,341;580,-120,143;590,-11,8;630,79,-96;640,6,4;650,-5,10;660,-42,34
rua||felicio antonio teixeira|bnh|37548000|115,-2240881,-4578732;116,12,-8;117,10,-7;118,-4,0;119,14,-14;120,2,-2;121,12,-12;122,3,-10
rua||filomena f soares pinto|bnh|37548000|5,-2240765,-4578872;51,17,-60;541,-13,44
rua||filomena f soares pinto|cachoeirinha|37548000|13,-2240703,-4579053;23,-8,14;28,-1,-9;38,2,1
rua||francisco ferreira da silva|centro|37548000|10,-2241640,-4579937;18,-23,-24;20,7,10;25,-5,-9;36,4,8;47,-21,-30;98,31,36;100,-5,-4
rua||francisco ribeiro alves|bnh|37548000|705,-2240765,-4579043;950,75,38;960,21,12;970,-11,4;1030,13,17;1060,28,12;1070,7,1;1080,-3,-5
rua||francisco ribeiro alves|cachoeirinha|37548000|55,-2240644,-4578960;945,-50,-50;955,7,2
rua||francisco ribeiro alves|raco minaa|37548000|412,-2241038,-4579158;422,14,10
rua||francisco ribeiro alves|raco minas|37548000|26,-2240898,-4579110;32,-413,-157;138,-32,-11;192,137,46;200,299,153;202,-294,-150;247,38,13;255,2,-3;279,26,15;280,22,11;287,11,1;289,12,4;377,-221,-88;417,19,4;440,240,96;444,44,33;445,0,-8;450,61,26;457,-331,-141;470,334,146;480,-45,-14;486,15,2;495,33,7;511,-59,-15;580,125,51;591,-2,-9;592,0,7;613,20,4;616,11,10;644,-21,-9;654,8,4;667,50,14;789,-39,7;820,48,-6
rua||francisco rogerio|chacara|37548000|15,-2242458,-4579203;45,-5,25;75,-11,24;80,1,4;99,-9,35;100,-1,34;120,3,-49;140,0,21;185,3,59;186,-11,-8;187,5,14;190,-1,2;215,8,-86;2005,-6,106
rua||genesio de oliveira barbosa|santa barbara|37548000|5,-2241453,-4580260;20,19,-21;22,-42,49;30,1,4;40,2,-6;50,3,-14;60,6,1;90,59,-56;120,-27,16;140,12,-12;145,-36,44;165,44,-55;175,5,-9;200,8,-12;210,2,-7;215,15,-7
rua||geraldo fernandes de souza|quilombo|37548000|2,-2241024,-4579832;19,-7,9;34,16,-10;80,-19,4
rua||geraldo nunes pinheiro|santa barbara|37548000|90,-2241528,-4580137;117,22,7;127,8,5;137,18,12
rua||gilberto da silva viana|chacara|37548000|5,-2242197,-4579415;7,-15,-4;10,-1,-8;11,109,142;15,-2,3;17,-24,-44;23,12,28;34,-4,1;36,-4,-3;48,-77,-106;51,62,82;52,-1,25;55,-58,-113;62,59,91;68,-70,-89;72,65,83;78,-69,-93;79,70,90;82,-8,-8;88,-63,-89;92,60,86;112,-79,-103;119,61,74;120,4,12;128,-6,-8;129,1,-11;134,-6,-2;139,-5,-8;142,-4,6;213,-48,-60;214,-4,-5;224,0,-8;227,4,-12;228,-4,9;230,-6,-6;235,-7,-4;244,-2,-18;254,-9,-2;255,11,2;258,-8,-6;260,-3,-4;270,-28,-45;271,9,32;274,9,7;284,-5,-13;285,2,4;288,-23,-26;298,-4,-5;299,4,-11;304,8,25;306,-18,-27;308,5,8;309,2,-1;316,-6,-7;807,-12,-3
rua||gilmar pereira de carvalho|bnh|37548000|30,-2240858,-4578612;31,8,-7;32,2,-9;33,9,-4;34,5,-11;35,5,-7;36,10,-2;37,4,-14;38,6,-2;39,10,-5;40,0,-5;42,30,-46;43,1,8;44,-10,6;45,-15,15;46,0,6;47,-5,3;48,-4,6;49,-8,10;50,-7,10;51,-3,7;52,-4,2;53,-16,15;54,-2,6;55,-11,9;56,1,4;57,-14,8
rua||iratan barbosa souza|chacara|37548000|15,-2242592,-4579162;199,-4,26;200,24,-68;225,6,-30;230,-7,3
rua||irene tito vieira|bnh|37548000|11,-2240669,-4578694;29,3,14;33,9,-2;39,8,9;49,5,7;55,6,4;57,6,9;63,14,4
rua||isac paulino de azevedo|bnh|37548000|21,-2240586,-4578764;22,-4,-3;27,6,10;28,2,5;33,0,1;34,1,3;39,8,0;40,-4,5;45,13,6;46,-5,-2;51,7,11;52,-4,-6;57,9,12;58,-9,-3;63,20,-3
rua||isaias alves correa filho|santa barbara|37548000|26,-2241591,-4580124;35,-7,0;41,-4,-17;60,1,-9;70,-15,7;105,-24,-14;110,6,-4;115,-15,-1
rua||ismael alves correa|dos rocha|37548000|42,-2241787,-4580825;72,-33,17;102,-24,20
rua||joao alves correa|santa efigenia|37548000|180,-2241318,-4580654;191,2,-2;199,0,2
rua||joao batista pereira|quilombo|37548000|805,-2240565,-4579908;815,-3,-13;827,19,54;869,-2,7
rua||joao belarmino de carvalho|centro|37548000|7,-2241568,-4580046;9,7,-4;32,3,-24;35,-3,6;52,18,-17;71,-7,-14;103,-10,34
rua||joao da silva viana|chacara|37548000|19,-2242358,-4579057;75,2,-96;80,8,121;100,-15,-45;112,-4,-57;114,2,16;116,-6,19;122,-1,2;133,10,-44;144,-2,-12;160,7,-8;162,-1,-11;166,2,-6;170,6,136;175,5,1;215,5,26;940,10,-4;970,40,-2
rua||joao eleuterio santana|centro|37548000|50,-2241804,-4579894;90,-14,49;145,14,-58
rua||joao jose ribeiro|vila industrial|37548000|8,-2241411,-4578823;31,-15,4;35,-1,-2;64,47,-15;74,16,0;75,-7,-2;240,-85,24
rua||joao pereira de carvalho|bnh|37548000|10,-2240584,-4578822;20,-33,28;74,-6,36;485,-34,2
rua||joao pereira de freitas|santa efigenia|37548000|82,-2241443,-4580789;85,-87,-128;95,13,14;97,7,-1;98,0,5;100,113,315;105,-111,-313;115,17,4;193,35,32;195,1,-10;199,-28,-8;200,21,16;201,6,3;205,7,10;210,-46,-32;215,64,33;220,-58,-29;225,14,3;235,43,26;240,7,41;295,18,-39;346,58,12;356,38,-71
rua||joao pereira s sobrinho|santa barbara|37548000|71,-2241405,-4580817;326,2,-19
rua||joao pereira s sobrinho|santa efigenia|37548000|10,-2241406,-4580854;17,10,-45;18,-7,40;23,-1,-15;26,6,4;38,2,-12;42,-1,-15;68,9,-7;148,-2,-12;170,13,-28;200,5,-24;215,-9,22;221,5,-13;225,3,-15;230,3,-10;240,4,-10;250,5,-15;260,7,-8;270,5,-3
rua||joao tomas de freitas|centro|37548000|79,-2241792,-4580260;80,-7,-5;86,-62,114;87,59,-98;90,-4,-9;97,-2,21;100,3,-12;108,-18,3;110,-37,101;116,-5,0;120,-4,9;130,54,-93;140,-21,8;147,4,19;150,2,-6;152,-8,19;158,0,-11;162,-4,22;165,10,-14;175,-3,8;182,-8,21;192,-6,8;205,-2,-6;225,-3,17;232,-24,23;235,14,-16;245,6,11;250,-24,16;260,0,12;265,3,-5;281,-16,21;290,7,-8;291,1,-2;300,-6,6;301,8,-7;306,-12,21;308,-6,6;312,-7,14;315,8,-16;322,-5,19;333,-10,16
rua||joao tomas de freitas|santa efigenia|37548000|10,-2241764,-4580328;11,6,10;17,-7,9;20,-2,-10;30,-10,4;31,-4,26;40,0,-17;41,-3,28;45,4,-22;46,-3,5;50,-1,1;60,-7,3;61,-3,21;66,2,-10
rua||joaquim a mata|santa efigenia|37548000|18,-2241780,-4580256;31,-1,10;38,12,3;41,1,11;45,7,8;51,4,3;61,1,1
rua||joaquim alves donato|santa barbara|37548000|27,-2241452,-4580165;30,2,7;40,-12,-1;45,-21,-7;50,10,3;60,-15,-2;70,-6,-7;71,-10,-4;72,7,5;75,-13,0;78,16,2;80,-17,-12;84,-5,5;90,-7,-1;100,-15,-10;112,70,22;115,-88,-37;122,82,34;125,-82,-41;131,-22,-9;133,32,31;135,-15,-32;142,74,53;145,-102,-69;151,27,30;155,-62,-60;159,18,14;160,-4,-1;162,66,64;169,-74,-71;170,0,1;172,67,63;213,-54,-44
rua||joaquim eugenio da fonseca|centro|37548000|65,-2242005,-4579952;75,-1,7;678,-27,73
rua||joaquim jose afonso|bnh|37548000|5,-2240955,-4578830
rua||joaquim pereira de freitas|chacara|37548000|5,-2241734,-4579670;10,58,105;21,-15,-27;77,-63,-132;79,7,6;99,4,9;125,44,96
rua||jose angelo pereira|dos rocha|37548000|2,-2241819,-4580955;10,-2,9;23,-10,9;45,-58,33;80,5,-4
rua||jose antonio ribeiro|centro|37548000|18,-2241471,-4580009;25,7,17;28,6,-15;30,-26,-3;35,24,19;38,9,-1;45,-1,4
rua||jose benedito dos santos|vila industrial|37548000|42,-2241399,-4578728;52,0,-3
rua||jose bonifacio de castro|centro|37548000|9,-2241624,-4579977;21,-10,-11;26,22,12;30,-20,-15;39,-24,4;40,11,2;44,-2,1;47,-28,-6;50,21,2;55,-2,-4;60,-10,2
rua||jose bonifacio de castro|raco minas|37548000|35,-2241242,-4579264;45,10,6;46,-13,-18;56,-2,13;75,-3,30;76,-3,-4;95,-3,21;100,3,5;105,-6,6;110,-5,16;225,12,-68;255,-30,103;265,4,-2
rua||jose bonifacio de castro|santa efigenia|37548000|86,-2241697,-4579997;91,-4,1;111,-9,9;120,-7,-20;121,-35,17;135,21,-19
rua||jose carlos barbosa|vila industrial|37548000|3,-2241440,-4578979;11,1,6;13,0,-6;21,-2,7;30,-7,-6;31,-11,8;32,-1,-7
rua||jose de matos pinto|quilombo|37548000|11,-2240896,-4579848;21,3,4;22,-15,-10;23,13,19;32,1,-5;41,5,11;99,-61,-90;105,-11,-4;115,-5,-4;119,-2,-5;129,-6,-8
rua||jose eleuterio santana|centro|37548000|85,-2241805,-4579896
rua||jose francisco santana|chacara|37548000|11,-2242239,-4579491;18,13,-5;25,-6,0;28,0,4;32,-8,8;38,22,-20;39,11,-17;41,-13,9;48,-14,19;49,21,-17;51,-13,9;58,-15,13;64,-37,31;66,95,-89;68,-26,25;74,9,-5;78,-86,81;84,-13,8;85,157,-152;94,-43,52;114,-129,115;115,234,-225;128,-274,261;130,-1,4;131,203,-196;134,-63,65;137,54,-61;140,-202,196;144,27,-30;147,182,-167;148,8,-1;150,-2,-5;157,-3,-2;160,-341,331;166,128,-130;171,-114,114;176,108,-108;180,238,-214;186,5,-9;187,-8,0;197,2,2;201,10,-13;204,9,1;207,22,-27;210,-16,20;211,-17,16;215,10,-18;222,-68,72;223,79,-84;234,-150,161;250,177,-178;258,-6,3;260,0,-6;265,-183,189;270,184,-184;280,-11,8;285,-179,178;320,-30,25;330,-8,8;420,213,-211;441,-274,266
rua||jose irete ramos|santa efigenia|37548000|37,-2241300,-4580694;65,-3,19;70,-39,-22;205,46,30;215,2,3;225,-7,-20
rua||jose joaquim campos|bnh|37548000|1005,-2240392,-4578927
rua||jose joaquim campos|cachoeirinha|37548000|702,-2240601,-4579007;750,-145,-88;760,29,15;762,-8,-5;770,-4,-1;784,54,30;790,13,5;850,79,47;900,17,8;987,23,2;1007,12,-3;1010,-127,-53;1012,140,54;1017,8,3;1020,-143,-51;1030,12,4;1040,74,32
rua||jose joaquim campos|centro|37548000|369,-2241345,-4579358;396,7,-1
rua||jose joaquim campos|raco minas|37548000|40,-2241320,-4579337;53,15,-1;72,8,8;80,19,14;88,22,-1;90,2,0;95,18,8;100,-7,-3;126,3,5;165,25,-2;201,33,21;234,56,33;247,-66,-36;250,33,22;253,17,-8;260,-10,5;263,-6,-5;267,19,9;268,-1,4;269,11,0;289,11,2;323,26,12;330,-6,8;331,30,1;332,-14,4;351,32,5;369,23,8;389,3,1;399,9,4;400,-29,-3;407,36,8;410,-3,9;417,5,-7;445,29,9;455,10,1;458,-6,12;465,10,-5;475,9,10;495,8,-1;497,10,-2;500,-12,4;517,19,5;525,5,-3;530,-4,10;537,14,-3;550,2,11;562,26,5;700,117,52;709,-3,-14;715,57,-108;725,-23,110;735,31,30;785,76,9;833,64,60;952,5,15;990,46,6;994,17,5;1001,37,21
rua||jose joaquim campos|raco minnas|37548000|162,-2241228,-4579296;172,15,3;174,27,14;190,-10,-8;196,4,2;202,6,9
rua||jose joaquim de freitas|quilombo|37548000|4,-2240905,-4579806;18,-61,48;21,-24,20;31,8,-6;33,4,-5;35,3,-3;37,8,-4;40,24,11;50,16,-11;66,-9,-27;68,3,-5;285,23,24
rua||jose lima|chacara|37548000|145,-2242576,-4579326;175,-24,35;205,-11,24;215,-1,7;250,-12,24
rua||jose maria mendes|quilombo|37548000|70,-2240392,-4579818;80,-24,-5;90,-24,11;91,84,-18;100,-69,26;110,23,-25;120,38,7;122,20,-6;148,-2,-5;150,11,-3
rua||jose menino de freitas|quilombo|37548000|7,-2241059,-4579855;62,7,-2
rua||jose pereira de carvalho|centro|37548000|22,-2241511,-4580020;32,-3,-4;40,3,4;42,-18,-6;50,4,-1;52,-8,-6;62,-9,-1;72,-7,-5;89,1,-2;92,-15,-8;99,7,7;102,-8,-14;103,6,10;104,3,0
rua||jose rocha de freitas|quilombo|37548000|25,-2240970,-4579846;30,0,-8;31,-8,-9;33,4,4;43,-9,-7;45,0,-8;51,-17,-4;70,8,4;74,3,-11;77,-17,1;80,-7,-15;83,1,11;93,-5,-9;100,7,7;102,-9,-8;103,-7,-8;108,-3,5;110,-9,-16;112,6,7;115,-1,-1;116,-1,5;125,-6,-9
rua||jose rosa dos santos|quilombo|37548000|455,-2240516,-4579896
rua||jose rosa filho|bnh|37548000|30,-2240710,-4578936;43,92,107;45,-101,-125;50,-13,4;59,57,48;60,-45,-42;63,63,64;69,-23,-34;180,41,60;192,13,14
rua||jose santiago matos|raco minas|37548000|25,-2241100,-4579291;29,-2,-9;49,37,-79;54,-17,63;125,16,-62;234,-71,185;251,0,6
rua||jose tenorio rocha|centro|37548000|19,-2241782,-4580101;29,18,-16;32,-16,4;63,-6,5
rua||jose tito vieira|bnh|37548000|2,-2240703,-4578661;20,5,-2;32,14,12;38,-8,-4;82,31,31
rua||jose vieira dos santos|vila industrial|37548000|4,-2241440,-4579016;50,-9,-76;51,13,-12;58,-8,28;61,18,-11;71,-11,11;72,-5,18;81,4,-9;85,-1,21;90,-4,4;100,-1,-1;105,8,12;108,-2,0;130,26,72;135,-12,-43;140,-6,55;155,37,-59;160,-15,74;165,1,-92;175,-16,48;185,7,19;205,9,39;210,12,58;215,-10,-7;220,-3,-15;222,6,-7;230,-13,-35;232,12,46;234,-2,-25;240,-1,26;267,3,-1;275,3,9;285,3,5;295,5,11;304,-7,1;305,7,4;340,2,35;342,-1,5;352,10,15;360,-9,7;400,57,83;457,-41,-66;550,55,113
rua||josino tenorio rocha|dos rocha|37548000|36,-2242256,-4581434;40,2,2;66,-27,7;68,-13,-5;73,7,8;76,-14,-14;78,-16,-14;175,-122,-15;185,-10,18;200,94,20;210,-8,0;312,77,-3;787,47,1
rua||josue pereira|dos rocha|37548000|5,-2241798,-4580904;15,-10,8;20,3,-4;30,-8,7;35,-9,7;40,0,-5;45,1,9;80,-53,18;90,-11,5;100,-2,13
rua||jovalino t rocha|santa barbara|37548000|2,-2241580,-4580256;27,21,20;37,-2,-2;49,19,6;68,72,15;70,-52,-3;77,8,-3;80,6,14;87,1,-12;97,9,4;175,55,15;185,-7,-4
rua||julio rosa|quilombo|37548000|25,-2240676,-4580005;36,-5,-19;55,-10,-18;56,-4,-19;57,-3,-15;72,-1,11;537,22,63
rua||lauzina candida de castro carvalho|raco minas|37548000|20,-2241214,-4579231;45,125,-84;86,-95,-31;180,127,56;260,25,10;266,6,1;268,4,4;280,3,-2;288,8,-7;306,13,18
rua||lauzina candido c carvalho|raco minas|37548000|30,-2241059,-4579296;42,13,2;50,6,5;56,16,7;60,-7,-1;255,47,16;265,7,0;285,12,8
rua||lino pereira da silva|santa efigenia|37548000|5,-2241492,-4580928;21,-37,-5;40,15,-1;57,19,3;60,6,4;65,6,-3;66,-1,8;70,7,-6;75,-5,-6;85,17,7;87,10,-1;90,0,3;95,-52,-9;99,92,16;110,-32,-5;120,8,2;140,20,2;154,11,-2;155,-5,-5;170,36,-1;199,-30,4;201,18,8
rua||lourdes maria da conceicao|centro|37548000|20,-2241434,-4580005;23,-4,-9;29,9,-19;31,5,-7;33,5,-5
rua||lucinda mendes ferraz|quilombo|37548000|15,-2240847,-4579974;30,6,4;71,-5,-31;72,-12,-3;80,8,-9;91,-18,-19;99,8,17;320,23,65
rua||luis pereira viana|chacara|37548000|55,-2242421,-4579226;80,75,41;100,-19,-9;600,30,10;640,-39,-14;650,-20,-10;740,-24,-12
rua||luiz pereira viana|chacara|37548000|15,-2242329,-4579177;120,-149,-65;155,12,5;185,-49,-11;187,-10,-4;210,-50,-33;220,-8,-3;906,161,79;1001,126,34
rua||manoel ferreira da silva|santa efigenia|37548000|25,-2241347,-4580706;45,8,-27;75,11,9;77,-6,3;80,-19,39;85,-1,-24;87,-5,2;90,13,34;95,-3,-16;99,-10,14;100,3,9
rua||manoel pereira pinto filho|chacara|37548000|8,-2242116,-4579314;16,7,-11;21,-9,2;22,14,-7;27,-4,-7;34,8,4;37,5,-17;38,-1,7;43,3,-13;44,1,11;46,12,2;50,35,-82;58,-41,67;63,0,0;68,4,-3;73,2,-12;78,10,-21;85,-4,12;88,10,-6;99,-6,4;102,22,-31;105,29,-37;109,-44,55;138,-89,109;176,1,11;178,-17,11;650,-2,-12;660,3,-8;670,-11,9;680,-10,20;690,-9,6;712,1,11;714,-4,3;716,-3,2;722,51,-50
rua||maria antonieta viana|chacara|37548000|90,-2242533,-4579056;105,-6,-79;210,31,-86;221,-3,6;255,-27,113;270,6,-67;290,-1,7;300,-4,15;360,7,65;410,-13,44
rua||maria aparecida s siqueira|vila industrial|37548000|323,-2241373,-4578775;333,-11,-35;355,0,15;363,6,11;385,6,15;395,8,9;495,92,66;505,-22,7;595,10,17;697,27,78;756,44,35;780,34,14;810,37,27;850,218,71;874,32,13;894,50,14;900,4,10;940,21,7
rua||maria francisca de freitas|quilombo|37548000|10,-2240782,-4579972;15,-10,-6;20,8,0;30,-4,-7;60,-18,-51;70,2,-2;78,7,1;80,0,13;98,2,-22;115,-1,38;120,1,18
rua||maria isolina campos|chacara josefina|37548000|17,-2240944,-4579160;27,-2,19
rua||maria jose rangel|vila industrial|37548000|20,-2240784,-4578412;80,2,-3
rua||maria jose vieira martins|vila industrial|37548000|765,-2240907,-4578452;870,2,17;875,1,-21
rua||maria salome de c rosa|vila industrial|37548000|11,-2240825,-4578418;14,1,4;22,-2,-7
rua||maria viana|raco minas|37548000|11,-2240450,-4578972;25,10,-19;245,11,-13;255,0,-1;265,-2,7
rua||mercurio|chacara|37548000|3,-2242045,-4579366;4,16,-27;5,-7,17;19,-53,92;22,74,-124;23,-69,110;25,-161,82;30,345,-299;33,-181,219;43,3,-3;45,318,-454;53,-314,439;55,157,-238;57,-299,327;65,6,-5;66,-11,5;68,8,-4;75,213,-209;80,-56,94;88,-138,122;90,400,-467;91,6,-12;95,-251,352;97,-13,0;105,6,-10;107,1,-1;110,245,-324;111,-4,4;121,2,9;129,0,-1;131,-15,13;141,-8,11;155,-484,520;165,47,112;175,-20,-7;185,-38,-65;190,507,-562;195,-405,698;219,71,124;250,307,-790;260,-9,29;270,-14,6;303,-326,667;307,19,43;330,266,-623;350,-48,23;400,-277,243;405,246,-210;410,39,-42;434,-94,119;481,37,-55;591,-41,53;611,-32,50;616,22,-32;626,-6,7;636,0,9;644,-71,72;656,-27,9;674,-15,7;696,62,-10;705,-50,10;720,-16,3;753,-58,12;762,-11,13;774,-16,3;783,-1,7;784,-8,2;793,0,0;840,-45,57;850,-4,5;870,-7,17;900,-5,37;920,8,13;980,53,72;990,2,4;1000,1,1;1010,17,48;1015,-58,-213;1030,92,223;1100,59,91;1190,-10,-21;1200,-3,17;1555,35,86;1585,8,12;1605,19,60;1700,30,161;1750,-1,56;1754,-4,1;1900,54,165
rua||mercurio|fazendinha|37548000|115,-2242725,-4578613;900,16,52;1070,14,151;9990,-60,53
rua||neiva mariano pinto|bnh|37548000|5,-2240601,-4578952;7,10,0;38,4,0;39,7,-2;40,-3,-2;57,16,4;60,-3,12;70,12,0;120,-4,-18
rua||olegario candido pereira|centro|37548000|25,-2241856,-4580098;30,13,15;35,-5,-3;40,4,11;255,-21,-30
rua||olimpio villas boas|centro|37548000|18,-2241532,-4580046;22,10,2;48,1,-12;49,-1,0;50,12,-14;58,-3,5;59,-7,3;79,14,-15;89,-2,-4
rua||olivio tenorio rocha|santa barbara|37548000|10,-2241574,-4580264;35,0,-1;45,10,-11;49,-3,4;70,39,-40;72,7,-13;73,-38,45;83,16,-6;93,1,-10;111,47,-59;140,-95,105;150,0,1;160,125,-134
rua||omar alves assis|santa barbara|37548000|20,-2241619,-4580282;30,13,-14;40,5,-4;50,3,-5;60,10,-9;68,12,-11;70,6,-13;90,9,-2;100,7,-19;130,34,-37;155,-20,26;180,16,-27
rua||orlanda alves correa viana|chacara|37548000|50,-2242442,-4579088;61,26,29;96,-51,-43;98,5,6;126,-94,-25;154,-57,-19;161,201,61;181,-163,-47;187,7,-3;193,-8,5;200,2,-1;320,-28,-11
rua||orlando tenorio rocha|vila industrial|37548000|880,-2240873,-4578427;883,15,-14;885,-6,1;890,-6,21;895,10,-29
rua||ouro minas|bnh|37548000|16,-2240604,-4578990;26,-6,17;36,-2,3;80,-4,46;160,17,66;168,4,4;178,-12,-18;181,67,120;190,-73,-142;200,31,56;210,10,24;214,15,13;218,-61,-91;220,7,0;243,58,107;245,-6,-11;251,10,22;255,-11,-10;256,-7,-30;340,18,52;380,1,-2
rua||ouro minas|cachoeirinha|37548000|55,-2240620,-4578951
rua||pedro antonio de carvalho|quilombo|37548000|1040,-2240393,-4579853;1060,-5,17
rua||pedro fernandes sutilo|bnh|37548000|8,-2240736,-4578608;18,-5,10;28,13,2;42,-2,-2;66,24,15;72,-14,-6;78,13,16;80,9,10;85,11,-7;86,-17,1;88,-6,-11;90,-14,-4;92,19,20;93,-16,-19;245,-20,-30
rua||projetada 1|chacara|37548000|30,-2241667,-4579592
rua||projetada 1|santa efigenia|37548000|20,-2241393,-4580707;21,9,-7;23,10,-16;25,-3,-1;73,-19,30;80,9,-24;83,-10,26;93,-9,21;96,9,-28;103,-12,23;242,4,-8
rua||projetada 2|chacara|37548000|1,-2241722,-4579713;15,-13,12
rua||projetada 7|santa barbara|37548000|185,-2241562,-4580402
rua||projetada|fazendinha|37548000|1070,-2242681,-4578429
rua||rafael aparecido da silva|bnh|37548000|174,-2240602,-4578896;184,0,-19;256,-14,22
rua||regina maria carvalho roco|bnh|37548000|19,-2240758,-4578574;22,5,0;30,27,28;33,-26,-25;41,10,0;60,16,31;63,-12,-16;80,0,2;115,-4,-2;118,20,13;120,-35,-33;125,3,10;128,28,21;138,-4,-10
rua||rosa santana|chacara|37548000|11,-2242230,-4579567;13,13,-9;20,-5,0;23,-1,6;25,-18,12;26,11,-11;35,-10,10;45,-12,13;55,-10,7;56,9,-15;68,-9,7;72,-4,5;74,-7,9;78,2,-3;93,0,7;98,-15,1;117,-11,22;126,-3,2;127,-1,8;144,53,-59;150,-144,118;155,84,-61;205,-56,50;210,-40,23;235,10,3;241,-9,4;245,-1,1;249,31,-26;332,-24,12;342,-4,4
rua||sagrados coracoes|centro|37548000|35,-2241207,-4579693;41,-4,4;45,9,2;55,4,2;103,40,22;120,-48,-21;140,-13,-2;215,76,21;217,1,3;218,-6,-1;222,7,6;229,11,0;235,3,1;245,6,2;250,60,26;277,4,4;284,-3,-4;294,-5,4;298,2,-1;304,-10,-7;314,25,12;324,11,1;333,6,-1;334,-11,1
rua||santa efigenia|santa efigenia|37548000|110,-2241598,-4580973;120,1,-27;560,-119,154;565,9,-23;840,-2,52;852,14,-8
rua||sao jose|quilombo|37548000|430,-2240968,-4579688;450,27,5
rua||sebastiao carlos rosa|centro|37548000|323,-2241896,-4580055;330,-28,-23;340,-10,0;350,-4,-6;360,-6,-3;370,-6,-1
rua||sebastiao luziano pereira|bnh|37548000|6,-2240795,-4578560;14,21,17;17,-7,-7;19,2,6;25,-1,0;26,9,10;27,1,-1;61,3,6;64,7,0;67,-22,-27;72,30,34;80,-3,2;87,8,5;94,4,7;97,3,0
rua||seis de agosto|centro|37548000|5,-2241644,-4579883;23,-16,4;43,-5,1;44,-29,14;47,17,-7;66,-26,17;67,4,-2;74,-10,-2;88,-10,2;96,-19,12;98,14,-5;99,-3,7;106,-19,-6;118,-10,16;119,18,-5;128,-27,12;129,15,-8;138,-23,19;139,23,-15;145,-23,11;165,-8,6;170,-7,0;175,1,8;180,-11,1;185,4,2;195,-10,13
rua||seis de agosto|chacara|37548000|227,-2241837,-4579779;237,3,3;245,-4,7;250,-12,7;267,-13,2;285,-4,7;287,-12,9;297,-21,11;305,19,-9;307,-8,4;315,-32,11;317,-20,13;323,7,-9;327,-20,8;337,-3,0;347,-13,0;349,54,-15;357,-68,17;367,3,4;386,-10,13;393,-12,-4;397,-16,0;405,-1,6;407,9,-4;411,-7,8;417,-11,-4;419,29,-7;427,-43,13;447,-3,8;457,-8,4;487,-21,9;499,-15,3;509,-10,3;515,-9,-2;575,-8,7;587,-9,0;597,-2,10;609,-12,-4;615,-11,6;625,-9,2;627,-121,36;631,113,-34;635,10,6;637,-2,-5;641,-16,3;651,-3,3;673,-23,7;677,95,-35;721,-129,47;727,-3,-5;735,-7,10;743,-3,-1;753,-7,8;765,-13,6;771,-5,-2;777,-4,-1;779,-1,2;781,-32,4;796,19,-7;797,4,4;807,-45,30;817,-15,-1;857,-20,24
rua||sem denominaca0 3|raco minnas|37548000|59,-2240608,-4579090;89,20,-15
rua||sem denominacao 1|raco minas|37548000|470,-2240966,-4579075
rua||sem denominacao 2|bnh|37548000|55,-2240699,-4578937
rua||sem denominacao 2|quilombo|37548000|38,-2240325,-4580092
rua||sem denominacao 3|chacara|37548000|50,-2242252,-4578860;1505,162,126
rua||sem denominacao 4|bnh|37548000|1035,-2240252,-4578830;1045,10,43
rua||sem denominacao 4|chacara|37548000|7,-2242145,-4578430;8,48,55
rua||sem denominacao 5|bnh|37548000|100,-2240284,-4578841;120,2,-15;1387,-3,-2
rua||sem denominacao 7|chacara|37548000|2,-2242145,-4578413;10,9,-11
rua||sem denominacao|chacara|37548000|450,-2242565,-4579007;460,-26,11
rua||silas alves correa|chacara|37548000|45,-2242052,-4579262;55,38,-59;65,39,-66;70,-9,17;95,9,-16;115,7,-4;120,-43,56;125,44,-61;130,9,-12;155,6,-6;165,7,-5;175,4,-2;200,-72,96
rua||tomas augusto de freitas|quilombo|37548000|5,-2240367,-4580065;6,1,13;12,1,-16;22,0,4;50,0,-40;90,-1,-40;100,4,-18;150,0,-45
rua||ultima rua loteamento ivo|dos rocha|37548000|35,-2241963,-4580835
rua||vando nunes|bnh|37548000|3,-2240669,-4578589;12,-44,-37;13,42,32;14,-38,-34;23,-7,-1;33,31,29;62,-11,-9;64,18,19;65,-12,-8;67,4,-7;70,-3,7;75,3,-14;76,-14,-9;81,-1,0;84,-6,-4;86,0,-2;93,-7,-2;221,-4,-8
rua||vicente manuel dos santos|vila industrial|37548000|30,-2241364,-4578875;31,4,-3;40,-3,-2;41,2,-3;51,-4,-13;54,-2,0;79,15,66;81,-2,6;83,-22,-120;85,24,131;86,-14,-93;96,0,-8;101,-4,-15;111,-7,-7;126,16,73;136,-15,-93;145,-3,-1;151,-4,-10;191,9,50
rua||vicente rodrigues da silva|fazendinha|37548000|6,-2243201,-4579000;10,-53,14;11,-156,72;15,169,-93;17,18,10;20,-156,74;21,192,-76;22,25,-5;23,-23,-2;25,-220,95;30,192,-86;32,-126,43;52,155,-59;80,-162,69;185,-30,17
rua||walter jose maria|bnh|37548000|10,-2240822,-4578580;11,5,-11;12,10,-7;13,1,-4;14,10,-6;15,7,-5;16,12,-17;17,-2,-8;18,15,-11;19,2,-5;20,-3,-8;21,-7,8;22,-7,5;23,-5,5;24,-7,9;25,-5,15;26,-7,2;27,-8,9;28,-4,11;29,-1,-1
rua||zelia barbosa rosa|quilombo|37548000|2,-2241048,-4580040;10,-47,170;20,11,-11;40,2,-5;50,12,-2;80,6,-10;90,17,0;110,22,-44
travessa|capitao|francisco inacio|centro|37548000|7,-2241442,-4579718;8,68,-182;16,-3,12;26,-6,3;38,-13,44;45,-56,171;51,5,-12;61,3,-4;68,15,-65;78,-5,5;86,22,-65;161,9,-43;245,-50,191
travessa|frei|caetano|centro|37548000|6,-2241383,-4579489;9,6,-5;17,9,6;26,1,6;27,8,4;31,3,-2;32,-5,1;36,8,3;46,9,2;95,72,24;125,-20,3;130,9,2;285,-17,-11
travessa||antonio e fonseca|bnh|37548000|75,-2240792,-4579038
travessa||antonio eugenio fonseca|raco minas|37548000|5,-2240767,-4579098;15,-3,10;35,-4,12;36,2,-11;251,-109,197
travessa||damasceno|centro|37548000|123,-2241613,-4579911;131,1,-13;132,-11,28;141,12,-21;142,3,-1;152,-9,-6;157,12,-13;170,-3,-3
travessa||geraldo divino r da silva|centro|37548000|21,-2241829,-4580116;22,1,6;26,-4,8;28,1,-10;38,-13,21;60,20,-33
travessa||geraldo divino r da silva|santa efigenia|37548000|15,-2241801,-4580160;25,2,-8;36,-5,4;50,-10,20;66,15,-38;78,4,-8
travessa||janir santiago de matos|chacara josefina|37548000|580,-2240884,-4579140
travessa||janir santiago de matos|raco minas|37548000|103,-2240931,-4579029;180,31,-73
travessa||joao pereira de carvalho|santa efigenia|37548000|17,-2241771,-4580337
travessa||jose muniz de carvalho|centro|37548000|19,-2240981,-4579238
travessa||jose muniz de carvalho|chacara josefina|37548000|91,-2241019,-4579163
travessa||jose muniz de carvalho|raco minas|37548000|8,-2240971,-4579281;18,-10,31;285,9,-10;421,-16,27
travessa||lucas alves correia|chacara josefina|37548000|10,-2240828,-4579119;613,3,2
travessa||lucas alves correia|chcara josefina|37548000|17,-2240829,-4579111
travessa||maria marta de freitas|fazendinha|37548000|3,-2243503,-4578808;5,-5,1;6,17,51;7,-7,-10;9,3,26
travessa||olavo bilac|centro|37548000|5,-2241502,-4579770;43,-3,27;44,41,-124;47,-31,83;52,7,-3;54,23,-92;75,-59,184;85,1,9;88,98,-278;95,-23,15;127,-91,297;170,17,-41;190,-3,13;311,10,-40;450,-26,52
travessa||oswaldo cruz|centro|37548000|7,-2241336,-4579789;17,-3,-9;30,11,-14;33,-4,2;49,4,-10
travessa||raquel augusta viana|centro|37548000|12,-2241755,-4579808;23,-8,8
travessa||ruy barbosa|centro|37548000|5,-2241511,-4579952;7,-94,257;10,34,-75;11,62,-184;14,-40,128;15,34,-116;16,-65,211;17,82,-254;18,-66,205;20,68,-213;22,-89,274;23,-1,-9;25,68,-209;27,29,-63;28,-63,183;30,58,-184;33,-91,268;35,23,-54;38,9,-14;40,-40,103;47,106,-324;49,-102,312;53,107,-324;61,5,-1;75,-62,161;77,65,-170;81,-53,154;85,0,1;90,58,-163;107,7,-9;176,-7,-9;260,-39,130;365,17,-76;415,19,-31;483,-57,152
travessa||ruy barbosa|santa barbara|37548000|430,-2241430,-4580147;460,-11,30;470,7,-11;505,-7,-9;536,21,-40;548,0,-11;560,12,-15;580,1,-16;590,-2,-7;610,18,-25;620,-15,18;640,18,-19;710,-5,-6
travessa||santos dumont|centro|37548000|11,-2241343,-4579690;26,19,-21;29,-18,18;32,6,-4;33,-2,-10;39,-2,-1;42,10,-2;54,27,-104;119,15,-44;136,-22,62;146,8,-6;156,1,-11;197,14,-62;200,20,-23
travessa||sebastiao de souza gomes|centro|37548000|2,-2241653,-4579795;7,-11,-7;15,8,-17;20,6,9;23,-1,-20;32,12,9;33,-2,-1;34,5,-9;44,-3,-5;49,-3,5;54,12,-21;59,-7,9;65,-16,-3
travessa||sebastiao eugenio da fonseca|quilombo|37548000|33,-2241015,-4579747;43,4,11
travessa||vicente de paula|fazendinha|37548000|3,-2243442,-4578762;4,3,-9;6,-5,-17;202,1,7
