acesso||trevo|corrego conquista|38195000|900,-1992782,-4756312
alameda||das acacias|aguas da ribalta|38195000|10,-1998175,-4774285;15,-27,7;20,15,-6;25,-26,6;30,11,-6;40,-8,-2;50,-10,-4
alameda||das aroeiras|aguas da ribalta|38195000|25,-1998317,-4774984
alameda||das cerejeiras|aguas da ribalta|38195000|15,-1998193,-4774170;20,-7,-8;30,-11,1;40,-18,-2
alameda||das perobas|aguas da ribalta|38195000|30,-1998156,-4774932;90,66,94;150,46,65
alameda||dos balsamos|aguas da ribalta|38195000|10,-1998160,-4774394;15,-12,9;20,-5,-10;30,-22,3;35,-23,3;40,1,-6;45,-14,11;55,-14,-4;65,-8,0;70,-7,-10;75,-28,0;120,-198,1;125,12,9;205,34,-6
alameda||dos cedros|aguas da ribalta|38195000|8,-1998189,-4774494;10,-2,0;11,9,-9;12,-32,8;20,21,-10;45,-25,10
alameda||dos mognos|aguas da ribalta|38195000|5,-1998471,-4774492;10,3,-11
alameda||italo guardieiro|distrito industrial|38195000|99,-1992973,-4756068;109,6,5;115,17,-9
alameda||italo guardieiro|nova conquista|38195000|115,-1992948,-4756091
avenida|capitao|domingos vilela|nova conquista|38195000|600,-1993258,-4754540
avenida|presidente|antonio carlos|sao jorge|38195000|1,-1992992,-4754092;625,-108,-42;627,28,18;633,-24,-19;637,34,11;643,15,-3;647,7,4;653,18,5;663,-2,1;664,-63,1;667,72,27;710,-80,-24;715,131,2;720,-128,-3;730,6,2;764,44,-4;774,5,15;800,57,6;810,8,1;820,9,11
avenida||antonio carlos|centro|38195000|1,-1993711,-4754222;5,24,2;7,3,3;11,-17,-3;27,30,4;41,60,8;43,12,6;47,3,-4;48,-90,14;50,51,-5;51,40,-13;61,7,4;71,5,5;73,-83,-18;81,92,25;100,-58,9;116,17,0;130,10,2;140,3,7;150,13,0;158,17,-14;168,4,10
avenida||antonio carlos|jardim jatoba|38195000|177,-1993544,-4754201;184,3,27;187,6,-23;188,33,27;197,-23,-26;198,-8,26;204,23,0;206,-14,-4;225,6,-23;226,19,3;237,84,16;247,-23,-9;250,-58,22;257,8,-22;259,62,-5;260,-60,26;267,-2,-17;279,-35,17;289,15,-23;302,49,23;309,14,-19;319,7,4;332,15,24;343,17,-24;350,30,34;370,13,-3;380,21,33;390,-4,5;400,13,-24;404,4,21;425,10,-55;433,-1,2;457,4,0
avenida||antonio carlos|sao jorge|38195000|463,-1993275,-4754158;473,8,3;484,-12,17;485,19,-17;493,15,0;494,-27,14;503,32,-13;513,13,6;532,-11,24;533,24,-23;534,-14,12;543,41,-14;546,-40,16;553,52,-14;563,13,2;573,8,3;586,-66,10;614,25,19;616,12,-13;621,51,-12;626,-48,13
avenida||caricio borges|sao jorge|38195000|2,-1993199,-4754206;4,1,12;5,5,3;6,-7,4;9,0,76;10,-12,-1;15,22,-72;20,-21,89;25,22,-79;35,-26,167;50,0,-57;60,5,10;70,-2,9;80,-4,10;90,-5,14;100,-2,19;110,5,17;120,-9,11;130,4,7;140,3,14;150,-5,19;160,-5,4;170,0,0;180,1,14;190,-3,14;579,31,-186;593,0,13;617,0,-19
avenida||das candiuvas|aguas da ribalta|38195000|10,-1998324,-4774597;21,12,234;22,5,-67;25,9,-130;30,-7,16;40,-6,38;60,1,34;80,-4,28;95,8,73;105,-11,19;115,3,21;125,8,44;150,-9,-11;170,-5,36;175,1,84;180,-3,-72
avenida||das goiabeiras|aguas da ribalta|38195000|5,-1998008,-4774077;25,-3,-36;55,6,-67;95,-5,-54;155,2,-134;165,1,-28;185,-3,-26;235,3,-100;245,3,-10
avenida||domingos vilela|bisinoto|38195000|10,-1993652,-4754609;20,11,10;26,56,23;33,-50,-18;35,9,1;36,51,16;44,6,1;54,5,8;60,26,25;62,-11,-15;64,-4,-3;74,50,14;84,17,2;94,5,3;104,7,-1;114,13,4;124,11,5;136,12,2
avenida||domingos vilela|centro|38195000|98,-1993751,-4754629;255,207,77;265,-5,1;275,23,-1;285,-7,8;341,-87,-35;351,-7,-14;468,-104,-37;469,-4,13;479,-10,-6;489,-13,-3;557,-62,0;563,-1,6;567,-3,-3;571,-4,-4;573,-3,-4;575,-11,7;577,6,0;583,-13,19;597,0,-11;600,11,-10;602,-8,0;604,0,-2;608,-2,3
avenida||domingos vilela|jardim jatoba|38195000|69,-1993375,-4754513;87,3,-3;121,-121,-28;131,15,2;135,23,10;145,-16,-6;149,112,23;151,-107,-17;171,-3,-8;219,5,4
avenida||dos angicos|aguas da ribalta|38195000|10,-1998092,-4774016
avenida||dos buritis|aguas da ribalta|38195000|105,-1998470,-4774106;115,28,-62;130,23,-559;150,-4,521;155,-9,-58;160,18,33;165,-10,-62;170,13,36;175,-15,-53;180,14,47;185,-15,-65;195,8,-41;200,18,64;210,-1,-7;215,-16,-104;225,-1,-36;230,24,89;240,0,-4;255,-49,-155;260,47,85;270,1,-21;275,-25,-102;285,3,-17;290,19,76;330,4,-68
avenida||dos ipes|aguas da ribalta|38195000|20,-1998158,-4774625;60,-59,1;77,-320,0;80,255,4;100,-33,-4;110,-21,-2;115,-160,24;125,-11,-2;130,147,-21;135,-219,35;145,-3,8;155,6,20;165,4,27;175,11,28;180,83,-113;200,-46,-7;225,-13,228;245,10,74;275,14,43;285,2,15;290,-79,-274;295,137,-65;300,69,-22;305,-123,430;320,-71,-292;325,67,338;355,-2,102;365,6,20;375,3,27;380,-47,-366;390,4,25;400,2,19;420,9,38;470,8,103;480,-5,13;490,-3,19;530,8,83;540,-18,28;560,27,41;580,11,57;590,1,-2;675,-65,-497;843,12,-35
avenida||dos jacarandas|aguas da ribalta|38195000|1,-1998194,-4774977;25,-42,102;30,-39,-24;35,51,36;75,48,71;95,-46,-66;105,1,1;120,15,76;135,82,69;160,5,172;165,15,20;220,-16,92;225,16,20;235,-1,19;240,-9,33;260,-2,26;270,0,16;280,-1,30;295,9,10;300,-13,32;315,16,20;325,-1,22;345,0,36;355,2,8;365,-2,14;370,-15,53;385,15,-6;395,-4,17;1000,6,43
avenida||harif wazir|sao jorge|38195000|830,-1992924,-4754091;840,23,2;850,-4,0;860,19,4;870,9,-2;880,6,5;890,9,-1;900,11,2;910,2,-2;920,23,2;930,10,18;935,27,-29;940,-8,11;945,10,-10;950,-13,13;955,33,-8;960,-30,2;965,30,1;970,-14,17;980,8,-7;985,16,-10;990,-4,9;1000,9,2;1005,0,-11;1015,30,2;1020,-13,14;1025,26,-13;1035,7,2;1040,-9,17;1045,13,-16;1050,-3,16;1055,5,-12;1065,16,0;1075,15,-1;2005,25,9
avenida||herminio canassa|nova conquista|38195000|5,-1993302,-4754578;8,-4,5;10,32,-33;12,4,-4;14,13,-14;16,18,-20;18,24,-18;20,6,-10;25,14,-10;26,2,-6;27,5,-5;29,13,-13;52,-85,87;80,24,-28;90,9,-8;113,55,-52;115,11,-12;117,2,-3;124,68,-64;127,-64,54;134,63,-57;137,-54,53;144,67,-58;147,-58,52;165,5,-2;166,59,-61;167,-42,40;176,49,-50;180,14,-14;188,-1,-12;210,16,-7;250,31,-30;310,-14,10
avenida||janete clair|conjunto maricota rezende|38195000|164,-1992944,-4753952;174,5,0;184,11,0;233,38,-2;264,28,10;273,-13,0;274,44,12;313,20,-6;323,1,-1;333,23,0;343,8,2;378,54,14;473,76,3
avenida||janete clair|sao jorge|38195000|119,-1993198,-4753995;121,9,3;122,19,0;123,-5,-2;124,25,11;125,-13,-6;126,19,9;127,-5,-13;128,10,15;129,7,-7;130,16,15;131,28,-23;132,-21,16;133,-14,-11;134,21,17;135,-21,1;136,31,-2;137,0,-3;138,14,6;139,1,-9;140,8,11;141,1,-10;142,4,14;143,12,-14;144,2,11;145,1,-6;146,17,3;147,3,-2;148,1,6;149,7,-1;150,14,8;151,-2,-6;152,10,4;153,7,-6;154,-25,-145
avenida||joao luiz de oliveira|nova conquista|38195000|1,-1993209,-4754932
avenida||jose bisinoto|cruzeiro|38195000|1845,-1992743,-4754244;1855,3,-3;1865,-3,4;1895,35,-2;1900,58,17;1910,5,-1;1915,-54,-10;1920,63,8;1925,-54,-10;1930,62,12;1940,18,-1;1945,-70,-11;1950,83,11;1960,2,4;1970,10,-4;1980,8,1;1985,-74,-12;1990,89,15;2000,3,-7;2001,-82,-7;2005,11,5;2010,82,5;2015,-69,-12;2020,77,12;2025,-63,-8;2030,73,6;2035,-65,-3;2045,20,-5;2050,53,10;2055,-43,-12;2060,54,12;2065,-37,-13;2070,45,11;2075,-28,-6;2080,45,11;2085,-33,-15;2090,42,11;2095,-30,-11;2100,32,11;2105,-24,-5;2110,36,4;2115,-13,-6;2120,22,7;2125,-8,-9;2130,17,6;2135,-7,-4;2140,14,6;2145,2,-8;2147,8,2;2150,6,8;2155,5,-11;2157,2,1;2160,-6,9;2165,15,-9;2170,0,9;2175,18,-6;2180,-15,5;2185,26,-6;2190,-9,7;2195,20,-11;2200,-12,12;2205,23,-9;2210,-13,7;2215,36,-5;2220,-36,5;2225,44,-7;2230,-33,8;2235,51,-4;2240,-128,4;2245,145,-7;2260,-48,5;2263,60,-3;2265,8,-1;2270,-52,6;2275,71,-8;2280,-62,7;2285,81,-8;2290,-72,8;2295,81,-8;2297,6,-2;2300,-76,9;2305,87,-10;2310,-72,12;2313,84,-9;2315,18,-1;2320,-94,11;2325,103,-12;2327,5,-4;2330,-103,14;2335,125,-17;2337,12,4;2340,-123,15;2345,133,-15;2350,-123,14;2355,129,-10;2360,-122,9;2362,198,-16;2363,-66,0;2364,24,3;2365,-4,-5;2366,-21,6;2367,25,-6;2385,5,2;2390,13,-5;2395,14,-2;2396,-45,14;2400,60,-11;2415,-1,-3;2425,20,-3;2431,6,-2;2435,5,1;2437,4,0;2439,7,1;2445,7,0;2520,-129,19
avenida||jose mendonca|centro|38195000|193,-1993777,-4754326;347,-197,-16;590,6,2;600,8,1;607,99,15;610,-97,-15;619,73,1;620,-61,2;668,53,3;678,2,7;686,-1,0;698,19,-1;715,22,-3;716,-2,8;736,17,1;754,137,19;783,-138,-15;793,53,-12;800,95,34;802,-88,-18;813,7,-9;863,54,1;864,3,10;869,4,-7;875,3,-1;883,11,-1;895,7,1;899,5,13;900,4,7;907,12,-3;910,-18,5;915,10,-7;926,13,10;933,40,8;973,6,-17;980,5,11;989,7,2;990,-7,-1;998,14,4;1003,1,1;1008,16,-2;1013,-4,5;1018,8,-9
avenida||jose mendonca|jardim jatoba|38195000|1062,-1993537,-4754276;1070,12,1;1078,12,1;1080,11,2;1100,8,-6;1107,0,-11;1108,4,17;1111,0,-6;1121,-42,-16;1126,56,20;1127,4,-6;1155,30,-4;1165,19,7;1170,-6,15;1176,-1,-7;1180,13,-4;1190,-6,10;1194,11,5;1196,12,3;1215,10,-19;1222,5,16;1237,-20,-30;1253,51,21;1262,8,12;1308,29,9;1310,24,3;1329,-4,-13;1349,-20,-3;1379,32,7;1396,-6,-9
avenida||jose mendonca|rosario|38195000|1,-1994504,-4754413;3,17,-10;5,34,2;8,5,11;21,142,17;99,-121,-25;109,15,7;125,83,22;130,-52,2;138,66,-18;143,-2,3;147,41,2;149,-79,-7;227,54,6;229,-61,12;230,79,4;232,55,5;239,-125,-15;240,60,10;242,72,6;243,-68,-19;252,73,21;261,-54,-22;262,69,23;265,-66,-22;274,72,26;282,5,-2;303,-42,-30;319,14,16;327,7,1;342,-100,-4;369,118,1;375,3,14;377,-9,-15;399,43,19;409,14,-6;419,5,3;439,19,2;462,59,20;472,-3,-5;500,33,14;508,13,-3;518,13,2;519,-11,-15;535,-18,-4;545,-9,-2;552,-52,10;555,44,-10;562,-59,0;565,44,-4;568,-56,2;572,-9,-9;582,-13,9;592,-11,3;599,190,9;609,16,5
avenida||jose mendonca|sao jorge|38195000|1350,-1993239,-4754237;1360,6,2;1370,11,-2;1380,13,5;1390,0,2;1402,48,0;1406,1,1;1408,12,-2;1410,9,-1;1420,9,4;1430,60,12;1440,2,0;1450,0,3;1455,-200,-41;1460,225,35;1465,-211,-32;1469,9,3;1475,3,0;1485,29,0;1490,191,27;1495,-175,-21;1497,3,-6;1498,179,28;1500,23,2;1505,-191,-28;1510,202,27;1515,-197,-25;1520,207,23;1525,-190,-20;1530,195,20;1540,11,-1;1545,-185,-14;1550,194,14;1555,-192,-15;1560,207,1;1570,8,11;1575,-139,-10;1577,-39,1;1580,187,10;1581,-184,-10;1583,8,0;1585,82,-4;1595,11,0;1605,3,3;1610,113,6;1615,-94,-5;1620,102,13;1625,-101,-14;1635,12,4;1645,13,-4;1655,7,2;1665,3,-2;1675,15,-2;1685,11,-14;1695,13,13;1705,10,-1;1715,4,1;1725,14,0;1735,0,0;1740,111,5;1745,-95,-7;1750,102,13;1755,-95,-11;1765,15,-1;1770,98,9;1775,-95,-8;1780,104,10;1785,-88,-12;1795,3,4;1805,14,-11;1815,22,9
avenida||juquinha mendonca|centro|38195000|15,-1993827,-4754414;28,-9,-21;40,-38,12;45,15,-5;58,-18,-62;59,12,56;71,-15,10;73,5,-4;130,-92,-20;136,36,3;140,9,1;150,-23,1;158,-13,-5;160,-6,-2;223,122,-28
avenida||juquinha mendonca|rosario|38195000|105,-1993901,-4754428;121,-33,-6;135,0,1;147,-21,-1;167,-24,-3;206,-50,-23;209,17,16;222,-7,-15;227,-1,14;240,-10,-16;250,-16,-1;257,-5,17;260,-1,-18;270,-4,2;280,-4,-2;312,-45,-9;319,-34,15;338,25,-15;342,-8,-2;348,-12,-1;352,-9,1;383,-38,3;400,-8,-11;403,-3,13;411,-2,1;415,-14,1;425,1,-10;435,-10,10;437,-31,-26;445,-5,16;479,-15,0;495,-14,-3;500,-14,-3;512,-32,2;513,28,-19;514,-3,17;554,-75,-27;559,33,21;581,-17,0;583,-7,-2;589,8,5;628,-40,-23
avenida||miguel borges|sao jorge|38195000|450,-1993252,-4754341;470,15,2;480,49,9;500,15,6;510,14,-1;520,4,1;540,18,7
avenida||tonico martins|centro|38195000|3,-1993807,-4754507;13,-11,-10;24,13,-9;33,-28,6;34,2,-9;35,-18,11;46,3,-10;54,-7,1;67,-4,5;70,-7,-10;77,-12,12;122,-39,-12;133,-4,-3;138,-9,-5;145,-7,5;152,-8,-6;153,-8,5;160,0,-9;172,-4,3;180,-7,-1
avenida||tonico martins|rosario|38195000|37,-1994311,-4754582;90,185,28;101,-85,-11;200,232,17;206,-9,2;211,-9,7;214,-1,-12;220,-7,-5;224,-8,5;225,11,16;243,-26,-3;250,-11,-20;265,2,15;290,-23,-15;300,-15,-1;308,-1,-1;310,-12,-1;320,-6,-2;323,1,10;333,-15,2;337,-9,-5;367,-17,0;407,-29,0;416,-28,-20;417,14,15;423,-8,-4;435,-23,0;484,-30,-18;520,-45,-9;550,-20,-4;555,17,21;567,-42,-11;568,10,-5;569,26,5;574,-36,-6;580,-4,-5;587,-19,9;590,12,-11;600,-7,0;602,-10,0;606,-11,-1;608,-2,4;609,-1,16;625,-10,-10;635,-8,0;702,16,-8;714,-13,-3;722,-11,1;744,0,-12
chacara|sao|joao|jubai|38195000|5,-1975936,-4762368
chacara|sao|joao|ponte alta|38196000|6,-1975989,-4762152
chacara||gaivota|rio grande|38195000|2,-1996870,-4749882
chacara||paraiso|rosario|38195000|390,-1994350,-4754164
entrada||conquista a jubai|sao domingos|38196000|9,-1982790,-4765392
estrada||perto ponte alta|ponte alta|38196000|99999,-1969751,-4763532
estrada||ponte alta a conquista|ponte alta|38195000|18,-1970668,-4764369
fazenda|santa|cecilia|distrito de jubai|38195000|19,-1997444,-4770919
fazenda|santa|cruz|guaxima|38198000|15,-1987268,-4757636
fazenda|santa|maria a|santa maria|38195000|1,-1988376,-4754698
fazenda|santa|maria b|santa maria|38198000|2,-1979744,-4758864
fazenda|santa|maria cocal|cocal|38198000|2,-1980326,-4758124
fazenda|santa|maria|santa maria|38198000|24,-1976916,-4760529
fazenda|santa|terezinha|distrito de jubai|38195000|2,-1993045,-4770085;4,-41,-93
fazenda|sao|basilio|sao basilio|38198000|14,-1970290,-4758557;17,-3804,-893;18,-70,142
fazenda|sao|joao|ponte alta|38196000|5,-1975893,-4761771
fazenda|sao|jose|sao basilio|38196000|1,-1975692,-4761107;2,132,97
fazenda|sao|pedro|guaxima|38198000|8,-1982882,-4758882
fazenda|sao|pedro|jubai|38195000|6,-1974560,-4760554;19,-314,563
fazenda|sao|vicente|guaxima|38198000|9,-1988417,-4757924
fazenda||bem vinda|erial|38196000|2,-1978830,-4766762
fazenda||boi branco|ponte alta|38196000|1,-1970612,-4763269;8,1428,-1082
fazenda||buriti|corrego matadouro|38195000|1,-1995851,-4752494
fazenda||california|distrito de jubai|38195000|10,-1995998,-4770366;12,50,-74;13,-14,-11;14,-9,22;18,-32,-26
fazenda||casa ao lado da fazenda aguirre|corrego dourados|38195000|1,-1988982,-4759880
fazenda||cascalho|rio grande|38195000|4,-1993523,-4751848;25,-857,-420
fazenda||cascavel|jubai|38195000|19,-1976000,-4760732
fazenda||cocal 4|cocal|38198000|7,-1979797,-4753631
fazenda||cocal|cocal|38198000|13,-1981615,-4754531
fazenda||coqueiro da curicaca|jubai|38195000|24,-1972033,-4763759
fazenda||corego da limeira|jubai|38195000|11,-1972745,-4762989
fazenda||corrego seco|sao basilio|38198000|15,-1973833,-4759365
fazenda||da mata|corrego da mata|38195000|1,-1991175,-4757800
fazenda||dos fernandes|jubai|38195000|12,-1972877,-4763074;13,19,-6;24,-70,-39
fazenda||farinha podre|guaxima|38198000|7,-1977544,-4757268
fazenda||guirri|guaxima|38198000|9,-1986297,-4757707
fazenda||lambari|erial|38196000|4,-1976285,-4764604
fazenda||marimbondo|cocal|38198000|12,-1979237,-4755016
fazenda||mateira 3|guaxima|38198000|14,-1982389,-4752998
fazenda||montagua|engenheiro lisboa|38196000|2,-1978066,-4761488
fazenda||ponte alta de cima 2|jubai|38195000|10,-1972658,-4762680
fazenda||ponte alta|distrito de jubai|38195000|8,-1989143,-4771099
fazenda||retiro sao pedro|sao basilio|38196000|7,-1973148,-4760411;9,221,877
fazenda||retiro|distrito de jubai|38195000|6,-1992078,-4772647
fazenda||rio grande|distrito de jubai|38195000|3,-2002345,-4765764
fazenda||sem denominacao|jubai|38195000|1,-1970895,-4761784;12,-3943,-614
fazenda||sem denominacao|ponte alta|38196000|1,-1970995,-4761983
fazenda||sem denominacao|santa maria|38198000|28,-1986018,-4754536
fazenda||tanzanita|distrito de jubai|38195000|6,-1996300,-4772844
fazenda||terra do sol maa|cocal|38198000|3,-1980281,-4755029
fazenda||turma tres|rio grande|38195000|8,-1996777,-4749783
fazenda||zagai|corrego dourados|38195000|3,-1989577,-4761805
praca|coronel|tancredo franca|centro|38195000|5,-1993773,-4754513;13,-32,20;22,-3,4;27,44,-19;32,-38,29;36,-6,12;42,0,-9;43,49,-38;47,10,-12;49,2,8;51,-1,-8;53,19,18;54,-79,56;64,3,4;79,87,-59;100,17,45;115,1,-27;120,-37,87;123,35,-85;130,-79,78;135,81,-71;163,-8,34;181,3,16;210,-54,27
praca|sao|francisco|jubai|38196000|182,-1989876,-4768851;251,8,27;261,10,8;267,21,4;291,-4,6;360,6,-84;380,9,12;400,-8,-13;428,-22,-16;450,-8,-3
praca||carlos bragato|linha|38195000|1,-1993878,-4754667;2,-171,-40;3,10,-1;4,16,13;100,53,-16;114,-4,-3;124,-11,0
praca||carlos bragato|rosario|38195000|3,-1994015,-4754692;23,20,-7;25,-3,5;33,13,-3
praca||renato azeredo|centro|38195000|3,-1993846,-4754678
praca||renato azeredo|linha|38195000|15,-1993826,-4754652
praca||ronaldo vidal de moraes|sao jorge|38195000|22,-1993100,-4754298
praca||tancredo neves|bisinoto|38195000|58,-1993381,-4754554;60,3,4
praca||tancredo neves|nova conquista|38195000|2,-1993309,-4754566;5,7,8;7,-10,12
quadra||5|otavio elias da silva|38195000|15,-1994581,-4754363
rodovia||mgt 464|jubai|38196000|1,-1990106,-4768405;5,-1,-1
rua|barao|da ponte alta|jubai|38195000|5,-1989930,-4769054
rua|barao|da ponte alta|jubai|38196000|100,-1989897,-4769125;110,11,-21
rua|coronel|maia|centro|38195000|40,-1993730,-4754377;45,9,28;50,-2,-15;55,2,24;60,-10,-11;70,-4,7;76,1,11;120,-12,78;130,25,-140;157,-2,169;160,-25,-19;165,20,-11;175,-1,7;200,-24,44;211,42,-176;220,-38,189;226,-7,5;230,5,9;258,-12,20;280,20,22;290,2,6;300,-23,20
rua|doutor|aldo furiati|bisinoto|38195000|9,-1993426,-4754670;12,1,1;15,99,-11;19,-89,8;20,87,-9;25,-10,3;30,-4,-2;38,6,6;54,-41,-4;61,17,0;148,-154,15;158,11,5
rua|doutor|domingos furiati|bisinoto|38195000|22,-1993413,-4754578;28,-6,15
rua|doutor|domingos furiati|jardim jatoba|38195000|22,-1993423,-4754517;26,-9,19;66,-4,60;88,-5,11;102,-2,5;112,1,5;114,-2,6;116,-2,-11;122,-2,22;125,15,-3;126,-15,9;187,17,-36;197,11,-15;199,-5,28;200,-24,80;207,22,-72;210,-29,85;220,-5,0;221,27,-59;230,-23,78;231,11,12;237,-8,39;238,-5,-18;240,5,-22;273,18,-37;283,3,-143;285,-10,145;290,-27,91;293,19,-8;300,-18,2;302,-1,29;303,6,-10;304,40,-128;310,-44,131;311,11,0;320,-12,5;321,15,12;353,-11,58;363,-3,13;367,2,12;373,-6,5;382,-24,-21;387,19,43;390,1,-45;391,1,53;400,-7,-43;418,0,-1;430,-5,15;440,1,15;450,0,10
rua|doutor|furiati|centro|38195000|2,-1993875,-4754663;5,13,7;14,-8,-5;49,-7,49;55,15,2;60,-8,2;65,2,11;68,-16,-6;69,18,9;76,-56,300;79,45,-283;82,-7,-20;90,4,24;92,-4,3;100,-5,10;103,44,-20;110,-49,25;123,50,39;156,-45,-3;159,-8,24;169,18,4;174,-19,-8;178,2,10;179,-4,-1;193,0,32;202,3,-18;209,13,10;212,-16,13;217,-2,4;262,-7,37;277,12,12;278,-15,8;287,16,10;288,-15,1;295,10,5;303,6,8;306,-22,-2;312,2,5;316,16,13;320,-19,0;340,9,48;346,-3,10;354,-1,25;356,-5,-57;390,-9,49;400,-1,7
rua|doutor|furiati|linha|38195000|9,-1993878,-4754696;49,6,17
rua|doutor|furiati|rosario|38195000|420,-1993932,-4754195;440,-3,17;450,6,8;460,1,-18
rua|doutor|jorge donizete yamamoto|nova conquista|38195000|2,-1993362,-4754835;12,0,2;22,11,-7;31,7,-1;41,12,-5;42,-2,4;43,15,-4;52,-5,2;61,8,-3;62,4,3;71,9,-7;72,-3,3;81,18,-1;82,-12,2;91,11,-9;102,-17,10
rua|doutor|rui da mata costa|nova conquista|38195000|1,-1993335,-4755044;21,-3,26;31,1,8;41,3,5;51,-4,14;60,-1,-34
rua|doutor|tomaz vilhena de moura|centro|38195000|13,-1994017,-4754253;15,-12,0;17,-9,-3;19,-8,0;21,-13,-1;27,-13,-1;33,-11,-4;80,36,-7;90,-8,4;194,29,-4;206,-10,0
rua|doutor|tomaz vilhena de moura|rosario|38195000|1,-1993945,-4754238;2,6,-2;3,-17,2;5,-18,-7;9,-5,4;11,-16,-8;53,-122,-16;108,7,-11;110,-2,-7;112,-18,0;118,-21,1;128,-3,1;163,27,13;201,-45,-7;211,-24,1;215,-11,-2;217,-10,-5;241,-24,-2;250,44,-4;251,-61,2;261,-16,-5;271,-3,5;281,-15,-7;291,-12,0;321,-27,-7;331,-8,2;340,130,7;350,-6,5;356,-8,-6;360,-11,1;361,-131,-11;364,84,0;366,-5,0;370,-27,-5;381,-69,3;386,68,-9;391,-80,3;490,31,-6;500,0,1;510,-19,-2;520,-1,-1
rua|doutor|wanderlei de andrade|sao jorge|38195000|20,-1993071,-4754055;30,8,-9;31,-19,27;41,3,-37;51,4,-1;61,-3,-17
rua|major|euribiades franca|bisinoto|38195000|4,-1993690,-4754657;30,80,30;32,7,4;34,7,0;44,21,6;46,-51,-19;48,49,20;50,35,26;54,-29,-20;55,7,9;58,12,6;60,-20,-9;62,20,-5;64,-16,-1;65,-47,-17;66,62,33;70,-22,-15;74,36,11;75,3,9;78,10,2;80,7,0;94,11,5;143,-161,-63;163,11,5;173,14,3;183,11,-3;212,148,69;222,9,-2;232,8,10;237,-21,-3;247,8,3;248,29,1;257,-18,6;258,23,-7;261,-3,13;268,21,-11
rua|major|leopoldo ferreira de mendonca|bisinoto|38195000|10,-1993607,-4754605;26,3,20
rua|major|leopoldo ferreira de mendonca|centro|38195000|11,-1993607,-4754545;30,-9,-7;40,4,-12;50,-7,29;55,15,3;56,-7,2;60,0,6;65,3,6;95,-6,10;105,6,25;109,-5,18;123,3,14;130,-19,-7;140,2,11;142,-3,8;149,15,-1;154,-14,9;173,11,15;203,0,43;227,-4,13;232,-21,-5;235,15,18;244,-12,4;245,11,5;258,-18,9;269,15,16;275,-7,0;301,0,28;311,1,18;333,-1,11;341,-6,17;342,-7,-13;350,-8,23;351,19,-10;451,-10,73;461,4,7;471,-5,25;481,-2,6
rua|poetisa|mafalda monte|nova conquista|38195000|31,-1993363,-4755069;40,-15,-54;41,13,41;51,2,-12;61,-4,-8
rua|professora|marlene scandar furiati|nova conquista|38195000|30,-1993312,-4755081;40,-9,-16;41,4,-1;50,-5,-5;51,1,1;61,-2,-8;70,-4,-14;80,1,-19;81,2,10;90,-5,-8;100,-1,-9
rua|santo|antonio de santana galvao|conjunto maricota rezende|38195000|135,-1992960,-4753877;255,-7,-47;265,-1,2;275,1,30
rua|santo|antonio de santana galvao|sao jorge|38195000|5,-1992997,-4754065;9,4,16;12,-2,8;15,6,1;25,5,16;32,-10,-38;35,8,47
rua|santo|antonio de santana galvao|vista alegre|38195000|144,-1992985,-4753772
rua|vereador|alcides rodrigues da cunha|nova conquista|38195000|50,-1993098,-4754911;70,21,-19;130,30,-29;150,17,-20;160,4,0;170,-88,101;180,7,-5;190,4,-12;200,13,-12;210,2,-3;220,1,-1;230,9,-8;260,22,-20;270,8,-10;280,-1,-1
rua|vereador|toninho bisinoto|bisinoto|38195000|18,-1993504,-4754567;110,-3,-14;130,-1,-13;194,-1,3;227,-1,25
rua|vereador|toninho bisinoto|centro|38195000|26,-1993521,-4754518;34,-9,4;38,0,5;44,-4,9;88,0,39;98,2,21;108,-1,0;120,3,12;128,-6,4;140,-5,53;190,-14,97;202,-13,16;210,8,16;220,-4,8;257,-10,79;266,0,-10;277,10,-62;406,-12,87;410,4,5;420,-2,4;430,3,7;440,-2,12;454,-11,2
rua|vereador|toninho bisinoto|jardim jatoba|38195000|15,-1993514,-4754536;21,2,16;23,4,12;81,-7,50;97,-46,311;103,37,-291;107,-40,302;119,39,-290;131,-2,16;149,-2,15;183,2,33;195,-8,19;207,2,9;215,4,14;216,-31,189;239,27,-172;249,-1,1;255,-15,60;259,5,3;269,-3,14;279,2,11;383,-18,99;393,-1,14;401,1,-3;403,-2,7
rua||agenor fontoura borges|centro|38195000|20,-1993784,-4754532;23,-5,-29;25,-2,11;26,5,2;30,-7,-5;34,0,-4;44,-4,-12;55,9,-2;56,-9,-6;65,27,-19;72,-8,5;76,3,-2;77,3,-14;88,0,1;98,-3,-11
rua||aldo abate|jardim jatoba|38195000|9,-1993295,-4754509;11,17,33;19,12,13;21,2,43;23,1,25;25,-6,-68;35,10,59;45,1,-4;48,-9,16;58,2,5;73,-35,-125;101,18,26;170,8,161;180,0,11;210,-6,30;220,-4,66;240,0,23;260,-18,100;270,12,9
rua||aldo abate|sao jorge|38195000|17,-1993292,-4754108;27,0,-2;57,-5,36;101,33,-233;103,-5,32;111,2,-30;113,-4,27;121,1,-15;195,-10,102;223,4,-41;231,-3,18
rua||alexandre finamori franca|conjunto maricota rezende|38195000|62,-1992916,-4753899;72,6,1;82,13,7;92,7,-1;142,54,7;152,13,-4;179,17,0;312,144,24
rua||alexandre finamori franca|sao jorge|38195000|3,-1993138,-4753930;4,9,6;5,4,-5;6,-2,0;7,13,4;8,2,1;9,21,-5;10,-5,4;11,-2,-5;12,6,18;13,12,-11;14,-4,12;15,22,-12;16,-5,16;17,8,-17;18,10,15;19,-1,-14;20,8,9;21,11,-4;22,-2,6;23,10,-10;24,3,59;25,11,-52;26,-4,9;27,9,-13;28,9,18;29,1,-7;30,5,3;32,3,4
rua||alexandre polati|linha|38195000|16,-1993883,-4754699;19,-19,-2;26,7,0;29,-15,3;34,9,-6;39,-11,2;49,-16,-4;54,12,6;62,-18,-4
rua||alice de lourdes filaci bisinoto|nova conquista|38195000|21,-1993258,-4755078;150,-140,30;160,7,1;170,0,-4;180,15,-1;190,11,0;200,7,-3;220,41,-7;270,37,-11
rua||alicinio goncalves da silva|sao jorge|38195000|1085,-1992680,-4754114
rua||almir antonio manzan junior|centro|38195000|21,-1993220,-4755100;31,4,4;41,-9,-12;51,-2,-10;61,4,-16;63,-5,-2;71,3,-15;81,-7,-10;91,1,-2
rua||almir antonio manzan junior|nova conquista|38195000|30,-1993230,-4755100;40,-8,-7;50,3,-10
rua||amadeu guardieiro|sao jorge|38195000|21,-1993047,-4754300;31,14,-1;41,5,1;51,13,0;61,1,2;62,-1,8;71,18,-16;72,-9,19;81,10,-14;82,-1,13;91,12,-12;92,5,19;101,4,-22;102,2,25;111,13,-26;112,-3,20;121,7,-21;122,0,19;131,14,-18;132,-2,13;141,4,-11;142,-1,12;151,18,-12;152,-1,10;161,-3,-10;162,11,14;171,16,-19;172,-8,21;181,22,-22;182,-4,15;191,7,-14;192,1,12;201,16,-15;202,-2,19;211,7,-15;212,-6,13;221,16,-8;222,-8,11;231,14,-20;232,-8,18;241,20,-14;251,-6,1;252,6,12;261,20,-14;262,-14,13;271,20,-14;272,-8,15;281,29,-12;282,-16,10;291,15,-9;292,-5,12;301,18,-19;302,-3,16;311,9,-16
rua||amadeu sakr|linha|38195000|9,-1993787,-4754779;24,-51,14;35,12,-9;44,3,12;47,12,-13;55,23,-4;74,6,8;79,6,-9;84,-1,5;95,15,-5;107,6,2;114,3,3;115,6,-4;125,0,-4
rua||amelio guardieiro|sao jorge|38195000|32,-1992764,-4754187;82,52,-24;92,16,-7;102,9,-2;112,14,-2;122,-5,-2;735,-285,117;799,186,-86;817,23,-6;915,-147,100
rua||americo cardoso|bisinoto|38195000|9,-1993583,-4754718;11,-3,7;31,-3,10
rua||ana alves de souza ferraz|otavio elias da silva|38195000|10,-1994582,-4754391;20,1,-11;30,-9,17;40,-30,8;50,-21,5;60,-11,5;66,10,-3;68,-34,16;87,-29,24;88,16,-18;93,-26,14;99,-33,10;100,40,-16;105,-48,16;109,-5,10;119,-11,11;120,57,-33;130,-11,6;140,-29,7;150,-13,4;220,24,-7;248,-25,4
rua||ana alves de souza ferraz|rosario|38195000|25,-1994622,-4754374;35,-6,2;45,-8,0;49,-4,8;55,-2,-4;65,-17,13;69,-4,4;75,-18,1
rua||ana damiao bragato|otavio elias da silva|38195000|10,-1994609,-4754306;48,75,-2;58,-11,1;70,-24,8;73,28,-9;74,-46,11;78,-7,0;83,48,-10;89,-10,4;97,-16,4;99,-1,2;103,-8,1;105,1,-1;115,-4,6
rua||angelo rodolfo canassa|bisinoto|38195000|1,-1993352,-4754596;4,9,-35;9,-17,-114;11,12,136;12,-22,-131;14,-1,9;16,1,5;18,4,12;19,3,20;20,-2,-11;21,10,77;28,7,-12;30,-9,-31;31,1,32;41,0,-10;42,8,16;70,-12,-93;72,0,-5
rua||angelo rodolfo canassa|nova conquista|38195000|101,-1993399,-4754935;111,-1,-48
rua||antiga mandioca fazenda macaub|fazenda macauba|38195000|2,-1997370,-4757795;3,-149,137;4,-131,135
rua||antonio augusto da silva|nova conquista|38195000|190,-1993037,-4755050;200,-3,8;210,-30,13;220,15,-3;228,-8,8;230,-5,0;240,-4,7;246,-6,8;250,-1,-2;260,-8,7;300,-24,21;340,-39,36;350,-2,3;360,-2,4
rua||antonio fontoura ribeiro|linha|38195000|11,-1993913,-4755075;26,-36,339;27,28,-301;30,37,-48;31,-39,130;37,-30,223;41,3,-11;47,-2,-14;50,8,2;61,-9,-11;73,6,-20;74,-9,63;83,10,-66;86,-19,77;89,16,-89;99,5,-9;100,8,5;109,-11,-11;119,1,-11;120,7,36;126,4,-37;136,2,-5;146,-1,-17;151,-6,-7;178,11,-25;183,-9,-10;194,9,1;208,7,-22;211,-7,-10;213,-9,-12;215,4,-3;225,0,-16;300,12,26;378,14,-155
rua||antonio gomes da costa caldeira|otavio elias da silva|38195000|4,-1994529,-4754359;7,-3,-4;9,7,3;13,-3,11;15,0,4;17,6,13;20,-15,-17;23,16,21;27,-5,17;28,-6,-21;29,14,22;31,-4,12;37,-3,4;39,3,0;41,1,10;45,4,5;49,-5,-7;55,-4,-3
rua||antonio maia|jubai|38196000|15,-1990059,-4768664;25,-8,-4;35,131,80;286,-59,-29;306,45,25
rua||antonio reginaldo de andrade|sao jorge|38195000|3,-1992739,-4754182;5,12,22;7,-4,-4;9,13,9;11,9,9;22,-37,-44;31,86,91;155,-65,-51
rua||antonio rodrigues da cunha|jubai|38195000|559,-1989831,-4769039;567,11,-23;570,2,-11;639,8,-9;701,10,-35;721,9,-10;729,0,-11;780,21,-26
rua||antonio rodrigues da cunha|jubai|38196000|21,-1989903,-4768894;31,4,-11;50,-215,462;55,9,-22;56,-3,13;75,10,-37;85,11,-25;90,-4,38;100,3,-14;105,9,-40;110,-2,30;120,9,-22;141,6,-37;160,7,7;169,172,-376;195,-147,304;200,-19,55;215,22,-72;217,-16,32;231,43,-68;235,8,-11;240,-105,210;244,71,-130;250,2,-13;300,26,-48;312,-12,25;320,32,-61;341,34,-89;360,-29,77;371,30,-83;381,8,-11;391,6,-24;400,4,25;401,-8,-15;410,9,4;519,70,-172;539,5,-39;600,8,22;610,25,-43;640,12,-18;650,15,-28;720,15,-39;730,12,-21;740,0,-7;760,3,-3;770,15,-29;890,4,-12;900,5,-8
rua||antonio wazir|bisinoto|38195000|1,-1993595,-4754728;174,-95,12;184,5,-8;200,300,-51;206,-279,49;217,1,-8;229,-44,14;235,72,-10;245,4,-18;247,-6,10;249,10,-3;250,-1,14;255,11,-15;258,-5,25;265,14,-24;268,0,9;278,6,1;285,8,-16;288,-1,9;301,5,-9;340,39,8;380,50,-1;390,8,-10;400,5,-6;408,12,-1;410,45,-8;470,36,-4;500,1,-5;510,2,3;530,38,-6;540,1,-1;560,4,-2;570,19,-6;580,7,-4;590,12,-2;600,8,8;620,12,-8
rua||antonio wazir|linha|38195000|27,-1993837,-4754691;31,10,-5;33,13,-6;61,11,-6;125,62,-7;135,4,2;141,11,-13
rua||antonio wazir|nova conquista|38195000|497,-1993394,-4754782;507,-2,1;517,9,-2;527,3,0;575,26,-6;615,32,-7;625,11,0;645,22,-5;665,2,1
rua||arsenio rodrigues de souza|jardim jatoba|38195000|5,-1993335,-4754512;10,-10,29;11,8,-19;15,-2,6;97,-28,207;104,17,-137;107,-8,127;110,7,-109;117,-1,93;120,-6,-83;122,-3,9;137,4,65;167,12,-86;177,-3,4;187,5,-5;197,-3,-15;200,-19,98;207,18,-106;212,-22,119;222,1,19;232,5,0;290,-14,57;306,-7,20;316,3,9;326,4,13;333,-6,-1;343,8,11;353,7,7;367,25,-264;400,-39,362;415,-16,-11;1322,20,-161
rua||augusta caramori|linha|38195000|21,-1993871,-4754973;22,23,-2;28,-13,-4;38,0,-1;52,-17,-6;112,-51,-36;126,-12,11;152,-24,-6;160,-15,-1;174,-14,-10;193,-45,-11;203,2,-4;213,-14,0;256,2,-8
rua||augusto monte|sao jorge|38195000|1,-1992941,-4754083;2,-11,22;3,5,-11;4,-6,21;5,3,-13;6,-6,20;7,-1,26;8,3,-16;10,-1,15
rua||balas|rio grande|38195000|1,-1998079,-4752307;2,-69,-39;3,7,31;4,-14,-41;5,23,7;6,0,-12;7,-62,75;8,-2,1;9,7,1;10,20,-96;11,7,194;12,-2,4;13,12,11;14,5,3;15,3,-8;16,-54,-273;17,5,-16;18,-1,-10;19,3,-14;20,1,-14;21,3,-8;22,1,-17;23,2,-10;24,1,-5;25,4,-15;26,3,-13
rua||braulio queiroga de moura|nova conquista|38195000|11,-1993247,-4754993;12,-141,35;22,3,-2;31,112,-26;32,-102,25;41,97,-23;42,-81,22;52,4,-3;61,62,-18;62,-52,18;72,11,-4;81,30,-11;82,-24,9;91,-13,-2;92,25,2;101,-28,-3;102,35,-5;112,17,5;121,-70,5;131,-2,0;141,-14,0;151,-10,3;181,-29,3;190,-7,12;191,2,-7;211,-18,4;220,-16,1;221,-3,4;230,-2,-5;231,5,1;240,-12,4;241,-6,-11
rua||cazuza|guaxima|38195000|1,-1985754,-4758306;42,6,-3
rua||cecilia lenza|conjunto maricota rezende|38195000|337,-1992738,-4754003;347,19,2;357,8,-3;367,12,0;377,0,0;387,17,0;397,10,2;407,4,0;417,7,2;427,4,-2;437,21,-3;447,10,5;457,8,0
rua||cilio candido crozara neto|nova conquista|38195000|31,-1993272,-4755096;51,2,-16;90,-14,-41;100,-1,-3
rua||da linha|rosario|38195000|34,-1994346,-4754658;35,104,-25;37,-97,23;44,-19,7;45,104,-24;46,-124,23;48,-9,2;58,-9,2;65,117,-20;67,-4,4;75,15,-5;89,-67,12
rua||dos crozaras|guaxima|38195000|14,-1985744,-4758189;91,49,68;92,22,37;93,-3,-18;95,11,8;100,-71,-75;101,91,117;118,49,78;155,-33,-48;300,10,21;314,27,36
rua||dos zagos|guaxima|38195000|10,-1985925,-4758277;32,-1,1
rua||d|sao jorge|38195000|1,-1993149,-4753930;2,-3,8
rua||eduardo alfredo|sao jorge|38195000|12,-1992912,-4754192
rua||edvaldo pereira borges|vista alegre|38195000|612,-1993219,-4753838;622,6,5;632,8,-4;642,13,3;662,10,3;682,23,1;692,9,2;702,10,2;712,11,0;722,6,-4;732,16,22;772,42,-13;782,8,8;792,13,-3;802,9,4;832,28,1;842,7,5;852,4,-5;856,14,4;872,12,1
rua||edvaldo vieira borges|sao jorge|38195000|601,-1993225,-4753848;621,19,8;631,8,-1;641,7,2;661,16,-3;671,15,0;681,5,4;691,8,-4;701,14,6;711,5,2;721,9,4;741,29,2;751,9,2;761,6,1;771,8,-2;791,12,4;831,50,10;841,9,-2;861,14,4;871,9,1
rua||estevam costa|guaxima|38195000|55,-1985540,-4758203;205,-33,90;214,-55,-12
rua||evaristo gomes da costa caldeira|nova conquista|38195000|101,-1993411,-4754900;120,-10,-2;121,0,-8;131,-7,5;151,-13,1
rua||francisco mahler|nova conquista|38195000|40,-1993209,-4755191;70,-103,16;111,-84,19;216,49,-3;226,-20,-6;236,-10,8;246,-10,1
rua||frederico crosara|sao jorge|38195000|5,-1993213,-4754312;15,1,17;22,-5,-20;42,-2,11;52,-5,35;61,2,4;62,-1,-3;72,-1,14
rua||frederico valente|centro|38195000|41,-1993654,-4754116;51,20,13;71,26,0;81,9,1;93,6,2;296,41,15;306,-7,1;326,-37,-6;336,-11,-2;356,-17,-1;366,11,2
rua||frederico valente|jardim jatoba|38195000|211,-1993508,-4754089;221,-5,-4;301,-6,3;401,-26,-2;491,89,5;503,0,10;550,42,5
rua||frederico valente|sao jorge|38195000|94,-1993340,-4754056;96,7,1;98,8,-2;100,9,4;102,11,0;104,15,-2;106,16,10;108,1,-1;110,19,0;112,4,2;114,6,2;116,-105,-18;126,-16,0;146,-18,0;166,-23,-12;176,-16,3;196,-18,-10;206,-11,5;216,-9,0;226,-5,-6;683,217,32;693,6,-2
rua||geralda franca bitencourt|nova conquista|38195000|1,-1993135,-4754860;11,-11,-39;31,10,23;51,10,22;61,9,13;71,1,7
rua||hercules zara|sao jorge|38195000|1,-1992735,-4754045;1005,7,-77;1030,-1,62
rua||herminio canassa|nova conquista|38195000|495,-1993030,-4754880;505,10,-10
rua||herminio canassa|otavio elias da silva|38195000|4,-1994513,-4754401;5,10,-1;7,-6,5;8,-19,6;9,18,-5;12,-23,13;13,13,-5;15,-4,2;16,-10,3;20,-13,4;23,-12,18;25,-15,9;29,-7,8;30,33,-29;37,-92,60;40,47,-27;43,-53,32;49,-13,6;53,-13,3;55,-4,-2;57,-4,4;59,-21,3;60,95,-44;65,-102,48;69,-3,4;75,-13,4;79,-7,1;80,113,-51;82,-132,49;83,12,4;87,-2,-1;97,-16,7;100,138,-58;110,-10,3;120,-10,11;140,-5,1;160,-13,4;170,-7,1;180,-11,5;190,-23,11;200,-15,8;220,-4,-4;230,-6,6;250,-15,1;260,-5,1
rua||humberto caramori|nova conquista|38195000|1,-1993018,-4754918;11,2,-11;51,-7,-92
rua||innocente fragonezi|sao jorge|38195000|32,-1992982,-4754169;42,8,-6
rua||jaime vieira machado|bisinoto|38195000|11,-1993450,-4754698;20,-1,-1;22,-3,-20;26,0,1;28,0,-10;30,-7,-8;32,2,-10;60,9,59;71,-16,-27;73,-4,-26;77,5,14;81,-1,-15
rua||joao lucas de oliveira|nova conquista|38195000|10,-1993385,-4754923;11,2,-3;20,12,5;21,-1,-13;30,7,8;31,-3,-6;40,14,1;41,-3,-3;50,12,3;51,0,-1;60,2,4;61,7,-4;70,-1,1;71,8,-10;80,1,6;81,12,-10;90,6,6;91,2,-6;100,7,3;101,2,3;110,6,0;111,-1,-5;120,8,-6
rua||joao martins borges|centro|38195000|12,-1993801,-4754392;22,-13,7;32,-1,2;34,-4,10;59,8,33;75,3,1;100,-15,42
rua||joaquim palhares|jubai|38196000|18,-1989760,-4768992;115,-135,-68;141,144,87;148,11,-8;151,-22,-1;161,-6,-8;170,-34,-26;171,21,20;181,-20,-12;191,-10,-1
rua||joaquim pereira cruz|conjunto maricota rezende|38195000|139,-1992831,-4753846;149,4,6;159,12,-4;169,9,-5;179,2,1;189,13,7;292,-157,-10;302,10,2;305,-15,-9;309,291,40;312,-274,-31;322,19,2;332,6,0;342,19,0;352,4,0;382,41,9;562,188,22
rua||joaquim pereira cruz|sao jorge|38195000|2,-1993217,-4753892;3,101,12;5,3,3;7,9,-5;9,13,2;11,19,20;12,-138,-26;13,153,-20;15,5,36;17,52,10;19,-24,-6;21,2,-13;22,-185,-7;23,190,20;25,16,0;27,10,-2;29,6,5;32,-209,-25;39,223,23;42,-213,-14;52,11,-1;62,10,-2;72,9,5;82,4,1;92,14,0;102,-2,-1;112,19,-4;122,1,13;132,12,-12;142,14,9;152,7,0;162,12,3;172,3,-2;182,11,2;192,2,2;202,15,-1;212,7,2;222,9,2;232,19,3;242,-1,-1;252,16,7;262,9,-3;272,-1,4;282,26,6
rua||jose aleixo|vista alegre|38195000|613,-1993223,-4753792;623,11,2;624,-7,7;633,11,-7;634,-4,6;641,-14,0;643,32,-4;654,1,4;663,7,-1;664,2,3;673,16,-2;674,-4,9;683,12,-9;684,-4,10;693,13,-10;694,-3,11;703,12,-9;704,-2,10;712,6,-4;713,5,-1;723,11,1;724,-4,6;733,13,-7;734,-2,9;743,15,-6;744,0,6;753,8,-2;754,7,-1;773,15,7;774,-4,4;794,32,-2;803,1,-5;804,-1,5;813,7,-4;823,8,2;824,5,5;831,-104,-13;833,113,11;834,-1,3;843,14,0;844,0,1;853,0,-1
rua||jose bahia mascarenhas|conjunto maricota rezende|38195000|162,-1992958,-4754001;172,7,0;182,7,1;187,37,-6;192,-18,4;202,0,6;212,-1,0;217,36,-6;222,-17,5;232,-5,-1;242,36,5;247,61,1;252,-61,-1;262,9,1;302,46,10;312,11,8;322,5,-8;332,6,2;342,12,-2;352,8,4;392,51,6
rua||jose bahia mascarenhas|sao jorge|38195000|25,-1993209,-4754044;59,47,6;71,12,2;81,19,8;83,33,-1;84,-2,-1;86,22,5;97,19,1;116,-146,-15;118,9,5;120,10,4;122,12,-2;124,21,-1;126,4,1;127,123,10;128,-114,-7;130,15,4;132,19,1;134,3,1;136,15,0;137,57,3;138,-44,0;140,13,7;142,7,-6;144,24,5;146,2,1;148,13,3;150,11,3;152,20,1;157,-17,-16
rua||jose carlos gomes|sao jorge|38195000|1,-1993018,-4754126;2,-1,-12;11,4,2;12,3,-23;22,4,-2;61,-6,34;71,-3,-75
rua||jose cordeiro tupinamba|rosario|38195000|5,-1994319,-4754561;10,-3,3;20,-7,-2;22,17,-99;31,6,-2;32,-6,16;42,-18,103;54,2,14;74,2,11;99,1,51;109,-6,9;110,-17,115;115,10,-14;120,-15,3;125,14,5;130,-17,-3;138,6,-104;140,14,-2;232,-11,94;370,1,28;390,17,31;398,-19,32;400,1,10;500,-9,-25;501,6,45;520,-11,-22;530,3,2;540,-6,-4;555,37,-242
rua||jose gaudencio de souza|conjunto maricota rezende|38195000|1,-1992827,-4754000;2,-10,-13;11,9,-5;19,-5,4;283,-14,119
rua||jose gaudencio de souza|sao jorge|38195000|21,-1992833,-4754045;26,9,-56;28,3,-7;30,-3,-19;32,39,57;42,-2,2
rua||jose juliao tangari|centro|38195000|79,-1993958,-4754593;99,-6,13;103,1,12;149,-6,46;173,-2,20;191,-3,12;197,0,20;223,-2,12;347,-16,118;357,1,19;377,-2,13;387,-1,10;397,-4,7;420,-10,61;427,0,-1;430,-6,14;440,2,12;447,4,-2;450,-5,8;457,3,0;460,-8,14;476,25,-132;480,-27,139
rua||jose juliao tangari|linha|38195000|15,-1993951,-4754693
rua||jose juliao tangari|rosario|38195000|2,-1993962,-4754696;4,2,15;8,1,0;12,-4,15;70,-5,56;82,0,16;94,1,16;150,-10,54;176,-2,14;190,-1,7;194,0,24;196,3,-38;205,-11,82;218,2,-33;254,-1,42;266,-3,6;271,6,5;275,0,9;282,-9,2;289,5,16;294,-9,-2;306,-2,12;312,1,6;320,0,2;329,7,12;374,-12,44;386,-1,14;400,-4,16;410,2,7
rua||k|bisinoto|38195000|22,-1993432,-4754691;23,-9,-14
rua||lazara lemos borges bisinoto|vista alegre|38195000|742,-1993087,-4753822
rua||lourenso zaia|guaxima|38195000|19,-1985833,-4758372;33,-89,67;34,52,-41;144,130,-106;608,-105,104
rua||luis antonio goncalves|bisinoto|38195000|3,-1993653,-4754725;4,6,24;5,1,-12;6,7,20;10,19,12;11,-17,-18;12,31,24;20,-24,-11;21,11,-4;22,31,23;30,-13,-1;33,-14,-20;35,20,14;40,-15,-10;50,38,33;70,4,-2;73,28,6;90,15,23;103,48,12;108,-41,-10;218,42,21;228,10,0;248,14,1;250,4,6;260,8,-4;276,17,6
rua||luiz jose pinto collares|sao jorge|38195000|2,-1993148,-4754291;4,-11,-3;6,-9,2
rua||manoel alves da costa|linha|38195000|3,-1993871,-4754702;12,9,2;15,-4,-10;22,5,-13;25,-4,-1;35,1,-5;38,-3,-9;41,1,-1;46,4,-6;51,-2,-4;52,4,3;64,6,-13;71,-6,-11;77,-6,7;81,6,-14;94,9,-12;113,-7,-12;135,7,-29;140,10,0;146,-5,-10;152,11,-4;155,-12,-8;168,6,-8;175,-6,-10;189,-1,-8;192,22,-10;202,0,-5;212,-3,-1;213,-16,-10;218,23,1;225,-28,-15;226,24,8;235,-13,-13;236,8,5;244,1,-14;247,-10,-4;255,-1,-11;269,4,-10;270,8,15;289,-3,-38;530,-13,118
rua||manoel jose|guaxima|38195000|1,-1985474,-4758111;2,-2,0;11,-86,67;22,16,-16;79,-66,52
rua||manoel marques|centro|38195000|10,-1993895,-4754634;13,3,16;19,-15,-8;29,-4,0;30,10,-7;55,-19,11;56,-10,-12;60,18,5;67,-29,11
rua||manoel marques|jubai|38196000|100,-1989767,-4768873;160,-179,345;161,-20,17;171,15,-27;176,20,-19;181,-10,7;200,182,-335;201,-180,302;202,7,29;228,7,-12;231,6,-25;240,1,12;268,16,-21;278,0,-4;288,1,0;320,13,-30;342,27,-38;346,-3,-6;348,-1,-6;351,0,-11;352,10,-2;469,-57,85;479,79,-130;512,-12,21;513,-5,14;522,7,-17;532,5,-7;542,14,-16;572,9,-13;582,7,-9;599,-12,2;609,61,-121;629,15,-30;639,8,-12;640,-45,110;649,48,-124;800,-28,80;808,11,-20;818,-2,3;830,9,-25;840,3,-3;860,-23,41;880,17,-28
rua||manoel marques|rosario|38195000|30,-1994144,-4754652;98,173,13;112,-10,-4;152,-32,-10;165,-142,5;168,125,6;170,-37,-12;180,1,-1;205,-7,9;207,-7,3;217,-5,2;227,-2,-7;228,-36,-5;230,25,1;238,-30,1;246,22,-2;248,-6,-1;254,2,5;315,-60,1;320,3,-3;325,-19,7;333,-4,-4;335,-6,1;490,16,-7;500,-39,-5;504,13,4;510,9,2
rua||manoel silva|rosario|38195000|3,-1994399,-4754579;13,-2,11;40,-9,1;50,1,8;53,-3,26;60,0,35;70,1,-57;80,-3,20;90,-5,10;100,-1,22;105,1,75;109,3,-7;110,-3,-67;120,-1,20;130,0,10
rua||maria canita bizinoto|bisinoto|38195000|2,-1993350,-4754585;4,28,-51;20,-3,4;30,-80,-34;35,11,11;45,-2,9;55,7,9;65,9,10
rua||miguel borges|centro|38195000|32,-1993683,-4754393;42,8,-1;48,1,1;50,12,-2;67,21,-11;72,-5,15;73,-7,-19;76,14,18;115,32,-8;120,6,27;136,14,-11;142,10,-1;145,1,-7;152,1,14;155,19,-16;162,3,23;179,3,-20;181,-132,-25
rua||miguel borges|jardim jatoba|38195000|182,-1993373,-4754348;221,-126,-33;222,-10,13;234,5,0;242,18,-8;247,22,-4;261,3,-5;263,9,5;307,34,7;317,10,2;318,-13,15;332,12,-1;337,3,-23;342,62,29;347,-25,-16;349,-21,-4;353,24,1;357,-21,-1;362,57,19;367,8,-8;369,17,0;372,-17,15;385,-5,-17;392,29,17;412,9,-2;415,-12,-13;422,30,19;425,-25,-24;435,13,10;445,10,3
rua||miguel borges|sao jorge|38195000|1,-1993070,-4754320;11,6,18;437,-198,-53;447,16,5;467,23,2;487,29,6;497,15,3;517,21,7;527,10,-3;537,5,-1;547,14,1;557,5,5;567,16,0;577,3,-4
rua||miguel pereira franca|rosario|38195000|3,-1994128,-4754640;15,-2,8;20,-7,5;25,2,5;30,-2,4;35,7,-1;38,-10,31;40,2,-20;53,6,-2;65,1,6;100,-19,58;110,-1,6;115,8,9;119,1,13;120,-10,-12;135,9,19;140,-12,-1;143,9,4;145,0,15;149,-1,-8;150,-9,8;172,-25,193;173,0,3;192,-4,45;210,23,-195;222,5,9;296,-15,76;298,-4,47;299,12,-25;309,-3,14;319,-4,17;329,1,9;393,-5,4;425,-1,49;435,0,10;455,-1,17
rua||moacir roteli|bisinoto|38195000|5,-1993422,-4754760;7,7,30;10,5,-3;11,-3,11;12,0,-7;13,-5,8;15,8,36;17,-8,-51;23,5,16;25,11,8;27,-1,12;31,4,6;37,-5,19;41,-12,-72
rua||moacir roteli|nova conquista|38195000|160,-1993421,-4754859;170,-6,2;180,0,-8;190,-1,-16
rua||mogico|guaxima|38195000|220,-1985691,-4758349
rua||nicolau abdao amui|centro|38195000|9,-1993689,-4754503;12,-1,6;15,12,-3;32,10,9;35,5,-15;41,0,0;42,9,7;45,-7,-6;55,12,0;56,9,20;74,10,-1;77,1,-14;94,49,18;95,-19,-11;114,27,9;115,-20,-9;117,2,3;121,6,1;135,5,3;143,17,1;144,-1,9;155,11,-8;177,4,-14
rua||nicolau abdao amui|jardim jatoba|38195000|207,-1993503,-4754483;209,5,0;211,19,0;225,2,0;226,-16,9;235,32,-5;236,-28,7;246,13,4;256,8,6;265,-7,-31;293,59,21;303,3,4;313,24,4;322,0,9;329,5,-7;339,12,-2;358,-11,11;359,27,-14;379,22,7;393,6,-3;400,33,15;405,-14,-13;410,27,13;555,-12,-7
rua||olicio lemes|otavio elias da silva|38195000|2,-1994688,-4754315;10,8,5;18,-4,-12;28,-4,-16;31,-3,6
rua||orlando alves aranha|centro|38195000|325,-1994083,-4754326;333,4,2;353,-3,119;359,-8,-117;379,0,24;389,-3,7;399,7,7;400,-18,76;434,14,-27
rua||orlando alves aranha|rosario|38195000|6,-1994058,-4754637;7,21,-32;17,0,4;30,-16,68;44,-3,8;54,0,8;106,-10,43;116,-5,12;122,1,4;127,16,9;137,-3,8;140,-12,-1;147,14,4;150,-12,5;157,11,2;160,-16,10;161,2,76;171,-8,23;176,18,-102;186,7,-165;200,8,61;219,-9,67
rua||orlando domingos cantarino|linha|38195000|27,-1994004,-4755067;55,33,-1;63,-13,6;89,30,-13;103,11,-1
rua||paulo assuncao valentino|sao jorge|38195000|18,-1992800,-4754131;20,9,-3;31,131,35;50,-101,-29;60,10,-4;70,10,5;80,7,4;100,19,0;110,11,7;115,-82,-18;117,6,-3;118,83,15;120,10,1;125,-69,-12;135,10,0;145,8,-1
rua||pedro barra neto|conjunto maricota rezende|38195000|52,-1992817,-4754030;82,39,4
rua||pedro barra neto|sao jorge|38195000|1,-1992927,-4754050;3,13,1;5,2,-7;7,12,9;9,6,-27;10,-57,29;11,61,1;13,28,4;15,-2,0;17,20,-3;19,-3,4;22,-59,-5;23,89,4;25,-1,9;27,19,-1;32,-96,-10;68,145,12;990,-14,-2
rua||pereira rezende|guaxima|38195000|40,-1985749,-4758356;45,3,-19;50,-14,-9;75,56,37;115,37,82;135,20,38;168,60,115;177,-15,-55;179,7,2;201,-111,-46;203,162,131;210,-58,-62;269,60,66;409,60,88
rua||raimundo rodrigues faria|otavio elias da silva|38195000|10,-1994611,-4754312;20,0,7;30,1,7;35,-2,-19;40,1,32;48,4,-43;50,-2,48;60,51,42;68,-4,-4;75,-41,2;80,-4,-79
rua||renata florencio|rosario|38195000|221,-1994398,-4754372;231,0,6;241,-2,30;340,3,-21;435,-16,90;530,12,-54
rua||rodolfo abate|centro|38195000|20,-1993911,-4754670;30,15,3;40,5,1
rua||rodolfo abate|linha|38195000|9,-1993929,-4754672;17,-7,-5;19,17,7;29,8,-2;39,10,2
rua||rodrigues da cunha|guaxima|38195000|158,-1985672,-4758213;186,-33,5;280,110,-78;290,15,-10;320,-107,86
rua||rodrigues da cunha|guaxima|38198000|1,-1985786,-4758134;2,0,0;98,27,-14
rua||rogerio caramori|bisinoto|38195000|50,-1993309,-4754688;60,17,-69
rua||rogerio caramori|nova conquista|38195000|300,-1993242,-4754930;310,19,-69;360,37,-111
rua||rui de melo borges|centro|38195000|5,-1993802,-4754124;13,4,1;21,18,3
rua||rui de melo borges|rosario|38195000|190,-1994245,-4754198;200,-8,-2;240,-48,-10
rua||salatiel alves|jubai|38196000|669,-1989709,-4768977;689,9,-16;751,57,-75;771,-5,9;801,4,-4
rua||salvador de barros|sao jorge|38195000|1,-1993107,-4754211;21,-3,29;40,-6,91;41,2,-62;51,-1,-5;60,-6,97;71,11,-121;81,3,-10
rua||santo antonio de santana galvao|sao jorge|38195000|8,-1992991,-4753988;34,23,95;145,-20,-48
rua||sem denominacao|nova conquista|38195000|250,-1993475,-4754928;260,7,13
rua||sem denominacao|sao jorge|38195000|10,-1993124,-4754257;11,-6,-24
rua||sergio marques|jubai|38196000|103,-1989932,-4768732;104,-14,3;212,-96,-55;263,67,25
rua||sergio marques|rosario|38195000|1,-1994216,-4754637;2,-4,-16;11,-2,16;21,3,18;26,-11,7;31,10,0;34,-12,-5;40,5,5;50,-3,13;52,-4,10;108,1,38;111,3,6;112,-4,-18;118,-2,16;123,8,9;128,-10,-1;135,8,14;136,-8,3;141,4,4;147,3,4;157,-3,11;183,1,41;193,-3,8;201,1,4;203,-2,2;210,-12,8;211,14,9;219,-5,7;220,-25,112;225,25,-104;236,-14,-3;244,2,-1;266,-3,14;275,7,37;280,-12,0;285,3,2;295,5,18;305,-2,3;310,-7,-24;315,9,37;316,-12,-21;317,8,32;320,-10,-31;336,6,17;344,0,0;345,6,16;350,-11,6;360,0,1;361,9,9;370,-16,43;381,7,16;405,-4,15;435,48,-334
rua||teotonio borges|bisinoto|38195000|20,-1993705,-4754688;192,-2,-11
rua||teotonio borges|linha|38195000|32,-1993713,-4754760;35,-5,5;45,-3,-17;52,6,-7;72,-3,-13;85,-11,-19;96,7,-3;100,-1,5;101,-6,-18;108,0,2;111,-1,-9;112,8,0;121,-13,-19;123,2,-6;126,7,13;127,-23,-42;130,26,34;132,-2,-1;133,-7,56;137,-6,-82;142,23,141;143,-31,-186;146,17,65;147,2,57;150,-4,-67;155,-13,-35;160,11,32;166,2,-12;175,-13,-39;176,8,13;180,-3,-13;184,-4,-5;186,1,-6;188,1,-14;194,8,52;234,-14,-75;244,3,-5;254,-5,-9;264,-5,-25;267,-5,23;274,10,-19
rua||teotonio borges|nova conquista|38195000|12,-1993758,-4755029;274,10,19
rua||tertuliano alves|jubai|38196000|5,-1990135,-4768586;6,11,11;14,34,20;115,6,11;205,61,21;213,10,11;215,-17,-15;223,29,18
rua||valdemar bisinoto|nova conquista|38195000|142,-1993284,-4754894;162,-28,2;172,-6,1;182,-9,0;191,22,-8;192,-32,13;201,17,-8;202,-25,7;211,19,-3;212,-22,4;221,13,-7;231,-9,0;241,-9,2;251,-2,-1
rua||zequinha de araujo|centro|38195000|10,-1993719,-4754516;20,31,-11;23,-18,-14;32,13,2;42,1,-14;47,-13,-3;55,1,-21;60,9,13;64,0,-10;74,6,-9;77,-14,2;90,13,-10;97,-10,-6
sitio|santa|maria|santa maria|38198000|1,-1979739,-4759557
sitio|santo|antonio|dourados|38195000|35,-1991098,-4756211
sitio|santo|inacio|distrito de jubai|38195000|6,-1996076,-4772510
sitio|sao|roque|santa maria|38195000|4,-1988004,-4754455
sitio||batista|rosario|38195000|297,-1994225,-4754195
sitio||dois irmaos|jubai|38195000|6,-1972487,-4762350
sitio||gruta azul|jubai|38195000|27,-1971218,-4764290
sitio||gruta azul|ponte alta|38196000|18,-1971259,-4764281
sitio||meu reino encantado|dourados|38195000|34,-1991396,-4756091
sitio||sabia|fazenda da mata|38195000|2004,-1991707,-4757344
sitio||sem denominacao 2|santa maria|38198000|15,-1987282,-4755273
sitio||tres marias|santa maria|38198000|19,-1985921,-4755655
sitio||uso ocasional|guaxima|38195000|1,-1989310,-4756916
usina||mendonca administracao|usina mendonca|38195000|24,-2002817,-4762576;25,-48,22;26,-7,0
usina||mendonca colonia armazem|usina mendonca|38195000|1,-2002185,-4762513;2,-24,16;3,-3,1;4,-20,16;5,47,-38
usina||mendonca colonia bela vista 1|usina mendonca|38195000|1,-2002793,-4762562;2,95,254;3,-43,-133;11,-48,-121;22,9,15;23,-4,-10;28,22,71;29,-7,6;30,-7,-6;31,-12,-77;32,25,100;33,3,12;34,2,5;35,7,15;36,1,13;37,5,8;38,5,13;39,-2,11;40,7,11;41,5,13;42,5,12;43,5,9;44,0,12;45,6,12;46,3,11;47,2,15
usina||mendonca colonia bela vista 2|usina mendonca|38195000|1,-2002696,-4762301;3,-7,-21;4,4,-17;5,-13,-8;6,0,-10;7,-7,-13;8,-1,-13;9,-5,-10;10,-6,-11;11,-5,-14;12,-1,-12;14,-11,-24;15,-4,-12;16,0,-10;17,-7,-13;18,-3,-8;19,-3,-12;20,-8,-16;21,-3,-9
usina||mendonca colonia escritorio|usina mendonca|38195000|3,-2001904,-4762526;5,0,0;7,-3,-2;9,-1,-2
usina||mendonca fazenda ilha grande|usina mendonca|38195000|27,-2003632,-4761093
usina||mendonca lavador|usina mendonca|38195000|3,-2001944,-4762072;4,1,-2
