acesso||raimundo andrade dornelas|morada do sol|36400267|270,-2064370,-4378345;281,0,14;295,6,20
alameda||arthur de souza dias|centro|36400049|23,-2066272,-4378759;25,-1,9;43,-3,5;49,2,3;52,2,14;71,-7,9;95,17,-60
alameda||geraldo candido damasceno|sao sebastiao|36406057|30,-2066352,-4379889;37,-4,11;40,6,2;47,-3,10;48,-2,-10;55,3,15
avenida|dona|rosa dutra|belvedere|36408158|1510,-2064876,-4380172
avenida|dona|rosa dutra|santo agostinho|36408128|1815,-2064659,-4380352
avenida|dona|rosa dutra|santo agostinho|36408193|1560,-2064805,-4380182;1810,156,-160;1820,8,-18;2020,140,-34;2470,-19,384;2500,15,15;2502,-3,4;2504,3,-4
avenida|dona|rosa dutra|sao benedito|36408128|10,-2064444,-4379910;20,-10,-20;965,-512,-482;1075,5,119;1085,12,22;1125,15,35;1135,9,21;1185,195,-28;1195,-129,61;1201,11,-1;1215,144,-80;1285,-45,39;1795,86,-113
avenida|dona|rosa dutra|siderurgico|36408128|251,-2064481,-4379974
avenida||dona rosa dutra|siderurgico|36408193|100,-2065352,-4380759
avenida||maria dos reis damasceno|paulo vi|36406230|89,-2069041,-4379776;99,-16,-5;109,-14,-4;119,-13,-5;129,-14,-3;139,-20,-7;149,-7,2;159,-36,-16;189,-87,-27;199,-10,-7;209,-14,-2;219,-6,-4;221,109,36;229,-117,-38;231,98,34;241,-27,-7;326,0,-7
avenida||rosa dutra|siderurgico|36408134|16,-2064900,-4380693;17,-36,-3;300,48,10;320,24,24;330,7,8;380,25,93;390,6,-1;400,-5,0;440,-17,35;450,-9,15;544,-114,-212;548,7,31
estrada||dentro de mato dentro|mato dentro|36401400|8,-2061976,-4388727;15,-58,110;20,-105,174;22,-17,18
estrada||dentro de mato dentro|mato dentro|36409600|6,-2061837,-4388989;9,106,-191;14,39,-29;15,-312,557;17,3,4;25,291,280
praca||pimentel duarte|centro|36400079|11,-2065842,-4379257;25,21,29;30,-13,139;35,14,-148;40,2,136;50,9,-3
rua|coronel|licinio pereira dutra|angelica|36400031|15,-2066219,-4378577;25,-3,-6;37,-13,-1;45,-6,-8;73,-11,-24;77,-129,-45;83,118,37;92,-112,-46;93,7,8;95,98,39;103,-7,-29;113,-13,4;114,11,21;135,-25,-22;145,-11,-2;197,-155,-57;223,88,36;233,-7,3;234,-2,1;243,-8,-8;244,-7,3;253,-6,-9;256,2,11;263,-20,-17;270,8,17;273,-11,-14;280,2,14;283,-16,-29;290,17,26
rua|coronel|licinio pereira dutra|angelica|36401023|515,-2066581,-4378666;525,-7,7;535,-16,-6;539,-10,2;543,9,6;555,-23,13;571,-18,-12;572,4,11;580,-14,-8;581,17,19;586,-13,-15;590,3,15;591,-2,-2;599,-12,9;600,1,-4;609,-19,8
rua|coronel|licinio pereira dutra|centro|36400031|18,-2066226,-4378572;22,-12,3;32,1,-13;70,-12,-41;84,-11,2;86,5,-7;112,-16,-2;116,-9,-10;117,-54,-12;123,-2,-1;127,-3,-3
rua|doutor|mario de rezende dutra|ouro verde|36400299|15,-2064684,-4378958;35,16,11;45,32,-1;90,71,15;110,27,-1;120,4,0;130,37,10;215,39,48;340,74,122;350,5,18;360,-1,10;370,2,9;410,12,41;420,0,10;430,-3,8;440,8,18;460,2,12;470,3,24;510,8,43
rua|maestro|abilio dias|santa luzia|36407375|15,-2064890,-4381302;25,2,-21;39,-1,-3;40,6,-5;45,-5,-5;50,7,-9;55,-6,0;60,8,-14;65,0,2;70,-1,-10;72,6,-11;73,-1,16;75,-17,1;85,18,-18;95,-10,-9;110,-2,84
rua|marechal|deodoro|carijos|36405146|2,-2068132,-4379244
rua|marechal|deodoro|santa matilde|36405146|8,-2068091,-4379265;12,62,196;80,-69,-86
rua|sao|domingos|vila resende|36401348|17,-2065232,-4376940;24,2,-5;28,16,13;37,0,-8;38,-5,5;47,0,21;48,-3,-4;56,-8,19;58,0,-7;59,20,0;60,38,-39;65,-44,64;68,-6,-6;75,5,12;78,4,0;85,3,9;90,5,5;95,-4,2;100,1,7;105,2,8;122,7,20;123,-4,-11;133,9,13;143,2,-5;152,-14,24;153,2,-2;160,-1,14;163,7,-8;170,-7,14;173,16,-3;183,-4,20;184,-3,-11;193,5,7;194,-4,0;197,-2,13;204,-1,0;208,6,8;212,-3,-1;213,4,-4;222,5,12;417,-46,-212
rua|sargento|dias|fonte grande|36405044|1,-2066774,-4379380;7,-18,22;29,0,13;45,10,11;47,5,0
rua|sargento|dias|queluz|36405044|87,-2066770,-4379287;93,-4,10;95,-5,15;103,3,-5;105,0,7;108,15,-3;115,-15,13;116,10,-8;125,-23,3;132,18,5;137,-3,17;142,-1,-1;152,2,18;161,-3,2;180,4,3;181,-1,13;190,-3,-1;191,1,12;201,5,14;204,-2,-19;218,-6,28;225,1,13;226,3,-1;231,2,6;234,-5,3;235,7,-1;243,-7,-7;252,-5,16;258,3,7;265,0,7;275,5,21;278,-8,-1;285,10,10;286,-9,-8;288,-29,-13;296,30,26;305,-2,3;306,-3,10;315,5,-7;316,-4,9;325,6,-3;327,-9,19;328,3,2;337,-3,14;338,3,0;346,-5,2;347,5,10;348,4,-1;357,-4,3;358,-2,6;368,3,0;377,-3,16;387,-1,11;390,15,-3;400,-13,7;407,-3,4;416,-4,12;426,5,16;556,-3,-17
rua|sargento|dias|triangulo|36405044|2,-2066865,-4379384;4,71,12;20,4,10;28,2,8;48,3,10;54,1,13;55,-42,-55;64,48,66;66,4,11;88,3,10;100,-78,-84;101,-4,1;102,-23,19;103,2,13;106,-3,-8;107,3,-8;108,1,1;109,0,3;110,1,6
rua|vereador|jose de souza dias|barreira|36407403|60,-2064457,-4381362
rua|vereador|jose de souza dias|santa terezinha|36407401|15,-2064403,-4381319;20,-24,0;33,31,-4;45,5,-7;50,11,4;70,17,-7
rua|vereador|jose de souza dias|santa terezinha|36407403|44,-2064452,-4381371;85,22,47;95,-18,-13;97,9,-4;125,-11,-12
rua||antonio damasceno|rancho novo|36408899|20,-2061817,-4374550;26,-16,-22;261,8,9
rua||antonio damasceno|rancho novo|36409400|72,-2061853,-4374578;76,-9,-7;96,-6,-4;144,-48,-14;155,7,7;170,-27,-4;175,1,4;185,-18,20;190,6,-22;195,-16,7;205,-9,2;215,0,2;276,-8,-12
rua||antonio decort|rochedo|36404178|5,-2066973,-4377258;10,-8,7;15,-9,6;16,3,-10;20,-20,8;25,4,8;26,1,6;30,-2,4;35,-3,-1;38,-12,7;40,-8,0;45,20,-10;50,-12,15;55,-19,10;60,-8,4;65,7,2;70,-7,-1;75,3,29;80,-5,-22;85,4,24;90,-21,-15
rua||antonio teixeira dutra|cachoeira|36408100|15,-2065392,-4379785;46,-51,-12;50,26,21;60,-13,-6;68,-29,17;90,-3,9;120,-70,-86;130,64,37;140,-96,-75;150,86,69;160,-7,-7;166,-8,0;170,0,-1;171,30,12;181,9,2;310,67,43
rua||aristides dornelas|jardim europa|36406491|105,-2070962,-4381082;127,-49,24;195,-54,5;205,-10,36;265,115,-68
rua||brazilia cassini damatta|jardim monte verde|36404250|45,-2067331,-4377070;50,-6,-5;55,129,-60
rua||cid dutra|santo antonio|36401106|17,-2065988,-4378192;25,6,10;38,57,-9;63,-29,29;64,-9,-15;73,12,23;85,5,-4;95,22,22;105,-1,-9;115,-7,6
rua||davi thomas dias|queluz|36405066|109,-2066911,-4379352
rua||davi thomas dias|triangulo|36405066|5,-2066904,-4379352;17,-6,-7;27,-7,2;41,-14,5;45,1,3;55,-14,5;83,-15,10;93,-12,-4;97,2,0
rua||delta|santa cruz|36407360|41,-2065377,-4381624;61,43,-18;75,0,-2;85,-64,70;95,-7,4;100,60,-72;110,-22,-12;112,13,19;120,2,5;123,-66,80;130,65,-71;131,-3,0;133,-64,70;140,55,-59;142,-48,46;150,38,-35;151,9,-11;152,-45,51;160,33,-37;161,2,-3;212,-36,42;225,-9,9;235,-8,8;240,1,2;245,-17,8;255,-1,5;260,7,-2;265,-2,9
rua||demoiselli|bandeirinhas|36409000|5,-2073579,-4379304;138,-606,-148
rua||demoiselli|buarque|36409000|2,-2073874,-4379375;6,-106,-22;7,-43,-8;8,157,-1;10,-220,-16;11,535,131;12,-42,-14;13,-310,-73;14,259,60;15,-32,-6;16,-3,0;55,-422,-57;68,-13,-53;88,-11,-10;118,-38,-1;128,-7,-3;585,51,20
rua||dez|tamareiras|36406142|100,-2067556,-4379296
rua||djalma duarte|real de queluz|36402261|20,-2066924,-4376814;40,2,21;150,8,57;155,-7,9;165,15,5;175,3,9
rua||doutor jose rezende dutra|ouro verde|36400298|45,-2064432,-4378703;155,23,118
rua||doutor luiz de souza dias|real de queluz|36402267|30,-2067044,-4376687;40,-20,58;55,28,-17;70,-75,74;80,-17,6;100,65,-24;145,-19,19;147,-7,-1;155,-3,4;157,-7,1;175,-17,5;190,-34,0
rua||joao domingos|sion|36404317|30,-2068537,-4377347;40,8,16;50,5,-4;60,3,17;70,-6,6;80,1,16;90,19,7;100,0,3;110,8,27;120,-6,-19;130,16,18;150,5,18;160,-6,-10;190,18,44;200,12,2;210,-9,29;220,13,-6;230,-7,8;240,22,-1;250,8,23;260,-1,-2;300,20,39
rua||jose dias|barreira|36406385|40,-2064459,-4380990;50,5,-1;60,13,-17
rua||jose dias|copacabana|36406385|20,-2069802,-4380614;25,2,324;30,-11,-318;110,15,255;205,0,-57;225,-1,-8;235,-3,-12;265,-23,-39;320,29,-22;380,-13,-70
rua||jose dias|sao benedito|36406385|50,-2064449,-4381015
rua||jose teixeira dutra|angelica|36401027|30,-2066581,-4378777;40,9,10;50,0,5;56,10,2;100,11,26;110,15,22
rua||jose teixeira dutra|centro|36401027|17,-2066582,-4378784;25,-7,9;39,9,13;45,7,3;53,5,2;59,-3,1;69,7,13
rua||julia delfina|santa efigenia|36400144|29,-2065562,-4378773;43,8,6;57,7,13;67,11,3;81,9,15;95,4,4;117,15,15
rua||licinho dutra|joaquim murtinho|36400001|2,-2055573,-4381220;14,43,1;26,-22,4;32,3,-5;40,-1,24;44,4,-3;54,15,13;75,3,11;78,1,3;90,6,11;91,0,-2;96,7,6;113,111,105;116,-86,-89;126,35,11;148,-31,11;156,1,10;200,25,30;212,11,10;236,12,5;248,21,11;258,9,2;260,2,2;268,32,5;271,50,32;276,-44,-32;285,-16,-8;287,9,12;290,49,40;800,-5,-10;802,9,18
rua||lourdes rocha dutra|vila veneza|36406342|90,-2069458,-4380200;130,-7,-52
rua||luiz de souza dias|lima dias|36408274|30,-2063561,-4380539;32,7,-19;34,20,2;38,-28,4;40,65,-22;42,14,-4;740,-123,50;985,151,-72
rua||luiz de souza dias|lima dias|36408284|746,-2063604,-4380549
rua||maria da conceicao damasceno|paulo vi|36406257|8,-2069122,-4380250;48,-34,18;57,-8,10;58,1,-9;68,-14,10;70,-2,5;78,-4,3;87,-7,8;88,0,-3;98,-9,4;107,-10,9;127,-16,12;130,9,-6;140,-6,7;150,-6,5;158,-14,6;160,3,-2;167,-11,11;170,2,2;177,-8,4;180,-4,10;187,2,-3;190,-26,15
rua||maria dolores|jk|36400280|4,-2064591,-4378449;5,3,-1;18,2,8;21,16,0;22,-12,12;31,-1,7;32,11,2;33,-9,5;35,-1,1;41,4,4;46,0,-2;53,1,11;58,3,-3;69,-1,16;73,-7,-1;79,0,-13
rua||maria dos reis damasceno|paulo vi|36406230|138,-2069108,-4379803;148,-16,0;210,-24,-17
rua||maria pereira dutra|sagrada familia|36404429|270,-2068394,-4376594;285,22,34;305,5,11
rua||marilia de dirceu|manoel de paula|36400237|22,-2064928,-4377688;32,-1,-9;33,6,-4;54,9,-8;58,-1,-4;63,8,-6;64,-5,-4;73,40,-6;74,-36,0;83,10,-3;93,-22,18;143,48,-61;144,5,-1;145,-5,-9;155,9,-1;161,-4,-11;162,18,15;163,-5,-15;165,-13,-7;175,19,-2;182,1,-6;185,2,4;186,-9,-4;195,14,-24
rua||moacir de souza dias|manoel correa|36401183|16,-2065429,-4377676;26,-8,12;45,9,5;50,-23,19;65,16,10
rua||murilo dornelas|sao joao|36404105|20,-2068022,-4378050;30,3,0;40,2,7;50,6,10;60,0,-3;70,10,20;80,1,8;90,11,-3;100,8,18;110,-1,7;126,18,13;136,4,8;145,7,7;154,2,18;155,4,-14;165,-3,7;344,3,40
rua||olevino tolentino duarte|rochedo|36404202|60,-2066706,-4377187;75,-20,51;80,17,-25;102,-40,5;112,-12,-7;122,-10,2;132,-6,-2;133,-6,4;142,0,-8;152,-7,-4;159,-7,0;1700,90,-5
rua||raimundo andrade dornelas|arcadia|36400267|10,-2064484,-4378206;15,63,20;25,-10,1;26,-61,-14;30,-8,2;35,41,-1;40,-49,2;45,40,-2;55,-48,10;60,-4,-2;75,-4,9;80,2,-3;85,-13,7;90,-8,-4;95,-1,10;100,-8,-8;186,102,-34;234,-22,-34;256,-30,6;270,-13,-7;321,-38,-29;340,-9,-18;430,-66,-29;460,5,26;470,7,14;490,8,18;540,26,52;560,4,9;580,1,24;590,7,2
rua||santos dumont|sagrado coracao de jesus|36401250|10,-2064988,-4377044;27,-333,-333;28,11,0;37,-6,1;38,4,6;47,30,-6;48,-14,5;58,0,14;84,18,6;93,4,3;94,5,-2;103,7,8;104,5,6;113,-2,3;114,8,1;122,10,12;123,1,3;132,5,-3;133,-6,2;142,18,6;152,5,7;153,-5,-17;163,6,12;172,9,12;173,7,-5;181,1,10;182,-3,0;187,15,7;204,3,6;205,0,-5;214,8,13;215,4,-11;216,-112,-82;225,116,92;245,3,24;250,4,-14;251,3,4;261,18,11;262,7,-1;271,7,8;272,-5,0;282,4,27;291,11,-22;292,-3,8;301,11,4;302,8,-10;311,-2,2;312,5,12;321,8,-10;322,-12,-8;331,12,26;332,-6,-5;341,35,8;342,-16,1;352,10,11;353,0,-2;357,1,6;361,5,8;362,7,5;372,-1,-4;375,-6,4;382,-11,-2;385,24,7;391,-6,27;392,9,-12;402,1,24;411,-7,-20;423,1,15;429,13,6;431,25,-14;435,-19,20;447,-3,6;457,16,19;479,9,8;488,-1,1;489,-2,4;492,8,-5;497,3,14;498,3,8;510,3,11
rua||sem denominacao|amaro ribeiro|36406398|405,-2069888,-4380989
rua||sem denominacao|cachoeira|36408062|470,-2064700,-4379706;491,16,1;499,5,11;510,-6,-9;542,35,2;554,4,-15;566,7,9;576,16,-13;660,26,-75;668,-257,135;698,265,-105
rua||sem denominacao|jardim europa|36406476|195,-2070656,-4381172
rua||sem denominacao|jk arcadia|36400380|1125,-2064271,-4378154
rua||sem denominacao|novo horizonte|36402178|15,-2066060,-4375406;25,2,7;30,-2,12
rua||sem denominacao|santa matilde|36405165|84,-2068772,-4378585
rua||sem denominacao|siderurgico|36408128|360,-2064328,-4380433;570,-18,-78;590,14,22;700,11,88;805,-39,138;815,-5,3;855,-23,18
rua||sidney moreira dias|rochedo|36404189|15,-2066778,-4377505;22,-1,0;25,1,-13;34,-6,1;35,-6,-9;44,9,-2;45,-3,-22;54,-6,12;55,-7,0;64,9,1;74,-9,-16;84,0,-3
rua||silvio pereira dutra|quinta das flores|36401132|40,-2065930,-4378008;50,12,-15;65,21,-9;90,21,-10
rua||sonia franco dutra|sao jorge|36405254|20,-2069097,-4377835;30,1,15;40,-7,9;45,12,-16;50,-17,21;55,8,-6;60,-9,12;65,9,-5;70,-18,23;75,15,-18;80,-18,25;85,12,-14;90,-11,19;95,7,-11;100,-17,22;105,11,-13;110,-13,23;115,13,-21;125,-9,17;130,-15,22;135,13,-20;140,-14,30;150,-3,4;155,6,-11;160,-15,18;165,14,-11;170,-17,18;175,15,-11;180,-17,17;185,8,-10;190,-10,17;195,7,-8;200,-11,16;215,6,1
rua||virginia de paula dalincourt|real de queluz|36402253|10,-2066828,-4376672;19,1,12;20,-1,-6;30,-2,5;35,-5,12;40,5,3;45,0,5;80,-3,28;85,-1,5;90,-3,6;95,3,5;100,4,8;110,-21,16;126,9,13;130,-1,6;132,-5,2;142,-10,32;145,11,-30;155,4,7;165,6,17;170,3,-19;175,-19,29;205,-1,10;215,0,12;220,-12,7;225,9,9;235,-5,13;240,-4,4;245,3,-8
travessa||julia delfina|centro|36400123|28,-2065568,-4378774;48,16,14;58,2,3;68,4,9;78,10,4;88,5,7;96,4,-4;106,9,13;110,2,6;116,7,-4
travessa||santos dumont|sagrado coracao de jesus|36401250|25,-2065223,-4377335;26,5,-7;36,9,2;44,1,-13;45,-9,-15;55,13,15
