alameda||das begonias|granja das hortencias|36402239|45,-2066523,-4376616;50,-6,2;65,6,11;70,-6,14;75,1,-3;80,-16,26;85,1,5;95,8,-15;160,-31,30;165,-24,47;175,-7,8;180,15,-41;185,-17,48;190,7,-24;195,1,4;200,-2,10;220,-18,13;230,1,6;248,-23,18
alameda||dos buritis|granja das hortencias|36402236|25,-2066334,-4376437;35,-44,15;40,29,-20;66,-21,7;80,-56,-36
alameda||fulgencio borges|areal|36407002|3,-2065706,-4380021;631,-8,-25;641,-2,-3;650,-7,-15;651,-2,1
alameda||gustavo bastos|queluz|36401000|26,-2066902,-4378640;29,2,-22;36,-6,8;39,-6,-18;46,4,9;58,-8,-15;508,5,31
avenida||rotariano aarao bank|campo alegre|36400092|10,-2065791,-4379483;13,10,10;25,9,9;35,5,4;45,9,-9;113,46,11;125,26,5;143,-4,2;155,19,5;201,56,1;221,9,11;231,18,20;241,15,-8;255,8,-13;267,12,15;273,4,-6;277,3,9;281,4,2
avenida||rotariano aarao bank|centro|36400092|1,-2065574,-4379357;2,14,-37;3,34,1;4,-1,22;5,-39,-40;9,-78,9;10,44,-15;11,-28,-8;12,-36,-3;321,163,44;322,-4,-4
estrada||br040|buarque|36409000|25,-2076472,-4379668
estrada||margeando corrego tres barras|tres barras|36400001|48,-2061924,-4382354;61,-9,-6
estrada||pedra branca|pedra branca|36400001|85,-2068388,-4374086
estrada||tres barras|tres barras|36402136|1774,-2061552,-4382052;2036,-10,-49;2060,-2,-16;2070,-1,-21;2090,-3,-22;8670,54,144
estrada||tres barras|tres barras|36402165|26,-2061531,-4382018;29,0,10;55,21,-10;154,-42,-103;1070,19,83;1750,0,0;1754,0,2;1760,1,-2;1774,-20,-14;2002,0,-12;2030,9,-39;2060,-9,-17;2070,-8,-18
estrada||tres barras|tres barras|36406203|55,-2061508,-4382018
extensao||pedra branca|almeidas|36400209|1500,-2066794,-4372734
fazenda||fazenda pedra branca|almeidas|36400209|1100,-2066271,-4373206
fazenda||fazenda pedra branca|rancho mcb|36400209|186,-2065299,-4372996
praca||da bandeira|carijos|36406113|3,-2066652,-4379570;5,-4,-6;18,-3,-32;23,-7,51;35,-21,0;51,-14,5;60,15,-47;65,-23,41;77,-6,-8;86,-20,-26;89,11,36;92,-6,-33;105,-2,45;113,-7,-6;123,21,-3
praca||humberto bhering|santa matilde|36405131|1175,-2067932,-4378772;1205,-15,-26
praca||humberto bhering|triangulo|36405131|1170,-2067907,-4378781
praca||rui barbosa|areal|36407004|15,-2065682,-4380031
rua|diacono|helio bravos|dom bosco|36404489|14,-2069641,-4377168;15,9,10;20,-21,-19;45,-15,1;47,7,0;49,-7,-5;55,-7,-4;65,-17,-8;85,-8,-1;160,-77,-76
rua|doutor|ademar pereira de barros|manoel de paula|36400228|7,-2065237,-4377602;10,1,-15;11,4,14;21,7,-14;24,-10,0;35,9,-9;42,13,-22;52,8,-10;55,1,-7;62,-3,0;65,6,1;72,-12,-18;73,26,-7;77,-8,1;85,5,-2;86,15,-23;119,7,0;159,14,-36;162,-2,8;172,12,-10;175,-5,-6;182,7,-5;183,0,-2;192,7,-10;195,3,-7;199,7,-6;204,-4,5;210,10,-24;212,4,1;218,3,-3;240,0,-4;241,1,0;248,-2,-1;256,10,-27;257,0,18;258,-1,-7;267,24,-6;302,6,-44;324,5,-2;326,4,-14;369,18,-13;378,11,-27;379,-3,25;388,9,-28;400,-6,-18;423,26,-26;433,-6,-3;561,-78,146;677,16,-36
rua|doutor|ademar pereira de barros|museu|36400228|305,-2065077,-4377862;315,0,-17
rua|doutor|joao bernardes|santa cruz|36407333|35,-2064966,-4381058;45,6,-8;65,18,-13;75,10,-7
rua|doutor|victor bhering|angelica|36401033|130,-2066421,-4378458;140,-3,-9;150,-6,-6;178,-2,-26;186,-7,-8;196,-6,-10;210,-3,-6;240,-4,-34;310,-21,-59;320,-3,-16;330,-8,-11
rua|doutor|victor bhering|jardim america|36401033|3,-2066438,-4378343;18,8,-9;21,-5,3;27,4,-13;28,4,6;35,4,-10;38,-3,2;42,3,-9;45,-5,10;50,4,-17;55,-2,2;64,9,-15;74,0,-12;77,3,3;98,3,-18;121,7,-16;131,-15,-30;141,-1,2;151,-8,-25;163,1,-3;173,-9,-3;183,-2,-10;201,6,-20;213,-10,-3;223,-5,-17;235,2,-5;247,-16,-21;313,-9,-34;323,-8,-15;327,-8,-7;331,-4,-13
rua|expedicionario|cicero vieira borba|expedicionarios|36407235|25,-2066661,-4381050;38,-23,-10;44,-14,2;45,15,8;50,26,1;54,-50,-6;65,19,1;75,-1,-3;116,-42,-11
rua|expedicionario|geraldo barreto|expedicionarios|36407234|20,-2066711,-4380978;30,-19,7;40,9,-37;80,-1,-10;90,-2,-8;100,-6,-5;105,-3,-28;116,0,10
rua|marechal|castelo branco|cachoeira|36408092|19,-2065245,-4380191;29,4,-1;87,124,173;93,-92,-120;103,3,14;113,132,170;115,-127,-166;120,91,138;123,-85,-136;128,101,143;133,-92,-124;136,88,128;142,4,1;153,-81,-109;160,104,128;231,-72,-91;241,17,9;245,0,6;275,4,12
rua|marechal|castelo branco|cachoeira|36408146|85,-2065008,-4380219;93,10,23
rua|marechal|castelo branco|siderurgico|36408092|40,-2065234,-4380189;50,-5,13;52,21,1;60,-3,3;70,-3,17;80,0,7;92,12,16;106,7,4;118,1,7;124,3,-1;138,12,10;142,1,15;150,1,-2;152,3,3;234,43,68;244,-3,0;254,24,4
rua|monsenhor|barreto|moinhos|36404340|1845,-2067833,-4376545;1875,-10,13;1905,-10,23;1915,-2,5;1925,-8,19;1965,-13,39;1995,21,-63;2045,-26,40
rua|monsenhor|barreto|santa maria|36404340|1125,-2067826,-4377174;1145,15,38;1174,-12,-27;1175,16,31;1180,-10,-14;1182,4,8;1232,14,30;1245,11,63;1246,-8,-53;1254,-1,4;1255,16,61;1260,-15,-54;1264,5,2;1274,2,9;1280,-7,14;1284,9,12;1314,-5,14;1324,12,10;1334,9,8;1344,-8,2;1354,-6,15;1355,19,77;1364,-19,-62;1380,10,22;1404,1,17;1414,6,1;1424,5,14;1434,-9,8;1444,13,20;1454,-2,2;1464,0,3;1465,-12,12;1474,9,13;1500,17,20;1502,-5,0;1504,6,0;1506,-3,17;1510,9,4;1514,0,18;1524,-3,2;1525,-12,-40;1534,18,53;1545,0,-22;1550,3,31;1585,3,15;1609,-3,30;1610,1,-11;1615,-4,15;1635,0,23;1640,-15,-4;1645,6,4;1650,-7,6;1660,-9,-1;1670,-7,13;1680,5,9;1690,-5,12;1695,-4,11;1710,-2,-1;1720,-3,18;1730,-7,11;1750,3,-44;1760,-18,74;1770,-11,21;1780,-37,-9;1785,34,6;1830,-24,50;1860,-13,27;1880,-8,11;1890,1,16;1900,4,-24;1906,-10,28;1910,0,14
rua|monsenhor|barreto|sao joao|36404133|2,-2067470,-4378029;3,-1,6;5,-7,1;15,-11,16;25,-9,7;46,-4,-7;51,-25,-21;55,14,33;56,-1,3;66,-8,5;75,-4,3;76,4,-4;86,-4,-1;326,-166,128;336,5,-5;346,-9,18;356,-17,5;359,-11,25;360,0,-24;366,1,8;371,-5,15;405,-20,20;419,-18,5;429,-16,14;439,-3,0;445,-10,16;455,-4,4;456,122,-113;473,-131,119
rua|monsenhor|barreto|sao joao|36404300|95,-2067541,-4377969;96,0,1;105,-10,-5;106,1,8;115,-5,6;116,0,-2;125,-11,2;126,-3,-4;135,-1,10;136,-1,-3;145,-9,7;146,-1,2;173,-23,13;185,-4,1;197,2,18;198,-11,-11;209,-3,9;210,-5,6;213,3,3;219,-1,-2;220,-10,4;229,-3,2;239,-6,4;241,3,10;242,-2,-10;255,-14,12;256,4,0;265,-3,1;271,-12,2;357,-185,147;365,7,7;412,68,-63;432,-6,10;438,-4,3;446,-10,13;523,-61,44;533,10,13;543,-19,-4;553,5,9;565,-16,1
rua|monsenhor|barreto|sion|36404133|516,-2067828,-4377724;526,-13,4;536,-21,3;600,-31,34;610,-10,21;620,-4,8;640,-19,-13;650,11,35;660,4,7;670,-3,9;680,-3,7;690,-10,4;700,7,12;710,-2,2;718,-6,11;720,8,-1;724,-10,7;730,7,-2;740,3,16;750,-3,12;760,0,12;770,8,6;790,-2,18;800,-10,9;810,2,11;840,9,27;844,0,23
rua|monsenhor|barreto|sion|36404300|587,-2067889,-4377678;627,-25,65;637,-4,15;689,1,5;825,6,105;835,1,12;861,-7,47;871,23,16;909,1,13;910,-7,3;919,5,15;920,0,-2;931,1,17;940,1,2;947,3,1;966,-13,20;967,12,-6;976,0,23;977,4,-15;987,4,19;1000,-1,12;1022,10,18;1042,-8,23;1076,26,44;1082,-3,-1;1092,15,4
rua|professora|isabel bastos|parque das acacias|36408899|10,-2066386,-4380358
rua|professora|isabel da silva bastos|parque das acacias|36407072|75,-2066380,-4380413;105,4,-21
rua|sao|benedito|santa matilde|36405160|113,-2068695,-4378782;120,-2,0;123,4,3;140,0,8;165,9,33;166,-3,0;175,9,-4;180,-7,26;183,-6,-5;201,18,7;209,-3,11;210,2,-5;219,-1,3;250,-1,29;262,3,17;263,20,-1;269,-4,6;270,-10,0;279,4,9;280,5,-7;282,-2,12;283,-4,-3;294,5,7;322,-5,35;333,8,13;343,6,9;782,-47,-203;806,15,78
rua|tenente|brandimarte|albertina|36401075|2,-2066237,-4378004;4,27,-12;12,1,0;13,-8,21;18,59,-26;19,-57,-9;28,18,-7;42,-4,-13;52,-4,1;66,16,-19;76,21,-9;86,-7,-2;92,-2,-8;98,1,1;106,-3,-5
rua|tenente|brandimarte|jardim america|36401075|37,-2066200,-4378045;47,0,-13;53,1,-8;77,18,-30;83,0,2;99,9,-16;105,0,0;120,24,-24;124,-7,-5;151,10,2;153,1,-9;156,6,2;160,5,-5;165,-11,-3;174,20,-9;183,-1,-7;184,-12,-9;194,12,0;195,-2,0;200,21,-11;210,-9,-2;211,-11,16;220,-3,-24;221,18,-4;231,0,-8;241,12,7;245,-7,-5;251,-1,-17
rua|vereador|geraldo bittencourt|chapada|36401162|247,-2065526,-4378076;256,16,-1;258,-6,15;263,0,2;268,-1,4;271,-5,7;278,10,7;279,-8,-4;284,11,11;287,-11,1;289,5,13;294,0,-1;297,-1,14;302,-4,-5;303,35,29;312,-28,-23;327,30,19;334,6,10;345,10,15;351,-9,-1;354,5,-11;360,10,10;370,-1,7;372,-3,10;382,4,12;404,8,11;436,-143,-240;446,158,255;456,17,-3
rua|vereador|geraldo bittencourt|museu|36401162|77,-2065509,-4378181;207,2,59;209,-6,6;210,-1,-8;218,7,29;367,51,154;379,-2,0;397,15,12;407,2,16
rua||adalgisa avelar bastos|morada do sol|36400373|10,-2064028,-4378338;30,-1,0;38,-22,5;40,0,6;50,-16,4;60,0,-3;70,-13,4;80,-6,0;100,-22,7;110,-10,5;125,-22,-1;160,-28,-5;170,-6,2;175,-2,2;180,-2,-2;190,-38,-8;195,34,7;200,-14,-7;205,7,0;215,-10,1;220,-53,162;235,39,-159;240,-15,-8
rua||albertina ramalho braga|barreira|36407363|12,-2065552,-4381633;50,6,-15;66,14,-12;72,8,-12
rua||albertina ramalho braga|santa cruz|36407363|11,-2065556,-4381643;27,9,-17;65,5,-6;77,14,-7;85,6,-15
rua||alberto balbino|rochedo|36404201|6,-2066629,-4377332;12,17,10;15,-16,3;20,9,9;25,-2,5;30,6,2;35,-6,1;38,13,4
rua||aldagisa avelar bastos|morada do sol|36400373|5,-2064030,-4378338;15,-4,3;25,-5,11
rua||antonio albuquerque brandao|centro|36400065|10,-2066065,-4379048;20,-12,5;25,1,-4;28,10,1;34,-55,-20;35,4,8;45,13,3;48,6,-1;58,1,-1;60,-2,0;61,272,6;71,-291,-8;72,10,-2;76,-12,-3
rua||antonio bento|amaro ribeiro|36406397|46,-2069738,-4380845;50,23,14;55,-20,-19;56,-28,32;57,29,-40;59,6,-7;65,3,1;66,20,-61;74,11,85;1072,-122,-661;1090,-26,-2;1230,-78,-151;1310,2,2;1330,-1,-1;1350,-2,0;1825,-378,-24;1835,5,2;1900,-134,-120;1950,38,183;2000,-137,-62;5100,-274,-383
rua||ari belizario|siderurgico|36408125|38,-2065091,-4380420;43,-5,-15;53,-11,-5;60,-2,8;63,0,-6;71,-25,10;80,9,-18;83,-5,-10;95,-10,-12;97,6,-2;100,15,-7;101,-21,-1;111,-18,-5;114,37,-32;121,-31,29;122,-11,7;130,-2,-15;131,-3,-6;141,9,14;160,-25,-21;170,-13,-9;190,-1,-11;195,-14,-1;263,13,-54;280,25,0;293,-23,-3;296,10,-11;297,-10,-2;303,-4,13;306,12,-19;313,-7,12;316,3,-26;321,2,11;323,-24,-17;326,25,-2;329,-12,-10;336,16,4;346,-7,-16;349,4,-2;356,0,-14;359,-4,6;656,5,150
rua||aristides dutra barbosa|arcadia|36400243|10,-2064988,-4378074;11,13,7;23,1,9;30,14,4;35,-5,2;40,6,6;42,1,-1;44,7,3;45,11,4;60,-6,0;80,18,19;81,2,-25;91,9,26;105,3,5;120,0,10;121,8,-2;129,8,9;130,-3,-3
rua||arthur bernardes|albinopolis|36404046|26,-2066970,-4378527;36,29,13;46,-9,-1;501,52,-116;519,-9,5;531,-18,11;541,-8,1;557,-11,19;563,12,-8;571,-23,22;575,-19,32;581,0,0;597,18,-29;599,-11,10;605,-2,16;615,-3,6;625,-1,4;639,0,10;641,-11,8;651,-10,9;665,-6,10;675,0,0;681,-2,4;685,-1,-1;687,-5,5;711,-24,9;719,-1,15;727,-24,10;729,15,7;733,-5,-8;735,-42,29;757,13,-15;763,13,-9;775,-23,14
rua||arthur bernardes|sao joao|36404046|528,-2066953,-4378584;612,-12,36;620,-11,6;632,6,10;640,-10,3;650,3,5;668,-17,15;678,-11,2;684,4,3;688,-10,5;694,0,1;696,-1,6;698,-2,0;700,-3,0;702,-1,2;704,-13,4;716,8,6;726,-4,8;730,-17,9;736,-19,15;748,15,-2;750,-8,7;756,-8,-3;762,-6,-1;773,-1,46;776,-6,-37;786,-3,4;796,-10,5;798,-8,3;818,-6,-3;840,-22,-5;847,3,5;848,-10,11;856,4,6;873,-29,-7;877,-9,10;880,12,-2;883,-94,81;886,97,-83;888,-9,12;889,4,8;890,-7,-7;893,-16,-4;894,0,-18;898,7,15;908,-2,19;919,-21,-8;922,-9,-2;923,-1,2;928,6,11;929,-7,-15;932,5,20;933,-15,-17;940,11,17;945,-14,-7;948,-1,14;949,-1,-2;958,-8,2;959,6,-9;967,-5,-5;968,-10,2;977,2,10;982,-11,5;983,-9,16;990,13,-2;999,-20,-3;1000,12,17;1008,6,5;1009,-28,-14;1015,3,-5;1018,-6,13;1019,-6,12;1030,-15,-12;1031,14,-6;1042,-4,23;1043,-6,-16;1050,-8,-5;1055,6,10;1056,-3,8;1065,-9,5;1069,-8,3;1078,-7,17;1085,-2,-10;1089,-4,12;1090,1,-4;1095,-4,-3;1100,-2,11;1103,-11,-14;1117,2,5;1130,-12,3;1131,-4,-3;1134,-10,-18;1138,-8,7;1144,-9,18;1146,-4,-2;1148,13,1;1150,-11,0;1158,-1,-2;1160,-15,-3
rua||aurora bellavinha|bellavinha|36401309|3,-2064565,-4376729;4,-7,-26;5,7,23;20,-3,-7;25,-129,-195;32,140,173;36,-13,-2;41,1,-16;42,19,-3;51,-26,-8;52,0,6;67,2,48;68,-7,-64;78,-5,-9;87,1,-10;88,1,4;97,-14,-4;102,14,-10;112,-10,2;115,8,-10;122,-1,-9;145,-9,-6;155,20,-38;168,-27,-7;175,-11,7;176,20,18;185,-39,-40;186,30,11;195,-13,-28;205,4,-9;206,12,1;216,-33,17;217,8,-21;226,-3,-2;229,-19,3;231,7,-10;236,8,0;516,-51,2;528,19,0;537,10,-10;547,8,4;549,-1,-5;661,52,107;879,-93,-114
rua||bahia|jardim america|36401048|12,-2066444,-4378255;22,-15,3;30,6,21;34,-16,-10;37,15,10;43,-3,-3;47,4,3;54,-11,17;57,8,3;61,3,141;64,-1,-136;74,-1,16;84,0,2;87,-3,5;94,-4,9;97,8,10;108,-9,-1;121,12,47;122,-11,0;131,16,8;132,-4,4;136,-12,-38;144,4,16;146,-6,29;171,4,-1;176,4,73;181,4,-61;193,-2,31;194,-5,5;202,1,13;212,-8,4;223,47,21
rua||bandeirante|buarque|36409000|2,-2073366,-4379292
rua||barreto|siderurgico|36407008|1,-2065584,-4380229;2,16,-8;7,0,-5;12,7,4;20,-3,-5;28,15,2;34,-6,-2;44,12,-10;47,-8,-31;52,8,25;55,-2,-32;58,11,29;64,-6,-15;70,4,1;74,-1,-3;78,-1,-3;86,-5,-4;94,8,-18;104,6,-1;118,-3,-12;128,-2,-16;136,59,3;139,34,23;146,-89,-40;160,1,-8;172,6,-14;174,-3,-1;180,6,-14;188,2,-1;198,6,-10;210,24,-7;214,-15,-7;224,4,-7;230,1,-7;240,-4,-14;242,7,-2;246,-3,5;258,0,-4;264,-1,-17;267,4,-15;271,0,-13;275,2,-8;279,2,-32;280,0,67;281,1,-65;290,-1,37;320,-4,-13;343,6,-63;353,4,-11;363,3,-18;405,-6,-46;503,-26,303
rua||basilio bianchetti|santa clara|36404289|20,-2067720,-4376865;50,37,18;53,0,-10;55,15,7;56,1,-1;60,10,8;65,-2,-1;80,11,5;85,0,6;90,18,0;95,-14,-3;105,19,3;120,9,9;130,11,7;1525,-125,-55
rua||beatriz|santa matilde|36405105|26,-2067598,-4378445;30,0,-8
rua||beatriz|sao joao|36405105|7,-2067602,-4378465;15,9,2;27,-7,19;37,-7,19;90,-11,27;100,-5,15;109,-1,16;116,3,-3;119,-5,7;125,-1,8;135,-4,13;136,4,-21;142,-1,9;146,1,12;148,0,1;149,-6,8;156,5,5;166,-6,11;176,-6,3;250,32,-107
rua||belem|santa efigenia|36400187|30,-2064691,-4379300;255,-35,-2;260,31,-5;261,-9,10;276,8,-2;307,31,-3;317,8,1;329,16,-5;339,9,11;349,-6,4;359,6,-6;369,11,26
rua||belvedere|queluz|36405052|50,-2066594,-4379288;64,-24,12;65,0,2;76,-165,42;79,155,-32;86,-177,25;94,128,-4;95,49,-9;107,-19,-10;120,-43,14;121,33,-1;130,-11,-1;131,6,8;151,-24,-2;152,1,1;164,-9,10;195,-30,-2;215,-18,0;216,2,12;226,-13,1;227,1,-17;274,-37,12;277,-3,-3;287,-11,0;288,7,-1
rua||benedito firmino braga|lima dias|36408342|25,-2063986,-4379586;35,1,-3;45,-14,-20;75,-18,-16;225,-161,-29;285,-52,3;295,-21,1;315,-21,-6
rua||brasilia|museu|36400219|15,-2065186,-4378015;25,2,-13;26,2,11;36,12,17;46,-11,-38;76,23,-12;96,6,-10;106,11,-9;107,-9,-5;116,4,0;117,9,-6;126,2,-2;127,-4,-5;152,16,-25;161,3,-7;162,3,-2;171,5,-6;172,3,0;182,6,-12;235,28,-28;245,4,-11
rua||brasil|angelica|36400037|178,-2066231,-4378537;182,8,3;188,1,15;192,-9,-16;202,-12,12;218,-1,16;226,-36,21;228,25,-8;230,-34,15;238,35,-11;240,-38,23;250,11,6;260,-20,2;270,-1,14;280,-15,9
rua||brasil|centro|36400037|11,-2066114,-4378643;12,6,1;16,0,2;22,-6,4;23,0,-2;26,-9,5;30,-4,3;33,-12,2;40,5,3;43,-11,4;53,-1,11;54,10,-6;64,-7,8;73,-20,-2;74,17,5;83,-15,1;84,8,2;94,-17,5;97,3,0;107,-1,7;108,-2,10;114,-8,-1;117,-12,0;127,-8,7;135,-2,8;138,4,-6;143,-5,8;191,-34,23;193,-9,2;201,4,6;211,-8,13;219,-7,2;227,-2,0;237,-9,18;257,-36,55;267,-1,3;277,-10,6;293,-5,8
rua||caetano braga|fonte grande|36405022|15,-2066448,-4379246;21,6,2;32,6,15;35,4,-4;42,-2,11;45,0,-9;52,8,13;62,6,8;65,-2,3;72,13,4;75,20,8;100,-2,0;110,16,-5
rua||carlos diogenes baeta|paulo vi|36406153|1,-2068259,-4379478;3,1,-7;11,-1,-15;13,3,-3;23,-2,-17;31,3,-7;33,3,-7;41,-2,-11;51,-4,-10;53,-3,-4;61,-527,-81;63,529,61;101,-1,-19
rua||celia de souza braga|lima dias|36408348|20,-2063868,-4379614;35,-18,19;61,-12,2;73,-7,5;83,-12,6;111,-12,4;130,-25,9;131,12,2;141,-26,15;150,-42,13;161,32,-8;166,-20,3;175,5,0;180,-13,8;185,0,4;195,0,4;230,-32,8;240,0,13
rua||claudionor bruno|sao joao|36404072|32,-2066873,-4377655;35,-9,7;42,-4,5;52,1,-1;55,-4,0;62,-5,8;65,-1,0;72,-11,1
rua||da forca expedicionaria brasileira|queluz|36405046|245,-2066796,-4379004;255,-9,-12;262,-8,10;265,-2,1;271,-10,5;272,0,-9;278,-3,6;281,-15,2;282,12,-3;288,-11,1;291,-8,-8;300,6,4;303,-15,-1;306,5,4;315,-24,3
rua||diaconiza luci bravos|funcionarios|36404256|85,-2067504,-4377187;87,0,0;91,3,-14;150,-44,62
rua||diaconiza luci bravos|funcionarios|36404259|30,-2067476,-4377262
rua||domingos alves baeta|centro|36400025|73,-2066343,-4378722;75,-6,-3;101,0,30;105,0,0;115,-3,15;125,2,5
rua||domingos alves baeta|centro|36400028|50,-2066337,-4378750;58,14,3;60,-18,18;70,1,-4;80,-4,10;90,6,10;100,-1,17;110,-8,6;120,-4,8;130,2,-1
rua||domingos borges|carijos|36406088|40,-2066849,-4380048;47,8,-17;50,-11,5;60,-13,-12;67,-2,-4;70,-8,-3;80,-1,-9;87,-7,-3;100,-17,-8;101,-5,-1
rua||eduardo biagione|alvorada|36407043|10,-2065816,-4380431;27,-11,13;47,-20,-17;50,43,-2;51,11,-15;55,28,-137;60,-27,132;61,3,3;63,37,-123;65,-5,-7;70,-22,122;75,16,-58;79,23,-48;80,-38,109;83,-2,-7;85,45,-99;90,-35,99;95,27,-75;100,-26,74;105,21,-16;110,-16,14;115,34,-67;120,-27,63;125,20,-17;130,-19,19;140,9,-10;150,6,0;160,6,-6;200,22,-33
rua||elsa carvalho bruno|lima dias|36408346|561,-2063940,-4379636
rua||elvino bittencourt|sao joao|36404073|15,-2066895,-4377701;16,7,-11;25,-11,22;26,-3,-14;33,-27,-5;43,4,13;50,9,-5;53,-7,9;63,-6,10;64,-4,0;94,-24,16;95,13,-12;104,-13,24;105,-9,-3;110,9,1;114,-7,7;115,-8,-6;124,-10,4;125,11,6;130,-8,-1;134,-3,4;135,-4,-1;537,40,-28
rua||elzon de barros|jardim monte verde|36404258|15,-2067533,-4377262;35,13,9;65,39,41;75,21,13;80,-52,-29;120,26,22;122,7,1
rua||fany andreone barbosa|real de queluz|36402246|10,-2066748,-4376665;11,24,10;20,-9,14;30,2,3;35,1,9;40,3,-1;41,1,-2;50,-9,9;51,12,10
rua||ferreira barros|bellavinha|36401313|20,-2064755,-4376881;266,32,2;402,-52,-128;416,-5,-26;428,5,27;430,-6,7;436,7,1;438,-6,-16;440,11,39;446,13,-8;448,-2,13;458,4,11;466,2,11;471,2,5;476,14,13;483,-5,-5;488,-12,19;493,8,-3;503,8,12;504,-7,-5;509,6,15;515,5,-8;519,3,17;528,-17,-12;540,8,4;546,4,14;559,9,17;569,11,5;579,-2,9;580,-10,1;590,10,16;599,4,6
rua||francisco barbosa|satelite|36408273|80,-2063897,-4380763;310,-12,11;327,-7,4;328,11,-5;337,-12,-7;361,7,13
rua||francisco l de barros|manoel correa|36402025|15,-2066191,-4377934;25,17,1;26,-3,1;29,0,6;36,8,5;51,5,9;57,8,5;64,-8,5;65,18,5;74,-10,-1;80,26,35;85,2,8
rua||geraldo baeta barbosa|copacabana|36406383|15,-2069724,-4380518;40,-67,4;56,37,0;60,21,-3;82,-13,-7;92,15,1;103,-35,3
rua||gilberto gomes de barros|bela vista|36402288|10,-2067250,-4376243;20,7,17;30,-3,0;40,-2,21;50,2,-1;60,2,9
rua||gilberto gomes de barros|moinhos|36402288|15,-2067247,-4376244;25,6,11;35,-3,5;45,0,0;55,0,30
rua||honorina baeta|sao sebastiao|36406014|19,-2066097,-4379809;29,-15,-5;40,12,5;81,-18,-12;89,-9,-10;97,-4,-4;105,-2,-8;113,-6,-5;121,-16,-13
rua||hudson sebastiao andrade barros|sagrada familia|36404423|55,-2068285,-4376547
rua||hugo do amaral bhering|santa matilde|36405161|6,-2068793,-4378660;21,12,9;22,-3,1;31,4,13;34,-3,2;41,7,9;44,-2,7;51,-1,6;54,5,-3;61,-2,6;64,2,11;91,4,24;114,12,27;121,-7,-12;124,2,17;131,-7,10;141,12,-2
rua||jair bianchette|santa maria|36404349|5,-2067846,-4377033;10,-6,-8;15,10,21;20,4,-4;25,-3,3;30,2,-2;35,4,14;43,-53,461;49,51,-451;56,0,-1;65,6,12;75,-2,0;85,6,19;95,5,3;98,-7,10;105,3,-2;108,2,10;115,5,1;118,3,3;128,-2,19;140,-1,6;150,5,9;151,-11,-44;155,10,56;160,4,-4;165,9,14;170,-4,-8;171,0,8;180,-1,8;190,1,12;210,9,20;220,-1,12;230,5,12;245,3,-2;253,11,17;256,-7,2;257,-3,-9;263,-3,14;273,6,22;283,0,0;286,2,16;296,-9,15;307,6,-8;317,-2,20;330,-9,7;340,1,10;347,3,4;357,-17,11;360,-1,7;370,24,-21;375,-22,26;380,-2,11;381,6,-8;390,-15,12;395,4,-2;417,-9,22;450,-21,25;460,-2,9;465,3,2;470,-13,2;475,9,2;480,-9,9;485,1,5;490,-1,3;495,1,4;500,-8,4;505,4,3;510,-9,9;527,-5,18;540,-9,1;547,2,14;560,-11,2;567,2,18;587,-13,18;589,-3,15;607,-2,1;615,-3,14;620,-2,-5
rua||jesus baeta|sao dimas|36407099|25,-2066946,-4380515;37,-12,4;40,-1,4;90,-10,34;100,2,5;110,-5,10;130,-6,22;136,26,-52;139,-34,69;140,1,-1;150,-3,16;159,0,-3;169,-4,16;190,-23,33;430,36,-69
rua||joao augusto batista|sao lucas|36407268|10,-2066148,-4381569;25,-18,4;27,-4,4;30,-4,-11;45,-19,3;140,-111,-14;160,-14,-3;225,-98,32;235,-10,7;240,17,-8;245,-27,11;247,-7,2;249,-5,0;260,178,-37
rua||joao barbeiro|morada do sol|36400368|6,-2064016,-4378570;20,-2,-14;21,-15,-12;22,6,18;29,0,-12;35,2,3;39,2,6;40,-7,28;45,8,-21;49,1,-2;55,-2,8;59,0,4;65,-2,9;75,7,-1;79,2,6;85,0,3;87,5,6;90,1,9;95,-3,-3;105,7,11;115,-1,3;129,13,15;135,-3,1;150,-4,34;155,3,-5;160,-5,8;165,9,-1;167,0,5;170,-1,9;175,0,-8;180,0,16;184,5,-4;190,-1,15;195,11,5;200,-1,3;205,0,-1;206,4,-2;210,8,-2;214,0,-1;220,-10,15;226,-2,5;250,9,31;260,4,4;270,1,9;276,-1,6;310,-1,32;320,11,13;330,3,7;336,-4,0;370,-1,18;380,9,8;386,9,8;390,1,1;396,-1,4;400,7,3;410,-4,6;420,-3,6;422,0,3;426,-2,6;428,2,3;430,2,10;450,11,18;460,13,5;470,4,24;475,-10,-5;485,0,7;505,7,32;509,2,5;512,5,9;515,0,0
rua||joao venancio batista|chapada|36401165|30,-2065573,-4377962;35,-13,3;53,39,-21;63,6,-7;73,9,3
rua||jose antonio belchior|lourdes|36408001|15,-2065676,-4379870;25,2,0;35,16,9;38,0,-1;42,9,7;51,-2,5;54,-4,2;57,4,1;64,2,6;67,6,12;74,3,-4;77,3,5;84,-2,-4;90,-24,37;93,25,-20;94,4,10;98,4,4;105,2,-4;108,0,6;114,1,0;115,6,-1
rua||jose boaventura bandeira|dom bosco|36404483|60,-2069594,-4377244;85,-132,-179;135,784,230;145,-764,-132;185,178,2
rua||jose de souza braga|lima dias|36408360|20,-2063606,-4379664;25,-12,0;35,8,-4
rua||jose de souza brandao|sao joao|36404090|75,-2067299,-4377943;85,-11,9;92,-9,5;96,-53,34;107,-16,13;111,68,-48;113,-27,18;115,11,0;117,-53,34;122,49,-34;132,-10,0;137,-59,42;142,54,-34;163,-13,8;164,-6,2;173,0,3;174,-2,6;186,-10,8;190,1,-3;191,-7,2;196,0,3;205,-8,-3;206,1,4;216,-8,9;225,-10,1;226,8,-1;232,-10,0;235,-9,3;240,5,5;249,-13,-2;250,8,5;259,-7,2
rua||jose oliveira bruno|sion|36404301|15,-2067896,-4377423;45,27,11;54,3,4;57,0,1;63,1,10;64,-1,0;71,13,3;80,0,3;81,-2,5;104,10,17;357,3,22;360,-6,5;365,0,5;369,1,1;375,-3,6;1025,-16,10
rua||juca barbeiro|paulo vi|36406192|12,-2068820,-4379139;32,-6,-32;33,9,9;42,0,-17;43,-4,10;52,-1,-17;53,-3,0;62,7,-19;63,1,11;72,-2,-18;73,10,6;82,-3,-20;83,-10,12;92,-1,-25;93,4,17;102,-5,-30;103,3,19;112,3,-40;113,-4,17;114,3,-19;121,-8,-9;122,8,1;124,2,-9;130,-4,0;133,-3,17;134,1,-20;142,1,-17;143,0,16;144,2,-26;152,-1,-3;153,-3,22;154,1,-28;162,0,-5;163,-2,18;164,5,-27;166,-6,71;172,3,-75;173,-5,20;174,4,-29;182,11,-4;183,-13,17;184,2,-25;190,-9,241;192,24,-247;193,-15,24;194,3,-34;203,-5,120;213,-3,-113
rua||mario ubirajara brandao|oscar correa|36408379|105,-2064372,-4379237;125,12,-14;145,16,-16;155,1,-13
rua||moacir furtado braga|sao jose|36404395|55,-2068026,-4376093;100,-35,66;120,-23,59;125,21,-37;140,-10,3;230,-41,96;231,10,-9;233,0,7;260,-20,27;265,4,11;288,-16,19;289,12,32;309,-10,-24;310,-4,6;316,-4,10;334,-13,15;349,1,14;354,-3,-1;374,-6,17;379,-1,11;384,3,-3;389,-6,10;396,-7,-6;406,1,12;414,-9,8;419,-7,33;434,1,-17;455,0,32;465,-1,10
rua||monte branco|santa efigenia|36400184|9,-2064943,-4379217;56,25,-46;76,4,-15;85,8,-15;86,4,9;95,-4,-16;100,8,2
rua||monteiro de barros|quinta das flores|36401129|20,-2065868,-4378163;25,139,-97;29,-5,9;39,-13,1;51,-3,9;71,-24,5;75,-3,2;149,-55,38;177,-14,12;189,-19,2;193,-2,16;221,-2,11;229,-2,16;239,-9,1;243,-10,1;249,-2,10;255,-9,7;263,5,2;265,-2,10;275,-14,-7;289,-3,8;295,1,11;307,-11,8;321,-13,8
rua||monteiro de barros|santo antonio|36401129|28,-2065739,-4378245;84,-43,22;124,-31,81;156,-19,-55;158,-8,-1;170,-6,24;180,-10,-12;230,-16,49;248,15,-7;254,-38,4;264,9,53;278,-44,-31;284,10,18;290,-2,1;302,0,18;308,-11,-5;320,-9,15;330,-4,-4;340,-13,10;354,-9,-12
rua||nair vieira barbosa|sao dimas|36407129|594,-2067100,-4380882;595,1,-3;605,10,-1;610,-6,-4;625,14,-22;647,13,-9;648,-4,-5;658,9,-12;667,1,-12;679,11,0;710,-121,163;746,146,-185;790,44,-51;796,4,-5;800,8,-10;805,0,7;887,-39,45
rua||nozinho bittencourt|satelite|36408260|35,-2063484,-4380937;40,-10,-7;45,-1,11;48,-67,40;55,73,-47;65,-16,8;120,-31,31;130,-9,10;169,-34,31;170,-2,3;175,-6,11;180,-3,-1;181,1,2;189,-3,6;190,-12,-3;200,-3,9;205,-5,15;210,-7,-3;255,-32,39;265,-5,-6;270,5,-12;271,-6,17;290,-4,-1;304,190,-171
rua||olavo albuquerque brandao|quinta das flores|36401130|2,-2065981,-4378022;15,16,5;20,-1,-6;25,0,14;55,1,11;65,-2,18;89,-3,23;105,-1,19
rua||olavo de albuquerque brandao|manoel correa|36401130|8,-2065960,-4378039;20,0,9;30,-6,12;44,1,20;64,-2,22;78,2,5;92,-1,15;104,0,6
rua||olga bhering|santa matilde|36405129|348,-2068304,-4378681;349,5,8;360,-4,-2;361,9,8;370,-5,8;382,-10,-26;385,12,40;411,2,-2;423,13,45;428,-19,-44;434,12,53;435,-1,17;447,11,-1;448,-14,-41;461,9,7;481,-4,-6;490,5,37;501,9,48;530,-5,-15;535,15,48;544,-4,-7;554,8,19;564,1,21;585,8,30;596,0,3;606,2,7;607,-2,6;616,8,9;626,1,18;638,3,3;647,-5,19;648,2,-6;657,-3,7;658,6,7;664,11,9;665,-6,-1;675,1,10;676,6,-2;679,-4,-2;680,0,11;690,-2,4;698,1,12;717,11,-5;720,-4,69;727,2,-36;730,-3,-11;737,9,21;740,-4,-6;755,26,28;756,-18,-11;760,-1,8;762,-4,-15;780,2,23;788,3,21;789,-1,-7;795,11,26;798,-6,-12;805,6,12;806,0,1;808,-2,-6
rua||olga bhering|santa matilde|36405151|10,-2068355,-4379021;26,-5,18;27,-13,1;36,13,10;37,-11,-5;46,11,16;47,-2,-9;56,6,17;76,-6,9;80,8,14;84,-4,16;85,-1,-10;106,4,18;107,5,0;112,4,7;118,-4,6;119,-1,-11;157,8,43;159,1,1;162,8,8;166,-1,2;167,-4,-4;171,6,5;174,-2,11;181,3,16;186,-9,-6;196,2,4;218,11,19;223,-10,5;232,10,7;233,1,2;240,7,10;241,-6,-3;246,10,10;251,-5,10;252,5,-1;281,4,36;282,0,-17;285,2,22;286,-7,-31;290,0,16;292,2,29;295,8,-4;302,-9,17;303,10,-7;312,-2,11;313,0,-10;403,-9,-33
rua||osvaldo lopes barbosa|moinhos|36402272|90,-2067400,-4376921
rua||ouro branco|paulo vi|36406332|25,-2068896,-4379115
rua||ouro branco|paulo vi|36406333|10,-2070424,-4379515;125,183,126;160,406,23;190,-362,-72;205,-9,6;240,43,-68;260,-261,77;270,-86,-16;400,296,-157;435,-418,202;450,395,-222;488,-560,86;515,524,-85;565,-93,-25;574,35,-40;777,-220,-92;810,4,-16;865,-33,12
rua||pau brasil|nossa senhora da guia|36405234|15,-2068880,-4378001;20,5,-8;25,-13,6;40,-1,-1;45,-5,7;50,2,-8;55,0,19;60,7,-7;70,-18,1;80,-10,-7;90,-1,10
rua||paulina biagioni|jardim america|36404033|32,-2066754,-4378076;52,-28,23;62,0,14;71,-10,18;82,-8,-8;94,-14,20;106,-2,-2;118,-8,5;130,-6,16;152,-18,17;164,-3,7;175,-10,17;176,2,-7;191,2,40;192,-13,-30;215,-13,30;218,3,-10;513,50,-58
rua||pedro bellavinha|bellavinha|36401303|3,-2064537,-4377101;4,19,-33;9,0,70;10,-34,-145;12,12,116;13,24,38;14,3,-90;16,-37,-62;19,21,162;20,-1,-46;22,14,48;24,-4,10;25,-4,3;26,-4,-54;27,2,63;28,2,-7;29,3,8;31,4,-2;40,-7,3;45,-2,24;60,7,-10;65,7,40;66,-21,-140;70,11,120;80,6,-2;90,-1,24;96,4,-3;100,-1,-3;110,1,17;115,8,15;120,-3,-10;132,12,11;138,-36,-180;148,19,195;156,13,14;168,-4,-5;178,8,23;191,4,-10;200,2,17;201,-1,-6;208,5,21;211,1,-12;221,-7,11;231,10,16;232,0,5;239,4,2;246,-3,3;249,12,1;255,-8,9;262,-4,11;265,8,3;270,1,22;275,4,-18;295,3,18;296,-1,2;299,1,4;300,-3,30;305,8,-18;315,3,6;325,1,8;335,2,15;1970,-116,-474
rua||pedro brandao|sao goncalo|36408899|20,-2065611,-4384793;40,15,-54;50,-68,66;59,8,24;76,-8,1;110,-17,17;290,97,-140;300,0,0
rua||quintino bocaiuva|carijos|36405147|3,-2068184,-4379267;4,-11,0;5,-34,4;6,-38,4;7,-15,-2;8,-7,4;9,-8,-1;10,-12,-4;11,-3,2;12,-10,1;14,-12,0;16,-11,1;17,-7,-4;18,-10,1;19,-11,0;20,-7,11;21,-12,-9;22,-10,-2;23,-15,9;24,-14,-1;25,-6,-5;26,-19,3;27,10,-1;31,-27,0;90,211,-4;95,127,-18;145,-152,26;365,-79,0;395,-216,64;399,163,-63;495,-119,27;505,-24,23;555,-36,41
rua||raimunda gomes barbosa|funcionarios|36404275|20,-2067826,-4377488;22,19,-112;35,17,17;42,-18,9;45,-3,0;51,3,11;52,0,5;61,-2,-3;65,-1,24;72,-4,3;80,-3,16;85,8,-10;95,-9,15;100,-3,9;115,2,12
rua||roberto c barbosa|sion|36404334|26,-2068058,-4377005;35,3,1;36,1,6;45,10,7;46,-5,-8;55,11,16;56,-13,-2;59,17,1;60,-18,8;62,3,3;66,7,-12
rua||rogerio thadeu barros|santa fe|36406278|30,-2069063,-4379735;40,-38,-15;50,-7,-5;60,-9,-6;65,3,13;125,-65,-25;135,-9,-6;165,-25,-6;320,-202,-19;330,-15,0
rua||rosa envalda beraldo|sao dimas|36407223|46,-2066591,-4380931;76,29,-40;86,13,-2;151,29,-54;163,8,-9;270,48,-56;305,59,-68
rua||sebastiao bruno|santa clara|36404285|60,-2067725,-4377061;65,21,-9;70,-10,2;105,60,-14;195,-12,9
rua||sebastiao rodrigues braga|topazio|36407151|10,-2067600,-4380907;65,22,5;205,-125,-205;225,-47,-74;330,46,109;360,-48,-184;400,2,75
rua||tobias biagioni|jardim america|36404027|12,-2066954,-4378185;173,129,133;187,-6,-11;201,-11,-7;210,10,3;215,-16,-8;229,-8,-9;230,2,-1;282,-37,-31;299,-13,-11;311,-11,-12;323,-9,-7;330,5,6;335,-8,-10;347,-12,-10;360,2,-8;380,-9,-10;400,-13,-17;411,-17,8;419,-3,-21;439,-17,-10
rua||tres barras|tres barras|36400001|480,-2061119,-4381113;506,-8,-5;522,-17,-22;523,3,4;543,-14,-24
rua||wenceslau braz|sao sebastiao|36406011|11,-2066131,-4379730;13,11,1;21,-3,-8;22,-4,8;23,15,-8;28,-12,-11;30,8,9;31,-4,-3;41,5,-16;44,14,13;48,3,13;49,-11,-11;57,0,-1;63,7,-13;64,2,-1;69,-15,-1;70,14,-11;76,0,2;79,10,0;84,6,-4;85,-11,0;94,15,-11;100,8,3;102,-4,-19;118,-5,-10;126,21,10;143,31,-31;144,-16,16;154,7,-10;163,0,-5;168,9,-1;176,2,-6;186,36,-19;196,4,-5;210,-20,0;220,13,-1;230,1,-8;236,4,-8;263,12,-15;265,15,-3;271,5,-2;274,4,-1;281,-11,-12;283,11,-1;286,5,6;291,-1,-9;296,11,-4;304,2,-5;305,-10,6;307,11,6;317,6,-15;327,9,1;339,25,-14;353,5,-6
sitio||agua boa|agua boa|36400001|21,-2065735,-4381752
travessa|doutor|joao bernardes|barreira|36407333|45,-2064776,-4381062;55,3,-4
travessa|monsenhor|barreto|sao joao|36404093|30,-2067519,-4378048;42,3,-2;45,6,15;46,8,17;50,-15,-14;63,10,0
travessa||antonio bertao|chapada|36401169|15,-2065384,-4377859;19,0,-6
travessa||conceicao balbino|lourdes|36408006|23,-2065694,-4379817;35,6,12;39,1,-3;43,4,-4;51,2,18;57,-7,5;67,13,4;256,-22,-64
travessa||delfo biagionni|rosario|36400019|16,-2066082,-4379364;19,2,4;28,13,13;35,-6,-2;42,4,12;43,1,-7;55,3,12;59,0,-4;65,-5,1;75,-2,12;83,-15,1;109,-10,-61;110,9,95;125,-14,25;135,0,-2;141,10,6;145,-17,7;148,2,-8;157,-5,4
travessa||geraldo jose baptista|manoel correa|36401177|21,-2065617,-4377920;25,2,1;35,-3,14;53,-10,9;61,6,-9;63,-10,10;69,-8,7;75,-9,5;85,-7,10;95,-4,3;107,1,3;113,-9,13;123,3,5;460,-21,13
travessa||rio branco|sao sebastiao|36406069|1,-2066117,-4379626;2,-2,-4;3,3,-2;5,-18,1;6,2,4;7,0,8;9,11,4;11,-10,-17;22,-8,-12;24,12,1;26,-10,8;28,1,-3;32,-8,4;34,5,19;35,9,-17;37,-6,-7;41,-5,-10;45,-9,7;47,-7,10;50,-10,-12;51,8,-8;55,-21,3;75,10,-13;82,-10,-9
