alameda||africa|granja continente|36155000|3,-2162670,-4334274;9,-149,-354;17,-34,14;20,52,-19;24,53,32;25,-10,16;27,-5,19;29,-8,60;38,178,146
alameda||asia|granja continente|36155000|3,-2162858,-4334532;6,98,187;8,-70,-95;9,-68,-33;13,157,121;22,119,53;25,-25,-97;28,-46,-15;31,-64,-18;34,-13,-63;36,3,-64;100,-35,195
alameda||continente|granja continente|36155000|2,-2162960,-4334072;5,-16,-13;6,-3,-17;7,13,-16;8,-10,-126;9,-26,-154;10,10,0;11,-5,6;15,18,120;16,-24,-10;17,19,-14;20,-16,-69;22,-42,-57;23,-9,0;24,-32,-4;25,-15,-1;41,111,65;42,0,22;43,4,15;44,1,17;45,1,27;46,5,19;48,14,106;49,1,-1;50,-8,-55;51,27,85;52,-18,22;53,49,8;54,-48,-31
alameda||das americas|granja continente|36155000|4,-2162661,-4334182;5,-13,5;7,-35,6;15,43,-18
alameda||europa|granja continente|36155000|3,-2163004,-4334514;5,21,-1;8,63,9;9,-38,-12;27,19,498;33,76,-18;55,-67,16;58,56,-27;59,-2,0;61,1,-5
alameda||oceania|granja continente|36155000|3,-2162844,-4334450;10,-39,-70
comunidade||de joao ferreira|coronel pacheco|36155000|22,-2162468,-4333086
comunidade||de joao ferreira|joao ferreira|36155000|29,-2162506,-4333134;35,43,21
comunidade||ribeirao de santo antonio|coronel pacheco|36155000|1,-2158098,-4333702;2,66,60;6,41,27;75,178,65;101,39,167;121,56,19;125,-29,-3;200,158,78;201,14,-11;205,217,238;210,-91,-172;230,1,22;236,24,1;399,-75,104;417,26,131;441,-4,28
estrada||filgueiras|coronel pacheco|36155000|56,-2166228,-4331388;58,0,2;190,78,40;200,-18,-23
estrada||municipal|granja continente|36155000|27,-2163145,-4334390;33,47,172;41,-9,85
fazenda||bela italia|bela italia|36155000|42,-2160601,-4326298;132,1747,-93
fazenda||boa esperanca|boa esperanca|36155000|30,-2160071,-4324156
fazenda||carambi|carambi|36155000|51,-2158384,-4323737
fazenda||da cachoeira|joao ferreira|36155000|68,-2164893,-4332790
fazenda||da prata|fazenda da prata|36155000|42,-2158432,-4324381
fazenda||do sertao|joao ferreira|36155000|68,-2164141,-4333457
fazenda||experimental agua limpa|embrapa|36155000|43,-2155649,-4327109;148,-426,-336
fazenda||triqueda|coronel pacheco|36155000|6,-2164037,-4329307;59,3147,-903
fazenda||triqueda|fazenda triqueda|36155000|9,-2164180,-4328749
fazenda||triqueda|rodovia|36155000|59,-2159463,-4329804
praca||carlos chagas|centro|36155000|19,-2158817,-4326510;22,53,-40;31,-47,-14;54,1,-4;55,12,42;84,-27,-75;333,2,120;349,5,-13;373,5,-29
rodovia||mg 133|coronel pacheco|36155000|42,-2155164,-4326753;59,-6109,-2767
rodovia||mg 353|centro|36155000|31,-2158857,-4326089;37,-6,15;51,14,14;61,-1,4;132,-85,-621;148,66,81;158,1,-9;199,126,309;201,-84,356;211,-6,40;221,-5,1;230,2,29;243,-1,-14;303,6,50;305,1,-3;325,7,25
rodovia||mg 353|coronel pacheco|36155000|59,-2161051,-4329839;62,-1577,-1277;353,895,1380
rodovia||mg 353|divisa com goiana|36155000|53,-2158021,-4324178
rodovia||mg 353|fazenda argentina|36155000|2,-2158536,-4325153
rodovia||mg 353|joao ferreira|36155000|68,-2164834,-4332891
rodovia||mg 353|joao ferreira|36155970|68,-2165046,-4333048
rodovia||mg 353|nossa senhora aparecida|36155000|8,-2159410,-4327800;16,8,-4;30,190,131;42,-203,-157;353,-506,-926;560,542,966;1152,-457,-391;1278,75,89;1340,-209,-347
rodovia||mg 353|rodovia|36155000|938,-2158967,-4327330;1000,186,-66
rodovia||mg 353|santa rita|36155000|2,-2158873,-4326182;4,2,26;6,-7,-24;9,4,118;20,-7,-90;30,10,12;40,-8,0;50,15,1;54,1,-1;60,-9,34;66,2,14;70,6,8;74,1,31;76,11,8;80,4,8;95,-16,-69;98,10,80;114,-10,20;118,28,3;120,-8,5;128,5,74;212,-8,8;226,11,25;246,-10,4;268,14,7;276,-10,28;300,5,-335;306,1,353;318,-3,21;325,18,-5;328,-20,12;352,-25,-342;358,27,375;364,0,-17;378,1,44;390,-2,14;406,-3,16;420,-37,31;431,39,-14;440,1,22;451,11,-9;455,-1,14;460,8,15;476,-12,10;492,0,17;504,9,5;510,-32,10;522,4,15;530,8,7;542,6,1;556,-1,26;566,-10,23;578,19,9;584,1,-58;616,4,94
rodovia||mg 353|sao cristovao|36155000|14,-2159040,-4327274;44,-69,36;161,78,-43;165,-27,15;197,5,-4;891,-243,342;940,37,98
rua|arcanjo|olimpio de melo|centro|36155000|132,-2158774,-4325843;172,-28,-114;204,21,184;210,-5,-1;224,-5,7;248,-17,9;266,-9,18
rua|arcanjo|olimpio de melo|santa rita|36155000|25,-2158762,-4325978;30,-14,20;36,7,9;48,2,17;84,-2,18;102,-6,25;110,-4,10;179,12,79;187,11,9;195,-32,37;205,10,-6;235,-17,8;236,15,-22;259,-20,37;421,-21,14
rua|aspirante|jose de oliveira|centro|36155000|10,-2158749,-4326472;28,-11,9;32,2,4;70,-31,30;78,-6,1;92,2,8;98,-3,17;100,12,6;118,17,6;130,-18,17
rua|aspirante|jose manuel de oliveira|centro|36155000|3,-2158750,-4326459;25,-3,7;37,-3,-4;97,-28,83;103,-3,1;109,-9,8;121,12,18;125,-12,-33
rua|doutor|joao pinheiro|centro|36155000|2,-2158724,-4326399;7,-31,-43;17,-11,28;27,10,-2;28,6,2;33,3,2;59,21,24;66,-3,3;76,11,5;78,4,8;90,6,-1;96,2,13
rua|santa|terezinha|sao cristovao|36155000|5,-2159317,-4327076;11,-7,16;21,-5,3;28,-1,2;38,-9,2;48,7,24;51,-19,-8
rua|sao|benedito|centro|36155000|34,-2158908,-4326656;48,15,7;64,14,29;65,-86,-72;162,84,80;226,-51,-65
rua|sao|vicente de paula|centro|36155000|12,-2158630,-4326449;13,-26,41;28,30,-24;35,-78,79;42,48,-49;45,5,6;56,-48,30;57,35,-20;58,-11,0;61,5,-1;63,-3,13;70,-19,15;80,7,-13;90,-22,28;92,46,-49;114,-49,39;120,-7,25;150,-21,37;162,-7,-11;174,-12,7;180,39,-41;184,-57,67;202,36,-45;222,-45,61;250,-18,17;262,-12,6;272,-8,19;286,30,-40;290,-5,12;292,-29,30;324,-22,24;362,13,-10
rua|sao|vicente de paula|santa rita|36155000|19,-2158738,-4326298;89,38,-58;100,-62,86;117,74,-91;119,-23,35;127,-6,-4;141,-2,14;171,-21,20;197,-25,32;221,-3,1;223,-3,-1;245,-24,23;255,-10,13;270,83,-83;317,-112,132;325,-29,39;375,2,11
rua||abelardo marciano loures|sao cristovao|36155000|2,-2159353,-4326941;6,9,28;8,-14,-20;18,10,9;26,-4,-7;46,9,14;66,-2,19;76,13,10;78,3,7;96,9,6;102,-1,3;120,19,16;131,3,2;142,-6,5;158,-18,-21;511,10,-25
rua||antonio augusto sobral|santa rita|36155000|5,-2158731,-4326279;16,88,128;18,-83,-136;24,7,18;29,0,-3;42,8,-3;43,-3,15;57,5,3;69,4,13;83,2,6;91,25,24;104,4,-15;110,-25,33;112,24,-22;117,-6,5;126,13,13;138,16,-2;146,-6,11;156,7,-1;160,4,15;166,5,12;192,37,45;243,53,-7
rua||arlindo de castro|santa rita|36155000|9,-2158750,-4326116;18,-31,60;33,16,-17;38,-2,7;45,9,-20;54,-2,5;57,7,-19;69,15,-1;79,3,-9;89,-2,2;96,0,-3;100,5,9;109,22,-26;122,-9,13
rua||caetano luiz de souza|sao cristovao|36155000|5,-2159111,-4327174;70,5,-36;156,-139,416;158,253,75;178,-71,-32;198,-38,-85;248,-36,47;256,-5,-5;280,-26,13;300,-24,-7;314,3,2;350,-83,-79;414,138,-334;419,-117,393;433,-13,-27;438,157,-375;439,-159,366;442,1,10;450,178,-364;456,-181,339;457,-7,4;463,2,-13;480,109,70;485,-135,-75;496,14,-21;497,-9,8;500,-4,-19;511,6,9;520,-10,-16;553,0,-15;563,185,-281;573,-185,248;583,8,-17;593,2,-4;613,-7,-30;684,74,-131;706,-19,15;707,76,-61;722,-51,43;731,9,-19;732,16,-4;736,3,-4;740,7,-15;743,-22,20;766,11,-5;784,10,-12;797,25,-12;800,-17,6;807,-2,-8;814,19,16;822,7,-19;831,18,5;834,-5,-2;836,7,-6;855,4,-3;865,8,3;871,4,-19;893,32,-10;900,-11,11;921,-131,75;924,142,-86;934,19,-13
rua||carlos augusto gomes|centro|36155000|28,-2158779,-4326016;38,7,10;248,-23,-25
rua||carlos augusto gomes|santa rita|36155000|9,-2158788,-4326030;23,3,5;33,-3,2;119,69,81
rua||constantino francisco pinto|santa rita|36155000|23,-2158717,-4326162;62,26,34;69,-9,-8;71,8,7;88,14,16;100,7,35;138,-30,-53
rua||darci jose de souza|sao cristovao|36155000|26,-2159408,-4327053;96,37,-55;106,-4,15;126,8,-18;136,8,-9;144,8,-11;146,9,-5;166,2,-18;170,1,0;176,1,-12;186,1,-7;196,-4,11;206,2,-43;219,-1,-31
rua||dos andradas|centro|36155000|7,-2158782,-4326523;10,2,16;11,-1,-14;12,-15,-1;23,18,2;43,12,18;51,15,-12;61,-2,16;73,14,21;77,-32,2;87,74,16;98,-23,-4;109,-3,0;111,10,3;116,6,-7;117,-6,12;119,10,-5;120,6,2;129,-4,4;143,20,20;145,6,-23;160,23,66;169,-28,-41;170,11,0;178,5,10;187,2,-11;199,0,5;203,10,11
rua||francisco de paula|sao cristovao|36155000|35,-2159375,-4327056;44,7,-6;45,3,0;46,0,-4;65,10,-6;66,-2,3;74,11,-7;86,7,-11;101,9,4;105,-6,-21
rua||geraldo teodoro de melo|santa rita|36155000|14,-2158820,-4325615;32,7,-16;35,16,-4;42,-11,-14;45,2,5;49,5,-13;54,-34,-2;55,41,-7;61,4,-4;69,8,0;78,4,7;87,6,-16;90,-1,7;95,13,-12;100,-1,-7;105,0,5;110,3,-2;115,3,-13;134,3,0;135,6,-15;141,10,-11;148,-6,8
rua||henrique rezende ribeiro|santa rita|36155000|10,-2158747,-4325989;18,10,-21;38,16,-5;62,11,-18;66,6,-4;69,0,-5;75,-8,0;78,17,-3;102,5,-7;108,1,-7;127,40,-42;130,-20,27;137,31,-36;138,-23,29;150,6,-7;174,-1,-9;176,15,-14;187,13,-11
rua||ilho antero macedo|sao cristovao|36155000|3,-2159309,-4326915
rua||isaac jose da silva|centro|36155000|19,-2158751,-4326333;21,5,11;23,12,-1;149,-20,-12;202,10,7
rua||jacy araujo lessa|sao cristovao|36155000|33,-2159298,-4327065;49,-26,-2;60,7,-10;62,-8,-13;72,-2,2;79,1,2;81,-11,-13;82,15,-2;89,-16,9;93,8,0;195,60,49;790,-9,0
rua||jose da cruz silva|nossa senhora aparecida|36155000|108,-2159426,-4327896
rua||jose santana veloso|santa rita|36155000|5,-2158816,-4325822;12,40,-40;22,-9,8;29,-8,11;39,-5,11;49,-20,8;54,0,-1
rua||jose soares da costa|sao cristovao|36155000|15,-2159324,-4326931;20,0,-9;35,-11,-15;38,1,-39;42,-3,28;43,-3,9;50,18,5;65,-33,-18;68,-3,-6;78,-3,-14;79,1,19;88,-8,-20;93,-5,-1;97,-2,-4;104,5,-8;113,-10,-2;114,-4,-1;125,-15,15;145,-4,-69;149,-20,37
rua||luis antonio silva felizardo|nossa senhora aparecida|36155000|26,-2159215,-4327650;40,11,-41;111,-70,5
rua||marcelino ribeiro|centro|36155000|31,-2158660,-4326346;91,11,15
rua||orlando diotti|santa rita|36155000|35,-2158708,-4325948;45,3,-6;65,29,-21;75,10,-17;93,13,-20;161,40,-30;201,23,-36
rua||oscar vidal|centro|36155000|18,-2158707,-4326429;28,-7,2;40,-4,15;41,10,-10;43,3,0;45,-13,20;47,-8,-1;59,-4,6;85,-10,4;89,-5,25;107,-9,16;110,6,-13;112,-3,1;117,-3,11;124,-3,-6;134,-15,24;149,-4,-6;151,-11,25;163,-5,1;175,-12,7;205,0,8;215,-3,1;247,-29,28;257,-10,17;271,-13,-12;283,-9,22
rua||principal alto triqueda|coronel pacheco|36155000|12,-2164283,-4329241
rua||rubens procopio vale|centro|36155000|12,-2158794,-4326044;38,74,-178;40,-26,20;70,-14,15;76,0,9;88,-5,10;99,1,-3;100,-16,47;178,-12,30;188,-1,0;190,-4,14;200,2,0;210,0,12;230,-5,11;236,2,13
rua||rubens procopio vale|santa rita|36155000|13,-2158718,-4326222;25,-7,10;35,-14,16;65,-15,14;71,-9,13;113,-9,31;117,-7,15;119,56,-34;123,-37,36
rua||sem denominacao 2|granja continente|36155000|1,-2162973,-4334514;13,126,283;14,7,16;19,27,93;20,8,27;21,2,11
rua||sem denominacao|granja continente|36155000|1,-2163155,-4334436;5,93,11;7,39,2
sitio|nossa senhora|das gracas|coronel pacheco|36155000|126,-2157678,-4334566
