avenida|coronel|jose justino|bela vista|35568000|80,-2044827,-4555273;100,16,9;109,4,-9;110,0,19;119,11,-7;120,4,15;123,6,-7;133,10,12;136,-15,2
avenida|coronel|jose justino|centro|35568000|5,-2044854,-4555319;10,-56,-62;11,36,41;15,-38,-42;20,37,34;21,-3,-12;25,-46,-36;30,15,7;35,-16,-9;50,57,65;56,-40,-48;65,-34,-37;71,103,102;89,-115,-120;90,113,135;106,-129,-184;128,-32,1;135,13,21;138,-14,-27;145,0,13;148,-12,-28;150,28,88;155,-19,-71;158,26,10;160,-32,-16;169,-8,-16;201,-16,-15;210,-8,-18;220,6,4;221,-17,-9;228,-8,-16;233,7,19;242,1,-15;245,-1,10;248,-14,-26;253,1,12;254,-10,-27;260,-3,5;261,10,24;279,-8,-16
avenida||jose candido sobrinho|vargem grande|35568000|31,-2044837,-4556981;41,-6,-26;369,-57,-475;700,68,510;1020,-21,-331;1120,13,-67;1150,-31,16;1170,11,-40;1180,-26,5
beco||acacio anastacio|imaculado coracao de maria|35568000|17,-2047045,-4552612;27,-6,-13;84,12,-36
beco||jose candido sobrinho|vargem grande|35568000|13,-2044804,-4557033
beco||rua sao judas tadeu|bom pastor|35568000|141,-2044494,-4555544;163,22,6
comunidade||corrego da areia|falhas|35568000|62,-2045289,-4551524
comunidade||sobradinho|sobradinho|35568000|255,-2038937,-4554340
estrada||ao lado cal floresta|comunheira|35568000|41,-2046737,-4555298;48,75,103;52,134,-192;57,65,-134
estrada||corrego da divisa|lado direito da mg 050|35568000|23,-2047600,-4556581;26,34,-98
estrada||corrego fundo de baixo|corrego fundo de baixo|35568000|3,-2048593,-4552486;4,41,-65;5,91,-73;14,414,368;16,45,-152;22,931,-542;24,-768,1555;26,-270,-99;78,-315,-3842;115,-8,2439;254,-29,254
estrada||padre doutor|corrego fundo de baixo|35568000|1,-2048625,-4549369;12,1274,197;20,100,-330;24,63,26;25,90,90;43,851,-100
estrada||pasto fechado|lado direito da mg 050|35568000|2,-2050215,-4549002;4,979,-643;5,-14,37;11,-284,324;18,4,185;19,2,-6;26,202,-409
estrada||vargem grande|vargem grande|35568000|1,-2045079,-4557488;1870,507,-414
praca|vigario|joao ivo|centro|35568000|10,-2044943,-4555597;12,74,27;18,-6,-4;22,-7,-7;32,-2,-7;42,-4,-9;52,-10,-9;62,0,-2;84,-15,-20;108,-14,-9;118,-5,1;120,-2,2;124,8,-28;125,-43,43;128,6,-28;130,27,-9;147,33,125;155,0,-23;181,-1,-8;189,-14,6;209,-38,-58;211,-4,-5
praca||americo pinto da silveira|imaculado coracao de maria|35568000|8,-2046973,-4552560;34,29,-12;38,-32,28;40,34,20;220,6,-43
rodovia||antes de falhas|rodovia|35568000|5,-2046288,-4553043
rodovia||indo para arcos|rodovia|35568000|7,-2043957,-4555583;8,49,-17;9,18,-21
rodovia||lmg 830|sao geraldo|35568000|14,-2046142,-4553246;204,55,-3;234,101,-51;270,-33,24;300,41,-75;348,4,-4;358,45,-5;365,-7,-26;368,13,-57;389,-18,-32;400,22,49;401,-13,-75;404,8,56;408,1,6;417,4,-31;427,-1,-6;437,13,-5;447,34,13;510,39,-81;1600,-305,303;1620,53,-2;1657,-10,-3;1680,44,-2;2526,103,-160;2720,-104,139
rodovia||lmg 831|floresta|35568000|180,-2045316,-4554805;200,-9,15;210,-7,13;220,-4,10;230,-5,12;240,3,4;730,39,-81;740,-5,4;750,-3,12
rodovia||mg 050|comunheira|35568000|100,-2046341,-4553881
rodovia||mg 050|corrego da divisa|35568000|4,-2047416,-4557087;5,2,25
rodovia||mg 050|corrego fundo de baixo|35568000|47,-2046032,-4550155;215,-1349,-5437
rodovia||mg 050|corrego fundo do meio|35568000|150,-2046249,-4553447
rodovia||mg 050|lado direito da mg 050|35568000|500,-2045720,-4549970
rodovia||mg 439|tapera|35568000|9,-2043069,-4555500;76,-264,-39
rodovia||para pains|rodovia|35568000|261,-2044388,-4554877
rodovia||para pains|rosario|35568000|279,-2044245,-4555780
rodovia||para pains|tapera|35568000|55,-2039938,-4555804
rua|coronel|jose justino|centro|35568000|301,-2045139,-4555643;311,34,41;312,2,-4;315,0,-6;331,-10,-3;336,11,11;341,-20,-25;342,12,3;346,8,9;349,-25,-17;350,5,-6;357,-35,4;358,29,-11;420,9,7
rua|coronel|jose justino|faria|35568000|375,-2045152,-4555657;385,-9,-9;386,16,-4;394,-9,-9;399,-12,10;408,22,-34;409,-26,21;417,-4,1;441,14,11;453,-45,-50;454,7,-5;464,-4,2;470,-4,-7;471,1,5;480,-13,-17;481,4,8;491,-10,-11;492,9,-3;501,-14,-2;520,-5,-16;521,2,9;541,-21,-15
rua|nossa senhora|aparecida|santa tereza|35568000|110,-2044550,-4555911;123,24,49;217,22,26;320,-147,-170;370,-40,-40;505,18,22;515,-20,-27
rua|nossa senhora|das gracas|eldorado|35568000|447,-2044418,-4556328;450,12,-11;475,17,-17;549,40,-29
rua|nossa senhora|das gracas|santa tereza|35568000|77,-2044560,-4556199;190,-303,263;253,321,-278;280,-334,340;458,237,-228;465,-10,-36;631,82,-65
rua|nossa senhora|de fatima|eldorado|35568000|470,-2044529,-4556304;473,-9,17;474,24,-25;480,0,-11;490,11,-1;630,71,-63;690,10,-21;730,-112,137
rua|nossa senhora|de fatima|santa tereza|35568000|172,-2044582,-4556239;368,-11,9;373,-2,12;376,13,-21;380,5,5;382,-6,-12;385,2,-53;390,34,65;393,-95,-46;400,93,34;405,-76,-17
rua|nossa senhora|de lourdes|bom pastor|35568000|160,-2044536,-4555729;270,15,-12;271,-1,-6;283,20,-9;290,-2,-4;293,7,-5;296,38,32;310,8,-6;388,23,-12;408,18,-5
rua|nossa senhora|rosa mistica|santa tereza|35568000|32,-2044657,-4555726;35,-46,-34;40,43,30;46,-5,-5;60,-91,40;155,188,-91
rua|padre|dionisio|amazonas|35568000|50,-2045356,-4555264;93,8,12;100,3,-6;101,-5,1;110,2,5;116,-9,-18;200,-58,-71;204,-9,0;210,1,-15;220,-1,1;301,-5,-3
rua|padre|remaclo foxius|centro|35568000|173,-2044857,-4555805;176,3,56;190,10,-6;193,5,-10
rua|padre|remaclo foxius|santa tereza|35568000|203,-2044673,-4555936;235,-145,81;245,44,35;250,-11,6;260,-9,-9;261,-8,-54;309,39,22;345,17,-9;355,34,-45;365,-23,39;375,-8,-47;380,16,55;390,15,-15;395,-50,-82;400,56,75;405,-32,-61;455,99,23;465,-5,-22;474,3,25;475,29,8;484,-34,-29;494,18,-6;495,16,35;504,-25,-40;505,10,-21;522,20,-23;532,-1,11;542,26,-24;615,55,-53
rua|sagrada|familia|santa tereza|35568000|275,-2044445,-4555925;370,-53,-72;380,21,14;760,-152,-163
rua|sagrado|coracao de maria|eldorado|35568000|830,-2044480,-4556419
rua|sagrado|coracao de maria|santa tereza|35568000|40,-2044673,-4556244;85,67,-44;301,22,-19;307,-26,19;311,-7,0;315,-17,-38;317,0,93;327,4,-36;337,-11,1;370,16,-11;380,-13,8;430,-30,27;450,-13,8;568,27,-9
rua|santa|cruz|eldorado|35568000|680,-2044445,-4556212;692,-3,2;704,58,-43;770,-22,-63;800,41,35;897,52,-59
rua|santa|cruz|santa tereza|35568000|145,-2044811,-4555888;205,40,-17;208,34,-13;216,-13,-10;226,44,11;270,-123,39;290,141,-154;306,48,-27;313,44,-23;335,35,-18;349,-140,86;370,32,12;390,-31,32;530,121,-138
rua|santa|efigenia|santa tereza|35568000|45,-2044544,-4555831;175,-43,21
rua|santa|luzia|eldorado|35568000|750,-2044557,-4556275;760,-2,-18;780,-16,1;790,-15,-13;810,-22,-34;820,-4,-3;880,-32,-37;890,-4,-1;900,-5,-11
rua|santa|luzia|santa tereza|35568000|761,-2044572,-4556290;763,-7,-5
rua|santa|rita de cassia|bom pastor|35568000|11,-2044540,-4555738;85,-10,-12
rua|santa|rita de cassia|santa tereza|35568000|13,-2044668,-4555885;140,105,105;150,-15,-6;170,-46,-60;175,13,11;180,-26,-22;195,13,22;200,-12,-18;211,-8,89;215,-19,39;225,22,-149;230,-44,-14;309,7,-54;316,-42,-12;319,16,10;359,-31,-33;369,-6,-5;405,70,71;640,34,75
rua|sao|joao batista|bom pastor|35568000|20,-2044616,-4555700;76,4,17;100,10,23;105,7,-7;110,0,7;120,-1,6;150,17,25;230,28,64
rua|vereador|nenen pinto|imaculado coracao de maria|35568000|8,-2047001,-4552680;9,9,3;15,13,4;18,-3,-9;25,8,9;28,8,-5;29,1,0;35,11,-3;44,5,7;54,-11,10;68,13,-5
rua||23 de outubro|amazonas|35568000|187,-2045218,-4555261;197,-9,-1
rua||abrao carlota de melo|imaculado coracao de maria|35568000|82,-2046979,-4552475;92,-10,-3;102,-15,7;112,-6,-2;113,2,-9;122,-4,2;132,-14,4;133,2,-1;142,-8,0;145,0,12;152,-10,10;162,-17,-17;165,-8,-7;172,1,7;175,-1,-2
rua||acacio anastacio|imaculado coracao de maria|35568000|2,-2047186,-4552566;8,129,-26;10,77,16;15,-56,-25;20,-724,294;21,1,-35;22,771,-222;33,2,-17;34,-13,6;50,-6,-4;51,-5,1;61,-15,-13;70,-7,-3;71,-8,15;73,-378,-28;75,16,50;81,398,-13;83,-45,-29;94,-7,9;106,-14,-1;143,-39,4;150,-2,-4;153,2,3;165,-4,-1;181,-29,10;182,0,-14;204,-15,11;205,5,8;221,-13,21;224,-5,-20;228,-10,4;231,5,4;242,-14,4;245,-2,2;405,-229,36;435,93,5;445,-6,-14;450,-3,-7;467,-13,32;470,-27,-34;495,-8,19;500,-17,-8;530,-15,-13;545,3,27;550,-20,-2
rua||alberto pinto|imaculado coracao de maria|35568000|43,-2046959,-4552611;60,11,-5;67,-1,-7;73,2,-17;90,2,-3;120,-4,-11
rua||alcino loyola da silva|amazonas|35568000|255,-2045400,-4555400;300,-70,77;310,197,-210;320,-6,7;321,10,-1;336,-17,11;337,3,4;345,-5,9;346,-6,-1;369,39,-45;475,-168,175;500,10,-26;640,-6,11;650,-9,13;652,-25,23;660,19,-19;668,-6,4;670,-26,28;673,5,2;680,-13,8;690,0,6
rua||alcino loyola da silva|centro|35568000|19,-2045076,-4555716;26,35,-29;38,9,-9;56,13,-13;66,-1,-7;85,-103,103;145,-36,38;153,-14,11;163,-5,10;239,-42,35;251,-23,2;265,11,15;275,-12,19
rua||alcino loyola da silva|faria|35568000|71,-2045011,-4555782;80,-102,93;86,-6,9;94,-5,3;104,-6,18;142,-32,23;146,-6,14;148,-14,9;176,-10,-4;186,-8,17;300,-24,21;374,85,-84
rua||alcino loyola da silva|floresta|35568000|337,-2045498,-4555308;710,3,-6;733,-7,14
rua||alderico da costa guimaraes|sao geraldo|35568000|50,-2045902,-4553392;60,19,5
rua||alfredo leao|imaculado coracao de maria|35568000|25,-2046967,-4552450;40,0,15;49,-5,5;50,1,20;59,-3,-13;115,17,130;140,-14,-124;160,-1,10;167,2,11;170,-4,2;177,-5,11;180,7,3;190,2,8;192,0,4;202,1,5;212,-2,0;240,-2,37;243,12,4;292,-1,40;302,3,7;312,1,16
rua||altamiro silva|imaculado coracao de maria|35568000|14,-2047037,-4552328;30,3,5;34,-2,7;56,9,19;360,10,61
rua||altivo pedreiro campos|imaculado coracao de maria|35568000|14,-2046892,-4552353;23,-106,10;28,-3,-2;35,-3,3;37,95,-3;38,-98,-5;44,97,1;48,-102,5;54,87,-4;55,-3,4;58,-92,-11;63,-10,12;64,96,-7;65,1,1;74,-13,-10;75,0,13;94,-19,-5;95,1,8;105,-120,6
rua||amador caetano leal|amazonas|35568000|35,-2045174,-4555264;36,17,0;45,-18,0;59,-12,-13;65,-2,-3;68,-9,9;82,-53,-63;85,9,12;90,-12,-25;93,-11,-5;98,-3,-13;102,-7,-6;104,95,103;153,-113,-122;160,45,54;200,-68,-87;210,-8,-6;215,-16,-18;240,-13,-28
rua||amarilis|rosario|35568000|16,-2043933,-4556820;44,-16,-3;46,-11,-6;63,39,21;66,-13,-3;68,-37,-30;83,27,24;93,-15,-5;109,-11,-3;121,-7,-4;127,-20,-6;147,-20,-10
rua||amazonas|amazonas|35568000|30,-2045196,-4555187;81,-31,-18;91,-1,-3;100,-56,-76;160,-31,-41;201,24,40;211,-21,-26;230,-56,-75;237,-2,11;249,-6,-12;250,-2,-15;260,-6,-7;270,-2,-9;460,118,146
rua||amelia silva cunha|sao geraldo|35568000|50,-2046092,-4553200;1620,-38,-52;1630,0,7
rua||antonio goncalves da fonseca|centro|35568000|17,-2044713,-4555639;30,-18,-13;31,-46,-50;35,-6,6;41,37,-34;70,49,116;75,-86,-111;103,-26,-19;119,-3,-2
rua||antonio goncalves da fonseca|santa tereza|35568000|10,-2045072,-4556035;13,122,-85;16,-33,-106;38,215,518;88,-41,-52;108,-9,-15;152,16,35;174,-52,-61;186,-10,39;243,-12,-82;255,-55,-59;293,9,33;301,-45,-40;351,2,-31;372,-28,-41;393,-18,-22
rua||antonio jose alves|eldorado|35568000|1775,-2044649,-4557429;1885,-54,-66;1930,-22,-42
rua||antonio jose alves|rosario|35568000|11,-2043967,-4556323;12,14,-4;23,-1,-8;33,6,-10;36,32,22;38,-82,-809;46,58,786;52,13,-5;60,3,-9;80,5,-14;85,-4,-4;88,6,-2;107,-3,-14;110,8,5;111,10,-163;130,-9,135;155,-6,-40;160,24,20;199,-50,-53;205,27,-8;226,11,-9;231,-17,-20;236,49,7;241,30,17;242,-39,-26;261,-24,-7;268,-1,-10;277,-11,-8;283,10,-9;284,-11,35;295,7,-42;305,-16,-9;316,30,-12;323,-7,-2;355,7,-33;365,-1,-28;390,11,26;404,1,0;417,-5,-27;428,12,-17;432,-2,-32;468,4,11;511,-7,-79;518,5,-5;521,-16,-3;538,12,22;548,-6,-26;554,-1,-8;570,-5,-37;585,-636,-512;590,634,511;600,-5,-29;605,-645,-490;620,640,485;642,-21,-21;668,-13,-17;680,4,2;690,10,0;715,23,315;752,-74,-387;784,0,-22;804,-4,-18;824,2,-20;854,-12,-75;858,2,37;944,-4,-31;958,-42,-113;960,41,82;985,-5,13;1060,-61,-125;1138,-38,-45;1148,-12,-11;1244,-78,-14;1270,-20,-5;1300,-28,-5;1314,-49,2;1339,-16,4;1349,1,5;1411,-99,-4;1418,27,-12;1430,-36,-1;1441,1,8;1444,30,-6;1461,-46,9;1510,-21,-10;1531,-43,-5;1540,23,2;1565,-48,-5;1590,-18,-17;1610,-14,1;1620,-14,-5;1625,-15,14;1695,117,20;1705,17,0;1738,330,28
rua||antonio jose alves|vargem grande|35568000|663,-2044593,-4557348;1661,25,48;1760,-40,-98;1766,-62,-85;1772,81,57;1782,-29,8;1802,2,-21;1818,-42,-25;1866,-49,-45;1876,19,14;1926,-22,-41;1966,-6,-15
rua||antonio mariano costa|vargem grande|35568000|47,-2044888,-4557549;1280,-9,75;1320,4,-40;1340,0,-21
rua||antonio mariano da costa|rosario|35568000|1071,-2044779,-4557670;1120,-39,44;1130,-58,56;1861,257,-263
rua||antonio mariano da costa|vargem grande|35568000|55,-2044768,-4557674;182,-46,52;400,190,-184;532,-137,130;1518,-39,37;1526,26,-30;1544,59,-63;1554,32,-31;1580,51,-35;1691,-18,-12;1816,37,-29;2080,-201,215
rua||araxa|mizael bernardes|35568000|71,-2045223,-4554739
rua||bento arantes|centro|35568000|120,-2044972,-4555771;125,-22,-28;130,15,17;140,-6,-7
rua||camilo bernardes da silveira|bela vista|35568000|92,-2044873,-4555207;100,-29,-31;101,14,14;102,15,12;111,11,-18;112,-3,29;113,-4,-4;122,9,7;123,-5,-2;130,25,24;132,-13,-16;139,3,14;142,-209,-243;145,207,244;150,32,16;182,1,0;197,12,26
rua||camilo bernardes da silveira|centro|35568000|5,-2044952,-4555296;11,8,6;15,-11,-12;25,-20,-16;27,42,38;37,1,8;38,-32,-52;45,-23,-15;47,55,88;50,27,-4;51,-13,15;56,-59,-97;58,90,78;65,-110,-87;66,5,-3;70,-8,-9;72,-1,-6;75,-4,10;90,-7,-14;105,-13,-12;115,58,69;175,-97,-110;176,1,-12;185,-7,0;234,-30,-39;244,-1,-9;254,5,-16;261,-21,7;264,6,-5;274,-13,-13;275,4,10;284,-8,-18;285,0,14;295,-4,-8;309,-9,-22;315,-4,6;357,-29,-33;371,-9,-10;377,-6,-5;383,-3,-8;408,104,70
rua||camilo bernardes da silveira|faria|35568000|413,-2045209,-4555597;415,-32,-42;430,20,21;433,-1,4;439,-3,-8;445,-2,-4;450,2,2;451,14,16;460,-23,-27;463,-14,-6
rua||claudina luiza da costa|bela vista|35568000|45,-2044632,-4555255;55,0,6;67,-10,8;367,-13,1
rua||conceicao veloso cunha leal|sao geraldo|35568000|10,-2045872,-4553267;19,67,-23;79,-50,22;89,14,31;100,-185,-37;109,157,20;225,20,-9;234,-113,29;318,164,-45
rua||constantino eduardo rodrigues|rosario|35568000|18,-2043956,-4556287;19,-33,-113;50,-5,74;60,5,-21;70,-16,-33;112,-16,-15;120,-3,-3;124,1,-16;138,-16,-3;150,-3,0;164,-17,-17;178,-91,-74;190,74,54;204,-6,-5;220,-9,-11;240,-3,-5;244,-8,-29;250,-12,15;290,-22,-21;320,-23,-11;328,-2,-8;332,-43,-37;340,41,26;342,-66,-15;352,41,5;354,-28,-16;370,17,20;1030,272,307;1040,14,-11;1066,-17,4;1156,24,-1
rua||corrego seco|corrego seco|35568000|2,-2040234,-4550708;4,-80,-134;46,294,49
rua||corrego seco|falhas|35568000|5,-2040304,-4550684
rua||cristino antonio de faria|imaculado coracao de maria|35568000|21,-2047131,-4552601;29,13,-11;31,-7,-13;32,7,11;41,-13,-16;42,7,3;51,-4,-12;52,-1,4;57,-21,-10;64,19,-6;67,0,-12;78,-5,3;79,5,-7;90,-5,-10;150,15,81
rua||das acacias|floresta|35568000|10,-2045677,-4554828;11,33,-9;41,-15,23;51,-3,4;59,-4,4;60,-12,-10;65,8,11;77,-15,4;80,-11,-7;89,-3,16;101,-6,-2;113,-15,6;128,-8,4;131,-3,-2
rua||das aroeiras|floresta|35568000|11,-2045604,-4555049;311,9,19;321,0,5;415,41,47
rua||das azaleias|rosario|35568000|67,-2044334,-4557188;630,55,2;631,-2,4;640,1,-3
rua||das bencaos|rosario|35568000|10,-2044283,-4557285;17,-38,177;21,34,-180;32,1,15;51,-7,30;61,-3,3;91,-3,22;111,-3,13;151,-7,27;161,-7,38;182,-7,7;1309,49,-180
rua||das magnolias|rosario|35568000|915,-2044041,-4556200;933,42,15
rua||das sucupiras|floresta|35568000|30,-2045683,-4554852;35,15,8;40,-3,3;45,10,3;50,-7,11
rua||diamante|eldorado|35568000|120,-2044381,-4556390;180,-52,-27;190,11,-25;360,84,98;430,-40,-65;445,1,13
rua||divinopolis|mizael bernardes|35568000|176,-2045183,-4554697;192,7,3;242,39,57;300,30,43
rua||do cedro|floresta|35568000|31,-2045633,-4554989;243,0,9;439,1,0;509,8,17
rua||do chiba|rosario|35568000|95,-2044317,-4555863;103,20,-6;113,96,-174;115,-86,167;117,83,-170;123,2,-2;201,-2,89;215,-14,13;260,-102,122;337,173,-234;442,-170,216;450,-46,-72;618,209,-77;626,-15,-18;670,21,-47;740,29,-32;810,130,4;821,-64,-71;822,50,64;841,-32,-70;845,9,-6;846,1,-35;859,6,30;869,7,-3;879,10,-7;910,7,14;933,-1,-50;936,5,25;937,-40,46;939,114,21;942,-67,-75;952,8,-25;998,16,8
rua||dos hibiscos|rosario|35568000|40,-2043794,-4556392;110,-40,-3;130,27,15
rua||dos ipes|floresta|35568000|280,-2045541,-4555069;293,-18,-20;310,1,-3;311,3,12;321,4,4;331,10,5;351,19,12;409,-93,-99
rua||dos lirios|rosario|35568000|1543,-2044473,-4557305
rua||elisandro veloso cunha|amazonas|35568000|327,-2045280,-4555586;337,13,8;347,-8,3;357,21,6;401,16,39;411,11,12;431,9,7;441,10,10;451,2,1;471,9,12;481,7,12;487,6,1;491,10,6;501,-2,9;511,5,6;521,10,10;531,9,12;551,9,34
rua||elisandro veloso cunha|bela vista|35568000|819,-2044990,-4555239;829,18,19;839,8,-12;905,37,57;920,13,10;940,9,12;950,-22,-22;990,36,37;1000,5,14;1005,-44,-46;1015,8,9;1030,16,15;1040,32,36;1041,-16,-22;1100,26,36
rua||elisandro veloso cunha|centro|35568000|236,-2044994,-4555252;490,-173,-208;502,7,10;679,96,121;686,12,7;690,2,5;700,-7,-9;701,5,11;708,11,3;711,-5,4;715,4,4;718,10,3;728,9,7;731,-11,-2;810,42,47;830,19,-6;856,10,34
rua||elisandro veloso cunha|mizael bernardes|35568000|149,-2045034,-4554944;195,-14,-10
rua||equador|rosario|35568000|41,-2044173,-4555940;55,14,18;67,4,8;75,13,10;99,23,15;135,-14,3;138,10,4;140,14,28;173,-8,-27;179,63,18;219,24,-1;230,5,4;238,-15,12;279,48,-30;288,-14,15;308,34,-30;329,11,-16;335,16,-23;343,-13,21;349,11,-15;353,-2,30;359,7,-31;364,-6,12;375,22,-27;385,-3,-2;400,-4,17;410,2,-17;608,-220,-14
rua||esmeralda|eldorado|35568000|850,-2044571,-4556597
rua||espirito santo|bela vista|35568000|11,-2044757,-4555345;21,-2,13;35,-13,3;65,-30,9;81,-7,16;135,-41,28;141,-6,6;145,-6,5;149,-7,7;169,-16,14;191,-3,2;200,-126,96;241,89,-67;259,-126,106;280,75,-73;290,-15,-2;300,-87,130;310,-15,-14;601,61,-63;720,-37,40
rua||espirito santo|centro|35568000|42,-2044780,-4555339;48,-1,-1;52,-11,2;64,-6,10;86,-10,14;104,-18,1;148,-33,35;150,-14,13;220,-51,38;230,-6,5;250,-10,12
rua||espirito santo|mizael bernardes|35568000|289,-2045065,-4555085;291,-5,8;301,-9,12;340,-28,18;345,11,1;380,-34,32
rua||eugenio rodrigues de faria|centro|35568000|82,-2045029,-4555694;85,4,-7;92,9,25;102,-14,-35;116,-13,-8;128,-7,-2;135,3,-1
rua||eugenio rodrigues de faria|faria|35568000|154,-2045060,-4555746;165,-17,-9;199,-13,-12;200,-4,-11;210,3,2;245,-35,-21;255,-4,-11;303,-27,-32;412,-65,-79;502,113,120;538,-26,-25;580,-158,-169;640,75,77;661,-46,-35;675,208,222;680,-200,-250;690,-2,4;710,-29,-25;730,25,14
rua||falhas perto igreja|falhas|35568000|27,-2042476,-4552802;28,104,-164;30,200,110;31,-4,30;41,613,465;42,-5,-2;56,603,603;59,-1331,-621;62,716,157
rua||falhas|falhas|35568000|6,-2046158,-4552974;7,7,10;39,4570,677;46,-255,-126;47,-42,37;50,-187,132;52,239,129;61,277,-65;64,-1149,-301;69,-89,-176;78,-370,231;79,-51,34;80,-50,12;83,-17,387;87,-13,218;89,-12,-310;94,-442,-185;95,-55,25;96,-89,46;97,-57,13;99,6,65;105,-322,191;115,-365,-722;127,-275,-29;128,9,8;129,-15,16;130,-12,13;221,1426,409;373,-1697,685
rua||falhas|trevo|35568000|121,-2044805,-4552969
rua||francisco teodoro da silva|rosario|35568000|136,-2043939,-4556535;165,-30,-1;257,15,-43;300,-3,-13;311,7,9
rua||galeno silva|bela vista|35568000|332,-2044708,-4555284;338,9,15;357,6,35;381,24,4;393,23,14;399,-18,3;414,-41,-28;415,44,45;416,-10,-11;426,-14,-34;440,16,71;455,4,52;456,-9,-18;459,7,-32;460,-14,14;468,9,31;469,12,-47;470,-15,58;478,1,0;481,4,3;488,-5,16;491,6,7;560,-10,12;561,4,37;580,-27,-7;690,-24,100;721,9,61;915,-106,148
rua||galeno silva|centro|35568000|27,-2044765,-4555381;31,-104,-141;55,19,18;63,0,2;73,8,10;80,22,43;85,-11,-33;111,12,19;141,5,21;151,18,8;153,10,12;200,7,24;210,15,7;233,10,14;243,6,8;257,16,31;277,9,2;280,-4,12;291,8,3;325,15,33
rua||galeno silva|sao geraldo|35568000|1020,-2044877,-4554670;1030,-54,78;1065,45,-24
rua||gameleiras|amazonas|35568000|290,-2045378,-4555187;296,-12,-19;300,-9,-16;331,0,-6;428,-58,-67
rua||gameleiras|floresta|35568000|57,-2045260,-4555035;291,-128,-156;305,-68,-101;311,58,85;315,-68,-94;321,60,80;325,-64,-81;335,1,-12;378,94,135
rua||geraldinha de sa|imaculado coracao de maria|35568000|9,-2047027,-4552278;12,28,-12;20,18,-10;55,-37,15;100,-10,11;105,-29,-1;115,-12,9;125,-4,-7;140,84,-23;325,-24,15
rua||geraldo rodrigues|imaculado coracao de maria|35568000|100,-2046679,-4552585;116,-68,8;120,41,-7;130,-4,-14;135,-88,13;140,82,-1;150,-10,0;160,-20,4;170,-20,-12;180,3,-1;194,-39,5;200,-18,-3;210,-9,1;216,-7,-27;220,-11,17;235,-11,12;240,-18,-9;242,224,22;248,-205,-24;250,-24,-14;260,-17,33;280,-7,-3;300,-17,4
rua||germana da costa guimaraes|centro|35568000|20,-2044951,-4555508;26,-4,-4;33,0,5;43,4,-17;53,-9,-14;65,-5,-1;67,1,-2;75,-11,-2;84,-63,-73;107,50,58;115,-13,-15;136,-10,-11;146,-5,-15;149,-12,1;156,-1,-10;158,-5,1;159,5,1;171,-8,-3;181,-11,-16;182,0,7;206,-8,-19;207,-3,-3;217,-13,-5;220,2,-10;227,-8,0;240,6,-3;270,-21,-27;307,34,-5;317,-33,13;327,-5,2
rua||germana da costa guimaraes|corrego fundo do meio|35568000|48,-2046069,-4553394
rua||germana da costa guimaraes|corrego fundo|35568000|20,-2045610,-4556072;85,14,-2
rua||germana da costa guimaraes|faria|35568000|20,-2045604,-4556076;75,457,337;80,34,50;290,9,-17;374,-56,-57;385,-6,-1;402,12,8;405,-19,-20;413,-16,-17;416,15,13;425,-20,-14;428,4,4;661,-97,-126
rua||germana luiza de castro|bela vista|35568000|181,-2045024,-4555217;285,43,48;367,46,60;370,14,16;397,40,41
rua||germana luiza de castro|centro|35568000|21,-2045093,-4555284;31,9,4;50,9,12;61,2,3;64,10,13;84,6,10;158,17,18;168,7,11;182,4,7;202,14,13;222,11,14
rua||guilherme velozo cunha|mizael bernardes|35568000|25,-2045177,-4555019;45,29,17;50,-24,-16;54,20,8;56,7,0;60,1,3;70,31,14;79,-7,0;80,13,3;90,157,-230
rua||imaculada conceicao|santa tereza|35568000|80,-2044656,-4556270;151,28,6;159,25,50;162,-25,-40;180,29,51;184,25,1;359,46,75;362,-78,-107;530,53,124;640,-88,-144
rua||iraci faria silva|mizael bernardes|35568000|101,-2045186,-4554824;110,-7,0
rua||itauna|mizael bernardes|35568000|51,-2045138,-4554677;60,-12,3;100,-27,27;105,-5,4
rua||jasmim|rosario|35568000|827,-2044038,-4557030;851,-30,-20
rua||jatoba|floresta|35568000|331,-2045447,-4555161;346,-14,-27;355,33,49;401,-67,-92;430,20,24
rua||joao pedro da silveira|bela vista|35568000|156,-2044786,-4555204;227,50,-68;300,-68,73;360,-10,7;370,3,2;410,-128,120;551,85,-79;601,-33,32;620,-15,6;625,-1,16;631,-6,-5
rua||joao pedro da silveira|mizael bernardes|35568000|11,-2045031,-4554978;205,21,-21
rua||joao pinto da silveira|imaculado coracao de maria|35568000|2,-2047150,-4552059;3,33,-283;5,29,-282;6,-4,-1;10,-32,2;11,4,347;15,36,-257;23,-41,280;26,-19,139;30,56,-492;31,-12,524;51,19,-483;56,-2,25;60,-4,-22;65,-64,303;70,70,-297;80,-5,4;90,-18,232;110,21,-202;122,9,14;125,4,9;132,-11,-1;144,2,12;150,-29,-106;152,30,116;162,7,0;170,-7,21;174,-57,233;179,55,-229;190,9,8;202,-6,15;220,-2,25;237,4,20;241,-1,6;249,-5,11;257,-5,5;259,-2,8;269,-8,20;279,9,27;401,-31,67;421,2,12;501,-13,76;511,7,-136;531,-6,89;541,3,2
rua||joaquim goncalves da fonseca|amazonas|35568000|12,-2045144,-4555245;206,38,-74;216,0,0;224,-7,10;238,-5,14;250,-9,14;286,-3,3;362,-15,48;364,-2,4;370,-1,10;460,-5,7;500,-99,163
rua||joaquim goncalves da fonseca|centro|35568000|10,-2044904,-4555524;21,54,-55;37,-65,66;38,-1,11;48,-11,6;50,76,-80;56,-33,48;60,11,-17;68,32,-36;78,-19,28;84,28,-40;86,-122,113;88,3,7;90,13,-8;98,-12,13;106,-16,6;110,152,-146;117,4,-8;122,-255,196;135,87,-28;140,-14,9;141,21,7;147,-7,-7;150,187,-192;153,-208,206;156,6,-9;158,-9,0;160,227,-211;164,-236,231;170,247,-244;171,22,-63;174,-261,300;179,-10,5;181,207,-285;189,-212,293;190,-12,-4;191,220,-290;199,-187,265;200,239,-215;203,-44,-37;205,-220,279;207,270,-256;231,-301,291;244,6,-16;254,-22,22;255,-44,101;264,46,-97;265,-51,108;274,48,-101;301,-16,24
rua||joaquim goncalves da fonseca|mizael bernardes|35568000|15,-2045202,-4555020;40,14,-51;523,-8,27
rua||joaquim goncalves da fonseca|santa tereza|35568000|46,-2044655,-4555743;55,-18,0;175,92,-92;235,-153,142;245,16,-18;255,4,-3;256,6,10;260,4,-4;265,-6,-1;275,-2,-32;292,14,18;304,14,-3;305,25,-10;314,-21,2;320,33,-22;330,4,3;360,17,-20;365,143,-184;380,-136,164;385,20,0;425,13,-52;435,15,-2;450,15,-2;460,14,-25;503,13,-21;560,27,-7;570,0,-15;580,1,-13;585,15,-2;590,-9,0;595,-12,18;605,26,-37;610,2,13;660,10,-8
rua||jose afranio rodrigues|imaculado coracao de maria|35568000|13,-2046882,-4552549;25,17,1;35,2,5;45,10,-4;55,5,-5;60,1,1;70,9,2;80,6,0;81,5,2;106,21,-5;108,24,-2;116,-11,1;136,22,-10
rua||jose caetano rolindo filho|imaculado coracao de maria|35568000|70,-2047067,-4552205;85,-32,3;86,0,8;88,3,-4;90,8,0;211,82,10;251,-59,-74;280,31,72;301,14,-7;405,-35,-31;415,4,13;430,-16,32;455,-9,3;475,11,7;492,-4,-7;785,6,147
rua||jose candido da silveira|imaculado coracao de maria|35568000|12,-2047286,-4552668;22,-7,5;52,-34,16;74,-11,11;75,308,-51;176,-16,-7;177,-24,9;192,-8,-12;196,14,2;217,-43,8;218,10,-13;232,-7,-1;242,-16,5;254,-14,10;275,-14,-5;284,-8,6;287,-16,11;306,-6,2;316,-5,20;424,-81,-27
rua||jose candido de oliveira|centro|35568000|81,-2044805,-4555720
rua||jose candido de oliveira|santa tereza|35568000|251,-2044775,-4555787;252,3,35;261,5,48;272,16,-63;286,-2,-17;300,13,-7;311,4,-21;312,14,29;322,1,-13;330,15,-14;371,19,-33;390,-1,25;401,-2,-21;411,18,-13;415,0,2;417,-2,4;419,40,-38;455,9,-12;460,-3,30;465,72,-84;480,-81,26;530,100,11;555,-18,-60;570,12,34;580,4,-35;600,39,9;620,-5,-6;645,27,-57;660,2,6
rua||jose deolindo oliveira|bom pastor|35568000|13,-2044511,-4555817;20,-105,101;46,-70,31;54,28,-22;60,16,14;110,31,-32;111,30,-24;120,-24,21;123,-4,1;124,16,-12;150,12,-19;157,30,-7;160,-18,3;171,54,-17;180,-19,-7;210,8,-16;250,20,-22;340,48,-54;360,55,-38;395,-19,13
rua||jose deolindo oliveira|santa tereza|35568000|5,-2044699,-4555650;35,28,-12;45,13,-22;49,16,-11;85,19,-20;121,16,-23;131,10,-3;138,10,-23;151,-7,8;170,43,-32;179,8,-9;215,65,-67;225,-6,-1;281,0,6;365,42,-37;375,15,-12
rua||jose luiz de faria primo|imaculado coracao de maria|35568000|61,-2046772,-4552501;71,-22,16;85,-10,1;94,-8,1;125,-16,-1;134,-23,-1;140,-75,3;142,2,-1;144,65,1;151,3,-10;154,-6,12;155,-1,-3;174,-18,-1;182,-12,-7;192,-13,14;198,-3,-1;210,-10,-7
rua||jose teodoro da faria|faria|35568000|80,-2045162,-4555745;86,-8,10;104,-2,4;159,-38,42;169,-7,3;181,-14,20;191,-5,1;205,-7,10;371,87,-93;415,35,-29;421,3,-4
rua||josino b de castro|mizael bernardes|35568000|65,-2045111,-4555078;90,0,-1;125,44,46;130,-9,-1;135,23,18;140,-14,-18;155,10,18
rua||jovino carlota de melo|imaculado coracao de maria|35568000|45,-2047140,-4552538;46,-7,-2;54,3,8;55,19,-5;62,-12,13;70,2,10;73,12,3;80,-3,7;83,5,1;95,12,9;97,-6,6;142,0,6
rua||leoncio vaz da silva|centro|35568000|10,-2044955,-4555587;22,0,9;46,-16,6;58,-7,10;75,12,10;88,-32,3;90,8,11;94,-6,4;118,-24,10;137,-27,34;148,6,-11;156,-14,9;164,-5,0;169,38,-20;173,-33,33;174,-10,-3;183,3,11;192,-11,2;202,-6,5;203,4,0;205,-14,9;235,-4,7;249,-9,15;250,-2,-8
rua||lino alves|bom pastor|35568000|60,-2044348,-4555751;80,12,15;120,-8,-26
rua||lisandro veloso da cunha|centro|35568000|434,-2045212,-4555503;450,10,9
rua||lisandro veloso da cunha|faria|35568000|324,-2045279,-4555592;364,11,14;384,-7,-6
rua||luiz candido de faria|amazonas|35568000|620,-2045213,-4555471;676,-39,27;682,-15,14;694,-4,5;700,-3,0;726,-16,13;732,-12,18;735,-11,21;750,-9,6;760,-10,-1;814,-4,8;821,51,-35;829,-56,52;839,-17,2;842,-7,6;844,-2,2;845,-1,4;850,0,-1;860,-6,6;870,-12,17;890,-12,1;900,-22,22;901,10,1;920,-22,17;984,22,-29
rua||luiz candido de faria|centro|35568000|60,-2044928,-4555755;264,-46,30;273,15,9;284,-22,16;294,-5,2;354,-43,40;360,-10,12;363,-2,4;435,-33,34;479,-34,35;488,-2,-6;489,-4,17;498,-14,-8;499,4,12;512,-5,-7;515,-3,17;520,0,-11;558,-27,31;569,-6,2;570,12,6;575,-44,-18;590,16,32
rua||luiz candido de faria|floresta|35568000|147,-2045496,-4555208;864,24,-24;940,-6,2;941,42,-26;951,-17,14;999,-35,32;1020,-17,10;1030,-6,6;1040,-5,3;1059,-4,12;1060,-5,-5;1100,-27,34;1120,-16,14;1131,16,-12;1135,-14,8;1137,5,3;1142,-1,3;1151,-10,7;1161,-5,3
rua||luiz candido de faria|santa tereza|35568000|10,-2044663,-4556020;295,23,-6;315,17,-26
rua||luiza goncalvez vieira|bela vista|35568000|71,-2044607,-4555331;110,-50,62;114,6,-20;120,5,-4;135,10,-15;136,-2,6;140,12,-4;145,4,-13;160,7,1;242,69,-130
rua||manoel messias de castro|sao geraldo|35568000|25,-2046268,-4553288;44,301,-93;46,-53,35
rua||maria caetano rolindo|imaculado coracao de maria|35568000|5,-2046929,-4552412;23,-66,8;37,-7,-15;38,-8,3;44,-8,1;45,3,7;55,-6,-4;74,-19,-3;139,-17,-1;140,-11,-3;142,119,-50;152,-110,56;160,17,1;170,10,3
rua||maria luiza|imaculado coracao de maria|35568000|36,-2047005,-4552623;41,-13,-5;46,11,4;48,1,-15;61,-4,3;66,11,-10;70,0,4;71,-8,-9;72,4,1;75,7,-18;81,-9,-1
rua||maria rita de castro|amazonas|35568000|14,-2045260,-4555458;15,54,69;22,4,-9;25,-11,5;35,1,0;36,-2,-17;44,-6,-9;45,-3,8;54,-3,-10;64,-2,-1;102,-25,-37;122,-10,-6;132,-27,-33;139,13,21;142,6,-3;143,-9,1;150,1,-9;151,-4,6;159,-10,-13;185,2,-37;195,-19,22;225,-13,-20;271,9,1
rua||messias caetano de faria|faria|35568000|35,-2045189,-4555830;60,-8,16;250,-42,42;397,23,-20;540,-30,5
rua||messias rodrigues de faria|bela vista|35568000|105,-2045077,-4555144;115,15,23;125,6,6
rua||messias rodrigues de faria|mizael bernardes|35568000|80,-2045094,-4555155;102,15,12;132,7,14
rua||minas gerais|amazonas|35568000|53,-2045324,-4555216;273,17,-22;283,-1,10
rua||minas gerais|floresta|35568000|60,-2045681,-4554882;388,284,-277;401,-185,166;501,54,-36;502,-12,6;582,-64,57;641,-40,46;642,1,-7;643,0,8
rua||mizael bernardes da silveira|bela vista|35568000|16,-2045040,-4555229;28,4,-1;94,-64,51;134,23,-24
rua||mizael bernardes da silveira|centro|35568000|20,-2045000,-4555268;22,120,-112;23,-123,107;30,4,2;40,11,-9;91,-107,86;101,7,-4;115,142,-131;121,-125,117;128,139,-130;133,11,-8;142,1,2;152,10,-11;188,17,-17;207,16,-13;217,5,-7;221,3,-1;222,2,-9;231,-127,124;241,8,-5;246,154,-147;247,-26,18;248,14,-2;258,4,-2;274,9,-1;310,-120,111;320,10,-11;415,61,-61;457,35,-38
rua||mizael bernardes da silveira|mizael bernardes|35568000|74,-2045100,-4555161
rua||nossa senhora da abadia|eldorado|35568000|225,-2044575,-4556416;275,74,-63
rua||olinda maria de jesus|imaculado coracao de maria|35568000|11,-2047069,-4552536;38,28,9;48,12,-3;53,-7,-9;63,11,5;68,11,5;80,4,4;90,-2,-4
rua||ouro|eldorado|35568000|100,-2044448,-4556323;105,-12,15;130,-4,-26;385,39,28;420,-75,2;430,7,-4;450,9,-21
rua||padre remaclo foxius|centro|35568000|22,-2044929,-4555665;27,4,-10;43,14,-6;96,9,-10;105,0,-14;140,-41,49;160,-19,14
rua||paineiras|floresta|35568000|62,-2045502,-4555142
rua||passos|mizael bernardes|35568000|39,-2045070,-4554600;49,-5,0;50,-6,8;189,-111,88;229,-25,24;250,-5,0;290,-29,27
rua||rosalina de jesus souza|vargem grande|35568000|9,-2044570,-4557213;60,-36,-13;62,-25,4;64,-10,-15;76,2,5;260,-156,-15;940,27,-11
rua||sagrado coracao de jesus|bom pastor|35568000|21,-2044593,-4555683;31,16,11;40,13,-18;41,-7,7;86,-13,-10;106,20,-3;170,68,-18;210,-61,20;220,5,-3;230,16,-5;286,42,-20
rua||salvador gomes pereira|rosario|35568000|933,-2043983,-4556200;939,-55,-53
rua||sao francisco|bom pastor|35568000|31,-2044537,-4555607;34,5,8;74,18,-9;94,20,-3;99,-8,-5;121,37,-7;122,-20,6;132,21,-1;242,4,-4
rua||sao judas tadeu|bom pastor|35568000|15,-2044258,-4555683;40,-62,24;95,-209,116;100,-2,-13;111,14,-5;145,24,-4;161,8,5;164,15,-4;167,135,-61;172,-145,51;175,7,7;191,22,-15;194,132,-64;201,-123,68;203,17,-6;204,-5,2;206,14,0;370,96,-58;400,-220,112;415,224,-138;430,20,-8
rua||sao miguel arcanjo|bom pastor|35568000|45,-2044561,-4555650;216,-6,3;226,34,-2;252,20,-11;260,14,2;275,15,-9;276,3,7;280,19,-14;285,-7,-1;330,56,-14
rua||sebastiao bernardes de castro|bela vista|35568000|22,-2044649,-4555156;40,13,4;60,25,18;100,36,0;101,-5,7;125,-25,-9;139,71,19;157,9,2;165,-118,-33;185,-20,-3;473,102,20
rua||sebastiao goncalves silva|rosario|35568000|25,-2043863,-4556661;40,64,273;64,-21,-262;74,4,-1;84,26,-1;410,-56,0
rua||sem denominacao 3|bom pastor|35568000|69,-2043575,-4556657;120,53,111;124,-126,-104;165,55,7;203,73,96;205,43,24;230,-67,-39;290,-74,-87;340,30,15
rua||sem denominacao 4|bom pastor|35568000|150,-2043437,-4556722;410,-150,-84;703,-18,-34;784,36,50;829,-74,-30;871,-28,-7;875,20,-15
rua||sem denominacao 7|bom pastor|35568000|150,-2043379,-4556832
rua||sem denominacao q2|rosario|35568000|184,-2043906,-4556484
rua||sem denominacao q3|sao geraldo|35568000|76,-2046335,-4553625;460,-17,3
rua||sem denominacao|rosario|35568000|555,-2043897,-4556812;565,0,-14;607,-16,-19;631,-97,-132;669,59,74;685,-11,-18;702,-27,-3;751,-9,-48;783,3,-34;817,0,-23;827,-7,21;835,6,-35;851,-8,-20;871,-9,-16;885,11,-10;895,-1,-36;905,-1,1;939,-4,-5;959,-9,-19;979,-1,-19;989,-8,-9;999,-8,-16;1002,1,-4;1017,-11,-7;1047,-8,-22;1071,-22,-22;1103,-13,-22;1145,-23,-22;1165,-22,-11;1177,-16,3;1189,-8,-2;1305,-88,-1
rua||sem denominacao|sao geraldo|35568000|1750,-2046001,-4553274
rua||serafina rodrigues de oliveira|rosario|35568000|44,-2043821,-4556332;75,-34,-18;78,-40,-32;83,27,22;98,-17,-11;104,36,11;134,9,-5;164,29,19
rua||tereza c da silveira|rosario|35568000|115,-2043987,-4556646;366,33,6
rua||umbelina da silva leao|sao geraldo|35568000|79,-2046203,-4553268;85,-23,-117;140,-77,-44;150,38,2;334,17,-25;350,-12,-21;364,-16,-27;386,-42,-5;410,10,-47;420,-20,-28;700,116,341;744,5,-58;774,0,-38;1900,-27,0;1915,24,-46;1918,-5,18
rua||vargem grande|vargem grande|35568000|32,-2044836,-4557041;920,-34,-108;928,141,-31;966,105,144;976,-30,-35;986,-84,-86;1000,-120,-101
rua||vitoria leonel guimaraes|imaculado coracao de maria|35568000|19,-2046705,-4552470;26,-25,-81;42,-4,8;69,22,29;70,-8,-6;80,10,7;89,-7,-31;105,8,58;175,-2,23;249,3,0
travessa||galeno silva|bela vista|35568000|56,-2044623,-4555174;425,19,6;652,-2,-22
travessa||jose caetano de faria|centro|35568000|20,-2044946,-4555541;30,5,-5
travessa||vigario joao ivo|centro|35568000|31,-2044894,-4555638;45,17,-13;46,-2,0;47,7,-1;74,-12,-11;80,52,1
