acesso||avenida renato azeredo|vila de lourdes|35796468|37,-1877486,-4443835;1112,8,13
alameda||das acacias|vale das aroeiras|35797899|37,-1874256,-4439278;38,-35,48;39,51,17;41,20,97;43,12,46
avenida|deputado|renato azeredo|bela vista|35796177|3,-1876403,-4443752;6,-43,-20;10,-4,-4;16,-7,-6;18,3,-1;25,37,19;28,-53,-9;35,45,6;37,-17,-5;39,-7,9;45,-6,-5;47,-9,-4;51,-10,25;81,-10,-20;88,-9,-17;92,-3,-12;93,3,19;95,-11,11;97,-5,-6;100,12,-8;107,-14,10;110,6,-12;112,-3,-2;114,-5,5;118,-44,5;119,36,6;120,3,-14;127,-5,13;136,2,-11;144,-17,1;170,-23,7;182,-16,-6;186,-7,-6;192,5,11;196,-6,-7;200,-1,6;210,-2,-12;214,-10,-5;220,-38,15;222,0,-8;226,1,8;228,-3,-7;230,1,-2;231,19,10;236,-36,1;239,27,-5;243,-12,-3;253,-7,1;257,6,-1;278,-20,-3;279,-2,7;305,-22,-10;309,-9,7;311,-5,-4;313,16,-3;319,-18,6;329,-12,2;335,-6,16;341,-6,-12;351,-10,1;359,-9,-5;360,3,-12;369,-8,11;373,-1,1;379,-14,-5;383,0,-3;389,-5,3;393,-3,-2;398,-36,2;399,28,2;400,-29,-12;405,25,15;416,-33,-17;424,-10,7;430,-8,0;440,-13,-5;450,-1,1;460,-11,-2;472,-17,9;484,-9,-9;498,-9,6;518,22,-26;526,-49,18;538,-7,3;550,-18,-2;558,-1,3;562,-4,-2
avenida|deputado|renato azeredo|bela vista|35796468|153,-1876554,-4443776;163,-7,-6;167,-1,12;171,-3,-4;173,-5,6;175,0,-3;179,-11,-1;185,-1,1;191,-5,0;195,-15,0
avenida|santo|amaro|passaginha|35792221|74,-1874724,-4441431;321,-228,-231;329,22,23;331,-8,-5;345,68,42;355,-45,-33;367,13,14;379,12,6;401,7,7;421,10,7;431,23,21;469,0,-2;479,13,3;487,11,4;495,1,14;523,30,15;613,48,68;631,-62,-76;641,70,102;651,-19,-37;663,32,47;683,7,16;689,4,2;695,8,13;705,2,8;709,3,5;717,3,2;721,4,5;727,3,5;731,-5,-10;735,-1,17;743,7,7;745,6,5;755,3,5;765,11,9;779,-5,20;781,-14,-2;793,9,3;805,14,16;821,2,7;2000,-523,-449;4340,29,-19
avenida|santo|amaro|passaginha|35792260|16,-1875268,-4441755;248,258,94;250,83,36;272,-65,-23;282,8,-3;302,17,20;318,9,-5;322,4,8;340,16,6;346,7,-3;350,9,5;360,0,1;362,10,2;484,80,53;494,1,13;500,8,2;514,10,6;522,1,5;526,3,4;530,2,5;536,7,5;544,0,8;550,15,11;556,17,-14;646,24,82;676,-8,-23;698,12,24;700,7,37;710,8,6;714,-5,6;718,9,5;720,-3,5;730,1,9;740,9,2;756,-4,7;770,20,20;784,4,9;794,2,8;808,-6,20;820,12,1;826,9,7;836,2,4;854,9,25;930,18,88;2030,-491,-538;2055,-95,17;2065,13,-9;2068,-10,8;3000,497,575;3050,28,22;3100,126,146;4150,-742,-830;4160,8,0;4174,22,16;4180,-12,0;4190,13,-3;4196,4,3;4200,7,1
avenida||andradina|santa rita|35790647|72,-1874682,-4445451;120,-21,-65;130,-6,0;170,-7,-27;200,-100,-244;202,90,214;244,-49,-102;250,1,-10;256,-5,-11;260,-1,6;262,-6,-6;264,1,3;284,-7,-39;292,0,-5;300,-62,-151;356,6,32;364,-1,-16;424,-49,-120;484,-11,-67;492,-15,-10;498,-8,-8;730,-48,-128;764,-13,-37;772,-17,-31;780,-42,-108;858,34,79;864,1,-5;880,-6,-7;908,-15,-27;956,-17,-52;1150,401,1023
avenida||antartida|bandeirante i|35792602|221,-1873860,-4442457;233,16,-2;1831,-32,9
avenida||antartida|bandeirante|35792602|30,-1873976,-4442400;103,-10,3;109,19,-6;115,14,0;125,20,-9;141,9,-8;155,2,-5;165,13,-7;177,11,-7
avenida||atlantida|bandeirante i|35792604|250,-1873885,-4442670;260,5,-12;270,7,-16;280,5,-8;292,2,-5;320,1,-13;336,7,-22;340,8,-9
avenida||atlantida|bandeirante|35792604|5,-1873889,-4442448;9,-2,-20;20,4,1;44,-4,-23;73,-11,-30;80,9,4;81,-7,-8;91,-4,-13;92,9,14;98,-3,-18;104,-5,-2;110,4,-2;115,-7,-5;119,-1,-4;120,7,0;125,-10,-15;130,9,7;132,-8,-41;136,1,-9;170,3,-12;176,2,-3;181,-13,16;193,3,-8;198,12,-20;203,-8,14;210,12,-27;215,-10,13;245,12,-19;249,0,-6;255,-1,-5;281,12,-21;299,4,-15;305,11,-18;311,21,-42;321,-5,-13;325,-18,50;399,20,-49;405,10,-8;465,5,-30;477,9,-8;481,1,-16;489,2,-11;497,5,-6
avenida||carmelita arrieiro|ponte nova|35794544|20,-1878646,-4441892;45,13,-5;55,0,71;71,-15,-83;85,7,42;93,3,10;100,-14,-59;135,15,61;155,-2,25;165,3,12;175,6,5;185,6,17;240,-9,38;244,6,4;252,0,-8;254,2,17;260,4,5;264,2,1;270,-2,1;320,30,47;330,2,-2
avenida||maria amalia|maria amalia|35796060|88,-1875934,-4443645;94,-2,-13;114,-20,-17;136,12,16;156,-8,-29;176,-22,-31;190,-11,-25;216,-8,-9;321,-66,-80;337,-9,-10;351,-14,-13;353,0,-1;355,0,-8;359,4,3;365,-6,-6;395,-7,-10;405,-7,-14;407,-6,-8;411,-7,-12;417,0,-12;429,15,2;439,-30,-1;480,-9,-33;489,-22,-8;490,19,6;500,-7,-5;501,-15,-11;509,-5,3;525,-13,9;530,18,-18;539,-20,-14;545,-4,-3;552,8,-3;555,-9,0;559,-9,-4;560,7,-5;569,-4,-7;572,-5,10
avenida||maria amalia|palmeiras|35796060|47,-1875934,-4443587;59,-5,-15;71,-2,-15;83,-10,-12;121,-17,-36;139,-11,-20;159,-3,-13;179,-11,-25;195,-7,-2;207,-9,-19;219,-1,-3
avenida||renato azeredo|bela vista|35796177|435,-1876813,-4443789;445,-1,0;449,-14,5;465,-8,1;471,-7,-2;475,-4,1;485,-5,0;491,-4,2;507,-6,-3;513,-15,-3;517,-4,1;527,-16,-3;533,7,-7;539,-21,12;545,3,2;551,-6,2;555,0,-4;567,-12,-3;573,6,37;581,-23,-37;589,-3,-1;603,-12,2;619,-19,-1
avenida||renato azeredo|bela vista|35796468|659,-1877016,-4443790;669,0,4;677,-14,-2;685,-5,1;697,-19,-8;707,-1,2;715,-9,-5;721,-7,1;865,-168,-2;869,36,-2;877,-4,-3;883,-11,3;895,-4,3;903,-5,-1;909,-8,7;917,1,-7;923,-17,7
avenida||renato azeredo|leo batista|35796468|959,-1877279,-4443796;961,-3,-12;965,-1,-2;969,-4,7;975,-3,-2;977,-15,4;985,-6,1;993,-3,22;1005,-13,-20;1023,-16,-1;1029,-7,-2
avenida||renato azeredo|vila de lourdes|35796177|662,-1877015,-4443797;676,-14,-5;706,-10,-1;708,-14,7;710,-17,4;736,-5,-14;740,-10,-1;754,-45,7;758,0,-7;766,-7,1;770,-5,1;772,2,-2;804,-16,6;812,-6,-1;822,-4,1;838,-4,-3;844,-4,2;854,-10,0;860,-16,-1;874,6,-42;910,-47,38;940,-17,6;960,-25,-8;966,-7,0;974,-4,-2
avenida||renato azeredo|vila de lourdes|35796468|753,-1877099,-4443789;777,-20,-1;779,-9,1;789,-6,0;793,-5,1;795,-2,-2;799,-5,-2;807,-5,-1;811,-11,3;827,0,-5;831,-5,-10;837,-10,4;845,-13,-1;1000,-135,-11;1010,-17,0;1040,-16,0;1044,0,0;1050,-11,1;1058,-5,-2;1066,-6,2;1068,-8,-2;1070,-15,-1;1076,-11,11;1080,-2,-12;1087,23,18;1090,-45,-10;1097,39,6;1109,-21,-6;1123,-8,-2;1135,-6,10;1145,-16,-1;1149,-4,-1;1155,-6,2;1165,2,-6;1175,-33,-12;1177,0,0;1185,-11,20;1189,-18,-7;1205,-27,-2
beco||acucena|sao geraldo|35790725|1615,-1872861,-4442110;1625,6,-12;1635,2,-10;1639,3,-11;1642,-32,-115;1645,30,103;1647,-2,-15;1651,-2,-12;1655,-54,-102;1657,41,77;1665,-40,-77;1670,41,69;1673,-10,-17;1675,-13,-69;1699,7,59
beco||angico|passaginha|35792293|103,-1875290,-4441514;113,13,23;115,-8,-6;121,-1,-2;125,-5,1;131,1,4
estrada||da araponga|cachoeira do choro|35790559|2,-1902233,-4471627;100,545,2173;106,-621,-165;212,1599,2069;213,-73,66;214,5,23
estrada||do araticum|cachoeira do choro|35790559|96,-1902493,-4466669;98,-58,109;99,42,42;100,-64,80;103,173,7;104,-91,-87;105,-14,-50;106,19,-177;108,19,-61;110,20,-191;111,-3,5;127,238,-56
estrada||osorio de almeida|tomas gonzaga|35789001|660,-1844538,-4433087
fazenda|nossa senhora|aparecida|atoleiro|35790559|1,-1891427,-4467729;2,2,9
fazenda|nossa senhora|aparecida|br 040|35790559|386,-1891424,-4467724
fazenda|nossa senhora|aparecida|chacreamento campo limpo|35797899|9,-1897551,-4453660
fazenda|santo|antonio|queixada|35797899|563,-1874759,-4449284
fazenda||abrauna|canabrava|35789001|2,-1893227,-4466346
fazenda||acalanto|canabrava|35789001|1,-1892329,-4466483;2,-25,-7;3,76,25;4,-82,-26
fazenda||acude|anguereta|35790536|1,-1911132,-4466980
fazenda||agriminas|bananal|35797899|7,-1903919,-4451453
fazenda||andradina|beira corrego maquine|35797899|24,-1891255,-4431424
fazenda||angola|fazenda gramado|35789001|32,-1899284,-4433042
fazenda||anguereta|anguereta|35790559|2,-1901420,-4463878
fazenda||aroeira|sumidouro|35798400|58,-1874800,-4459259;168,2,7
fazenda||atalho|atalho|35792331|1,-1870422,-4451927
fazenda||capao do acude|sao geraldo do jatai|35789001|8,-1882826,-4415196
fazenda||das aboboras|proximo aboboras|35789001|6,-1894964,-4431293
fazenda||nova alvorada|nova alvorada|35797899|1,-1908924,-4455330;4,3,14;5,75,102
fazenda||posto azul|anguereta|35790536|9,-1914266,-4463312
fazenda||sanfa agropecuaria|br 040|35790559|395,-1898603,-4461342
fazenda||vista alegre|vista alegre|35797899|1,-1904278,-4455337;2,20,-17;3,-5,9;4,5,-10
praca|nossa senhora|aparecida|bananal|35797899|5,-1903133,-4451722;6,9,16;23,19,-6
praca||cesario alvim|centro|35790279|227,-1874974,-4443016;243,9,4;253,6,4;271,16,10;394,-4,20;400,-8,5;410,6,3;420,12,-6;424,15,-3;444,4,5
praca||ceu azul|santa rita|35790662|22,-1874491,-4445652;30,-1,-9;36,-4,-3
rua|coronel|pedro augusto|centro|35790246|13,-1875533,-4442866;16,-18,124;18,26,-147;20,-4,7;24,4,6;26,5,0;28,-11,-1;46,-8,28;61,1,14;65,-6,86;76,2,-99;84,1,31;98,1,14;130,3,-69;140,-2,15;150,-1,30;162,3,86;180,-10,10
rua|dona|aninha|cachoeira do choro|35797899|113,-1901990,-4473048;128,19,-10;129,-5,2;743,-80,13
rua|nossa senhora|aparecida|cachoeira do choro|35797899|10,-1901963,-4472409;19,56,-60;20,-49,53;21,1,-4;31,11,-10;48,57,-48;71,30,-53
rua|nossa senhora|aparecida|jardim america|35794002|162,-1875893,-4441864;172,80,71;174,-70,-63;180,1,1;196,14,19;212,12,15;224,5,7;250,30,10
rua|nossa senhora|aparecida|vila sao jose|35794002|8,-1875808,-4441948;35,-10,-6;38,0,6;44,-5,11;45,-1,9;53,4,-3;60,-7,-20;63,7,20;66,-2,-18;67,-8,27;71,-6,3;77,2,6;81,-4,0;82,17,-39;96,-45,62;105,19,-13;110,-17,12;117,3,-1;127,-9,10;130,-1,-2;140,-11,8;150,-12,14;152,-3,-5;161,-15,-5;179,37,16;195,11,22;201,4,3;209,6,3;227,11,11;239,3,6;241,2,-6;257,25,8
rua|padre|jose alves|centro|35790225|2,-1875613,-4442454;3,1,-14;4,-5,1;5,-4,-6;6,-5,1;7,-14,-4;16,-152,-200;20,9,4;23,8,-4;25,14,15;26,-15,0;30,11,14;42,3,6;52,20,28;60,-17,-19;64,10,7;145,48,41;155,17,15;175,4,13;188,2,17;200,8,8;237,38,29;247,4,10;249,-1,-1;257,2,6;269,6,8;285,11,7;321,-95,-117
rua|padre|jose de anchieta|jardim paraiso ii|35794148|12,-1877240,-4442394;36,28,-2;48,10,8;55,-27,-16;60,29,16;63,-21,-10;69,2,-1;71,7,1;79,-2,1;82,96,37;87,-86,-38;95,5,3;107,8,5;108,40,16;153,-2,-6;157,-8,9;167,25,-5;191,24,12;193,7,12
rua|professora|cecilia octaviano de alvarenga|lucio cardoso|35792726|9,-1872497,-4443489;19,-14,-8;29,-14,7;39,-6,-6;49,-7,3;58,-7,-16;59,-4,14;69,-11,0;79,-9,-2;89,-11,0;99,-5,-6;109,-13,3;119,-5,-2;129,-12,-2;139,-3,-2;149,-22,4;159,-3,-1;169,-11,-5;179,0,-4;189,-16,-8;199,-1,-3;209,-37,46
rua|professora|malvina guimaraes amarante|lucio cardoso|35792736|9,-1872336,-4443493;10,5,4;19,12,-13;20,-2,13;29,9,-16;30,-4,16;39,10,-18;40,0,8;49,2,-10;50,7,3;59,9,-9;60,-8,7;69,18,-12;70,-2,6;79,6,-10;80,2,7;89,7,-13;90,1,6;99,5,-8;100,3,7;109,11,-12;110,-3,11;119,4,-14;120,6,10;129,1,-14;130,9,9;139,3,-13;140,0,8;149,6,-12;150,9,8;159,-2,-8;160,5,4;169,1,-8;170,8,6;179,6,-9;180,1,1;189,7,-4;190,5,1;199,2,-7;200,2,5;209,4,-7;210,3,-1;219,8,-6;220,3,3;229,3,-6;230,7,2;239,1,-15;240,5,14;249,4,-9;250,2,3;260,8,-2
rua|professora|maria alice diniz gomes de almeida|lucio cardoso|35792742|61,-1872264,-4443363;71,12,-7;84,20,0;91,-5,-7;111,-6,-4;121,25,-11;171,48,-20;201,18,-8;211,10,2;221,7,-10
rua|santo|antonio|cachoeira do choro|35797899|27,-1901742,-4472729
rua|tenente|aroldo|anguereta|35790536|2,-1914892,-4466483
rua||abrolhos|boa esperanca|35796535|36,-1877362,-4444377;39,9,-3;49,-15,-7;75,-82,-129;77,61,99;85,-5,-6;94,20,11;98,-9,-2;107,-24,-25;108,23,13;117,-29,-17;126,32,26;136,-24,-39;155,-33,-29;175,-6,-5;187,-4,-6;193,-6,-2;199,-2,-9;208,13,16;209,-18,-20;214,13,12;215,-18,-20;219,8,0;220,11,9;227,-31,-17;236,19,8;239,-19,-15;251,-9,-8;264,12,4;270,-1,-18;276,-2,6;282,-13,-7;445,156,191
rua||acacias|santa filomena|35794212|43,-1877581,-4442654;49,2,10;59,2,-3;88,-11,-1;100,9,6;108,1,8;120,2,0;121,50,55;127,-1,2;137,5,7;150,-36,-35;156,1,1;177,54,63;180,-39,-45;191,45,61;203,4,13;209,5,4;218,-27,-39;221,42,45;228,-42,-45
rua||acaraje|passaginha|35792257|10,-1874670,-4441462;16,-16,6;22,0,1;25,-9,5;26,-4,4;27,5,0;71,16,-2
rua||acre|ponte nova ii|35794604|37,-1879007,-4442829;43,7,-9;49,7,-8;55,-3,-3;59,5,-4;70,1,-14;78,1,26;82,0,-4;87,-2,-19;99,9,-7;106,-7,6;111,14,-11;122,13,-13;129,-6,-7;134,-7,19;141,9,-27;151,4,-7;157,4,-6;158,3,0;161,2,-12;175,7,-23;185,4,-3;818,-62,131
rua||acucena|santa cruz|35790725|10,-1874021,-4442324;20,4,5;30,-6,3;40,10,32;52,11,-1;60,0,19;80,-11,7;418,142,202;420,10,21;426,5,10;430,1,4;440,3,-3;458,21,22;490,4,19;496,-9,3;500,17,7;502,11,-9;504,-6,11;546,26,10;550,-1,14;570,13,-10;576,9,5;584,14,7;594,9,6;596,15,18;600,11,-1;606,14,16;614,9,-4;622,7,9;626,151,66;628,-148,-62;644,3,4;676,25,10;678,11,15;688,7,2;698,4,2;706,5,8;708,2,2;823,77,19;824,6,4;826,10,-4;828,10,2;854,28,-5;870,14,1;1680,683,-229;1710,11,-18;1720,14,0;1724,1,-3;1728,2,-4;1730,11,-1;1740,5,-6;1754,16,-10;1756,9,-5;1758,13,-8;1790,5,-4;1798,10,-7;1800,7,-1;1820,-2,6;1824,20,-17;1830,6,6;1840,9,-18;1842,10,-1;1846,21,-9;1848,-93,48;1850,121,-61;1870,12,-11;1880,5,-5;1890,23,-12;1910,622,-135;1918,16,-11;1922,38,-13;1980,7,-1;2210,19,-7;2220,22,-4;2240,14,-7;2246,12,-2;2260,20,6;2300,79,51
rua||acucena|sao geraldo|35790725|65,-1874003,-4442279;79,-1,13;99,-5,28;129,14,20;161,-8,-11;615,305,317;665,44,28;675,7,6;683,7,4;685,5,10;695,227,2;699,-223,-5;705,6,4;715,13,-2;725,0,13;735,11,5;745,5,-6;753,11,12;761,5,3;785,12,0;791,9,2;827,21,-5;839,21,-17;843,7,12;859,14,11;861,1,-6;891,8,-6;897,5,1;903,12,1;915,1,2;923,11,-6;937,7,-5;941,2,-3;943,11,-1;951,5,-2;953,3,-7;955,8,6;965,26,-19;997,0,12;1005,1,-4;1011,11,-16;1021,16,5;1031,6,1;1037,10,0;1055,10,-5;1065,13,-7;1071,4,2;1075,4,-2;1085,9,6;1093,4,-10;1111,8,-9;1119,12,2;1121,-61,17;1125,75,-26;1147,9,0;1161,18,-16;1169,19,-1;1187,8,-4;1199,21,-2;1235,10,-4;1243,20,-13;1289,35,-10;1297,-7,2;1299,13,-4;1303,2,-11;1311,16,7;1315,4,-6;1325,7,3;1331,4,-13;1333,-1,6;1345,11,0;1353,4,-7;1363,14,-3;1371,3,-2;1377,4,-3;1389,9,3;1401,16,-10;1417,19,-9;1465,27,-10;1471,14,0;1515,29,-13;1525,9,0;1527,28,-10;1529,30,0;1535,8,2;1537,1,-9;1553,27,-14;1560,24,-10;1735,64,-30;1745,14,-11;1755,57,-24;1775,-123,60;1859,198,-109;1865,8,-5;1875,625,-146;1887,-617,145;1893,3,-3;1895,16,-3;1901,0,-7;1923,14,-11;1957,0,1;1999,702,-161;2315,121,-14;2859,27,-1;2879,10,-4
rua||alagoas|vila de lourdes|35796480|486,-1877496,-4444146;490,7,-1;494,-6,0;500,16,12;530,11,6;570,14,6;590,3,5;594,9,5;598,19,13;600,1,3;608,11,1;612,13,6;628,3,1;630,20,10;640,-1,0;650,-7,0;660,13,7;670,25,5;674,7,10;676,4,7;678,10,2;690,14,8;768,36,14;770,13,7;772,5,1;774,6,5;776,-8,-5;786,20,18;794,0,-1
rua||alcobaca|palmeiras|35796066|12,-1876120,-4443697;30,21,11;46,9,-11;98,5,-16;104,43,-35;105,-16,3;106,11,0;110,-45,43;111,43,-51;120,-52,62;139,60,-71
rua||alfenas|santa rita|35790659|34,-1874916,-4446104;46,6,-2;52,8,-3;58,3,-3;70,10,-6;110,38,-14;138,18,-9;156,49,-25;186,0,8
rua||alfenas|santa rita|35790695|97,-1874853,-4446145;238,110,-40;280,45,-13;290,-1,-2;330,39,-12;342,12,-9;564,166,-71;594,20,-11;600,13,-2;606,6,-2;612,6,-2;618,6,-1;651,37,-25;663,7,-4;671,8,-9;677,1,4;690,14,2;695,8,-13;696,6,9;702,-3,-3;712,12,0;714,0,2;720,8,-3;728,8,-7;739,-11,-3;740,19,-1;751,-11,-1;763,6,-4;775,13,-12;798,21,8;809,10,-11;817,4,-6;822,6,7;861,27,-18;869,9,-10;877,6,6
rua||alfenas|santa rita|35790725|259,-1874723,-4446195;271,15,-8;283,6,-2;287,9,4;293,3,-5;299,6,0;305,1,-5;311,4,-2;323,7,-3;355,29,-12;361,5,-7;369,10,-2;373,3,-1;379,9,0;385,5,-2;391,3,-5;399,5,-1;411,29,-6;453,8,-4;477,15,-16;483,2,2;489,8,-3;501,11,-7;509,5,-3;523,4,-3;531,5,-1;537,4,-1;559,21,-4;641,56,-29
rua||alice|cachoeira do choro|35797899|19,-1901629,-4472938;34,-8,0;76,101,65
rua||almenara|santa rita|35790686|453,-1874477,-4446222;465,11,-2;489,24,-16;612,-33,22;642,61,-25;648,9,-3
rua||almenara|santa rita|35790689|7,-1874909,-4446044;15,12,-8;23,5,3;31,3,-3;53,37,-14;62,-14,16;65,27,-20;75,9,0;81,0,-6;83,2,0;89,8,0;98,-13,16;125,49,-36;149,10,-4;155,1,1;161,5,-2;168,-17,17;173,36,-23;174,-31,22;180,5,-6;186,3,-5;215,55,-25;221,2,-3;227,8,-4;233,3,-1;238,-7,13;250,5,-6;268,20,-6;274,3,0;280,7,-5;286,6,-4;292,5,3;298,2,-3;310,17,-7;316,7,-3;651,337,-152;652,-74,40;658,11,-1;675,74,-46;682,-57,35;688,4,-2;694,16,5;711,75,-54;712,-60,34;718,3,-1;721,73,-39;730,-67,40;749,89,-47;757,1,-3;765,14,-5;778,-58,28;802,14,-4;808,9,-1;814,4,-2;820,10,-2;826,3,-6;846,4,-1
rua||alpinopolis|maria amalia|35796087|30,-1876099,-4443981;35,-21,0;41,2,-11;45,-2,-10;46,11,5;49,-17,-9;50,12,-3;55,-18,-13;56,15,15;60,1,-15;77,-24,-8;181,-7,-24;189,-5,-5
rua||amapa|sao pedro ii|35796330|22,-1877561,-4444312;30,-2,5;50,-6,10;64,-1,7;74,-6,6
rua||amapa|sao pedro|35796330|21,-1877554,-4444323;27,-1,11;37,-8,13;49,-3,5
rua||amarante|bela vista ii|35796240|35,-1876599,-4444563;36,5,7;43,1,-10;44,14,-1;52,-1,-3;53,-11,5;59,5,-3;60,-10,9;65,17,-9;75,10,0;87,7,-3;93,0,2;96,16,9;99,-8,-9;102,-2,5;105,9,-7;108,4,1;109,4,-1;119,4,-1;120,-1,5;123,12,-5;130,-2,2;134,4,2;135,6,-3;145,6,2;150,-9,2;153,21,-9;180,30,3;184,4,7;194,25,-5;208,-7,2;215,-1,-8;217,8,-2;220,1,6;223,99,-12;226,-91,11;229,9,0;232,8,7;233,66,-18;237,-113,9;238,32,-2;241,8,-1;246,12,5;252,-2,-5;253,-2,-1;254,8,8;256,3,-8;259,-3,0;260,2,6;263,2,-8;269,3,3;271,80,-3;274,-73,6;284,6,-5;285,3,-4;288,2,11;290,3,-2;294,11,-2;298,2,0;299,-4,-5;307,5,-4;310,3,11;327,23,-7;328,-13,7;330,0,0;334,14,-6;339,8,1;345,6,-4;356,-1,2;360,5,1;362,0,0;364,9,-2;374,18,1;409,14,-3
rua||amazonas|bela vista|35796159|12,-1876668,-4443770;15,-7,17;16,8,-9;22,-8,10;26,7,9;31,-1,-3;32,-9,1;40,-3,8;45,10,6;50,-13,4;55,11,4;64,-2,3;65,3,7;68,-2,7;70,-3,4;72,-1,4;73,1,-7;74,-14,0;75,18,4;77,0,7;78,-14,-2;80,-1,5;92,-1,5;93,18,4;94,-15,-2;103,13,6;104,-11,2;109,11,6;113,1,8;116,-16,-6;120,-3,6;122,1,2;125,18,9;134,-19,6;163,-335,30;166,338,3;180,3,8;186,1,11;194,2,6
rua||andarai|vila de lourdes|35796405|23,-1877084,-4443226;27,13,-5;30,-14,4;31,6,5;71,23,41;89,-2,-15
rua||andes|boa esperanca|35796577|21,-1877884,-4444850;25,-7,-2;31,-29,-17;33,5,5;41,19,6;45,-38,-20;49,34,16;55,-2,4;79,-8,-4;81,-1,0;93,-14,-9;108,171,73;113,-188,-77;114,191,79;115,-195,-86;126,198,88;129,-211,-87;138,223,89;144,5,6;148,8,2;154,-1,-3;160,13,5;172,8,5;180,14,7;182,12,2;184,-18,-6;186,21,8;188,-8,-2;190,16,2;200,5,6;220,11,1;236,9,6;274,22,11;300,26,10;302,6,2;308,5,5;318,6,0
rua||andes|esperanca|35796577|102,-1878026,-4444917;245,-42,-15;259,23,1;291,-25,-5;311,-19,-6;315,-15,-12;401,-59,-18;405,-14,-9;407,-30,-14;423,27,17;431,-19,-8;435,6,2;447,-20,-12;459,-4,-1;469,-16,-4;479,-15,-5;481,24,10;495,-24,-10;505,-18,-8;508,169,68;525,-176,-73;531,-10,-7;535,-5,0;545,-11,-3;559,-5,-3;569,-14,-2;575,-6,0;589,-19,-15;593,12,11
rua||andes|jardim do cerrado|35796577|2,-1877661,-4444761;5,-369,-209
rua||andradas|boa esperanca|35796520|20,-1877856,-4444695;34,17,3;45,6,-2;54,2,8;55,9,-3;70,10,8;71,5,2;80,-4,-2;81,6,-2;87,12,8;92,-6,-4;93,9,3;103,7,8;115,7,-2;124,-10,3;125,23,-1;131,2,-2;138,-16,-6;139,21,15;142,-20,-3;150,19,8;151,14,6;164,3,4;165,4,-5;170,19,14;174,-6,-3;175,2,-6;176,-35,-9;180,46,24;185,-4,-17;188,7,18;192,1,1;198,9,2;199,-8,-13;203,6,6;204,11,6;217,-6,-5;225,3,2;228,29,26;235,-23,-24;240,34,27;247,-27,-24;257,5,7;261,23,16;264,5,11;265,3,-9;273,6,11;282,2,14;291,6,-3;292,1,12;305,1,-4;465,95,121;479,12,10;485,-4,4;500,9,14;540,19,32
rua||andrequice|centro|35790111|5,-1875751,-4443276;17,3,-12;19,10,-8;28,10,-11;35,-2,3;45,-1,-4;46,3,-3;49,-2,-3;52,8,-4;60,3,-10;70,10,-10;72,3,-7
rua||angatuba|alto bom jesus|35790877|380,-1873605,-4443925;381,-1,-10;393,-2,1;400,9,25;440,7,-3
rua||angazeiros|solar dos ventos|35797899|86,-1876025,-4439322
rua||angical|santa filomena|35794172|20,-1877092,-4442816;32,-1,-1;44,-12,2;56,-12,2;98,-8,3;116,-29,8
rua||angicos|angicos|35797899|10,-1886896,-4446739;12,-169,-39;14,-170,-1;15,320,29;17,-207,-32;18,109,84;20,-55,-52;26,-149,-48;30,245,74;33,-284,-93;35,19,8;37,132,31;39,-76,-17;40,-24,25;41,8,-30;60,266,107;73,-164,-81;75,-78,-22;77,26,-2;80,112,49;84,-63,-21;85,17,-1;90,42,20;100,55,28;102,-9,-85;110,-82,45;114,61,38;120,-24,13;130,-12,-25;140,-121,-50;520,-132,-38
rua||angicos|passaginha|35792293|8,-1875236,-4441602;18,-9,20;20,-46,42;31,58,-62;32,-20,16;37,16,-5;40,-22,14;41,4,0;45,-5,11;48,-6,-2;52,0,1;57,4,5;61,-2,-1;64,-3,2;65,-1,5;73,-4,9;80,-6,-4;91,-6,17;95,-26,22;111,21,-10;139,-10,7;149,-25,21;150,0,-13;157,-7,23;175,-24,20;197,46,-42;207,-6,3;281,78,-105
rua||angueras|alto bom jesus|35796250|40,-1873242,-4444188;50,-4,6
rua||antilhas|lucio cardoso|35792700|241,-1872741,-4443235;249,-4,-11;360,-49,-106
rua||antilhas|sao geraldo|35792700|20,-1872667,-4443103;30,-7,-13;40,0,-4;42,-56,-121;76,42,96;94,-61,-140;100,-4,-13;150,-2,-19;158,-7,12;164,0,-10;170,-15,-20;259,11,13;280,29,73
rua||apora|ponte nova|35794499|1,-1878149,-4442149;10,256,-147;27,-201,132;29,200,-123;31,-265,149;43,251,-137;55,-6,6;75,-18,6;79,-8,-3;83,7,12;85,-10,6;90,7,-18;94,-1,8;96,-16,-6;98,-1,4;100,-1,10;104,0,2;108,-7,4;120,-18,12;125,25,-8;127,-5,-1;129,-2,3;132,-44,21;133,37,-18;137,-9,12;140,-36,5;145,29,-2;156,-35,12;162,-1,-5;165,20,-1;175,-4,25;185,11,-33;190,-40,16;216,-15,7;220,-5,8;226,-9,0;234,-13,7;250,-1,2;262,-17,10;268,-6,3;274,-3,3;285,-57,28;286,42,-26;290,16,0;298,-22,7;306,-17,5;308,0,-21
rua||aracas|solar dos ventos|35797899|5,-1874395,-4439935;28,-245,73;92,116,-40;107,10,5;143,-52,11;218,-62,13
rua||araguari|santa rita|35790686|29,-1874873,-4445969;34,13,-15;46,8,-6;58,13,0;59,-5,8;124,53,-31;125,-2,9;130,2,-12;131,3,8;135,9,-5;139,7,1;143,4,-3;147,3,-2;155,7,-7;192,29,-17;237,37,-20;243,3,0;249,10,-4;255,3,1;261,0,-2;267,7,-6;277,23,-6;289,0,0;301,16,-8;342,29,-7;354,10,2;362,3,-5;406,36,-15;410,4,-6;414,2,1;513,134,-62;531,14,-6;537,6,-1;604,-90,45;615,147,-71;646,-113,54;652,4,1;657,183,-86;668,-171,80;669,178,-82;680,-166,81;688,43,-21;690,38,-18;693,107,-56;694,-86,48;696,3,-2;698,10,-6;704,35,-15;710,-1,5;717,71,-38;725,13,-8;730,-61,35;733,67,-37;741,5,0;778,-32,16;804,16,-5;812,9,-7;820,8,2
rua||arapongas|santa cruz|35792490|5,-1874435,-4442347;20,20,-37;22,-32,45;36,37,-61;37,-30,77;40,-15,-6;44,53,-80;45,-51,98;48,0,-12;50,52,-85;57,-13,15;58,16,-33;59,-12,31;60,-48,78;61,5,15;62,-7,-10;63,10,5;65,46,-115;69,-1,-11;70,-23,65;79,-27,68;80,-17,8;89,5,11;93,3,6;95,-4,3;96,-6,-9;101,-16,28;103,10,-16;105,5,8;106,-3,-9;110,-9,9;129,2,15;154,-13,7;155,7,13;165,-8,14;180,-11,-1;190,-4,10;191,8,11;200,-13,2;212,-8,5;213,12,2;223,-7,12;227,2,3;231,-3,9;241,-2,4
rua||araras|santa cruz|35792494|21,-1874378,-4442304;30,-12,2;31,8,7;41,-6,1;44,-9,4;46,48,-81;53,-50,100;55,62,-119;58,-1,-1;60,-58,115;69,52,-128;70,-2,20;72,13,-14;74,-72,122;77,0,17;80,72,-145;81,0,-6;83,-76,151;84,1,-5;90,-12,15;91,8,6;94,86,-177;95,-4,-8;99,0,11;104,-92,175;107,9,4;126,-11,30;127,-15,3;130,123,-230;139,-118,232;140,121,-244;142,-124,223;146,117,-208;152,-133,231;164,7,5;170,-3,13;180,-3,6;190,-1,4;290,53,-91
rua||arcos|santa rita|35790698|47,-1874932,-4446180;59,8,-7;71,7,-5;89,17,-2;113,15,-9;119,11,-8;131,6,-1;139,12,-1;143,3,-1;155,4,-1;161,3,-8;167,11,-8;230,74,-7;238,7,-13;244,3,-2;285,15,-16;297,11,2;315,15,-8;316,16,3;321,-13,-6;328,21,1;333,-13,-3;345,15,-5;357,1,-2;358,28,-4;364,2,-5;376,3,1;381,-6,-2;382,13,0;393,-6,-5;493,84,-33;496,0,6;502,5,-3;508,5,16;511,3,-30;514,2,23;517,9,-25;529,10,-2;538,-15,11;550,24,-9;553,3,-14;558,2,14;565,10,-15;576,-10,13;584,9,-2;586,8,7;588,-1,-10;600,9,-1;612,13,-12;620,6,2;637,19,-20;673,42,-12;756,49,-18;764,7,-9
rua||argentina|vila de lourdes|35796414|16,-1877189,-4443391;18,-2,-3;26,16,0;30,-10,-6;33,-43,13;34,63,-13;35,-61,19;40,34,-9;66,-13,1;74,-9,-4;91,-28,16;96,-5,1;130,-3,2;175,92,-23
rua||aristoteles|bela vista|35796108|22,-1876404,-4443735;33,-6,13;34,-2,-7;35,-5,15;38,-2,-7;45,0,14;50,-3,-7;63,-5,16;64,-3,-1;65,3,6;70,-7,-2;77,9,21;78,-7,-18
rua||aroeira|ponte nova|35794529|18,-1878415,-4441814;20,1,6;32,-2,2;35,10,2;45,-3,4;50,-5,6;55,9,5;60,-11,3;71,17,9;74,-2,1;77,11,-5;85,-7,20;88,-4,-1;90,3,3;95,4,3;98,-4,14;107,6,-5;110,-4,10;115,5,7;120,2,2;121,1,11;130,-1,-7;131,-2,-6;140,4,22;150,4,7;153,5,-2;157,5,-6;165,-3,9;167,3,11;175,0,7
rua||aroeira|solar dos ventos|35797899|81,-1875546,-4439619;269,-170,16
rua||arpoador|boa esperanca|35796556|12,-1877657,-4444536;26,-7,-7;74,-6,-9;86,-9,-12;94,-4,-2;104,0,-3;188,-7,-7
rua||assuncao|residencial lourdes|35794272|34,-1877958,-4443688;46,-5,-12;54,2,-11;62,-3,-72;66,0,1;91,-2,29;94,4,-75;101,-6,77;107,2,-49;111,5,39;113,-8,-6;117,2,-7;127,-12,-5;129,10,-9;173,-12,-25;190,14,-25;191,-4,10;196,15,-20;205,-10,11;206,11,-17;207,-10,4;210,5,-8;217,4,2;224,-3,-20;226,0,-14;227,-7,1;229,-1,-42
rua||asteca|cobra dagua|35790467|600,-1874916,-4443513;604,-2,4;620,-2,-3;650,-29,33
rua||atenas|residencial lourdes|35794322|12,-1878266,-4443667;22,78,118;30,-85,-130;31,-47,-56;33,-2,-4;34,7,5;37,-8,-4;42,5,-9;49,-10,-2;52,5,-1;53,-6,1;54,61,77;55,-67,-82;56,58,71;58,-59,-75;60,56,71;64,-53,-73;68,52,71;74,-60,-80;76,50,65;77,-51,-62;85,-10,-1;87,106,125;95,4,9;99,-119,-156;107,127,167;120,-129,-181;125,-19,-13;132,15,7;133,139,192;136,-146,-197;140,2,-3;144,-5,-9;145,156,222;148,-158,-222;150,157,227;175,2,1;181,-4,6;184,10,-7;201,-4,9;210,11,13;215,-195,-272;218,196,278;220,6,3;222,4,12;224,5,-3
rua||atoleiro|atoleiro|35789001|386,-1892116,-4468195;387,-199,93
rua||aurora|residencial lourdes|35794198|26,-1877803,-4443977
rua||aurora|santa filomena|35794198|15,-1877451,-4443142;65,-25,35
rua||avare|vale dos pinheiros|35792393|55,-1874355,-4440953;63,4,7;71,5,-2;79,9,-3;87,7,-3;90,78,-18;95,-70,14;101,7,3;109,3,-1;139,6,-7;155,25,-8;190,-22,18;197,62,-29;205,4,-6;228,-29,21;234,-11,3;240,40,-12;251,62,-32;257,8,-5;264,63,-14;279,-33,5;284,1,8;285,2,-11;292,-2,-4;295,4,2;323,22,-7;326,39,-5;335,48,-17;338,-26,10;341,77,-35;345,-8,10;350,-57,22;351,11,-7;358,-7,4;359,-4,-4;365,-13,2;371,-5,7;378,46,-11;385,-53,14;386,64,-16;393,-84,21;430,104,-33;438,13,4
rua||aymores|tibira|35792070|5,-1875798,-4442020;20,4,-14;26,-47,-22;31,29,17;32,-39,-39;37,5,12;39,-6,9;40,40,7;41,-4,11;46,-88,-44;48,39,19;49,-4,-4;51,42,11;52,5,0;59,-48,-10;60,25,6;61,11,10;66,3,-11;71,-12,13;73,-53,-27;76,6,-4;77,27,18;79,17,3;81,-60,-18;82,65,3;88,-71,-14;89,75,22;91,-11,-11;92,0,-3;100,-4,-6;101,-9,-3;104,2,-1;108,0,1;111,-60,2;116,43,14;117,-6,1;119,-3,-40;120,20,16;121,0,1;122,0,6;130,-7,-16;135,-10,-6;136,-29,27;145,24,-39;151,-1,-1;161,-2,3;163,13,-12;189,10,-11;197,8,0;201,-4,-2;758,63,111
rua||a|boa esperanca|35796658|30,-1878575,-4445418;40,9,3;50,1,4
rua||a|ipiranga|35794392|78,-1878500,-4443208;90,7,1;110,9,9
rua||campos altos|maria amalia|35796084|28,-1876105,-4444044;38,-1,1;46,6,-5;52,10,-5;60,4,-5;66,5,1;72,1,-4;78,17,-5;84,1,3;86,-1,0;90,9,-7;96,7,-4;108,3,-3;112,1,-1;116,9,-5;126,1,2;134,5,-9;144,13,-13;155,-1,8;160,9,-8;174,5,-4;216,46,-17;222,3,-4;228,6,0;240,13,-3;248,-1,-13;260,15,2;268,7,-3;276,11,-8
rua||cardoso ayres|centro|35790009|11,-1876694,-4443026;55,0,-5;854,234,55;1060,-210,-77
rua||cardoso ayres|tibira|35790009|14,-1876719,-4442950;42,1,10;52,-7,11
rua||constantino dutra amaral|centro|35790260|13,-1875183,-4443056;17,-4,5;20,21,-20;21,-13,14;33,14,-1;36,25,1;39,-5,0;45,5,3;46,20,-25;49,-17,19;69,14,2;85,10,4;91,18,2;109,10,1;124,12,-1;129,11,6;134,2,-2;141,5,4;147,0,-7;148,7,5;161,13,2;177,-13,0;184,26,12;197,14,2;205,5,5
rua||david camilo de almeida|jk|35789001|10,-1914240,-4454021;27,21,8;37,-4,-17;39,2,-2;58,-28,-25;60,-6,-2;100,-9,-49;110,15,62;120,-25,-84;129,-119,-230;133,8,21;134,29,37;135,95,220;138,-98,-210;146,94,177;147,-6,11;148,-10,-18;149,35,74;150,-123,-278;151,93,214;153,-116,-241;158,90,197;162,-3,-19;170,-6,-10;200,1,-22;215,52,144;233,-54,-119;234,-11,-36;235,3,4;237,-4,13;239,51,83;241,-126,-248;250,94,192;251,-70,-173
rua||dirceu augusto alemao|bom jesus|35790790|80,-1873970,-4443099;98,3,-7;104,8,-1;115,37,-5;123,1,18;124,-22,-15;126,28,26;131,0,-27;134,2,20;141,11,-7;148,17,13;158,21,-6;170,-6,8;181,-52,-10;211,92,8;219,11,2;225,-3,1;235,8,-1;240,-23,4;245,28,-3;252,-12,1;260,2,8;265,27,-2;270,-17,0;271,21,-4;281,0,2;284,-1,7;287,7,-6;290,8,1;295,-2,-2;296,3,4;299,-1,-4;305,10,10;306,-2,2;311,4,-8;315,12,-12;323,-7,10
rua||do amparo|bela vista ii|35796246|35,-1876619,-4444655;47,22,18;51,8,4;55,3,-6;79,6,4;83,8,-5;96,-30,14;100,8,2;108,2,-13;119,59,-1;120,-46,4;126,7,-1;131,46,-10;132,-37,13;143,46,-5;144,-36,-1;155,52,-3;168,-33,5;172,10,2;180,6,-2;184,50,-4;190,-45,3;209,67,-6;214,6,3;215,-14,-6;217,8,5;228,12,-3;239,7,-4;240,7,6;241,5,-6;252,-7,9;253,8,-6;258,0,1;264,16,2;265,-7,-6;269,4,-1;273,1,5;274,-3,-4;277,21,0;286,-1,2;292,5,-2;296,8,2;299,-11,-7;300,46,4;304,10,-1;306,16,-4;310,-40,4;311,-27,1;312,7,3;314,4,-3;316,4,1;318,56,-7;319,-56,8;325,11,-7;330,48,2;335,-41,2;336,45,-4;342,3,0;347,-33,-2;352,52,2;359,-38,0;371,12,-4;383,6,2;409,34,1;432,-4,6
rua||dos anjos|cachoeira do choro|35797899|7,-1901643,-4472987;12,63,-22;13,-50,17;24,-10,2;36,24,-5;38,17,-6;90,52,-14
rua||elisa octaviano de alvarenga|lucio cardoso|35792730|9,-1872533,-4443508;13,0,0;19,6,-6;29,11,-2;39,7,-3;49,10,-3;59,5,-5;69,16,-7;79,1,0;89,10,-3;99,5,-9;109,8,0;119,10,0;129,5,-11;139,12,-2;149,5,3;159,12,-11;164,18,6;169,-10,-12;179,8,0;189,8,-5;190,17,1;200,5,-8;201,-8,-5;210,18,5;211,-6,-3;220,19,-4;221,-9,-3;230,18,1;231,-14,-3;240,18,-2;241,-9,-4;250,20,1;251,-10,-9;260,15,6;261,-5,-6;270,22,-7;271,-17,8;280,17,-8;281,-10,3;290,17,-1;291,-5,-11;300,16,0;301,-10,-1;310,15,2;311,-5,-2;320,17,-3;321,-12,1;330,16,2;331,-4,-10;340,16,2;341,-10,-3;350,11,0;351,-4,-9;360,16,4;361,-5,-5;370,13,-1;371,-9,-5;380,18,3;381,-6,-8;390,13,3;391,-6,-5;400,17,0;401,-6,-9;410,15,2;411,-14,-2;421,18,-3;432,15,0
rua||elpidio araujo|centro|35790297|13,-1875237,-4442628;33,-5,24;43,-9,7;59,-7,5;71,-14,9;83,-2,7;95,-4,23;99,-21,11;109,17,-10;115,-7,12;177,-29,45;180,5,5;193,-8,3;197,-10,17;205,-1,8
rua||francisco alves|jockey club|35792333|26,-1874652,-4441879;31,-26,0;39,2,-2;41,3,-7;43,12,5;58,-12,0;61,17,-3;66,-8,10;69,20,-4;85,11,-25;96,-2,1;99,14,-6;105,19,2;110,-17,1;113,9,-1;117,9,-8;120,-12,13;123,13,-11;130,-3,6;135,12,-11;140,9,9;141,0,0
rua||irmaos almeida|jk|35789001|11,-1914514,-4453839;15,-3,-3;17,-5,-8;21,-4,-10;22,-75,-110;24,11,17;26,3,5;28,12,20;30,-7,-10;38,46,74;47,-73,-114;50,0,-7;61,28,55;67,-35,-69;79,-10,-26;89,-3,-8;90,121,213;93,-135,-235;99,-9,-15;102,-66,-91;106,25,37;107,-26,-45;108,35,61;109,25,28;121,-5,-9;123,-12,-16;169,-35,-51;450,85,145;489,7,12
rua||joao silva alves|anguereta|35798400|20,-1914630,-4464565;21,-25,-60;22,21,63;77,25,33;79,-16,-4;138,-37,-117;143,-15,-47;148,-15,16;260,59,121
rua||joaquim anunciacao|bananal|35797899|17,-1903061,-4451662;21,-17,-90;23,14,109;50,-5,-80;101,4,105;149,-19,75;157,4,3;207,-25,99
rua||jose bento de araujo|centro|35792185|12,-1874898,-4442259;30,-9,2;100,-57,-5
rua||jose bento de araujo|passaginha|35792185|47,-1874911,-4442249;57,-8,-3;77,-24,2;95,-28,2;133,-32,-5;143,-20,-2;181,-12,1
rua||jose de alencar|bela vista|35796210|14,-1876658,-4443842;19,18,-26;22,-12,19;31,15,-28;40,-8,22;44,7,-5;47,6,-18;48,-5,13;52,1,-1;57,6,-15;64,7,0;73,3,-9;78,2,13;84,12,-14;85,-9,-8;87,11,-7;88,-11,24;98,20,-9;99,-6,-12;103,-1,-2;106,4,8;107,5,-18;114,-3,7;125,-5,-28;127,23,4;130,-6,19;131,7,-10;138,-2,1;143,5,-19;151,6,5;153,2,-4;154,-11,11;155,24,-16;163,1,-1;164,-11,10;167,15,-20;169,-3,-2;216,26,-10;220,-2,-3;223,13,-14;225,-3,-2;230,-4,14;233,5,-21;243,12,1;244,-9,12;247,5,-17;249,4,-3;252,-3,7;255,6,-11;262,9,-1;263,0,-9;280,1,7;290,6,-9;302,11,-7;312,8,-9;317,10,-15;320,-7,16;323,6,-26;328,1,12;329,7,-10;333,3,1;338,0,9;339,2,-16;347,7,-6;350,-3,11;360,2,-1;361,6,-18;363,0,0;370,6,11;379,7,-22;381,-3,1;383,5,-5;385,-5,5;387,12,-13;418,9,1;423,14,-16;428,-7,5;431,21,-27;432,-13,25;434,-6,-1;440,13,-3;446,8,-4;459,3,-19;464,14,9;486,11,-17;502,1,-6;504,4,-4;512,6,-10
rua||justiniano goncalves de aguiar|boa esperanca|35796640|55,-1878574,-4445234;65,9,-4;75,6,-6;80,65,-56;85,-61,50;99,28,-22;109,3,-13;128,-35,44;159,42,-50;183,10,-8;195,16,-17;205,9,-3;260,-36,45;270,10,-12;280,7,-6
rua||machado de assis|bela vista|35796195|7,-1876622,-4443792;13,4,-3;26,19,-17;30,14,-7;33,-19,17;36,28,-21;39,-22,11;46,26,-18;49,-30,18;51,0,-8;52,36,-18;55,-19,10;59,0,-2;69,65,-51;73,-53,38;93,3,-3;103,6,-2;113,8,-16;114,23,-7;118,9,-7;123,-18,12;128,20,-15;136,4,-2;144,10,-16;148,46,-34;154,-45,35;174,17,-17;175,-22,16;185,10,-6;193,3,-16;197,6,4;203,3,-7;215,7,-5;221,6,-7;223,0,0;225,0,1;230,20,-13;235,-13,1;240,15,2;246,6,-9;247,-14,1;256,18,-6;257,-14,3;258,24,-11;259,-19,8;260,25,-17;263,-18,9;265,0,-1;267,5,-2;269,2,0;286,14,-7;295,-5,-5;307,7,-8;314,34,-23;321,-23,14;336,24,-21;348,11,-6;369,-4,-3;383,11,-7;384,4,8;396,21,-26;399,-21,7;409,5,-10;411,3,1;417,5,1;419,-1,-1;423,5,-6;432,14,-8;433,-6,-2;440,12,-6;443,-9,5;448,14,-8;449,-3,-7;450,5,4;451,1,-5;456,1,5;457,-1,-8;463,-1,0;466,11,3;467,-7,-4;469,4,-7;470,11,-2;474,24,-21;481,-29,19;491,11,-10;499,6,-6;505,2,-2;511,5,-3;515,2,-2;525,4,-5;530,13,-10;533,-4,3;540,12,-7;546,5,-8;547,-3,1
rua||machado de assis|centro|35796195|259,-1876212,-4443926;275,-8,-10
rua||manoel de abreu|bela vista|35796264|15,-1876965,-4443826;22,0,-2;25,9,-9;26,22,-22;28,-23,29;30,5,-1;32,2,-13;44,24,-5;55,-14,-6;65,17,-13;90,10,8;92,20,-28;104,-26,23;110,13,-15;115,21,-19;118,-13,12;120,12,-15;126,9,-1;127,-2,-12;140,12,4;143,-1,-13;148,10,2;149,-2,-18;163,3,1;165,2,0;166,6,7;172,7,-5;174,5,-6;175,-7,-9;177,0,8;178,10,-1;179,-3,-10;186,0,10;191,3,-10;193,2,-11;194,3,18;197,6,-19;198,-6,8;203,7,-11;205,12,-11;218,-8,18;223,13,-24;226,-7,14;231,17,-22;244,21,-20;257,-17,13;284,24,-11;292,1,-1;294,0,-2;302,5,-4;303,-4,-11;314,13,2;317,1,-11;328,3,8;339,19,-25;341,5,-6;343,-14,12;344,-2,9;345,0,-4;347,10,-11;349,8,-15;353,4,1;354,-15,18;358,10,-6;362,-7,2;367,25,-16;370,-23,14;371,22,-19;374,-11,14;377,9,-20;378,-7,19;381,13,-29;390,8,18;393,1,-18;400,5,3;403,4,-13;404,0,1;405,2,-3;409,5,-2;468,23,-26;474,3,0;478,6,3;481,7,-23;488,1,6;495,10,-16;502,-3,12;505,10,-16;507,5,-5;512,-5,16;515,4,-17;516,2,23;520,1,-12;524,1,-11;530,8,2;531,6,-20;532,-6,13;533,12,-17;540,-5,11;547,8,-15;548,1,4;552,1,-1;567,8,-17;576,6,5
rua||maria augusta|jardim paraiso ii|35794153|114,-1877186,-4442240;119,19,-2
rua||maria augusta|jardim paraiso|35794153|14,-1877171,-4442212;18,0,8;113,-61,-61;121,-11,3;133,-5,-5;145,-16,-10;155,-13,-2
rua||miguel angelo|santa maria|35790460|95,-1874380,-4443594;100,4,30;102,-1,-10;104,3,-3;108,-2,-9;110,1,-12;112,1,-4;199,-12,114;207,-2,8;250,1,64;252,-1,5;254,0,0;260,6,-56;267,-1,10;272,5,-5;285,-12,8;291,1,12;301,-1,38;511,13,-282;519,3,-22;521,10,4;545,1,-24;587,-8,-46;594,6,41;595,-8,-44;604,8,36;620,3,-19;626,2,-10;628,2,17;636,0,-26;642,-3,-14;648,1,-7;650,3,-6;654,0,-9
rua||monte alegre|vale dos pinheiros|35792408|20,-1874361,-4440826;40,-5,1;50,2,-20;56,1,6;60,-1,-21;62,0,0;66,-9,-12;76,3,8;86,-8,-22;99,-18,-65;108,17,50
rua||nova alianca|vale dos pinheiros|35792387|26,-1874168,-4441072;34,10,-6;46,3,-2;53,14,-14;87,9,-4;132,41,-2;152,27,-11;154,2,-2;164,1,-2;165,7,-6;168,2,5;176,14,-2;186,8,-4;204,17,-3;210,7,-10;221,-2,-3;222,23,11;227,-18,-16;231,6,1;234,18,3;237,-15,-8;242,19,6
rua||nova america|passaginha|35792200|21,-1874866,-4442197;30,-87,161;31,92,-148;34,-68,146;35,60,-141;40,-56,133;45,67,-126;50,12,96;55,-9,-83;57,5,-5;89,-15,129;90,2,12;95,15,-115;100,6,13;101,-9,92;111,9,0;113,12,-81;116,-6,9;119,13,4;120,-120,55;122,103,21;124,5,-89;126,9,16;127,-4,66;128,-9,3;134,13,5;135,9,-56;140,5,-9;144,-3,64;145,-35,-119;150,40,78;153,-2,-5;154,10,50;155,-5,-54;160,7,26;161,-15,20;164,16,12;165,-5,-41;174,19,40;177,-9,-32;180,6,33;181,3,-33;191,13,0;198,-95,-162;199,89,178;207,-2,7;209,3,3;211,-1,0;215,-4,2
rua||nova aurora|bandeirante ii|35792612|19,-1873580,-4443041;31,13,-8;44,-14,6;46,3,-1;50,5,1;52,1,-2;56,6,0;57,3,-5;61,17,-12;69,-1,4;80,1,-1;104,16,-7;105,22,-14;111,12,0;130,-5,2;139,10,-6;145,11,-7;152,-5,8;437,6,-10
rua||oscar araujo|centro|35790165|17,-1875760,-4443422;18,20,10;25,23,-9;33,9,2;34,-3,14;39,12,-37;40,11,32;46,3,0;51,39,-11;56,1,13;62,16,-2;63,-3,-8;70,24,18;76,3,4;80,13,1;84,40,-2;91,-1,-5;94,8,-10;114,18,5;119,18,3;120,-5,-12;125,-5,13;130,7,-9;151,27,-1;161,6,2;172,0,4;181,14,3;182,0,0;184,4,9;192,1,-1;199,11,-4;200,-144,-17;202,266,27;203,-117,-9;205,3,-4;210,-161,-10;211,168,12;220,-181,-16;225,195,13;238,-14,3;240,-210,-17;245,272,18;255,-3,5;260,-270,-18;261,282,12;269,11,7;277,-417,-18;285,45,-6;287,376,20;297,11,2;310,-15,6;311,28,-2;321,-406,-17;326,8,-1;330,395,24;365,-411,-39;377,-6,4;380,-10,-3;383,-1,9;390,21,-3;420,456,32;430,15,2;440,-3,-2;462,16,-2;482,10,7;485,-32,-13;500,42,13;531,2,-8;551,35,8;561,11,-2;580,108,20;590,17,-9;591,-109,-1;592,-5,0;594,110,12;600,-78,-13;601,4,-9;603,11,5;605,74,5;610,-71,1;611,13,-6;615,71,8;619,5,-1;621,9,2;629,3,3;655,26,-4;665,16,11;677,8,-6
rua||oscar araujo|cobra dagua|35790440|642,-1875016,-4443364;652,10,-3;664,5,8;668,13,1;672,8,-5;674,-8,3
rua||oscar araujo|curiango|35790440|180,-1874816,-4443362;820,-121,-4;840,18,4;860,13,0;876,13,2;877,5,-9;888,6,5;920,15,10;925,3,-14;932,18,6;935,-10,0;976,59,16;990,10,-4;999,36,-4;1005,-33,-4;1006,9,10;1015,35,-8;1040,-13,8;1048,9,2;1063,28,-7;1270,4,9
rua||pedro alves|pocoes|35798000|10,-1847144,-4424475;56,-9,-65
rua||pedro americo|alto bom jesus|35790854|50,-1873953,-4443304;56,-6,-11;60,8,-10;66,3,-12;78,-4,-5;84,10,-7;100,2,-23;114,-1,-4;120,0,-11;142,6,-14;170,14,-53;178,11,-18;190,2,-26;220,15,-16;226,-8,0;238,0,-7;240,3,-9;248,10,2;252,5,-3;260,1,-10;268,4,-11;270,5,-5;280,5,-1;290,-5,-11;300,7,-19
rua||pedro americo|bom jesus|35790854|123,-1873942,-4443392;135,0,-8;141,3,-15;255,35,-90
rua||porto alegre|vila de lourdes|35796465|20,-1877477,-4443798;23,-42,-56;38,46,66;51,37,58;59,1,2;65,-8,-37;66,-15,5;74,7,6;88,-24,-33;102,24,36;110,11,14
rua||pouso alegre|santa filomena|35794166|17,-1876958,-4442624;18,8,16;26,-9,-22;27,-4,-2;34,6,-2;37,-12,-7;49,-6,-21;58,9,15;62,-3,-17;63,-13,-7;65,-5,-5;70,7,7;79,-10,-19;82,4,6;87,-15,-12;94,13,11;96,-3,-6;131,-19,-18;136,5,-3;146,-10,-32;156,-1,-13;167,-6,3
rua||raimundo ascendino|cobra dagua|35790428|201,-1874963,-4443338;307,18,136
rua||raimundo ascendino|curiango|35790428|92,-1874949,-4443221;94,-1,6;104,4,15;134,5,-68;140,2,101;180,-13,-157;200,13,-24;933,0,104
rua||rita antunes|bom jesus|35790772|12,-1873998,-4443213;13,10,11;15,-8,1;21,6,-1;23,-23,66;25,13,-54;26,-10,-8;27,15,18;28,-10,-13;30,-1,-5;32,-3,5;36,-1,8;37,13,15;38,-13,-6;46,-4,14;51,8,8;58,-12,2;60,-2,19;67,11,-9;75,-6,11;79,3,12;92,-3,-47;147,-10,84;153,-9,4;159,8,1;173,-5,20;175,8,6;185,-17,7;205,-13,29;215,-8,8;218,-2,-8;222,-6,12;223,6,9;254,-8,-5;257,0,12;258,-3,5;264,0,1;269,3,7;274,-13,5;284,5,7;294,0,8;310,-11,13;311,9,9;320,-4,6;326,-5,5;328,4,3;330,0,9;331,4,-5;338,-8,13;339,6,6;362,-16,9;373,14,6;374,-11,9;387,5,3;395,-1,7;407,1,8;410,-8,9;411,8,6;415,0,-2;425,0,10;430,-4,6;440,-3,6;445,1,6;450,-1,0;455,5,6;461,-3,1;470,-6,6;473,9,11;477,-4,7;494,3,5;500,-1,8;511,3,-9;515,3,7;522,-8,8;525,3,-4;526,-1,7;534,-1,14;535,7,4;540,0,7;541,1,-3;542,-4,20;543,7,-16;544,-5,-10;547,2,16;548,-6,-19;559,9,27;560,-1,6;584,-4,6;585,4,5;587,3,12;595,-2,13;596,-6,-25;600,8,31;605,-5,5;606,-2,-19;608,-2,24;610,6,-21;615,3,21;618,-11,4;621,11,14;627,0,14;632,-3,-3;635,2,8;644,-5,17;664,1,13;669,1,31;684,-3,-16;685,2,-1;687,4,5;706,-6,13;712,0,0;717,6,1;718,-3,7;719,3,6;726,-3,1;729,3,8;731,4,10;734,-7,-5;735,8,11;741,0,3;746,-6,-3;749,7,5;755,0,18;756,-2,-14;760,1,10;764,-3,11;768,2,-9;775,6,11;783,-1,6;787,1,15;793,-6,-7;800,-2,2;804,0,-13;805,13,28;812,-8,-5;813,9,17;814,-3,-10;823,4,13;830,4,22;840,8,-5;843,-7,-8;847,-1,-4;851,6,10;852,-1,15;859,0,-1;869,0,13;877,13,5;879,2,14;885,5,5;888,-13,-29;892,2,13;906,4,13;910,2,9;916,0,0
rua||rodrigues alves|bela vista|35796120|5,-1876132,-4443660;15,-4,17;25,-6,-1;41,-12,18;53,-2,2;55,-12,13;61,-7,-3;69,-10,20;135,-20,27;136,-15,-14;149,-7,14;150,-7,-5;157,-1,8;161,-5,3;170,2,-11;171,-5,12;179,-11,0;180,-1,-8;181,1,11;190,-9,1;191,4,0;200,-17,0;213,9,6;216,-14,-14;217,0,25;218,-4,-15;230,-13,10;231,7,10;240,-16,-7;245,4,13;250,-12,-4;253,-1,12;260,-12,-11;263,11,13;273,-6,5;279,-7,2;280,2,-8;288,3,1;291,-18,12;294,-5,-5;295,7,5;297,-19,10;298,10,-5;299,-1,-1;301,-6,4;302,5,-7;305,-1,6;310,-5,-7;320,-8,2;325,-3,12;330,-2,-6;340,-11,6;345,-3,9;348,-4,-8;352,-2,2;355,-2,13;356,0,-4;385,-24,15;390,-12,-3;405,1,10;410,-11,-4;417,-2,13;420,-15,-6;427,5,7;430,-5,-6;443,-11,12;444,-2,-8;456,-6,6;466,-10,7
rua||rodrigues alves|palmeiras|35796120|6,-1876128,-4443667;16,-13,10;26,-11,13;40,-2,6;54,-12,14;64,-9,4;70,-6,6
rua||vargem alta|boa esperanca|35796768|3,-1879782,-4445886;8,-94,-50;14,-10,-3;32,-12,11;34,-5,8;35,15,-20;36,-9,-3;40,16,8
rua||vila alta|boa esperanca|35796780|18,-1879897,-4445891;20,-10,6;26,-7,1;30,-7,-5;63,9,11
rua||vinte e um de abril|centro|35790405|2,-1874990,-4443080;11,3,-2;21,-6,-4;62,51,17;122,53,2;134,8,1;175,41,0;176,-6,9;177,4,-10;181,14,3;184,-8,5;207,16,3;225,18,4;232,14,3;234,5,3;235,-15,-2;245,12,-9;249,10,0;250,-1,9;252,12,-4;259,-1,0;273,14,1;274,10,9;286,-2,-6;289,-2,-3;300,16,2;301,-7,1;313,17,-5;329,21,-1;345,15,2;351,1,-1;361,11,13;369,7,-10;379,5,-5;389,6,3;399,12,-8
rua||vinte e um de abril|curiango|35790405|35,-1874950,-4443052;43,-17,-24;63,44,11;73,-10,-5;101,22,-3;111,11,3;121,12,-4;133,22,6;145,-2,-3
rua||zuzu angel|centro|35790201|8,-1875372,-4442886;14,-2,-6;18,9,-5;20,-18,-3;27,18,-10;32,-3,0;33,7,5;36,-11,-1;37,7,-13;40,-8,3;41,5,-4;45,4,-9;49,0,1;50,-2,13;54,-4,-9;65,0,-10;69,-8,-18;70,4,13;78,-2,-8;82,-2,-2;83,8,-11;86,-8,0;90,-2,-9;101,12,-18;104,-10,2;109,10,-6;117,-8,-10;120,17,19;122,-44,-43;131,27,22;134,6,-9;141,2,-43;152,-5,32;156,-4,-4;160,-5,-1;167,4,-27;170,0,14;173,4,-22
sitio|nossa senhora|aparecida|atoleiro|35789001|386,-1891893,-4468035
sitio|santo|antonio|falcao|35797899|253,-1874917,-4449041
sitio|santo|antonio|sumidouro|35790644|19,-1870916,-4459979
sitio||amoreiras|sumidouro|35790644|2,-1873785,-4458257
sitio||aviacao|varzea do falcao|35797899|560,-1874891,-4445254
sitio||boa acao|atoleiro|35789001|386,-1891802,-4468136
sitio||campo alegre|sitio campo alegre|35789001|3,-1884492,-4451695
sitio||gequie a|sitio gequie|35789001|2,-1875798,-4440354
sitio||olhos da agua|chale da prata|35790536|6,-1891970,-4450314
sitio||poco azul|mascarenhas|35790536|1,-1900108,-4438748
sitio||rancho alegre|sitio rancho alegre|35789001|10,-1854361,-4439906
sitio||shalon adonai|falcao|35797899|9999,-1876613,-4447999
