alameda|sao|geraldo boulevard|vale das aroeiras|35797899|74,-1874223,-4438853;75,2,-37;78,7,-131;95,17,80
avenida||bahamas|residencial lourdes|35794314|2,-1878165,-4443831;4,-2,-1;6,-14,16;8,-3,2;10,10,-6;16,-14,5;22,-5,11;31,-2,11;34,-1,-9;35,-1,10;36,41,-46;38,6,-11;40,-56,52;42,57,-53;44,-62,62;46,-4,3;50,69,-71;51,-127,106;53,54,-34;55,-61,43;59,13,-13;60,128,-108;61,-146,126;65,-7,0;70,150,-133;78,7,-5;86,4,-8;94,2,-4;95,-13,2;97,-97,130;98,-6,-9;107,-14,15;111,116,-140;115,-115,140;120,-2,-7;121,-6,17;135,-10,6;141,-1,3;200,-44,18;212,-7,11;228,-6,3
avenida||bauru|santa rita|35790671|9,-1874772,-4445727;12,-1,2;27,19,-5;85,4,-7;86,-3,10;91,10,-17;114,19,-1;125,18,-9;128,0,4;131,6,-4;136,-1,3;137,5,-10;147,12,-1;161,20,-10;167,7,-6;174,-23,19;186,8,-4;192,14,-10;198,7,1;210,13,-7;215,2,-14;217,34,-5;250,14,-2;262,67,-28;264,-54,24;276,8,-5;287,8,-9;291,31,-18;298,-21,20;301,96,-50;304,-96,49;316,7,-2;319,-6,1;322,24,-5;331,-16,-12;367,29,-3;378,15,1;379,-9,-9;390,18,5;400,11,-6;410,15,-8;414,8,0;415,-17,-3;418,23,-2;427,-33,7;445,16,-8;451,8,0;529,62,-31;535,6,2;541,7,-7;547,4,1;559,10,-4;562,18,1;568,4,-5;580,9,-5;586,4,-1;592,2,-9;600,18,3;612,2,-3;626,12,-5;632,2,-4;638,6,0;644,4,-2;656,7,-6;711,-230,104;717,317,-153;720,-33,30;1027,40,-28
avenida||birmania|residencial lourdes|35794312|20,-1878124,-4443749;38,-9,7;46,-6,5;64,-15,12;72,-9,-1;82,-3,7;100,-14,7;106,-13,11
avenida||brasil|ipiranga|35794592|210,-1878144,-4442349;214,-20,11;300,-32,16;314,-13,1;324,-8,5;327,-31,13;344,80,-27
avenida||brasil|ponte nova|35794553|217,-1878284,-4442231;401,12,-9;415,45,-16;431,-83,29;515,-35,18;517,-21,0;529,-39,9;1022,507,-248;1027,-17,9;1039,-10,8;1307,-310,177;1837,-549,185;1963,-131,27
avenida||brasil|ponte nova|35794589|14,-1878005,-4442356;42,-29,1;59,37,-23;79,-12,-5;85,-7,7;91,-4,12;99,-31,19;205,-105,59;215,-20,6;223,53,-38;225,0,18;227,-62,23;245,46,-15;345,54,-27;1719,-556,199;1723,-12,0
avenida||brasil|ponte nova|35794592|100,-1878062,-4442394;140,-28,15;1180,37,-21
avenida||brasil|santa filomena|35790045|715,-1877602,-4442674;725,-27,25;733,1,2;737,1,-2;739,11,-11
avenida||brasil|santa filomena|35794216|199,-1877233,-4442920;205,-8,-2;235,-14,6;265,-38,12;275,-9,4;287,-5,1;295,-5,10;351,-42,32;361,-9,3;371,-1,4;373,-3,2;405,-93,67;419,-8,5;421,-6,8;429,-12,9;495,-53,47;663,-33,17;669,-4,1
avenida||brasil|santa filomena|35794218|311,-1877050,-4442898;323,-64,-46;335,-12,9
avenida||corpo de baile|guimaraes rosa|35792658|20,-1873138,-4442845;30,1,-12;40,4,-12;50,-1,-7;60,-3,-3;70,4,-13;80,1,-13;90,6,-15;100,4,-5;110,-5,-7;120,-3,-9;130,2,-9;140,-6,-7;150,6,-11;160,-6,-15;170,5,-7;180,-2,-7;190,1,-8;198,1,-10;214,0,-33;220,0,-6;224,0,-4;234,0,-11;244,2,-4;254,-1,-11;264,-4,-9;274,0,-12;284,4,-4;294,2,-9;304,-2,-10;314,3,-11;324,-7,-8;334,8,-10;344,-3,-9
avenida||geralda de lima barbosa|cachoeira do choro|35797899|4,-1901338,-4472938;7,-16,14;9,-28,54;20,-16,9;21,30,-30;30,-45,63;32,-16,38;33,-1,-4;34,49,-90;35,-7,29;61,-4,1
avenida||jk rodovia br135|jk|35789001|76,-1914438,-4453845;100,-11,13;130,33,-23;134,19,-17;136,9,-3;203,88,-61;218,103,-63;222,11,-10;227,-56,43;234,102,-68;236,-16,14;238,-36,13;239,-22,20;266,-118,71;272,227,-147;274,11,-4;360,-415,270;380,-21,19
beco||ze bilico|vila nova|35792148|240,-1875026,-4442045;241,2,8;242,-2,-5;244,1,-7
cabeceira||paiol de baixo|sumidouro|35798400|15,-1874934,-4457666
estrada||capim branco|capim branco|35789001|5,-1879471,-4419912;16,-2201,-3757
estrada||para bananal|fazenda olhos dagua|35790536|4,-1901202,-4446288
estrada||para o sitio buriti|sitio buriti|35789001|14,-1876644,-4418261;15,-64,162;17,-348,296
estrada||para o sitio vaca branca|vaca branca|35789001|5,-1878356,-4421819
fazenda|santa|barbara|beira corrego canoas|35789001|2,-1891814,-4435977
fazenda||bananal|bananal|35790536|135,-1902398,-4448716
fazenda||bananal|bananal|35797899|1,-1902700,-4451824;2,-19,-5;3,-12,-15;135,31,6
fazenda||barra do barreiro|fazenda barra do barreiro|35789001|12,-1891323,-4426850
fazenda||barreiro|chale da prata|35790536|8,-1892091,-4449520
fazenda||baru|rocinha|35789001|17,-1849116,-4432258
fazenda||bovespa|sumidouro|35790644|1,-1873537,-4459597;18,-45,59
fazenda||campo belo|moura|35790536|17,-1890210,-4437291
fazenda||capim branco|mascarenhas|35790536|4,-1898189,-4438186
fazenda||do brejo|fazenda do brejo|35789001|10,-1853081,-4438704;21,0,0
fazenda||rancho do bugre|bananal|35797899|2,-1899392,-4452129
fazenda||ribeirao do boi|meleiros|35789001|1,-1883739,-4468026
fazenda||saco do buraco|gustavo da silveira|35789001|38,-1885223,-4443702
fazenda||saco dos buracos|gustavo da silveira|35790536|17,-1885433,-4443256
fazenda||vaca branca|fazenda vaca branca|35789001|256,-1877686,-4421320
rua|almirante|barroso|bela vista|35796282|17,-1876922,-4443872;29,1,-31;39,-4,-5;44,12,-8;45,2,6;49,-9,-13;50,4,-1;51,0,-9;53,4,0;59,-5,2;60,7,-5;71,-14,-11;74,6,-5;75,-3,5;76,6,-10;79,-21,9;81,14,-6;83,0,3;93,-7,-14;99,5,5;121,11,-25;127,-5,-11;131,-1,6;141,-3,-12;143,0,-6;147,4,-25;158,9,16;164,0,-5;178,-2,-10;205,-9,-10
rua|barao|do rio branco|centro|35790168|2,-1875373,-4443338;3,8,8;4,5,6;5,-2,-4;6,-8,5;7,-5,3;8,1,9;10,9,9;13,-1,-1;15,-6,6;16,6,11;17,-3,2;18,2,4;196,5,226;202,-12,-16;209,6,-22;210,-12,13;213,11,-5;217,-5,-8;219,8,-8;224,-5,-1;228,-9,5;238,7,-10;243,-8,-5;244,6,-7;248,6,2;261,-12,-16;262,13,13;264,-5,-15;278,6,-4;279,-6,-16;292,4,8;296,-2,-15;298,-1,1;299,-2,52;301,2,7;303,-5,-63;316,3,-4;317,2,0;323,1,-24;326,-2,16;333,-1,-31;334,-1,1;336,-10,8;338,21,-10;345,-13,-2;353,1,-16;354,6,10;364,2,-24;371,-7,8;380,7,4;384,-3,-15;399,-4,-10;422,0,-23;430,-8,-12;438,10,-15;456,4,-9;458,-1,-5;460,-7,-2;472,11,-19;490,2,-12;494,-5,1;496,1,-2;498,-6,0;504,-1,-5;510,1,-8;514,8,-11;518,-8,4;524,1,-9
rua|coronel|jose brigido|bela vista|35790075|75,-1876318,-4443411;122,-34,-28;140,-14,-4;150,-7,-9;160,-11,-6
rua|coronel|jose brigido|bela vista|35796117|10,-1876276,-4443357;16,2,-29;20,-8,12;30,0,-16;36,-1,-10;44,-11,-8;52,-9,-1;58,-5,0;76,-18,-3;117,-29,-18;129,-12,-8;145,-13,-7;159,-5,-5;169,-4,-4;200,-23,-27;210,-15,0;214,3,-4;239,-16,-11;240,-4,-7;243,-9,3;249,-5,-2;250,7,-4;259,-10,-5;269,0,-11;270,1,8;344,35,25
rua|coronel|jose brigido|centro|35790075|12,-1876238,-4443356;14,-1,-16;23,19,26;24,10,1;25,-8,-3;32,52,26;37,-24,-16;42,17,14;57,-13,-12;122,-43,-19
rua|desembargador|barata|centro|35790303|10,-1875176,-4442771;11,15,5;12,6,29;13,-6,8;19,-4,-30;25,13,14;32,-7,7;41,-1,2;45,7,-5;58,-11,33;61,1,-5;81,-6,23;84,6,2;86,-1,15;90,-3,16;93,-1,-9;97,2,5;100,-3,4;110,-2,3;120,4,9;126,-3,8;161,-97,191;165,92,-160;169,3,2;181,-109,160;218,103,-134;220,-11,10;222,-9,6;248,-6,14;260,-10,10;272,-5,7;275,26,-22;282,-35,35;298,-8,8;304,-4,9;309,5,6;321,-11,6;334,-27,41;357,9,-17;393,-21,29
rua|professora|diva pinto de barros|lucio cardoso|35792744|268,-1872149,-4443501
rua|santa|barbara|cachoeira do choro|35797899|18,-1901896,-4472479;21,-68,-16;29,-31,44
rua|santa|barbara|vila nova|35792158|8,-1875312,-4441924;20,3,-8;29,6,-9;36,10,9;38,-10,-4;39,0,-12;46,7,7;48,-2,-7;49,1,-5;50,4,13;59,5,-16;65,2,-7;67,8,-7;70,-6,12;74,8,-8;76,-5,10;79,12,-16;84,3,8;91,0,0;601,-50,30
rua|sao|joao batista|ponte nova ii|35794450|15,-1879061,-4442842;23,1,-5;30,11,-10;33,-5,6;41,1,-13;44,8,5;52,2,-23;65,0,1;76,14,-3;86,-1,-9;89,-1,-7;99,11,-18;100,2,-30;104,31,-34;105,-27,73;111,-5,-16;115,8,13;120,-36,39;123,33,-61;126,8,15;140,-8,-8;178,20,-31;192,3,-16
rua|vereador|jose balbino|passaginha|35792230|15,-1874906,-4441899;31,0,5;39,2,20;111,12,68;113,2,14;115,-4,-27;119,5,20;131,4,13;183,-14,-58;227,15,80;229,-3,3;231,4,15;233,0,8;235,1,4;251,21,38;255,1,3;259,3,5;267,1,16;269,7,-10;273,0,7;277,-2,2;360,-56,-232
rua|vereador|jose balvino|passaginha|35792230|18,-1874898,-4441892;25,21,170;28,-23,-163;30,23,170;36,-27,-159;37,47,252;40,4,-7;45,-3,7;46,-48,-253;49,42,266;56,-38,-255;63,29,171;66,-27,-155;67,31,147;74,-26,-127;78,2,-2;108,4,12;110,-2,6;120,-1,1;140,7,11;154,4,10;160,-5,3;180,-3,-1;200,1,8;206,-3,8;210,1,4;216,-2,6;226,2,6;232,11,18;240,-1,16;250,4,13;270,11,41;283,8,28
rua||agua boa|palmeiras|35796069|19,-1876015,-4443619;30,45,75;43,-51,-91;46,27,68;55,-23,-61;58,20,44;63,-26,-60;70,18,52;75,-35,-61;85,-2,-21;88,36,59;95,-48,-72;105,4,0;129,-16,-15;139,-5,-13;146,40,33;152,-17,0;170,-26,-46;186,14,12;196,-37,-29;200,45,36;204,-54,-42;210,-12,-6;223,35,35;229,-43,-34;232,0,-7;235,35,32;245,-4,-3;246,10,0;257,-19,-2;265,-7,-4;271,-5,-6;274,-3,-11;283,-1,7;298,-8,-16;307,-15,1;310,-13,-24;319,12,17;328,-23,-14;331,10,8;340,-13,-16;346,-1,-14;355,2,15;356,-55,-41;358,50,28;364,-6,-9;367,-1,17;370,-6,-22;387,-5,13;390,-13,-21;392,-5,0;405,8,15;411,-1,-10;415,-9,2;435,-9,-6
rua||alexandre barbosa|tibira|35792024|9,-1876275,-4442674;22,-82,26;173,80,-25;199,-19,6;237,-31,10;280,-43,-7;305,-13,22;307,-11,0;321,-13,6;337,-20,8
rua||arthur bernardes|bela vista|35796201|12,-1876480,-4443798;15,1,-7;25,1,3;26,3,-7;27,-3,-3;33,1,-1;35,-2,-1;36,2,-1;45,-4,-12;50,8,-1;55,-5,-8;60,6,-5;61,-9,9;63,6,-13;74,-5,-18;75,-1,9;79,2,-2;84,-1,-7;91,3,0;96,6,-5;99,-4,-8;106,12,-12;107,-13,4;110,4,1;120,1,-19;124,2,-6;128,-1,-6;132,0,5;134,1,-9
rua||bage|jardim america|35794042|22,-1876213,-4442023;29,-4,13;33,-79,215;36,66,-201;65,5,-1;70,-11,1;76,-1,6;77,9,-7;89,-7,17;90,-10,-2;92,0,2;94,-14,-12;96,14,19;98,-12,-18;100,18,10;102,-3,2;104,-6,7;130,-25,48;136,1,3;150,-9,16;153,1,8;154,-4,-4;162,-2,2;168,-2,10;189,7,4;193,-4,13;197,-3,4;201,-4,12;265,-16,39;269,1,19;270,-4,-16;271,12,18;272,-15,-8;273,2,20;275,-8,16;277,12,-38;278,-9,12;279,0,20;281,0,19;288,2,-37;298,-5,10;318,-7,16;328,-1,4;338,-3,13;342,-4,17;350,-10,15;368,-2,20;400,-6,18;410,0,-11;411,-1,38;420,-37,-35;431,-28,149;481,2,27
rua||bahia|centro|35790063|8,-1876089,-4443092;12,1,-4;15,-6,10;19,-2,-2;26,-4,-14;31,-11,7;35,-9,-4;42,-6,-4;53,-5,-3;60,2,-12;63,-8,4;73,-10,-6;76,-40,-23;86,17,0;91,16,22;96,-24,-4;98,7,-1;101,9,3;110,-6,-8;115,-14,-5;127,-3,-2;155,-24,-12;159,-9,-3;165,-8,5;171,-7,-20;181,13,-13;191,-32,9;203,-16,-10;533,69,34;669,-97,-45
rua||baldim|santa filomena|35794224|74,-1877485,-4442872;75,-6,5;80,-2,-3;81,-5,-4;84,1,3;87,-4,-2;94,5,-11;98,-5,-6;100,0,-5;106,1,-8;107,-15,6;118,7,-17;135,-15,-1;142,-1,-13;147,-7,6;149,-1,-12;153,-4,-12;154,0,9;471,-5,-11
rua||bambui|boa esperanca|35796574|15,-1877843,-4444774;23,8,5;32,-13,4;44,14,6;50,15,3;56,12,8;86,14,1;100,12,3;101,4,1;111,12,3;112,-12,6;122,15,6;124,4,-4;125,4,1;151,21,5;161,10,4;166,-12,7;170,12,-1;172,4,1;173,1,-4;175,4,5;179,10,-4;180,-8,10;184,-14,-6;189,30,4;190,4,7;195,1,-6;196,2,10;198,5,2;200,14,9;201,-15,-14;202,15,16;204,-39,-19;207,24,3;208,-13,1;213,20,6;216,0,1;220,24,14;225,-19,-15;231,20,6;236,8,13;244,10,0;245,-5,-10;255,-4,-3;256,12,16;260,1,-1;263,-1,-3;267,5,-3;269,6,6;741,-202,-93;761,16,8;770,6,17
rua||bambui|esperanca|35796574|194,-1878132,-4444885;210,96,40;211,0,-10;217,-73,-25;219,78,27;221,-83,-33;222,85,38;223,-77,-35;231,46,34;235,20,-6;236,-66,-19;245,41,4;248,-40,-3;255,37,5;256,-9,3;257,1,-3;258,0,2;260,-12,-2;265,8,-2;270,13,12;281,-24,-18;283,-4,-3;285,-7,-1;287,-2,10;290,50,19;300,6,0;310,-111,-49;312,46,18;314,-10,0;318,-7,-4;320,-12,-6;326,2,2;336,2,0;381,-8,-28;383,16,24;385,-6,0;387,-16,-5
rua||bananeira|ponte nova|35794523|130,-1878332,-4441675;156,129,-1;160,-8,3;176,-88,-4;180,73,2;188,-77,-2;190,68,1;200,-11,2;264,-98,1;270,-7,3
rua||bandeirantes|bela vista|35796141|28,-1876692,-4443286;44,-1,16
rua||barcelona|sao geraldo|35792708|31,-1872428,-4443205;32,-35,-60;36,-7,-13;58,24,47;64,-3,-7;85,4,-10;101,-3,-9;224,-28,-41
rua||barra bonita|ponte nova|35794526|20,-1878364,-4441802;25,11,7;26,-11,-1;30,0,4;35,14,22;40,-6,-9;50,4,11;51,3,8;60,0,5;61,12,7;65,-3,7;70,-8,-5;75,10,17;76,-10,-13;80,9,8;85,0,9;95,7,13;100,-10,-12;108,4,7;110,4,4;111,9,15;120,-9,-6;125,3,0;135,6,22
rua||barretos|santa rita|35790674|48,-1874786,-4445787;60,11,-5;69,7,-8;70,-2,6;75,10,-15;76,-8,10;81,13,-6;82,-8,7;93,24,-19;99,7,0;105,7,-4;116,-23,17;117,31,-19;118,-16,12;134,19,-10;170,28,-9;173,2,-11;182,7,9;192,12,-8;209,3,-13;219,44,-10;269,16,-11;273,-52,30;308,47,-18;312,46,-21;314,-34,10;317,-4,-6;320,5,8;325,8,-7;327,5,-4;329,5,-5;331,6,-2;332,-15,19;335,21,-21;340,-14,15;346,5,-8;351,17,-10;361,9,-3;385,30,-13;391,1,-3;412,6,4;420,12,-4;426,9,-2
rua||belgica|bandeirante i|35792606|45,-1873832,-4442509;47,-4,-14;73,-4,-5;75,0,-1;97,-2,-21;101,1,0;105,-2,-5;109,-2,-10;113,1,-5;117,-6,-4;125,-2,-17;165,3,-23;173,5,-2;205,18,-37;225,1,-7;241,2,-11;247,-4,-1;253,13,-7;259,3,1;265,8,-15
rua||belvedere|cachoeira do choro|35797899|3,-1901372,-4471972;4,10,5;7,-227,8;8,201,-8;11,-61,6;19,-72,3;20,23,1;29,-110,-2;30,17,3;32,-15,-1
rua||berlim|sao geraldo|35792712|25,-1872416,-4443323;94,-7,13;121,20,-18;129,2,-3;130,11,13;137,-2,-14;143,-2,-4;156,33,-8;160,15,-7;166,-12,7;170,4,3;173,-14,-4;179,12,0;191,1,-4;193,5,-3;199,9,-8
rua||betim|santa rita do cedro|35798200|38,-1881178,-4415656;48,-364,-8;50,0,-10;52,7,-27;54,23,-19;56,29,-5;58,175,85;63,-190,-88;65,21,-7;66,306,54;70,-190,-96;71,16,61;72,46,-91;73,139,145;74,53,56;78,-9,4;85,-54,36;90,52,-191;94,-33,124;100,-5,-77;120,-262,-45;128,278,160;167,-2,-145
rua||birmania|residencial lourdes|35794312|71,-1878151,-4443717;81,2,-9;89,-20,16;118,-10,5;134,-23,15;135,0,0;136,-2,-7;143,-3,12;144,-7,-7;145,-1,8;148,-1,-5;155,0,11;159,-4,2;166,-7,-5
rua||bogota|santa filomena|35794174|51,-1877141,-4442926;63,2,7;139,-22,59;338,56,203;340,-8,-7;342,-6,-5;344,-5,-10;346,0,7;374,26,17;386,6,27
rua||bolivia|bela vista|35796162|7,-1876750,-4443539;11,8,-2;18,10,-2;23,-4,-6;25,3,0;28,18,-4;31,-20,2;35,9,-7;40,22,-1;41,-17,-5;53,9,3;60,13,1;61,-7,-7;64,9,3;67,-2,-7;68,2,6;76,14,-7;77,-9,-13;90,1,16;94,18,-14;106,15,-13;110,-11,-6;120,11,8;124,2,-8;126,5,-3;128,0,-1;134,19,-1;150,-8,-6;213,15,-6
rua||bonsucesso|vila sao jose|35794012|6,-1875710,-4441798;22,20,-2;34,14,-6;55,8,5;56,2,7;80,26,2;85,10,-2;86,-7,2;90,13,1;91,-4,-4;99,-66,-17;102,86,29;107,-11,-8;109,7,1;128,-3,2;132,6,3;136,-3,0;224,-64,-23
rua||borges|cachoeira do choro|35797899|36,-1901684,-4473016
rua||brasilia|boa esperanca|35796613|14,-1877869,-4444782;21,-11,2;22,5,-7;30,-1,-2;36,-22,-6;42,-6,-1;52,-4,-7;60,-4,2;76,-8,-1;77,8,5;89,-29,-10;90,8,-5;99,-34,-5;100,27,4;115,-12,2;321,-38,-28;328,82,44;330,14,10;332,-12,-6;333,-73,-38;340,82,40;341,-70,-36;350,45,25;351,-55,-25;353,-2,1;357,18,-2;361,-25,-1;370,56,26;390,-2,-2;415,-18,-16;571,69,24
rua||brasilia|esperanca|35796613|13,-1878175,-4444912;61,-54,-21;81,4,5;123,22,10;395,16,4;418,-6,3;423,-17,-11;424,7,4;454,-34,-13;456,-6,-2;466,17,4;494,-21,-12;516,-12,-9;525,-37,-12;526,29,11;536,-10,-1;546,-5,-6;555,6,9;566,-29,-21;576,-3,-5;585,15,19;586,-22,-29;592,-13,-9;593,-17,-17;598,22,21;608,-13,-13;609,-17,-15;618,12,9;655,-2,15;659,-8,-20
rua||brasiliense|santa rita|35790559|13,-1874776,-4444779;18,1,-5;21,2,4;26,5,-16;29,-4,9;34,10,-17;37,-10,7;40,10,-15;45,-8,1;52,9,-11;64,-2,-4;70,5,-15;76,-1,0;82,4,-7;86,6,-14;93,-5,14;98,4,-20;109,-6,14;115,-2,-6;121,-1,-5;133,0,-4;142,26,-152;154,4,16;164,-4,11;172,-4,13;175,-11,51;184,13,-41;187,-11,31;196,8,-17;199,-7,3;202,4,8;208,-5,-3;215,2,-14;223,5,-11;225,-3,-8;227,2,-2;243,2,-12;244,-6,87;273,8,-103;287,4,-18
rua||braz|boa esperanca|35796510|36,-1877848,-4444308;92,38,-32
rua||brejeirinha|guimaraes rosa|35792644|13,-1873381,-4442956;25,0,-22;35,8,-15;45,-5,-4;55,-3,-10;65,4,-5;71,1,-12;93,-2,-26;103,-1,-8;113,-1,-14;123,3,-10;133,-4,-14;143,3,-4;153,-1,-12;160,6,212;163,-8,-223;170,8,217;173,-5,-224;180,3,218;183,-2,-226;190,5,220;193,-11,-225;200,9,212;203,-5,-227;210,3,216;213,-3,-226;220,5,224;222,4,-104;223,-4,-135;230,1,232;240,1,-13;250,-2,-11;260,-1,-9;270,1,-4;280,2,-12;290,0,-13;300,-3,-4;332,-1,-41;342,0,-8;352,4,-9;362,-2,-12;372,1,-8;380,-4,-12;396,2,-8;406,-3,-11;416,0,-10;426,5,-9;436,1,-11;440,-7,-11;456,0,-5;712,-1,-19
rua||brotas|maria amalia|35796078|25,-1875960,-4444080;26,0,-2;32,0,-2;35,-3,-2;38,3,-2;49,-10,6;55,1,-11;56,1,-10
rua||brumadinho|ponte nova|35794580|2,-1878604,-4442010;26,-3,-14;28,-4,-21;47,3,9
rua||budapeste|residencial lourdes|35794316|6,-1878187,-4443863;8,-2,0;16,-47,-18;18,-18,-7;20,12,7;29,65,18;40,-15,-7;46,-2,4;49,5,6;58,-20,-14;66,-16,-3;68,-2,0;70,9,-1;96,-63,-13;110,-2,1;115,23,10;116,15,-10;120,-15,-3
rua||bueno brandao|centro|35790234|17,-1875626,-4442886;38,-7,14;39,26,1;45,-12,13;50,-12,16;55,18,1;78,-17,15;79,12,10;95,4,10;136,-6,43;147,0,4;149,-11,13;154,-2,6;173,10,3;194,-20,20;200,-2,20;206,2,7;265,14,64;320,-14,33;336,-6,1;349,11,32;356,-16,-6;359,13,14;369,0,3;381,-5,17;397,4,15;400,-5,-32;402,12,-295;440,-26,344;454,0,13;466,0,26;478,-4,19;500,1,28;518,8,-63;520,-11,69;550,5,19
rua||bueno brandao|tibira|35792109|491,-1875656,-4442422;499,-4,-19
rua||bueno brandao|vila nova|35792126|40,-1875660,-4442222;120,0,-100;130,-2,27;569,-15,93;659,17,-72;664,-20,26;670,14,-46;671,0,35;674,-12,-4;683,7,-29;685,-18,7;687,16,1;691,6,-18;701,-7,16;715,10,42;745,-5,32;755,4,-4
rua||buenopolis|santa rita|35790653|17,-1874512,-4445516;27,4,6;31,-1,5;32,-17,-55;37,24,62;44,-29,-76;47,38,88;59,-38,-65;60,-7,-34;89,-16,-30;93,-4,-6;113,-15,-31;131,-293,-555;139,7,-6;143,284,534;149,-4,-6;161,-3,-11;169,-2,-3;205,-4,-10;255,-23,-44;257,-29,-73;258,34,64;261,-13,-43;265,5,38;299,-39,-98;390,1,-11;403,-5,0;415,-4,-18;427,-9,-15;455,-6,-17;568,-24,-73;582,-7,-19;660,-27,-72;668,-1,-9;715,-23,-27;723,-1,-7;731,0,-11;740,-1,-14;841,-45,-101;847,-3,-5;853,-1,-8;861,-4,-4;875,-7,-17;903,-7,-15;916,-9,-16;932,5,-10;1001,-36,-67;1052,-6,-47;1068,-7,-12;7100,125,325
rua||butanta|santa filomena|35794206|39,-1877419,-4442770;74,-3,13;86,6,7;98,9,9;99,10,1;109,5,5;110,-14,-1;116,7,8;121,12,6;122,-7,0;130,6,5;135,10,6;140,-8,-1;145,10,4;150,-6,4;154,5,5;157,10,3;175,7,9;177,9,12;186,-10,4;198,6,0;204,4,14;205,8,-3;210,-5,4;219,8,2;222,0,10;225,5,-2;228,-11,-7;231,20,18;239,-6,-4;244,-7,3
rua||buzios|boa esperanca|35796523|20,-1877537,-4444404
rua||b|boa esperanca|35796655|10,-1878623,-4445406;20,1,4;30,8,11;40,9,5;41,7,-4;50,-3,13;51,9,-3;55,4,-1;60,-11,7;61,13,1;70,-4,12;71,8,-4;80,-1,5;81,19,-1;85,-8,4;90,-2,7;100,4,5;110,9,13
rua||b|ipiranga|35794394|9,-1878551,-4443269;12,-9,-27;15,12,43;22,-14,-38;25,13,48;32,-9,-38;35,11,52;42,-8,-37;45,7,47;52,-8,-42;55,9,50;62,-9,-34;65,8,47;72,-6,-41;75,12,50;82,-17,-38;85,19,43;92,-13,-38;95,6,52;102,-3,-40;105,8,44;112,-9,-38;116,-4,3;122,4,10;132,1,6;142,5,10;152,5,15;164,-7,13
rua||campo bonito|alto bom jesus|35790878|15,-1873408,-4444152
rua||capim branco|santa rita|35790635|45,-1874873,-4444402
rua||casa blanca|bela vista ii|35796216|75,-1876467,-4444212;85,11,6;87,-29,-13;91,10,3;101,-70,-34;105,-32,-6;107,29,9;111,-5,-8;113,-15,2;115,-16,-10;117,75,36;119,-27,-16;141,18,7;143,-9,2
rua||casa blanca|bela vista|35796216|10,-1876416,-4444202;18,-7,-5;22,0,3;30,-10,-3;38,-11,-4;44,-1,3;56,-8,7;58,-5,-11;68,0,-7;74,-10,-4;80,-8,-1;88,-10,-7;94,-1,-2;104,1,1;116,-14,-6;126,-14,0;130,-2,-3;136,-11,2;142,-4,-2;154,-4,-6;162,-9,-7;168,-3,3;170,-11,-2;174,-1,2
rua||cicero alves barbosa|sao jose das pedras|35790536|4,-1904886,-4453180;5,-10,-22;9,-38,-46;15,-8,-97;16,2,-9
rua||da barroca|vargem de cima|35797899|1,-1851676,-4421575;3,-129,-14;4,122,51;7,14,106;87,-17,40;102,-422,149;188,417,-69;189,-5,22;201,-57,152;202,-28,42
rua||farol da barra|boa esperanca|35796529|50,-1877514,-4444502;53,35,39;65,-6,0;71,-7,-15;83,-9,-14;84,2,9;92,13,16;104,5,4;105,-36,-44;129,-12,-19;170,47,47;191,43,67;201,4,8;210,13,15;211,-6,0;222,16,17;223,-12,-18;235,9,12;241,8,8;249,4,4;255,0,4
rua||geralda martim barbosa|cachoeira do choro|35797899|5,-1901747,-4473259;75,-4,-4
rua||joao barbosa|anguereta|35798400|6,-1914969,-4465260;7,-91,56;9,-13,-78;10,55,5;12,17,5;13,-35,0;19,-153,136;21,4,-4;23,30,-43;29,-34,54;30,5,-4;33,-6,5;39,-14,12;40,8,27;41,108,-173;43,-17,17;45,35,-28;47,-127,168;49,-10,21;52,-9,26;53,199,-212;54,-201,230;59,8,-22;69,-11,11;73,-11,-3;75,6,25;77,-3,1;80,131,-215;82,3,-8;90,16,-16;92,-23,28;94,-22,27;96,-54,93;100,-70,113
rua||jose bonifacio|centro|35790105|5,-1875701,-4443154;10,-5,-4;17,-9,12;29,42,-4;30,-44,-9;31,54,9;35,-4,2;37,-52,5;41,-11,-13;43,70,8;44,-470,-23;45,396,18;48,-14,-4;49,15,14;53,86,-4;57,-102,-9;64,-4,0;67,121,11;70,-2,0;71,-122,-13;74,-8,0;79,137,19;81,-144,-14;83,161,22;100,-169,-33;101,-6,1;103,-6,2;104,9,-3;105,-17,2;110,5,3;133,-38,-9;139,7,-11;144,1,20;147,-6,0;148,-3,-14;160,-1,0;165,-8,13;171,-11,1;180,-8,-1;189,-2,-3;195,-5,2;211,-9,-4;215,-10,-4;233,-12,5;239,-4,-7;250,43,-3;255,-43,9;259,-35,-2;261,32,1;263,-17,-2;265,-3,1;271,-21,-4;300,9,-4;306,-23,2;307,-8,0;311,-7,6;320,-3,-16;327,-15,13;336,-8,-6;337,-1,4;349,-4,1;359,-15,-2;360,13,-16;373,-22,11;374,7,-6;378,-12,0;380,-2,3;382,2,-4;383,-4,-1;390,1,2;392,-7,-5;397,-5,5;400,5,-5;410,-10,14;420,-8,-4;423,-26,3;433,-7,0;440,15,-12;450,-23,-1;451,-1,3;458,-1,-7;461,-2,11;462,-7,-7;465,6,4;467,-6,6;474,-7,-12;496,-23,-1;506,-16,7;509,-7,1;529,-4,-2;531,-14,2;532,18,-9;533,-30,5;537,1,-9;540,14,12;546,-3,-14;560,-17,-1;584,-6,0;586,-5,6;588,-4,-8;589,-10,15;590,-3,-17;594,-42,-5;600,39,3;610,-11,8;612,9,-5;660,-49,3;670,-8,-2;677,-14,0;680,7,-4;689,-16,8;690,10,-5;695,-12,-1;700,3,-4;705,-14,0;707,-2,4;720,1,-14;721,-13,24;727,-7,31;745,-8,-46;770,-12,-32;780,-8,-5;800,-9,-5;805,-24,-5;823,-2,-10;827,-8,0;829,0,-1;833,-3,1
rua||jose bonifacio|jk|35790105|4,-1915132,-4454633;10,-11,0;22,14,4;26,19,-3;30,11,-3;34,13,2;36,20,0;40,12,0;60,14,-4;70,5,1
rua||juvenal borges|centro|35790198|3,-1875775,-4443118;4,57,28;5,-53,-32;9,10,23;12,80,21;13,-51,-14;15,5,4;17,9,-1;19,1,-1;21,6,0;23,3,-5;25,20,-8;27,24,11;28,-18,34;38,50,-22;45,-8,-11;55,20,11;60,-16,6;74,23,-1;110,30,8;115,12,-14;116,-3,13;120,6,4;135,1,-17;137,-6,-3;145,34,4;148,-2,18;155,-2,-14;159,69,15;163,1,-12;167,4,-1;171,11,4;173,5,-2;181,2,6;215,4,1;223,7,-6;309,34,-1;310,1,10;315,0,-2;316,0,2;322,24,10;353,36,-8;362,-16,15;372,11,-1;386,16,7;425,33,-10;431,5,-5;441,8,6;490,49,7;504,9,-4
rua||leo batista|leo batista|35796474|281,-1877458,-4444031;287,4,1;293,-2,-2;299,-6,-6;313,0,0;321,-9,-12;425,-54,-88;435,-9,-11;447,-5,-11;459,-14,-10
rua||leo batista|vila de lourdes|35796474|11,-1877329,-4443830;36,-160,-256;55,132,212;73,10,32;85,12,1;91,-2,1;101,-30,-43;138,-10,-35;141,0,9;145,-26,5;152,25,-21;154,20,-13;155,-30,13;157,1,-16;160,4,4;161,-21,-12;169,17,-6;172,2,19;173,-29,-28;176,3,-8;178,7,13;199,-21,-26;213,-9,-14;250,6,5;260,-5,-13;266,-5,-8;275,-48,-70;276,44,65;288,-4,-8;290,-4,-10;310,-10,-8;320,-6,-14;330,-12,-12;336,-3,-3;380,-14,-23;390,-8,-13;410,-11,-15;414,-3,-10;448,-13,-13;600,111,52
rua||libero badaro|centro|35790324|14,-1874996,-4442418;39,7,28;40,-6,-5;46,7,12;47,0,0;51,0,4;59,7,14;64,-9,-4;70,3,11;71,10,7;80,17,85;83,-16,-78;87,2,4;95,16,12;105,-8,13;121,4,9;124,-12,-21
rua||lirio branco|esperanca|35796673|26,-1878725,-4445431;48,-14,-19;51,-5,3;56,0,-6;61,-11,-7;66,-5,-4;71,3,1;74,-8,-9;76,-7,-12;79,-13,-1;82,10,-3;87,-12,1;95,-6,-12;96,25,19;110,-23,-23;114,-4,-5;116,-8,-4
rua||marina borges|boa esperanca|35796592|25,-1878007,-4444542;39,5,-2;40,-1,8;52,25,-28;73,-1,-9;78,5,18;81,1,-21;86,1,13;89,1,-26;94,1,17;102,3,-10
rua||nova betania|bandeirante ii|35792622|21,-1873728,-4442671;22,5,5;31,8,-7;35,9,-3;39,10,-12;44,-13,14;58,9,-5;69,7,-7;79,11,-6;82,6,4;95,7,-9;96,-4,5;101,12,-13;147,42,-21;154,152,-71;159,-150,63;160,7,13;167,13,-23;170,-7,24;195,21,-20;205,10,-11;206,3,13;211,8,-6;220,-1,6;230,17,-12;232,14,-12;244,-12,4;260,19,-6;263,-31,6;313,44,-11;354,70,-30;365,3,-9;369,5,-1;372,7,4;377,2,-13;378,19,-2;384,-6,4;388,-1,-3;393,-5,0;394,13,-3;398,8,-3;401,-16,-2;418,31,-2;421,5,-15;443,-16,12
rua||olavo bilac|ponte nova|35794502|40,-1877831,-4442344;100,-44,-62;124,23,30;136,8,13;148,-8,-5;208,47,60;241,-79,-112;243,107,107;244,-28,23;256,10,1;270,-92,-152;430,134,193
rua||ouro branco|ponte nova|35794571|35,-1878072,-4442262;45,112,-65;48,10,-7;55,-14,16;58,5,-8;71,-22,11;73,-183,99;81,171,-77;84,16,-18;94,-15,0;105,-17,23;106,11,-18;123,-13,26;125,-8,-3;129,-13,5;140,16,-14;146,-6,4;154,-20,10;165,-13,17;173,5,-6;174,20,-16;191,-49,35;197,-2,-2;202,-13,3;205,2,-1;209,-3,8;214,-19,6;221,16,-4;226,-4,-7;243,-3,8;251,-7,9;263,-6,5;265,-5,0;267,-11,1;269,15,11;274,-24,-11;279,8,2;286,-19,-1;320,-64,27;322,0,1;350,-49,11;361,59,-7;365,-10,6;377,-9,-1;395,-14,5;400,-23,-2;406,20,-8;417,-20,26;420,34,-34;435,-50,32;454,1,-7;477,-36,-4;484,6,5;504,-11,10;505,-8,12;510,-6,-3;516,-12,-12;522,-12,7;546,-15,13;558,-17,6;565,5,4;570,-14,0;600,-22,4;628,-76,25;634,-3,3;640,-4,2;646,-12,-1;652,2,13;697,2,-7;701,5,0;715,-15,5;725,-14,6;737,-12,6;740,17,-19;746,-5,5;749,-25,18;752,22,-13;755,-24,15;769,-10,-2;787,-15,5;881,-49,15;894,-55,0;919,26,9;927,-8,1;930,-35,1;933,28,-2;936,-25,7;941,4,3;954,-34,-2;957,31,3;977,-36,11;995,-21,9;1003,-9,9;1011,-47,8;1050,0,-10;1064,-11,3;1076,-13,4;1086,-7,3;1100,-9,1;1110,-15,0;1114,-1,5;1120,-16,1
rua||pau brasil|bela vista|35796459|208,-1877293,-4443745;220,4,-8;226,6,-7;230,3,-4;240,11,-16
rua||pau brasil|solar dos ventos|35797899|1,-1874395,-4439779;13,92,321;29,-98,-366;35,25,97;40,-64,-233;43,-22,-111;81,5,23;109,9,41;137,7,21;193,11,43;230,5,45;258,4,-1;259,9,17;280,84,340;286,-85,-315;314,-3,28;464,47,147;586,25,93;613,27,34;703,16,63;708,-6,20;733,14,16;755,-1,16;785,12,32
rua||pau brasil|vila de lourdes|35796459|37,-1877369,-4443618;40,-18,26;50,5,-3;55,87,-156;75,-23,33;82,-51,93;85,7,-7;91,58,-100;100,32,-52;165,-91,69;172,27,23;177,-7,18;185,15,-33;187,9,-9;195,-3,14;196,-4,4;198,10,-14;200,8,-6;202,4,-15;204,-7,10;206,-17,37;207,-51,74;209,-2,6;295,87,-146;297,1,-3;312,4,-9;313,6,-5;990,-100,159;992,-2,-9;994,-1,5;998,21,-32
rua||pedra branca|santa cruz|35792464|13,-1874150,-4442761;22,-2,-11;25,3,8;30,-15,-9;37,0,4;49,-1,0;50,-14,-11;51,2,2;55,-4,3;59,-2,-2;61,-7,3;62,-4,-9;67,4,4;68,-6,-6;73,2,4;74,-7,-4;75,1,3;79,-5,-1;80,-4,-4;85,9,6;86,-13,-9;91,0,2;92,-18,-6;106,0,1;109,9,3;110,-14,-11;121,-4,15;122,1,-14;128,-5,-3;136,1,-4;140,-12,6;145,4,4;148,-12,-11;151,3,6;154,-13,-5;166,-12,-5;169,5,7;172,-8,-8;178,-8,-1;184,0,-8;203,-13,10;206,-3,-8;214,-3,1;220,-9,-1
rua||policena mascarenhas barbosa|centro|35790369|44,-1874671,-4442457;45,7,-9;55,-12,25;56,0,-14;57,5,2;65,-15,25;77,0,3;87,-4,4
rua||quincas borba|ponte nova|35794577|58,-1878464,-4442145;64,7,15;146,17,58;166,3,20
rua||rio bamba|bela vista|35796294|4,-1876793,-4444345;6,-16,1;8,-10,-1;12,-10,-5;16,-36,4;19,190,12;20,-187,-12;22,178,9;27,-5,0;28,-2,6;34,-184,-19;39,170,18;40,11,-5;41,-194,-3;43,178,2;45,-3,6;51,-169,-2;52,177,0;65,-11,-5;66,4,-3;69,-144,5;71,28,-4;73,12,3;74,92,-5;75,-92,4;77,96,1;78,-14,3;79,-127,-6;80,-89,-11;81,100,14;82,-86,-15;85,196,15;87,-109,2;88,-36,-14;89,20,12;90,127,7;91,-170,-7;93,31,-4;94,141,5;95,-166,-4;97,3,29;99,2,-29;101,-19,-2;102,4,3;107,33,2;110,-40,-6;111,-10,2;129,121,3;205,-129,-5;300,41,-4;322,-44,0;327,-3,7;338,-13,-9;339,2,4;346,-9,-16;590,197,15
rua||rio borrachudo|anguereta|35790559|1,-1903862,-4469696;45,-379,347;49,-94,115;50,54,132;51,-38,98;55,388,-147;56,6,54;58,138,128;60,233,85;61,27,100;62,61,-94;66,342,-5;69,-189,-2;90,521,-39;91,-56,22;94,-338,10;95,-88,-2;97,-232,-109;98,-33,316;99,-359,-466;101,-25,-217
rua||rio borrachudo|cachoeira do choro|35790559|1,-1903919,-4469719;2,-57,-26;3,53,-99;5,-175,-210;9,-23,-199;33,-333,768;38,270,-717;39,5,265;49,-124,710;50,-5,135;52,308,-353;53,-39,111;54,110,48;55,-19,158;67,757,309;70,257,-16;71,17,-10;78,735,-304;81,-275,38;88,-248,-44;90,-160,82;92,-145,172;94,-185,-52;96,-226,-3;97,-145,-55;98,-80,46;99,-132,-171;100,-143,-155;101,50,-85;102,-584,271;103,544,-9;131,1776,527;149,-532,269;150,118,-35;803,217,-839;804,28,8
rua||rui barbosa|centro|35790138|25,-1875337,-4443584;31,7,-8;33,4,-2;37,-2,-8;50,7,6;111,-4,-12;119,11,-10;125,-2,8;129,2,-10;131,5,-5;133,7,-7
rua||tereza becattini|bela vista|35796198|15,-1876418,-4443821;17,6,0;21,0,-9;23,1,-2;25,0,-10;27,-4,-3;31,3,-1;51,0,-13;58,6,3;63,-10,-17;67,2,-3;72,12,4;73,-12,-10;74,12,3;76,-1,-7;78,-3,-8;79,-7,7;83,-1,0;87,3,-11;90,9,-4;93,-8,6;95,-2,-8;98,9,-7;109,-9,1;110,12,-8;114,-7,-8;116,4,-1;118,8,-6;121,-21,1;130,9,-5;131,-5,4;138,5,-4;144,0,-16;148,1,-1;149,-3,4;153,-3,-4;158,4,-8;170,7,-15;172,-2,-5;174,-3,-9;188,3,-5;207,-7,-15;211,0,-3;235,7,-29;236,0,6;240,1,-5;241,-7,-6;251,2,-16;254,8,8;270,-4,-15;280,-2,-11;309,1,-15;319,-3,-22;325,1,-5;334,3,-13;335,-4,2;341,4,-12;345,11,-4;347,-10,133;350,1,-132;354,-2,-9;355,-4,1;356,7,-6;376,-7,89
rua||vital brasil|bela vista|35796186|13,-1876224,-4444026;19,5,-16;20,16,-19;23,-6,5;27,-6,2;30,24,-3;37,-26,-4;40,17,1;43,-13,-8;48,9,-6;49,-8,4;50,8,-15;51,-6,13;55,-5,-7;60,14,-14;64,1,1;69,-12,4;70,10,-8;73,-11,2;75,-1,-5;77,-8,-2;81,9,-10;85,3,-7;90,8,24;92,-5,-13;94,1,-6;99,-3,-11;104,5,11;108,0,-10;111,-5,-16;120,5,12;123,-11,-26;130,14,13
rua||von brawn|residencial lourdes|35794266|40,-1877589,-4443627;50,5,-1;60,-4,-6;66,-2,-4;70,-14,-10;71,-7,-9;77,-5,-1;84,0,-11;88,24,26;90,-24,-23;115,-23,-33;121,-8,-5;125,-6,-8;131,-5,-10;141,-4,-7;180,-17,-31;186,-10,-14;192,5,3;193,3,-9;200,-3,0;201,-15,-19;206,0,10;214,-5,-7;215,9,8;222,-4,-24;234,-12,4;255,-4,1
rua||wenceslau braz|bela vista|35796192|7,-1876348,-4443878;15,2,-8;17,-2,-2;19,-5,-8;22,12,2;25,-10,-3;26,9,-9;30,2,-9;35,-7,1;37,-2,-12;43,0,4;45,4,-5;47,-3,-5;50,8,1;53,-8,-2;59,0,-9;60,8,9;70,1,-16;73,-7,5;76,8,-12;85,-5,-2;90,-2,-1;91,-3,-5;99,2,-3;100,11,-10;109,-10,-1;110,7,-13;116,1,-12;119,-11,13;135,3,-13;139,4,-6;146,2,-13;151,-6,6;155,0,-3;163,2,-9;164,1,-6;168,3,-9;170,0,-2;174,1,-9;178,-5,-5
sitio||agua boa|do barro|35797899|90,-1902243,-4449741
sitio||bananal|fazenda olhos dagua|35790536|5,-1900599,-4446344
sitio||dos barbosa|sitio dos barbosa|35789001|17,-1891721,-4458402
sitio||paiol de baixo|paiol de baixo|35798400|2101,-1887427,-4470624
