avenida||washington luiz|centro|35148000|46,-1937376,-4210595;56,-797,-578;101,621,492;102,1,2;103,-1,3;128,-592,-466;130,19,7;132,25,-9;164,23,31;184,11,20;194,13,5;201,502,408;203,4,-2;240,-462,-370;247,35,-39;254,-24,41;262,11,18;273,30,-40;292,-19,25;296,14,35;300,1,0;301,37,-48;317,34,36;325,-34,-21;331,-19,-17;341,22,20;343,6,14;351,25,-4;360,-26,64;377,34,-44;378,-20,40;388,0,5;389,28,-35;391,4,6;393,14,7;400,-41,26;405,49,-22;408,174,194;410,-212,-165;423,71,-5;428,-65,21;433,56,-24;440,-36,28;444,13,-5;455,-110,23;458,120,-4;472,-3,7;480,2,-7;500,16,18;559,72,-32;566,-23,73;567,26,-40;577,-3,8;584,-5,49;585,9,-38;586,-17,34;595,28,-35;597,9,8;599,11,-3;601,5,24;607,11,-1;608,5,24;620,6,2;623,-8,-19;635,8,6;643,19,10;665,1,6;675,-26,36;676,-5,-18;681,50,-6;688,-26,31;694,1,5;696,15,-11;700,8,6;703,1,-21;705,7,11;713,8,-8;718,-1,38;733,9,-25;736,-322,-276;737,339,280;739,-353,-296;745,371,304;780,-17,39;784,12,-3;786,8,10;789,23,-33;793,-4,26;794,-24,16;799,34,-15;800,-23,21;820,6,10;823,35,-29;826,-30,28;846,17,13;862,-187,-237;863,-9,-1;864,7,-5;868,73,111;869,37,3;874,98,144;881,46,-13;888,-37,26;900,5,12;917,61,-23;920,-32,41;936,48,31;947,-1,-84;950,-35,53;953,27,-11;955,16,-3;970,-32,24;976,7,7;978,1,8;988,2,-18;995,36,-2;1015,-29,46;1045,68,-19;1055,5,7;1065,16,17
corrego|sao|paulo|sao paulo|35148000|1,-1940304,-4211666;2,377,-814;3,-241,176;4,478,-223;5,-1983,340;6,1192,-965;8,144,767;9,34,39;10,245,-29;11,-819,117;12,-516,-26;13,175,-55;14,759,-169;482,886,1063
corrego||alto do regino|alto do regino|35148000|6,-1938478,-4206936;8,-579,-308;11,633,-913;13,-788,849;16,1898,-1962;17,-1795,1858;26,229,-107
corrego||alto do regino|corrego volta grande|35148000|12,-1937705,-4207718
corrego||areia preta|areia preta|35148000|1,-1937331,-4211445;2,-987,-465;3,670,583;4,-1142,-752;5,-899,-603;6,-176,-362;8,639,719;9,332,708;12,1448,-1073;13,102,-24;14,-328,-145;15,10,81;18,320,60;21,-973,-693;70,790,1062;481,-1594,981;484,-435,-78
corrego||das perobas|corrego perobas|35148000|2,-1937735,-4203707;5,7,-121;6,46,-242;7,-59,-57;8,-462,240;11,-127,-691;13,-456,-740;14,5,-259;15,-96,-111;20,-277,-550;21,-144,-92;22,-135,-138;25,-209,-586;801,1442,3186
corrego||do morro agudo|santa maria do monte agudo|35148000|1,-1939402,-4211063;3,-2163,833;4,1130,-1132;5,-122,533;6,-574,596;7,563,229;8,-295,-1067;9,-1163,2437;10,1312,-2254;11,-340,458;12,437,145;15,17,17;16,1,149;48,1202,-812;49,-1877,-615;87,1933,557;7657,-1216,883
corrego||felicio brandao|vargem alegre|35148000|12,-1939573,-4207978;15,-206,329;16,476,103;17,-92,-117;18,-86,-156;20,-97,-236
corrego||macieira|cler|35148000|9,-1937970,-4209050;11,-25,-87;13,3,119;14,25,50
corrego||mangueira|volta grande|35148000|8,-1938944,-4209013;10,679,651;17,633,-553;18,21,-23
corrego||perobas|corrego perobas|35148000|5,-1937724,-4203823;6,118,-511;10,-583,450;16,-916,-1963;21,-208,-479;63,1595,3123;65,-1518,-3010
corrego||ponte alta|corrego areia preta|35148000|6,-1936006,-4210140
corrego||ponte alta|ponta alta|35148000|5,-1936299,-4209962;6,318,-196;8,518,-757;9,-466,691;10,22,-135;12,6,-98;13,52,-15;14,3,-26;22,-249,-1085;26,25,133;27,29,-575;31,148,149;32,-266,48;33,82,56;37,89,-38;39,79,-17
corrego||vargem alegre|alto do regino|35148000|9,-1938327,-4208280
corrego||vargem alegre|corrego volta grande|35148000|2,-1937149,-4204518;3,39,228;7,319,-776
corrego||volta grande|alto do regino|35148000|1,-1937327,-4209293;2,-327,1446;3,-50,138;9,-633,-573
corrego||volta grande|cler|35148000|2,-1937866,-4209572;5,-734,525;6,-85,17;9,-345,148;10,-102,33;34,835,-857
corrego||volta grande|corrego volta grande|35148000|1,-1936135,-4207500;3,-314,1666;6,117,439;7,-1181,2077;15,1181,-2332;23,-1107,503;301,-292,1959
fazenda||antonio jojo|cler|35148000|1,-1938908,-4211019;2,-77,34;3,76,101
fazenda||caldeira|cler|35148000|8,-1939495,-4211050;23,1493,313;73,300,362
praca|padre|francisco weber|centro|35148000|15,-1937449,-4210704;25,-57,-18;29,16,-9;35,5,-14;49,-3,-10;59,6,-3;69,3,-1
praca|santo|antonio|centro|35148000|35,-1938054,-4210853;40,4,-11;46,8,14;66,-25,-13;90,12,-11;96,1,3;103,20,17;118,-5,-2;128,-7,-4;176,9,3;623,-3,0;624,-1,1;626,-2,-2
rodovia||br 116|centro|35148000|1129,-1937318,-4210553;1135,5,4;1255,149,96
rodovia||br 116|sao paulo|35148000|1,-1938899,-4211241
rodovia||br 116|serapiao|35148000|13,-1938458,-4211259;15,105,-10;33,-44,21
rodovia||br 116|vila machado|35148000|473,-1936611,-4209996
rua|dom|pedro ii|centro|35148000|18,-1938088,-4211081;21,0,1;27,-11,6;30,7,-3;33,-3,6;40,1,7;48,0,5;52,-12,5;60,-2,7;68,-5,4
rua|dom|pedro i|centro|35148000|6,-1937578,-4210741;12,5,-36;20,2,1;38,-13,4;48,-13,-17;53,13,-15;56,-3,5;57,-4,-10;60,-16,7;65,3,-4;70,0,2;84,-5,-11;85,-2,-19;97,-3,3;103,-4,4;107,10,-13;113,1,-4;118,-15,-9;120,-12,-2;121,-4,-4;138,8,0;161,-31,-38;171,-22,-19;181,-9,-5;184,38,18;190,-3,-21;198,-5,10;199,-38,-14;201,-8,-14;208,26,25;220,-1,-12;230,-5,-3;238,-2,-1;321,-151,-106;445,-42,-62;455,-9,15;473,-49,-17;790,317,261;795,11,11;987,-26,-56
rua|duque|de caxias|centro|35148000|10,-1937711,-4210754;21,-3,-7;23,-5,11;27,4,1;35,-14,15;38,1,-2;45,-2,14;46,2,-4
rua|princesa|isabel|centro|35148000|19,-1938072,-4210940;20,-3,0;29,6,6;35,11,4;36,-4,-7;40,3,16;48,6,-5;54,7,6;60,5,6;61,-5,3;69,8,0;70,-5,2;78,5,4;83,7,12;84,5,-12;95,8,9;96,-8,5;106,16,2;107,-9,2;114,14,2;117,-10,4;581,-67,-70;638,7,18
rua|santo|antonio|serapiao|35148000|23,-1938276,-4211707;29,13,5;33,26,1;34,-27,-1;41,12,0;46,2,3;49,2,-7;73,19,12;82,13,-4;87,4,0;93,3,3;98,16,-3;99,3,-2;111,12,4;120,6,0;121,0,0;124,0,9;130,4,-4;135,11,-2;146,-3,6;434,-124,-13
rua|sao|jose|serapiao|35148000|18,-1938342,-4211595;21,2,-5;26,12,8;31,5,-1;82,0,4;92,13,-15;191,51,2;211,-3,-18;213,-54,20;230,11,-4
rua|sao|lucas|serapiao|35148000|10,-1938286,-4211648;20,10,9;32,5,-11;44,21,4;72,12,-2;82,12,-2;93,13,12;98,14,-30;126,18,29;144,12,-1;145,-2,-9;150,7,12
rua|sao|marcos|serapiao|35148000|11,-1938195,-4211932;36,4,156;42,3,-18;51,-8,3;54,9,-15;59,-3,5;69,0,-13;72,2,-14;75,-7,2;86,12,-7;95,-4,-5;108,7,-17;125,4,-24;136,-2,4;144,-5,-11;156,13,-14
rua|sao|mateus|serapiao|35148000|10,-1938149,-4211535;22,-17,-81;32,5,12;42,2,20;52,3,4;92,12,47;232,-12,-122;240,1,21;248,0,-9;254,11,-85;256,-6,85;258,5,-10;306,0,-32;318,-1,-6;328,12,-22;338,-7,-13;354,58,-23;355,-62,-21;370,3,5;380,4,-15;385,-2,-12;463,1,-8;473,2,12;479,-4,-42;488,10,22;502,3,-69
rua||analia eller|centro|35148000|20,-1937383,-4210713;30,8,14
rua||anibal feitosa|serapiao|35148000|26,-1938371,-4211430;34,-10,6;42,-8,2;54,-12,7;66,1,4;73,-1,14;74,-8,-6;82,-14,-3;92,-8,9;93,12,1;102,-16,2;107,-3,-1;111,-13,8;118,1,3;126,-11,9;128,-6,-4;132,1,7;144,-8,6;159,2,0;173,-17,11;174,4,-9;176,-129,20;180,118,-19;183,2,10;186,-3,-3;188,-9,3;195,2,7;200,-8,-14;202,-12,-8;204,18,23;209,-20,-40;210,4,42;214,-11,9;225,4,-45;235,4,4;236,-19,41;246,-4,10;256,-13,0;259,2,8;262,119,-72;264,-119,64;267,-12,15;274,4,-2;275,-6,7;280,-10,-6;346,-32,-34;353,4,57;363,-4,12;365,-12,-3;371,-5,5;373,-9,1;385,-10,11;399,-15,3
rua||arthur bernardes|centro|35148000|5,-1937913,-4210973;15,-6,13;27,-7,11;28,-17,0;30,68,-81;35,-59,92;36,69,-104;37,-10,-13;40,-65,110;47,2,4;48,-14,8;53,0,1;59,-9,-2;60,6,17;81,8,-1;87,-13,13;94,-10,10;95,4,-4;114,-14,12;115,6,1;127,-1,6;135,0,11;143,-15,0;151,-7,3;160,1,11;161,-4,3;164,10,4;170,-12,3;171,2,-5;178,-4,12;186,-3,0;196,-7,7;198,-4,5;565,32,-59;840,116,-167
rua||a|vila machado|35148000|19,-1936710,-4209965;22,-136,-80;25,373,99;42,-580,-188;49,549,191;54,-12,5;58,-12,-10;66,-540,-210;72,532,215;73,11,3;79,-23,1;82,2,7;96,-8,-7;99,0,9;106,-7,-20;109,-10,11;128,-14,-12;140,-16,7;145,4,6;155,-20,4;156,2,-16;158,-2,9;166,-12,-3;195,-8,3;215,-18,-13;219,4,9;221,-21,-3;225,-4,-6;228,-15,-1;293,-40,-17;301,-8,-12;311,-18,-10;315,-6,6;319,-3,-7;323,10,-16;325,-14,3;333,-18,1;339,-3,-8;341,1,-9;345,-10,7;351,-7,-8;1292,-438,-407;1310,-1,17;1318,6,16;1336,-6,22;1361,26,-1;1362,0,4;1372,32,42;1391,-16,-29;1435,20,40;1457,9,20;1557,29,38;1602,14,42;1700,66,75;1734,36,24;1786,37,32;1796,108,35;1800,21,4;1801,-52,-19;1810,66,23;1875,-41,-9;1895,17,0;1905,10,11;1915,-1,-5;1925,14,0;1945,8,3;1955,8,2;1965,6,6;1985,11,3;1995,64,29;1998,-121,-45;2001,67,20
rua||basilio de oliveira|sao paulo|35148000|23,-1939823,-4211636;60,-12,86;105,8,-54;108,0,1;113,1,-16;120,9,-3
rua||campos sales|centro|35148000|181,-1937616,-4210733;207,-16,-14;211,-8,10;215,-2,-16;221,-11,7;231,-4,-15;232,0,13;244,-3,-1;245,-19,-22;252,12,22;258,-7,8;259,2,-14;264,-4,8;270,-5,-5;274,-5,0;327,-44,-18;328,1,10;329,-13,-9;338,-6,23;346,-2,-23;356,15,2;360,-25,3;366,-5,-9;373,-9,6;374,-1,-4;383,-12,-5;393,-2,4;429,-33,-19;439,-11,6;449,-15,-1;457,-6,1;464,2,-5;467,-9,7;471,-11,-2;472,4,-2;473,-14,-4;487,-8,-7;501,0,2;506,-109,-18;513,91,22;526,-19,-9;527,5,7;536,-5,-10;537,7,5;541,-4,-4;544,-14,7;547,6,-10;553,-7,-11;563,-16,15;567,-6,6;575,-12,-8;576,12,0;585,-31,-6;592,18,-3;603,-28,6;608,16,-1;613,-28,-3;614,23,-11;617,-16,17;624,8,-14;627,-17,3;630,12,4;631,-21,0;639,3,0;656,-11,-6;664,-5,0;672,-3,-4;678,-13,3;703,-10,-1
rua||carlos gomes|centro|35148000|1,-1937376,-4210653;3,-1,13;15,-11,0;17,-111,72;19,110,-64;26,-82,46;27,65,-52;30,-66,46;40,-19,15;45,-5,6;48,134,-55;50,4,-9;59,-140,73;70,-8,-1;72,2,-6;73,22,-11;74,-16,16;75,-11,2;84,-13,9;86,-2,11;89,17,5;99,-27,-5;109,32,-28;1235,133,-84
rua||castro alves|centro|35148000|40,-1937847,-4210869;52,-119,-49;65,109,61;82,6,-15;88,-30,33;90,1,-2;97,1,4;102,-6,15;115,1,1;120,2,17;130,-13,13
rua||durval torres|centro|35148000|10,-1937334,-4210746;70,29,-20;77777,2,-36
rua||eduardo cristiano eller|sao paulo|35148000|41,-1939810,-4211571;58,80,32;60,14,-9;141,-22,-4;176,-27,-31;182,-10,14;190,-21,-5;198,-9,-3;206,-4,2;232,-41,-5;236,-6,-10;240,-2,0;252,-10,-20;258,-26,10;263,13,24;264,-17,-22;273,-8,8;274,0,-10;275,187,53;287,-197,-49;302,-13,-12;310,-9,0;311,14,12;329,-25,-4;335,-14,-6;340,9,-1;350,-22,-16;359,-47,-1;360,68,9;399,-82,-16;449,-6,3;491,-51,-1;502,-2,-18;505,-12,13;515,-6,-11;518,6,-1;528,-22,-10;530,10,9;535,-12,1;536,-7,-18;546,-10,-3;565,1,0;576,-28,-22;671,-52,-28;675,0,12;680,64,29;688,-52,-43
rua||eduardo gomes|centro|35148000|39,-1937445,-4210379;91,44,-74
rua||eduardo gomes|juscelino kubitschek|35148000|64,-1937429,-4210409;81,14,-22;86,-9,-2;96,14,-19
rua||ester|serapiao|35148000|5,-1938294,-4211646;12,-4,232;29,1,-12;34,-5,3;42,3,-17;47,0,1;60,8,-10;63,-23,-6;72,12,-3;84,5,-15;92,-6,-5;95,1,-6;105,-2,-17;114,7,7;115,0,-12;120,-3,2;127,1,-16;132,-3,8;142,1,-13;145,0,-3;156,-4,-8;177,6,3;186,-9,-11;195,5,-22;196,-5,0;203,-1,-10;207,10,-7;214,-8,7;381,4,-86;393,4,-11;394,8,-3;405,-8,-23;434,-1,-17;445,-7,12;449,9,15;453,-8,-23;465,9,-17;477,-4,-18;478,5,21;483,-5,-27;486,3,18;488,0,-32;493,-1,-17;509,4,-11;510,4,1;521,-6,-14;522,3,6;530,2,-16;535,-3,-2;538,3,-7;545,-9,5;555,11,-24;558,-1,6;560,6,-11;565,-5,2;572,7,-3;573,-6,-21;611,0,-6
rua||eurico dutra|juscelino kubitschek|35148000|118,-1937379,-4210424;120,13,10;122,15,-2
rua||francisco ferreira lacerda|sao paulo|35148000|10,-1939776,-4211511;15,7,-21;39,-28,-14;40,32,4;41,-1,-2;48,3,-3
rua||getulio vargas|centro|35148000|5,-1937821,-4210802;6,6,6;8,-14,-8;16,0,-10;17,3,3;20,-20,-9;27,15,10;31,-12,-8;36,-10,-6;39,7,-2;40,-3,-2;49,-4,-7;50,-2,6;57,-4,-7;58,0,2;63,-5,-4;64,-3,-10;87,-14,-5;90,8,-2;99,-15,1;100,4,-9;108,-6,-13;109,-3,2;119,-6,5;120,7,-16;124,-17,13;129,14,-11;132,-13,6;139,2,-8;142,0,-15;149,-5,19;152,-18,-8;159,19,0;162,-22,-4;168,0,-12;172,-5,0;176,-5,3;202,-14,-21;213,-14,-9;214,3,2;226,-9,-13;237,-23,9;240,-8,-27;248,10,7;249,-3,-1;258,-3,-5;263,1,6;270,-8,-13;271,-8,1;281,-4,-1;285,-5,-3;288,6,-1;289,-14,-2;290,9,-6;300,-4,-6;308,-5,-2;315,-6,0;316,-5,-3;321,-2,-7;345,-12,-23;357,-13,5;358,-1,-7;364,-3,0;369,1,-2;370,-9,-4;375,0,-4;378,-1,-2;381,-7,-1;385,-4,-11;388,8,6;390,-6,3;394,134,111;395,9,5;400,-146,-119;423,138,121;587,-86,-94;598,59,89;600,22,-7;601,1,15;602,-1,8;688,-110,-109
rua||jaco|serapiao|35148000|59,-1938356,-4211836;62,-5,27;68,7,-20;84,10,-31;90,6,-14;120,-4,-14;128,8,-8;134,21,-47;144,-6,16;152,-10,20;156,-1,-11;181,-8,30
rua||jeremias|serapiao|35148000|18,-1938246,-4211459;21,-2,12;33,5,-16;40,0,-324;42,-2,312;45,0,6;52,8,-338;53,-9,-7;54,2,337;57,4,-11;58,-24,-7;60,28,-326;61,-11,215;64,7,102;68,6,-326;69,18,37;70,-21,-48;73,-7,14;82,4,204;85,-3,-205;86,1,309;90,5,-16;95,0,-309;96,-4,303;107,-2,-316;118,-2,293;119,7,-306;121,-8,350;125,6,-358;128,-9,307;131,7,42;132,9,-348;136,-13,290;141,3,45;146,10,-350;150,-11,295;151,-1,42;156,14,-338;158,-12,279;163,6,-290;170,-7,282;173,-3,46;178,-2,-55;179,16,-293;185,-1,-15;191,-21,345;197,29,-353;201,-6,-1
rua||jk|serapiao|35148000|3,-1938054,-4211182;5,-2,-5;6,-10,-6;9,-22,-168;16,27,149;36,-4,-14;43,2,-15;46,-7,12;53,6,-21;63,-3,-2;76,-4,-1;86,5,-3;103,-10,-48;113,-6,-13;116,6,3;120,4,-24;123,-10,16;139,-1,-21;147,-2,3;166,13,99;170,-19,-99;178,-1,-26;188,-11,-6;194,0,-10;195,-5,-9;205,-24,-1;206,17,2;215,-14,-16;226,7,8
rua||jk|vila padre tito|35148000|225,-1938131,-4211418;229,6,-12;235,-13,2;360,-50,-154;372,3,43;384,4,25;396,4,-45;398,-18,16;400,-11,4;402,0,-6;404,22,-28;408,-20,5;410,-4,-2;412,-4,-2;414,6,-1;416,8,-2;419,10,-13;420,-3,9;422,-4,-19;424,-14,-2;426,-6,3;428,4,-1;430,3,2;434,-10,2;440,31,-24;443,-3,8;543,6,48
rua||joao fernandes santana|centro|35148000|91,-1937428,-4210387;105,8,5;111,24,9;117,5,6;129,7,4;141,-6,3;151,24,9;169,3,10;181,11,7;191,-2,11
rua||joao fernandes santana|juscelino kubitschek|35148000|12,-1937370,-4210357;41,-84,-51;98,56,41;108,8,1;116,4,-2
rua||joao ferreira de paula|sao paulo|35148000|6,-1938575,-4211131;10,-44,-63;11,5,0;22,-1096,-298;30,-2,5;42,-15,-4;46,-8,5;48,-11,-8;50,-5,0;60,-20,2;105,-17,-22;117,-23,8;125,-13,-4;133,-94,-22;228,42,-7;233,-27,13;246,-7,-4;290,-43,-8;318,-21,-6;350,-9,-1;410,-53,-12;420,-15,0;430,-12,-4;504,-55,-11;516,-8,-7;526,-3,-4;536,-17,-3;545,-4,4;546,0,-16;565,-29,-25;577,-4,-7;641,-3,-2;651,-8,-18;657,-7,-11;675,-11,3
rua||jose angelo|centro|35148000|7,-1937387,-4210819;31,14,23;41,3,8;55,8,7;61,8,23
rua||jose de alencar|centro|35148000|15,-1937699,-4210963;16,31,5;25,-31,-1;35,13,1;39,9,2;46,22,-5;49,16,6;56,-3,18;66,1,-9;69,11,-5;76,7,4;81,-3,-4;91,16,-1;103,7,-3;111,8,2;112,1,6;114,7,-1;116,11,8;121,-8,-13;133,7,1;135,12,-1;145,1,1;147,24,6;149,2,-6;151,15,12;153,-7,-1;155,18,7;157,6,-5;167,17,7;237,38,13;263,-4,-3;283,17,9;293,11,-9;295,10,7;297,12,0
rua||jose lopes sobrinho|centro|35148000|30,-1937597,-4210614;38,9,-10;46,10,-10;54,-5,-8;58,3,-2;59,11,7;65,0,-2;70,-5,-27;75,6,1;80,5,5;82,-7,-26;83,6,20;87,4,-8;93,2,-4;179,13,-83;180,8,-7;185,-5,-1;186,-6,-1;193,10,-6;194,-7,3;198,4,-5;199,-1,-6;205,7,-6;208,-1,3;214,-15,-12;215,23,3;222,-9,-10;231,1,-8;234,5,6;238,4,-5;243,3,2;246,-10,-8;249,17,-1;259,-11,-26;267,6,0;273,0,-16;274,-2,10;283,4,-27;284,3,21;292,4,-16;304,-5,-14;1082,-16,83
rua||jose santana|centro|35148000|25,-1937599,-4210831;26,-7,-7;40,120,88;42,95,99;49,-175,-198;52,166,190;57,3,-7;62,-8,0;67,-6,-9;68,3,-2;76,5,-5;81,-5,0;90,-8,-18;120,-12,-18;134,-19,-16;180,-7,-37;198,-6,-15;202,-12,-6;208,-3,-8;212,6,0;213,1,-2;222,-8,-1;226,-3,-1;227,7,-8;229,-9,3;230,-2,-6;239,-5,-6;251,-5,-3;252,-15,-9;262,4,2;263,-7,-4;270,7,-3;306,-42,-6;307,-12,-3;308,6,-4;317,-7,4;327,-9,-6;2010,119,104;2015,0,9
rua||jo|serapiao|35148000|36,-1938175,-4211412;38,-9,13;46,-11,20;47,18,-27;53,-17,12;54,-6,14;59,11,-8;63,17,-45;64,-25,71;67,-6,-23;85,-7,12;86,-21,7;92,-19,-6;93,36,-2;98,-32,7;105,21,2;147,-13,3;155,-10,-2;161,-12,9;164,-4,14;165,-7,-11;167,-3,5;172,48,-25;177,-62,37;178,-4,5;202,-14,11;203,7,-13;211,-4,7;219,-12,5;223,3,6;225,118,-102;227,-123,107;236,135,-130;239,-146,134
rua||lirio do vale|serapiao|35148000|9,-1938049,-4211192;10,-10,0;13,15,-12;15,5,-4;17,10,-5;19,22,-4;21,11,-14;27,2,-16;31,151,-90;37,-144,85;40,265,-101;41,11,-4;90,-271,104;110,-7,-8;117,2,2;118,11,-7;125,-2,-1;126,5,-13;136,15,-13;137,-8,6;145,-2,-7;148,14,-15;151,-7,6;160,23,-17;189,14,-5;190,0,4;207,13,12;210,1,-24;219,9,6;229,9,-1;232,0,-1;240,9,-1;241,1,-8;253,6,5;255,16,6;258,-4,0;264,0,-10;272,13,7;280,4,0;290,16,0;296,15,1;302,13,-7;310,8,-6;320,4,3;323,-3,-8;335,10,5;346,6,1;358,12,-1;359,-9,-5;361,9,2;396,48,-9;439,20,-2;450,5,9;460,10,-4;464,11,-5
rua||luiz gonzaga|sao paulo|35148000|13,-1940081,-4211584;20,9,-4;218,12,-67;418,8,-23;420,-6,3;424,0,-18;430,-2,25
rua||machado de assis|centro|35148000|5,-1937744,-4210744;6,-9,-1;16,2,-1;17,68,122;19,-72,-119;22,17,6;28,2,8;50,4,10;58,8,3;59,-1,5;62,-10,2;66,11,6;71,0,5;76,2,8;77,-2,3;81,4,-3;87,7,3;88,12,0;96,-10,8;99,-8,7;100,13,0;107,-9,7;108,16,-10;130,-15,39;144,45,-24;184,-7,49;190,3,1;196,3,6;199,22,28;200,-18,-32;210,-1,18;214,16,10;230,-108,-185;234,114,201;255,14,8;264,18,33;266,-14,-17;294,11,28;302,4,9;336,12,9;350,15,38;364,-2,-2;376,6,8;387,17,13;388,-8,-6
rua||malaquias|serapiao|35148000|45,-1938338,-4211776;47,-15,6;50,-16,-8;53,39,12;105,45,8;111,54,3;113,-43,-6;147,11,1;150,3,4;153,4,-1;160,14,1;167,3,4;170,-5,-7;177,19,-1;180,-5,13;190,14,-3;196,4,2;197,11,-7;208,8,9;214,7,1;220,-3,-9;234,12,11;249,8,-3;254,9,3;257,-4,3;258,-4,-2;259,17,-3
rua||maria andrade|sao paulo|35148000|11,-1939997,-4211560;18,-5,-11;19,-2,3;37,4,-12;45,1,-15;48,4,5;117,4,-37;130,21,-35;142,2,-17
rua||maria andrade|serapiao|35148000|11,-1937741,-4211333;15,-10,13;17,-4,13
rua||marinho jose pereira|centro|35148000|21,-1937655,-4210528;25,8,-7;35,14,-12;55,7,-3;58,11,-10;64,-8,-4;68,3,-1;69,6,3;75,3,0;84,8,-6;85,5,4;94,2,-17;129,29,-16;136,2,3;145,4,-5;148,3,-2;153,3,-8;161,8,-8;177,14,-9;178,-3,14;187,10,-14;188,-2,6;196,2,-11;199,8,-3;200,2,6;299,62,-57;306,21,1;314,-6,-3;354,39,-21;360,4,-20;370,10,-7;376,5,1;380,10,-9;386,19,-13
rua||men de sa|centro|35148000|7,-1938069,-4210831;12,-38,-190;13,47,181;17,-31,-18;29,-1,0;40,16,-15;41,-1,6;47,-2,-7;57,3,-7;60,-1,-9;63,-6,0;69,7,-4;70,-2,-6;71,-33,-138;72,0,11;75,27,124;76,0,1;81,0,-4;82,-2,3;87,5,-12;90,-5,5;93,-9,-14;103,4,-6;104,0,-16;127,-2,-10;137,-5,-8;155,7,-4;160,-20,-41;175,12,9;185,-2,-8;199,-13,-29;709,9,27;793,-2,-14
rua||miltom campos|serapiao|35148000|9,-1938075,-4211365;13,5,1;26,22,4;27,-7,-13;45,9,3;46,1,12;57,9,-17;62,20,-5;65,-13,5;75,9,-6;83,8,-6;92,5,-6;97,7,5;111,9,-8;112,-8,11;120,19,-3;123,-5,-12;129,9,3;134,6,2;135,1,-3
rua||napoles|aquino|35148000|12,-1937876,-4211228;18,34,4;22,21,-5;27,1,-5;30,-10,12;55,-39,22;69,0,2;72,48,-48;73,-9,17;77,23,1;81,12,-3;87,4,-3;91,44,5;94,-26,11;98,-11,-6;101,38,0;103,-17,-28;105,-121,4;110,113,36;120,8,-15;130,4,-1;138,18,3;149,-4,-1;155,9,-2;322,-143,-45
rua||napoles|centro|35148000|62,-1937747,-4211209;112,-110,17;134,58,0;142,-13,-1;160,85,-13;170,-4,4;172,-68,12;178,12,2;200,11,-6;202,11,4;210,15,-2;220,5,3
rua||novo horizonte|centro|35148000|25,-1937515,-4210470;30,1,-6;42,-5,-13;48,-4,3;54,2,-6;57,-5,-4;62,-8,-11;87,-8,3;89,-5,-19;116,-19,-21;126,-1,-8;127,9,1;135,-4,-11;136,-9,8;144,-4,-10;145,1,3;150,-8,-9;153,9,5;179,-4,-41;234,-39,-24;240,-4,-4;250,4,-14;274,-8,2;293,-59,-12;294,38,-20;300,-7,1;302,-4,-6;310,-5,-9;316,4,-6;317,-16,-12;322,9,11;328,1,-8;339,-21,3;340,0,-26;343,9,12;348,3,-5;350,-13,2;351,11,-7;363,-4,-6;373,-5,-4;377,-278,-182;382,3,5;383,235,136;402,29,20;414,-13,11;418,-5,-19;425,5,-13;430,-5,-16;435,2,14;439,-7,-17;449,-4,-9;459,-10,-3;460,2,4;465,-6,-11;475,5,2;499,-21,-15
rua||novo oriente|aquino|35148000|14,-1938012,-4211202;78,10,-17;90,28,-2;166,57,-41;171,0,-10;181,-11,-23;182,26,25;191,-15,-36;196,21,33;201,3,-5;211,10,1;221,6,0;230,38,-3;250,-24,5;264,23,-3;310,16,2;315,-93,12;358,114,-19;370,33,-5;384,12,6;396,11,-5;402,51,-13;408,-48,11;420,16,-7;423,-8,-3;432,22,2;444,12,-1;451,-1,-4;481,28,-7;502,-4,9;513,16,-10
rua||oswaldo cruz|centro|35148000|39,-1937681,-4210643;49,14,-5;59,5,-6;67,26,-2;95,20,-17;100,-20,1;108,10,-5;109,15,-2;118,-3,1;119,-179,-118;122,185,115;134,4,-9;135,4,8;139,5,-14;140,4,7;143,1,-1;151,-13,-2;153,12,-7;156,6,-1;203,64,-39;211,6,3;219,6,-7;225,0,-3;231,6,-4;235,6,-1;245,-3,-33;251,17,20;257,4,-20;267,13,16;286,28,-24;303,-6,0;319,16,-1;346,10,-12;361,21,-27;367,9,-4;375,7,0;377,0,0;380,10,0;381,6,-15;388,2,10;392,-1,2;400,7,-9;403,-1,-12
rua||otacilio nunes duarte|serapiao|35148000|24,-1938568,-4211258;28,-4,-13;33,11,8;42,-17,-26;43,7,16;53,-1,-12;56,-3,-4;97,-19,-36
rua||papoula|serapiao|35148000|8,-1937841,-4211340;16,5,-16;21,9,-3;33,-2,-7
rua||pedro fidelis|centro|35148000|15,-1937666,-4210856;20,-3,-8;21,7,-6;788,9,9
rua||pedro marinho|serapiao|35148000|16,-1938540,-4211243;19,10,-8;25,7,-3;29,11,-12;31,8,-1;50,228,-144;51,-200,131;54,228,-144;69,-219,142;77,10,-14;97,13,-6;99,9,-7;101,0,-7;110,24,-3;115,-8,2;133,10,-7;143,6,-3;147,0,-2;151,4,-8;155,17,-4;169,15,-11;177,3,-18;185,14,7;217,31,4;221,-5,-17;226,-7,15;232,-4,-26;244,22,3;245,10,-7;256,-7,-2;269,35,3;270,-29,-10;278,15,0;291,29,2;296,-10,-10;306,12,-10;313,4,-7;330,15,0;335,13,-2;340,-5,-6;348,12,2;368,6,-2;380,3,-17
rua||prudente de moraes|centro|35148000|14,-1937758,-4210836;15,7,-12;26,-24,21;35,1,9;36,-3,-4;46,-8,0;48,-12,17;50,-5,-4;59,-3,15;369,19,-21;371,11,-10
rua||rui barbosa|centro|35148000|70,-1937564,-4210873;80,-17,-6
rua||ruth|serapiao|35148000|6,-1938375,-4211937;8,8,1;15,-3,5;26,15,-3;36,5,8;39,-4,-9;46,14,12;47,-3,-3;55,13,0
rua||samuel|serapiao|35148000|10,-1938381,-4211916;25,49,636;45,-10,-51;53,4,-10;57,-4,-9;145,0,-42;146,4,10;156,-8,-19;165,2,-8;175,3,-16;187,-6,-13;199,1,-3;210,-17,3;211,18,-21;212,-5,3;220,16,136;222,-15,-152;227,-2,8;236,1,-14;244,-5,-15;249,4,5;255,-2,-9;256,0,-6;257,1,6;259,-9,-4;260,4,-21;269,6,10;271,-4,-18;273,-3,-14;274,-15,52;318,11,-71;326,1,-9;356,2,-21;365,-18,-87;366,11,66;373,3,-8;376,1,-2;377,-7,-69;389,-2,-7;401,1,-27;413,-4,4;420,8,64;421,-5,-90;429,0,-8;436,3,83;440,-1,-10;446,0,-9;448,1,4;460,-1,-7;472,-3,-13;482,-7,-11;494,5,-17;506,-1,-8;517,-1,-60;523,-4,-9;535,-2,-10;547,-3,-23;549,4,-5;565,-8,-7;575,9,-17;585,0,-20;595,21,0;601,-7,-65
rua||santos dumont|centro|35148000|8,-1937936,-4210897;18,-1,12;21,-11,15;28,6,-7;31,1,15;32,-5,-4;40,-2,8;41,2,9;56,0,2;60,-2,9;65,-4,-1;71,6,1;78,3,17;81,-7,2;87,-1,7;502,18,-10
rua||sebastiao antunes|sao paulo|35148000|35,-1939944,-4211678;101,160,44;108,-34,-16;120,37,4;142,-13,18;155,7,-8;156,-10,-10;161,-283,2;168,251,-10;180,-249,4;190,249,-4;225,-23,2;227,-23,-2;228,36,1;231,-17,5;232,11,-21;240,-14,10;254,-10,-7;261,-35,2;271,-6,12;274,26,-11;280,-10,-7;286,-5,1;290,-15,-5;297,-24,2;300,12,-4;316,-4,0;326,-2,-2;336,-46,-8;397,-19,-1;403,-13,-19;409,-7,10;411,-3,-2;413,-3,4;415,-3,-1;440,-38,24;523,17,-33;526,-4,2;535,-19,21;536,1,-5;540,4,-6
rua||sebastiao salustriano de freitas|centro|35148000|17,-1937694,-4210880;22,-3,7;29,13,-14;39,13,1;66,36,-3;73,-10,2;78,20,1;89,6,-6;99,5,3;100,20,8;103,-1,-8;117,9,4;121,6,-3;130,3,4;133,20,-6;151,-103,7;153,117,-1;166,5,-1;167,-1,-2;169,9,-2;185,18,-5;195,8,-3;204,7,10;205,5,1;215,7,4;226,11,6;233,1,-3;245,9,5;248,-5,1;255,4,7;256,19,17;257,-2,-5;260,7,17;265,-4,-2;278,-1,11;286,10,5;785,-241,-59
rua||sem denominacao|centro|35148000|1065,-1937334,-4210613;1117,22,-4;1118,8,9
rua||tiradentes|centro|35148000|17,-1938087,-4210963;18,11,-11;20,4,-6;25,-7,1;38,6,-8;73,14,-26;85,13,-15;90,1,0;95,4,-8;96,7,-8;97,-17,27;105,20,-20;119,10,-16
sitio||agua boa|corrego volta grande|35148000|1,-1935673,-4208827;2,-296,-55;4,-189,2150;5,-1000,-3371;6,514,3611;7,-221,-3313;10,744,3903;11,-480,767;27,263,-356;401,389,-1443;1981,-377,1295
travessa|santa|maria|serapiao|35148000|20,-1938367,-4211520;42,-16,34;61,-10,20;71,2,-3;81,-11,7;97,-1,1;105,-108,59;106,107,-56;112,-7,3;117,-30,14;120,19,-15;135,-21,18;145,-2,-8;156,-31,22;158,-1,4;160,-10,-3;166,26,-9;180,-49,24;191,12,-3;195,2,3;199,-7,3;217,-7,5;227,-10,3;244,0,2;251,-19,11;252,7,-8;259,-19,12;260,17,-8;262,-25,14;263,-14,9;268,20,-19;269,-8,14;274,-3,-4;277,-11,14;282,3,-17;285,-11,17;290,-1,4;305,190,-108;306,31,-76;346,-251,199
travessia||mar vermelho|serapiao|35148000|16,-1938259,-4211891;22,-18,-1;149,39,4;582,-27,-4;615,-18,6;619,1,-8
vila||aritana|serapiao|35148000|16,-1938032,-4211358;25,-5,13;26,6,-5;34,7,18;35,-6,-4;42,6,6;43,-5,-5;322,-6,-21
vila||floripes|centro|35148000|20,-1938031,-4211000;21,6,0;22,1,-3;30,4,-4;66,9,0
