alameda||conceicao claudiana de jesus|itacolomi|35501373|230,-2018753,-4490762;232,1,4;620,14,-171
alameda||conceicao claudiana de jesus|sao paulo|35501373|6,-2018702,-4492140;40,-53,47
alameda||maria de jesus|anchieta|35502161|310,-2011359,-4490807
alameda||maria de jesus|nova fortaleza|35502161|960,-2011281,-4490839;970,0,-23
avenida||1 de junho|centro|35500002|112,-2014791,-4488860;116,6,-4;120,8,-11;124,3,2;132,3,10;140,0,15;144,7,2;146,6,-16;148,14,1;150,-14,5;160,189,64;162,-175,-65;166,-6,37;174,8,-33;178,9,-7;180,3,2;192,15,14;200,-1,-4;210,9,10;218,11,-6;224,3,14;274,23,5;278,25,-3;284,2,19;298,2,-9;300,7,16;302,10,-19;310,-5,7;314,3,0;318,5,-4;326,5,23;342,13,-9;348,5,10;352,6,-11;360,5,5;366,-1,8;390,27,3;392,13,0;396,0,3;400,5,4;404,4,-4;410,0,3;420,6,4;422,9,-3;428,12,-2;438,-6,16;454,6,4;460,17,-18;468,6,1;470,-16,19;472,18,-9;474,13,-5;484,6,15;490,5,-1;500,-3,8;522,13,20;530,9,-6;534,0,0;544,18,8;550,12,-9;570,7,7;598,31,5;604,6,1;626,9,24;628,-2,-5;630,5,7;652,35,-7;656,11,2;658,2,-1;660,4,10;664,6,-7;698,10,5;708,12,23;722,4,-1;726,6,0;728,6,-4;732,10,-13;736,4,-12;738,-7,21;740,7,6;750,4,-2;754,3,-8;764,11,4;796,23,22;806,11,5;826,0,-3;834,23,18;838,2,-4;840,-4,1;844,14,1;854,3,2;858,5,4;900,27,16;910,12,-1;912,4,-6;914,16,7;918,1,12;932,8,6;950,4,-5;960,29,-3;984,14,15;1050,36,7;1052,-18,-4;1060,41,17;1076,7,30;1080,3,-20;1084,2,-11;1088,11,2;1092,-4,2;1098,15,12;1108,9,10;1138,-16,-19;1144,41,19;1154,7,3;1162,6,5;1166,5,18
avenida||1 de junho|centro|35500003|15,-2014870,-4488908;43,26,-4;45,-1,6;53,7,2;55,9,5;61,7,-19;65,-1,21;75,2,-3;117,48,13;119,-2,3;137,2,4;139,7,1;143,9,3;151,-6,-2;153,13,5;163,2,6;167,-1,3;179,-4,3;189,6,4;191,28,1;211,8,18;213,-10,-4;223,26,-3;225,20,35;269,46,-7;275,-19,-12;277,-31,26;285,34,-26;293,17,14;297,0,6;299,4,-5;305,-10,-21;325,32,19;333,12,4;347,9,12;351,-17,-2;365,22,-1;387,13,10;391,8,-4;411,18,18;427,21,-4;439,1,21;441,7,-9;443,1,-1;445,1,3;447,-6,-2;455,20,2;475,18,8;477,4,17;479,7,-17;495,9,5;525,10,11;535,19,11;537,-6,-14;545,21,4;555,3,-4;561,-10,8;567,20,2;577,5,-1;587,-2,10;595,-9,31;597,35,-18;615,9,10;621,5,-8;625,-1,-2;627,-25,35;629,42,-19;661,30,-20;663,-3,2;665,11,6;667,-4,8;685,14,8;705,12,6;707,-3,5;709,-1,4;715,17,4;719,3,-8;725,-1,-9;729,25,5;735,-17,11;739,-2,-2;743,10,-3;745,1,1;755,2,13;765,24,-19;771,-6,12;777,5,6;783,1,1;797,2,8;801,3,8;811,10,3;831,59,9;869,6,5;871,20,-3;903,-12,13;909,10,6;911,6,4;915,10,1;919,0,0;929,-2,-3;935,10,8;939,16,-1;943,-2,-2;947,-1,2;951,11,-2;971,33,10;1025,6,26;1027,6,4;1031,8,3;1037,9,-3;1043,3,-3;1053,15,-5;1063,21,0;1079,-2,9;1083,12,8;1087,0,2;1091,6,3;1101,11,-5;1113,11,5;1117,-6,-3;1131,12,14;1135,3,-6;1137,2,-4;1139,8,10;1147,7,0;1153,7,8;1157,-7,-9;1159,17,1;1161,1,5;1175,8,7;1183,4,19
avenida||1 de junho|centro|35500023|4,-2014868,-4488906;8,-28,20;38,49,-24;44,-3,1;48,8,11;66,11,-7;68,21,7;70,-15,-5;76,4,17;86,10,3
avenida||almeida junior|campina verde|35501449|440,-2015219,-4492274;444,-1,-4;446,-1,-4;448,-1,-6;454,-12,-34;460,3,-1;461,-1,-11;471,-10,3;476,10,-12;480,-8,-3;481,-1,4;490,7,-10;491,-9,11;495,-10,-29;497,7,3;500,15,2;510,-11,-8;511,-11,-8;521,3,-3;540,-16,-71;544,6,-5;631,-25,-92;646,8,-16;648,-4,-8;650,-3,1;660,0,-19;670,-1,-2;674,0,0;680,-1,-15;691,-12,-35;700,2,-3;701,-8,-9;711,-4,-3;726,6,-15;730,1,-7;740,-2,-7;741,-10,-3;750,9,-8;754,0,-3;760,-3,-6;764,1,-4
avenida||antonio goncalves junior|centro industrial|35502324|271,-2012936,-4483169;881,14,28;901,-20,-19;931,-31,-38;941,-3,-4;971,-20,-22;1011,-37,-51;1021,11,4
avenida||antonio goncalves junior|jardim candides|35502324|1160,-2013103,-4483439;1181,-18,-22;1481,-176,-346;1491,-9,-20;1501,-5,-8;1591,-58,-115;1595,0,-3;1601,0,-4;1605,-2,-10;1671,-38,-77;1711,-28,-55;1715,3,-11;1720,2,12;1721,-9,-13;1730,7,1;1740,-7,-12;1750,-8,-7;1770,-5,-16;1772,1,1;1774,-4,-6;1776,-2,-2;11691,37,91
avenida||antonio goncalves junior|jardim dos candides|35502324|1080,-2013060,-4483357;1090,7,-12;1101,-22,-1;1240,-82,-180;1250,-10,-17;1490,-129,-263;1500,-3,-7;1504,4,-5;1510,-10,-7;1560,-36,-67;1570,-1,-9;1590,-10,-14
avenida||jk|bom pastor|35500155|15,-2012349,-4488454;1250,-446,69;1370,37,-22;1458,58,-21;1462,-8,-28;1467,-17,-11;1470,5,-4;1480,-4,-8;1490,4,-8;1495,29,-16;1497,-2,6;1505,1,-11;1506,-15,10;1509,18,-18;1511,-1,0;1515,-2,-5;1521,3,-7;1524,10,2;1530,-2,-9;1531,-2,13;1535,8,-17;1540,-5,-9;1545,3,10;1547,-4,-8;1551,-5,-14;1552,6,9;1555,6,-12;1560,-11,-4;1580,16,-9;1600,46,2;1615,8,-13;1620,14,16;1621,6,11;1625,6,10;1627,1,5;1629,4,-11;1630,-2,-8;1633,-7,15;1635,16,6;1637,-3,-8;1641,2,-1;1645,16,2;1650,-9,-7;1652,3,1;1654,10,10;1665,24,6;1669,2,1;1670,-1,3;1675,3,-10;1677,6,4;1690,11,4;1700,-10,-1;1701,17,11;1707,10,11;1711,7,9;1715,3,5;1721,5,-3;1725,5,-4;1729,35,0;1750,-20,7;1761,39,2;1765,1,3;1769,14,12;1770,1,-2;1773,6,-6;1777,2,2;1780,5,4;1785,-9,-1;1787,17,-4;1790,5,13;1797,13,-2;1801,2,3;1805,6,8;1807,4,9;1817,6,6;1819,13,-31;1820,-34,9;1861,70,37;1867,11,-1;1868,-15,-11;1869,13,12;1870,13,-17;1871,1,7;1872,-5,4;1875,3,5;1876,0,-11;1877,3,6;1879,1,9;1883,8,0;1885,10,5;1887,4,0;1910,-5,0;1920,7,8;1922,5,5;1925,-1,0;1929,5,1;1934,12,0;1935,-11,3;1937,18,-5;1940,-1,4;1970,19,5;1975,-95,-26;1977,138,28;1990,-16,8;2000,9,7;2010,44,12;2020,-30,-8;2026,15,-7;2028,3,9;2036,10,7;2038,-1,10;2040,0,7;2041,13,-19;2045,11,-3;2050,-23,5;2105,92,22;2108,-42,2;2110,28,-15;2112,-5,8;2114,12,-5;2116,2,-2;2170,91,80;2200,27,5;2250,78,5;2260,8,10;2296,43,34;2300,7,-9;2350,9,4
avenida||jk|centro|35500155|21,-2013801,-4488509;30,-17,-4;31,35,19;51,15,-8;61,11,4;70,-37,-8;90,49,14;91,-5,-1;101,8,16;111,19,-11;120,3,8;121,4,8;131,17,-11
avenida||jk|santa clara|35500155|145,-2013672,-4488471;150,-5,-3;151,-8,13;155,14,-15;161,9,11;171,15,-2;180,-4,2;181,9,3;183,4,3;184,-14,15;188,19,-8;190,16,10;200,-4,-2;201,4,-6;210,9,4;211,1,-3;212,-2,18;220,6,2;221,10,3;224,-7,-28;229,22,28;230,-21,-8;231,15,-14;232,-8,16;233,6,9;238,0,-14;241,15,16;245,8,-2;251,1,2;255,3,-4;269,9,2;300,41,33;301,11,-14;303,4,-3;310,-8,14;311,14,1;312,-9,-10;313,4,4;314,0,-1;325,12,8;330,1,2;401,82,27;745,287,72;805,83,22;816,-32,-6;821,15,2;823,8,-2;825,8,-7;850,13,2;1001,39,-45;1064,34,-4;1090,12,-8;1093,-20,5;1100,29,-3;1103,-2,6;1105,4,1;1107,-1,-15;1110,10,13;1150,21,-9;1199,10,-9;1200,35,-15;1207,-21,5;1221,17,0
avenida||jussara|icarai|35502267|1231,-2012582,-4484868;1241,1,2;1250,-20,17;1251,11,3;1261,-12,12;1270,-11,12;1280,-8,6;1311,-9,42;1330,-22,23;1341,5,11;1343,2,2;1345,-1,4;1347,0,0
beco|sao|jorge|centro|35500042|12,-2013862,-4488971;26,15,3;31,15,-6;36,0,12;47,17,-8;61,0,-2;64,-7,-4;71,9,-13
estrada||para junco|junco|35501998|1,-2000142,-4493399;2,-210,-85;4,-462,28;5,-160,-15;6,-162,-16;7,47,181;8,-89,-162
rua|dona|jacinta de jesus|nova holanda|35501080|30,-2017170,-4487997;40,-1,-7;41,-9,6;60,9,-23;61,-8,3;70,9,-8;71,-6,-6;80,8,-6;81,-5,-3;90,5,-10;91,-2,3;100,1,-9;120,-1,-56;130,4,-7;131,-3,4;134,4,-2;140,-20,-16;141,4,9;150,15,-13;151,-11,0;160,12,-11;161,-11,-7;170,9,-8;171,-8,6;180,6,-8;181,-7,-3;190,11,-13;191,-5,-5;201,-3,-1;206,4,-21;208,2,3;210,2,-5;211,-10,12;220,8,-26;226,5,-17;241,-9,-16;247,0,-2;251,3,-10;260,4,-5;270,3,-14;271,-10,5;281,-4,-14;283,8,0;285,-1,-8;287,1,3;290,10,-14;291,-15,4;300,15,-5;301,-12,-9;302,4,5;306,9,-6;310,-3,0;311,-11,-9;320,9,-7;321,-10,-11;330,11,-1;331,-12,0
rua|dona|josefa|vista alegre|35500001|131,-2010450,-4496407;141,1,-2;145,-21,17;149,2,4;151,8,-26;155,-4,19;159,-11,7;170,6,-44;181,-38,-17;191,-10,-12;211,-17,-11;221,-11,-6;231,-9,-3;281,-42,-47;291,-5,-4;300,10,2;301,-27,-10;311,-5,-4
rua|dona|maria joaquina|antonio fonseca|35501100|81,-2015795,-4488593;90,-26,3;91,2,8;110,-26,-9;113,2,9;115,-9,9;123,-12,-6;125,-2,2;130,-3,-26;131,-5,16;141,-9,7;145,1,0;147,-7,6;151,-3,2;160,-17,-11;161,-5,13;171,-11,0;180,-2,-12
rua|dona|maria joaquina|nossa senhora das gracas|35501100|186,-2015945,-4488580;190,-13,3;191,-3,7;201,-12,2;210,-11,-1;211,2,3;215,-3,8;220,-14,-14;225,9,6;230,-12,3;235,-1,4;241,-18,-5;245,-4,9;250,-2,-9;251,-8,20;280,-32,-10;290,-15,-2;300,-8,0;301,-5,12;310,-21,-20;313,18,20;319,-7,2;320,-10,-18;321,5,13;330,-9,-18;331,-1,25;340,-19,-4;341,-5,4;351,-8,-2
rua|pastor|geraldo de jesus|jardim copacabana|35501617|1021,-2020901,-4492195;1040,-17,-5
rua|professor|sulta jaber|icarai|35502281|471,-2011889,-4484574;481,-18,-7;491,-15,-8;511,-17,-8
rua|sao|joao|centro|35500043|8,-2014019,-4488958;18,9,-2;21,18,-28;22,-9,22;26,26,7;31,-13,-12;32,6,2;40,10,-12;41,-4,17;49,31,-22;54,-28,18;55,10,-28;65,15,17;68,-1,19;71,48,-40;80,-43,25;81,57,-26;90,7,17;91,-62,-10;93,6,-6;109,18,6;114,6,18;120,2,-7;123,15,-35;130,17,25;138,-11,4;140,30,-23;145,-22,13;155,36,-8;160,7,2;170,24,-10
rua|sao|joaquim|maria helena|35500358|21,-2015302,-4486101;31,10,-1;40,4,16;71,55,15;81,7,4;85,2,2;90,6,7;91,2,-4;100,17,15;110,-3,-3;111,5,-7;120,8,11;121,-5,2;130,22,5;131,0,-7;140,6,10;141,0,-9;150,0,-1;160,24,20;180,20,8;190,2,2;191,11,-2;200,11,7;201,11,1;210,-4,4;211,5,-7;215,-8,-5;221,16,16;231,8,-6;241,9,3;245,6,14;250,6,2;251,3,-7;270,13,14;280,11,7;290,9,1;300,15,8;310,16,12;311,-20,-27;320,26,27;321,-22,-16;331,12,-2;340,28,26;341,-16,-20;350,22,19;360,8,3;370,16,3
rua|sao|jose|catalao|35501213|16,-2015090,-4489968;21,0,1;26,3,5;36,9,4;45,4,12;46,2,-5;49,-1,0;55,-2,-7;56,7,8;76,6,6;86,12,10;89,-4,2;90,18,10;91,-12,-7;93,2,-6;99,11,7;121,17,-3
rua||alvina maria de jesus|dona quita|35500500|51,-2016445,-4486857;54,-11,0;61,16,15;70,-13,12;190,-1,-7
rua||antonia maria de jesus|fabio notini|35503691|31,-2014670,-4492480;35,4,8;61,34,-8;71,6,10
rua||bernadina de jesus|santo antonio dos campos|35505000|31,-2010278,-4496700;50,8,4;51,5,-1;53,8,3;60,2,5;61,-2,-1;64,-3,19;68,3,2;71,9,-18
rua||bom jardim|sagrada familia|35500566|21,-2015935,-4485431;31,-1,2;51,-12,16;61,-5,6;71,-9,2;73,0,8;81,-8,0;100,-26,20;110,-2,5;121,4,3;131,-11,10;141,-12,15;150,-2,-13;160,15,-10;190,-54,57;200,-2,3;220,-31,36;230,-5,1;261,-22,55;271,-6,6;275,-4,-5;280,-13,5;281,6,5;290,-14,4;291,4,8;294,-2,-7;307,-7,11;310,-7,7;311,2,2;314,-8,7;316,-7,-5;319,12,7;320,-16,5;321,9,6;323,8,-10;330,-17,13;341,4,24;351,-12,9;361,-6,16;381,-8,11;391,-6,11;393,8,6;395,-4,1;397,0,0;401,-5,11;411,-5,11;421,-1,5;423,-5,-1;425,0,3;427,4,1;431,-2,7;441,-7,22
rua||bom jardim|vale do sol|35500566|251,-2016308,-4484791;420,84,-251;424,1,-2;430,-5,3;434,-2,3;460,-13,31;470,-3,18;471,4,5;480,-11,11;481,5,-4;490,10,-8;491,-13,15;500,-13,12;518,-6,32;520,-5,11;526,-3,-3;530,-1,0;536,-2,9;538,2,0;540,-5,7;544,8,-5;551,-4,18;560,-11,9;570,-1,9;571,3,4;581,-9,16;585,6,-3;590,-8,7;591,2,10;594,-6,-10;601,6,13;621,-4,14;625,-6,8;640,-21,22;641,13,4;643,1,5;651,-17,11;653,12,4;655,-18,4;661,0,3;663,4,2;665,-5,4;670,0,6;671,3,-6;672,-6,3;674,3,6;675,2,-1;676,-4,12;679,2,-15;680,-5,20;681,11,-15;685,-6,3;690,-9,14;691,10,-7;695,-2,8;700,-16,24;701,11,-20;705,-4,1;710,-12,33;711,10,-25;713,3,6;715,-7,-1;720,-15,31;721,25,-32;725,-8,17;729,-5,-5;730,-5,14;740,-10,19;750,-3,21;760,-6,10;777,-3,-11;781,9,4;791,-5,10;801,-2,10;803,0,0;805,-3,4;807,2,-4;811,-3,4;815,0,0
rua||campos do jordao|sao bento|35500609|2210,-2017996,-4485346;2211,14,-5;2220,-14,5
rua||cinco de julho|padre herculano yanes|35501531|80,-2017161,-4493215;1020,-40,-12;1025,-4,1;1027,-2,-5;1030,2,-9;1040,-8,-8
rua||coracao de jesus|afonso pena|35500111|5,-2013232,-4489017;7,-22,15;11,-29,-24;15,25,10;16,-29,-16;21,-6,0;27,-16,0;28,15,-10;50,-5,-2;51,2,0;54,-5,-12;61,-10,-5;64,11,-19;71,-7,15
rua||da chacara sao jose|choro|35501996|51,-2005369,-4492737
rua||dez de julho|afonso pena|35500113|20,-2013384,-4488927;26,0,-1;31,-3,-7;41,14,-1;47,4,-6;55,5,-1;65,17,-7;66,1,7;77,10,-9;86,5,2;101,-5,-8;110,19,-7;113,-6,1;122,7,-6;125,1,-4;129,2,2;133,6,-13;134,14,9;145,-9,-9;154,10,-9;155,-3,8;156,3,-3;158,-8,4;159,14,-12;160,-6,3;166,11,-3;168,-121,84;169,120,-110;174,-3,21;178,17,-6;192,-9,-14;221,-2,14;225,15,-12;231,8,-8;241,-3,-11;253,17,-8;255,-10,-10;259,-2,1;261,7,-3;331,6,-33;341,6,-11;351,23,-46;359,3,-6;363,-2,-8;377,3,-7;387,6,-14;395,6,-6;397,6,-17;403,1,-20;436,21,-59;1750,-72,178;1800,17,-8
rua||dez de julho|afonso pena|35500114|407,-2013196,-4489260;417,21,-8;427,4,-3
rua||dez de julho|jardim das acacias|35501530|1061,-2017302,-4493189;1071,-2,-8;1081,-17,-9;1101,-7,-10
rua||dez de julho|padre herculano yanes|35501530|1016,-2017264,-4493161;1020,5,-3;1030,-7,-2;1050,-46,-48;1052,1,3
rua||dionia francisca de jesus|chacaras belo horizonte|35503720|83,-2018413,-4480337;100,196,71
rua||francisco candido de jesus|belvedere|35501639|10,-2017644,-4489944;30,178,-119;39,-4,7;40,-7,4;41,9,2;51,-11,8;60,-42,22;61,2,8;70,-18,-8;76,-6,9;86,-2,-1;90,-6,4;100,-7,5;110,-7,9;120,-9,2;131,-29,30;140,-1,-13;141,-7,12;150,-5,-3;151,3,6;153,2,5;155,-6,5;157,-2,-3;160,-4,-3;161,-2,8;170,-8,9;190,-34,8;200,-3,2;201,-6,11;210,-12,0;211,8,7;220,-13,3;221,4,-1;230,-9,0;271,-46,35;490,162,-119
rua||francisco miguel de jesus|choro|35501996|209,-2005404,-4492413;213,-56,6;215,-23,-15;217,-19,-3;218,0,11
rua||jaboticabal|jardinopolis|35501584|540,-2020094,-4494311;750,162,-205;752,2,-2;754,4,-5;756,0,0
rua||jaboticabal|sao cristovao|35501584|400,-2020183,-4494195;402,2,-6;404,3,1;430,15,-20;436,-5,-2;446,6,3;450,0,-9;451,-14,11;453,4,-9;455,7,-12;456,12,4;460,3,-4;461,-14,-2;465,3,-3;470,12,2;471,-5,-8;473,3,-3;476,3,3;481,5,-13;485,4,1;514,27,-24;531,17,-39;541,-3,11;549,9,-16;551,11,-9;561,-2,-7;563,3,-4;565,13,-10;567,-1,-5;569,4,0;571,-6,5;581,11,-14;583,5,-7;591,-12,13;593,-2,3;595,10,-1;597,-4,-5;611,25,-37;617,4,3;621,5,-10;651,29,-35;653,4,-5;721,33,-41;723,0,-6;735,1,0;741,9,-7;745,7,-3;747,-2,-7;751,9,-9;771,27,-33;773,0,0;811,21,-31;821,6,-2;825,0,-5;841,14,-17;845,-5,6
rua||jacaraipe|candelaria|35502096|20,-2010536,-4487521;24,-4,-11;28,-1,-7;30,-1,-6;32,2,-1;34,-1,-1;36,-3,-2;40,-2,-10;41,-9,-7;50,9,-3;51,-15,-14;60,5,1;70,-2,-14;91,-21,-41;101,-3,-11;111,-3,-5;115,2,-2;121,-9,-21;131,-4,0;180,-6,-49;181,-14,-27;186,6,9;188,-4,9;190,2,-22;191,-3,-13;200,1,3;201,-11,-12;210,5,-2;211,-5,3;221,-9,-13;261,-16,-61;270,7,-4;280,-11,-27;281,-6,3;290,-1,-3;291,-7,-2;301,0,-11;340,-5,-55;360,-11,-21;366,9,-8;380,-12,-9;382,-4,-4;384,-5,-6;386,47,63
rua||jacaraipe|residencial dom cristiano|35502096|420,-2010705,-4488046;421,-15,-17;430,4,5;431,-14,-27;436,14,25;440,0,-12;441,-13,-15;450,7,4;456,4,0;460,-5,-13;470,-1,-7
rua||jacaranda|jardinopolis|35504435|130,-2019463,-4494546;136,2,-3;140,8,-14;141,-14,4;170,35,-26;181,-9,-7;185,6,-8;187,5,-4;191,3,-2;201,6,-7;210,13,-3;221,-2,-12
rua||jacatia|jardim das acacias|35501521|31,-2017939,-4492376;40,-17,-29;50,29,23;70,-41,-34;71,-12,6;80,4,-12;81,-2,7;83,-9,1;91,-2,-10;101,-17,-5;120,-25,-37;121,10,14;130,-3,-14;131,-18,11;140,14,-15;141,-17,6
rua||januaria|sao bento|35500596|130,-2017872,-4485519
rua||jasmim|belo vale|35502001|10,-2012263,-4493446;16,80,50;20,-80,-50;30,19,20;41,14,-5;52,48,49;60,-41,-18;80,23,3;111,74,42;131,-1,-4
rua||jasmin|centro industrial|35502001|251,-2011768,-4483933;451,-45,48
rua||jequitiba|jardinopolis|35501574|164,-2019221,-4494402;430,-486,617;440,13,-12;450,2,-7;460,7,-10;680,183,-225;691,-7,-5;710,28,-28;720,13,4;730,-5,-14;732,4,-5;781,23,-48;801,17,-25;810,20,-14;811,-18,11;821,12,-11;830,17,-10;831,-8,3;840,13,-8;841,-11,6;842,15,-9;844,6,-4;851,-13,-1;861,6,-8;871,12,-10;881,0,-5;883,3,-8;891,7,-4;901,13,-12;905,7,-6;910,8,-5;924,15,-15;930,0,-5;931,-5,-5;934,6,1;935,-2,-5;946,10,1;950,-4,5;952,13,-14;954,-3,0;955,-7,-3;958,16,-4;960,-3,-5;970,7,-5;971,-5,-5;980,6,0;1040,54,-66;1041,-5,-4;1050,16,-10;1054,-3,2;1060,5,-4;1061,-7,-10;1070,14,0;1071,1,-5;1100,3,-5
rua||jesus jota|interlagos|35500459|70,-2015927,-4487650;79,8,8;80,-8,-2;87,13,22;90,-3,-13;100,-7,23;110,26,28;118,-26,-113;128,-9,161;138,18,-14;141,139,961;148,-137,-949;170,15,31;175,-2,9;184,-5,7;185,11,-1;192,-10,7;194,17,0;195,-8,1;196,-12,-2;205,13,16;214,-4,-5;216,-2,12;224,-6,20;228,4,2;230,0,3;238,8,25;258,-1,3;301,20,56;323,-8,7;333,-1,-24;350,8,66;354,0,-4;358,0,-1;373,6,17;383,0,16;393,-10,8;403,27,30;407,-16,-22;460,5,54;465,3,-31;470,-8,30;475,3,-2;480,-6,5;481,11,-3;491,3,49;501,6,7;504,-12,-12;511,19,16;514,-14,-6;524,-8,16;542,15,40;546,0,16;551,9,-4;554,-4,-3;560,9,16;561,-6,2;564,2,4;568,4,7;570,2,2;571,-8,-7;574,-1,13;585,4,-4;595,7,4;600,-8,20;614,5,16;620,1,11;624,2,5;625,5,-25;629,-11,0;635,17,-1;645,-6,18;655,-4,10;665,15,24;675,-6,10;685,3,16;689,-59,-419;695,61,421;705,8,21;745,-3,37;755,4,14;1100,26,240;1101,4,-7;1105,7,4;1110,-10,8;1115,11,13;1125,0,0;1155,4,52;1156,-1,5;1160,3,6;1165,-4,0;1170,1,12;1175,7,-2;1180,-2,21;1195,4,4;1200,-5,13;1205,6,7;1207,2,-5;1210,-4,12;1220,3,37;1221,9,-5;1230,-11,2;1235,4,9;1240,-6,-11;1241,7,20;1245,3,8;1250,-8,-19;1255,15,33;1260,-4,11;1266,-1,5;1270,3,10;1280,3,6;1281,1,7;1290,-1,5;1295,6,1;1347,0,26;1351,6,18
rua||jesus jota|nacoes|35500459|250,-2015808,-4485798;1900,107,-318;1910,2,24;1940,-19,42;1941,5,9;1945,-8,5;1950,3,7;1951,3,-2;1960,-15,18;1961,6,-9;1975,-9,24;1981,-3,4;1982,1,0;1986,-2,3;1990,-5,13;1991,6,3;2000,-7,1;2001,4,-5;2005,0,0;2010,-18,37;2020,-5,11;2030,-2,11;2051,-7,37;2061,-5,13;2071,-3,14;2080,-13,6;2081,-2,4;2084,3,5;2090,-3,9;2091,3,18;2094,-7,-10;2100,0,6;2101,-3,11;2110,-11,9;2111,10,-2;2115,-3,2;2131,-12,47;2151,-7,8;2160,-12,1;2170,-4,32;2180,-8,12;2181,11,4;2184,-15,-6;2191,9,12;2201,-7,21
rua||jesus jota|ponte funda|35500459|660,-2015829,-4486962;670,1,9;680,2,1;730,-1,66;740,14,5;750,0,10;760,3,13;780,-7,33;790,7,11;791,-1,-14;801,2,16;807,5,8;811,6,10;821,-6,19;830,2,-1;841,-4,0;1501,130,619;1911,-28,73;1991,15,-8
rua||jesus jota|residencial santa barbara|35500459|134,-2015773,-4486334;1360,39,46;1370,1,2;1371,14,10;1378,0,3;1380,-10,8;1966,-1,-22
rua||joao jaques|cidade jardim|35504280|120,-2016581,-4488579;130,-16,6;134,-5,-5;140,10,1;141,-4,3;151,-7,7;160,-36,-68;161,24,66;171,-18,20;270,-152,-35;290,-3,-2;320,0,0;321,-77,11;331,5,0
rua||joao jaques|nova holanda|35504280|180,-2016658,-4488572;184,0,0;187,-10,6;190,2,-9;191,2,3;200,-22,1;201,5,4;205,13,1;207,-51,-3;211,-3,-3;220,-1,-6;230,1,2;231,-1,2;236,-10,-3;240,-17,-2;241,2,0;247,0,3;250,-11,5;254,4,-6;271,-43,6;281,0,-3;291,-11,0;301,-13,-4;311,2,3
rua||joaquim januario|sao jose|35501226|40,-2015708,-4489885;45,-1,0;50,1,1;51,-2,-9;60,10,-10;61,2,-10;175,35,-121;188,6,-4;195,-4,-4;197,3,-8;198,-1,4;205,6,-4;208,4,-11;209,-7,-2;215,4,-5;218,7,-1;220,4,-14;225,-9,9;238,14,-13;245,-3,-19;247,2,-8;249,1,-10;250,6,17;251,-4,-26;255,2,-6;261,2,-3;265,4,-4;270,-2,-2;271,4,7;275,-1,-5;280,2,-15;282,8,-5;284,-4,-11;300,11,-28;310,10,-12;311,-5,13;320,5,-19;321,-6,5;323,2,-8;325,-2,2;329,4,-1;330,16,3;333,-7,-14;340,-7,1;342,1,-5;343,7,5;350,-3,-7;353,-1,-5;363,7,-8;373,1,-8;401,12,-30;411,1,-13;416,-4,11;420,-4,-10;421,14,-7;422,-15,1;426,3,0;435,13,-15;436,-6,7;445,9,-16;446,2,6;455,2,-19;465,1,-7;466,5,9;569,38,-121;584,-33,77;585,12,1;590,9,-16;595,-14,3;600,6,2;605,14,-22;606,-9,7;610,4,-6;612,-170,495;620,168,-512;624,4,0;625,3,2;632,-28,-33;642,34,0;652,10,-20;655,-10,17;664,13,-18;670,1,-10;674,1,-1;684,5,-26;693,-9,9;703,3,-4;720,19,-39;723,-7,-1;730,9,-14;733,-5,2;740,4,-7;745,0,1;750,5,-6;754,2,-18;755,-2,16;760,14,-18;764,0,-15;765,-10,7;766,8,-7;770,0,0;772,4,-14;774,-1,5;775,-4,5;785,4,-15
rua||jose de oliveira junior|fabio notini|35503679|41,-2014611,-4492274;101,-69,-12;105,-8,-2;150,-56,-14;154,-2,-4;191,-44,-2
rua||jundiai|icarai|35502262|620,-2011781,-4485495
rua||jundiai|icarai|35502268|81,-2011322,-4485250;141,-72,-20;161,-2,-18;181,-11,-3;191,-10,-7;195,-1,1;197,-10,-7;200,0,-6;201,-10,-1;205,0,0;240,-41,-18;241,-7,8;250,-1,-18;251,10,9;253,-19,5;254,7,-15;257,-22,-8;260,14,3;261,-29,-14;264,27,12;270,-7,-4;274,0,-3;280,-10,2;284,-3,-3;290,-5,0;294,-4,-9;310,-19,-7;311,-39,-16;320,34,13;330,-8,-5;340,-11,-3;350,-10,-6;360,-10,-6;370,-6,-3;380,-9,-7;550,142,80
rua||luzia jacinta de jesus|nova holanda|35501082|21,-2017240,-4487957;70,-29,-27;100,-14,-78;121,-16,-38;131,4,-33;132,0,32;146,11,-34;150,-2,-6;151,-10,-9;155,2,9;157,3,-9;170,6,-12;174,3,0;181,-11,-10;191,1,-12;200,10,-13;201,-12,9;202,12,-13;204,1,0;210,-1,-6;211,-9,12;221,-2,-18;228,12,-20;260,1,-55;261,-7,-4;270,10,-2;280,-2,-11;290,4,-11;291,-16,11;295,4,-6;301,-1,39;310,14,-72;311,-12,15;320,3,-25;321,-1,10;330,8,-24;331,-7,11;341,-3,-10;345,-1,2;350,7,-37;351,2,23;355,-3,-2;361,1,-6
rua||maria cantimira de jesus|chacaras belo horizonte|35503716|40,-2018908,-4480122;70,-1,-11;81,-20,-14;90,39,43;100,-45,-63;101,-6,5;121,-7,-12
rua||maria joaquina|antonio fonseca|35501100|360,-2016174,-4488539;371,-14,9;469,-122,10;470,5,0;471,-10,-10;480,0,10;481,3,8;490,-9,-6;491,4,6;500,-17,-2;501,4,6;510,-19,3;511,11,-1;513,-2,1;520,-9,0;521,-3,0;525,-1,-2;530,0,8;531,-19,-8;540,-5,-1
rua||nagib salim jurdi|santa lucia|35502840|30,-2016438,-4484363;34,4,5;36,-6,-2;38,0,4;40,-4,13;41,12,4;50,-14,6;61,6,15;70,-14,4;71,8,7;80,-13,7;90,-4,12;100,-5,7;101,23,-25;105,0,4;107,0,1;109,-4,3;111,-5,5;115,1,2;120,-16,27;121,8,-17;131,2,8;140,-31,51;150,-2,9;151,4,5;154,-6,-3;160,2,6;161,1,4;164,-4,4;165,2,4;171,-1,2;181,-7,15;185,-8,2;191,0,0;195,0,9;201,0,10;210,-6,9;211,4,-1;220,-10,14;221,7,0;241,-13,30;261,-18,6;280,-9,45;361,-29,75;365,3,6;371,90,-83
rua||neusival spagnol junior|jardim copacabana|35501618|531,-2020446,-4492435;566,-55,13;570,3,-2;576,0,0;580,-11,-2;586,0,0;590,-11,2;596,0,0;600,-8,7;606,0,0;610,-9,6;616,0,0;620,0,0;626,-11,3;630,0,0;636,-8,6;640,0,0;646,-10,-5;650,-7,5;656,0,0;660,0,0;706,-57,22;710,-3,-3;716,-7,3;720,0,0;726,-5,0;730,-6,6;736,-3,0;740,-6,3;746,-4,-1;750,-2,7;756,0,0;760,-10,-4;766,-7,1;770,0,0;776,-8,6;780,0,0;786,-6,6;790,-4,-4;796,-4,2;800,-6,5;846,-51,19;850,-3,0;856,-6,4;860,-3,2;870,-5,2;876,-7,-2;880,-4,0;886,-2,1;890,-7,3;896,-7,7;900,-4,1;906,-5,6;910,-2,-4;916,-5,2;920,-1,-1;926,-11,-9;930,-1,3;940,0,11;986,-59,23;987,3,4;990,-10,-5;991,2,10;996,-6,-10;997,1,3;1000,-2,0;1001,3,4;1006,-10,3;1007,5,4;1010,-7,-6;1011,0,5;1016,-5,-5;1017,4,9;1020,-7,-12;1021,0,15;1026,-12,-21;1027,7,22;1030,-3,-9;1031,2,10;1036,-9,-9;1037,3,11;1040,-7,-9;1041,4,9;1046,-6,-10;1047,0,14;1050,4,-5;1051,-7,7;1056,-10,-12;1057,2,13;1060,-7,-10;1061,5,12;1066,-7,-9;1067,2,9;1070,-4,-1;1071,-1,3;1076,0,-8;1077,-4,11;1080,-7,-2;1081,3,2;1087,-1,15;1091,-4,-11;1097,10,-6;1101,-26,10
rua||olivia maria de jesus|quintino|35501486|170,-2015914,-4493395;471,8,-31
rua||ozoria de jesus|joao antonio goncalves|35501513|39,-2016714,-4492099;100,183,120;120,-39,-25;140,-14,-11;500,-160,-108
rua||patrocinia candida de jesus|alto sao vicente|35500128|20,-2012978,-4489363;30,21,1;40,11,0;50,4,0
rua||patrocinia candida de jesus|liberdade|35500128|41,-2012946,-4489367;45,18,3;51,0,-1;85,26,-20;91,0,7;101,1,-8
rua||patrocinia candida de jesus|sao sebastiao|35500128|70,-2012915,-4489358;90,15,-18;100,7,-5;110,5,1
rua||rio de janeiro|centro|35500009|4,-2014399,-4488539;8,20,-13;30,-1,-22;46,11,-20;50,-10,4;91,20,-58;92,3,40;94,1,-3;95,2,-45;96,-1,43;98,1,-8;101,0,-23;106,11,14;108,-7,-18;109,1,7;112,-11,-7;120,16,-1;128,6,-6;129,-3,43;131,3,-10;132,-7,-39;133,-7,12;137,-3,-23;140,13,11;144,-21,-13;148,11,-4;152,9,-5;157,17,4;213,-5,-51;215,6,-7;217,12,8;227,-6,-20;233,4,-20;237,-4,-1;241,-23,2;247,44,-5;253,-6,15;259,-1,-12;273,-3,-19;279,1,0;289,5,-16;293,-4,-9;295,11,-2;297,-12,0;303,11,-2;305,-3,2;307,-10,-14;309,2,5;321,-22,85;339,46,-92;341,-10,-11;345,16,-10;358,-28,-26;360,14,-6;370,3,-16;391,10,3;393,2,-6;395,0,-2;402,-24,19;405,27,-18;406,1,13;415,10,-27;420,-22,-27;425,27,2;426,-8,2;433,-10,-5;434,-13,17;441,20,-13;451,28,-38;465,42,-3;470,-63,30;478,5,-5;479,13,-12;480,-2,-8;530,15,-11;534,10,-29;536,-10,-13;538,14,-2;540,-17,8;610,10,0;692,14,-148;696,5,-20;700,21,-3;712,-16,-2;738,18,-9;748,-4,35;766,9,-59;778,6,-12;786,-24,-16;796,54,1;817,-2,-52;827,2,3;837,2,-3;846,-1,-6;847,3,-8;856,11,19;880,6,-65;882,4,0;884,6,-7;886,-5,8;889,-18,31;899,0,-3;903,9,-39;912,-2,-5;913,-2,-8;922,-2,-54;923,16,56;925,-2,15;932,14,-42;933,-11,25;942,13,-25;943,-6,2;953,-2,-5;954,3,37;956,-6,-29;958,-13,-4;962,6,34;965,13,-56;973,4,-9;975,8,-8;1015,5,-24;1023,3,-3;1033,-1,-3;1043,8,-7;1053,4,-20;1057,2,2;1061,3,-11;1065,-1,-4;1069,-5,21;1091,-3,-170;1117,31,126;1121,-13,-50;1127,13,34;1137,-17,-27;1147,23,-11;1185,4,-47;1191,-19,24;1195,28,-30;1205,13,-5;1215,-11,-16;1235,1,-5;1275,26,-42;1285,8,-6;1295,4,-10;1305,-23,-20;1315,17,-9;1325,-13,-31;1362,38,0;1364,-4,10;1368,-4,-2;1380,-1,-16;1400,32,-61;1406,-6,-14;1426,17,-30;1440,2,-5;1452,-11,-13;1456,20,-11;1460,1,2
rua||rio de janeiro|centro|35502456|208,-2014392,-4488679;212,70,-54;216,0,-1;218,-13,9;232,10,-35;234,7,1;238,3,-4;242,0,-3;244,4,2;258,4,-7;276,5,-20;280,-8,-17;290,1,11;292,18,-10;294,2,-2;296,-2,-4;298,3,1;310,-8,-13;312,-3,-7;324,9,-1;330,-8,-10;332,1,2;336,4,-26;555,84,-223;603,2,-9;621,2,2;631,4,0;643,13,-18;657,15,-5;665,-27,-21;701,18,-37;735,70,19;767,-51,-59;773,8,-16;779,7,-18;787,4,-37
rua||rio de janeiro|ipiranga|35500009|1475,-2013916,-4489964;1487,-4,-29;1501,18,-5;1505,-5,1;1511,2,-21;1521,4,-26;1531,4,-16;1541,0,4;1662,11,10;1691,22,-58;1695,-4,-27;1700,-3,71;1705,-7,3;1710,-9,-17;1711,10,-59;1714,-8,60;1721,31,-85;1740,-7,47;1741,5,-69;1747,3,-1;1750,-8,66;1761,14,-71;1765,-9,10;1767,9,-21;1769,9,-9;1771,-1,2;1781,-3,-16;1871,44,-37;1900,1,-50;1904,7,1;1920,-6,-17;1930,-8,-18;1940,9,-3;2048,35,-98;2049,11,-12;2055,-8,11;2056,7,-8;2058,8,-1;2059,-20,-4;2060,8,-2;2069,-2,-15;2070,5,6;2080,9,-8;2083,16,-24;2087,5,-1;2091,-7,-3;2095,3,-5;2099,9,7;2100,-27,0;2103,37,-11;2107,-9,-8;2110,-20,6;2111,24,9;2120,-26,-21;2128,12,-9;2131,12,9;2132,-13,-21;2151,13,-32;2157,-2,-19;2160,-5,24;2161,18,-3;2176,-2,-8;2178,0,-6;2194,-9,-23;2196,18,-7
rua||rio de janeiro|ipiranga|35502042|21,-2013683,-4490660;2220,36,-107
rua||rio de janeiro|ipiranga|35502456|2221,-2013688,-4490680;2223,-1,-4;2225,5,2;2273,34,-62;2277,-5,-2;2281,-6,-3;2321,17,-45;2331,5,-2;2341,-1,-24
rua||rio de janeiro|jardim brasilia|35500009|2638,-2013510,-4491209;2648,9,-15;2658,6,-4;2660,5,-6;2670,0,-11
rua||rio de janeiro|jardim brasilia|35504722|1470,-2013434,-4491420;2545,-84,230;2555,27,-42;2557,9,-38;2600,-47,137;2610,9,-14;2618,7,-20;2628,-7,-13;2680,45,-104;2700,8,-11;2710,-2,-15;2720,7,0;2841,-32,76;2851,17,-62;2861,-1,-10;2870,24,-38;2871,-9,32;2881,7,-29;2883,1,-10;2885,2,-8;2890,8,2;2891,13,-11;2894,-25,2;2900,17,-19;2901,5,4;2910,-2,-24;2912,-1,-11;2947,-1,-15;2980,-42,159
rua||rio de janeiro|levindo de paula pereira|35500009|2370,-2013615,-4490861;2380,3,-8;2390,-3,-24;2400,10,-2;2410,6,-7;2420,-3,-26;2430,3,-3;2440,4,-9;2450,-1,-4;2460,22,-30;2470,2,-9;2480,4,-10;2500,3,-9;2510,18,-39;2520,-8,-17;2538,2,-9;2540,-7,-10;2550,15,-21;2560,17,-23;2570,0,0
rua||rio de janeiro|rancho alegre|35502456|2361,-2013629,-4490851;2405,53,-176;2455,3,-17;2505,23,-55;2981,167,-467;2991,0,0;3000,24,-65;3004,-1,-6;3008,12,-5;3012,1,-9
rua||rio de janeiro|santo antonio|35502024|808,-2013813,-4490353;810,20,12;1895,-17,36;1897,-3,-3;1907,1,-8;1919,-5,-11;1921,15,-5;1950,22,-30;1960,3,-2;1970,3,-19;1979,-2,15;1980,7,-29;1989,-19,15;1999,12,-5;2000,9,-18;2009,-14,17;2019,6,-20
rua||rio de janeiro|sidil|35500009|984,-2014088,-4489449;986,2,-6;988,2,-10;1010,3,-20;1026,10,-11;1040,8,-10;1044,-7,-7;1048,0,1;1050,5,-4;1054,-3,3;1058,-1,-7;1100,25,-52;1110,1,-4;1120,3,1;1216,29,-109;1290,3,-41;1350,18,-25
rua||rio de janeiro|sidil|35502024|1351,-2013977,-4489802;1355,6,-13;1363,3,-7;1369,1,-9;1375,11,-7;1385,-6,-5;1395,2,-13;1415,19,-48;1445,17,-20;1447,-7,-14
rua||vinte e oito de janeiro|jardim das acacias|35501529|1030,-2017340,-4493082;1032,-4,0;1034,5,-2;1036,-3,-1;1060,-24,-27;1061,-8,6;1070,-7,-17;1071,-5,9;1080,-4,-15;1081,-3,9;1090,1,-18;1091,-6,14;1101,-9,-11
rua||vinte e oito de janeiro|padre herculano yanes|35501529|1001,-2017321,-4493040;1031,-31,-40
rua||vitalina altina de jesus|residencial altaville|35503056|81,-2014427,-4492367;141,76,1;180,37,6;181,2,-5;186,-2,5
travessa|sao|joao|centro|35500655|10,-2013932,-4488954;11,-1,-7;20,0,11;21,-1,-4;100,-5,-18
travessa||coracao de jesus|afonso pena|35500112|8,-2013322,-4489024;10,7,-1;179,1,-3
travessa||dez de julho|afonso pena|35500114|11,-2013218,-4489243;13,0,2;19,5,-1;39,16,2;45,-3,-2;110,-106,283;112,1,21;114,12,-15;118,6,3;120,-2,5;122,-12,-11;423,111,-280
travessa||jeriva|itai|35503564|39,-2013967,-4486497;40,5,1;41,-2,3;51,19,3
