alameda||fenix|vistadouro aquaville|35504899|21,-2015209,-4493689
alameda||rio das flores|tiete|35504111|90,-2014226,-4491205;100,-18,1;110,-5,-6;111,16,10;115,2,-7;121,-10,14;127,-10,3;130,-10,-21;131,7,12;141,-6,9;150,-11,-23;160,-48,4;161,11,1;170,-26,-5;171,12,0;180,-16,1;181,11,4;190,-14,-3;191,-3,2
avenida|doutor|paulo de melo freitas|liberdade|35502635|100,-2012820,-4489799;159,-16,143
avenida||antonio faria|campina verde|35501450|611,-2015349,-4492516;615,0,-5;617,1,-2;621,-6,-8;625,0,1;627,8,-6;631,-13,-2;635,0,-21;637,-1,15;641,-11,-5;645,12,1;647,3,-4;651,0,-5;655,-5,-1;657,-1,-4;661,1,-8;665,1,-3;667,-6,-1;669,2,-2;671,2,-4;675,-4,-1;677,0,-5;679,-2,3;711,-4,-57;731,1,-16;770,1,19;786,18,-30;800,-7,-3;804,3,-12
avenida||antonio fonseca filho|antonio fonseca|35500453|190,-2015699,-4488394;220,-12,-34;230,-2,-7;240,1,-8;242,-4,-3;260,-13,-51;270,-2,-6;280,-4,-24;290,-16,-26;310,-16,-18
avenida||antonio fonseca filho|interlagos|35500453|20,-2015571,-4487666;38,-34,-141;48,6,2;58,0,24;78,-6,16;81,20,-10;85,-14,21;87,11,1;90,-15,7;94,-3,-7;101,21,21;102,-9,0;105,-2,8;115,3,1;119,3,-1;162,-10,1;172,8,25;175,16,-1;182,-13,11;185,5,3;192,4,14;195,-5,-7;197,-8,6;215,4,1;501,24,177;511,10,8;521,1,1;522,-6,-9;531,8,21;541,4,8;542,-18,-16;544,-1,2;550,6,11;551,10,14;552,8,-38;553,-8,42;556,-18,-13;560,19,21;564,0,1;570,-4,11;571,-18,-81;574,10,77;580,8,17;590,1,22;600,-3,-7;601,12,-18;603,0,4;605,-1,9;609,-3,4;610,-19,14;611,29,-9;615,-7,1;619,3,3;620,-3,37;621,5,-26;630,-5,46;631,9,-24;633,-9,8;651,5,25;671,2,8;710,4,39;712,-2,-1;723,15,8;731,3,8;741,-1,1;761,5,44;780,-15,1;800,4,21;810,5,4;820,1,26;824,7,-1;830,-4,17;840,-4,-4;850,4,25;855,8,-8;860,-3,14;879,8,7;881,5,7;883,3,18;885,0,3;887,-2,-12;935,10,51;945,-1,14;955,7,7;969,-2,15;975,1,13;980,-13,-11;990,-3,4;1000,5,11;1010,1,16;1020,-3,0
avenida||flora|jardim das mansoes|35500405|600,-2011467,-4486526;650,17,31
avenida||flora|vila romana|35500405|351,-2011622,-4486884;360,11,26;361,1,-12;370,1,23;380,12,27;390,3,9;391,-25,-92;400,27,99;410,6,6;411,-10,-12;420,15,28;421,9,-17;425,2,4;430,-3,22;431,23,2;440,-20,9;441,-7,-2;450,12,11;451,-32,-7;460,35,16;461,9,1;470,-7,7;480,7,11;481,4,-6;485,15,23;491,-3,12;500,-7,1;501,24,8;510,-8,18;531,22,16;535,-17,-2;540,5,18;541,4,1;550,0,7;551,27,-7;556,-25,5;561,4,15;570,15,24;580,-1,14;581,11,-19;590,-2,33;591,1,-32;596,11,40;601,7,6;621,7,18;631,0,0;641,6,9;651,4,9;669,3,12;671,-15,6
avenida||francisco faria filho|casa nova|35501457|520,-2015770,-4492291;771,-136,-320;790,4,-20;791,-14,-8;796,15,1;800,-20,-3;810,12,-15;811,-5,-3;820,7,-1;821,-12,-14;824,13,6;830,-6,-10;831,-2,-17;841,-10,-3;861,-3,-25;885,-5,-47;890,8,18;891,-9,-23;910,3,-10;920,1,-12;941,14,107
avenida||nova friburgo|jardim candides|35502327|1460,-2013473,-4483718;1481,-9,5;1490,-45,-107;1491,39,90;1501,-4,-11;1510,-4,-24;1514,-2,-7;1518,-2,0;1520,-14,-1;1524,7,-7;1528,0,-2;1531,5,9;1535,-11,-8;1541,-8,-27;1561,-16,-25;1571,-3,-3;1581,-9,-13;1591,-3,-18;1640,-31,-77
comunidade||para cachoeira ponte de ferro|ponte de ferro|35504899|71,-2021943,-4492402
comunidade||para fumal|fumal|35500001|1,-2011536,-4495509;4,-20,-428
estrada||branquinhos para corrego falso|corrego falso|35504899|15,-2004376,-4497470
estrada||da fortaleza|choro|35500001|35,-2008085,-4490579;40,-327,-377
estrada||da fortaleza|corrego sujo e barra|35500001|49,-2009169,-4488953
estrada||da fortaleza|varzea|35504453|1,-2009668,-4490373
estrada||djalma dutra para furtados|djalma dutra|35504441|29,-2006528,-4502385
estrada||dvl 230 choro para corrego falso|branquinhos|35500001|148,-2005548,-4496162;150,25,62
estrada||ferrador|ferrador|35500001|10,-2020706,-4478028;28,-3025,414;29,-8,6;31,-50,46;33,-18,17;36,-31,24;64,4677,-2419;125,-4187,2036
estrada||ferrador|ferrador|35504899|72,-2021854,-4480670
estrada||ferrador|ribeirao do cervo|35500001|13,-2024559,-4480116;32,787,2538
estrada||ferradura|chacaras beira rio|35500001|2,-2016119,-4482874
estrada||mata dos coqueiros para corrego falso|corrego falso|35503624|13,-2003916,-4497666
estrada||mata dos coqueiros para corrego falso|corrego falso|35504441|11,-2003468,-4497952
estrada||mata dos coqueiros para corrego falso|mata dos coqueiros|35504441|26,-2002323,-4499620;28,-84,38;33,148,-57
estrada||mata dos coqueiros para corrego falso|quilombo|35500001|2,-2002020,-4498332;7,-926,1244;16,1898,-30;19,-829,-318
estrada||para corrego falso|corrego falso|35503624|8,-2004974,-4500759;15,353,-1045;24,752,3689;31,-1424,-2605;58,948,1212
estrada||para corrego falso|corrego falso|35504441|5,-2005111,-4500809;9,270,130;10,-145,2;11,230,-153;12,102,-126;16,60,-803;18,-76,-62;19,1134,3867;23,-875,-3160;24,-37,353;52,-235,484
estrada||para corrego falso|corrego falso|35504899|2,-2005419,-4500692;3,46,8;4,-262,-128;48,1066,1554;49,7,-44;50,0,0;67,-12,14;73,0,167;93,-207,-1133;94,-134,-260;97,-1347,21;110,1370,-34;118,128,166
estrada||para fazenda|choro|35501996|169,-2005926,-4492718
estrada||para furtados|djalma dutra|35504441|24,-2006771,-4502803;29,-323,-417;99,565,832
estrada||para furtados|djalma dutra|35504453|74,-2007296,-4502619
estrada||para furtados|serra do caetano|35501353|41,-2006632,-4503525;107,-281,-206;123,414,-520
estrada||para furtados|serra do caetano|35502829|101,-2007121,-4503385
estrada||para furtados|serra do caetano|35503303|36,-2006940,-4503750
estrada||para furtados|serra do caetano|35504441|24,-2006879,-4502881;28,-198,-238;111,-35,-184
estrada||para furtados|serra do caetano|35504453|32,-2007093,-4503443;33,97,-135;34,135,-132;37,94,-88;103,-369,325;122,602,-1123
estrada||para ribeirao frio|buritis|35504899|17,-2024059,-4488411
estrada||para sitio recanto feliz|choro|35500001|46,-2008519,-4490999;60,277,1295
estrada||para sitio recanto feliz|choro|35504453|23,-2007792,-4489867
estrada||ribeirao frio|buritis|35500001|5,-2023215,-4487125
estrada||ribeirao frio|buritis|35504453|7,-2023338,-4487166;8,-17,-64;15,137,261;22,-499,-65;33,-267,186;34,638,68;38,-105,-16;43,122,194;44,-44,36;45,-63,21
estrada||ribeirao frio|buritis|35504899|18,-2023443,-4487023
fazenda||para fumal|primavera|35505000|9,-2011085,-4496497;10,-10,-106
praca||dos ferroviarios|esplanada|35501031|222,-2015258,-4489238;248,-30,34
rua|dona|francisca|afonso pena|35500112|5,-2013392,-4489018;8,9,-2;25,-14,10;40,-2,-2;47,27,-15;49,4,6;51,-1,-2;75,-65,290;79,4,-2;91,-10,-14;95,-17,-9;97,11,1;99,15,3;109,1,-11;119,3,-6;121,0,0;125,-8,-11;128,8,12;130,-5,-4;131,2,-19;132,-1,20;133,-7,-17;199,78,-245;209,22,-18;219,-7,-4;279,-91,315;505,95,-328;513,29,-1;520,-9,-7;524,-2,-10;525,6,5;535,-6,-8;539,3,-15;540,1,9;549,5,-14;550,5,2;551,9,-3;552,-9,1;554,-2,-6;555,11,-7;560,-10,13;570,1,-20;600,23,-47;638,-8,-6;672,19,-27;676,0,-17;682,5,29;684,-9,-12;686,11,-21;696,2,-12;726,28,-18;740,-22,9;744,2,-8;750,8,-6;754,17,0;756,-3,9;770,40,-24;854,-28,-6
rua|dona|francisca|alto sao vicente|35500112|874,-2013216,-4489338;884,28,-10;894,-12,-8;904,5,-8;914,4,-13;924,1,-3
rua|dona|francisca|jardim america|35500112|579,-2013287,-4489179;581,0,-5;667,0,-14;673,11,-7;679,0,-2;681,-15,11;685,24,-18;687,-16,4;731,13,-34;735,12,-26;741,14,-16;745,-10,18;749,10,-12;760,2,-1;761,-15,3;769,18,-24;770,-3,10;780,11,-4;881,23,-50;891,-6,-20;893,-3,20;901,10,-13;913,5,-4;1633,-61,112
rua|dona|francisca|jardim capitao silva|35500112|940,-2013174,-4489420;942,3,9
rua|dona|francisca|liberdade|35500112|289,-2013122,-4489590;321,-6,72
rua|dona|lavinia fonseca|antonio fonseca|35500769|101,-2015932,-4488648;121,58,10;131,-12,1;141,-2,-3;145,-7,-2;171,-40,-4;530,62,6
rua|dona|lavinia fonseca|nossa senhora das gracas|35500767|211,-2015984,-4488638;215,6,-1;217,-14,2;240,-152,34;250,9,-2;251,86,-12;261,33,-1;280,-58,-13;290,-20,5;300,-3,1;310,-21,3;320,-13,4;321,5,6
rua|dona|lavinia fonseca|santa rosa|35500522|541,-2016298,-4486081
rua|dona|lavinia fonseca|santa rosa|35500767|520,-2016294,-4486108;524,3,-4;530,-9,16;540,-4,7;550,-5,7;556,1,9
rua|marechal|floriano|halim souki|35500842|10,-2013459,-4486598;20,-3,2;21,15,14;23,0,8;30,-6,-10;31,7,21;40,-10,-7;41,10,16;44,-6,-13;50,-3,12;51,12,11;60,-11,5;61,12,10;70,-9,-5;71,11,22;80,-7,12;81,7,-14;84,-16,-9;90,5,4;108,7,41;111,14,0;120,-10,7;121,11,8;130,-3,-1;140,10,5;143,-2,22;150,-5,3;153,3,10;160,-9,4;161,11,7;170,-12,3;171,13,0;180,-8,-3;192,3,24;200,6,21;201,11,14;210,-9,-12;211,12,22;221,0,12;230,-7,-10;231,10,23;240,-8,-9;241,11,25;250,-9,-6;251,5,8;260,-3,-1;261,7,10;265,3,11;271,0,19;280,-9,-13;281,10,16;286,-9,-9;287,7,19;290,2,-16;291,4,25;300,-8,-14;480,2,16;481,4,2;490,-1,2
rua|marechal|floriano|primavera|35500842|720,-2013358,-4485933;724,4,0;726,-2,4;728,2,2;730,0,2;734,0,0;736,5,4;738,0,5;740,-1,1;744,-2,1;760,7,38;790,5,20;792,5,3;794,-3,2;796,3,0;800,-2,5;802,-1,4;804,-1,2;806,3,1;808,7,2;810,-5,5;820,3,20;850,6,37;860,1,12;880,0,36;890,3,8;900,5,13;910,1,7;914,-3,12
rua|marechal|floriano|sao geraldo|35500842|30,-2013289,-4485586;90,-12,-79;100,-2,-8;110,-13,-11;120,9,-17;190,-13,-96;549,-38,-351;551,-19,3;557,4,4;559,8,0;561,-7,7;571,-4,12;577,6,11;581,-5,3;585,-3,3;589,-4,-3;593,8,2;597,-1,5;601,4,3;605,-5,-2;607,8,8;611,-5,4;681,6,39;685,0,-7;721,24,106;725,-1,10;729,2,1;731,-1,4;761,7,46;765,1,13;771,1,22;773,1,-2;775,2,-10;777,-3,4;779,1,-7;781,2,-4;791,-1,28;793,-1,-1;795,9,-1;797,-7,-6;799,-4,5;801,-1,5;805,6,7;811,-12,1;831,18,42;861,10,60;871,2,11;881,2,6;911,-9,33;971,27,64;981,3,24
rua|marechal|floriano|sao lucas|35500842|500,-2013395,-4486178;504,-1,5;508,1,-18;510,2,-1;520,4,2;530,4,13;540,0,21;560,-1,20;570,0,6;580,4,20;590,1,3;600,4,13;610,-5,30;620,9,9;624,0,1;630,3,11;640,-1,8;650,1,13;652,2,2;654,0,0;660,-2,11;670,-2,13;680,6,7;690,5,6
rua|nossa senhora|de fatima|sao jose|35501008|7,-2015579,-4489722;9,16,-8;11,25,-17;13,-4,-4;15,-2,-5;21,5,-16;22,11,-24;23,-14,22;26,13,-19;28,1,11
rua|professora|beatriz fernandes ferreira|quinta das palmeiras|35501000|30,-2018335,-4488485;40,-3,8;50,-5,9;60,-12,3;70,-13,6;80,-5,6
rua|professora|beatriz fernandes ferreira|terra azul|35501120|21,-2018316,-4488488;31,-7,5;41,-17,7;51,-4,4;61,-18,14;71,2,2;81,-16,18
rua|sao|felipe|maria helena|35500347|10,-2015006,-4485936;21,10,-7;63,-2,15
rua|sao|francisco|centro|35505000|34,-2010562,-4497512;40,2,17;46,15,23;50,-1,-3;58,-8,22;301,-11,-113
rua|sao|francisco|niteroi|35500228|18,-2014235,-4487424;19,3,2;24,-14,2;27,-57,29;29,55,-23;34,-1,-7;39,-3,9;40,-10,-2;41,6,4;47,-9,8;51,-11,-2;58,9,0;60,-8,-4;61,-7,13;71,-12,1;81,0,2;82,-2,-11;92,7,8;112,-11,3
rua|sao|francisco|santa cruz|35505000|80,-2010563,-4497632;82,9,-13;84,-8,11
rua|sao|francisco|santo antonio dos campos|35500228|186,-2010546,-4497522;250,-8,-23;260,0,-12;270,-8,1
rua|sao|francisco|sao geraldo|35500228|260,-2013012,-4485799;264,0,10;270,-1,2;274,25,26;280,-30,-19;284,10,10;286,67,0;290,-61,10;296,-18,6;300,5,8;811,69,-259
rua|soldado|geraldo fernandes|itacolomi|35501405|161,-2018621,-4490579;171,-21,-10;180,-14,-10;181,8,7;190,-14,-6;191,-1,11;200,-9,-14;201,-4,14;220,-29,-10;230,-11,6;231,6,11;235,-4,0;240,-17,-10;241,11,9;245,-10,4;281,-61,10;291,-10,1;300,60,-14;320,-99,11;350,-29,10;351,-1,1;355,-10,2;381,24,0;401,-83,19;405,-6,3;441,-46,4;443,-5,-5;445,-5,5;461,-64,1;471,20,12;481,-8,1;490,-75,0;531,14,14;535,-6,-1;560,-38,-3;565,-8,20;570,-5,-17;571,-4,7;580,-13,0;601,-19,11;651,-73,14;700,-61,-114
rua|soldado|geraldo fernandes|realengo|35501405|10,-2018449,-4490646;20,-9,-11;30,-6,22;31,-1,4;40,-7,-6;61,-32,13;80,-32,-3;90,-3,5;91,10,5;100,-36,-7;101,22,10;110,-38,-5;130,-7,3;131,-4,2;141,-10,3;143,2,-1;145,1,8;150,-4,-5
rua||alexandrina figueiredo|dona quita|35500472|1131,-2016758,-4486967;1145,-18,9;1151,-9,-5;1155,-3,2;1161,-18,21;1171,-6,-16;1181,-15,0;1191,0,-1;1201,-21,6
rua||alexandrina figueiredo|dona quita|35503404|1050,-2016651,-4486990;1060,-13,-2;1230,-235,40
rua||alexandrina figueiredo|interlagos|35500472|310,-2015535,-4487168;320,-14,4;327,5,-4;330,-12,-1;331,-9,10;337,11,1;340,-20,-1;341,14,-3;345,-13,8;350,-6,-4;351,-2,2;360,-21,-4;370,6,4;390,-15,-6;411,-41,22;421,6,-8;431,-13,49;441,-3,-36;460,-21,-22;480,-29,19;490,-12,-1;501,-26,9;503,-7,6;510,-11,-15;511,-5,18;520,-9,-9;521,1,8;530,-10,-25;531,-5,26;540,1,2;541,3,3;550,-10,-12;551,-10,15;560,9,-5;561,-20,6;563,-1,-2;570,-2,-11;571,-4,14;580,-19,-16;591,-12,19;598,-10,-8;600,-3,4;601,-7,2;610,-8,0;611,0,7;620,-8,-9;621,-1,13;630,-8,-9;631,-3,9;634,3,-10;640,-11,1;641,6,8;650,-18,-6;651,2,8;700,-58,1;710,-19,-5;720,-3,5;724,-17,4;730,-5,0;740,-20,8;760,-3,-1
rua||alexandrina figueiredo|interlagos|35503404|50,-2016689,-4486981;1110,-36,5;1130,-38,4;1140,-9,2;1180,-57,9;1184,-5,0;1190,-4,2;1194,-14,1;1200,3,-2;1204,-6,3;1210,-7,0
rua||alexandrina figueiredo|jusa fonseca|35500472|1851,-2017093,-4486919;1861,-3,14;1871,-58,-63;1880,41,56;1881,-20,0;1900,-15,0;1910,-1,0;1920,3,0;1930,-4,1;2000,-133,17;2001,-6,-2;2010,-9,-1;2014,-5,11;2020,-25,0;2021,24,-4;2030,-6,8;2040,-12,-6;2041,-2,10;2045,16,-6;2050,-34,-6;2121,-78,24;2131,-12,8;2151,-10,-6;2161,-12,1;2171,-15,5
rua||alexandrina figueiredo|jusa fonseca|35503378|1951,-2017222,-4486897;1960,-7,-5;1961,-10,4;1970,-9,0;1980,-10,2;1981,8,18;1990,-23,-31;2060,-85,6;2061,9,31;2080,-16,-7;2090,-14,-2;2091,1,7;2100,-16,-8;2101,10,8;2110,-17,-5;2111,7,8;2120,-24,-17;2130,-24,22;2150,-4,-5;2160,-11,7;2170,-16,-1;2190,-26,6;2210,-16,-1;2216,-13,6;2230,-7,2;2231,-19,8;2241,-16,-1;2255,-17,0;2257,1,0;2259,0,-1;2261,-3,9;2271,-4,-1;2321,-47,7;2331,-11,-2
rua||alexandrina figueiredo|paraiso|35503378|2201,-2017511,-4486852;2211,-7,1;2221,-6,5;2225,-15,3;2240,-46,-5;2260,-2,2;2270,-7,5;2280,-7,-5;2300,-29,10;2320,-17,-1;2330,-10,11
rua||alexandrina figueiredo|santa rosa|35503404|681,-2015969,-4487088;701,-17,-1;711,-12,-2;721,-19,6;731,-7,-1;741,-11,3
rua||alice faria|campina verde|35501473|721,-2015100,-4492802;774,459,-88;776,5,-3;1370,-537,120;1371,29,2;1390,-8,-7;1391,5,-10;1395,2,0;1401,15,-2;1420,36,-1;1421,-6,-9;1440,24,7;1444,3,-1;1446,-1,-2;1448,3,-7;1470,33,5;1471,2,-16;1474,-2,10;1481,12,-12;1490,13,9;1491,-7,-10;1500,13,6;1510,13,0;1511,0,-13;1530,33,2;1531,2,-7;1540,11,5;1550,12,-2;1551,3,-2;1561,9,-9;1580,36,3;1581,-9,-7;1590,14,7;1591,3,-11;1592,-5,12;1594,5,-3;1600,4,1;1601,6,-13;1610,7,5;1620,31,-21;1630,-7,4;1640,4,1;1641,11,-1;1650,-7,4;1651,29,-3;1660,0,0;1661,11,-8;1665,-32,8;1671,57,-8;1680,-2,5;1681,1,-8;1690,17,1;1701,9,-9;1711,15,-10;1720,6,29;1723,14,-22;1730,12,-4;1731,17,0;1733,-17,1;1734,-7,5;1737,11,-7;1741,0,-8;1745,2,3;1747,6,2;1750,5,8;1751,1,1;1752,-2,-1;1753,12,-10;1761,6,-3;1780,30,-4;1786,4,-1;1790,9,-2;1791,-2,0;1795,-1,-4;1796,0,7;1800,14,-3;1811,5,-6
rua||alice faria|casa nova|35501473|791,-2015680,-4492674;890,-194,54;891,-21,-8;911,26,-7;920,33,2;926,8,7;930,10,-7;941,-6,-8;951,8,-3;970,44,-3;979,5,-10;981,7,3;991,5,-8;1000,33,7;1010,15,6;1011,-12,-18;1020,23,8;1031,-3,-13;1035,12,3;1041,36,-12;1050,4,10;1060,14,-3;1061,-6,-8;1070,9,5
rua||alzira fonseca|davanuze|35500523|1151,-2016482,-4485249;1181,-10,29;1210,-28,31;1211,26,7;1215,-21,-6;1220,8,13;1221,-12,5;1225,11,1;1251,-16,24;1260,-16,20;1261,10,8;1270,-17,12;1271,9,-1;1280,-11,11;1281,10,-3;1290,-15,7;1291,9,13;1300,-11,4;1310,-14,25;1320,3,4;1330,-7,18;1331,6,3;1340,-9,4;1341,11,-3;1350,-18,6;1360,-8,27;1370,-1,9;1371,3,8;1375,-6,3;1380,-3,-2;1381,-1,10;1385,-2,4;1386,10,-26;1391,-12,28;1393,3,0;1395,1,8;1397,0,3;1400,-3,3;1410,-19,32;1497,-24,101;1501,-2,1;1511,-5,32;1513,-1,4;1515,0,6;1521,-10,0;1525,9,8;1531,-7,4;1535,-3,8;1541,-1,4;1545,-2,2;1551,-11,10;1561,8,-3
rua||alzira fonseca|sagrada familia|35500523|90,-2016238,-4485925;110,25,-46;671,-13,22;681,-2,49;691,-4,14;700,-41,40;701,4,10;703,2,6;711,9,-25;720,-21,32;730,-2,6;731,8,4;740,-8,5;741,2,3;750,-8,10;751,3,11;770,-23,20;771,2,25;780,-2,-9;790,-9,13;800,11,13;805,-9,16;806,-14,10;810,1,16;811,-4,-10;813,-3,6;817,0,4;820,5,7;821,1,1;830,-17,6;831,15,6;840,-12,-1;841,2,11;849,2,1;851,-3,11;860,-9,0;869,-8,28;870,-1,-6;871,7,5;880,-6,9;881,4,6;890,-26,-21;891,21,25;900,-13,-20;910,-17,8;930,8,73;931,0,2;941,-3,7;950,-12,3;960,0,13;971,-2,30;980,-14,-2;981,5,25;991,-5,3;1000,-4,0;1001,0,8;1010,-7,-4;1011,3,18;1020,-15,20;1021,13,-12;1025,-6,1;1030,-5,29;1031,4,-3;1040,-9,3;1041,2,6;1050,-3,12;1051,-7,8;1071,-4,29;1080,-10,-6;1081,6,14;1084,-5,-12;1090,-4,15;1091,3,3;1100,-4,3;1101,-2,11;1110,-3,-3;1111,3,9;1120,-7,-1;1130,-6,11;1131,8,7;1140,-9,2;1141,0,9;1150,-12,15;1170,-5,21
rua||alzira fonseca|santa rosa|35500523|580,-2016216,-4486001;588,-2,19;590,-7,-2;600,-2,3;610,-5,16;616,-2,7;620,0,7;630,-2,5;650,-11,36;660,-1,6;670,-12,17;680,0,7;690,0,4
rua||amelia fabrini|residencial sao frei galvao iii|35502376|580,-2014632,-4483722;590,-7,3;600,-7,11;610,-3,8;620,1,8;630,-13,8;640,-2,5;650,-4,13;660,-10,8;670,-1,8;680,6,8;690,-6,6
rua||andre de freitas|residencial doutor walchir resende costa|35503140|11,-2012938,-4490896;20,-7,4;21,12,7;30,1,11;31,3,-5;40,5,11;41,-1,-5;50,-1,14;51,8,-4;60,-2,15;61,6,-4;70,0,10;71,4,2
rua||antonieta fonseca|aeroporto|35501112|61,-2017320,-4487761;157,-23,-37;161,-7,-10;171,-2,-12
rua||antonieta fonseca|elizabeth nogueira|35501892|801,-2017735,-4488230;805,0,-2;811,-13,-25;815,-2,0;821,-6,-8;825,0,-4;831,-2,0;835,-5,-10;841,-3,-5;845,1,-1;851,-2,-5;855,-7,-2;861,-4,-19;865,-1,-12;885,-15,-7;901,-13,-28;905,3,-8;921,-15,-18;925,-5,-6;951,-24,-17;955,2,-14;961,-12,-13;965,1,-2;971,-6,-9;975,-7,8;981,6,-11;985,0,-8;991,0,-5;995,-4,-5;1001,-12,2;1005,3,-12;1021,-17,-26;1025,-2,4;1031,-10,-20;1035,-7,6;1041,-1,-5;1045,4,-12;1051,-8,-3;1055,-7,0
rua||antonieta fonseca|santos dumont|35501112|8,-2017412,-4488039;41,-97,-61;50,238,420;58,0,0;60,-34,-62;70,23,49;78,-57,-111;80,53,102;100,-20,-41;150,-33,-61;160,-5,-2;170,-6,-6;180,8,-4;200,-18,-40;202,-19,-10;208,-41,-70;210,39,68;211,-54,-84;221,-15,-22;230,58,77;231,-58,-77;237,41,73;240,8,-3;241,-10,-4;250,7,0;260,-9,-14;261,-6,-2;278,-48,-95;280,35,69;281,-56,-82;290,1,-20;291,-4,12;361,-8,-8;371,-2,-10;381,-3,-17;385,-5,-1;395,-13,-25;401,0,0;405,0,0;411,4,-10;415,0,0;421,0,0;471,-15,-33;481,2,2;560,-20,-64;570,0,-20
rua||antonieta fonseca|terra azul|35501112|121,-2017374,-4487858;131,-1,4;141,-11,-12;151,-20,-11
rua||antonio costa de freitas|chacaras belo horizonte|35503736|140,-2018149,-4480850;180,-115,87;191,-379,288;280,313,-241;281,6,5;300,-178,136;340,86,-133;341,-396,358;351,-33,17;371,334,-237;400,-73,40;420,-23,12;421,154,-115;440,-36,12;480,-52,61;520,-274,189;528,298,-203;651,-157,119;700,-24,17;780,-77,44;900,-108,79;1020,-53,35;1040,-34,29;1060,-10,12;1080,-73,19
rua||antonio dellaretti filho|centro industrial|35502288|1151,-2012361,-4483515;1203,-72,-46;1211,-25,-21;1231,-3,-5;1601,136,111
rua||antonio dellaretti filho|distrito industrial|35502288|600,-2012515,-4483693;1551,-28,20;1555,-76,-90;1600,45,31;1606,6,5;1624,-19,-19;1626,-14,-16;1640,-16,-11;1660,-23,-25;1700,-22,-27;1740,-56,-53;1748,42,32;1750,2,2;1752,-44,-34;1760,-29,-34;1801,105,126;1870,-113,-137;1900,-77,-75;1901,46,63;1911,-38,-32;1991,-11,-10;2000,3,-21
rua||antonio florentino|centro|35500129|289,-2013860,-4488219;2100,-44,50;2727,96,-77;2753,-14,10;2777,-126,69;2795,94,-79;2799,27,17;2879,-55,31;3036,243,-176;3047,42,-23
rua||antonio florentino|santa clara|35500129|2847,-2013773,-4488262;2857,15,4;2859,-1,-11;2869,5,-6;2885,23,-40;2887,13,-14;2889,-25,42;2895,19,-49;2907,15,-4;2965,11,4;2969,6,-10;3060,72,-59;3063,13,-10;3070,-4,34;3083,7,-14
rua||antonio gontijo da fonseca|jardim das oliveiras|35502089|250,-2011179,-4488603;254,5,2;260,2,-7;264,3,-4;270,4,-10;280,12,-6
rua||antonio gontijo da fonseca|santa marta|35502089|10,-2011360,-4488327;20,8,-8;100,51,-86;190,71,-111;200,12,-7;210,2,-16;321,80,-116;331,4,-12
rua||antonio isaac ferreira|rancho alegre|35502406|160,-2013011,-4492488;171,-4,-4;173,1,3;176,6,4;180,6,-3;181,-4,2;190,11,8;191,-3,-3;193,3,-3;195,0,1;197,2,1;200,7,8;201,-4,-7;210,15,15;241,49,5;251,8,6;255,2,0;271,20,7;281,7,8;285,21,-1;301,14,9;341,52,21;351,22,4;355,13,6;361,8,9;365,8,-3;370,4,18;371,5,-15;380,3,10;381,12,-7;415,42,20;420,0,8;421,3,-5;430,9,7;441,9,0
rua||antonio morato de faria|dona quita|35500504|110,-2016742,-4486943;120,-3,7;130,8,13;141,9,1;145,2,19;151,-2,7;160,-14,-22;161,20,31;166,-16,-18;170,8,26;171,8,6;172,-8,-20;176,-2,15;190,4,15;200,-2,2;206,1,9;208,5,4;221,9,36;231,3,8;241,0,7;251,4,14;261,-1,18;271,2,3;281,1,18;291,0,10;331,8,39;341,0,43
rua||antonio morato de faria|dona quita|35504072|220,-2016725,-4486820;230,1,13;240,3,22;250,0,12;260,5,7;270,4,15;280,-8,22;290,11,1;300,-3,15
rua||antonio morato de faria|interlagos|35504072|2,-2016758,-4487064;4,-1,1;6,4,1;8,0,1;10,-2,0;14,2,6;30,-1,12;31,9,-38;34,-10,44;40,6,7;41,-1,-40;44,1,41;50,-1,6;51,4,-30;53,23,6;54,-22,32;55,33,-37;61,-31,12;71,-2,5;80,0,47;81,4,-27;90,-4,30;91,5,-18;95,5,5;101,-3,16
rua||antonio morato de faria|santa rosa|35500504|310,-2016700,-4486687;320,-4,14;326,2,-1;330,5,-3;340,18,22
rua||antonio pinto da fonseca|sao frei galvao iii|35502747|11,-2014226,-4483789;21,-4,6;31,-6,6;41,-7,7;51,-5,6;61,-10,8;71,-4,7;81,-5,8
rua||antonio teodoro ferreira|candelaria|35502099|220,-2010274,-4487391;230,-5,-8;240,-5,-16;241,-15,-8;250,18,1;260,-11,-13;261,-15,-31;270,15,30;274,0,0;278,0,-3;340,-28,-104;342,-3,-2;344,-1,-6;360,1,17;361,-27,3;370,5,-73;371,16,53;390,-22,-64;396,-9,-18;400,0,-7;410,1,-6;411,4,46;420,-31,-83;421,25,65;431,-2,-10;435,0,1;437,-10,-20;441,6,9;445,-8,-21;446,-15,-53;450,2,3;451,-5,-6;460,12,-13;461,-14,-2;470,0,-14;480,-4,-7;485,-3,7;520,-11,-77;521,-22,9;524,19,-13;530,-1,4;531,-13,-9;540,2,-19;541,-9,3;550,11,-13;551,-26,8;561,10,-12;592,-15,-43;594,-5,-6;596,0,-6;600,2,-14;601,-1,16;609,-3,-17;610,10,6;611,-12,-11;614,6,-6;621,-10,-4;630,5,-7;631,-10,-7;640,12,5;650,-3,-6;681,-28,-59;690,-1,-26;691,-6,4;700,5,-2;701,5,19;711,-6,-29;721,-17,-7;741,5,1
rua||antonio torres filho|sao domingos|35501357|280,-2019312,-4491900;310,23,55
rua||antonio torres filho|vivendas da exposicao|35501357|184,-2019262,-4491788;255,-53,-138;285,8,25;311,15,35;371,30,77
rua||arlindo ferreira|danilo passos|35500322|10,-2011900,-4487336;11,4,-8;12,4,14;13,6,-5;20,-8,9;21,3,-52;22,2,51;23,-4,-54;30,30,78;40,6,15;50,8,7;51,-2,-24;60,12,29;61,-2,-20;70,5,29;71,3,-18;80,12,27;81,-5,-19;90,7,18;91,3,-14;101,9,6;111,5,6;121,6,6;131,14,8;141,-2,0;151,9,13;161,11,15;171,13,7;181,1,0;191,10,11;201,6,8;211,7,2;221,19,15;231,1,4
rua||armando fajardo|sao geraldo|35500378|150,-2013263,-4485876;151,6,26;160,-4,-9;161,5,11;163,-6,-8;164,0,0;165,6,16;167,0,5;170,-3,-15;171,-7,3;173,19,14;174,-11,-13;175,2,18;177,0,12;180,-7,-34;181,2,33
rua||armando gontijo da fonseca|grajau|35502345|251,-2013714,-4484474;261,1,16;281,-8,8;321,-34,64;430,-77,109;440,-4,8
rua||armando moreira filho|itacolomi|35501393|681,-2018911,-4490714;710,-1,42;714,5,5;720,6,12;721,1,-3;741,10,19;750,-14,5;810,14,92;820,2,7;830,0,13;850,5,24;880,12,33;881,-1,-10;891,2,22
rua||campo florido|sao jose|35501235|331,-2016121,-4490244;340,4,-8;341,-4,-2;342,2,0;360,1,-8;361,7,0;371,-9,-11;380,23,-12;381,-7,-7;385,2,-15;390,3,3;391,0,-19;401,8,-5;411,-2,-6;421,1,-15;440,19,-35;450,7,-9;457,-6,-7;460,0,3;461,7,-8;466,-3,5;470,3,-11;478,1,-5;480,6,-6;500,4,-8;510,15,-51;520,2,-5;540,6,-15;570,5,-27;701,-16,36;711,0,-7;721,3,-11;731,11,-5;741,8,-49;750,7,-5;751,-4,-9;760,7,-1;761,1,-2;770,6,-10;771,-7,-5;781,7,-8;791,0,-11;820,6,-19;821,14,-12;830,-1,-5;831,-2,-4;835,2,-3;840,0,-6;841,2,-15;851,3,-8;860,5,5;861,-5,-8;871,5,-14;875,12,-20;881,6,-27;891,3,0;900,-3,18;901,2,-17;911,-2,-13;912,-4,19;921,9,1;932,2,-10;937,8,-40;942,-8,34;947,6,-40;957,6,-12;962,-4,23;967,4,-24;971,4,-13;976,-2,0;978,0,5;981,5,-10;991,13,-36;998,5,25;1010,-3,-25;1016,5,-14;1020,2,-1;1021,-5,4;1030,28,-26;1031,-23,17;1041,-5,9;1209,-179,520
rua||campo florido|sao judas|35501235|1050,-2015885,-4490950;1060,2,-5;1071,-11,14;1081,7,-2;1231,33,-126;1250,1,-6;1251,3,-6;1260,4,-4;1270,-3,-3
rua||carlos alves de faria|primavera|35500861|630,-2013604,-4486005
rua||carlos alves de faria|sao lucas|35500861|527,-2013610,-4486126;531,-1,3;541,0,0;545,3,5;551,-2,13;555,1,3;561,1,4;564,-8,18;570,-5,-2;571,16,-7;573,-1,3;590,-7,20;600,1,16;631,14,43
rua||carlos gualberto da fonseca|alvorada|35504496|6,-2011632,-4490098;8,-35,-26;10,3,13;12,21,19;14,-2,4;15,2,9;16,-15,0;18,-7,8;20,-5,11;25,14,-4;30,-38,18;40,-1,1;45,23,-5;55,-4,4;105,-42,39;191,4,-5
rua||celio da fonseca|prolongamento bom pastor|35500684|50,-2011147,-4487626;60,11,-21;70,10,-8;71,-39,21;80,47,-23;90,13,-5;101,-10,-5;110,42,-7;120,7,-8;141,-5,3;151,9,-7
rua||cesario dias furtado|fabio notini|35503676|40,-2014619,-4492221;41,5,4;45,-20,-11;51,-1,13;55,-8,-10;61,-4,7;65,-6,-4;70,-4,-5;71,1,4;75,-5,-2;81,0,-9;85,-7,3;91,-9,-3;95,-2,-5;100,-3,0;101,-7,3;105,-3,10;150,-65,-22;160,-11,1;161,-11,2;170,1,-6;176,-10,-1;200,-24,-3;201,-14,4;204,12,-7;210,-10,-2
rua||coleta ana ferreira|conjunto habitacional dom cristiano|35504899|11,-2010542,-4488345;21,-5,-4;30,-7,-12;31,-4,4;40,-1,-2;41,-6,2;50,-2,-11;51,-3,6;60,-4,-5;61,-14,-2;70,5,-7;71,-7,6;80,-7,-18;81,-3,14;91,-10,-4;101,-4,-3
rua||cornelio pinto fonseca|jardim das oliveiras|35504899|91,-2011291,-4487847;105,20,-6;115,5,-1;121,8,-3;160,57,-10;191,40,-26;201,17,-7;211,6,0;221,18,-5;230,-89,37;231,104,-45
rua||cornelio pinto fonseca|prolongamento bom pastor|35502071|90,-2011283,-4487840;100,6,-6;120,22,1;200,92,-39;210,30,-8;220,3,-4;234,7,-1;240,9,-4
rua||das falcatas|belo vale|35502501|10,-2012498,-4493179;11,9,-10;20,3,22;30,12,7;40,3,3;50,17,3;91,24,14;110,32,26;111,-15,-15;121,14,11;130,25,26;131,-18,-19;140,22,25;141,-8,-17;150,19,23;160,9,9;171,-9,-18;173,1,3;175,4,4;190,42,34;200,7,6;221,-3,-10;231,9,7;241,7,7;251,7,6
rua||dico fernandes|rancho alegre|35502410|110,-2013146,-4492083;111,-5,-1;117,4,0;120,0,7;124,5,-1;130,10,0;131,1,4;137,5,8;140,1,-7;141,0,7;161,29,0;201,41,15;211,18,9;300,69,32;301,44,55;311,7,1;320,-39,-51;330,6,3;341,49,75;372,-2,-54;381,15,-5;385,2,4;391,5,4;395,2,0
rua||dilza nery faria|chanadour|35501297|251,-2017619,-4491527
rua||divino nunes de faria|bom pastor|35500157|51,-2012679,-4488348;270,116,37;271,2,-15;280,8,24
rua||do ferro|niteroi|35500229|42,-2013860,-4487538;54,-5,1;55,16,9;64,-26,1;70,-6,-4;73,15,7;80,-22,1;83,2,7;85,2,20;86,-33,-21;96,2,12;113,3,-1;115,-2,3;123,-14,4;151,-20,5;155,-3,9;165,-27,12;172,-43,15;174,51,-18;176,-4,-4;178,4,4;219,-22,0;230,-14,1;231,14,12;232,-20,-9;241,-6,14;248,0,-7;279,-25,11;287,-11,8;289,-8,-2;290,25,-32;299,-19,38;300,-8,0;305,9,-1;314,-23,6;315,10,2;323,-10,3;326,0,-11;333,-15,25;358,-27,3;364,-2,1;376,-12,10;396,-19,-2;404,-5,1;410,3,0;411,5,4;422,-19,-1;438,-5,6;481,-38,26;485,-8,6;492,-1,-4;498,-9,2;507,-11,3;510,-1,-4;518,2,0;522,-8,11;523,3,1;527,-9,2;528,-2,0;538,-12,1;541,43,-11;544,278,-131;555,-331,152
rua||do ferro|sao joao de deus|35500229|581,-2014306,-4487330;590,-33,-3;600,15,4;615,-35,31;625,-3,-6;635,-16,5;655,6,-1
rua||domingos teodoro da fonseca|santa marta|35502093|100,-2011407,-4488563;110,5,3;120,13,16;121,3,-6;130,-1,5;131,14,-6;160,148,131;161,-17,-32;211,75,55;215,7,14;220,2,13;230,8,2;250,14,15;251,14,2;260,-5,7;261,13,-4;271,2,2;280,8,3;281,4,2;300,0,10;341,63,53;351,1,1;359,1,-12;361,11,9;371,2,1;381,3,5;391,8,5;431,33,26;441,0,11;461,14,9;471,23,1;500,-106,-65;510,7,1;520,14,0;530,1,14;550,17,16;560,10,-3;580,16,17;590,11,8;600,3,14;601,-4,-18;610,10,16;620,8,3
rua||dos flamboyants|del rey|35500396|1,-2013566,-4485274;80,206,-294;120,-30,40;140,-23,34;150,-12,14;160,-5,13;240,-73,115;246,-3,-5;256,-7,8;260,-1,1;270,11,-8;280,-24,26;310,-27,42;320,-7,5
rua||dos flamboyants|primavera|35500396|64,-2013335,-4485607;68,-3,-15;81,-9,52;101,-23,38;115,-29,36;117,0,4;119,-9,6;121,-10,18;131,-7,6;141,-13,16;159,-17,29;190,-1,-12;200,-5,12;204,-20,22;210,4,-12;214,12,-9;218,-14,16;261,8,0;301,-47,67;901,-11,19
rua||eder luiz de faria|universitario|35500736|10,-2012966,-4486810;20,6,0;21,5,0;30,7,1;31,7,4;40,5,-2;41,3,5;50,7,2;51,-4,-3;60,10,9;61,-1,-4
rua||eduardo gontijo da fonseca|jardim das oliveiras|35504899|61,-2011300,-4488337;91,-13,10
rua||elzi damazo felipe|santos dumont|35501075|290,-2017116,-4487755;300,2,-13;310,1,-14;320,-1,-5;370,-14,-62;371,-10,-2;380,11,-10;381,-13,-4;390,9,-8;391,-11,-3;400,7,-6;401,-5,1;410,6,-12;411,-11,-2;420,6,-9;421,-9,-2;430,8,-9;431,-8,-5;440,9,-2;441,-12,-4
rua||esmeralda fidelis franco|serra verde|35502134|11,-2010533,-4490226;20,-6,6;21,3,7;30,-3,1;31,7,7;40,-4,6;41,3,6;50,-5,3;51,2,7;60,-3,11;61,4,-7;70,-5,16;71,-1,-2;80,1,6;81,4,8;90,-4,6;91,4,1;100,-7,4;101,7,-1;110,-4,7;111,4,5;120,-5,8;121,3,0
rua||falcao|anchieta|35502812|140,-2011380,-4490581;141,5,-1;150,5,4;151,3,9;160,0,10;170,6,7;171,0,3;180,-3,0;181,7,6;190,-1,16
rua||falcao|serra verde|35502812|200,-2011357,-4490508;201,5,-2;210,-3,10;211,9,1;220,-2,15;221,6,-6;230,6,6;231,-8,5;240,3,-1;241,8,8;250,-8,4;251,11,15;260,-8,-5;270,3,13;271,14,-1;280,-11,12;281,8,1;291,3,12;300,-7,9;301,12,-2;310,-5,6;311,7,1;320,-6,12;321,8,-3;330,-6,7;331,12,3;340,-7,1;341,6,11
rua||faradim|halin souki|35500212|324,-2013984,-4486866;690,131,53;721,-32,-15;731,-14,0;741,-18,-7;751,-6,-1;757,-2,-1;761,-11,-6;771,-4,-3;773,-8,-2;780,-10,-11;781,1,1;785,-1,-2;791,-15,4;800,-8,-16;810,-9,-5;811,-5,5;815,-4,-5;820,-1,-5;821,-16,8;830,-2,-14;831,1,4;832,3,-6;840,-11,-3;841,1,5;850,-18,1;851,9,-8;854,-3,3;890,-7,2;895,-16,-19;900,16,7;905,-19,-6;910,5,1;918,-16,-10;920,-27,-11;925,-14,4;930,20,-2;935,-30,3;937,-6,9;939,-4,4;940,31,-17;945,-18,6;947,2,-9;949,-1,-5;950,7,-5;955,-20,3;960,-8,-2;965,-4,3;966,2,-12;975,-4,1;976,-9,-12;978,-4,4;980,-4,-4;985,8,10;986,6,-4;987,-4,6;988,-15,-17;990,-6,3;991,-4,-10;995,16,17;997,-6,4;1000,-9,-17;1001,-4,5;1002,1,-5;1010,-8,-5;1011,225,114
rua||faradim|sao luiz|35500212|31,-2014566,-4487149;1020,348,167;1022,9,-3;1024,-11,0;1026,-10,-7;1029,19,7;1030,-18,-7;1031,5,6;1032,-33,-23;1040,22,17;1041,4,0;1045,-12,0;1050,1,-4;1060,-11,-8;1061,2,14;1065,-8,-4;1070,-7,-13;1074,4,-13;1075,-2,21;1085,-11,0;1086,1,-25;1087,-8,32;1089,-10,-18;1090,-1,-10;1091,0,25;1100,-4,-27;1101,6,21;1106,-15,-23;1110,-17,-25;1120,-21,-11;1129,14,24;1131,-17,-3;1135,6,6;1138,-24,-14;1140,-1,-1;1141,21,8;1145,-2,6;1146,-25,-17;1150,1,-4;1161,14,11;1162,-20,-13;1170,-18,-10;1171,20,20;1180,-23,-21;1181,28,15;1192,-35,-19;1205,-31,-7;1212,16,-4;1217,-8,10;1221,-16,-8;1222,17,-22;1231,-32,15;1241,-6,-10;1247,5,8;1251,-20,-15;1252,9,4;1255,-7,-7;1261,-13,-9;1262,21,-8;1265,-43,4;1267,-2,1;1271,-14,-4;1280,25,-2;1281,-32,-8;1290,10,6;1291,-13,5;1301,-19,-17;1302,23,5;1305,-5,4;1311,-24,-15;1312,20,5;1318,-11,-3;1322,-2,-3;1331,-16,2
rua||fauna|lopes|35504899|9,-2008154,-4496251;17,-20,51;77,-34,-72
rua||ferminas|bom pastor|35500142|7,-2012090,-4488200;15,1,3;25,4,-23;29,-2,1;30,-5,-3;35,8,-3;60,4,-44;73,1,7;75,11,-12;90,3,0
rua||figueira|jardinopolis|35501190|330,-2019182,-4493709;331,-2,19;340,-10,-20;341,6,18;351,-4,-14;361,-15,-5;371,-4,-6;380,-27,-31;384,-11,-7;411,7,18;415,-3,-4;421,-10,-5;430,-96,-104;431,89,95;435,1,-2;445,-7,-3;451,-3,-4;511,-71,-64;521,-8,-10;551,-7,-10
rua||figueira|jardinopolis|35501572|1041,-2020037,-4494430;1045,-5,-8;1049,-3,-7;1051,12,5;1055,-21,-2
rua||figueira|jardinopolis|35501574|951,-2019942,-4494356;961,-4,-4;971,-4,-2
rua||figueira|jardinopolis|35501577|908,-2020015,-4494437;910,-2,0;912,-5,-2;914,-5,-4;1050,-14,-15;1052,-4,-4;1054,-2,-4
rua||figueira|jardinopolis|35501582|936,-2019918,-4494344;940,-8,-11;950,-2,3
rua||figueira|jardinopolis|35501590|51,-2018892,-4493438;291,-256,-221;571,-258,-220;601,-58,-61;630,-186,-171;661,14,17;691,-26,-8;751,-180,-160;755,22,21
rua||figueira|jardinopolis|35501592|1031,-2019991,-4494389;1033,1,0;1035,-12,4;1037,0,-12;1039,1,-9;1041,-11,7
rua||figueira|sao cristovao|35501590|790,-2019879,-4494326;801,116,134;811,-5,-4;821,-7,-10;831,-10,-8;841,-6,-12;851,-5,5;907,-75,-61;911,-5,-10;915,-12,-1;1020,-94,-121;1022,-6,8;1024,-1,-3;1026,-2,-5;1028,-3,-3;1030,0,-4;1100,-78,-60;1110,-4,-2
rua||finico|santo antonio dos campos|35502508|131,-2011314,-4497711;151,7,-6;170,42,-42;190,4,-12;200,12,-16;211,6,-22;220,15,-3;221,-10,-12;231,11,-2;240,8,-2;241,-3,-17;250,18,3;251,-8,-10;270,28,-19;280,4,-5;290,6,-8;330,35,-48;340,7,-10;350,7,-15
rua||finico|santo antonio dos campos|35505000|140,-2011304,-4497710;146,5,-7;150,7,-14;161,5,-20;171,9,-7;175,2,-8;181,6,-9;191,9,-2;321,111,-160;331,5,-7;341,7,-6;351,9,-12;360,16,-2;370,16,-24;381,-1,-14;390,44,20;391,-40,-30;421,26,-30;430,12,-9;440,12,-9;441,-6,-8;444,8,3;470,26,-36;471,-4,-9;480,14,4;481,-75,93;490,75,-100;500,6,-8;521,20,-40;530,7,3;531,-7,-13;540,10,6;541,6,-21;542,-5,24;551,6,-30;571,21,-26;651,64,-46
rua||flamingo|serra verde|35502826|21,-2011389,-4490257;31,13,-8;41,5,-1;50,9,-5;51,5,1;60,2,-4;61,6,2;70,0,-6;71,3,-3;80,10,3;81,3,-5;90,16,0;91,-7,-4;100,5,5;110,7,2;120,6,-2;121,3,-18;130,15,10;131,-2,-7;140,12,3;141,-2,-7;150,16,7;151,0,-5;160,8,1;161,-4,-14;170,7,6;171,7,3;180,5,-11;181,4,3;190,3,-6;191,3,2;200,11,-1;201,-4,-4;210,5,-1;211,3,-1;220,9,2;221,1,-6;230,10,0;231,-3,-4;240,8,6;241,1,-13;250,2,7;251,6,-4;260,3,4;261,6,-10
rua||flora|lopes|35504899|61,-2008107,-4496315;151,-33,-29;171,10,11
rua||florida|bom pastor|35500143|12,-2012166,-4488235;22,4,-9;23,-9,0;26,14,-14;30,0,0;71,13,-45;72,0,-1;80,2,1;81,5,-21;82,5,19;84,-6,-2;92,-1,-10;102,8,-5;113,1,-18;117,2,-7;123,5,-4
rua||formiga|porto velho|35500436|89,-2014735,-4487953;519,-337,-129;520,-7,9;523,-7,-17;529,15,11;539,-11,1;542,39,13;560,-29,-2;579,46,-1;581,5,8;589,4,4;590,-9,-14;600,20,17;602,-2,0;608,4,10;609,8,-11;621,4,2;635,10,3;695,79,41;700,7,7;705,-7,0;710,13,-1;713,2,1;723,35,11;736,-47,-12;754,0,2;760,0,-1;767,52,13;770,-51,-12;773,52,13;783,26,19;793,0,-9;803,10,-7;811,4,1;831,15,15;837,6,10;841,7,-11;847,10,-1;851,10,4;853,3,1;855,-4,3;865,6,2;869,3,10;875,9,-7;939,36,16;949,3,-3;959,16,4;969,2,2;979,14,4;989,6,3;990,3,0;999,6,5;1000,-3,10;1001,13,-3;1009,12,0;1010,-10,6;1039,33,-3;1079,30,16;1083,9,3;1089,2,1;1105,14,6;1114,-69,-16;1115,75,19;1125,-72,-29;1126,-12,10;1127,93,20;1133,0,2;1137,12,-1;1138,-88,-17;1147,103,20;1155,0,0;1165,0,0;1167,0,0
rua||formosa|jusa fonseca|35500508|14,-2017061,-4487318;20,3,3;24,-2,-2;34,0,26;36,0,22;40,3,13;44,1,0;46,-1,14;48,-16,10;50,19,-7;51,0,-16;53,3,5;55,3,3;57,3,9;60,-2,46;64,0,19;68,4,9;71,1,-15;72,1,28;76,0,14;79,5,-14;80,-1,25;83,-2,-13;84,-1,22;87,4,-12;88,0,21;91,1,-9;93,-3,10;94,20,17;95,-25,-79;97,13,80;101,21,8;124,-19,29;128,0,3;134,2,12;136,0,6;138,-2,-1;140,1,6;142,4,8;144,-4,5;146,5,0;148,-1,-1;150,2,4;160,-4,4;176,5,13;180,2,3;186,1,7;188,-7,-22;190,11,34
rua||formosa|niteroi|35500508|410,-2014201,-4487315;415,-4,13;422,-3,-10;423,-7,10;424,0,-7;433,-12,9;440,3,-2;442,-7,3;445,3,-5;450,-7,8;451,-2,-3;461,-12,7;462,-3,3;471,1,3;474,-12,-4;481,-2,7;622,63,-39
rua||fortaleza|bom pastor|35500198|3,-2012767,-4488533;7,16,-28;10,-2,21;12,-8,-9;16,12,-1;20,5,-12;27,23,-74;33,1,-14;34,-3,8;40,4,-12;44,-2,-8;45,6,6;47,-2,-9;48,4,-3;49,-3,2;52,7,-6;55,0,-3;56,-1,-4;57,-6,5;58,10,-6;59,-10,11;63,7,-7;69,10,-13;71,-8,-1;77,-5,0;81,3,-6;82,0,3;91,4,-16
rua||fortaleza|industrial|35500198|121,-2012689,-4488758;130,-11,16;131,13,-16;140,5,5;141,-2,-5;142,2,5;147,-7,1;150,10,-12;155,-14,13;165,13,-32;170,2,2;221,4,-44;226,8,1;230,13,-17;231,-16,7;237,3,-2;240,18,-13;243,-16,3;250,18,-15;253,-11,9;260,13,-10;271,-11,2;281,3,-8;285,0,-4;289,5,-6;290,21,-54;310,6,-6;311,-28,57;319,22,-48;330,11,-28;331,-12,29;340,10,-38;341,-27,38;343,27,5;351,2,-25;360,72,-76;361,-79,68;370,26,-64;371,-15,59
rua||fortuna|bom pastor|35500199|12,-2012790,-4488652;22,1,-14;32,9,-11;38,-3,-1;40,13,-17;41,-44,113;50,40,-120;51,-28,69;52,28,-69;62,5,-16;110,-53,115;121,17,12;170,10,-63
rua||fortuna|industrial|35500199|13,-2012791,-4488662;35,8,-21;45,2,-24;49,7,-4;59,0,0;65,4,-14;69,1,-6;148,-3,-24;186,17,-24;195,5,-8;196,4,-6;205,-4,-14;206,15,-7;209,-15,12;211,5,-14;216,17,-5;236,23,-96;241,-23,55;246,15,-39;256,-14,38;266,-5,18;289,13,-22;296,29,-81;299,-40,103;301,20,-51;306,23,-57;316,-5,-9
rua||fosforo|sao joao de deus|35500239|73,-2014671,-4487572;141,-56,-125;150,-6,15;151,10,-6;156,-6,9;157,-1,2;160,8,3;165,14,19;170,-7,9;175,13,8;176,-3,5;180,2,0;185,7,1;186,-9,1;192,10,6;196,-11,5;215,20,31;236,6,9;240,-2,10;250,2,11;251,-56,-129;255,72,136;259,4,9;260,-17,-8;261,11,18;266,-6,0;270,2,6;273,18,-5;275,0,7;276,-7,11;277,8,-8;300,2,39;305,15,9;310,1,2;320,-1,10;330,0,15;850,-55,-167
rua||francino faria fagundes|centro|35505000|11,-2010288,-4497087;30,-26,43;41,14,-21;43,-2,2;51,-4,8;81,-16,23;101,-21,27;109,-5,8;119,-9,15
rua||francino faria fagundes|santo antonio dos campos|35505000|20,-2010293,-4497093;30,-5,7;40,-7,13;50,-6,6;90,-42,52;100,0,7;110,-7,9;120,-50,82;141,23,-40;150,-6,7;160,-8,11;171,-59,101;200,36,-53;205,-4,7;210,-9,2;215,3,13;220,-10,-6;241,-22,49;250,-4,-15;251,-15,48
rua||francisca pereira filho|nova holanda|35501081|31,-2017242,-4487977;51,2,-30;71,2,-9;81,9,-23;85,0,-5;101,-4,-10;111,-1,-13;150,8,-59;160,1,-13;161,-8,-19;164,7,-124;165,-7,147;167,-1,-3;169,1,3;196,13,-48;200,1,-3;205,-16,-5;210,13,-6;211,-10,3;220,15,-16;230,-5,-11;231,-8,-2;260,6,-49;264,5,-12;270,0,-5;271,-5,7;280,5,-18;290,0,-10;296,0,-22;301,-9,-1;311,1,-3;320,7,-6;330,-5,-19;331,1,9;340,0,-16;341,8,6;345,-8,-2;740,1,244
rua||francisca virgiliana floripes|chacaras belo horizonte|35503735|21,-2018437,-4480500;40,80,-8;45,-56,-16;71,236,19
rua||francisco borges de faria|dona rosa|35500520|130,-2016604,-4485991;141,4,19;151,-6,19;160,-12,6;171,3,19;180,-8,2;190,-7,26;191,-2,-3;200,-3,10;210,-5,6;211,7,1;220,-15,20;221,3,-9;230,6,-1;231,-4,12;240,-11,2;250,-11,33;260,0,9;261,-4,11;270,-1,7;271,11,-4;273,0,1;275,-3,5;277,0,-2;280,-12,10;281,1,2;290,-7,8;291,12,5;300,-7,-1;320,-19,38;321,9,0;330,-15,14;331,1,7;341,2,9;350,-6,-3;351,3,15;361,-3,8;370,-19,14;371,9,8;380,-11,4;381,5,4;390,-8,8;391,3,10;400,-7,-2;401,5,11;410,-12,18;411,14,1;420,-8,9;421,0,0;430,-16,12;431,11,0;441,-8,6;461,-8,35;470,-16,11;480,-9,5;481,15,4;490,-10,3;491,10,9;500,-15,7;501,5,7
rua||francisco borges de faria|santa rosa|35500520|20,-2016557,-4486130;40,-9,28;41,19,-14;50,-13,7;51,3,28;52,3,-23;54,1,0;80,-27,58;81,6,2;84,-8,1;85,5,2;90,1,3;91,-4,0;100,-9,16;101,6,-8;105,-9,2;110,1,9;111,6,6;113,-11,1;117,9,1;121,-2,2;300,-25,1
rua||francisco de freitas|sao jose|35501005|51,-2015767,-4489716;61,4,-15;71,0,8;81,-2,1;91,8,-40;101,-1,-1
rua||francisco fernando fernandes|chanadour|35501301|10,-2017742,-4491134;20,-7,-9;30,-8,-3;50,-5,-28;60,-8,-9;70,-7,-13;80,-4,-6;89,14,58;91,2,-16;101,0,0;111,-4,-12;115,-4,-9;121,2,-4;122,-35,-81;130,-1,-4;131,34,72;132,-32,-71;135,33,68;140,-41,-78;142,3,0;150,-3,-3;152,-4,-6;160,1,-1;161,11,46;162,-11,-46;170,-5,-12;171,13,56;172,-15,-62;180,-2,-3;182,-3,-5;190,-6,-11;192,-1,2;194,-4,-3;211,12,36;218,-7,-49;220,-11,-7;221,12,40;230,-7,-48;231,7,38;234,-14,-39;237,8,29;241,-3,2;249,1,-7;251,2,-1;255,0,-19;261,-19,-4;266,-22,-57;270,-5,-7;286,-2,-20;290,5,-7;292,-10,0;294,0,-1;296,-5,-6;305,20,58;311,-3,-9;331,0,-17;335,2,-11;341,-4,-6;351,-12,-7;421,-53,-107;521,96,187
rua||francisco gontijo fonseca|bom pastor|35500164|10,-2012449,-4489015;20,2,24;21,5,-8;30,-7,16;35,7,-10;40,11,11;45,5,0;51,6,5;52,-15,-4;62,0,4;65,14,1;70,-1,2;71,6,8;72,-12,-4;80,6,13;83,18,-2;85,-2,-1;86,-12,8;90,3,-1;91,13,3;96,2,11;101,10,-1;105,2,7;106,-10,-1;108,18,24;110,-5,-14;125,4,2;181,36,36;190,-13,-1;191,8,2;192,2,6;194,-4,-1;196,2,11;200,9,10;201,6,-12;206,-1,12;211,10,2;216,-2,1;221,2,7;226,10,11;241,14,6;246,-6,3;251,26,5;256,-18,6;300,37,47;310,8,5;320,1,10;321,6,-5;325,8,7;330,-6,8;341,18,-4;348,-10,7;469,35,45;470,7,5;479,1,-2;480,5,11;483,2,5;484,11,5;485,-6,-6;486,-1,2;489,4,3;490,4,5;499,5,-2;519,10,13;520,-17,-4;530,10,17;540,4,-4;541,40,39;550,5,11;551,3,-9;556,8,15;562,1,-1;571,-2,-6;572,2,24;581,-7,-15;590,22,21;595,-1,0;600,7,17;601,-5,-17;602,6,12;610,-4,10;611,5,-17;621,6,10;625,3,2;649,20,31;655,2,4;658,2,10;659,5,-6;668,-3,5;669,4,0;677,8,14;678,-4,3;679,1,-5;685,10,2;688,-4,10;693,4,3;698,9,4;701,7,3;709,5,14;760,26,35;769,11,-2;770,-6,7;779,10,-5;780,-6,14;789,4,3;799,16,1;800,-13,-4;815,15,20;818,-2,-3;829,10,13;839,17,7;3181,-569,-686;3191,27,20;3201,-11,-8
rua||francisco gontijo fonseca|sao sebastiao|35500164|3190,-2012484,-4489039
rua||francisco machado filho|antonio fonseca|35501047|350,-2016162,-4488472;471,51,260;481,-9,-20;493,7,1;495,5,-19;505,-21,-6;531,-3,-43;541,-4,-12;551,-1,-5;561,-1,-37;571,-2,-10;581,-2,-11;601,-8,-45;603,-3,-8;641,1,-64;651,-6,-17;671,-10,-49;679,4,-11;681,-10,-3;691,5,-13;701,15,37
rua||francisco machado filho|nossa senhora das gracas|35501047|19,-2016070,-4487870;23,1,-16;25,-4,-1;33,-3,-12;81,-6,-29;101,7,-30;111,-1,-9;113,0,-7;115,-13,2;125,3,-5;127,9,3;137,-15,-33;141,-1,3;220,23,71;230,-2,-6;240,-3,-16;250,1,-7;260,-48,79;270,36,-101;280,8,-18;290,-11,-10;297,-13,-9;300,17,1;309,-11,-24;310,17,19;313,-29,-70;315,4,21;320,17,34;330,2,-13;340,-3,-24;350,0,-4;360,-4,-6;370,-4,-42;371,-16,44;373,7,-19;375,10,-10;380,1,9;381,-11,-7;390,6,-9;401,-13,-20;411,-4,-13;421,-1,-5;431,-4,-17;441,0,-2;490,11,-60;500,-4,-10;510,-3,-16;520,2,-23;530,-6,-9;540,-1,-12;550,10,-4;560,-7,-16;570,-7,-12;590,-7,-25;610,2,-47;614,-3,-14;620,5,-8;630,-22,-22;640,7,-36;650,-6,-14;680,-10,-54;690,-3,-20;700,3,-20
rua||frutal|belvedere|35501252|10,-2017504,-4490490;20,-8,-19;30,1,-10;52,-12,-26;54,-21,-19;63,3,18
rua||furnas|ponte funda|35500725|50,-2015725,-4486643;61,5,3;100,-3,25;110,1,-23
rua||f|jardim candides|35502315|385,-2013536,-4483547;400,-35,-48;401,9,-4;431,9,22
rua||gentil silva filho|grajau|35500842|11,-2013441,-4484659
rua||gentil silva filho|grajau|35502343|260,-2013614,-4484433;340,-16,106;350,-9,1
rua||geralda silva freitas|marajo|35500001|110,-2017152,-4492373;130,-7,-13
rua||geralda silva freitas|marajo|35501534|11,-2017144,-4492236;20,82,-39;141,-109,-148;180,3,-43;190,-3,-9
rua||geraldo faria|lago das roseiras|35504678|10,-2025040,-4476893;23,-131,216;40,95,-164;50,-4,5;80,-34,55;90,0,0;260,-41,55
rua||gesse silva ferreira|planalto|35501811|31,-2014772,-4491046;40,5,-1;41,6,-10;51,1,-13;59,-16,-14;60,16,17;70,5,-10
rua||guaraci carlos de freitas|afonso pena|35500074|710,-2013247,-4488659;720,12,-36;726,0,-8;730,7,-5;740,0,-12;750,-4,-3;754,11,-18;764,-4,-7;768,1,3
rua||guaraci carlos de freitas|santa clara|35500074|483,-2013332,-4488417;490,15,-28;491,-17,20;501,-1,-3;503,10,-22;513,9,-22;520,9,-5;522,-1,0;523,-10,3;524,9,-2;530,6,-12;553,4,-40;575,6,-2;583,3,-27;593,3,-13;603,1,-3;613,9,-15;633,-3,-3;635,2,5;663,28,-68;683,-7,-1;687,4,9;693,6,-19;703,-6,-5;705,14,-34;709,-9,22;719,-1,-13;729,10,-8;731,6,-13;735,-2,-3;739,5,-8;749,-4,-2;753,13,-31;763,3,-1;773,8,-12
rua||gustavo fernandes|nossa senhora de lourdes|35501095|370,-2017058,-4487863;371,-12,3;380,2,-5;381,-1,-10;390,4,-3;391,-10,0;400,9,-10;401,-7,-8;410,5,-5;411,-5,-3;420,0,-6;421,-5,-6;430,-2,-4;431,4,0;440,4,-14;441,-5,2;450,3,-10;454,0,-1;456,0,-8;460,-1,0
rua||gustavo fernandes|santos dumont|35501000|250,-2017049,-4487729;260,-1,-13;270,-5,-12;280,-2,-2;290,8,-24;300,-7,0;310,1,-5;320,-1,-9
rua||gustavo fernandes|santos dumont|35501095|261,-2017053,-4487736;271,-6,-17;281,-1,-9;291,1,-12;301,-1,-3;311,-4,-13;321,-1,0
rua||hamilton pereira franco|vale do sol|35500891|31,-2016384,-4484737;40,-14,13;41,5,6;50,-8,7;60,-1,13;61,2,-3;71,-14,21;75,4,-3;80,-2,12;81,1,-3;83,4,-3;85,1,5;87,-5,4;90,0,6;100,-9,10;104,1,1;106,-5,8
rua||ilidio jose da fonseca|morro das antenas|35500377|530,-2014009,-4486089
rua||ilidio jose da fonseca|primavera|35500377|620,-2013548,-4486028;630,2,18;640,5,9
rua||ilidio jose da fonseca|sao lucas|35500377|510,-2013566,-4486157;511,7,-15;520,-8,22;521,8,-12;530,-3,24;531,9,-13;541,0,8;551,5,23;560,-10,8;561,10,-8;570,-9,24;580,4,10;584,1,5;590,5,6;594,0,0;631,7,50;635,0,4;661,7,27
rua||inacio coelho ferreira|boa vista|35500001|51,-2009316,-4488133
rua||iracy almeida de faria|dona rosa|35500544|131,-2016778,-4485476;141,2,13;151,6,19;159,5,8;161,-2,7;171,1,13;181,4,9
rua||isauro ferreira|porto velho|35500429|13,-2015319,-4488608;17,-13,-7;18,-4,8;21,27,9;22,-16,17;24,82,10;26,-63,-26;28,-9,-1;30,3,-2;34,13,11;38,2,-2;41,0,5;48,16,1;53,0,7;56,5,-2;63,-8,-13;72,23,17;73,-8,-14;89,14,11;90,9,-9;99,-6,10;106,23,14;116,13,-2;126,10,-2;129,-11,0;135,17,1;138,2,18;145,0,-11;148,0,3;154,9,6;155,26,7;160,-11,9;162,6,-5;169,-3,-5;172,18,15;181,-7,-23;190,4,8;191,5,-3;192,9,7;230,21,-12;236,11,-6;240,-1,32;243,-1,-4;247,-5,-2;257,20,3;258,8,-8;262,0,15;269,6,1;279,6,-5;280,-5,9;282,8,5;290,-2,3;292,10,10;293,-3,-19;302,7,7;303,2,21;308,13,-10;312,5,-4;313,-14,-3;340,10,-8;366,29,26;370,3,1;371,1,-9;382,6,9;385,19,1;391,7,-3;395,5,7;396,-13,-6;398,7,-2;400,4,0;402,14,16;405,2,0;416,8,7;428,21,0;435,-6,14;498,38,8;500,25,-7;504,-48,-6;514,47,27;528,2,-9;536,-2,-1;538,7,-6;540,13,16;544,14,5;546,2,1;553,7,1;554,-3,6;617,46,28;621,-3,16;623,-3,-36;624,0,-2;629,11,6;630,0,-8;632,4,4;634,6,-6;640,-2,11;649,5,3;650,-4,-1;661,16,1;666,1,7;670,7,3;671,4,-5;679,0,1;682,9,11;683,2,-7;692,7,27;693,-2,-20;751,39,13;760,13,7;761,-6,-10;767,6,3;770,8,10;771,6,0;777,4,-4;780,0,6;783,16,6;790,-10,-2;810,14,5;820,13,15;830,9,-5;836,9,-2
rua||izauro belarmino filho|santa cruz|35500001|290,-2010828,-4497911;430,1,-3
rua||izauro belarmino filho|santo antonio dos campos|35505000|311,-2010855,-4497938;321,-11,2;326,2,-11;330,-2,-8;350,-34,-17;351,8,21;352,5,-12;360,-11,-13;361,-5,9;370,-1,-11;371,-7,9;380,0,-16;381,-9,6;391,-6,-7;400,2,-9;430,-39,-30;431,-3,11;441,-12,-9;442,-50,-47;450,53,32;451,-13,-3;457,-7,2;459,0,0;460,-118,-119;461,116,113;470,9,-11;471,-16,6;481,-14,-1;485,1,1;491,-6,-16;510,-18,-32;520,-6,-1;530,-16,-18;541,6,21;551,-17,-16;567,-27,-19;571,7,2;580,-7,-11;581,-14,19
rua||joao correia filho|jardim primavera|35500001|156,-2011569,-4497099;851,-59,97;951,55,-83
rua||joao correia filho|primavera|35505000|11,-2012000,-4496344;15,20,-36;20,-13,36;60,15,-28;61,18,-28;71,7,-32;90,-12,36;140,84,-144;179,-10,6;180,25,-33;181,-43,57;190,58,-75;191,-38,39;200,60,-75;201,-49,62;210,63,-73;411,20,-71;431,-45,53;501,122,-184;508,72,-116;611,-118,179;620,25,-25;621,19,40;650,-3,-67;750,55,-90;820,108,-190
rua||joao dias filho|santa clara|35500078|87,-2013569,-4488455;90,-3,9;94,1,4;97,8,-26;98,-5,8;104,-2,-10;108,1,-9;116,7,-10;130,-19,82;147,30,-112;160,5,-16;166,8,-15;167,-6,18;170,9,-25;177,-13,14;180,15,-21;181,-10,4;1640,5,-5
rua||joao gontijo da fonseca|jardim das oliveiras|35502088|81,-2011172,-4488414
rua||joao gontijo da fonseca|santa marta|35502088|9,-2010825,-4488785;13,-37,-83;29,-215,113;33,58,-89;37,14,124;60,-177,318;70,12,-6;80,8,-18;130,31,-42;140,10,-10;150,-12,-6;180,48,-49;181,-11,1;191,12,-17;200,12,5;201,-9,-5;211,4,-14;1001,256,-54;1002,-96,-178
rua||joao vilela da fonseca|bom pastor|35500883|101,-2012765,-4488252
rua||joaquim jose ferreira|danilo passos|35500320|20,-2011918,-4487182;30,10,2;40,6,8;50,6,3;60,15,6;70,7,-1;80,14,8;90,9,6;100,1,2;110,13,6;120,12,-1;130,18,9;140,11,10;150,7,11;160,12,3;170,0,-3;180,20,-4;190,7,7;200,12,10
rua||joaquim leandro filho|primavera|35505000|20,-2011457,-4496725;30,1,-1;50,12,-29;51,-77,103;52,77,-104;60,23,-73;70,-16,61;71,-74,102;90,90,-164;131,-52,104;140,94,-125;141,-83,108;151,11,-24;170,76,-99;180,12,-24;184,0,-5;200,13,-22;201,-80,116;210,88,-127;222,6,-15;226,-3,-4;230,6,-6;240,4,-8;241,-68,111;251,0,-8;261,3,-16;271,8,-2;281,6,-11;285,-1,0;301,15,-26;311,70,-135;320,14,2;326,12,-12;330,5,-12;331,-73,113;340,80,-121;350,-6,-9;360,11,-9;361,-79,115;381,16,-25;390,80,-118;391,-73,106;400,81,-120;401,-15,7;410,26,-26;420,4,-2;424,9,-10;451,-62,85;461,1,-7;471,11,-14;475,-1,-3;491,3,-7
rua||jonathan robert fernandes|vila das roseiras|35504624|10,-2017443,-4484614;11,-2,6;20,-7,-8;21,2,1;30,-8,-1;31,-3,5;40,0,-5;41,-7,0;50,3,-10;51,-11,4;60,1,-5;61,-13,1;70,2,-7;71,-2,7;80,-7,-10;81,-3,9;90,-11,-14;91,4,3;100,-5,-1;101,-8,1;110,8,-1;111,-15,-2;120,2,-9;121,-11,6;130,-3,-13;131,0,11;140,-5,-6;141,-4,1;150,-8,-9;151,5,3;160,-25,-13;161,-3,8;170,-1,-5;171,-8,3;180,-4,-8;181,9,-5;190,-10,3;191,-10,4;200,-2,-12;201,-2,7;210,-10,-10;211,1,7;220,-7,-9;221,-1,3;230,-6,-7;231,-5,5;240,-4,-10;241,4,4;250,-13,-8;251,-1,10;260,-13,-14;261,6,9;270,-8,-11;271,-5,12;280,-6,-12;290,-9,-7
rua||jose antonio fernandes|interlagos|35500494|100,-2015775,-4487989;105,29,0;110,-30,-2;114,-10,1;120,-5,-3;131,-7,-9;140,-4,14;141,0,3;150,-16,-1;151,12,-7;160,-17,9;161,1,11;180,-15,-15;184,-9,-14
rua||jose balbino filho|vila romana|35500625|30,-2011508,-4486559;34,7,23;60,-34,16;70,0,10;80,-11,-14;84,6,3;88,-5,10
rua||jose balbino filho|vila romana|35503300|41,-2011508,-4486518;51,-8,5;71,-15,3
rua||jose basilio filho|danilo passos|35500327|11,-2011706,-4487417;21,-1,-1;41,-17,-17;51,-3,-4;61,-10,-20;63,15,15;68,12,6;70,1,-2;71,-17,-16;74,8,1;80,1,3;81,0,-22;90,6,11;91,1,-11;100,16,-4;110,-2,-6
rua||jose cabral filho|santa lucia|35504686|40,-2016327,-4483615;180,-135,-29
rua||jose duarte filho|sao caetano|35502246|110,-2010985,-4485015;130,2,-11;151,18,-40;160,6,3;221,61,-85;231,13,-22;250,15,-4;251,3,-16;260,0,14;270,10,-19;274,-2,1;300,34,-40;301,-2,-10;330,24,-26;341,16,-27;350,3,6;360,5,-7;380,31,-32;390,-2,-2
rua||jose ferreira lopes filho|itacolomi|35501394|791,-2018951,-4490563;821,7,40;825,3,5;826,-13,6;830,3,7;840,1,18;850,1,5;854,2,5;860,1,0;941,30,111
rua||jose fonseca|dona quita|35503502|131,-2016863,-4486893;151,-1,10;171,-12,-88;197,3,35;201,3,4;261,6,65;271,4,3;279,3,13;281,-4,6
rua||jose fonseca|interlagos|35503502|200,-2016876,-4486934;230,1,15
rua||jose gontijo da fonseca|jardim das oliveiras|35502078|310,-2011191,-4488570;350,55,33
rua||jose gontijo da fonseca|santa marta|35502078|140,-2011323,-4488674;150,5,7;301,177,114;341,1,1;361,76,65;371,10,-1;411,55,53;450,-52,-30;460,8,2;464,2,4;468,4,4
rua||jose millarde filho|santa tereza|35501881|10,-2016484,-4487481;11,-10,1;20,8,-8;21,-15,4;30,14,-16;31,-12,2;40,4,-8;41,-1,1;50,4,-12;51,-6,8;60,6,-14;61,-8,3;70,6,-12;71,-8,-1;80,7,-6;81,-7,0;90,6,-8;91,-6,2;100,8,-9;101,-11,-1;110,6,-12;111,-5,-1;120,7,-11;121,-8,7;130,6,-12;131,-11,2;140,5,-19;141,-4,2;150,2,-27;151,-9,8;160,6,-15;161,-2,3;170,0,-10;171,-2,1;180,2,-10;181,-8,0;190,9,-13;191,-4,5;200,-1,-16;201,-2,8;210,3,-16;211,-5,2;220,4,-7;221,-5,-8;230,4,-3;231,-8,2;240,3,-18;241,0,6;250,1,-15;251,-5,8;260,3,-12;261,-1,3;270,2,-14;271,-6,0;280,3,-5;281,-5,-7;290,2,-4;291,0,0;300,2,-6;301,-5,-9;310,7,4;311,-7,-8
rua||jose olimpio filho|jardim primavera|35500001|199,-2011394,-4497130;241,17,-8;242,-7,-4
rua||jose olimpio filho|primavera|35505000|31,-2011914,-4496230;51,16,-28;60,18,0;90,-2,-6;140,41,-69;141,155,-280;150,-141,261;180,19,-31;215,-72,95;244,371,-638;258,11,-27;261,-249,437;270,-12,41;282,35,-78;310,188,-315;331,-258,434;360,95,-148;361,-73,106;411,165,-262;423,-175,296;435,82,-157;460,20,-6;508,-218,384;531,254,-474;564,-22,57;565,202,-383;580,-137,267;581,-19,15;630,-24,58;701,46,-110;721,36,-43;741,7,-20;751,8,-17;761,4,-6;771,3,-5;781,16,-26;830,50,-73;831,-8,-7;880,30,-30;964,34,-55;971,-26,32;980,28,-45;981,-9,1;990,14,-6
rua||jose orozimbo de faria|nossa senhora da conceicao|35502132|10,-2011427,-4490038;21,29,-4;22,-18,16;31,16,0;32,-14,6;41,25,2;50,18,44;71,11,-12;80,-3,21;81,11,-14;82,-11,13;120,27,35
rua||jose pio da fonseca|jardim betania|35502417|20,-2013254,-4492509;30,-10,1;48,-8,-3;50,5,-1;60,-14,-4;70,-8,-4
rua||jose pio da fonseca|jardim betania|35502418|21,-2013252,-4492493;31,-16,-5;41,-5,-2;51,-10,-5;61,-9,-3;71,-4,-3
rua||jose pio da fonseca|jardim betania|35502451|111,-2013340,-4492528;121,-24,-6;131,-5,5;151,-11,-9;161,-17,-8;181,-17,-8;220,-49,-30;240,-20,-2;250,-2,-4;254,-3,3;280,-27,-15
rua||jose pio da fonseca|orion|35502417|521,-2013778,-4492696;531,0,1
rua||jose pio da fonseca|sion|35502417|231,-2013480,-4492577;251,-11,-8;261,-11,1;420,-177,-79;421,-4,7;431,-6,0;440,-11,-20;450,-3,2;460,-5,-5;461,-14,5;520,-60,-31;526,-7,-12;530,2,9;540,0,-5;544,6,7
rua||jose sanchez ferreira|prolongamento bom pastor|35502069|90,-2011224,-4487691;91,2,-20;100,14,28;101,-7,-20;110,12,2;111,-10,-5;121,19,-10;231,182,-59;240,-32,17;241,34,-18;251,31,-20;260,-48,28;270,14,-7;280,10,-3;281,53,-27;290,-22,11;291,-37,19
rua||jose teixeira filho|sao caetano|35502244|61,-2010836,-4484842;91,19,-25;100,7,14;101,-1,-15;161,71,-102;220,36,-50;221,14,-29;225,1,-4;240,-10,25;251,-96,146;330,182,-317;341,3,-34;343,2,1;361,9,-17;363,2,-1;371,1,-7;375,4,-6;381,5,-10;383,4,-11;385,-5,3
rua||jose teodoro ferreira|dona rosa|35500496|750,-2017036,-4485679;780,-3,16;790,-5,7;801,13,10;811,5,12;821,-22,-6;840,-11,63;844,-14,-5;851,16,-5;852,-14,11;854,-6,2;858,-2,1;860,0,5;861,16,-10;871,0,13;880,-24,16;890,-4,9;905,15,8;907,-6,-1;909,5,5;911,-19,0;931,-3,30;935,8,31;941,-18,-5;945,5,1;971,-19,45;975,0,1;991,-6,16;995,-1,8;1021,-16,39;1025,1,5;1031,-2,8;1037,1,5;1041,-2,6;1051,-11,13;1071,-17,33;1081,3,16;1091,-14,19;1121,-12,47;1131,-2,9;1151,-14,31;1155,-11,2;1161,10,5;1177,-7,27;1181,-3,1
rua||jose teodoro ferreira|padre eustaquio|35500496|920,-2017111,-4485495;930,-2,11;936,0,6;938,-2,1;940,0,2;942,-6,9;944,-1,-5;946,-5,11;948,2,-6;950,6,9;970,-10,26;972,-1,2;974,-4,3;976,1,-2;980,-2,8;984,0,8;990,-4,4;1010,-16,40;1020,-2,-1;1060,-23,60;1070,-5,12;1074,3,3;1080,-4,18;1090,-4,2;1094,-3,8;1100,-4,4;1114,1,4;1120,-12,26;1124,1,10;1221,-37,143;1231,-5,7;1271,-17,60;1280,-18,9;1284,-9,14;1300,-6,8;1304,-3,11;1310,-3,-9;1316,1,13;1320,-5,31;1330,-1,0;1331,14,16;1336,-15,-7;1337,-1,6;1340,5,7;1341,-8,-1;1351,6,22;1371,-23,33;1381,2,3;1385,-6,-3;1391,2,8;1441,-27,90;1451,-2,8;1461,-9,6;1471,-2,10;1481,4,1
rua||jose teodoro ferreira|padre eustaquio|35504235|1160,-2017223,-4485171;1164,-3,11;1170,-5,6;1174,-6,5;1190,-5,34;1194,2,5;1200,-10,2;1204,-1,-1;1210,0,12;1214,-5,-3;1230,-10,38;1240,-1,7;1250,-2,8;1291,19,114;1295,-38,-45;1301,31,42;1311,-41,-21;1360,-31,91;1390,-10,6;1394,3,8;1398,0,5;1411,2,33;1415,-8,10;1421,-12,11;1425,-3,-5
rua||jose teodoro ferreira|santa rosa|35500496|11,-2016701,-4486562;30,-39,72;40,-8,28;41,29,-74;45,-15,10;50,-11,61;51,10,-49;53,10,-2;55,-9,8;60,-16,53;61,25,-46;81,-15,33;91,3,9;100,-38,66;101,30,-56;110,-35,56;111,31,-38;120,-31,57;121,32,-54;126,-32,57;130,-1,10;141,16,-23;151,1,2;160,-34,58;161,20,-49;170,-30,66;171,31,-45;180,-32,54;190,1,17;200,-10,4;201,23,-35;210,-29,71;211,29,-64;220,-27,63;221,21,-47;231,-7,14;239,-23,31;241,21,-22;250,-34,54;256,5,-1;257,8,-31;259,4,13;260,-22,38;261,20,-41;270,-24,56;271,4,14;273,22,-61;274,-28,67;277,26,-64;280,-31,67;281,31,-63;290,-34,61;291,29,-41;300,-28,60;301,31,-112;318,-32,113;320,-7,16;331,21,-43;341,-12,26;371,-21,37;391,-5,35;401,1,5;405,-2,3;421,-14,24;431,14,12;435,-22,10;441,-4,11;451,1,12;461,-4,8;471,-12,1;475,5,9;481,-6,11;491,-3,23;501,0,11;511,-7,10;521,-2,9;531,-6,10;535,0,3;541,-1,8;550,36,-122;556,0,-7;560,0,9;570,-7,16;572,4,-4;580,-6,15;610,-16,37;630,-12,29;640,-8,6;680,-14,48;690,-9,12;694,2,-1;696,2,8;700,0,1
rua||jose teodoro ferreira|vila das roseiras|35504235|1531,-2017414,-4484634;1561,1,3;1571,-9,10;1581,-1,11;1591,-3,4;1601,-3,12;1611,-6,11;1621,-1,9;1631,0,7;1641,-2,16;1651,-9,3;1661,-1,5;1671,-3,5;1681,-1,13;1691,1,11
rua||jose teodoro ferreira|vila das roseiras|35504636|10,-2017452,-4484562
rua||juiz de fora|sao bento|35500597|271,-2018135,-4485538;280,0,0
rua||latif nemer frahia|xavante|35503224|97,-2012131,-4490753
rua||lavinia fonseca|davanuze|35500522|1200,-2016620,-4485235;1204,-3,10;1211,8,1;1220,-14,11;1221,11,-7;1230,-18,25;1231,9,-9;1240,-10,10;1241,15,28;1250,-25,-1;1256,-2,18;1258,3,-7;1261,3,0;1270,-10,15;1271,7,1;1280,-12,11;1281,-3,6;1291,12,9;1301,-12,14;1310,-13,8;1314,-5,7;1322,1,11;1330,-7,11;1331,16,-9;1371,-11,54;1380,-29,31;1381,15,-15;1401,-2,17
rua||lavinia fonseca|dona rosa|35500522|710,-2016384,-4485870;720,-11,17;730,1,3;740,-5,10;750,-7,34;754,-3,-4;756,-7,8;770,-3,8;780,6,19;790,-8,8;800,-7,11;820,-13,26;830,-1,20;840,-8,10;850,-4,12;860,-2,7
rua||lavinia fonseca|sagrada familia|35500522|691,-2016369,-4485882;701,-4,3;711,-70,186;721,63,-157;731,-6,12;741,-2,3;761,-19,41;771,-1,8;781,-1,5;821,-26,59;831,-1,17;841,0,6;851,-4,5;861,-8,20;870,-13,14;881,-2,23;891,-8,17;900,-11,-2;901,7,15;910,-5,-12;930,-15,42;931,40,-2;940,-37,3;941,-11,26;961,4,15;971,-5,18;980,-8,-9;990,-12,27;991,12,9;1000,-13,4;1001,6,-1;1010,-10,6;1011,2,7;1018,-6,17;1020,-33,-8;1021,36,7;1028,-14,11;1030,-1,-5;1031,13,14;1040,-15,7;1041,5,2;1051,0,5;1060,-10,36;1061,5,4;1070,-17,-10;1071,11,6;1078,-7,8;1080,-6,-1;1081,7,5;1090,-6,11;1091,-3,5;1100,-5,-2;1101,3,13;1110,-3,-10;1111,0,15;1120,-5,-2;1121,1,9;1130,-6,-9;1131,2,21;1140,-13,7;1141,10,1;1150,-12,17;1160,-3,7;1171,-3,2;1180,-7,27;1181,8,-12
rua||lavinia fonseca|santa rosa|35500522|580,-2016322,-4486037;581,-9,36;584,13,-26;590,-9,4;597,-1,15;600,-3,-3;601,-1,9;610,-2,-5;611,-3,7;620,-15,13;621,18,5;641,-12,31;651,-6,8;655,-6,7;657,7,-2;661,-5,14;670,-8,12;671,3,-6
rua||luciano fonseca|terra azul|35501869|151,-2018076,-4487582
rua||manoel jose ferreira|sao caetano|35502242|21,-2011056,-4485109;31,2,12;41,0,7;51,10,3;61,22,32;81,17,24;121,32,36;251,92,131;261,-3,2;271,1,15;281,15,3
rua||marcelo carvalho ferreira|danilo passos|35503862|11,-2012310,-4487185;20,-3,-19;21,15,18;30,11,5;31,-30,-15
rua||maria almeida de faria|santa rosa|35500761|11,-2016432,-4486424;21,-4,3;30,-2,-19;31,-1,32;34,0,-24;40,-2,6;41,1,28;44,-1,-25;46,-7,5;50,7,0;51,-7,33;56,-1,-23;60,-1,6;71,-11,52;80,-5,-22;86,4,12;90,-4,0;91,-3,27;96,1,-19;100,-2,2;101,-2,27;106,1,-23;110,-5,7;111,-2,35;116,1,-29;120,-1,8;130,-2,11;1101,64,-126
rua||maria angela ferreira|sao frei galvao iii|35502741|10,-2014189,-4483768;11,-1,4;20,-8,8;21,4,-2;30,-11,8;31,0,7;40,-6,0;41,6,0;50,-12,5;51,5,1;60,-10,4;61,5,2;70,-10,5;71,4,5;80,-10,4;81,2,2;90,-7,5;91,2,3;100,-5,-3;101,-1,9;111,1,13;121,-7,-4;131,-6,10;141,-9,8;151,-4,6;161,-6,6;171,-13,12;181,-6,7;190,-12,7;191,8,5;201,-8,7;211,-3,8;221,-10,8;231,1,6;241,-5,4;251,-6,9;261,-2,9;271,-3,7;281,-12,7
rua||maria angela ferreira|sao frei galvao ii|35502741|190,-2014306,-4483638;200,-5,3;210,-4,19;220,0,0;230,-9,14;240,0,-1;250,-6,6;260,-4,7;270,-5,10;280,-7,9
rua||maria fernandes|conjunto habitacional dom cristiano|35503236|11,-2010470,-4488143;21,-6,-7;31,-8,-8;40,8,-56;41,-17,52;50,11,-50;51,-17,45;60,-1,-4;61,-8,1;70,0,-1;71,-8,-2;80,-5,-3;81,-4,-4;90,-8,-4;91,2,-2;100,-10,-4;101,5,0;110,-8,0;111,2,-3;120,-11,-5;121,-4,5;130,-1,-9;131,-6,3;140,-2,-4;141,-7,2;150,-2,-9;151,-15,14;160,-17,-22;161,4,6;170,-2,-7;171,-3,5;180,-3,-11;181,-7,6;190,-5,-11;191,-3,6;200,-3,-11;201,-5,9;210,-2,-10;211,-10,3;220,8,5;221,-13,-8;230,0,-1;231,-4,-2;240,-1,-9;241,-9,6;250,-2,-10;251,-7,6;260,-4,-6;261,-15,-26;270,8,18;271,-5,-14;280,-1,10;290,-10,-5
rua||maria gontijo da fonseca|santa marta|35502091|20,-2011383,-4488599;30,2,-14;50,7,-15;70,15,-17;80,9,-11;100,34,-52;130,14,-14;140,8,-12;161,-4,-10;171,6,-11;201,17,-26;205,-4,7;221,15,-24
rua||maria jose fernandes|anchieta|35502692|101,-2011530,-4490962;111,-2,0;121,-4,-11;131,-2,-13;141,-5,-12;151,-2,-4
rua||maria jose fernandes|nova fortaleza|35502692|80,-2011508,-4490945;90,0,-1;100,-14,-17;110,-3,-4;120,-1,-8;130,-4,-7
rua||maria vicentina de freitas|rancho alegre|35502412|130,-2013108,-4492215;131,0,-9;136,2,14;137,6,-9;140,2,9;141,-1,-6;146,6,11;147,4,-11;150,-3,8;151,7,-4;152,1,4;156,0,8;160,5,-2;161,3,-7;167,7,2;197,40,9;201,9,11;231,18,20;241,13,-9;280,48,16;290,11,19;291,1,-17;300,8,20;301,-21,-27;310,34,30;360,56,20;370,21,3;376,3,3;380,-1,2;390,11,6
rua||maria vicentina de freitas|rancho alegre|35502457|210,-2013032,-4492183;230,19,5;240,24,9
rua||martins fonseca|padre liberio|35500001|30,-2011648,-4487834;40,13,-7;50,18,-3;60,10,-2
rua||martins fonseca|prolongamento bom pastor|35500001|41,-2011633,-4487848;51,11,-16;61,-3,8;71,12,-5;81,22,-9;91,9,-4
rua||mateus felipe|espirito santo|35500619|45,-2013450,-4487591;60,12,-8;61,-5,7;70,7,-6;80,21,1;81,-12,2;90,14,5;106,-9,-3;150,-6,-7
rua||miguel rodrigues filho|planalto|35501813|56,-2014461,-4491028;60,-4,3;66,-3,-1;70,-10,-17;80,-4,13;90,-5,2;98,-12,1;100,-6,6;101,-9,-4;110,-9,-1;120,-9,4;133,-33,8;137,-16,-14;143,-13,1;147,-1,9;153,-10,-3;155,-6,-9;165,-1,14;175,-7,-4;179,-8,-2;185,-2,15;190,-12,0;200,-5,1;204,-3,2;220,-29,0;230,-5,10;240,-2,-2;246,-19,8;250,0,13;251,10,-29;255,0,-6;320,-121,20;350,-25,6;371,-45,8;373,18,-6;381,-24,11;385,-9,2;389,4,-2;390,-14,-6;393,4,-4;400,-30,7;420,-20,-1;430,-9,-1;440,-10,3;450,-5,0
rua||nascisio alves ferreira|chacaras campo grande|35500001|52,-2017221,-4483442;318,-33,179;333,-9,86;767,0,-12
rua||nilo fonseca|ponte funda|35500487|10,-2015442,-4486231;11,0,10;20,-13,-5;21,8,3;30,-8,-9;31,-6,15;40,-7,-9;41,-2,8;50,-14,-8;51,4,20;71,-50,-8;80,26,-8;90,-32,8;91,-12,9;95,3,-8;100,-52,-19;110,43,20;120,-6,-10;124,-7,11;140,-16,-1;200,61,-12;211,27,10;221,0,14
rua||orlando eustaquio de faria|serra verde|35503074|11,-2010604,-4490208;21,2,-3;30,16,-2;31,-1,0;40,4,2;41,3,-5;50,9,0;51,0,-8;61,3,0;71,14,-1;81,4,-2;91,10,-7;101,13,-3;111,2,2;121,17,-7;131,-1,-2
rua||ouro fino|espirito santo|35500257|235,-2013581,-4487180;238,1,6;239,6,-3;248,8,3;251,1,-6;258,6,4;259,8,-3;264,15,4;266,-4,1;276,22,3;301,-7,4;311,11,5;315,-1,-3;386,5,5;437,22,-10;447,5,-1;448,-6,15;457,23,-8;458,-18,-1;460,20,18;468,1,-23;474,26,14;475,-22,-8;478,8,-10;484,8,11;485,0,-1;486,2,4;495,5,-3;514,24,7;515,-1,-8;520,20,8;521,-13,-3;531,20,-6;551,50,14
rua||ouro fino|itai|35500257|5,-2013805,-4487200;25,10,-2;36,5,6;46,3,-9;72,63,-6;76,-1,10;80,12,5;81,-29,15;87,17,-11;91,23,4;95,13,-2;99,8,8;100,-31,-21;104,8,10;110,9,-22;120,6,21;147,42,8;150,4,2;157,5,0;160,0,3;161,4,-2;166,4,2;170,11,-1;180,2,7;187,-9,-14;197,8,8;201,-170,-21;211,190,15
rua||pacifico pinto da fonseca|prolongamento bom pastor|35502073|181,-2011397,-4488099;221,53,-18;225,4,-2;230,4,3;240,15,-5;250,16,-5;256,8,-3;260,13,-10;270,4,13;280,14,-11;281,-10,-7;285,7,-5;310,47,0;320,14,-9;340,18,-5;461,-202,58
rua||paulo gontijo da fonseca|santa marta|35502090|50,-2011434,-4488433;81,26,-64;91,-11,20;110,63,-94
rua||pedro a ferreira|costas|35500995|12,-1997289,-4492609;23,34,-28
rua||pedro de freitas|fabio notini|35503693|40,-2014707,-4492067;90,-78,-7;100,-10,2;106,0,0;121,-39,-19;130,5,8;140,0,-9;146,-12,8
rua||pedro ferreira|nilda barros|35503207|671,-2015990,-4493583;691,-8,-3;695,0,-5;701,-5,-9;705,1,-2;707,-4,-1;709,0,-1;715,-3,-13;720,17,45;721,-18,-50;724,24,48;725,-26,-53;730,22,47;731,-26,-52;734,26,54;771,-29,-87;775,-1,-9;830,9,21;832,-4,-9;834,2,0;836,-4,-10;838,-3,-6
rua||pedro ferreira|quintino|35503207|580,-2015935,-4493430;590,-9,-8;591,-16,-37;600,11,21;610,3,-8;611,-11,-30;613,-9,0;620,19,28;621,-24,-52;630,18,39;640,-2,-5;641,-23,-52;644,26,48;670,-11,-32;680,-7,-7;690,-5,-3
rua||pedro gontijo da fonseca|jardim das oliveiras|35502080|230,-2011088,-4488671;240,4,3;246,10,7;250,7,3;260,3,2;270,8,12;280,6,-1;290,14,9
rua||pedro gontijo da fonseca|santa marta|35502080|241,-2011075,-4488676;245,3,10;281,34,21
rua||pedro manuel filho|itai|35500896|30,-2013858,-4486572;40,50,-115;50,-8,10;70,-16,38;80,-3,5;90,-2,15;630,-23,57
rua||rinaldo fabrini|geraldo pereira|35504412|30,-2018216,-4492413;40,-18,-1;60,-14,-10;70,-14,-2;71,-3,12;80,-4,-13;91,-12,9;101,-15,-3;150,-56,-23;160,-10,0;161,-3,8;170,-8,-14;171,-1,13;191,-34,-4;195,1,-4;201,-1,12;241,237,37
rua||rivalino a ferreira|primavera|35505000|10,-2011125,-4497091;14,-5,-4;71,-78,-39;81,-67,-26;201,28,6;205,-5,-7;211,-7,-7;951,123,81
rua||santiago carvalho filho|quinta das palmeiras|35504071|540,-2017984,-4487770
rua||santiago carvalho filho|terra azul|35504025|505,-2017996,-4487758;507,-21,10;571,0,11;580,-13,-3;581,12,2;585,-12,0;586,1,3;588,10,2;601,-19,8;620,-7,3
rua||saul da rocha filho|planalto|35501242|30,-2014911,-4491033;31,-13,-9;40,3,-6;41,2,2;51,-1,-10;71,15,-63;81,0,10;85,8,1;90,4,8;100,1,-10;110,4,-9;421,-21,53
rua||sebastiao enes ferreira|residencial altaville|35503055|221,-2014267,-4492416
rua||village das flores|terra azul|35501149|570,-2018988,-4488426;580,-20,13;584,-4,6;590,0,0;601,9,1
rua||wilson jose fonseca|manoel valinhas|35503332|40,-2013100,-4487819;41,-20,-16;51,4,23;60,17,-8;61,-20,13;120,16,90
rua||ze firmino|santo antonio dos campos|35502508|270,-2011282,-4497957;290,14,-10
rua||ze firmino|santo antonio dos campos|35505000|261,-2011295,-4497949;271,9,-9;281,-3,-5;291,13,-12;301,8,-19;311,15,-16;321,3,4;331,9,-17;340,2,12;341,5,-27;344,-4,21;348,6,-3;350,1,-1;352,1,-8;354,2,-2;371,23,-45;380,14,-3;400,11,-15;411,8,-25;421,-136,189;430,158,-194;431,-180,221;481,212,-289;521,13,-12;525,11,-17
travessa|dona|francisca|afonso pena|35500112|3,-2013389,-4489015;5,-12,0;7,5,-1;15,139,-60;20,-48,-18;26,4,3;27,18,6;37,-4,-2;38,9,4;41,3,-3;42,2,7;45,5,0;47,7,7;52,-10,-4;54,7,2;61,2,-1;81,9,4
travessa|dona|francisca|jardim america|35500112|759,-2013280,-4489279;763,0,22
travessa||antonio dellaretti filho|distrito industrial|35502288|500,-2012934,-4484042
travessa||formiga|porto velho|35500436|29,-2014677,-4487878
