alameda||rio negro|tiete|35501185|10,-2014220,-4491246;14,-207,-35;21,7,5;31,11,1;41,209,56;47,-14,-9;93,-55,-46;100,35,7;106,-14,-15;110,-7,2;113,3,9;120,-8,-11;122,-6,-2;123,22,-3;125,11,19;130,-42,-14;171,-44,8;180,8,-10;181,-5,12;190,-2,-11;191,-6,8;200,-5,-6;201,-8,11;204,5,-13;210,-10,-2;211,-2,10;220,2,-4;221,-5,9;230,-12,-10;231,0,9;241,-10,-1;270,-28,-13;290,-22,0;300,-10,-1;306,-16,2
anel||rodoviario presidente tancredo neves|alvorada|35500423|2,-2011652,-4490160;4,-8,17;8,16,14
anel||rodoviario presidente tancredo neves|alvorada|35500680|5455,-2011527,-4489299;5555,-10,-133
anel||rodoviario presidente tancredo neves|alvorada|35502226|1551,-2011528,-4489616;6301,0,32;6305,2,-20
anel||rodoviario presidente tancredo neves|anchieta|35504404|21,-2011727,-4490455;6050,-106,-232
anel||rodoviario presidente tancredo neves|bom pastor|35500680|5105,-2011516,-4488881;5231,-6,-100
anel||rodoviario presidente tancredo neves|casa nova|35501000|12100,-2015962,-4491607
anel||rodoviario presidente tancredo neves|icarai|35500221|4535,-2011316,-4485317;4549,12,21;4555,11,8;4631,4,23;4675,86,97
anel||rodoviario presidente tancredo neves|icarai|35500680|710,-2011288,-4485236;4500,-87,-120;4630,87,123;4660,34,42;4670,8,16;4700,23,34;4720,12,7
anel||rodoviario presidente tancredo neves|liberdade|35500423|90,-2011770,-4490388
anel||rodoviario presidente tancredo neves|orion|35504404|50,-2013905,-4491492;3135,-39,4
anel||rodoviario presidente tancredo neves|orion|35504899|171,-2013637,-4491466;2001,-22,-5;2003,-6,4;2013,-35,-1
anel||rodoviario presidente tancredo neves|padre liberio|35500001|260,-2011449,-4487840;270,-15,-34
anel||rodoviario presidente tancredo neves|prolongamento bom pastor|35502067|390,-2011391,-4487959;399,0,-17;402,-4,-5;406,0,-10;410,-1,-5
anel||rodoviario presidente tancredo neves|vila romana|35500001|2200,-2011311,-4486261;2300,72,-109;2450,80,-869;2700,2,693;2720,5,-11;2740,2,-10
anel||rodoviario presidente tancredo neves|vila romana|35500680|2301,-2011332,-4486409
anel||rodoviario presidente tancredo neves|xavante|35503229|6545,-2012306,-4491234;6551,0,0;6585,7,7
avenida|conselheiro|antonio nascimento|danilo passos|35500316|80,-2012300,-4487316;81,-41,-31;619,-128,37
avenida|presidente|tancredo neves|santa cruz|35505000|8071,-2010422,-4497879
avenida||antonieta nogueira|ponte funda|35500477|10,-2015607,-4486809;12,-4,1;16,-10,5;20,-12,-4;30,-7,-31;31,2,39;33,0,0;36,-6,-1;39,-6,-1;40,-23,11;46,-1,2;57,14,-7
avenida||antonio ferreira do nascimento|santa lucia|35504682|411,-2016685,-4483928;561,-214,-102
avenida||antonio neto|danilo passos ii|35500336|41,-2012369,-4487249;55,16,8;75,33,5;84,8,11;85,6,-4;86,4,-1;95,8,-5;96,0,8;98,-3,-3;105,17,-4;107,8,3;115,12,2;117,4,-7;120,25,-4;125,-17,6;126,7,6;127,-1,-5;130,10,-1;131,410,207;135,-410,-203;137,6,-3;145,4,-3;147,3,2;148,2,5;152,6,1;155,8,-1;157,-2,-6;158,9,10;165,1,-11;167,7,-2;175,18,0;180,22,6;205,-2,-4;213,14,-1;215,-1,2;217,-6,-9;225,27,7;227,0,2;235,12,0;237,7,4;247,12,3;251,-31,-8;255,40,5;257,1,-1;259,2,1;265,4,-2;267,0,-1;275,17,7;277,1,-12;305,46,20;315,8,15;325,5,0;335,2,10;345,1,11;355,2,23;365,-2,-3;375,4,14;381,0,15;385,-2,-8;395,0,14;405,-3,19;415,2,9;425,10,5;435,-4,10;445,5,14;451,2,19;455,18,-4;465,0,1;471,7,24;472,-4,-2;1111,201,-45;1728,-131,-389;1758,0,0;1768,0,0;2327,-822,-230;2351,-4,7;2361,-6,-3
avenida||antonio neto|danilo passos|35500313|141,-2012011,-4487502;1848,19,3;1855,-9,-7;1858,6,-2;1868,-21,-18;1871,-29,10;1895,-129,-50;1896,137,39;1897,-151,-46;1900,137,40;1907,-45,-12;1910,8,2;1911,3,-4;1918,2,3;1921,-17,6;1925,-9,-13;1928,5,1;1929,-24,-2;1931,-8,-11;1932,14,8;1934,-8,11;1936,1,-5;1940,-12,-7;1942,15,2;1944,-14,-5;1946,-4,-1;1948,0,-7;1958,0,9;1968,-27,-22;1971,55,35;1978,-68,-39;1981,1,10;1988,-11,-17;2008,-26,-7;2011,-27,3;2018,-2,-19;2020,11,9;2030,-38,-7;2034,0,0;2041,-15,-5;2047,-15,8;2100,12,-14;2150,-24,-10;2160,-26,-11;2171,-60,-13;2200,24,-6;2203,-30,1;2205,-4,-2;2215,-20,-10;2223,-28,-16;2225,22,19;2229,-2,1;2243,-36,-22;2249,-16,-7;2253,-19,-2;2261,-8,-1;2273,-20,-2;2278,-218,-1;2280,379,42;2290,-395,-35;2300,395,35;2303,-179,-41;2305,-12,-3;2310,-209,23;2381,-20,5;2470,-190,19;2478,-7,7
avenida||antonio neto|manoel valinhas|35500313|254,-2013169,-4487652;401,-182,26;2360,516,-66;2370,-19,7;2380,-11,5;2383,24,-2;2385,-6,3;2387,-4,0;2389,4,5;2390,-20,-8;2391,17,-12;2400,-32,10;2401,20,-11;2420,-44,26;2421,-73,7;2424,74,-21;2426,-15,21;2430,-10,-9;2432,1,-8;2440,-8,5;2450,-19,-2;2479,-122,29;2480,3,-15;2481,-20,16;2530,-38,-10;2531,-29,12;2534,16,-2;2538,-4,-7;2550,-25,25;2551,-10,-27;2558,5,16;2560,-6,18;2561,-15,-21;2570,43,-7;2579,-147,3;2581,-4,5;2590,91,11;2591,-112,2;2600,150,-9;2604,-66,9;2620,-19,-11;2622,-1,-1;2650,-35,1;2658,-12,-1;2684,-6,15;2688,-8,-4;2690,-16,6;2694,-2,-9;2951,2,-7
avenida||antonio neto|manoel valinhas|35500336|2571,-2013261,-4487630
avenida||casa nova|costa azul|35501124|1111,-2018842,-4488204;1181,-46,-68;1191,-8,-5;1201,-9,-20;1231,-18,-33;1241,-7,-10;1261,-2,-3
avenida||casa nova|terra azul|35501124|121,-2019099,-4488636;250,9,16;910,391,655;920,-7,-9;940,-8,-22;990,-42,-57;1050,-45,-82;1060,-5,-10;1071,-17,-10;1090,-4,-27;1100,-5,-12;1130,-17,-23;1140,-5,-10;1180,-28,-44;1190,-6,-9;1230,-29,-46;1236,-2,-7;1250,-10,-14;1290,-36,-59;1311,5,14;1341,-68,-111;1360,41,49;1371,-10,2;1391,-28,-46
avenida||ceni nogueira|cacoco de baixo|35502004|72,-2018365,-4495188;82,-25,-29;150,-24,-27
avenida||ceni nogueira|cacoco do meio|35502004|39,-2018740,-4495569;41,16,14
avenida||ceni nogueira|chacaras bom retiro|35504899|6,-2018241,-4495070
avenida||fabio botelho notini|santos dumont|35501133|20,-2017494,-4487996;30,1,7;31,-4,8;40,-8,-7;41,4,13;50,-13,-10;61,4,9;69,-11,8;70,-7,-6;71,2,12;77,-6,-4;81,0,8;90,-10,-4;91,-3,12;101,-7,1;120,-33,17;130,-7,13;150,-11,1;151,-8,13;160,-2,-8;170,70,37;171,-68,-30;174,-15,7;181,8,-1;190,-14,-2;230,-53,39;240,-3,-4;241,4,13;251,-10,8;261,-16,14;263,3,-7;270,-10,-5;280,-7,-1;281,7,12;301,-50,41;305,-3,1;331,-10,8;341,-13,5
avenida||marcio notini|aeroporto|35501110|100,-2017405,-4487229
avenida||marcio notini|jusa fonseca|35501110|91,-2017277,-4487261;101,-20,12;107,-6,4;111,-5,5;141,-48,32;151,-14,4;171,-33,21;270,-85,36;271,3,16;280,-16,-21;281,10,18;291,-16,5;301,-20,-1;311,-6,6;321,-16,-2;331,-5,0;341,-8,1;351,-12,-8;381,-37,16;391,-9,1;395,-6,-3;401,-2,6;411,-12,3;420,-29,-10;421,11,13;430,-18,-14;431,6,13;440,-38,-2;441,28,6;450,-12,-14;451,4,15;460,-17,-12;470,-9,-5;471,-1,10
beco||niquelina|sao joao de deus|35500234|41,-2014342,-4487184;541,16,-28;771,2,2
estrada||para serra negra|tamboril|35502829|33,-2012341,-4500164;35,96,65;49,16,-55;116,545,246
rodovia|presidente|tancredo neves|cachoeira ponte de ferro|35500680|16,-2021558,-4491629
rodovia|presidente|tancredo neves|xavante|35500019|1700,-2013097,-4491516;7220,752,162;7400,339,237;7500,-39,-24;7530,3,-3;7550,-1,-2;7576,-143,-90;7600,-28,-21;7720,-134,-85;7740,-23,-36;7780,-61,3;7830,-59,-29;8500,-325,-76;9000,-245,-20
rua|cabo|antonio vales nunes|candelaria|35502113|21,-2010753,-4487784;31,19,-4;41,6,0;60,47,-10;71,0,-7;80,15,3;90,0,-2;101,15,-18;111,25,-7;121,18,-7;130,7,14;131,-8,-10;140,22,1;171,28,-29;181,18,-38;211,34,20;220,16,12;221,-14,-12;230,29,2;231,-2,-3;240,10,6;241,-6,-16;271,44,-13;273,4,5;275,4,-4;277,3,-9;281,1,3;283,2,2;285,4,-2;287,1,1;291,5,-7;295,3,-1;301,7,4
rua|cabo|antonio vales nunes|candelaria|35503262|30,-2010732,-4487775;40,12,-11;48,5,-4;1705,-31,30
rua|cabo|antonio vales nunes|jardim candelaria|35502113|370,-2010290,-4487949;380,7,10
rua|cabo|antonio vales nunes|residencial fonte boa|35503262|321,-2010360,-4487924;325,6,3;331,1,-8;335,0,1;361,29,-11;391,43,-15;395,7,-4;397,0,-2
rua|coronel|joao notini|centro|35500017|13,-2014195,-4488452;16,-12,45;31,18,-53;60,15,-36;65,-9,-10;116,23,-27;125,1,-20;126,2,5;135,-6,-17;150,2,-25;151,21,-1;185,-3,-22;194,-4,0;238,16,-31;240,1,-2;243,141,-408;248,-137,394;256,4,-3;272,12,-18;281,-4,5;284,1,-17;292,-1,-9;293,7,12;294,-15,-14;300,-1,-7;301,31,-6;303,4,0;304,-34,1;310,12,-8;331,31,-31;360,-15,10;366,0,-27;409,21,-46;410,4,15;412,12,-26;414,-31,-3;418,-10,0;421,26,0;432,20,-5;440,-20,-2;445,16,-17;462,-6,-27;465,6,-1;471,-3,-6;472,-1,-3;480,29,-23;481,-18,24;485,-2,-2;510,11,-49;520,7,-6;530,0,0;531,14,-13;540,-4,0;541,8,-17;550,-15,6;551,11,-27;560,-9,30;570,10,-25;576,8,-1;580,3,-3;622,5,-10;632,-1,-18;665,28,-40;680,-14,8;681,22,18;755,-10,-61;759,4,-14;760,3,-9;765,-6,9;767,11,-8;771,-15,-27;781,11,10;782,7,14;800,6,-16;801,-29,39;810,30,-50;811,-3,-26;820,3,17;828,11,0;872,6,-56;890,4,-23;900,31,5;912,-20,-17;921,6,3;964,13,-57;973,-3,-4;974,4,7;983,-9,-12;984,10,-3;993,1,2;994,5,-7;1001,-6,-11;1011,3,-25;1173,48,-101;1191,13,-22;1201,4,2;1204,-12,-2;1205,2,-12;1207,-3,-2;1214,7,0;1224,7,-13;1227,-9,-10;1234,9,3;1258,0,-45;1268,15,-10;1278,3,-5;1280,-6,-3;1291,-4,5;1301,12,-4;1304,8,-12;1306,-4,3;1310,1,-17;1311,1,24;1320,-12,-35;1321,9,-9
rua|coronel|joao notini|ipiranga|35500017|2151,-2013577,-4490300;2161,8,-6;2171,-8,-22;2181,8,-23
rua|coronel|joao notini|ipiranga|35502022|2431,-2013516,-4490503;2441,4,-11
rua|coronel|joao notini|jardim brasilia|35500017|2989,-2013317,-4491066;3001,6,-14;3011,-1,0;3021,2,-18;3031,7,-4;3033,-10,2
rua|coronel|joao notini|jardim brasilia|35504724|3120,-2013290,-4491144;3122,6,-4;3130,-5,-2;3140,8,-23;3141,-17,21;3145,19,-15;3147,-2,-5;3149,-1,-3;3150,10,-21;3151,-9,0;3161,5,-9;3170,17,-14;3181,4,-11;3190,-8,7;3191,-2,-17;3200,10,-17;3210,3,-12;3211,1,-6;3221,12,-14;3250,20,-82;3270,14,34;3280,-14,-29;3281,3,6
rua|coronel|joao notini|jardim capitao silva|35504724|1601,-2013711,-4489919;1611,11,-10
rua|coronel|joao notini|levindo de paula pereira|35500017|2751,-2013444,-4490771;2761,29,-14;2771,-3,3;2772,9,-7;2781,-3,-17;2782,12,8;2791,-11,-15;2801,22,-9;2803,-10,-3;2805,11,-9;2812,-1,-13;2815,3,16;2821,-9,-14;2822,9,-8;2831,3,-21;2832,-1,11;2842,0,-11;2851,4,-26;2854,22,-12;2860,-5,-10;2861,-10,10;2870,11,-8;2871,-6,0;2880,10,-12;2881,-10,5;2890,13,-15;2891,-18,8;2909,21,-44;2910,8,1;2911,-4,-10;2920,9,-8;2931,-9,0;2940,14,-25;2941,-14,23;2951,33,-44;2957,-3,10;2961,-4,7;2971,0,-26;2990,12,-34;3000,3,-10;3020,2,-11
rua|coronel|joao notini|rancho alegre|35502458|3500,-2013102,-4491703;3530,10,-33;3540,7,-28;3550,3,-11;3555,-15,4;3560,20,-14;3564,7,-3;3579,-17,-11;3581,27,-67;3586,33,-77;3600,-40,94;3610,0,-2;3611,-4,4;3661,27,-65;3680,18,-26;3691,-9,-14;3700,15,-30;3710,1,2;3712,9,-7;3715,-6,5;3720,4,-7;3725,-2,-8;3730,11,-3;3731,-91,-39;3735,81,34;3750,63,-4;3760,-19,-23;3770,-11,-16;3790,4,-38;3810,7,-26;3811,-7,-10;3820,9,3;3830,8,-19;3831,-10,-3;3840,12,-9;3841,-13,-1;3850,22,-24;3851,-11,6;3860,11,-12;3861,4,-5;3870,1,-5;3871,-6,-5;3876,2,-6;3882,13,-11;3900,13,-49;3901,-15,16;3910,15,-16;3920,6,-11;3921,-10,13;3930,14,-24;3931,-14,8;3940,199,32;3941,-204,-47;3944,213,0;3950,-54,-25;3951,-141,4;3961,5,-14;3981,-2,-7;3985,-5,4;3987,4,-8;3991,-1,-14;4071,51,-114;4081,2,-7;4090,21,-44
rua|coronel|joao notini|rancho alegre|35504724|4050,-2012852,-4492457;4060,-8,-6;4064,8,0
rua|coronel|joao notini|sidil|35500017|1034,-2013885,-4489371;1043,-7,-20;1044,9,6;1054,-4,-14;1064,7,-22;1065,1,11;1074,11,-6;1084,0,-18;1085,-22,44;1330,94,-237;1336,-5,-28;1338,-10,-4;1360,-1,-1;1431,22,-28;1441,10,6
rua|coronel|joao notini|sidil|35502022|1471,-2013755,-4489753;1499,12,-8;1501,-14,-10;1511,-4,-8;1520,35,-60;1546,-6,-1;1551,-8,12;1556,5,-11
rua|dona|maria jose notini|antonio fonseca|35501097|20,-2015715,-4488404;21,6,6;30,-23,-2;31,14,2;40,-13,-2;41,-2,2;50,-14,1;51,0,3;58,-6,-2;60,-7,-7;61,9,8;65,-8,5;70,-18,-5;73,8,6;91,-23,10;113,-29,-10;120,-6,9;123,-2,-1;129,-10,-1;130,4,2;139,-7,4;140,-5,-5;149,-8,7;150,-9,-6;159,-2,6;160,-8,-8;169,-6,12;170,8,-3;179,-21,5;180,-7,-6;480,-250,40;491,-3,8;500,-20,-2;501,1,4;506,-2,-4;510,-4,4;511,4,-4;520,-9,-2;521,-1,9;530,-5,-13;531,-7,14;540,-14,-8;550,-1,3;554,-2,0;580,-57,10;583,-24,10;587,0,-4;590,24,3;591,-31,2;610,11,-8;612,-10,5;616,-14,4;620,-3,-1;621,-19,2;630,12,-2
rua|dona|maria jose notini|nossa senhora das gracas|35501097|205,-2015945,-4488360;215,-1,7;220,5,-22;225,-19,21;235,-6,1;245,-13,-1;255,-18,6;260,22,-20;270,-4,12;272,0,-1;280,-12,-5;290,-12,2;300,-7,13;374,-22,-6;380,-5,0;401,-22,7;410,-11,-16;411,9,19;420,-13,-3;421,-1,0;430,-10,-6;433,1,8;440,-6,-3;441,2,10;450,-7,-12;460,-18,3;461,4,6
rua|madre|xavier novoa|prolongamento bom pastor|35500135|80,-2011591,-4488127;120,11,47;130,5,-4;140,-1,14;150,10,13;160,4,9;180,8,37;220,10,18
rua|professora|dilza de souza nery|jardim belvedere ii|35504899|130,-2017543,-4491380;131,-11,-8;140,8,-8;161,-23,-15;165,-3,0;170,11,-11;181,-11,-8;185,-8,-4;191,4,-8;200,2,-11;221,-19,-14;231,-3,-18
rua||antonio alves de paula neto|centro|35505000|15,-2010459,-4497474;30,-34,38;34,-12,0;110,-57,112;112,-9,14;114,-4,5;118,-14,21;120,-5,5;161,111,-158;170,-139,207;190,-15,15;202,-10,5;212,-4,9;223,-12,35;224,-7,-5;233,0,12;234,-7,-7;243,4,14;254,-12,6;303,-28,46;313,1,9;323,-11,17
rua||antonio alves de paula neto|erminopolis|35505000|294,-2010709,-4497118;300,-5,7;310,-13,16;330,-4,16
rua||antonio alves de paula neto|santo antonio dos campos|35505000|35,-2010492,-4497408;45,8,-10;55,-27,39;65,-23,34;75,8,-21;95,-8,5;115,-41,68;117,-1,-1;121,-1,1;123,-7,20;173,-32,43;183,-7,8;193,-9,7;213,-3,13;327,24,-40
rua||antonio da conceicao nogueira|chacaras campo grande|35504750|18,-2017385,-4483540
rua||armando nogueira|icarai|35502228|98,-2011391,-4485513;100,-7,7;101,-1,-15;110,19,1;111,-2,-10;120,11,3;121,-12,-6;130,28,-10;131,-14,-5;140,16,3;150,2,1;151,-5,-7;160,23,-9
rua||cabo antonio vales nunes|boa vista|35500001|950,-2009605,-4488194;954,7,-8
rua||caio notini|antonio fonseca|35501057|51,-2015711,-4488260;71,-14,-3;81,-25,6;91,-11,0;101,-11,10;121,-30,1;130,-12,-8;131,6,10;140,-16,-11;160,-22,0;161,-9,15;170,13,-8;171,-18,7;181,-17,7;185,0,0;450,-263,30;452,-6,0;456,-9,9;470,-9,5;484,-21,-5;488,-14,-3;490,-4,-12;530,-70,27;540,-10,0;550,-5,1;560,-13,4;570,-7,3
rua||caio notini|antonio fonseca|35501100|20,-2015691,-4488268;40,-15,6;50,-24,-6;52,5,0;60,-11,-1;80,-16,1
rua||caio notini|cidade jardim|35501057|830,-2016596,-4488154;840,-8,3;850,-10,0;860,-8,-4;931,-87,1;935,8,3;991,-54,-4;995,-9,5;1051,-92,-8;1071,-12,-1;1080,-6,5;1081,-6,-2;1090,-15,-7;1091,12,5;1100,-25,-6;1101,17,5;1110,-21,-7;1111,-53,0;1120,35,6;1121,1,5;1130,-7,-13;1131,18,13;1140,-32,-13;1145,34,16;1150,-44,-17;1151,44,21;1160,-44,-11;1161,42,7;1170,-95,-153;1171,92,150
rua||caio notini|mar e terra|35501057|741,-2016480,-4488155;743,3,9;751,-5,2;755,-5,-1;770,-22,-3;780,-19,2;781,3,2;790,-4,-4;791,-6,1;800,-3,0;801,-15,-3;811,2,8;821,-11,-9
rua||caio notini|nossa senhora das gracas|35501057|211,-2015910,-4488237;220,9,12;221,-27,1;224,21,-12;230,-15,0;231,-14,11;250,-13,-7;251,-26,15;260,16,-17;371,-58,18;381,-17,7;388,-4,-7;390,9,-6;391,-14,13;400,-4,-10;401,-4,5;408,2,2;411,-18,2;415,-11,10;420,14,-15;430,-13,2;437,-45,9;440,39,-9;441,7,-2;443,-61,12;444,40,-2;447,9,2;455,-77,11;469,7,-3;491,-36,10;501,-18,1;521,-44,8;527,-13,6;535,-7,2;551,-16,9;557,-12,-13;561,-5,2;571,3,2;581,-17,3;590,-25,-7;600,-10,3;610,-1,2;620,-15,3;630,-13,3;640,-11,2;650,-8,-2;660,-10,8;720,-36,2;730,-7,1;740,-12,-2;750,-6,0
rua||caio notini|nova holanda|35501057|841,-2016609,-4488150;950,-124,-14;958,-3,6;960,-5,3;970,-4,-3;974,-15,3;980,2,-3;984,-2,0;990,0,0;994,-4,-1
rua||carlos de freitas neto|vista alegre|35500001|20,-2010701,-4496255;30,-11,-6;40,-23,-24;50,-9,-4;60,-9,-7;70,-4,-9;80,-15,-5;90,1,-3;95,-7,-3;100,-2,-2
rua||castelo novo|esplanada|35501043|25,-2015534,-4489531;35,-5,11;40,-6,-7;43,-3,20
rua||caubi notini|santos dumont|35501132|60,-2017453,-4487939;65,5,5;68,-7,0;70,-4,0;75,-2,7;80,-8,0;85,2,7;90,-8,0;95,1,6;105,-8,6;110,-12,-1;115,9,-1;120,-9,6;121,12,-4;125,-16,10;130,-14,0;135,7,2;160,-24,14;170,-9,2;180,-10,10;190,-11,8;220,-27,13;230,-9,9;250,-12,22;260,-28,4;264,1,1;270,-10,9;290,-19,11;300,-6,7;310,-10,4;320,-11,5;336,-36,17;340,2,14;344,-10,-7;350,-3,-4;354,-3,13;360,-2,-1;361,4,3;366,-5,2;371,-7,7;380,-7,5;381,-4,8;385,-2,-2;386,-3,-3;390,-4,5;391,5,3;395,-7,5;400,-2,-5;401,-6,3;411,-5,4;415,-6,12;430,-32,12;450,-9,6
rua||caubi notini|terra azul|35501132|201,-2017556,-4487864;221,-27,23;231,-5,3;271,-50,32;281,-17,11;291,-6,1;301,-8,9;311,-10,10
rua||coelho neto|belvedere|35501343|3530,-2017581,-4490903;3531,-8,8;3532,19,-8;3534,-10,-9;3536,-5,7;3538,-36,-1;3540,1,-1;3541,13,27;3543,-8,-16;3545,-2,1;3547,10,17;3550,-20,-17;3551,6,1;3560,-19,-14;3561,21,12;3570,-34,-7;3580,-8,-4;3590,-7,3;3600,-15,-4;3601,20,12;3611,-4,0;3620,-32,-12;3621,17,11;3631,-6,1
rua||dagmar laredo neiva|manoel valinhas|35503103|51,-2013176,-4487807;151,2,-68;182,-13,117;281,20,36;301,-28,14;308,23,-43;310,-13,0;360,26,89
rua||das nacoes|bom pastor|35500146|23,-2012515,-4488301;27,14,-7;33,-13,13;100,44,-82;106,3,-5;110,9,-20;111,-20,8;121,5,-14;131,12,-3;134,14,-20;136,-1,-3;138,-3,-10;140,1,-2;142,8,-8;144,-2,-7;146,-2,3;148,-1,0;150,19,-17;180,-2,-41;188,10,-4;192,0,-4;196,6,-19;200,0,0;201,-8,-12;211,4,1;212,0,8;221,4,-14;296,34,-62;306,1,-7;310,8,-12;320,-6,-3;324,-6,2;330,4,-12;344,-7,-12;351,-16,-8;360,18,1;364,-2,-16;370,-4,-8;371,-11,15;380,14,-30;399,-12,-6;401,-16,-6;421,-17,-43;480,-58,-20;481,-1,3;490,-13,-11;494,-8,-4;496,-21,13;500,-4,-10;501,12,13;510,-19,-17;520,-11,23;524,-6,10;530,-6,-1
rua||das nacoes|industrial|35500146|390,-2012400,-4488726;392,-8,-5;396,-5,-15;406,-87,86;416,76,-102;426,-12,-14;428,6,12;434,-4,-8;436,-1,-2;450,-15,4;591,-143,19;597,-5,3;609,-23,18;611,0,9;613,-3,4
rua||desedeth rodrigues neto|chacaras campo grande|35500001|11,-2017516,-4483105;17,73,-422;42,-52,358
rua||do niquel|niteroi|35500230|431,-2013927,-4487420;441,-10,13;451,-9,1;465,-14,15;471,-19,17;473,6,5;481,-5,9;483,0,1;485,-7,6;490,1,-18;491,-6,18;520,-29,-2;521,-35,22;524,32,-25;530,-13,11;533,-3,5;544,-1,4;551,-5,10;553,-3,-2;555,1,2;556,-37,15;584,-56,33;601,52,-28;607,-14,0;611,-11,17;617,-12,-9;631,-8,13;730,-39,13;733,-5,-4;740,-7,12;750,-13,4;760,-13,3;770,0,-2;790,-10,7;800,-4,0;810,-15,4;820,-8,6
rua||do niquel|sao joao de deus|35500230|731,-2014175,-4487270;739,-14,3;741,-3,2;751,-5,2;761,5,-3;781,-25,16;791,-8,2;815,5,-1;831,-39,24;840,-7,-10;841,-4,13;846,-5,-2;850,-11,-6;860,-11,11;862,1,4
rua||francisco vaz neto|residencial altaville|35503052|70,-2014488,-4492618;111,22,-2;150,65,5
rua||joao de barros neto|rancho alegre|35502408|150,-2012964,-4492613;154,3,-2;160,5,7;170,18,-5;190,8,15;390,234,83;421,63,12;451,19,12;455,13,4
rua||joao pereira neto|residencial doutor walchir resende costa|35503131|10,-2012826,-4490977;11,6,-1;20,6,13;21,5,13;30,-2,-3;31,-1,4;40,2,4;41,10,2;50,6,7;51,-2,2;60,12,3;61,-8,0;70,2,21;71,7,-6
rua||joaquim dutra neto|santa rosa|35503500|10,-2017222,-4486220;11,-1,-18;21,5,10;31,-5,15;40,-13,10;41,12,-11;51,-12,26;60,1,-3;61,0,13;80,-21,31;90,1,4;100,-5,18;101,9,-4;110,-18,16;111,10,-5;115,0,6;120,-10,4;121,6,7;140,-18,28;144,-5,4;155,6,18;160,-11,-3;171,4,14;175,-3,2
rua||joaquim luiz neto|icarai|35502584|81,-2011886,-4484392;90,-68,-65;181,-15,3;185,-5,-7;191,-15,-2;200,5,-9;201,-34,-2;220,27,-5;221,-42,4;250,10,-13
rua||joaquim nabuco|porto velho|35500431|31,-2015383,-4488490;44,-24,10;47,26,-9;53,4,2;54,-5,7;56,12,6;58,4,-1;59,3,-13;60,17,16;61,-18,-15;63,1,-1;65,7,9;66,13,5;67,0,1;68,6,7;69,13,-5;76,0,6;77,3,-5;78,1,11;81,5,-4;86,8,21;87,-6,-28;88,4,27;93,11,-21;98,-6,17;99,14,-10;100,-12,14;120,6,5;129,42,-3;130,-2,-5;136,11,9;139,-9,-5;142,15,2;145,-7,4;146,10,5;149,-3,-5;156,8,4;159,-12,-5;166,26,12;169,5,-15;190,0,17;196,7,9;200,4,-2;210,19,-3;240,14,28;241,10,-12;250,16,5;251,8,-13;252,-10,14;253,-4,-6;261,30,-13;262,-20,32;264,13,-2;273,14,1;288,3,-4;297,5,2;300,-6,-1;301,10,2;306,2,11;311,4,-12;312,-1,22;314,17,-10;321,-8,-4;412,19,3;422,16,22;426,18,1;427,-3,4;429,8,-8;436,-1,14;446,12,-3;456,5,-2;457,11,0;466,6,3;467,6,2;471,3,0;472,-4,5;475,8,-1;481,2,3;486,-3,4;488,5,-6;516,25,17;531,10,-8;537,6,7;541,9,-1;545,11,8;547,6,8;549,3,0;551,15,4;552,-44,-13;558,12,3;559,40,15;561,-6,-3;565,4,10;566,-26,-19;567,31,20;570,-28,-11;573,34,11;577,4,-1;584,-36,-10;586,76,19;587,-10,10;589,6,-14;590,13,-3;594,-71,-13;595,63,25;596,-53,-29;600,70,40;601,-11,-8;603,8,1;605,3,1;615,6,-1;618,10,5;619,-3,-6;644,-50,-8;703,64,17;707,8,0;715,2,1;720,-14,0;726,11,3;739,15,0;741,4,7;770,22,15;771,2,-10;772,0,-2;780,14,9;781,0,-4;785,6,3;790,-4,19;798,0,13;806,14,-17;817,9,-6;827,15,0;830,-6,8;836,3,6;837,16,-4;838,-5,8;850,10,-7;856,2,3;857,6,-2;867,4,7;868,-10,-8;907,46,8;920,7,12;921,0,6;927,4,3;931,9,6;936,-2,-6;940,3,0;941,2,-2;948,4,6;951,1,-5;955,7,20;962,6,-7;963,4,-5;978,4,7;979,10,-3;981,1,3;985,3,2;986,-5,5;998,7,-7;999,10,10;1009,6,-6;1010,-5,18;1017,12,-16;1047,28,17;1055,11,-1;1056,-8,6;1065,11,-3;1068,8,9;1069,-1,-6;1070,-5,0;1075,14,5;1084,0,-2;1085,8,4;1088,-7,-3;1092,11,12;1094,-6,-2;1098,9,-2;1110,5,2;1111,-1,-2;1113,5,-4;1114,0,15;1123,8,-9;1131,15,9;1133,5,-4;1134,-11,7;1141,20,-2
rua||jose bueno neto|fabio notini|35500001|60,-2014786,-4492130;80,101,20;90,-8,-12;94,-11,-3;100,-6,11;104,-2,-13;135,-68,-1;141,-10,7;145,-7,-8;149,-9,-1;160,3,-6
rua||jose martins neto|icarai|35502265|361,-2012139,-4484885;371,-10,-3;391,-23,-17;399,-2,6;401,-3,-5;411,-10,-12;421,-11,5;441,-23,-15;451,-16,-4;461,-7,-11;463,0,0;465,0,3;471,-6,-7;481,-9,-2;491,-7,-5;501,-8,-6;511,-2,-1;521,-15,-6;531,-5,2
rua||jose martins neto|icarai|35502274|271,-2012057,-4484836;281,-5,-6;291,-24,-3;321,-24,-24
rua||jose martins neto|icarai|35502275|220,-2011993,-4484813;230,4,-2;240,-10,-1;270,-48,-27;280,-3,-1;300,-20,-10;320,-22,-12;324,-9,0;330,2,-2;354,-44,-22;356,-3,-6;360,8,-1;370,-13,0;380,-7,-6;400,-10,-9;410,-10,-4;430,-15,-7;460,-45,-21;470,1,-2;480,-18,-11;490,-13,-2;500,-3,-2;540,-69,-43;550,-11,-3;561,10,19;570,-26,-27;571,15,19;581,-3,-2;591,-8,-10;601,-3,0;620,-51,-35;641,-14,1
rua||jose natividade|esplanada|35501030|8,-2015380,-4489247;10,2,1;20,-12,11;25,9,2;30,-10,0;35,-4,18;40,1,-8;50,-6,6;55,-1,15;72,-43,50;75,10,-1;80,-12,8;85,5,3;90,-11,8;92,-4,2;102,-18,16;112,-3,9;115,13,-1;122,-18,5;125,12,2;132,-16,10;135,10,-1;142,-22,11;145,14,-1;152,-17,7;155,7,10;162,-7,-3;165,3,3
rua||jose nogueira|interlagos|35500451|68,-2015336,-4487466;76,5,26;86,-3,9;96,1,10;130,9,35;140,-12,16;150,11,-1;165,3,4;175,4,3;180,-2,52;185,3,-40;190,1,48;200,-2,5;210,4,7;215,1,-39;225,4,20;235,0,5;245,-1,6;255,2,12;270,-2,9
rua||julio nogueira|bela vista|35501287|2630,-2017143,-4490673
rua||julio nogueira|bela vista|35501327|2320,-2016781,-4490545;2331,1,23;2340,-21,-18;2341,12,8;2350,-21,-12;2351,19,10;2360,-39,-31;2361,-4,19;2370,-13,-17;2371,9,9;2380,-77,-30;2381,63,25;2390,-74,-31;2391,-6,10;2394,64,10;2400,-5,-6;2401,-67,-7;2410,56,-4;2420,-25,6;2441,-12,0;2471,-34,-9;2480,-2,-16;2481,-5,9;2500,-25,-3;2501,-31,-10;2510,24,5;2511,-5,-8;2520,-17,-7;2521,3,4;2530,-9,-14;2531,1,10;2540,-1,-10;2541,-11,9;2548,3,-9;2550,-8,-3;2551,-11,-2;2561,-4,9;2570,8,-5;2572,-1,-1;2577,-34,-6;2591,-15,-7;2601,-8,-4
rua||julio nogueira|belvedere|35501287|3019,-2017542,-4490787;3020,-4,-7;3021,-9,8;3030,1,-5;3040,-6,-1;3041,-2,4;3046,1,0;3050,-13,1;3060,-13,10;3061,18,-8;3070,-24,1;3071,31,-1;3080,-46,4;3081,7,16;3090,-14,-9;3091,11,21;3092,-7,-25;3100,-12,3;3101,0,5;3105,0,0;3111,-10,0;3120,-30,5;3121,41,-2;3127,-24,-2;3130,-22,7;3131,19,4;3141,-12,-10
rua||julio nogueira|belvedere|35501327|10,-2018075,-4490593;11,30,65;1021,30,-29;3150,304,-185;3171,-1,8;3180,-13,-2;3181,0,5;3183,-1,5;3184,-2,-6;3186,-2,-2;3187,4,8;3188,-6,0;3189,2,4;3191,-7,10;3201,-17,5;3210,-16,2;3221,-13,13;3230,-2,-5;3231,-7,17;3240,-7,-7;3260,-27,17;3261,-17,12;3271,-8,7;3280,6,-8;3310,-39,19;3311,1,16;3320,-5,0;3321,-2,6;3326,-2,-10;3330,-2,0;3331,0,14;3336,-8,-8;3338,-3,0;3340,-1,0;3341,-6,19;3342,10,-11;3350,-20,4;3351,8,7;3381,-47,29;3391,-2,2;3401,-20,7;3410,23,-20;3420,-5,10;3421,-20,15;3426,18,-23;3430,-14,14;3431,-9,16;3440,4,-14;3441,-27,27;3450,21,-22;3451,-32,30;3452,32,-30;3461,-40,40;3471,-11,-8;3475,-5,12;3485,-5,8;3510,-47,16;3514,8,10;3520,-12,-3
rua||julio nogueira|catalao|35501207|29,-2015174,-4489932;49,-24,-8;69,-15,-3;128,152,42;130,13,3;138,-23,-10;148,-10,-6;158,17,-22;160,-19,26;168,-18,-7;188,-20,-4;207,-71,-17;221,4,0;287,-23,-5
rua||julio nogueira|sao jose|35501207|8,-2015238,-4489966;135,158,62;139,1,-4;145,-9,9;155,-3,-6;157,2,-2;165,-10,0;175,-16,-7;192,-40,-24;200,3,6;204,-8,-8;210,-2,-2;220,-5,3;261,-99,-35;269,-7,-2;276,3,-6;279,-15,4;286,13,-4;296,-6,0;305,151,65;327,-195,-78;331,-6,-1;337,-2,0;338,-4,-8;340,-9,-4;341,5,6;348,-12,-2;349,2,2;359,-7,-7;380,-18,-5;424,-36,-4;428,-5,-2;429,6,0;430,-4,7;439,-3,-13;440,2,-4;441,-12,-1;444,12,1;449,-12,-1;450,-11,-6;459,-5,4;460,3,-5;463,-8,5;470,-2,-9;481,-19,-3;491,-15,-4;520,5,-1;530,-15,-4;540,-11,-9;551,-19,-19;562,0,18;571,-12,-8;572,5,-2;582,-17,-6;591,1,7;593,-6,-5;600,4,1;601,-8,1;610,-11,-7;611,-3,-2;620,-11,-6;621,0,-4;630,0,5;749,-141,-47;759,-14,-4;769,-7,-1;779,-26,-12;799,-20,-6;815,-20,-8;817,-6,-19;819,-2,11;821,-1,-3;829,-13,1;1209,-191,-66;1210,-2,-9;1219,-3,-1;1220,-7,-1;1229,1,-1;1230,-49,-22;1249,12,6;1259,-10,3;1269,-5,-8;1279,-7,-9;1299,-42,-5;1309,-5,2;1310,2,-9;1319,-10,6;1320,-10,-20;1329,-6,17;1350,-30,-22;1360,-20,-9;1362,-5,-3;1370,-9,0;1376,-6,-4
rua||julio nogueira|sao jose|35501287|700,-2015648,-4490118;705,-9,5;708,1,-10;715,-13,0;718,-1,-1;1381,-596,-213;1390,-3,-10;1391,-7,9;1400,-2,-14;1401,-11,5;1411,-12,-5;1430,13,-6;1431,-23,2;1435,-15,-6;1440,27,2;1444,3,-3;2050,-162,-68;2060,-10,16;2080,-13,-14;2110,-46,-2;2140,-27,-22;2170,-40,-13;2180,-13,-5;2190,-9,-3;2200,-8,-4;2210,-2,-5;2220,-10,-7;2221,2,19;2230,-20,-16
rua||julio nogueira|sao jose|35501327|2580,-2017068,-4490645;2590,-21,-5;2600,-11,6;2614,-6,-6;2620,-12,-6
rua||licinio notini|antonio fonseca|35501090|154,-2015709,-4488126;166,-8,3;170,-5,1;178,-3,0;180,-9,9;182,0,-11;190,-5,2;220,-36,10;224,-7,-3;230,-13,2;240,-11,3;250,-13,2;260,-5,-2;270,-13,0
rua||licinio notini|interlagos|35501090|151,-2015688,-4488136;161,-10,25;171,-12,6;185,-10,1;217,-52,5;219,-4,-19;229,-14,18;231,-10,0;241,-4,6;251,-15,0;261,-8,-4;263,-3,1;271,-1,28
rua||licinio notini|nossa senhora das gracas|35501090|310,-2015922,-4488084;319,15,-6;320,-9,5;329,6,-5;330,-11,10;333,-1,0;336,-8,-4;339,2,5;340,-10,-15;349,1,12;350,-7,-10;359,1,14;360,-10,-5;370,-15,9;371,4,78;381,1,-84;390,-43,-1;391,-3,11;400,-21,-12;401,33,7;408,-20,-4;410,-10,10;411,-6,3;420,-1,-7;421,1,7;430,-2,-23;431,-8,25;440,-1,-10;441,-8,5;450,-3,-6;451,0,7;455,-14,-6;456,3,4;510,-79,12;520,0,0;521,7,6;530,-10,-6;531,1,-5;534,1,1;540,-14,-11;541,0,47;550,-12,-28;560,-11,2;561,-2,7;570,-24,-16;600,-25,14;610,-15,5;611,10,8;620,-20,-6;621,23,2;631,-20,5;639,-20,4;641,6,0
rua||lilia natividade|nossa senhora da conceicao|35502131|380,-2011089,-4489532;400,-7,10
rua||lilian natividade|nossa senhora da conceicao|35502118|359,-2011143,-4489599;360,3,11;370,5,11;375,5,-14;1641,10,9
rua||lilian natividade|nossa senhora da conceicao|35502131|30,-2011459,-4489972;31,6,-13;51,7,15;81,38,49;97,20,21;100,-22,-17;120,25,34;121,8,-7;140,4,21;151,19,4
rua||marilia ferreira novaes|jardim copacabana|35501630|221,-2020486,-4492435;230,16,-21;231,-20,8;241,-3,-10;251,11,9;261,-13,-28;271,-2,-8;281,-11,-18;291,-5,-14;301,0,-5;311,-3,-13;321,-1,-5;331,-2,-14
rua||nanuque|cidade jardim|35501068|110,-2016918,-4488154;120,-1,1;130,-4,-3;131,5,7;140,-5,-1;141,3,-3;150,-2,1;170,2,-27;171,-2,-11;180,7,7;190,-4,2;192,2,31;200,-4,-2;201,1,-67;210,-2,-60;221,4,33;231,1,-83;241,-5,-15;251,4,-9;301,1,-58;311,1,-23;321,-1,-3;331,2,-10;340,10,-33;360,0,-12;370,-1,-10
rua||nanuque|nova holanda|35501068|230,-2016915,-4488262;240,-1,-23;270,4,-6;300,-4,-135;310,7,4
rua||nicaragua|dona rosa|35500537|720,-2016481,-4485681;730,-11,-6;740,-7,-4;750,-9,-3;754,-3,-1;756,-3,1;760,-5,-10;764,1,6;770,-10,-2;780,-10,-3;815,-46,-14;821,-16,-3;830,9,-13;834,-7,1;840,-6,-1;841,-6,-4;851,-16,7;860,30,7;861,-33,-10;870,1,-10;871,-11,5;881,-3,-2;887,-8,-3;891,-1,-5;910,-3,-11;921,-43,-4;930,1,-11;931,-8,9;941,-6,-8;949,-16,-1;950,1,-9;951,-2,7;961,-9,-1;970,1,-18;971,-10,14;974,9,-18;981,-19,14;991,-1,-1;1000,-6,-15;1001,0,8;1011,-8,-4;1030,-33,-8;1040,-13,-19;1041,-7,12;1045,-3,-1;1050,9,-13;1051,-12,6;1060,-4,-10;1070,-3,-4;1075,-5,8;1080,-9,-12;1091,-7,6;1095,-8,2;1131,22,2
rua||nicaragua|nacoes|35500537|10,-2015878,-4485431;11,-140,184;20,137,-188;21,-142,199;30,134,-203;31,-137,209;40,127,-216;41,-132,234
rua||nicaragua|sagrada familia|35500537|11,-2016096,-4485507;17,-8,-8;21,0,0;31,-8,-5;41,216,86;60,-215,-94;71,203,89;73,-211,-82;75,-3,-3;80,0,-9;81,-12,0;84,10,1;86,-23,2;88,-7,-8;90,-5,-15;91,-13,7;100,0,-5;101,-8,8;110,-5,-20;111,-4,13;113,-14,6;120,5,-26;121,-3,16;125,-6,-4;130,7,-8;131,-15,4;140,1,-12;141,-23,12;151,-9,-10;171,-29,-12;181,-6,-8;191,-16,-3;192,27,0;194,-7,-2;196,-1,-1;198,-2,2;200,-6,-1;201,-8,5;210,5,-6;211,-19,1;220,9,-7;221,-14,-4;230,5,1;231,-12,-1;240,2,-7;241,-10,2;245,-4,-1;250,5,-6;280,-52,-21;281,-4,9;287,-16,16;290,11,-29;291,-6,3;297,-17,4;300,17,-11;305,-19,9;307,-4,-6;311,-6,-1;680,5,-13;681,-65,6;691,-6,-3;721,2,-24;731,-7,-2;741,-13,-7;745,-3,10;751,-8,-8;761,-7,-4;771,-3,0;781,-4,-8;785,-9,5;861,202,74
rua||nicaragua|santa rosa|35500537|1200,-2016987,-4485889;1201,-2,11;1210,-3,-14;1211,-7,7;1221,-7,-2;1225,0,-5;1230,-6,-9;1231,-5,11;1240,-2,-10;1241,-1,11;1250,-9,-19;1260,-4,-2;1264,-5,-4;1266,-13,-10;1270,11,11;1271,-2,9;1275,-6,-2;1277,0,2;1280,2,-10;1301,-41,-10;1305,-3,-6;1310,-11,-2;1311,8,2;1314,-11,-2;1315,5,2;1316,-3,-9;1320,-7,5;1330,-10,-7;1331,5,5;1340,-11,-7;1341,2,3;1361,-14,-5;1370,-10,-9;1374,1,6;1376,-2,-8;1380,-3,1;1384,-3,5;1386,-3,-2;1390,-2,0;1394,-7,-8;1396,-4,5;1398,-4,-11;1411,-34,-7;1430,-9,-17;1431,2,11;1432,-6,-11;1436,-7,0;1440,0,2;1441,3,0;1450,-10,-4;1451,-7,4;1454,4,0;1460,2,-14;1464,-11,5;1470,-6,-8;1490,-9,-1;1500,-11,-5;1501,-4,7;1504,-4,-11;1508,-8,-1;1511,-3,-3;1540,-49,-12;1544,1,1;1550,-13,0
rua||nigeria|jusa fonseca|35500510|55,-2017192,-4487307;65,0,9;75,2,10;85,5,12;95,-4,12;101,5,3;107,4,21;115,-1,20;119,-5,16;121,12,41;131,-1,11;135,1,11;137,11,76;139,-12,-65;143,12,66;147,-6,-42;151,1,7;152,-13,-60;156,-1,10;163,15,88;164,-8,-64;166,-1,8;170,1,8;171,10,47;172,-7,-40;175,16,86;176,-14,-72;177,14,74;179,0,13;187,1,24;191,5,14;196,-9,-56;197,7,72;198,-6,-65;199,6,65;200,-5,-65;201,12,75;203,-17,14;204,2,-77;208,5,20;212,2,12;214,5,3;216,-2,2;218,-1,6;220,-3,1;1910,-12,-107
rua||nigeria|paraiso|35500510|190,-2017133,-4486805;221,6,13;225,11,0;231,-2,28;235,7,13;239,-11,-6;243,10,23;246,-14,-67;247,15,107;256,-11,-47;260,11,9;264,-10,6;267,12,46;268,-5,-42;280,-6,23;283,22,81;287,-3,6;291,7,26;295,-1,-2;299,3,6;307,-2,15;310,-7,-31;312,-13,-10;317,22,58;320,-15,-37;321,21,57;324,-10,-45;328,2,5;330,1,5;332,-5,3;336,0,12;339,19,69;340,-11,-58;341,15,68;344,-17,-58;351,14,72;368,-4,1;371,11,23;372,-12,-20;380,1,18;381,9,1;390,-3,24;410,8,30;411,4,1;415,-7,7;417,2,1;420,1,5;421,5,0;430,-6,2;431,9,21;440,-11,-1;450,3,4;2450,-42,-364
rua||niquelina|alto sao joao de deus|35500234|19,-2014356,-4487252;543,15,15;555,-13,-12;591,-9,-13;593,-14,-13;597,2,4;600,-13,-5;620,-10,-1;640,-28,-11;641,44,37;691,-53,-39;701,-11,6;711,-5,-1;721,-78,6;729,50,-8;731,1,-1;741,-14,-2;751,-11,2;761,-9,8;765,-17,-1;771,-5,9;773,-2,-6;777,211,60;779,-6,-8;781,-212,-39;793,-6,13;795,-3,6
rua||niquelina|niteroi|35500234|72,-2014014,-4487233;81,12,15;83,-5,-6;86,-2,10;87,2,-20;122,-65,25;132,-5,1;141,9,-3;142,-17,3;162,-8,0;163,13,10;165,2,-3;171,-28,-1;172,6,1;214,199,-173;217,13,4;219,-8,4;220,-6,-1;223,-1,8;228,1,-1;229,4,-5;233,4,16;246,-7,-5;249,-3,8;256,-5,0;259,0,5;268,-16,12;271,12,6;276,-9,-2;286,0,11;287,8,5;293,-13,13;300,-2,0;305,2,2;306,-2,-2;317,-4,19;318,-6,-15;322,-4,11;327,3,17;334,-6,-6;338,-4,10;341,9,-3;343,-5,9;360,-15,11;366,-6,2;370,-2,0;380,-7,3;387,-4,5;389,-11,1;420,-45,13;421,-7,1;431,-5,4;458,-3,1;460,-16,6;461,15,8;471,-7,-6;481,-6,4
rua||niquelina|sao joao de deus|35500234|181,-2014124,-4487197;183,-10,1;185,-3,1;220,-16,9;221,-4,-2;224,-7,5;231,1,3;241,0,21;279,-15,-6;281,3,3;283,-1,-4;301,-13,-10;302,-83,42;303,80,-43;305,-3,2;307,-6,-2;309,-14,-1;311,6,1;313,-11,-2;325,-5,-5;327,-5,2;331,2,-2;339,-3,-3;437,-5,-1;439,-12,-14;441,-9,9;443,9,3;461,-22,-3;473,-14,-1;480,35,2;493,-39,-14;495,145,28;501,-3,-16;503,-157,-14;520,-50,-44;521,179,79;528,-130,-33;531,1,-4;535,-7,-11;540,-55,-48;771,52,48
rua||niteroi|manoel valinhas|35500291|91,-2012787,-4487925;100,-24,22;101,1,-2;110,-11,14;111,10,-1;120,-3,4;121,6,6;126,-4,6;131,0,1;132,-4,4;137,5,3;141,-5,6;143,0,-2;150,-11,7;151,18,-3;160,-15,12;161,11,-1;170,-16,15;171,4,-7;176,-11,14;180,-4,-2;181,11,-3;186,-3,18;190,2,-1;191,0,-7;211,-23,46;215,-6,12;216,-3,-2;220,-3,10;221,1,-9;230,-8,19;231,8,-6;240,-7,8;241,1,4;250,-8,7;251,-1,5;260,-6,6;261,7,-7;270,-6,7;271,7,10;280,-17,1;281,8,9;290,-5,3;291,3,1;300,-5,6;320,-19,64;321,-12,-3;330,4,29;331,-2,-15;340,-11,14;341,11,-7;350,-14,-2;351,10,9;360,-7,9;370,-9,11;371,13,-7;380,-14,25;390,2,-5;391,-1,11;400,-13,-2;401,4,8;410,-6,11;411,5,1;420,-12,8;431,3,5;450,-16,39;460,-15,10;469,15,-11;470,1,23;471,0,-27;475,-6,26;481,-5,8;485,1,2;490,-16,10;501,11,1;531,-26,43;541,-7,6;550,4,-15;551,8,19;581,-6,6;590,1,50;600,-31,10;611,-2,16;631,-6,8;650,-5,19;651,4,3;661,-11,12;671,-4,8;680,-10,17;701,-3,12
rua||notini|costas|35500995|6,-1997312,-4492632;20,-11,6;30,-25,20;75,-43,37;78,3,-6
rua||nove|boa vista|35500001|81,-2009440,-4488061
rua||nove|icarai|35501300|110,-2011106,-4485191
rua||nove|itai|35504698|50,-2013743,-4486739;81,-5,18
rua||nove|marajo|35501375|33,-2017392,-4492303;80,14,11
rua||nove|morumbi|35501613|70,-2020056,-4492147;101,10,2
rua||nove|primavera|35505000|100,-2012054,-4496396;300,-58,-88
rua||nove|residencial altaville|35501375|151,-2014393,-4492217
rua||nove|santa lucia|35504698|220,-2016574,-4483607;222,7,2;224,-1,-3;226,0,-3;230,-5,13
rua||olimpio fagundes nascimento|alvorada|35500176|21,-2011860,-4489592;26,-3,-6;30,-3,-9;40,-12,-17;41,2,24;51,-1,-4;61,-6,-10;80,-12,-34;89,-11,16;90,-5,-26;91,109,128;92,-8,5;99,-100,-123;100,106,124;101,8,0;108,-1,15;110,-117,-165;111,4,18;120,120,152;124,5,5;130,2,3;133,7,-5;140,-2,13;142,-163,-216;150,166,217;154,-176,-242;161,-3,14;164,-6,-11;171,3,5;175,-10,-1
rua||onze de novembro|ipiranga|35502045|231,-2013915,-4490937;320,82,34;330,10,5;331,-1,-9;340,6,12;341,4,-6;350,8,27;351,6,-24;354,2,10;359,13,7;360,-15,-5;361,116,28;367,-95,-30;369,3,0;371,103,38;379,-97,-34;380,-11,1;381,120,35;391,-103,-41;421,46,19;430,-8,6;431,19,0;440,5,11;450,12,11;451,-5,-17;460,10,11;470,19,16
rua||onze de novembro|levindo de paula pereira|35502045|541,-2013592,-4490825;581,40,13;591,12,16;641,64,19;651,13,3;661,10,2;721,65,27;727,6,6;731,4,0;741,15,2;761,45,17;771,9,0;2761,-209,-75
rua||pedestre n|danilo passos|35500323|10,-2011755,-4487238
rua||quinze de novembro|centro|35500083|22,-2013886,-4488274;58,27,-18;68,0,-5;72,23,-10;82,6,4;102,34,-22;165,28,-29;183,-6,-2;187,16,-17;205,6,-9;213,1,-21;259,4,-9;289,26,-30;297,9,-16;337,16,-22;351,8,-35;367,11,-8
rua||quinze de novembro|santa clara|35500083|45,-2013871,-4488289;53,19,-11;69,8,-4;81,4,-4;83,11,-1;103,13,-11;111,11,35;112,4,-15;118,6,-1;132,-1,-22;134,8,0;136,4,1;138,7,-5;140,41,-72;180,-29,46;186,-1,-11;200,9,-10;206,2,1;216,4,-10;240,21,-25;248,0,-11;250,32,13;350,15,-87;356,16,2;370,-13,-21;372,-3,34;376,3,-49
rua||rio grande do norte|centro|35500015|11,-2015035,-4489384;18,18,3;28,5,-7;32,5,-42;35,-10,34;36,14,8;38,-11,-12;40,9,-30;41,-20,23;42,12,5;46,21,3;53,-34,-14;58,9,-7;62,-4,-3;64,19,41;69,-8,-36;70,2,-14;71,-10,-4;80,17,-6;82,-1,2;142,16,-62;152,0,-11;162,8,-9;164,1,4;176,-5,-12;178,10,0;180,-8,-2;188,2,4;201,53,-188;254,-45,113;264,23,-8;274,1,-15;330,0,-41;340,18,-7;352,-8,-17;356,1,-19;360,3,-8;390,31,-46
rua||temicio diniz do nascimento|santa cruz|35505000|40,-2010947,-4497647;50,-4,-3;55,-6,-4;60,-7,-4;70,-2,-7;71,-8,10;74,3,-1;80,-10,-23;81,85,-5;91,-34,5;99,-73,-2;111,79,-25;131,-19,-14;141,-9,-2
rua||temicio diniz do nascimento|santo antonio dos campos|35502508|101,-2011050,-4497714;119,25,17;121,1,-10;123,-6,9;125,10,-14;131,-16,8;141,-2,-5;150,-6,-15;160,-7,-8;161,-7,4;170,-8,-11;171,-4,6;190,4,-6;195,-18,-8;199,-10,-4;200,22,6;201,-34,-17;240,-27,-32;250,-6,-4;252,-2,-10;256,-2,3;261,-1,10;267,-6,-3;271,-11,-13;281,-12,-15;290,1,-5;291,-6,5;300,-5,-13;350,-51,-43;360,-20,-11;361,6,12;370,-7,-18;371,11,21;380,-13,-25;381,-8,4;390,-8,-16;391,2,16;395,-7,-8;397,-1,-7;401,-2,4;411,-10,-6
rua||vinte e tres de novembro|niteroi|35500249|161,-2014508,-4487537
rua||vinte e tres de novembro|sao joao de deus|35500249|7,-2014632,-4487719;11,7,-1;120,93,137;122,3,5;132,0,-6;144,8,23;162,18,32;190,9,19;198,-123,-240;200,46,102;202,78,150;206,-107,-230;209,-6,-11;210,-6,-6;213,145,263;215,-93,-209;220,-17,-18;221,108,249;223,-44,-106;225,-48,-113;226,1,0;228,-38,-45;230,1,10;233,141,255;237,-12,6;247,2,11;257,-4,5;263,34,1;277,-11,24;291,-2,-1;341,18,64;345,2,0;349,0,0;353,0,3;355,0,0;357,1,2;359,0,0;800,-15,-26
rua||weber nogueira|grajau|35502325|400,-2013768,-4484179
rua||zomar nogueira|aeroporto|35501118|71,-2017735,-4487549;77,-2,-5;81,-5,-12;85,2,-2;87,-2,8;91,-2,-10;101,-18,-22;111,0,-7;431,-3,-20
rua||zomar nogueira|maria pecanha|35501118|171,-2017791,-4487653;175,-3,-3;181,-13,-13;191,1,-2;201,-4,-6
rua||zomar nogueira|quinta das palmeiras|35501118|74,-2017986,-4487983;81,-337,-571;260,262,438;411,63,126;421,-8,-23;431,-4,-2;441,-12,-14;451,-1,-7;470,-6,-29;480,-5,-13;490,-11,-6;491,-10,-1;492,9,-10;494,-2,-1;496,2,-3;540,-28,-31;541,-219,-344;551,-2,-17;561,-20,-22;571,-5,-13;820,29,34;890,-46,-77;900,-5,-9
rua||zomar nogueira|santos dumont|35501118|90,-2017737,-4487584;100,-13,-11;110,-9,-4;120,-7,-14;130,2,-1;142,-3,-32;150,-14,-12;160,-6,0;166,-5,-10;170,-7,-5;180,-4,-4;190,-4,-19;221,-21,-11;230,-3,-41;231,2,32;251,-12,-15
travessa||tancredo neves|santa cruz|35500772|15,-2010602,-4497677
