avenida||10|sao caetano|35502242|11,-2011028,-4485135
avenida||10|sao caetano|35502244|9,-2010918,-4485310;10,-12,20;22,-114,141
avenida||1|lagoa dos mandarins|35502423|130,-2010796,-4485944;131,-14,-30
beco||3|afonso pena|35500111|9,-2013332,-4489040;11,6,10;13,-2,-5;19,-14,-9;160,2,-3;166,16,22;220,-15,-19
beco||calcario 2|sao joao de deus|35500235|91,-2014138,-4487101;103,3,1;700,-3,-10;704,1,17
beco||da ceramica 1|planalto|35501816|20,-2014509,-4490598;40,-23,14;41,10,7;50,-27,9;51,5,-6;61,-1,6;64,-2,4;70,-5,-3;71,-4,2
beco||da ceramica 2|planalto|35501816|30,-2014541,-4490609;40,0,7;50,-13,10;60,2,-2
beco||da ceramica 2|santa luzia|35504899|35,-2014535,-4490605;45,-7,4
beco||da ceramica 3|planalto|35501816|105,-2014583,-4490618;109,17,-18
beco||da ceramica 4|planalto|35501816|169,-2014569,-4490668;173,9,-3
beco||da ceramica 4|santa luzia|35504899|165,-2014580,-4490654
beco||da ceramica 5|planalto|35501816|177,-2014584,-4490678;178,15,-13;180,-13,15;181,-4,4;192,-7,7
beco||niquelina 1a|alto sao joao de deus|35504899|191,-2014440,-4487236;193,-18,-7;195,1,6;196,-3,-12;197,6,2;198,-17,-5;199,20,11;202,-6,20;208,7,-6;216,-11,18;218,-9,7;254,1,-47
beco||niquelina 1|alto sao joao de deus|35504899|131,-2014420,-4487258;133,-14,21;135,7,-4;235,4,-10;239,15,14;249,-15,2;255,4,36;301,-3,-45;330,5,6;342,-5,-6;350,3,0;352,-4,29;354,1,2;358,-2,-8;620,1,-45
beco||niquelina 2|alto sao joao de deus|35504899|20,-2014374,-4487241;21,2,-7;33,-4,17;34,-2,-7;42,-4,7;45,4,3;49,-6,12;50,2,-6;55,-2,12;56,-3,-4;57,-1,2;60,-4,5;66,-6,4;244,-6,10;442,2,-9;446,-11,9
beco||sem denominacao 2|choro|35501996|20,-2005399,-4493067
corredor||10|alto sao joao de deus|35504899|16,-2014332,-4487102;120,32,-44;232,-34,12;236,3,-2;240,3,9;242,4,9;244,-1,8;260,10,-24;300,-13,6
corredor||10|sao joao de deus|35500234|253,-2014326,-4487107;315,13,-23
corredor||19|niteroi|35500614|217,-2013910,-4487189;229,-9,10;235,-1,7;237,3,1;239,3,9
corredor||1|alto sao joao de deus|35504899|351,-2014421,-4487219;445,-3,7;465,2,9
corredor||20|itai|35500201|780,-2014403,-4487120;786,-6,8;787,12,-18;788,-16,14
corredor||2|alto sao joao de deus|35504899|443,-2014397,-4487195;445,-6,13;451,2,7;456,3,-1
corredor||3|alto sao joao de deus|35504899|242,-2014338,-4487192;367,-5,8
estrada||boa vista 49|boa vista|35500001|8,-2023581,-4487928
estrada||boa vista 49|boa vista|35504899|9,-2022710,-4490424
estrada||chacaras santa monica para br 494|cachoeirinha|35500001|15,-2008513,-4493361;300,235,-14;400,47,-32
estrada||da cachoeirinha dvl 438|cachoeirinha|35504899|22,-2008360,-4493728;23,-302,-88;75,288,89;85,-206,-80;273,-57,-5;274,-54,-8;275,-13,0;276,30,2;286,127,13
estrada||dvl 040|ribeirao do cervo|35500001|8,-2025698,-4480961
estrada||dvl 170|inhame|35500001|1,-2018210,-4497882;65,5,11;75,6,42
estrada||dvl 170|jatoba|35501504|9,-2018918,-4497937;62,-148,370;67,74,-67
estrada||dvl 230|mata dos coqueiros|35503624|17,-2002229,-4499807;19,10,202;46,464,-2037;63,-664,730
estrada||dvl 230|mata dos coqueiros|35504441|18,-2002200,-4499627;32,135,-778;37,567,-1458;58,-465,629;61,-105,315;72,-974,576
estrada||dvl 230|mata dos coqueiros|35504453|34,-2002238,-4499340
estrada||dvl 465|ferrador|35500001|17,-2025177,-4480763
estrada||dvl 468|cacoco de cima|35500001|6,-2019403,-4495642;40,-1641,647
estrada||entre a mata e o quilombo 2|quilombo|35500001|2,-2000873,-4496070;3,697,-686;4,-539,516;33,-457,365
estrada||sem denominacao 1|cacoco de cima|35504361|41,-2016818,-4497020
estrada||sem denominacao 4|jatoba|35501504|40,-2018770,-4497723
estrada||sem denominacao 6|jatoba|35501504|16,-2018918,-4497466
estrada||sem denominacao 7|jatoba|35501504|7,-2018978,-4497512
rodovia||amg 0335|belo vale|35500001|3,-2011784,-4493920;5,-109,839;15,-85,-243;18,-93,39;20,119,-222
rodovia||amg 0335|belo vale|35500680|900,-2012424,-4492677
rodovia||amg 0335|belo vale|35502423|881,-2012432,-4492687;891,0,2;901,6,-19;911,3,-7;921,4,-1;931,6,-8;941,5,-22;971,24,-31;981,5,-16;991,-5,-8;1001,6,-15;1151,69,-179;1211,37,-73;1245,18,-36;1251,10,-6;1261,6,-6;1331,24,-70;1335,-3,-1
rodovia||amg 0335|rancho alegre|35502508|133,-2013067,-4491670;153,10,-8;173,6,-9;241,99,-129;261,20,-12;601,275,-333;1720,-575,638
rodovia||amg 0335|vista alegre|35500001|888,-2010794,-4496376
rodovia||amg 0335|xavante|35500019|100,-2013157,-4491569;150,137,-131;160,11,-9;400,326,-340
rodovia||br 494|anchieta|35501505|5,-2011393,-4490810;800,-71,9;880,58,-14
rodovia||br 494|cachoeira da ponte de ferro|35501506|5,-2021654,-4491792;10,2,11;11,0,-5;12,64,25;13,1,-7;14,-8,5;15,19,-8;16,54,-7
rodovia||br 494|chanadour|35501505|10,-2018164,-4492027;11,-139,-50;20,275,77;21,-140,-11;30,103,0;31,-33,-13;36,64,-49;38,104,11;40,-146,24;41,-37,23;44,-21,1;50,50,19;51,-43,19;55,23,84;60,-30,-98;61,-21,35;70,15,-49;71,11,8;80,-32,59;81,-35,-87;84,-7,55;90,56,-22;91,47,-7;100,-59,16;101,-1,-12;110,-39,75;111,165,-154;120,-241,123;121,20,64;130,25,24;131,-33,-33;140,-2,1;141,-24,-32;150,24,88;151,49,-152;160,-54,191;161,-45,-82;170,30,90;171,96,-192;180,-110,199;181,-40,-77;190,13,59;191,-28,-55;200,-13,34;201,-11,-57;251,40,160;266,-6,-62;3761,706,-267;10009,-68,-28;13851,-41,9;14011,-30,-1;14013,-246,-27
rodovia||br 494|choro|35500001|8,-2007984,-4492262;9,-1008,560;11,-477,-172;13,269,-376;39,1592,-57;71,-19,56;86,-186,94;99,558,-189;111,-587,207;121,-2342,717;122,140,-133;123,270,172;127,2473,-749;128,14,9;154,-257,-74;159,-65,59;165,-58,-2;175,-199,-34;176,-22,-11;178,3,-29;181,-59,0;9999,252,20
rodovia||br 494|choro|35500970|110,-2006905,-4492693
rodovia||br 494|choro|35501353|1,-2005863,-4493975;2,-363,-291;3,-373,-266;6,3317,1970;13,-1426,-1232;18,1558,655;19,41,-743;20,548,-33;22,-2946,680;25,2762,-507;32,-3693,679;33,-216,60;37,3045,-122;41,-1095,43;43,517,-1201;44,-6,37;50,558,1017;53,-2537,210;58,2611,42;97,-3646,121;98,3452,-1444
rodovia||br 494|choro|35501505|26,-2008396,-4492334;187,184,22;494,-252,-14
rodovia||br 494|choro|35501996|22,-2005834,-4493079;53,-41,-48
rodovia||br 494|choro|35502829|12,-2002949,-4493264;18,-679,104;40,-153,-173;63,-3612,663
rodovia||br 494|choro|35503303|2,-2005367,-4493265;8,7,-88;9,1350,413;10,210,-391;25,-4593,933;28,2562,-863;35,-771,-251;40,1,-1;44,2429,-710;50,-2809,1103
rodovia||br 494|choro|35503624|25,-2008411,-4492401
rodovia||br 494|choro|35504899|12,-2004671,-4493812
rodovia||br 494|costas|35504453|21,-1998034,-4494741
rodovia||br 494|geraldo pereira|35501505|420,-2018410,-4492211
rodovia||br 494|jardim copacabana|35500001|261,-2020253,-4491945
rodovia||br 494|joao antonio goncalves|35501505|20,-2016320,-4491840
rodovia||br 494|macuco|35504899|26,-2002843,-4493895;43,-1252,59
rodovia||br 494|piteiras|35500001|15,-1999031,-4493218
rodovia||br 494|quilombo|35500001|1,-1997212,-4495103;2,-2387,1191;5,194,196;7,1724,-894;8,-1379,1159;9,-675,-314;12,5956,-2557;14,-4723,2890;15,19,-147;19,-418,-1411;21,2693,1068;24,757,-457;25,-3102,-599;28,-243,300;30,35,-28;35,-915,-317;45,-364,-423;49,222,100;50,33,-93;53,674,752;54,-711,-701;60,286,48;64,-136,55;65,194,-324;72,-547,484
rodovia||br 494|sao francisco|35501505|40,-2016752,-4492059;50,24,29;330,-181,-109
rodovia||br 494|sao judas|35501505|720,-2016385,-4491804;730,-4,-9;734,32,21;740,28,52;746,14,-28;1401,27,18;12261,-122,-75;12401,-286,-178
rodovia||br 494|vargem grande|35500001|28,-2010365,-4491430
rodovia||br 494|vasis|35504899|5,-2006714,-4494669;89,-258,79
rodovia||mg 050|alvorada|35500423|6401,-2011568,-4489962
rodovia||mg 050|cacoco de cima|35500001|17,-2018940,-4496550
rodovia||mg 050|cacoco de cima|35504899|134,-2017539,-4494956
rodovia||mg 050|jardim real|35500001|37,-2017102,-4494283;134,-178,-277
rodovia||mg 050|joao antonio goncalves|35501504|130,-2016096,-4491706;501,-118,-384;960,1,-15
rodovia||mg 050|nossa senhora da conceicao|35500423|152,-2011454,-4489504
rodovia||mg 050|nucleo comercial levindo de paula pereira|35500423|101,-2012427,-4491294;127,-335,-116
rodovia||mg 050|quintino|35503050|132,-2016456,-4493214
rodovia||mg 050|quintino|35504899|133,-2016853,-4493820
rodovia||mg 050|santa luzia|35501221|119,-2015496,-4491525
rodovia||mg 252|costas|35500995|106,-1997371,-4492669
rua||01|residencial sao miguel|35500001|20,-2010433,-4486509
rua||02|residencial sao miguel|35500001|60,-2010233,-4486348
rua||05|residencial sao miguel|35502210|220,-2010160,-4486491;260,-33,-12;261,-99,-37;265,25,9;320,-20,-2;350,-31,-26;411,-60,-20;451,-31,-17;460,20,-23
rua||09|residencial sao miguel|35502214|81,-2010388,-4486412;211,36,-97;240,22,-21;261,-2,-34;270,33,-3;271,-21,-15;301,0,-29;431,20,39;441,-6,-12;540,-59,118
rua||10|residencial sao miguel|35500001|51,-2010310,-4486403;120,-4,29;160,28,-56;220,40,-62;221,-22,-9;280,40,-69;301,-10,-14;310,19,-17;320,-11,34;330,18,-48;340,2,-14
rua||11|residencial sao miguel|35502216|13,-2010262,-4486316;51,12,-26;90,34,-60;100,6,-11;101,-12,3;110,15,-13;111,-7,-10;120,8,4;130,11,-22;140,1,-6;161,-5,-25;191,19,-33;241,23,-66;251,8,-11
rua||12|residencial sao miguel|35502217|21,-2010194,-4486279;40,15,-17;91,19,-73;101,15,-10;111,-3,-14;121,4,-12;151,12,-31
rua||13|residencial sao miguel|35502218|10,-2010066,-4486314;51,-8,-58;71,7,-24;81,4,0;101,-30,68;121,7,-16;191,20,-67
rua||19|fazenda parana iii|35500001|40,-1993858,-4493780;184,20,-82;194,-5,13;204,1,10;214,4,2;224,-2,16;234,0,9;244,-3,12;254,-7,4
rua||20|fazenda parana iii|35500001|51,-1993889,-4493895;93,16,-46;97,-12,-5;109,0,36;117,1,-8;121,0,-1;129,-7,11;133,0,0;137,0,17;145,-5,8;165,0,9;175,-12,13;185,7,9;194,-38,-1;195,35,11;205,7,10;215,-12,10;225,-4,5
rua||33|danilo passos ii|35502403|11,-2012312,-4487104;21,15,7;251,0,20
rua||3|jardim brasilia|35502007|120,-2013368,-4491419;130,102,3;140,0,0;150,21,7;160,3,-2;170,13,14
rua||3|jardim brasilia|35504899|190,-2013164,-4491364;201,-5,-10;240,28,9
rua||3|realengo|35501383|691,-2018306,-4491115;701,-4,-4
rua||7|santos dumont|35504453|461,-2017537,-4488143
rua||de pedestre 2|quintino|35503671|20,-2015935,-4493298;30,-8,-25;33,0,3;35,1,-2;40,-8,-8;41,5,4;45,-5,-28;50,-2,10;51,6,7;55,-9,-20;60,-4,0;70,4,-18;111,-5,6;245,30,92
rua||sem denominacao 10|chacaras sao domingos|35504899|77,-2019513,-4478596
rua||sem denominacao 11|boa vista|35504899|220,-2022487,-4488764
rua||sem denominacao 12|boa vista|35504899|46,-2022491,-4488852;49,13,-25;50,9,-17
rua||sem denominacao 1|belvedere|35501000|24,-2018376,-4489935
rua||sem denominacao 1|cachoeira da ponte de ferro|35501506|26,-2021042,-4491286;27,12,-24;28,-72,94;29,-30,48;30,-63,55
rua||sem denominacao 1|cacoco de cima|35500001|11,-2019632,-4496082;50,31,-70;55,26,-53;101,-14,33;151,-14,24;201,-14,42
rua||sem denominacao 1|inhame|35500001|89,-2018504,-4498443
rua||sem denominacao 1|jardim das mansoes|35500001|165,-2011993,-4486283
rua||sem denominacao 1|jardim das mansoes|35500002|160,-2011940,-4486247;161,-11,-12;163,-13,6
rua||sem denominacao 1|joao antonio goncalves|35504899|10,-2016311,-4492098;310,84,-10;331,-121,-5;501,89,19
rua||sem denominacao 1|realengo|35501000|28,-2018195,-4489939;400,-111,36;406,25,-10;408,22,-6
rua||sem denominacao 2|belvedere|35501000|41,-2018571,-4489728;42,-16,-1;43,-35,-35;44,-5,0;45,-7,-2;46,13,-16
rua||sem denominacao 2|cachoeira da ponte de ferro|35501506|17,-2021326,-4491673;19,-234,22
rua||sem denominacao 2|cacoco de cima|35500001|101,-2019494,-4495738;301,-29,66;401,-7,18
rua||sem denominacao 2|cacoco de cima|35504361|137,-2018083,-4495836
rua||sem denominacao 2|choro|35501996|240,-2005806,-4492113;275,39,67;280,-25,-40
rua||sem denominacao 2|floramar|35500001|14,-2011078,-4482143;15,81,29;16,4,-33
rua||sem denominacao 2|itacolomi|35501393|741,-2019232,-4490562
rua||sem denominacao 2|itacolomi|35501405|720,-2019233,-4490551
rua||sem denominacao 2|planalto|35501171|32,-2014492,-4490594;54,14,-20;118,-4,-1
rua||sem denominacao 2|planalto|35501816|10,-2014483,-4490595;52,4,-19
rua||sem denominacao 2|vista alegre|35500001|477,-2010616,-4496718
rua||sem denominacao 3|boa vista|35504899|64,-2022578,-4488422
rua||sem denominacao 3|chacaras belo horizonte|35504899|71,-2018171,-4479783
rua||sem denominacao 3|floramar|35500001|23,-2011114,-4483013;49,-19,152
rua||sem denominacao 4|cacoco de cima|35500001|1380,-2019601,-4495972
rua||sem denominacao 4|chacaras belo horizonte|35504899|71,-2018198,-4479780
rua||sem denominacao 4|floramar|35500001|20,-2011272,-4483140;26,145,-157
rua||sem denominacao 4|inhame|35500001|124,-2018426,-4498118
rua||sem denominacao 5|boa vista|35504899|78,-2022369,-4488576;79,0,14;84,-29,70;85,-25,23;87,-30,35;88,-24,32;89,-19,57;90,-4,8;96,61,-109;97,78,-131
rua||sem denominacao 5|cacoco de cima|35504361|141,-2017963,-4495851
rua||sem denominacao 5|chacaras belo horizonte|35504899|7,-2018740,-4480014;9,-2,64;40,0,127;481,-2,-206
rua||sem denominacao 5|inhame|35500001|69,-2018614,-4498194;92,54,101
rua||sem denominacao 7|boa vista|35500001|65,-2022559,-4488429;68,15,-37;72,-27,68
rua||sem denominacao 7|inhame|35500001|100,-2018286,-4498428;101,30,57
rua||sem denominacao 8|boa vista|35504899|12,-2022161,-4488627;16,36,-64;18,-36,62
travessa|dona|francisca 2|afonso pena|35500112|1,-2013358,-4489036;5,-2,5;6,7,5;12,-4,-48;25,10,58;30,5,10;38,10,0;43,-15,-10;44,6,4;45,6,6
travessa|dona|francisca 4|afonso pena|35500112|191,-2013360,-4489028;195,-8,-9
travessa|sao|vicente 2|alto sao vicente|35500116|250,-2013065,-4489281;260,11,5;2300,1,20
travessa||amazonas 1|catalao|35501207|550,-2014845,-4489947
travessa||amazonas 1|catalao|35501208|511,-2014860,-4489933;521,8,-18;561,3,2
travessa||manoel bandeira 1|planalto|35501199|11,-2014763,-4490548;15,-3,3;19,0,0;21,1,4;31,-4,1
travessa||niquelina 1|sao joao de deus|35500234|210,-2014209,-4487132;228,1,-5;232,1,-7;236,0,-1;274,-1,17;317,-2,-15;319,-13,-5;321,3,1;325,-2,-7
travessa||niquelina 2|niteroi|35500234|25,-2014082,-4487182;26,-5,9;27,-3,8;30,3,-2;35,-5,6;45,15,21;175,-12,-50
travessa||niquelina 3|niteroi|35500234|85,-2014005,-4487203;348,-5,13;442,11,5;454,-21,2
vila||joao cota 1|catalao|35504132|19,-2015201,-4489745;21,-9,4;27,-6,1;33,-5,1;37,-3,0;45,-2,3;51,-12,3;59,-7,-12;65,-13,18
vila||joao cota 1|vila joao cota|35504899|4,-2015187,-4489614;8,-7,-16;18,-10,-122;20,2,119;24,-1,4;26,-13,-120;30,-22,87;32,23,-93;36,6,114;42,-7,-9;54,-1,-4;56,-23,-72;60,-6,-10;62,21,72;68,-31,-65;72,26,62;76,-29,-66;80,-13,7;88,26,50
vila||joao cota 2|catalao|35504132|88,-2015181,-4489652;98,-64,-29;104,-11,-10;106,-2,-2;108,-7,-6;124,-2,-5;130,-7,-8
vila||joao cota 2|vila joao cota|35504899|1,-2015249,-4489684;3,56,70;15,-8,-7;23,-4,-8;31,-7,-7;43,-8,-2;61,-9,-22;71,-3,-6;83,-10,-3;89,-1,-8;97,11,3;99,-19,-19;113,-10,-17;123,-4,-4;127,-6,0
