alameda|doutor|gustavo drumond tostes|triangulo|35610000|6,-1947595,-4560853;14,52,5;33,30,-20;35,-9,-4;47,-8,-5;57,-6,-3;83,-110,-90;92,142,145;101,-134,-133;111,35,-6;112,75,133;143,-83,-111;145,11,12;161,-90,-69;165,96,77;169,16,10;171,6,9;185,16,10
alameda||dos coqueiros|belvedere|35610000|497,-1946766,-4560870
alameda||jk|aeroporto|35610000|4,-1945409,-4558703;58,6,-14;282,-222,263;286,53,-67;306,-3,10;310,-10,13;340,-29,25
avenida|doutor|di|centro|35610000|1395,-1946408,-4559697;1401,17,17;1413,7,4;1423,8,4;1439,18,16;1461,7,2;1471,13,9;1491,1,4;1501,19,10;1561,55,42;1589,50,37;1593,9,7;1595,-58,-34
avenida|doutor|di|juiz de fora|35610000|22,-1947444,-4560426;25,15,-6;30,-6,16;34,5,0;37,11,-8;39,1,1;40,2,11;45,7,-5;46,-6,20;47,11,-17;50,7,23;51,25,-5;79,-15,-4;89,11,4;128,9,36;132,8,9;137,0,-9;149,18,-2;152,-7,14;155,16,-13;161,9,5;166,-12,16;171,14,-11;184,3,19;186,9,-2;187,-1,-10;199,5,20;205,52,19;208,-48,-20;250,31,25;262,8,1;272,15,18;276,9,9;285,-9,-24;295,1,1
avenida|doutor|di|oswaldo araujo|35610000|342,-1947198,-4560244;354,6,8;370,13,1;378,2,6;388,17,3;406,11,14;426,10,11;472,36,21;478,7,0;488,9,5;500,9,11;520,13,14;538,13,10;618,31,21;648,34,24;658,12,2;662,19,20;672,12,13;688,10,7;762,18,8
avenida|doutor|di|rosario|35610000|337,-1947171,-4560242;339,-32,-25;477,120,84;499,19,23;607,58,34;619,9,3;631,4,10;643,12,11;687,44,27;704,41,24;777,-32,-16;797,13,8;803,9,5
avenida|doutor|di|sao sebastiao|35610000|1540,-1946283,-4559585;1594,16,12;1600,3,4;1638,27,26;1650,11,0;1662,-283,-211;1672,298,216;1680,2,8
avenida|doutor|di|vale do sol|35610000|826,-1946864,-4560005;847,5,-11;848,9,21;880,17,19;881,27,-36;900,-7,38;903,20,4;915,10,4;920,-15,6;941,42,19;942,-30,-16;951,46,26;952,-36,-22;961,47,30;968,-42,-15;971,53,24;974,-26,-4;979,73,32;989,20,12;991,5,12;999,16,8;1035,-10,-3;1070,-9,-9;1109,56,38;1110,178,321;1122,10,-5;1125,-169,-305;1128,-1,11;1129,-7,-13;1135,18,3;1140,52,59;1153,-38,-38;1162,-13,9;1170,15,12;1172,35,18;1350,107,244;1366,-10,5;1374,-34,-204;1404,12,76;1416,50,-28;1420,-18,153;1470,52,-121;1480,10,7;1500,14,16;1510,14,-2
avenida|governador|magalhaes pinto|centro|35610000|15,-1945736,-4560069;22,-26,-11;26,-3,27;35,2,15;36,-9,-9;52,-18,19;53,21,-1;62,-24,12;75,50,-42;82,-63,55;100,-5,3;110,2,11;118,-13,2;120,-7,12;140,-10,12;156,-9,11;197,56,-30;204,-77,60;217,64,-58;226,-85,82;230,2,3;233,81,-92;241,69,-86;259,-92,125;266,-32,13;291,16,3;309,-15,24;321,-1,7;339,-11,4;357,-9,16;393,-19,20;407,-13,16;409,-90,111;421,84,-101;431,5,16;443,-1,4;452,-96,78;453,69,-75;468,-83,92;484,0,4;485,6,14;496,-13,-16;508,-8,9;526,-11,11;536,-10,15;548,-5,5;589,47,-35;594,-78,75;598,10,-12;609,57,-49;627,-6,6;630,-65,55;642,-10,17;649,64,-58;653,-7,4;655,-4,10;662,-66,57;668,3,1;673,52,-46;678,-64,58;728,-23,31;754,-7,8;776,-19,23;803,99,-101;817,-4,10;829,-14,3;843,-8,41;861,0,0;869,-12,-5;889,-7,10;891,-2,-4
avenida|governador|magalhaes pinto|sao sabastiao|35610000|355,-1945951,-4559808;367,-10,13;387,-20,32;415,-4,2
avenida|governador|magalhaes pinto|sao sebastiao|35610000|264,-1945910,-4559872;280,-6,14;312,-8,9;314,-35,34;326,23,-14;328,5,-15;372,-42,47;384,-13,17;438,-7,11;794,-222,268;806,13,5;812,-14,7;820,-9,0;840,-7,3;854,2,16;864,-18,-16;876,6,26;886,-18,18;890,-9,7;900,-5,0;914,7,20;931,-32,91;937,135,-207;949,-6,5;981,-2,-8;1017,-32,46;1022,-134,149;1041,117,-127;1201,-21,20;1255,-22,32;1297,-70,63;1343,13,7;1384,-34,19;1393,-3,27
avenida|santa|cruz|centro|35610000|113,-1945737,-4559880;231,58,31;304,-144,-75;320,6,6;327,21,-2;349,-13,-14;355,-2,15;375,16,2;400,32,24;415,9,-4;418,0,15;424,18,9;449,16,0;454,-3,9;461,19,-11;498,16,27;503,-2,-6;510,8,18;518,11,6;522,38,26;527,-6,-8;528,8,13;543,-28,-35;551,12,4;565,10,10;571,6,7;575,11,19;580,-6,-4;587,15,3;599,-11,-1;617,13,16;625,14,8;635,20,14;677,1,2;707,39,37;727,5,10;870,17,19;880,6,0;900,3,5
avenida|santa|cruz|sao sebastiao|35610000|9,-1946083,-4560083;10,25,13;11,-18,-10;27,7,10;31,40,16;35,7,4;48,-19,-9;58,21,21;68,10,5;78,4,2;86,9,-3;106,6,14;109,20,11;120,-16,-8;138,27,11;147,-5,-5;157,10,10;158,10,8;176,7,2;186,17,7;187,-18,-18;203,7,-19;210,21,46;211,-5,-18;240,28,33;242,-10,-8;254,6,10;256,17,8;277,7,-17;287,0,7;297,6,0
avenida||da saudade|centro|35610000|37,-1946280,-4560552;181,167,-132;199,-11,12;209,-9,5;220,-51,24;225,41,-12;246,-95,57;270,-15,3;273,88,-41;280,-95,52;300,78,-57;301,-25,31;311,-6,8;339,-28,19;361,-14,16;371,0,-1;380,-21,-4;387,-7,25;434,-40,13;468,-16,12;591,-29,33;601,-18,16;831,382,-336
avenida||francisco campos|centro|35610000|3,-1947036,-4560763;24,43,26;32,-2,0;33,10,-1;37,6,3;50,-10,3;54,-45,-30;56,60,45;61,15,5;64,-115,-73;66,106,69;80,-103,-61;84,5,6;90,4,1;91,120,71;100,-119,-70;104,10,8;120,128,84;126,1,-4;127,9,3;128,-7,-2;134,-14,-3;145,29,14;151,2,3;170,-4,5;171,23,-2;172,-6,12;190,6,4;196,-73,-52;197,98,62;200,-9,-9;205,13,9;210,-7,-4;211,16,5;220,-2,9;231,7,-6;233,2,3;235,2,0;237,9,7;248,-2,13;265,19,0;270,-8,11;281,23,-1;283,3,-4;285,-2,2;286,-16,2;287,22,-4;291,-1,-1;297,2,6;308,-15,1;318,4,-2;319,33,21;328,-13,-4;342,6,4;354,14,13;363,12,-5;365,9,16;366,-16,-9;373,22,9;380,-13,-6;386,7,1;387,14,11;392,-6,-4;400,0,15;415,29,3;422,-18,11;426,17,0;433,14,-1;446,0,4;453,21,0;461,6,7;466,-38,-11;467,35,18;468,-5,-5;474,-4,10;487,20,4;490,5,-7;497,6,9;501,5,4;504,-9,6;509,16,-3;520,1,14;521,11,-6;524,-6,3;532,-21,-21;535,41,33;548,-8,0;561,26,15;576,-3,0;593,25,14;606,-1,8;615,16,0;618,3,8;621,-4,-16;627,4,11;635,7,1;649,9,6;651,6,0;652,-14,3;664,12,11;679,24,5;682,-11,3;702,20,19;707,-6,-13;708,19,18;712,3,-3;720,-2,2;722,4,17;727,-3,-28;730,14,9;737,-8,0;760,36,31;766,3,-24;767,-24,2;768,34,23;770,10,19;780,8,3;781,-17,-24;782,21,18;783,-3,-10;788,15,38;792,-7,-4;796,10,-14;800,3,11;805,-9,-22;818,16,24;823,-10,-18;831,11,13;840,10,15;842,-4,9;849,7,-16;858,14,4;867,4,5
avenida||godofredo sousa araujo|centro|35610000|74,-1945704,-4559587;80,21,10;150,-25,-8;922,107,5
avenida||jonas pires|avenida jonas pires|35610000|365,-1947655,-4559450;367,-11,10;369,1,8;371,-25,13;379,-4,8;495,54,-44
avenida||jonas pires|dores do indaia|35610000|357,-1947612,-4559479;475,-11,11
avenida||jonas pires|industrias|35610000|845,-1947722,-4559392;855,-8,7;865,-12,4;875,-2,3;891,-16,16;901,-6,5;911,-9,8;921,-9,10;945,-13,6;947,-11,8;1001,-50,39
avenida||jonas pires|oswaldo soares costa|35610000|100,-1947324,-4559741;104,26,19;155,-79,61;165,-9,12;199,46,-43;200,-32,10;201,9,15;202,-20,-3;203,11,10;204,-18,2;206,-11,-11;300,-18,17;301,8,19;302,-18,-15;303,17,12;304,-19,-4;305,5,10;306,-18,-5;307,15,15;308,-19,-8;309,8,18;312,-13,5;313,-3,6;314,-6,-10;315,1,13;316,-12,-5;317,3,15;318,-7,-12;319,6,16;321,-22,8;324,-37,-213;325,18,233;326,-23,-207;327,26,205;328,-14,-8;330,-22,-168;331,21,187;332,-1,-130;336,-24,134;338,-7,13;339,-9,12;340,-7,-8;342,-12,1;344,-7,2;345,59,-11;348,-71,32;350,-6,-1;352,-5,11;354,-7,1;356,-8,16;360,-19,2;362,-4,7;364,-9,4;366,-7,7;368,-8,6
avenida||minas gerais|centro|35610000|19,-1946994,-4560779;28,-49,48;42,-7,10;60,-3,10;105,19,-9;115,0,6;139,-8,18
avenida||minas gerais|juiz de fora|35610000|463,-1947243,-4560372;465,-4,12;483,3,5;489,-12,7;490,-9,-11;500,1,15;503,-6,9;511,-3,14;530,-4,-14;543,-3,38;544,-14,-11;564,-7,15;575,14,3;576,-18,6;578,-9,9;587,9,8;595,-7,4;603,-13,9;609,0,23;640,-8,-12;646,-1,6;651,4,13;658,-13,2;665,4,13;666,-7,-7;675,1,17;686,-11,-1;687,7,8;705,-24,19;706,-1,-5;714,-23,51;715,23,-26;718,-1,-20;725,0,22;731,-2,6;732,-1,-19;738,-5,5;750,-2,10;752,-9,13;756,-8,16;757,11,-6;767,-1,4;770,-21,16;777,5,10;783,7,-11;785,2,-3;787,3,-4;789,-19,28;800,0,-19;802,-6,12;808,-5,5;811,5,9;827,-3,3;833,-16,28;837,10,-18;843,-18,25;845,15,-17;853,0,4;858,-16,3;864,-4,6;872,-4,5;890,-12,10;900,-12,2;910,44,-47;912,-49,62;932,8,-7;948,-30,25;950,-6,-1;952,-22,12;954,-11,2;956,-13,2;958,-6,15;962,-5,-8;996,-5,4;1006,-14,12
avenida||minas gerais|oswaldo soares costa|35610000|4,-1947528,-4559976;913,44,-23;915,-11,7;961,-44,11;981,-6,7;983,-8,-2;997,-20,14
avenida||minas gerais|rosario|35610000|72,-1947070,-4560689;84,-4,15;106,-17,20;145,38,-24;164,-55,68;178,-5,9;185,44,-60;193,-1,3;206,-58,67;215,24,-20;221,-1,16;238,-36,31;267,11,14;298,-44,34;301,5,14;309,-9,20;315,41,-59;319,-4,0;322,-43,53;347,91,-135;350,-119,157;355,13,15;364,-17,-1;383,7,21;391,1,0;405,-6,18;435,-9,18
beco||eurides medeiros|sao sebastiao|35610000|30,-1946315,-4559324
beco||guimaraes|centro|35610000|50,-1945489,-4558871;64,7,2;76,-13,10;621,-6,5
beco||joao venancio|vale do sol|35610000|36,-1946399,-4559518;48,-8,-9;52,-12,-8;60,-3,-6;75,-19,6;82,6,-8;87,-18,-4;88,23,17;95,-20,-18;98,-10,-1;106,-2,-1;107,4,2;114,-10,-16;121,-2,9;129,-13,-9;144,-3,-7;145,-14,-1;149,9,2
estancia|sao|jorge|veados|35610000|4,-1940187,-4555752
estancia||ana carolina|agua raza|35610000|13,-1953547,-4564498
estancia||ana maria|coelhos|35610000|16,-1959473,-4562450
estancia||corrego da onca|sede|35610000|18,-1963831,-4564466
estancia||isabela|coelhos|35610000|23,-1960815,-4559898
estancia||noronha totonho 1|patos|35610000|20,-1952657,-4551043
estrada||cemiterio a tapuia|tapuia|35610000|9,-1942192,-4567116
estrada||clodomiro de oliveiea|antas coelhos|35610000|22,-1959558,-4559689
estrada||clodomiro de oliveira|dores do indaia|35610000|12,-1957761,-4553064;20,-1477,2002;22,750,1135;23,1321,1498;26,723,1471;27,129,-907;30,-1806,3381;35,3239,590
estrada||do bau|agua raza|35610000|20,-1962766,-4565754
estrada||do bau|morro grande|35610959|22,-1956294,-4570262
estrada||do bau|onca|35610000|21,-1964010,-4565105
estrada||do beco do cemiterio|contendas|35610000|16,-1938061,-4566950
estrada||do beco do cemiterio|engenho|35610000|4,-1944527,-4564360;5,-91,-936;9,1094,-777;12,-137,-4259
estrada||do beco do cemiterio|tapuia|35610000|5,-1942947,-4565615;9,910,-2457;10,-142,3062;11,2191,-1266;12,498,1609;13,-587,-3017;14,-1130,-756;24,-1221,-2483;735,1383,5955
estrada||do campo alegre|campo alegre|35610000|11,-1938117,-4562312
estrada||do campo alegre|contendas|35610000|3,-1942426,-4561256;7,272,-2143
estrada||do campo alegre|engenho|35610000|13,-1943089,-4569374
estrada||do campo alegre|tapuia|35610000|4,-1942566,-4563968
estrada||do campo alegre|veados|35610000|8,-1940579,-4563474;12,2843,62;21,-1142,584
estrada||do fundao|fundao|35610000|18,-1960102,-4551649;19,1584,-2608;22,-1585,2609;23,-2045,321;30,-4013,-3261;35,-2009,1245;36,-315,2326;45,4727,93;48,-543,754
estrada||do fundao|patos|35610000|9,-1952447,-4556440
estrada||do fundao|porcos|35610000|10,-1954407,-4553435;11,-621,-38
estrada||do matadouro|antes da copasa|35610000|3,-1949326,-4562971
estrada||do matadouro|cocais|35610000|7,-1949703,-4562972
estrada||do matadouro|estrela do indaia|35610000|21,-1949611,-4570280
estrada||do matadouro|jabuticabas|35610000|1,-1947774,-4562498;3,1108,-3356;4,-427,2253;5,741,-1930;6,263,-851;7,-1348,1002;8,312,-2302;9,-907,-474;10,343,354;11,233,-51;12,2772,-885;13,-2541,-773;15,2273,-1531;211,-2800,9922
estrada||dores a bom despacho|patos|35610000|15,-1955332,-4551422;35,3587,8181
estrada||dores a bom despacho|porcos|35610000|28,-1954540,-4544767
estrada||dores bom despacho|agua raza|35610000|9,-1955596,-4562673
estrada||dores bom despacho|antas coelhos|35610000|16,-1959262,-4560730;18,-719,-260;19,1525,2273;20,-3924,1694;21,1010,-4444;22,710,2315;24,-1804,-1334
estrada||dores bom despacho|antas coelho|35610000|16,-1959334,-4561061;18,1938,1689
estrada||dores bom despacho|bom jardim|35610000|15,-1961345,-4563301
estrada||dores bom despacho|cocais|35610000|8,-1952939,-4565425;9,-2796,3042;10,3221,-1377;11,-2176,3801;12,257,-3433;15,-3748,2199;19,935,4389;20,32,-631
estrada||dores bom despacho|coelhos|35610959|19,-1961756,-4562515
estrada||dores bom despacho|condutas|35610000|7,-1951183,-4554167
estrada||dores bom despacho|estrada estrela|35610000|8,-1954243,-4562131;10,-2205,-817
estrada||dores bom despacho|patos|35610000|3,-1949975,-4557935;4,-73,-285;5,-573,-619;6,-208,-810;11,-2353,1264;12,-64,-131;13,-1115,782;17,3117,4491;21,-384,7005;25,1103,1856
estrada||dores bom despacho|porcos|35610000|12,-1956116,-4554430;20,-357,-1109
estrada||dores bom despacho|taquaral|35610000|19,-1962938,-4563160
estrada||dores copasa|agua quente|35610000|19,-1957815,-4567365
estrada||dores copasa|agua raza|35610000|11,-1954682,-4564333;12,1071,129;13,-620,678;18,-1654,-852
estrada||dores copasa|antes da copasa|35610000|1,-1948586,-4562873
estrada||dores copasa|cocais|35610000|7,-1953681,-4562848;8,59,152;12,-2511,-1761;13,-443,-331;15,473,-1117;16,-266,-612;18,216,760;19,-691,-1679;20,-344,-517;21,1906,-1867
estrada||dores copasa|cocais|35610959|13,-1952945,-4568399;17,-2114,746;18,-3681,2442;19,3673,-2684;20,-3334,737
estrada||dores copasa|mata cocais|35610959|15,-1953753,-4567848
estrada||dores copasa|perto da rodovia estrela|35610000|7,-1950672,-4565665;10,-840,-1533
estrada||dores copasa|taquaral|35610000|17,-1962418,-4564110
estrada||dos patos|condutas|35610000|20,-1952377,-4550867
estrada||dos patos|dores do indaia|35610000|33,-1959229,-4544153
fazenda|doutor|fabio pindaiba|tapuia|35610000|14,-1938610,-4565418
fazenda|nossa senhora|aparecida|engenho|35610000|8,-1943753,-4566550
fazenda|nossa senhora|do rosario|porcos|35610000|5,-1952485,-4553182
fazenda|santa|ana ronaldo costa|jabuticabas|35610000|2,-1945108,-4563649
fazenda|santa|fe ademar|santa fe|35610000|30,-1961478,-4549446
fazenda|santa|fe marcio|santa fe|35610000|29,-1961470,-4549434
fazenda|santa|maria de jose|porcos|35610000|9,-1954948,-4547692
fazenda||agua parada carlos melo|contendas e veados|35610000|6,-1940969,-4562712
fazenda||agua parada marcos|santa fe|35610000|29,-1961633,-4552559
fazenda||agua parada milto eletricista|tapuia|35610000|2,-1938162,-4567004
fazenda||agua parada milto eletricista|veados|35610000|8,-1940368,-4561781
fazenda||antas coelho orlando|coelhos|35610000|20,-1960782,-4561050
fazenda||antas do coelho|antas coelhos|35610000|18,-1958766,-4559171
fazenda||antas olho dagua|olhos dagua|35610000|16,-1959183,-4561106
fazenda||antas|porcos|35610000|17,-1957176,-4554828
fazenda||antonio tenente|cocais|35610000|19,-1957594,-4569732
fazenda||aqua quente ernandes|agua quente|35610000|18,-1957570,-4567053
fazenda||aqua raza jose|agua raza|35610000|12,-1954875,-4559765
fazenda||aqua raza|agua raza|35610000|13,-1953734,-4565498
fazenda||barra verde jose cardoso|dores do indaia|35610000|31,-1965841,-4554459
fazenda||beira rio altivo|sao francisco|35610000|29,-1961778,-4552056
fazenda||bela vista|copasa|35610000|8,-1951766,-4565691
fazenda||bocaina ze do poso|veados|35610000|11,-1938665,-4561998
fazenda||bom jardim francisco|bom jardim|35610000|20,-1966019,-4562732
fazenda||cachoeira|vale do cachao|35610000|25,-1958845,-4569724
fazenda||cangalha geraldo cordeiro|jabuticabas|35610000|7,-1947502,-4566626
fazenda||canoas|fundao|35610000|25,-1963322,-4554783
fazenda||capao comprido francisco|bom jardim|35610000|20,-1961786,-4560010
fazenda||capao comprido|taquaral|35610000|22,-1963481,-4560926
fazenda||caraibas de nascimento|caraibas|35610000|5,-1945815,-4564226
fazenda||caraibas jaime teles|caraibas|35610000|6,-1945874,-4564696
fazenda||caraibas julia|caraibas|35610000|7,-1945573,-4565052
fazenda||casa grande odilon|porcos|35610000|23,-1954492,-4544776
fazenda||cava|jabuticabas|35610000|17,-1947956,-4572388
fazenda||clodomiro altivo|dores do indaia|35610000|29,-1958316,-4546444
fazenda||clodomiro antonio padua|dores do indaia|35610000|19,-1957730,-4549293
fazenda||clodomiro gica|dores do indaia|35610000|20,-1957199,-4549536
fazenda||clodomiro jonas da lucia|dores do indaia|35610000|30,-1956773,-4543221
fazenda||clodomiro mauro|dores do indaia|35610000|27,-1957784,-4552869
fazenda||clodomiro miguelzinho|dores do indaia|35610000|29,-1957368,-4544479
fazenda||clodomiro ze carlos|dores do indaia|35610000|28,-1958552,-4546922
fazenda||clodomiro ze veio|dores do indaia|35610000|23,-1965296,-4554019
fazenda||cocais 4|cocais|35610000|12,-1957973,-4563887
fazenda||cocais 5|cocais|35610000|15,-1955572,-4563914
fazenda||cocais evandro|cocais|35610000|13,-1955575,-4565033
fazenda||cocais luiz|agua quente|35610000|18,-1957725,-4567097
fazenda||cocais raimundo|cocais|35610000|18,-1956712,-4566967
fazenda||cocais|cocais|35610000|16,-1955526,-4561500
fazenda||coelho lourival|coelhos|35610000|17,-1960248,-4560830
fazenda||contendas celma|contendas|35610000|7,-1942177,-4563896
fazenda||contendas inho|contendas|35610000|7,-1942484,-4561503
fazenda||contendas irma do tao|contendas|35610000|6,-1942426,-4561256
fazenda||contendas moacir bazar|contendas|35610000|8,-1942646,-4563156
fazenda||contendas nair ze rosa|contendas|35610000|2,-1943849,-4563962
fazenda||contendas ze amaro|contendas|35610000|4,-1943002,-4564866
fazenda||contendas zelmo|contendas|35610000|7,-1942244,-4563897
fazenda||coqueiros|engenho|35610000|2,-1944474,-4563898
fazenda||coqueiros|jabuticabas|35610000|1,-1945491,-4562909;500,-581,1075
fazenda||da bencao|contendas|35610000|7,-1942329,-4563992
fazenda||da granja|veados|35610000|8,-1940107,-4560491
fazenda||dengo nosso|patos|35610000|4,-1950063,-4562241
fazenda||depois estrada estrela|estrada estrela|35610000|17,-1953446,-4567164
fazenda||esperanca|retiro|35610000|2,-1943807,-4558865
fazenda||ferreira rosana do jonas|patos|35610000|22,-1952770,-4549739
fazenda||ferruge|tapuia|35610000|13,-1941012,-4567360
fazenda||fundao robertao|fundao|35610000|31,-1964319,-4553651
fazenda||gameleira tonho satilo|dores do indaia|35610000|24,-1957270,-4547706
fazenda||gilmar faria|cocais|35610000|15,-1953581,-4567961
fazenda||guanabara|veados|35610000|10,-1938182,-4559134
fazenda||jaboticabas ana andrade|jabuticabas|35610000|10,-1947070,-4566889
fazenda||jaboticabas dino|jabuticabas|35610000|8,-1945194,-4567792
fazenda||jaboticabas doutor rodrigo|jabuticabas|35610000|12,-1945755,-4570601
fazenda||jaboticabas gangalha eduardo|jabuticabas|35610000|20,-1948955,-4567240
fazenda||jaboticabas geraldo magela|jabuticabas|35610000|14,-1948164,-4570298
fazenda||jaboticabas joao do jovino|jabuticabas|35610000|14,-1947508,-4569813
fazenda||jaboticabas jose augusto|jabuticabas|35610000|22,-1948683,-4569777
fazenda||jaboticabas jovino|jabuticabas|35610000|24,-1948440,-4570606
fazenda||jaboticabas ze faria bruno|jabuticabas|35610000|17,-1947270,-4571726
fazenda||jaboticabas ze laureano|jabuticabas|35610000|8,-1945409,-4567233
fazenda||jaci cajuca juriti|jabuticabas|35610000|20,-1950992,-4568986
fazenda||jb 2|contendas|35610000|4,-1943627,-4561342
fazenda||joao oliveira|jabuticabas|35610000|16,-1951429,-4568772
fazenda||jorge|olhos dagua|35610000|20,-1959508,-4559683
fazenda||jornada ze carlos|dores do indaia|35610000|30,-1956134,-4545315
fazenda||junco|junco|35610000|29,-1936589,-4533337
fazenda||liberdade|patos|35610000|9,-1953209,-4554708
fazenda||macaubas|cocais|35610000|19,-1959618,-4562628
fazenda||marcelo motomac|jabuticabas|35610000|7,-1947544,-4567961
fazenda||marcio geraldo tenente|jabuticabas|35610000|3,-1947971,-4563657
fazenda||mata dos cocais adair|cocais|35610000|18,-1957946,-4565716
fazenda||mata dos cocais beto|cocais|35610000|19,-1958452,-4565628
fazenda||mata dos cocais iv|cocais|35610000|16,-1960915,-4563640
fazenda||mata vaca|cocais|35610000|13,-1957329,-4563651
fazenda||matriz|fundao|35610000|22,-1960020,-4552449
fazenda||monjolos xe|tapuia|35610000|7,-1943232,-4566235
fazenda||morro grande|cocais|35610000|16,-1955524,-4565933
fazenda||ne 3|contendas|35610000|3,-1943472,-4563652
fazenda||ne|contendas|35610000|8,-1942703,-4562536
fazenda||nova era|jabuticabas|35610000|21,-1950465,-4567855
fazenda||olhos dagua decinara|coelhos|35610000|17,-1958553,-4560994
fazenda||onca do pitangui|porcos|35610000|1,-1952950,-4552601
fazenda||pacheco de marco tulio|jabuticabas|35610000|1,-1946401,-4562100
fazenda||paraiso|quati|35610000|9,-1943837,-4567354
fazenda||patos luiz|patos|35610000|5,-1950615,-4557137
fazenda||patos osvander|patos|35610000|4,-1949739,-4558351
fazenda||patos pedro vaz|patos|35610000|1,-1948933,-4558392
fazenda||paulinho petico|agua raza|35610000|10,-1955716,-4559458
fazenda||ponte funda hilda|tapuia|35610000|8,-1942130,-4566603
fazenda||porcos irene|jabuticabas|35610000|12,-1950383,-4567717
fazenda||porcos jose lopes|porcos|35610000|8,-1953562,-4559836
fazenda||porcos naor|porcos|35610000|15,-1954868,-4550135
fazenda||recanto das palmeiras|jabuticabas|35610000|12,-1945145,-4569349
fazenda||retirinho do guaraci|jabuticabas|35610000|5,-1950450,-4564309
fazenda||retiro das canoas|fundao|35610000|23,-1963532,-4553272
fazenda||retiro dos patos ii|bico das canoas|35610000|1,-1948208,-4559813
fazenda||retiro dos patos|patos|35610000|7,-1951868,-4556770
fazenda||retiro joao isaura|copasa|35610000|6,-1949958,-4563832
fazenda||retiro|capao cumprido|35610000|27,-1962749,-4559721
fazenda||sanfona e viola|matadouro|35610000|16,-1950850,-4562358
fazenda||santarem|santarem|35610000|3,-1943774,-4557303
fazenda||siqueira de maria|sao bento|35610000|15,-1950797,-4542914
fazenda||tapuia|tapuia|35610000|7,-1941639,-4566238
fazenda||tapuinha|tapuia|35610000|11,-1942424,-4569139;13,1859,941
fazenda||taquaral robertao|taquaral|35610000|21,-1963428,-4561549
fazenda||taquaril renato|taquaral|35610000|2,-1944047,-4563030
fazenda||taquaril|caxambuzinho|35610000|3,-1943274,-4561765
fazenda||taruma|veados|35610000|5,-1938283,-4554645
fazenda||tatu olavo|tatu|35610000|17,-1937966,-4561446
fazenda||tavares bosco|jabuticabas|35610000|21,-1949677,-4570424
fazenda||teteia sobrado|jabuticabas|35610000|16,-1945586,-4572126
fazenda||timbo pinduca 2|antas|35610000|25,-1959455,-4552984
fazenda||timbo ze adalto|dores do indaia|35610000|19,-1958632,-4552235
fazenda||tonho lima|jabuticabas|35610000|15,-1945901,-4571151
fazenda||topete|campo alegre|35610000|9,-1938766,-4560591
fazenda||uniao|patos|35610000|7,-1950565,-4556241
fazenda||valdir so li|engenho|35610000|7,-1943767,-4565276
fazenda||veados rita cassia|veados|35610000|13,-1938071,-4563089
fazenda||xodo|matadouro|35610000|2,-1949065,-4561992
fazenda||ze alves|tapuia|35610000|24,-1942740,-4570239
fazenda||ze omar zica|engenho|35610000|8,-1944447,-4565927
fazenda||ze ribeiro|tapuia|35610000|12,-1941478,-4567012
fazenda||zuino 1|serradao|35610000|15,-1943724,-4570175
praca|padre|antonio filizola|centro|35610000|1857,-1946129,-4559558;1865,17,5;1867,12,7
praca|padre|antonio filizola|sao sebastiao|35610000|35,-1946069,-4559511;1840,-82,-19;1843,-2,-22
praca|prefeito|mario carneiro|centro|35610000|4,-1946284,-4560170;50,-62,-93;60,-17,-12;66,17,12;76,3,2;78,-17,5;96,-4,7;98,-3,2;112,-16,16;1376,42,46;1392,15,11;1406,2,7;1426,5,24;1432,15,-7
praca|professor|joaquim jorge de carvalho|triangulo|35610000|132,-1947301,-4560586;144,2,3;221,47,-23
praca|professor|waldemar almeida barbosa|centro|35610000|12,-1947133,-4560814;19,84,36;21,-67,-62;26,-7,21;28,16,9;87,39,-30;1267,-23,-12
praca|tenente|zacarias zica|sao sebastiao|35610000|288,-1946047,-4559922
praca||acrisio ribeiro de souza|rosario|35610000|277,-1947220,-4560581;295,11,16
praca||alexandre lacerda filho|centro|35610000|10,-1946600,-4560607;13,0,-26;23,5,-6;30,11,47;37,2,-61;48,10,73;54,21,16;60,14,10;65,-41,-106;74,44,116;77,-27,-117;85,11,15;109,11,4;134,28,124;140,11,6;159,-14,-89;160,21,93;165,-10,-75;180,20,84;200,16,13;206,6,11;209,-27,-89;210,39,93;219,-37,-91;222,46,101;248,18,18;249,-48,-99;289,18,41;290,48,71;380,-128,-193
praca||antonio melato|triangulo|35610000|22,-1947461,-4560813;24,10,-1;36,17,14;50,6,17;69,-4,-21;83,9,6;95,7,9;107,5,5;119,8,8;169,24,34;179,-5,3
praca||do rosario|rosario|35610000|17,-1946984,-4560542;41,-18,23;53,-6,12;61,-5,11;268,-17,-54;288,-10,11
praca||do santuario|centro|35610000|23,-1946320,-4560274;25,2,17;27,23,5
praca||geraldo alves machado|oswaldo soares costa|35610000|201,-1947682,-4559852
praca||getulio vargas|centro|35610000|4,-1946238,-4560183;7,11,13;8,10,-10;11,33,62;12,-44,-44;24,7,6;36,6,8;40,19,2;44,-13,0;48,0,9;62,9,5
praca||sagrado coracao de maria|centro|35610000|46,-1946744,-4560735;58,7,-2
praca||triangulo|triangulo|35610000|7,-1947467,-4560848;10,23,135;21,-16,-131;22,-12,119;30,11,19;43,10,-124;130,-29,113;136,-5,8;140,-5,7;150,-55,35;164,40,-28;266,16,-1;280,-8,3;296,-10,14;310,-11,5;318,-10,3;322,-11,14
recanto||dos coqueiros|tapuia|35610000|23,-1942437,-4570685
regiao||campo do indaia|centro|35610000|89,-1945726,-4559975;196,36,7;200,1,-3;461,-12,98;499,29,-18;551,-16,-73;580,0,0
retiro||porcos vo bototi|antes da copasa|35610000|5,-1949131,-4563990
rodovia||176|agua raza|35610000|7,-1953864,-4561443;8,136,613
rodovia||176|patos|35610000|1,-1948936,-4561115;2,-468,-186
rodovia||dores a estrela do indaia|cocais|35610000|8,-1953662,-4562080
rodovia||dores a estrela do indaia|estrada estrela|35610000|10,-1953540,-4565798
rodovia||mg 176|estrela do indaia|35610000|20,-1951637,-4570468
rua|capitao|amaro|centro|35610000|1,-1945624,-4560113;3,-27,32;5,-22,30;7,14,-24;11,29,-28;15,-60,66;17,43,61;21,-40,-52;22,-9,-15;28,-9,18;31,11,2;34,-367,445;39,347,-417;40,8,-22;41,10,-3;43,-11,14;44,-353,428;45,340,-406;48,0,-18;52,-349,433;58,172,-207;68,167,-214;70,-355,445;79,29,26;85,2,2;89,339,-463;91,-341,474;92,321,-481;93,8,27;94,-75,50;99,57,-53;102,-256,360;105,-54,115;111,307,-464;113,-5,12;126,-3,-18;134,-7,14;137,-3,24;138,-6,-12;147,-4,20;152,4,-14;169,-16,34;195,-7,8;205,-10,15;217,-8,12;225,-9,7;263,-40,46;273,-12,10;292,18,-32;295,-20,44;298,10,-23;305,-14,36;306,16,-30;318,-15,9;323,-11,36;328,4,-29;337,-15,42;347,-7,18;369,-17,16;385,-2,5;429,-23,27;438,0,-20;441,-6,25;463,-4,10;482,-3,-15;483,-7,30;500,4,-21;501,-9,30;509,-8,5;510,11,-30;514,-7,8;518,-5,7;528,-4,13;556,-5,1;568,-7,8;575,3,17;578,-7,-9;583,-4,20
rua|capitao|amaro|sao sabastiao|35610000|394,-1945925,-4559729;410,-8,18
rua|capitao|amaro|sao sebastiao|35610000|2,-1945623,-4560135;4,-14,18;6,-6,15;8,35,-47;10,-38,57;12,-12,6;14,-5,4;16,-2,6;168,-129,172;178,-12,14;204,-7,9;216,-17,39;246,-11,1;250,3,8
rua|coronel|alexandre|centro|35610000|15,-1946975,-4560793;31,23,3;34,-9,3;44,6,9;61,23,-26;81,10,31;82,1,7;86,5,1;91,-134,-73;93,138,75;105,24,-28;123,7,32;127,-166,-69;133,170,77;134,52,34;137,-211,-109;138,179,93;149,161,71;154,-144,-61;173,-151,-80;177,156,72;193,-144,-67;220,222,113;230,13,6;262,69,29;284,15,8;311,-67,-57;327,10,29;371,35,10;387,17,7;405,14,9;423,15,4
rua|dona|zita|centro|35610000|1,-1946702,-4560773
rua|doutor|aristoteles brandao|oswaldo soares costa|35610000|14,-1947515,-4559958;16,10,5;17,-3,3;18,4,-10;19,-1,16;20,-4,12;22,-8,19;23,15,-15;24,-1,15;25,2,-2;26,9,11;27,3,-5;28,-8,29;29,8,-12
rua|doutor|edgar pinto fiusa|centro|35610000|1424,-1946454,-4559804;1447,41,30;1450,-32,-19;1492,-5,-7;1496,11,15;1497,25,8;1500,-13,-3;1507,8,10;1513,77,30;1527,0,1;1533,-13,7;1534,3,6;1539,11,0;1549,7,4;1561,0,2;1562,-2,-2;1566,-99,-64;1571,116,79;1578,-11,-6;1581,-58,-63;1582,53,61;1587,21,11;1590,-3,8;1599,15,-1;1600,3,10;1601,-2,-6;1622,2,7;1627,11,11;1632,-2,-5;1637,1,0;1642,9,8;1652,13,15;1676,41,29;1685,0,-4;1688,1,6;1698,2,0;1720,28,10;1740,0,0;1750,-4,9
rua|doutor|edgar pinto fiusa|juiz de fora|35610000|140,-1947411,-4560499;142,7,5;154,11,8;156,11,7;168,5,2;192,22,20
rua|doutor|edgar pinto fiusa|rosario|35610000|340,-1946948,-4560157;550,-118,-90;555,11,9;606,4,4;614,103,76;618,-83,-51;620,1,-8;624,8,8;625,2,-14;626,-18,-1;635,36,8;636,-6,11;637,4,-6;676,20,25;685,12,-4;690,1,14;697,14,3;707,3,5;715,6,-1;749,20,11;796,22,31;806,15,10;820,3,1;838,12,12;847,12,-1;850,-3,8;858,12,2
rua|doutor|edgar pinto fiusa|triangulo|35610000|10,-1947505,-4560569;22,9,12;25,22,-2;35,4,4;36,-19,3;41,24,5;42,-15,1;50,12,7;51,20,-1;63,4,3;64,-15,12;74,7,0;86,11,6;89,12,-6;93,1,3;98,-1,12;103,17,-4;114,-9,8;143,22,0;145,11,19;151,7,1;165,9,5;175,15,12;191,9,3;201,5,4;213,8,6
rua|doutor|edgar pinto fiusa|vale do sol|35610000|876,-1946814,-4560057;882,4,4;925,-1,-17;927,12,11;936,0,13;939,9,-7;948,5,23;996,44,28;1012,15,7;1032,10,10;1045,-25,-30;1046,36,41;1056,36,10;1092,21,20;1094,26,27;1098,-38,-29;1100,45,31;1117,-61,-55;1270,93,81;1280,28,-2;1384,-2,12;1411,-9,-11;1421,24,16;1441,7,6;1448,-22,-17;1452,13,5;1457,16,28;1464,-11,-10;1466,-10,4;1471,29,5;1478,-7,5;1482,34,25;1484,-5,7
rua|doutor|edgar pinto fiuza|juiz de fora|35610000|216,-1947313,-4560436;252,3,14;254,8,0;256,-3,2;272,13,4;282,12,16;300,-1,2;310,13,8;326,6,-3;346,34,30;356,18,8;546,20,19
rua|doutor|edgar pinto fiuza|rosario|35610000|217,-1947314,-4560445;251,16,12;273,6,3;285,6,13;287,13,5;297,-1,1;323,23,10;377,37,27;381,47,55;399,-33,-34;408,34,36;419,-19,-29;422,25,36;429,22,2;433,7,4
rua|doutor|jair barbosa lopes|oswaldo soares costa|35610000|10,-1947408,-4559770;20,-23,13;22,-5,7;24,-11,6;26,-2,9;34,-25,14;36,-4,4;37,-20,31;38,14,-28;40,-13,11;44,-10,19;46,-11,6;48,-9,-2;50,62,-38;52,-83,52;56,-13,15;58,-6,3;60,-12,9;62,-1,5;64,-16,8;69,-21,28;72,3,-15;73,-41,22;74,24,-5;75,165,-132;76,-165,131;78,-3,3;84,-18,13;86,-12,12;88,0,-1;90,-13,8;92,-4,0;94,-7,9
rua|doutor|jose argemiro de moura|centro|35610000|3,-1946634,-4560339;30,8,12;39,13,2;53,6,18;54,-7,-7;62,6,8;63,24,-23;69,11,36;90,-24,-3;100,13,9;110,8,5;118,1,-4;126,13,12;130,6,2;133,11,1;144,-3,8;196,34,32;200,8,6;203,10,-6;210,-2,11;213,22,4;217,9,4;220,-24,-2;221,25,1;239,10,17;240,-18,0;242,-5,-8;249,14,8;256,3,7;257,20,2;266,-3,8;271,12,-7;306,4,22;321,31,11;338,-16,5;345,60,35;353,16,14;354,-27,-17;398,4,6;399,53,40;411,7,10;412,-56,-44;421,75,49;436,-62,-44;440,7,5;476,28,28;488,3,6;500,16,6;505,62,39;510,-49,-27;515,52,30;517,13,14;535,1,1;549,11,9;568,-49,-25;580,15,9;596,12,5;602,2,11;620,9,1;634,8,8;640,25,25;656,15,9;664,7,5;665,0,-12;674,5,17;685,27,-15;690,-18,26;704,10,7;707,4,-8;722,5,16;730,12,10;731,2,-10;736,7,17;738,0,-3;740,10,3;742,0,0
rua|doutor|jose soares de carvalho|juiz de fora|35610000|122,-1947397,-4560296;124,-11,-11;126,8,6;138,9,4;148,2,8;160,13,6;170,7,5;180,5,4;190,-5,24;192,24,-11;210,3,3;212,7,8;242,26,6;254,8,26;314,15,0
rua|doutor|jose soares|juiz de fora|35610000|11,-1947477,-4560377;19,5,5;25,10,4;28,-17,8;35,23,-2;39,9,4;40,-22,4;42,5,2;47,20,0;54,-7,11;60,5,1;66,1,13;71,9,-19;78,4,15;82,2,-12;85,0,-1;89,8,5;96,-3,15;133,29,22;139,15,1;161,14,13;175,14,7;176,2,8;183,-59,-47;191,68,44;199,3,10;219,12,6;267,27,14;273,5,5;285,11,9;305,7,11
rua|doutor|ovidio|centro|35610000|3,-1945707,-4559850;13,-3,7;17,-8,0;26,-136,183;27,131,-179;33,-2,14;35,-15,8;36,17,-11;51,-22,26;52,4,-18;56,-14,21;60,-1,-4;64,-8,8;67,7,5;76,-7,9;142,-34,32;151,-38,58;152,34,-59;160,-5,14;161,7,8;171,-4,3;172,-8,-13;179,1,26;180,-6,-17;184,-2,2;185,5,12;195,-13,9;196,2,-13;198,-7,8;207,-1,8;222,-7,4;249,-15,36;269,-11,14;304,-31,24;305,5,7;326,-24,11;329,19,-1;331,-5,7;338,-16,0;341,3,6;348,-8,0;349,5,9;356,-9,-4;374,-17,16;379,12,2;395,-8,11;403,-4,7;410,-6,-4;412,-5,7;415,7,2;416,-25,5;421,12,12;472,18,-36
rua|doutor|paulo pinto gontijo|oswaldo soares costa|35610000|10,-1947494,-4559819;15,13,6;20,-12,3;24,-41,29;26,6,-6;29,-67,34;38,57,-30;58,-83,62;60,-9,9;62,-12,8;64,-1,-2;72,-22,32;74,-17,10;76,-9,5;80,113,-92
rua|doutor|zacarias|centro|35610000|22,-1946199,-4560061;28,2,-4;255,-914,-672;271,5,4;301,79,56;307,9,-1;425,77,61;445,6,7;449,10,9;465,56,33;493,8,10;505,-1,-7;535,-144,-111;669,207,161;681,11,5;692,2,11;695,9,-7;707,6,7;717,3,7;727,21,12;735,7,-1;750,-6,17;828,53,36;840,19,10;858,9,8;860,7,10;867,8,-13;883,9,9;909,47,30;913,23,9;915,-2,16;929,16,3;979,28,25;1000,-104,-80;1020,16,24;1036,23,6;1050,16,14;1053,135,96;1054,-125,-86;1065,133,88;1068,-138,-89;1071,145,91;1077,6,14;1079,13,1;1082,-148,-101;1118,6,10;1154,26,26;1157,20,-4;1170,2,9;1172,3,8;1200,36,-16;1222,-1,47;1238,22,1;1272,-1,7;1280,3,11;1286,5,3;1302,18,6;1308,-4,6;1334,30,12;1364,23,27;1444,102,70;1449,8,-11;1450,-5,20;1476,9,11;1477,15,-5;1479,5,0;1506,-1,19;1528,18,12;1540,7,13;1545,25,11;1554,-18,4;1563,22,4;1567,8,8;1568,-17,-4;1588,7,1;1598,6,5;1610,14,17;1618,10,25;1626,13,-3;1652,12,13;1680,4,6;1690,15,20;1696,8,1;1722,17,12
rua|doutor|zacarias|rosario|35610000|270,-1947110,-4560733;276,22,7;286,-17,4;310,84,56;324,-35,-6;340,41,10;360,10,13;440,64,45;452,6,4;472,24,17;478,-1,1;494,6,4;510,18,5;518,0,3;520,7,6;530,13,8;550,19,14
rua|doutor|zacarias|sao sebastiao|35610000|1717,-1946122,-4559985;1735,30,27
rua|doutor|zacarias|triangulo|35610000|1,-1947344,-4560894;2,27,5;3,-34,-13;5,-70,-39;6,97,53;11,13,5;12,-61,-38;16,-11,-12;21,86,60;26,-105,-72;28,-10,-7;29,119,82;30,35,24;34,-183,-126;35,160,112;49,10,11;50,-9,4;55,21,-2;64,7,14;70,12,7;73,-13,-14;83,13,0;93,9,11;104,27,26;105,-14,-14;113,7,7;120,15,18;123,-13,-13;134,16,22;145,3,-13;166,32,42;170,3,0;171,-17,-36;177,-1,17;191,14,4;209,20,7
rua|irma|guimaraes|centro|35610000|4,-1945885,-4559410;5,-2,9;6,2,-9;7,-7,15;8,-8,4;10,-9,-1;12,-3,7;18,-4,4;19,2,12;25,-12,8;26,0,-14;31,-6,18;32,0,-8;37,-7,17;40,-1,-10;51,-3,16;53,0,6
rua|irma|ines|centro|35610000|39,-1946492,-4560104;74,-26,-28;88,8,12;94,6,4;100,11,6;129,9,3;155,28,25;156,-28,-19;164,4,13;170,24,26;176,52,47;177,-39,-57;180,-9,13;204,16,15;205,7,-16;215,11,22;218,-9,9;235,18,7;236,-7,4;242,8,5;299,43,35;311,11,0;312,-7,13;318,-4,0;326,2,7;352,19,27;372,7,6;373,24,-2;377,-5,-1;382,-9,13;387,22,2;392,-17,6;393,2,-25;399,23,21;405,-3,14;406,-14,-9;416,16,15;425,5,0;430,-7,7;434,8,9;435,38,25;451,32,31;465,15,22;542,-15,-7;554,13,18;567,25,11;572,-24,-6;573,24,4;582,-11,3;598,97,102;610,-61,-68;646,0,9;659,18,-3;667,-7,2;669,9,7;683,36,35;685,7,9;690,-21,-7;716,3,4;717,17,9;726,-2,7;787,39,28;795,10,11;811,6,5;820,3,11;825,5,2;839,9,13;873,25,22;880,32,103;885,-21,-94;899,6,13;955,32,34;963,8,6;977,4,11;995,17,12;1000,58,81;1026,-24,-26;1035,-16,-28;1036,24,39;1053,-18,-34;1060,39,59;1068,15,14;1069,-33,-53;1078,37,58;1083,-34,-53;1086,36,56;1089,-24,-46;1090,27,54;1093,-32,-53;1094,37,62;1099,-16,-36;1103,2,0;1104,15,47;1105,19,24;1112,-15,-12;1113,16,20;1115,9,8;1117,-37,-78;1123,2,4;1125,6,21;1127,-5,-15;1128,15,51;1130,-1,2;1131,-5,-24;1138,11,34;1140,5,13;1240,9,22;1250,3,14;1262,4,-1;1273,1,-9;1279,3,4;1293,3,14;1295,2,8;1347,29,42;1360,-33,-40
rua|marechal|deodoro|centro|35610000|3,-1946666,-4560310;10,45,64;15,-42,-50;35,10,15;43,12,6;51,18,10;61,3,12;67,9,-3;75,10,12;101,17,8;110,-24,-5;111,26,10;121,7,7;126,-17,-1;134,9,7;135,72,35;140,4,24;146,41,31;160,-35,-28;180,15,16;186,-49,-52;189,18,9;192,41,49;209,-27,-41;210,-18,-14;242,80,93;259,-34,-58;265,7,2;277,-24,-11;279,0,-3;290,89,93;306,12,11;313,-43,-51;326,50,57;364,39,24;381,-34,-44;382,57,67;391,-42,-50;402,41,49;420,-2,-2;426,347,288;440,-318,-267;451,106,63;454,-102,-57;455,-36,-45;462,45,48;469,-29,-39;472,54,59;480,9,12;498,10,11;512,-3,-3;519,-42,-47;531,13,8;535,6,7;536,64,65;544,8,7;550,7,5;552,18,17;556,9,10;560,18,11;567,-102,-100;571,-1,-1;575,14,11;576,97,97;590,23,25;598,7,4;608,13,1;626,5,15;636,11,4;664,23,24;672,3,5;673,-127,-129;680,138,131;692,4,-1;695,-131,-122;703,10,3;711,3,6;727,10,13;735,17,12;745,6,4;762,147,136;776,8,5;782,4,5;844,33,31;850,2,-4;866,11,11;874,5,3;880,6,8;892,2,0;904,11,11;926,22,16;942,9,6;946,3,7;954,9,5;1013,-64,-69;1043,11,10;1119,42,37;1141,21,18;1144,6,20;1145,5,-14;1187,29,24
rua|marechal|deodoro|sao sebastiao|35610000|787,-1946095,-4559841;797,13,13;799,2,-1;809,4,7;835,41,36;849,0,0;867,5,6;883,14,13;943,50,39;951,2,-6;955,1,2;965,10,15;975,6,-1
rua|mestra|angelica|centro|35610000|263,-1947061,-4560369
rua|mestra|angelica|rosario|35610000|2,-1947257,-4560507;4,9,2;8,7,8;46,23,12;47,-20,-12;55,13,4;65,12,10;73,13,8;74,25,21;79,-26,-23;92,39,35;95,-25,-18;100,67,55;104,-33,-31;114,-3,2;116,52,26;121,-63,-42;135,11,8;136,16,20;145,-7,-6;212,72,55;220,8,14;289,28,-3;301,9,13;307,11,3;319,10,14;364,40,32;365,-19,-17;367,4,6;376,10,26;377,6,-26;385,8,9;413,47,34;424,-17,3;425,23,3;433,7,10;444,-13,-3;447,21,10;450,-18,-6;454,11,0;459,21,14;462,-18,5;516,46,29;524,11,9;536,6,0;550,35,3;560,-9,10;570,15,-7;580,0,1
rua|mestre|tonico|centro|35610000|15,-1945651,-4559809;22,-7,-13;27,-9,25;34,2,-11;39,4,17;52,-12,-8;53,1,17;58,-4,-19;63,-3,30;74,-5,-14;76,-8,17;81,7,10;82,6,-3;92,-17,-10;101,-3,27;108,1,-13;109,-9,16;111,-2,12;192,-52,36;195,5,13;210,-11,1;211,6,8;219,2,-4;222,-25,12;223,7,12;234,-5,-12;238,-8,7;239,-2,17;273,-18,33;296,-32,22;301,17,-7;315,-14,16;327,-5,6;335,-9,9;344,-3,-4;349,-4,15;356,-4,-8;359,-15,39;361,13,-22;362,11,-28;372,-15,19;374,-6,8;376,-4,4;396,-7,11;414,-16,20;426,-3,6;473,19,-15;547,-7,7;557,-6,8;573,-12,13;604,111,-147;664,58,-70
rua|padre|antenor mendes pimentel|triangulo|35610000|2,-1947301,-4560547;5,-131,-114;11,7,19;13,18,10;14,-16,-2;16,5,5;21,-2,-9;45,14,9;56,-2,7;68,11,8;71,11,-5;74,-5,11;79,9,-8;85,5,7;88,-11,2;100,6,7;101,100,69;102,4,-1;148,-54,-47
rua|padre|luis|sao sebastiao|35610000|118,-1946088,-4560051;146,3,12;154,13,9;166,3,11;186,32,6;202,-5,13;216,10,7;230,12,11
rua|padre|luiz|centro|35610000|431,-1945890,-4559882;455,12,28;465,8,0;469,7,11;471,5,1;515,75,61;524,-59,-35;529,17,13;532,-10,-8;548,12,9;554,3,6;558,4,5;563,-4,-5;566,10,6;578,3,9;579,6,-11;583,0,0;584,15,17;585,-6,-10;613,24,22;618,-6,11;624,-1,3;631,19,-1;640,10,6;641,-4,15;651,2,0;664,4,-9;697,23,18;698,-11,5;703,20,2;709,13,13;727,7,10;747,41,21;784,-27,-1;800,10,15;810,7,5;822,8,5;832,4,10;841,48,19;842,-41,-15;844,4,4;852,-3,3;854,8,4;855,63,42;868,-55,-29;880,11,-6;922,16,17
rua|padre|luiz|sao sabastiao|35610000|452,-1945878,-4559850;470,11,6
rua|padre|luiz|sao sebastiao|35610000|250,-1945997,-4559967;263,-4,3;275,20,9;284,11,6;293,-3,-3;298,26,14;341,37,40;358,-38,-12;362,17,-2;368,-4,9;370,4,-3;378,18,12;379,11,0
rua|padre|romeu de faria|rosario|35610000|27,-1946997,-4560473;36,4,12;41,7,-7;42,-2,7
rua|prefeito|jose isidoro pinto|santa cruz|35610000|14,-1947387,-4559240;24,2,-6;34,-2,-7;44,6,-15;64,5,-13;74,-2,-5;148,9,-94;158,2,-4;168,-5,-14;178,6,-4
rua|professor|djalma melgaco|oswaldo soares costa|35610000|14,-1947608,-4559817;16,19,12;18,-1,1;19,16,12;20,-8,-7;21,8,12;22,-7,3;23,21,9;24,-15,-5;25,20,2;29,10,16;30,-15,6;31,25,6;32,-9,1;33,13,0;34,-13,6;35,17,11;36,-12,4;37,11,-2;38,-8,8;39,-30,-57;40,43,51;41,-82,-100;42,84,121;44,23,27;45,11,2;46,-8,6;47,13,0;48,-12,3;49,14,7;50,-5,-2;51,13,13;52,-7,-1;53,10,5;54,-6,3;55,13,5;56,-10,1;59,44,46;60,-4,10;61,7,-4;62,-3,24;63,12,-20;64,-10,26;65,20,6;66,-15,5;67,16,-11;68,-5,-3;69,8,8;70,-5,7;71,19,12;75,0,-5
rua|professor|pinheiro|oswaldo soares costa|35610000|14,-1947546,-4559840;15,14,7;16,-5,1;17,20,7;18,-11,-1;19,5,0;20,2,6;22,5,13;25,14,11;26,-5,3;27,16,4;28,-8,7;29,5,1;30,1,5;31,12,7;32,-8,7;33,8,-4;34,0,-4;35,11,20;36,-10,-8;37,11,9;41,25,25;42,-15,0;43,18,13;44,-10,-2;45,14,7;46,-8,6;47,11,1;48,-5,4;49,11,-8;50,-8,18;51,13,0;52,-8,0;54,12,16;59,33,38;61,7,3;62,-7,18;63,13,-9;64,-1,19;65,12,-23;67,2,26;68,-7,14;69,15,-8;70,-4,14;71,7,-10;77,17,34;78,-9,1;79,15,2;80,-11,1;81,15,16;82,-7,-8;83,12,12;84,-4,-2;85,12,5;87,4,9;96,-6,1
rua|santa|catarina|centro|35610000|133,-1947065,-4560426;145,-6,6;151,-5,9
rua|santa|catarina|rosario|35610000|14,-1947101,-4560375;26,-11,5;38,-10,9;76,-12,27;79,104,-140;113,-19,16;114,-115,166;124,-5,7;136,-10,7;144,-4,5;166,-7,13;197,92,-119;225,-6,17;253,-46,65;255,-5,3;269,19,-26;273,-23,34;283,-10,20;293,-7,14
rua|sao|jose|centro|35610000|219,-1946794,-4560255;233,12,13;259,14,10;275,10,5
rua|sao|jose|rosario|35610000|70,-1947182,-4560532;111,145,101;156,-92,-65;162,-10,-3;168,24,16;178,5,-2;300,-95,-66;307,2,-5;333,12,5;341,4,10;354,226,179;376,12,2;386,6,10;396,10,10;401,-193,-164;408,198,168;415,-189,-160;419,6,3;423,9,9;433,6,4;448,218,168;458,-2,1;466,-3,0;470,27,15;513,-160,-141;537,32,42;551,48,33;593,11,7;607,12,12;625,2,5;637,19,6;639,3,4;651,6,13;655,10,2;685,19,15;693,2,0;1076,-238,-156
rua|sao|jose|triangulo|35610000|33,-1947492,-4560794;36,-8,2;38,2,14;44,-3,5;49,9,-8;55,6,14;58,-11,-4;60,7,10;63,12,5;68,2,5;77,9,-2;80,3,10;92,-28,-62;131,186,164;133,14,18;170,-106,-69;180,6,6;194,7,10;208,10,4;225,-1,-16;226,8,25;264,26,21
rua|sao|paulo|centro|35610000|6,-1946724,-4560661;9,9,8;25,-7,8;26,33,-66;32,-50,69;40,-8,14;44,60,-78;51,-46,72;60,-25,16;69,10,4;93,-16,13;109,-28,37;110,15,-41;111,-21,44;142,-13,6;149,8,4;173,-14,13;209,-35,44;219,-9,6;229,-15,2;256,57,-64
rua|sao|paulo|oswaldo araujo|35610000|613,-1947124,-4560191;631,-13,16;656,-11,-1;657,-27,47;690,-4,-12;746,-45,31;778,-17,9;790,-10,10;802,-1,4;814,-10,15;828,-6,14;911,-19,15;923,-131,125;937,122,-108;977,-32,23;1010,-26,17;1022,-7,8;1067,-23,40
rua|sao|paulo|rosario|35610000|210,-1946852,-4560506;222,-6,0;225,-61,85;234,56,-81;276,-45,49;279,-6,30;286,-9,5;295,-2,1;300,-11,1;305,6,8;310,10,-23;313,-19,32;330,-6,-6;338,63,-77;339,-76,100;344,-1,-10;351,-18,16;362,-10,4;370,97,-97;373,-90,112;374,-4,-2;378,88,-93;384,-102,99;535,-80,116;549,-10,7;551,6,-10;563,-20,23;583,-9,13
rua|tenente coronel|edson de araujo carneiro|vale do sol|35610000|7,-1946519,-4559354;8,-3,7;9,0,-2;18,-54,-35;23,32,8;26,-25,-2;40,0,0;47,4,1;54,-40,-16;66,-8,1;107,42,15
rua||abaete|aeroporto|35610000|3,-1945441,-4558711;15,3,1;28,-17,12;36,-11,7;39,10,-2;44,-16,7;52,3,6;55,-6,5;60,-9,8;63,6,-1;68,-11,5;71,-6,14;76,4,-6;79,1,-2;84,-14,11;87,2,-2;92,-9,6;100,-2,6;103,2,5;108,-6,1;111,0,7;116,-11,0;119,10,17;124,-20,-10;132,-1,10;135,6,1;143,-11,8;151,-16,18;164,-7,1;167,9,-1;172,-14,3;175,6,8;180,-10,-1;183,1,8;191,0,8;196,-16,4;199,5,4;204,-9,-3;205,-7,12;207,13,0;212,-10,-6;220,-8,6;223,8,7;228,-17,7;231,8,0;239,-9,13;244,-7,-7;247,3,8;252,-10,5;255,3,10;260,-9,-9;263,5,11;268,-10,2;271,2,1;276,-14,6;279,0,2;284,-6,4;287,8,3;292,-15,4;300,-3,4;303,-3,10;308,-3,3;319,-3,10;332,-13,4;335,3,9;343,-9,9;351,-5,3;356,-10,3;361,-3,9;375,-5,8
rua||aimores|centro|35610000|2,-1945754,-4559516;9,25,5;12,-17,-31;16,12,29;21,7,4;24,0,7;46,13,31;72,10,23;84,12,7;100,-1,5;116,6,20;126,8,4;134,3,10;142,4,8;160,10,13;178,2,17;188,11,8;202,9,24;228,7,4;232,0,1;248,5,19;263,23,16;269,-3,0;271,7,8;275,-5,-7;293,6,13;303,8,14;317,10,12;325,3,14;337,1,-6;351,6,10;361,6,8;381,15,38;397,-7,-12;403,10,18;417,4,10;429,6,12;439,5,10;449,1,2;465,7,9;469,14,21;506,-7,18;517,21,-4;531,0,14;539,3,8;547,5,-1;553,6,20;574,4,30;575,3,-23;583,20,36;585,-8,-8;586,-2,11;587,-1,-18;588,1,20;597,14,4;600,-11,11;603,14,10;623,10,12;639,12,20;667,16,17
rua||aimores|sao jose|35610000|250,-1945618,-4559291;286,11,13;294,8,11;300,-1,3;306,6,8;322,6,7;334,3,10;340,3,9;360,7,8;372,15,32;374,2,-3;376,4,17;388,5,3;406,4,13;436,8,8;460,7,12;464,5,7;472,1,9
rua||airton sena|oswaldo araujo|35610000|15,-1947465,-4559987;25,1,15;35,2,12;45,10,12;55,5,21;65,1,9;75,-5,29;85,-5,-30
rua||airton sena|oswaldo soares costa|35610000|14,-1947472,-4559982;24,2,8;34,0,9;44,9,6;54,1,14;64,6,10;74,5,8;84,3,14
rua||alagoas|centro|35610000|18,-1946401,-4560411;26,-9,7;28,-3,0;37,1,19;40,-13,-1;47,1,9;60,5,5;74,-8,-4;131,-23,53;136,-11,0;144,-11,5;156,-1,4;165,-2,12;172,-4,2;213,-23,36;215,-6,4;222,-2,-11;234,-1,9;265,-20,47;275,-3,7;311,-29,31;324,46,-76;365,-59,95;374,30,-57;380,-25,33
rua||alexandre lacerda fiuza|oswaldo araujo|35610000|25,-1947162,-4559900;37,4,5;49,11,11;132,61,51;144,0,1;1038,12,-11
rua||amazonas|centro|35610000|416,-1946069,-4559790;426,-5,-2;444,-10,22;452,-6,13;470,-7,-2;486,-1,19;494,-12,4;496,-4,10;534,15,-18;565,30,-25;575,-6,10;580,-80,80;585,78,-78;599,-21,-18;608,-71,105;609,83,-71;622,-87,87;623,79,-83;634,-85,90;635,77,-71;651,-9,6;660,-85,90;670,-19,26;672,-3,3;675,83,-91;699,-3,2;705,-3,4;709,-12,16;725,-1,6;733,-18,22;743,0,1;819,-40,44;825,21,-28;827,-29,39;833,-1,4;841,-4,11
rua||amazonas|sao sebastiao|35610000|9,-1945813,-4560088;14,-29,4;15,12,3;26,-17,5;27,9,6;38,-11,5;47,0,6;54,-13,11;63,9,1;76,-19,2;81,10,8;88,-19,7;89,14,-1;95,-1,-15;98,-130,184;100,115,-162;104,-126,176;105,126,-170;110,1,3;116,-13,5;118,-120,170;126,114,-161;192,-33,41;194,-19,19;200,-15,27;221,80,-93;237,-6,12;240,-78,89;247,69,-82;262,-96,156;279,64,-118;357,-37,51;362,-76,83;388,-4,6;730,-191,263;750,-22,10;762,-7,12;772,-1,3;788,-7,8;790,-7,6;792,-14,18;796,2,-4;800,1,3;824,-12,11;879,60,-60;895,-8,12;931,-3,-3;939,0,2;951,-21,31;963,-12,15;979,-26,28;994,-6,-17;996,1,17;999,16,-4;1000,-29,11;1001,22,-5;1005,-6,10;1014,-2,-18;1015,-2,25;1021,-3,-1;1026,-12,4;1033,8,14
rua||antonio alves|vale do sol|35610000|14,-1946460,-4559285;16,-1,3;19,-243,-486;21,81,8;25,-80,-9;46,18,-34;47,36,29;48,-34,-14;52,12,-4
rua||argemiro de moura|sao sabastiao|35610000|836,-1946021,-4559812;846,15,0;856,4,8;862,6,2
rua||argemiro de moura|sao sebastiao|35610000|875,-1945996,-4559815;891,5,10
rua||a|oswaldo araujo|35610000|7,-1947302,-4560095;8,-1,5;17,6,-9;18,-6,9;27,7,-16;28,16,0;37,-8,-9;38,7,0;47,5,-18;48,0,11;57,1,-11;67,11,-10;77,-5,-4
rua||belmiro teles|oswaldo araujo|35610000|68,-1946948,-4559863;84,-10,8;103,-6,15;114,-12,10;115,1,13;181,-28,46;190,-11,-3;226,-18,32;238,-4,7;257,-5,16
rua||belo horizonte|centro|35610000|65,-1945760,-4559057
rua||belo horizonte|sao jose|35610000|12,-1945777,-4559055;32,-6,0;42,-6,-4
rua||benedito valadares|centro|35610000|2,-1946190,-4560110;6,20,0;10,-10,19;11,12,-2;19,28,37;26,-34,-31;31,39,36;34,-33,-40;35,33,46;36,-22,-35;37,23,35;38,-31,-42;39,10,13;40,8,6;42,-2,3;44,0,3;50,6,11;75,-3,-13;491,269,333;501,1,12;509,7,4;517,10,15;549,21,23;604,31,33;621,13,26;669,-20,-39;677,50,69;679,-54,-60;1120,-9,-10;1130,-3,4;1140,3,4;1152,2,-9;1154,13,23;1165,25,27
rua||benedito valadares|sao sabastiao|35610000|420,-1945931,-4559782;434,20,18;442,-13,23;448,17,-9
rua||benedito valadares|sao sebastiao|35610000|22,-1946028,-4559914;30,10,14;34,5,2;46,5,14;48,0,-5;56,-111,-133;57,45,55;58,85,84;63,-125,-148;65,-2,6;66,36,45;71,-29,-44;78,2,20;79,7,-12;90,1,22;103,3,-9;109,-1,-1;110,10,21;120,5,4;123,-2,-12;126,10,27;132,3,1;137,-2,-14;145,1,5;146,7,22;156,12,7;165,-3,-17;169,2,4;185,10,22;219,6,18;262,61,65;280,-1,2;298,10,10;309,-18,-29;317,6,13;331,11,9;337,-3,8;403,49,48;417,-1,4;433,14,10;441,-9,-9
rua||benevenuto alvarenga|oswaldo soares costa|35610000|55,-1947688,-4559787;57,-4,19
rua||bernardo de oliveira carvalho|laranjeiras|35610000|378,-1947203,-4561001;463,-43,49;475,-10,23
rua||biquinhas|sao jose|35610000|6,-1945743,-4559116;12,-51,-18;22,16,9;31,3,-2;32,6,7;41,9,1;42,-9,3;51,17,-2;52,-8,0;61,12,1
rua||bom despacho|aeroporto|35610000|335,-1945678,-4558426
rua||bororos|aeroporto|35610000|47,-1945432,-4558807;56,36,67
rua||bororos|sao jose|35610000|10,-1945466,-4558850;16,11,13;18,9,14;20,3,4;22,4,16;25,-12,-35;28,19,40;30,3,5;32,4,5;34,1,4;35,-21,-42;40,27,52;44,4,7;45,-18,-39;51,6,13
rua||b|oswaldo araujo|35610000|6,-1947242,-4560111;16,-3,-6;26,-15,-10
rua||caetes|centro|35610000|30,-1945598,-4559561;40,-5,5;100,-67,38;120,-18,7;134,-5,11;148,-10,4;161,-18,18;175,-13,7;184,-7,-3;191,-9,11;196,-5,-11;205,-5,13;216,-4,0;219,3,1;247,-26,27;253,-16,3;258,3,-14;259,-20,26;265,-8,-2;270,13,-10;273,-23,16;278,19,-24;280,0,0;295,-25,26;316,4,-8;1099,-10,8
rua||carajas|sao jose|35610000|7,-1945368,-4558928;11,6,3;25,4,15;51,14,3;53,0,6;65,9,7;69,7,8;70,-44,-48;71,49,55;75,7,7;77,1,6;80,3,12;85,7,-4;92,3,14;95,-3,-7;97,8,2;99,5,7;100,-15,-8
rua||carijos|centro|35610000|104,-1945571,-4559448;227,72,116;233,-1,-8;253,46,83;255,3,-12;259,-80,2;275,52,-46;285,-2,17;306,-27,-57;311,35,70;316,-18,-18;321,36,29;324,-32,-15;330,0,21;335,33,1;336,6,2;346,-2,-6;359,-2,21;360,0,-2;366,7,10;374,16,23;375,-15,-18;385,4,12;400,-3,-18;444,15,32;445,7,14;450,-7,-15;451,14,22;457,0,9;460,-14,-26;476,8,38;477,11,2;481,8,9;493,12,16;496,-19,-9;502,6,-6;516,5,22;517,5,-2;525,6,12;530,0,6;540,2,13;545,6,-2;563,4,10;564,-6,0;575,15,3;576,-9,12;584,13,13;587,23,-12;596,-28,14;606,13,24
rua||carlos raimundo cordeiro de souza|indaia|35610000|65,-1947501,-4558966;145,37,-63;202,32,-43;222,4,-12
rua||cassimiro de abreu|centro|35610000|82,-1946350,-4559410;90,12,10;102,13,0
rua||cassimiro de abreu|sao geraldo|35610000|100,-1946207,-4559272
rua||cassimiro de abreu|sao sebastiao|35610000|17,-1946364,-4559433;29,-5,3;36,1,0;40,-22,-14;42,13,20;51,18,-10;75,47,18;87,-5,9;106,92,127;126,-23,-46;136,137,-112;142,2,4;144,-99,162
rua||cataguases|sao jose|35610000|22,-1945334,-4558958;28,3,7;36,8,7;38,6,11;40,1,4;44,10,4;48,9,19;50,8,10;64,0,3;72,20,24;88,3,3;100,8,14
rua||ceara|centro|35610000|12,-1946290,-4560131;23,-8,18;26,0,-6;46,-9,4;50,-1,8;60,-13,11;89,-9,35;109,-9,5;119,-19,32;120,12,-37;127,-17,48;138,-1,-20;176,-16,20;179,5,16;193,-19,24;235,-11,3;236,-8,4;237,-11,23;256,-2,-9
rua||ceara|vale do sol|35610000|250,-1946512,-4559828;251,71,-87;255,-9,11;286,-38,44;304,9,-16;317,20,-20;329,-2,7;340,-11,2;344,2,4;477,-54,71;501,-9,17
rua||cecy de oliveira|laranjeiras|35610000|75,-1947348,-4561054
rua||cedro do abaete|centro|35610000|4,-1945597,-4558683;5,-7,-4;8,-2,-2;12,-1,-4;13,-5,2;29,-7,-7;35,5,5;62,24,20
rua||cornelio caetano|rosario|35610000|270,-1947177,-4560597;284,11,-5;288,29,-16;294,-17,30;361,-31,-41;378,86,83;381,-70,-68;400,93,78;411,-78,-56;479,54,30;533,13,12;535,13,10
rua||cornelio caetano|triangulo|35610000|32,-1947351,-4560734;44,14,10;48,7,5;68,12,10;86,13,8;131,-6,82;133,20,-16;137,-72,-118;159,6,4;173,79,134;175,-62,-123;193,26,22;209,13,8;243,30,19;273,12,15;283,9,3;303,14,8;313,8,10;333,20,16
rua||c|industrias|35610000|26,-1947738,-4559351;27,6,-2;36,-5,10;37,11,0;46,-2,11;47,5,-7;56,-1,18;67,12,1;76,-13,15;77,20,-9;86,-7,10;87,16,0;96,-5,6;97,6,2;106,-4,11;107,12,-3;116,7,16;117,-3,-12;126,-2,14;127,30,36;186,0,12;187,8,-6;196,-3,13;206,5,3;216,7,14;217,7,-6;227,7,8;236,-4,8;237,9,2;246,-4,7;247,8,-2;256,-3,8;259,6,-1
rua||da bahia|vale do sol|35610000|15,-1946834,-4560060;29,-5,11;90,-5,87;155,6,-1;175,3,21
rua||da granja|centro|35610000|205,-1945952,-4559164;315,-120,6;319,6,3;337,19,-6;341,4,2;349,7,-2;391,12,-5;393,6,-1;397,6,0;405,6,-3;470,59,6
rua||da granja|sao jose|35610000|14,-1945760,-4559152;26,-7,0;32,-50,2;320,-50,-1
rua||darci dias de moura|oswaldo soares costa|35610000|13,-1947142,-4559468;17,6,-12;20,-8,5;25,13,-19;28,-8,3;31,17,-7;32,0,3;33,0,-1;35,5,-13;36,5,7;39,4,-22;40,2,10;44,-2,-8;48,10,-3;52,5,-7;56,-5,-16
rua||das palmeiras|sao sebastiao|35610000|14,-1946283,-4559339;43,-18,31;51,12,23;72,-17,-7;90,0,15;131,4,46;143,-3,17;147,-13,-2
rua||distrito federal|oswaldo araujo|35610000|235,-1947042,-4560122;261,-19,21;285,2,46;303,-47,-1;304,42,-61;314,-7,14;324,-4,0;344,-1,16;346,-7,9;360,-40,53;378,-18,23;382,-4,8;392,-9,16;409,34,-39;443,-9,22;444,-29,27;445,17,-17;457,1,12;477,-16,20;499,-20,24;501,9,-15;547,-38,56;559,-5,7;561,-1,7;568,-32,30;578,-6,7;588,5,2;605,17,-50;609,-14,44;619,-10,20;621,2,-11;622,-11,13;631,6,8;636,-8,3;650,-15,5
rua||distrito federal|oswaldo soares costa|35610000|65,-1947301,-4559752;630,15,-34
rua||distrito federal|rosario|35610000|5,-1946905,-4560321;9,-14,1;15,-4,9;59,-21,43;63,-11,16;64,17,-48;71,-19,58;85,-7,2;97,-6,5;100,-16,-9;117,1,29;118,16,-14;124,-10,3;131,-9,18;134,13,-14;151,-25,34;165,-6,9;173,-7,7;185,-4,9;195,-1,10;205,-14,8;220,15,-35;231,-7,17
rua||do acre|centro|35610000|31,-1946047,-4559464;45,7,17;49,70,85;51,6,10;65,5,8;201,30,52;203,4,13
rua||do acre|sao geraldo|35610000|116,-1946046,-4559416;164,78,68;198,-139,98;204,153,-52;216,18,11
rua||do acre|sao sebastiao|35610000|20,-1946049,-4559460
rua||emidio teles de carvalho|indaia|35610000|137,-1947478,-4559076;187,-27,-22;193,73,51;203,10,5;213,1,-2;223,13,12
rua||engenho do ribeiro|centro|35610000|11,-1945578,-4558707;15,-5,-4;17,-7,-4;21,-6,-11;22,20,10;30,-1,2
rua||espirito santo|centro|35610000|35,-1946531,-4560498;44,-11,-12;55,5,18;66,-19,-2;75,4,13;76,-9,-6;100,-17,39;139,-16,32;149,-12,10;150,-5,-12;200,-40,68;206,5,-12;220,-20,27;228,47,-68;275,-114,170;378,25,-54;420,-16,24;430,-7,15;450,-4,13
rua||espirito santo|oswaldo araujo|35610000|740,-1946900,-4560036;756,-4,28;760,-10,10;850,-33,39;860,-7,22;878,-13,1;888,-7,20;912,-16,22;919,7,-4;929,2,10;971,-26,33;983,-16,13;1000,14,-42;1003,-19,57;1030,-11,1;1037,-13,26;1047,-10,13;1057,-12,-1;1066,1,-6;1067,-5,20;1077,8,6;1087,-5,5;1112,-9,-11;1118,-24,37;1138,-9,15;1755,14,-4;1767,-8,6
rua||espirito santo|rosario|35610000|594,-1946820,-4560128;602,-6,6;630,-7,9;634,-9,5;674,-7,-58;684,-31,94;694,-3,16;704,-1,11
rua||espirito santo|vale do sol|35610000|439,-1946716,-4560243;441,-6,3;447,-13,16;479,-13,23;505,-7,6;555,-37,52;563,-11,11;579,-6,4;593,1,6;603,-8,9;609,-8,14;629,-6,15;663,-23,16;685,-13,21;693,-8,16;721,-23,28;729,8,-11;731,-21,18;745,0,5;771,-1,12;799,-5,9;811,-13,1;845,-16,22;855,-5,10
rua||estrela do indaia|aeroporto|35610000|9,-1945494,-4558741
rua||eurico lacerda fiuza|indaia|35610000|62,-1947607,-4559030;103,74,-5;132,-39,-53;187,77,-10;194,17,-17;217,-8,-10;264,37,-48
rua||eurides medeiros|sao geraldo|35610000|127,-1946174,-4559350;129,2,8;133,12,13
rua||eurides medeiros|sao sebastiao|35610000|29,-1946220,-4559429;79,-74,107;80,104,-53;120,26,-9;127,-13,32;128,5,6;136,4,0
rua||ezequiel tiburcio|juiz de fora|35610000|20,-1947410,-4560187;26,-2,-3;32,-5,4;39,19,-6;40,-25,14;47,19,-4;48,-25,10;52,-6,11;55,26,-18;57,-6,5;60,-31,23;75,24,-11;77,-10,9;79,-8,10;87,-13,12;90,1,-15;99,-3,14;106,-5,-5;119,-4,16;128,-9,0;131,-2,11;132,-28,14;145,13,4;156,-18,5;159,10,5;168,-16,3;175,-78,36;178,71,-32;179,1,9;189,-6,9;194,-1,-13;201,-16,30;206,3,-19;218,-8,8;226,-9,15;231,35,-26;234,-50,26;252,-13,25;254,4,-14;257,4,2;267,3,19;275,-12,-1;283,-1,11;285,-16,4;305,-5,7;314,3,1;985,-7,6
rua||francisco jose dos santos|vale do sol|35610000|13,-1946682,-4559942;15,-7,20
rua||francisco teodoro pinto|indaia|35610000|137,-1947554,-4558930
rua||geraldo batista fonseca de carvalho|oswaldo soares costa|35610000|15,-1947523,-4559318;25,5,-5;35,12,-16;45,-1,-1;61,13,-12;71,3,-8;81,7,-4;91,6,-14;127,17,-20;137,9,-15;167,15,-29
rua||geraldo felipe de souza|dores do indaia|35610000|58,-1947581,-4559477;60,8,-6;64,7,19;65,-21,-25;66,30,38;68,11,11
rua||geraldo felipe de souza|oswaldo soares costa|35610000|20,-1947707,-4559659;21,17,4;22,1,14;23,5,-5;24,-2,11;25,11,3;26,-1,6;27,6,-3;28,-4,8;29,6,7;30,-1,4;31,3,1;32,-4,2;34,10,7;38,7,27;39,26,11;40,-9,5;41,12,-5;42,-7,7;43,13,2;44,-3,-4;45,5,7;46,-3,7;47,10,7;48,-10,0;55,39,40;57,6,9;59,7,8;61,7,11;63,5,10
rua||geraldo gomes|santa cruz|35610000|54,-1947496,-4559339;55,10,0;57,232,82;64,-236,-72;65,9,-1;74,-1,6;75,2,2;84,1,5;85,11,2;94,-3,8;97,7,-6;104,2,8;114,8,5;117,9,-8;124,2,16;127,2,-10;134,1,11;137,8,-5;144,4,12;147,0,-10;154,7,9;157,8,-5;164,1,2;167,3,-4;174,11,13;184,-4,1;217,50,5;224,-2,0;227,10,2;234,-6,7;237,15,-4;244,-6,4;247,14,-4;254,-6,3;257,13,4;264,-5,3;267,12,-2;274,-5,3;277,18,-1;284,-5,2;287,10,-4;294,1,2;297,10,1;304,3,5;307,8,-8;314,-7,6;317,12,-5;324,-4,5
rua||godofredo araujo|centro|35610000|25,-1946872,-4560456;37,5,19;53,2,11;67,7,8;69,3,10;83,0,10;93,12,30;107,1,6;109,7,14;116,26,64;123,-17,-55;139,1,15;169,10,24
rua||godofredo araujo|rosario|35610000|22,-1946878,-4560436;54,4,24;70,9,19;80,4,7;102,3,22;106,12,9;112,7,18;130,12,11;144,2,7
rua||godofredo jose feliciano|indaia|35610000|27,-1947558,-4559296;35,0,6;89,-15,53;127,-6,24
rua||godofredo jose feliciano|industrias|35610000|72,-1947574,-4559254;122,-16,48;236,-6,11
rua||goias|centro|35610000|13,-1947100,-4560783;17,-6,17;25,-2,-5;31,-6,24;89,68,-190;92,-1,26;136,-141,253
rua||goias|juiz de fora|35610000|314,-1947625,-4559987;440,285,-450;455,5,17;456,-10,0;467,1,-1;470,-12,8;475,10,5;495,-34,44;496,15,-29;509,-19,48;530,2,-21;538,-4,7;545,-6,7;555,-6,15;558,7,-9;576,-12,8;577,-1,3;579,-2,6;581,-2,6;613,-13,30;619,1,7;620,-5,-14;627,1,12;630,-8,-1;632,-8,6;645,9,6;647,-5,6;653,-13,12;657,9,-5;658,-6,-11;659,3,31;660,-20,-33;664,-13,7;666,-4,29;670,1,19;687,19,-17;701,-5,9;707,-3,7;717,-7,5;722,-6,-8;727,2,16;736,-9,-1;737,4,9;740,-15,6;747,12,1;757,-4,5;760,-17,6;761,10,3;777,-5,11;778,-16,-5;788,4,10;789,4,5;796,-13,0;799,9,10;807,-9,4;808,-4,-3;837,-9,27;839,-8,7;841,-4,7;843,-4,5;847,-3,8;848,4,-26;851,-10,31;860,7,-24;870,-9,18;878,-3,1;879,0,15;894,-9,-5;897,-1,22;902,-2,-18;907,-5,27;914,3,-15;924,-7,5;933,-6,24;935,-8,10;969,-15,21
rua||goias|oswaldo soares costa|35610000|942,-1947603,-4560044;952,-10,11;962,-5,13;976,-7,13;1004,-11,18;1014,-12,13;1022,-13,4;1024,9,-4;1035,24,-26;1039,-59,48;1044,24,-8;1063,48,-10;1065,-78,33;1077,-24,14;1170,-33,22;1177,-47,26;1189,-13,13;1207,-1,1;1430,-200,34;1432,114,46;1446,-8,10;1450,-10,10;1468,-54,63;1506,-59,79;1966,181,-207;1982,-9,9
rua||goias|rosario|35610000|67,-1947127,-4560728;73,-13,1;79,-5,10;91,-7,14;143,-28,46;207,-29,43;229,-1,23;251,-27,26;277,-19,29;347,-23,21;358,127,-183;367,-138,195;375,-6,11;381,-3,11;393,-13,17
rua||goias|triangulo|35610000|12,-1947106,-4560797;28,-7,15;40,-4,17;50,-6,10;72,-16,15;88,-5,24;92,-5,1;96,-11,6;116,-5,13;200,-47,62;204,-10,25;370,-78,118;388,-3,7;396,-5,10;408,-11,9
rua||guaicurus|centro|35610000|15,-1945488,-4559367;19,-15,-7;23,-12,24;61,-17,5;77,-1,3;95,-21,4;99,-3,8;113,-20,6;133,-12,18;155,-8,-4;200,-49,23;212,83,-43;220,-36,21;230,-104,39;236,-6,5;282,-51,19
rua||guaicurus|sao jose|35610000|107,-1945693,-4559238;205,61,-50;217,-11,9;277,-41,37;297,-13,8
rua||guajajaras|centro|35610000|6,-1945790,-4559478;7,-2,-30;11,9,26;13,5,8;17,15,36;22,3,11;26,-29,-53;27,38,56;28,-2,13;39,10,-3;40,-69,-117;42,62,116;50,-64,-117;52,46,88;57,28,42;75,11,10;76,-2,16;98,2,5;99,9,-4;110,0,12;115,2,-1;120,-3,3;122,3,10;131,14,18;144,-6,-5;163,11,15;168,2,4;176,4,8;184,10,11;199,5,-3;213,6,10;214,-8,2;233,-90,-143;279,89,119;492,122,242;502,1,9;506,11,10;520,5,10;522,6,10;534,17,21;543,8,8;544,-5,7;546,3,-2;547,11,8;552,31,76;554,-34,-70;612,22,48;616,-5,-15;626,5,14;640,3,10;652,9,12;666,6,11;670,1,15
rua||guajajaras|sao jose|35610000|225,-1945658,-4559264;261,4,16;266,8,-6;274,-6,19;277,8,-8;289,11,14;292,-14,-3;301,12,10;302,-6,3;305,8,4;313,5,3;317,5,8;325,5,6;326,-14,-3;340,8,12;355,22,22;356,-11,-9;368,1,15;373,9,-7;377,8,17;378,-9,-1;389,13,11;396,-6,-4;410,6,13;411,5,-2;420,0,16;421,9,-8;430,-5,12;446,11,10;459,6,2;469,8,11;486,-9,-6;673,119,197
rua||gualter de lima carvalho|santa cruz|35610000|14,-1947410,-4559443;24,7,1;34,9,8;44,6,7;54,4,7;66,18,2;104,27,12;114,9,3;124,7,2;134,13,-12;144,4,13;154,14,3;164,8,1;174,10,-4;184,10,5;194,11,-3;204,3,1
rua||guarani|centro|35610000|56,-1945416,-4559267;232,-49,-96;242,-2,7;252,9,13;254,0,2;268,14,0;274,1,15;286,0,9;332,21,36;344,7,7;366,5,18;374,-3,8;386,25,33;394,-7,-10;408,4,9;422,11,13;466,14,29;474,1,12;482,8,3;486,-9,-12
rua||guararapes|sao jose|35610000|28,-1945606,-4559132;33,-3,10;35,-25,6;37,1,-1;38,17,-14;44,-9,8;47,-34,21;50,21,-20;109,-33,29;110,6,-12;116,-9,6;119,-14,3;120,0,3;121,20,-2;126,-21,1;130,-9,6;139,-2,4;140,-13,4;145,6,-1;151,-13,4;157,1,10;159,-5,-2;161,-9,4;164,5,-9;173,-10,18
rua||g|oswaldo soares costa|35610000|5,-1947097,-4559475;6,-18,33;8,21,-56;10,-12,42;17,-6,-7;21,7,-6;30,6,3;88,8,-18
rua||henrique giordani|oswaldo araujo|35610000|87,-1947165,-4559724;105,-71,-50;125,-9,-11;145,-17,-9
rua||henrique giordani|oswaldo soares costa|35610000|66,-1947271,-4559784;86,27,15;88,34,28;100,-12,-22;118,37,33;142,22,15;154,7,5;234,59,46
rua||hipolito augusto farias|oswaldo araujo|35610000|36,-1947124,-4559950;37,7,-2;44,5,12;49,1,-3;120,51,35;156,22,24;168,10,0;180,8,18;233,35,12
rua||hugo de souza araujo|oswaldo soares costa|35610000|16,-1947503,-4559863;18,14,6;20,-4,12;22,12,5;31,16,10;32,-1,15;34,4,7;35,5,-4;36,4,10;38,9,13;39,1,-12;40,4,16;41,-6,-12;43,15,11;45,3,10;47,11,11;50,0,20;52,6,5;54,0,6;56,17,3;58,5,16;60,6,0;69,29,45;71,4,8;72,6,10;73,-2,-2;74,8,11;75,-7,-7;76,13,15;78,2,10;79,1,-9;80,14,8;82,-5,18;87,16,21;88,2,6;89,4,3;90,-4,3;91,10,5;92,1,2;93,9,2;94,-1,2;95,6,13;96,-5,-4;97,8,8;98,3,10;100,8,2;131,22,14;135,8,5;139,8,5;140,-24,-7;142,0,7;143,34,11;146,-16,-4;147,25,7;148,-18,-14;151,25,19;152,-19,-6;154,7,11;155,16,-3;156,-6,12;158,12,-4;159,11,5;160,3,-1;163,-11,-1;167,9,14;171,16,0;200,31,18;205,-201,-194
rua||jaime de paula aguiar|avenida jonas pires|35610000|50,-1947620,-4559436;52,9,10
rua||jaime de paula aguiar|dores do indaia|35610000|55,-1947614,-4559450;57,-7,10;59,7,12;61,4,3;63,10,4
rua||jaime de paula aguiar|indaia|35610000|251,-1947343,-4559213;302,-125,-45;349,200,52;359,11,2
rua||jaime de paula aguiar|oswaldo soares costa|35610000|36,-1947691,-4559532;37,11,-6;39,5,7;40,-5,8;41,11,-2;42,4,13;43,1,1;44,-7,6;45,10,0;46,-7,7;47,10,0;48,1,2
rua||joao martins da costa|oswaldo soares costa|35610000|15,-1947434,-4559891;17,-25,2;19,-13,5;20,12,3;23,-62,16;25,-6,1;27,-19,2;31,-16,10;35,-11,7;37,-7,10;45,-51,11;47,-3,6;49,-9,1;51,-39,7;53,-10,9;96,172,-76;98,-12,0;108,-6,-23
rua||joao paulo ribeiro|triangulo|35610000|8,-1947513,-4560921;23,134,206;33,12,13;57,10,12;71,4,7;81,4,16;96,-29,-41;97,40,50;106,-30,-20
rua||joaquim alves de chagas|indaia|35610000|185,-1947548,-4559145;272,38,-52
rua||jorge cordeiro de souza|indaia|35610000|102,-1947485,-4559230;212,83,57;251,51,-6;272,14,9;344,41,6;349,31,-7;359,7,0;419,59,-143;422,-15,135;552,25,-120;559,-8,-21;569,3,-10;579,-1,-11;582,10,13;602,3,-19;609,-6,-24;629,-4,-10
rua||jose alves queiroz|oswaldo araujo|35610000|22,-1947094,-4560014;29,11,4;37,5,8;40,-7,-4;48,7,5;99,80,56;110,36,31;120,11,3;123,-40,-27;126,-7,1;130,54,33;140,2,1
rua||jose alves queiroz|vale do sol|35610000|191,-1946949,-4559917;203,17,4
rua||jose alves salgado|sao geraldo|35610000|7,-1946069,-4559454;23,-31,24;39,5,-15;57,9,17;101,-90,56;103,47,-29;127,-21,4
rua||jose alves salgado|sao sebastiao|35610000|16,-1946097,-4559445;89,-30,30;92,-16,11;103,10,-7;113,-11,13;127,0,0;131,-20,12;167,-74,64;174,26,-27;175,15,-6;183,-9,8;209,-20,17;231,-13,8
rua||jose argemiro de moura|centro|35610000|1020,-1945903,-4559719;1021,22,1;1025,6,14
rua||jose argemiro de moura|sao sabastiao|35610000|931,-1945947,-4559771;946,4,21;954,7,6
rua||jose argemiro de moura|sao sebastiao|35610000|158,-1946036,-4559837;176,-10,-11;186,-14,-10;792,-5,-5
rua||jose barbosa ferola|oswaldo soares costa|35610000|23,-1947479,-4559865;25,17,13;27,2,1;29,16,1;31,4,8;33,9,5;35,2,9;37,4,2;39,19,9;45,8,-1;46,-14,2;47,22,-41;48,-8,56;49,16,-6;50,-2,10;51,16,7;53,5,4;55,8,8;57,7,0;59,1,9;61,14,4;63,6,8;71,30,11;73,5,12;75,15,10;77,8,6;79,7,0;80,47,30;82,1,3;83,-22,-11;84,26,27;86,5,2;88,5,-7;95,-18,-26;97,20,14;99,3,5;101,-1,4;103,8,20;104,-98,-65;105,112,64;106,-101,-60;108,-2,-2;110,14,10;112,23,9
rua||jose brasileiro dos santos|santa cruz|35610000|112,-1947465,-4559369;115,3,-7;122,4,14;125,4,-8;132,0,12;135,4,-7;142,8,14;147,0,-3;152,5,7;157,11,1;162,-6,3;167,13,1;172,-3,3;177,12,-3;182,-4,6;187,10,-2;192,0,6;202,7,3;232,46,19;237,5,-5;242,6,7;247,1,-10;252,6,9;257,3,-5;262,6,8;267,6,-3;272,7,3;277,-3,-6;282,10,9;287,2,-9;292,4,10;297,6,-7;302,4,5;307,6,-3;312,8,5;317,1,-6;322,1,7;327,7,-5;332,8,4;337,2,-3
rua||jose de alencar|sao sebastiao|35610000|7,-1946373,-4559414;13,-1,1;25,-9,-3;37,-6,-2;45,-16,0;53,-14,-2;58,9,0;75,-26,-1;430,4,0
rua||jose francisco dos santos|vale do sol|35610000|51,-1946400,-4559508
rua||jose lopes cancado|oswaldo soares costa|35610000|5,-1947213,-4559720;11,-22,45;12,16,-41;15,-30,58;17,-10,10;18,7,-30;19,-7,34;20,13,-27;21,-21,31;22,14,-26;23,-20,39;24,9,-32;26,0,9;27,-9,25;28,-2,-14;29,-7,27;30,7,-21;32,-17,13;36,-10,10;63,-200,107;65,-13,-1;67,102,-12;69,-7,3;71,20,-16;75,63,-37;86,24,-26
rua||jose pinto fiuza|oswaldo soares costa|35610000|10,-1947690,-4559738;11,2,-6;12,3,19;13,-2,-15;14,8,23;15,0,-15;16,10,15;17,-4,-11;18,5,24;19,2,-20;20,0,33;21,2,-18;25,21,27;26,-4,8;27,14,-1;28,-15,-3;29,13,11;30,-5,5;32,5,11;33,13,1;34,-8,2;35,17,0;36,-9,5;41,37,32;43,4,2;44,-3,10;45,6,6;46,-6,-1;47,13,6;48,-15,6;49,20,2;50,-3,7;52,3,10;53,6,1;56,24,37;58,-2,6;59,14,-1;60,-4,7;62,8,14;70,-98,-135
rua||josue chagas|juiz de fora|35610000|21,-1947618,-4560215;35,8,7;39,6,8;40,-6,4;45,10,0;56,-2,8;61,11,-1;70,0,11;71,9,-8;81,5,6;90,1,12;91,8,-5;101,6,4;104,-4,5;108,0,3;109,9,-5;118,0,14;119,4,-13;179,53,42;185,5,6;194,7,4;215,-2,-4;220,17,30;228,0,-1;236,3,4;237,8,-9;240,-4,10;252,9,4;253,-18,-36;263,31,37;266,-6,12
rua||juscelino pinto da cunha|oswaldo araujo|35610000|3,-1947209,-4559836;15,11,1;33,77,63;34,-6,-11;40,8,1;44,5,15;262,52,31
rua||laercio cordeiro de souza|indaia|35610000|37,-1947458,-4558912;87,23,-37;138,24,-34
rua||luis ribeiro correa|industrias|35610000|6,-1947781,-4559313;25,8,-12;35,6,13;36,38,60;45,-29,-51;48,41,69;55,-41,-68;62,-16,-4;65,24,17;85,12,15;88,-24,-23;95,27,23;105,8,16;115,3,6;125,8,11;175,20,34;185,10,10;195,6,9;205,8,4;215,2,6;225,5,12;235,5,6;245,5,7;255,6,7;265,6,11;275,2,6;291,4,-4;330,-20,-7
rua||luz|aeroporto|35610000|2,-1945490,-4558724;3,8,8;10,-9,8;19,-9,11;26,-2,-3;27,12,0;35,-15,8;38,-5,-6;42,-3,5;43,-1,14;50,-9,-3;51,4,6;58,-15,-7;59,9,11;66,-6,1;74,-9,9;82,-9,8;83,8,6;90,-11,-1;91,6,9;98,-11,-3;99,1,2;106,-10,8;114,-8,7;115,2,4;122,-10,1;123,6,8;139,-19,10;146,27,22;154,-36,-12;155,5,10;162,-6,-3;163,1,2;170,-12,9;178,-4,1;179,2,4;186,-12,0;194,-9,15;195,9,5;196,37,-9;202,-49,10;203,8,-3;210,-11,4;211,4,7;219,-13,10;226,7,-11;227,-6,16;234,-6,-7;237,0,12;243,-9,9;251,-4,1;259,-14,13;267,0,12;283,-10,19;306,8,-29;316,-3,2;326,-10,6;327,-28,46;336,23,-34;346,-7,6;356,-9,11;366,-6,1;386,-8,20;396,-5,3;1307,205,-228
rua||machado de assis|sao sebastiao|35610000|25,-1946422,-4559468;81,-1,-4;139,-40,73;143,0,-2;147,-13,24;153,-2,9;169,-12,15;181,5,1;189,-1,7;201,4,15;207,1,11;229,-8,14;237,16,78;239,-14,-53;241,19,58;243,-20,-81;247,0,15
rua||machado de assis|vale do sol|35610000|2,-1946411,-4559519;16,-16,9;24,3,16;36,-3,2;38,-9,14;100,1,11;116,-19,41;120,11,-25;128,-31,56;140,6,-1;146,16,-34;152,-21,41;154,-35,171;156,4,-4;166,17,-152;236,2,57;238,148,-111;258,4,9;1386,-168,244
rua||marajos|centro|35610000|10,-1945351,-4559030;12,-7,21;16,-1,-10;20,-39,63;22,-8,5
rua||marajos|sao jose|35610000|11,-1945353,-4558986;15,-28,37;25,13,-14;26,-57,47;35,67,-60;36,-86,64;37,86,-55;53,-112,98;65,-8,4;77,-13,7;83,-5,8
rua||maranhao|centro|35610000|8,-1946082,-4560083;12,-25,27;16,-16,10;18,10,-2;133,-67,67;136,2,-4;139,11,-5;145,-9,20;190,-23,10;195,16,-15;197,-25,37;220,-3,-7;251,-29,45;252,-3,-10;269,-1,18;280,-8,-7;287,5,7;293,-9,-14;303,-1,22;358,7,-20;376,-3,13;408,0,2
rua||maranhao|sao sebastiao|35610000|41,-1946108,-4560053;103,-26,35
rua||marco antonio chagas de faria|oswaldo soares costa|35610000|20,-1947178,-4559648;22,-16,27;24,-11,5;26,0,6;28,-3,11;30,-15,2;32,1,14;34,-1,5;38,-53,64;39,7,4;41,0,3;127,1,-28;1182,126,-151;1194,-10,11;1807,21,-7;1819,-10,8
rua||mario campos|rosario|35610000|4,-1946896,-4560482;13,-7,-15;26,4,2;42,-11,-11;47,-7,7;53,-10,-10;56,4,-3;59,-27,-17;66,20,11;80,-8,-6;92,-11,-5;105,-16,5;114,1,-15;134,-20,-15;144,-19,-21;160,-15,-14;240,-37,-20;241,-27,22;248,16,-29;254,-9,-8;261,-3,13;290,-31,-31;308,-14,-10;334,-9,-5;351,0,7;358,-23,-27;359,18,23;363,-3,-5;371,-5,-4;385,-17,-4
rua||mario campos|triangulo|35610000|423,-1947198,-4560699;435,-19,-8;438,15,-1;444,-6,-8;446,-22,-8;464,-12,-13;494,2,-15;511,2,32;518,-57,-52;520,3,15;521,47,23;522,-54,-43;524,-9,-4;560,-7,-9;569,9,11;576,-38,-28;581,27,15;596,-41,-23;605,30,14;618,-42,-21;626,-8,-1;638,-2,-11;646,-10,-9;666,-14,-14;674,-10,-3;685,47,38;695,-18,-7;711,-8,-8;715,-4,0;725,-16,-6;731,-10,-13;745,0,3;755,-13,-13;769,-14,-9;783,-6,4;790,11,-1;800,-9,-14;810,-18,-4;820,-7,7
rua||mario de oliveira|oswaldo soares costa|35610000|40,-1947222,-4559505;47,25,-22;48,-7,3
rua||mario lopes mendonca|industrias|35610000|8,-1947573,-4559326;11,-3,4;18,-21,6;28,5,-4;29,4,11;39,-9,7;48,-9,0;49,2,5;58,-15,2;59,13,3;68,-18,0;86,-17,14;96,-4,6;106,-11,6;107,12,5;116,-15,-2;117,7,7;127,-10,9;145,-14,13;146,-1,-15;155,-9,17;156,-1,-7;165,-6,17;166,5,-14
rua||mato grosso|juiz de fora|35610000|398,-1947432,-4560484;410,-7,11;420,-2,2;431,19,-8;436,-27,14;440,-1,15;445,25,-16;460,-24,35;471,15,-29;472,-28,32;475,24,-25;481,-5,8;486,-25,23;492,-2,5;493,7,6;497,-6,2;504,-17,-39;505,15,43;516,-6,-3;519,4,10;520,-6,-6;532,-9,12;551,-4,25;552,-8,-8;562,4,-7;563,-2,24;567,-2,7;572,-14,0;575,20,20;580,-52,-28;584,-6,-2;587,56,33;595,-9,-19
rua||mato grosso|triangulo|35610000|25,-1947231,-4560778;32,-6,-6;41,10,13;50,-16,-7;51,5,14;92,-28,39;95,6,-3;103,-142,209;107,135,-202;144,-4,48;150,3,3;152,-34,-5;160,44,11;164,-51,-5;170,63,15;188,11,8;194,7,0;202,7,-6;204,5,2;218,-134,39;254,-8,10;269,17,-3;274,-29,17;294,-9,20;303,19,-12;308,-21,23;320,-11,9;321,13,0;325,-11,12;329,0,6;330,-7,-9;331,9,3;334,-17,12;336,7,-11
rua||mauricio tiburcio|oswaldo soares costa|35610000|21,-1947166,-4559504;31,12,-16;41,1,-2;51,6,-8;61,4,-4;71,11,-16;81,6,-6;91,8,-7;101,5,1;111,8,-16;121,8,-12;131,3,-14
rua||maurilio tiburcio|industrias|35610000|76,-1947784,-4559238;136,14,21;156,21,33
rua||mauro de oliveira|industrias|35610000|20,-1947677,-4559384;30,7,0;37,19,5;40,-15,1;44,14,8;49,10,-4;54,5,12;55,7,-3;78,15,8;90,14,8;101,-40,-7
rua||miguel almeida barbosa|centro|35610000|8,-1945754,-4559543;12,-21,9;36,-9,10;65,-41,28;68,6,-2;80,-7,9;81,-11,5;85,5,-9;87,-5,15;89,26,-25;91,-27,15;93,-32,1;107,19,7;108,-1,-5;110,-18,2;118,6,19;155,-3,-3;1069,-7,12
rua||miguel de paula zica|oswaldo soares costa|35610000|13,-1947173,-4559550;20,-6,18;21,33,-50;25,10,-14;27,5,-10;29,13,-14;30,-58,82;31,61,-87;33,6,-13;40,-59,94;43,66,-97;50,-62,87;60,10,-6;70,6,-10;80,6,-4;100,10,-17;110,10,-6;120,5,-16;130,6,-10
rua||morada nova|sao jose|35610000|2,-1945845,-4559112;5,8,-5;9,2,-14;12,-4,-11;13,3,16;22,-9,-3;32,-1,7;33,6,11;42,-14,6;43,9,7
rua||oiapoque|centro|35610000|14,-1945379,-4559227;17,-14,47;18,0,-5;21,2,7;45,-43,20;64,-2,-5;70,0,4;82,-12,7;89,-5,12;119,-53,32;129,12,-8;139,3,-1;144,0,-15;148,-6,6;149,13,2;159,4,-8;227,-99,65;233,-12,6;243,-9,8;311,-14,3;367,-35,12;369,-2,9;371,-55,6;391,-9,-16;399,0,3;445,-18,2;450,352,-150;459,-357,149
rua||oiapoque|sao jose|35610000|188,-1945529,-4559103;254,-50,30;264,-25,14;314,-12,10;348,-27,16;364,-27,-7;368,-17,-2
rua||olavo bilac|sao geraldo|35610000|7,-1946158,-4559337;11,-18,27;27,3,-7;47,-4,18
rua||olavo bilac|sao sebastiao|35610000|11,-1946346,-4559261;42,161,-70;50,-13,30;92,0,0;116,-4,11
rua||orlando jordania|oswaldo soares costa|35610000|6,-1947217,-4559547;8,11,-17;12,11,-7;14,4,-12;16,1,-10;20,13,-5;22,8,-15;24,11,-6;26,2,-7;28,7,-10;30,4,-9
rua||orlando pinto da cunha|industrias|35610000|11,-1947694,-4559378;23,5,4;26,-14,-4;36,5,4;45,20,17;55,6,5;56,-18,-9;65,24,20;66,-15,-8;75,15,12;76,-12,-6;85,18,18;86,-9,-3;95,13,10;96,-10,-6;106,7,9;115,14,11;126,-4,1;151,26,29;171,10,19;181,9,12;188,-11,-9;191,12,12;198,-7,-7;201,11,17;208,-5,-11;218,6,11;228,1,2
rua||osoria augusta soares|triangulo|35610000|32,-1947323,-4560858;42,-8,18;46,0,4;49,14,-16;59,-2,24;74,-79,109;75,68,-104;93,-19,37;99,-6,6;108,-6,-9;142,-17,20;227,-23,62;239,-12,17;250,-11,-17;252,-6,15;259,12,8;264,-17,-2;272,-11,13;275,15,-2;296,-19,7;308,-9,20;311,10,13;312,-11,-7;314,-4,8;318,-4,4;321,14,1;331,-7,5;338,-16,1;341,12,7;345,-2,7;350,-17,-2;353,11,15;366,-18,-2;369,17,6;370,-25,-2;375,17,11;378,-17,0;380,-8,10;387,20,-4;400,-26,3
rua||osorio gabriel|sao sebastiao|35610000|217,-1946546,-4559370;239,19,15;257,0,0
rua||osvaldo rodrigues de alcantara|indaia|35610000|126,-1947224,-4559316;136,3,-14;579,1,-17
rua||osvaldo rodrigues de alcantara|santa cruz|35610000|7,-1947249,-4559221;17,1,-5;27,3,-9;37,3,-17;67,4,-26;77,-2,-5;87,5,-8;107,-5,-20;117,7,-9;127,1,-13;137,-1,-8;177,5,-28;187,2,-15;197,-6,-7
rua||ozorio de paula zica|santa cruz|35610000|43,-1947514,-4559303;53,1,6;63,5,12;73,14,4;83,5,5;91,5,2;101,9,5;111,10,14;121,10,-1;131,8,2;141,10,5;151,9,2;161,10,4;171,4,5;183,10,0;223,41,16;233,8,-2;243,13,2;253,5,-1;263,2,5;273,18,0;283,3,7;293,11,-1;303,6,-4;313,18,2;323,5,-1
rua||paineiras|sao jose|35610000|3,-1945792,-4559129;10,-5,-9;12,-5,7;22,-1,7;32,-4,11;42,1,13;43,1,-6
rua||paraiba|centro|35610000|6,-1946329,-4560315;20,5,20;30,-83,105;31,13,8;37,-10,4;38,-4,-5;102,-30,47;134,-20,34;142,-6,6;178,-20,28;188,11,-11
rua||paraiba|vale do sol|35610000|253,-1946513,-4560002;256,-4,-5;266,-9,6;267,7,4;278,-19,16;283,18,-9;295,-8,16;305,-11,11;327,-3,13;337,-15,21;355,10,11;365,-31,2;375,-15,37;379,-4,15;380,3,-23;385,-12,34;386,5,-24;390,-3,8;400,-3,1;408,-7,9;437,-20,59;449,-7,3;450,223,275;452,-224,-283;465,-18,36;468,-23,28;477,23,-9;478,-12,-8;485,10,11;490,-22,7;492,-4,4;496,-14,17;505,18,1;515,28,-65;532,-44,65
rua||parana|rosario|35610000|25,-1946921,-4560474;30,-16,-7;40,-19,25;67,5,11;68,-5,-10;92,-12,13;106,-18,10;116,-4,8;130,-16,10;149,-14,29;152,-8,-6;155,4,17;168,-6,3;176,-12,-7;242,-36,42;270,-16,15;288,-3,13
rua||para|centro|35610000|224,-1946062,-4559905;359,-62,94;367,-5,7;377,-9,20;386,49,-93;388,-1,-2;390,0,14;403,-50,79;475,-33,43;476,66,-107;483,-67,119;493,1,-6;498,49,-95;512,-3,7;515,-60,90;519,-20,29;522,71,-108;532,-4,3;535,-56,89;546,53,-76;558,-2,3;561,-4,16;562,-2,-17;572,-14,14;573,12,5;577,-82,139;585,83,-135;586,-20,7;587,12,3;590,-29,16;600,-4,3;617,-76,113;628,70,-103;638,1,-6;640,-11,22;642,2,19;648,5,-1;651,-81,95;672,53,-71;688,-16,13;726,-40,35;728,7,4;738,-5,-2;744,-5,4;752,-6,5
rua||para|sao sebastiao|35610000|15,-1945919,-4560079;22,-14,-1;31,7,5;34,-12,11;35,8,0;39,-6,7;40,-6,-5;49,-3,16;59,-9,12;70,1,-9;83,-6,17;88,-7,-12;102,-3,10;137,-22,40;166,-10,-4;212,-22,40;215,5,1;219,-19,21;227,11,-13;689,-285,364;705,1,0;709,-18,28;785,-4,3;809,-5,6;821,-36,48;829,-6,7;835,33,-39;857,-13,11;874,-24,24;875,18,-11;886,-27,15;908,-13,25;924,-9,6;925,9,11;937,-1,3;944,-13,-10;952,-2,6;956,-9,7
rua||para|vale do sol|35610000|758,-1946321,-4559569;762,-2,-6;780,-5,7;792,-5,11;810,-9,15;818,-21,19;830,-1,0;838,11,-9;854,-24,40;856,7,-17
rua||paulino de souza|centro|35610000|252,-1945711,-4560060;262,10,1
rua||paulino de souza|sao sebastiao|35610000|23,-1946038,-4560077;32,7,-2;33,-1,-3;47,14,-7;53,32,-17;58,-25,23;63,11,-11;69,34,-12;71,-81,38;72,48,-21;76,9,-2;81,32,-16;88,-15,6;95,28,-5;105,16,1;111,6,0;115,9,2;148,12,12;158,4,-4;169,39,-7;170,-23,8;171,24,-11;177,6,3;181,14,-2;183,4,3;185,11,-21;186,-41,26;187,36,-58;189,11,10;193,10,42;207,5,-1;210,5,7;219,7,0;222,22,15;223,20,2;225,2,-9;235,10,10;237,-3,-2;253,34,13
rua||pernambuco|vale do sol|35610000|32,-1946534,-4560027;38,-12,4;58,-7,7;89,-22,10
rua||piaui|centro|35610000|15,-1946208,-4560103;29,2,9;30,-10,-7;39,6,13;44,-12,-10;77,-11,43;91,-15,3;121,-17,24;141,-16,18;176,36,-57;182,-21,19;201,-52,73;204,-17,8;207,5,5;219,-5,9;220,-13,-14;227,9,18;254,-38,28;282,0,2;301,-1,13;302,-4,-10;311,-5,20;371,-44,45;465,-68,75;475,-4,1;572,66,-71
rua||piaui|vale do sol|35610000|314,-1946412,-4559878;320,-9,-2;350,1,8;364,-20,13;370,-1,0;380,2,5;464,-59,59
rua||pompeu|sao jose|35610000|4,-1945765,-4559081;5,13,9;14,-22,-14;15,5,8;24,-17,-18;25,10,16;34,-12,-13;35,0,7;369,30,12
rua||primeiro de maio|centro|35610000|16,-1945749,-4559646;25,7,-4;33,4,2;37,5,1;38,-13,1;48,13,13;58,13,0;70,12,9;81,16,2;82,1,9;91,6,-1;92,-6,-8;94,9,17;101,-10,-15;102,24,20;113,-2,-1;123,7,-1;135,14,5;147,8,7;163,9,10
rua||quartel geral|aeroporto|35610000|3,-1945497,-4558760;19,-25,32;27,4,-3;35,-3,1;43,-9,12;51,-6,9;67,-20,17;75,-2,7;85,-3,-2;91,-6,8;99,-8,9;107,-4,6;115,-5,6;123,-9,9;131,-5,5;147,-5,16;155,-17,8;163,-8,10;179,-9,14;187,-6,1;195,-2,8;203,-9,5;219,-4,14;227,-11,5;297,-25,32;307,-10,17;317,-1,11;337,-17,6;347,-5,8;357,-11,3;377,-10,19;387,-6,3;397,-3,7;608,273,-331;618,0,7
rua||quartel geral|centro|35610000|14,-1945545,-4558714;26,-10,13;38,-9,0;46,-9,27;54,3,-1;70,-28,21;78,-3,4;90,-13,17;102,-11,8;112,-5,9;124,-8,9;138,-4,9;146,-5,-6;158,-9,13;168,-2,9;178,-5,-2;198,-14,18;208,-6,8;218,0,4;228,-15,14;276,-9,12;296,-11,17;316,-9,14;336,-15,7;346,-3,5;356,-7,10;366,-4,5;376,-2,8;386,-12,12
rua||raimundo azevedo|oswaldo araujo|35610000|13,-1947411,-4559911;15,9,17;17,5,5;19,4,6;21,16,4;23,2,5;25,17,15;27,3,-2;29,15,0;35,18,29
rua||raimundo azevedo|oswaldo soares costa|35610000|8,-1947417,-4559891;14,3,-1;16,8,8;18,9,8;20,7,4;22,8,7;30,14,10;32,13,6;34,4,5;36,9,4;38,11,8;40,5,1;44,9,7;46,8,7;50,24,19
rua||raimundo soares|oswaldo soares costa|35610000|13,-1947507,-4559601;17,-124,-183;18,-26,-4;19,25,17;20,-21,-13;21,29,16;22,-19,-7;23,19,9;24,-13,2;25,22,10;26,-16,-11;27,17,17;28,-16,-2;30,3,0;32,4,11;33,28,15;34,-10,0;35,12,7;36,-1,13;37,10,-4;38,-5,3;39,12,22;40,-13,-18;41,15,9;42,-7,8;43,15,4;44,-11,4;46,9,9;50,21,20;51,-52,-75;52,49,86;53,12,-3;54,-4,4;55,11,3;56,-4,11;57,10,-7;58,0,12;59,10,2;60,-9,10;61,11,-4;67,44,55;68,-14,5;69,33,1;70,-76,-151;71,82,155;72,-20,12;73,39,-21;74,-35,33;77,19,4;109,-184,-447;111,-19,4;117,0,0;119,-7,11;175,-40,37;191,-7,23
rua||rio de janeiro|centro|35610000|10,-1946620,-4560619;22,-11,24;39,6,7;46,-14,5;52,-3,7;68,-18,26;74,9,-15;97,-1,18;99,-1,0;117,-10,17;130,-26,25;161,-4,14;164,-11,10;171,6,3;184,-16,12;190,-24,7;200,0,17;229,26,-11;237,-6,8;238,-23,11;243,16,-1;254,-29,19;257,-6,26;264,1,-18;278,-2,1;279,24,-12;283,-6,17;301,-34,49;320,-20,3;329,4,9;330,-6,-9;333,-6,28;344,4,-19;357,-11,25
rua||rio de janeiro|oswaldo araujo|35610000|660,-1946987,-4560066;662,13,8;664,-16,7;676,-9,7;680,-2,3;690,-6,2;692,-5,18;695,39,-48;698,-47,49;700,-8,8;713,38,-41;737,-5,14;749,5,17;757,-18,4;795,-11,8;800,-35,40;815,31,-19;833,-8,7;892,-157,217;906,19,-29;907,30,-25;926,74,-133;939,9,17;945,-13,8;1000,-22,19;1003,-56,98;1012,50,-96;1021,-58,119;1033,-13,6;1036,61,-104;1055,-79,132;1086,53,-87;1100,2,10;1112,-18,-3
rua||rio de janeiro|rosario|35610000|368,-1946840,-4560298;462,-10,24;464,-7,17;466,-12,15;469,-8,36;537,-15,11;538,2,-21;547,-5,31;548,1,-7;552,-14,7;557,12,11;565,-12,5;566,-6,-8;593,-4,24;614,-18,15;617,5,3;625,-5,17;631,-2,3;640,-10,-11;648,-1,9;650,-12,11;654,-3,14;655,16,-18;669,-1,16
rua||rio grande do norte|centro|35610000|32,-1946371,-4560160;38,-7,5;263,4,-5;275,11,7;315,-12,13;351,-10,18;358,-11,-3;372,-7,12;388,-9,16;410,-9,12;432,4,7
rua||rio grande do sul|centro|35610000|18,-1946910,-4560744;30,-4,13;33,6,3;40,-7,-2;45,-2,20;54,-12,-9;111,-23,61;119,-3,0;127,-4,10;128,3,-33;141,-9,40;144,3,-10;150,-2,0
rua||rio grande do sul|juiz de fora|35610000|556,-1947187,-4560325;566,-10,4;576,-14,19;578,-1,11;586,-9,1;590,-22,34;594,-12,18;610,1,21;636,-22,10;646,-11,15;648,-4,6;650,-4,1;678,-16,29;694,-22,23;696,11,-12;710,-39,22;756,8,24;786,-14,17;792,-5,2;802,0,8;806,-12,9;814,-8,6;826,-8,4;836,-4,5;846,-10,-5;862,-12,17
rua||rio grande do sul|oswaldo araujo|35610000|591,-1947239,-4560247;619,-13,15;629,-6,14;641,-5,10;655,-10,4;659,-7,11;661,-1,8;663,-4,2;671,0,11;681,-10,-1;691,-5,15;701,-9,7;721,-9,9;727,-6,7;737,-3,11;765,-19,25;771,-7,10;777,-3,6;811,-14,22;833,-10,2;855,-14,3;857,-5,9;863,-21,5;875,-1,1;883,-9,9;887,-2,3;901,-8,1;909,-32,17;923,21,-5;925,-13,4
rua||rio grande do sul|rosario|35610000|163,-1946979,-4560621;175,-10,19;182,6,-22;200,-13,14;214,-5,6;220,-20,16;342,-49,84;356,-3,14;389,-54,97;391,-10,0;400,21,-45;403,4,11;404,10,-29;407,-37,76;427,-12,24;435,-9,6;448,12,-43;463,-12,56;474,8,-49;484,-11,16;502,-12,13;510,-10,36;511,-7,9;535,2,9;545,-9,6;557,-12,6
rua||rondonia|centro|35610000|19,-1945905,-4559302;29,5,8;39,2,5
rua||ruy barbosa|centro|35610000|1,-1946380,-4560422;7,-2,0;11,3,6;19,2,6;21,151,215;27,-61,-74;28,-93,-129;29,142,163;37,-127,-166;41,151,225;42,103,99;43,-33,-28;45,35,18;47,-92,-76;48,-87,-121;55,25,9;57,81,119;59,50,56;60,4,13;61,-151,-190;62,-74,-87;67,11,-7;73,229,275;81,-65,-43;82,-166,-213;84,223,269;89,-56,-47;95,-45,-68;107,-104,-146;115,65,91;119,0,9;125,2,2;141,10,18;149,10,2;171,-1,10;183,8,15;345,-172,-248;357,9,8
rua||ruy barbosa|sao sebastiao|35610000|119,-1946093,-4560046;125,13,4;129,-1,1;153,5,10;165,10,-1;167,0,8;169,1,6;189,13,0;191,6,-1;201,5,9;211,5,3;215,-1,1;239,29,26
rua||sergipe|vale do sol|35610000|9,-1946773,-4560165;40,-4,56;55,-6,-14;68,5,15;88,-1,16;90,9,5;95,-1,12;96,-7,-5;105,13,28;140,0,48;150,-8,-3;158,-2,-2;178,-1,20;181,10,-7;191,-1,20;192,-2,-9;208,-4,14;215,7,13;951,-6,-111
rua||serra da saudade|aeroporto|35610000|138,-1945592,-4558618;200,48,52
rua||serra da saudade|centro|35610000|40,-1945622,-4558652;41,-12,-3;49,0,-1;64,-7,-17;65,3,21;72,-11,-33;73,2,14;81,-6,-11
rua||sete de setembro|juiz de fora|35610000|26,-1947432,-4560229;34,-3,-1;39,3,-4;40,3,14;47,47,19;50,-38,-13;51,-2,-13;53,3,6;54,5,4;55,9,3;63,3,1;66,-1,6;69,7,-3;75,4,0;156,58,48;161,13,-3;165,-4,-6
rua||sion|juiz de fora|35610000|17,-1947591,-4560153;18,-2,-9;27,-6,17;30,2,-10;40,-13,10;42,0,7;43,1,3;50,-8,4;55,5,10;60,-10,-1;61,9,4;71,-7,15;72,-6,-10;78,-5,7;81,6,-4;94,-13,10;96,-1,0;106,-7,9;121,-5,24;129,-1,4;130,-3,-11;143,-3,17;150,-9,4
rua||tamoios|centro|35610000|207,-1945703,-4559411;214,3,-6;218,-8,-2;222,-2,11;226,-8,-2;228,-60,36;240,-8,7;246,-7,6;248,-10,2;255,39,-9;266,-43,11;287,19,3;297,-18,5;307,-13,8
rua||tapajos|centro|35610000|142,-1945741,-4559314;144,5,-1;146,-5,-9;150,-47,24;153,127,-51;159,-9,9;167,-53,24;177,-10,1;179,-21,-1;181,-3,6;183,-10,3;185,-4,1;193,-16,9;197,-7,-7;203,-9,12;208,-20,1;213,8,2;221,-13,5;222,6,-6;239,-17,12;260,-34,4;300,-31,11;313,41,-9;317,-9,5;323,3,3;325,-17,0;327,-2,7;329,7,-4;331,-34,10;333,-15,5;343,-7,2;349,-3,1;352,-7,3;358,32,-22;375,-45,24;387,-6,4;405,-8,-2;417,-8,5;425,-16,7;435,-8,3;465,-6,1;485,-21,5;557,-27,4
rua||tapajos|sao geraldo|35610000|364,-1945931,-4559258;378,-14,3;450,-12,9;460,-9,5;466,-17,2;482,-27,7;488,-3,0;498,-7,12
rua||tapuias|centro|35610000|37,-1945370,-4559038;45,-8,7;67,-43,23;70,25,-26;76,-14,13;79,-25,18;84,16,-16;94,-16,5;98,-7,10;168,-60,34;174,31,-16;194,-56,27;207,18,-2;231,-11,10;233,-12,11;240,-2,-8;251,-5,12;254,-41,11;255,34,-13;258,-26,10;261,19,-2;268,-34,14;299,10,8;567,80,-65;667,12,-5
rua||tiburtino jose silva|centro|35610000|19,-1945716,-4559664;25,44,-38;27,-28,44;33,-7,6;39,50,-48;41,-4,-13;55,11,-5;61,18,-23;79,-10,11;80,-88,111;87,-1,13;92,-17,-8;93,7,3;99,62,-69;106,-70,81;113,137,-165;127,3,-3
rua||timbiras|centro|35610000|2,-1945439,-4559302;4,-5,13;65,-33,30;70,-286,250;73,272,-244;78,7,-11;82,-9,6;104,-277,275;108,235,-249;122,83,-37;314,-68,41;405,-244,207;417,1,11
rua||timbiras|sao jose|35610000|140,-1945737,-4559103;204,143,-95;209,-3,1;215,3,13;248,-14,-11;272,-26,28;281,0,3;288,-11,1;295,-1,3;300,-10,-3;305,5,7;312,-7,-5;315,-7,13;316,4,-13;322,-9,11;334,-21,11;338,10,-3;365,-22,19;366,8,-13;367,-12,16;372,7,-13;375,-12,16;380,5,-9;388,-8,2;394,-15,12;395,6,1;398,-19,18;400,-4,13
rua||tiradentes|centro|35610000|2,-1946716,-4560354;3,44,36;57,-45,-79;69,4,34;85,106,162;126,5,-19;131,438,610;205,-406,-530;245,13,31;257,15,3;269,3,9;271,9,20;275,-4,-11;281,16,12;293,17,33;377,30,39;389,14,11;409,3,17;467,29,41;477,10,13;491,18,12;519,26,40;531,-4,2;537,13,11;595,92,119;600,-98,-105;610,0,1;614,11,13;615,2,-23;621,6,2;626,-4,24;633,6,-15;637,10,17;638,-6,13;640,32,33;646,13,21;652,15,16;661,16,2;662,-9,5;672,4,7;675,10,-4;682,1,13;683,5,-8;690,-1,19;691,13,3;700,-4,2;710,0,3;791,-6,-26;811,41,45;827,-4,25;836,-3,-1;875,47,37;1693,19,27
rua||tiradentes|vale do sol|35610000|36,-1946665,-4560277;50,11,19;70,1,4;184,57,93;186,9,15;241,90,122;250,-49,-67;270,8,12;274,4,9;276,-1,0;288,16,11;300,2,2;312,9,17;382,8,41;400,28,15;402,11,12;418,3,12;448,15,15;468,20,21;482,7,12;500,8,5
rua||tocantins|centro|35610000|6,-1945870,-4559323;12,2,8;13,8,1;19,0,8;20,-5,-1;31,-19,-58;32,24,68;33,7,2;41,-27,-64;42,23,70;51,-21,-66;61,4,9;79,30,67;85,-19,-50;89,25,67;99,2,9;100,-12,-5;109,17,23;110,-8,-17;111,8,25;112,-5,-10
rua||tres|centro|35610000|73,-1947048,-4560874;89,0,-38;93,-7,40
rua||tres|vale do sol|35610000|20,-1946713,-4559735;27,-13,-24;29,15,9;31,-9,-5;55,-25,1;101,87,42
rua||treze de maio|centro|35610000|58,-1946002,-4559011;59,-40,-54;82,121,261
rua||treze de maio|sao geraldo|35610000|6,-1946035,-4559431;28,-9,26;41,19,16;47,-27,6;48,11,-14;52,-13,11;63,1,18;109,-19,41;113,2,4;118,-14,11;133,9,1;138,-16,17;163,-4,22;168,-9,-2;169,5,3;180,-10,10;190,-6,11;227,11,5
rua||tupinambas|centro|35610000|6,-1945687,-4559540;89,253,441;201,-117,-217;220,-5,-2;230,3,17;237,10,-3;240,43,32;249,-39,-21;259,7,13;261,0,4;264,-15,-11;268,18,-1;275,1,20;278,-8,0;287,16,10;288,-12,2;300,85,-7;319,-49,20;332,-3,15;339,-6,6;342,4,8;347,2,-2;357,12,18;358,-14,-3;367,18,13;370,-9,-2;379,12,11;380,-3,-10;389,6,14;390,-5,3;398,4,10;399,6,-2;408,-1,10;419,10,1;438,0,23;448,4,7;449,9,-5;455,0,2;458,5,9;465,3,5;467,2,6;468,-10,-3;478,5,9;487,10,9;488,-8,-2;513,21,17;530,-6,16;537,16,-1;547,5,12;548,1,16;585,13,27;588,24,11;595,-18,-6;600,-7,-1;602,10,9;611,1,5;612,4,-1;628,4,13
rua||tupis|centro|35610000|3,-1945349,-4559125;21,-42,31;23,-19,3;91,-40,13;95,-9,15;99,-3,4;100,57,-44;104,-32,21;112,-6,-17;120,-10,24;128,-12,6;135,-34,27;136,16,-18;144,10,-6;149,-35,33;159,-3,3;267,-35,22;280,-24,5;288,2,5;305,-4,-3;341,-41,32;347,-16,7;355,1,1;383,-20,1;385,-1,-1;401,-18,-8;405,-16,-11;421,-25,-5;511,16,1;534,125,-19;536,-42,27;540,-3,-2;542,-49,-2;548,-8,3;552,-39,-7;554,-5,-7;570,17,7;571,-22,-5;574,-7,-5;585,-8,3;590,2,-2;591,-8,-1;592,3,0;594,-10,-4;601,-2,-3;619,-10,-1
rua||um|oswaldo soares costa|35610000|22,-1947386,-4559842
rua||vista alegre|centro|35610000|19,-1945571,-4558889;29,-4,7;34,1,-7;39,6,21;46,9,8;55,0,0;85,9,16;87,2,4;89,10,12;99,10,15;115,7,11;120,19,22
rua||xavantes|centro|35610000|292,-1945613,-4559035;300,7,15;317,-4,-3;392,2,3;394,4,11;400,11,27;412,9,13;420,-15,-41;421,27,47;432,-6,4;440,7,12;444,2,8;447,10,-5;448,-3,20;450,12,12;460,6,10;470,8,14;487,-3,-22;495,7,16;496,4,15;510,5,13;520,-3,4;536,14,2;538,-52,-88;554,58,114;555,-57,-108;562,67,118;568,0,5;570,8,13;577,-59,-103;595,21,28;605,10,18
rua||xavantes|sao jose|35610000|107,-1945707,-4559214;114,-1,5;121,8,2;124,-8,11;125,14,-3;133,0,16;134,-9,-6;138,3,8;145,16,13;148,-14,-8;158,3,6;168,5,10;198,19,26;206,2,10;213,7,-4;245,4,5;251,12,28;256,-2,3;263,2,2;270,2,6;275,6,4;276,-6,2;279,9,2;281,5,5;286,-9,0;293,11,6;631,135,233;641,2,6;651,11,14;659,0,7;671,7,14;675,2,5;685,11,8;695,2,9;701,17,10;705,5,14
rua||xingu|centro|35610000|12,-1945772,-4559513;31,68,-32;35,-9,7;47,-17,-10;105,-31,39;115,-7,7;125,-11,6
rua||zilda maria de oliveira veloso|santa cruz|35610000|76,-1947438,-4559408;77,6,-4;86,0,10;87,7,-4;96,-1,7;97,8,2;106,-2,5;109,11,-2;116,-7,9;119,16,-5;126,-7,2;129,16,4;136,-1,6;143,4,-5;167,161,26;183,-119,-8;193,10,5;198,-6,-5;203,22,3;208,-20,2;213,24,0;218,-8,5;223,17,-4;228,-5,4;233,20,-1;238,-14,3;243,20,-5;248,-11,6;253,23,2;258,-17,4;263,19,-6;268,-11,2;273,23,-6;278,-13,4;283,25,-4;288,-16,2;298,13,1
sitio|dona|nezita|capoeira grande|35610000|5,-1950548,-4556552
sitio|nossa senhora|aparecida|tapuia|35610000|6,-1942805,-4565386
sitio|sao|lorenco|quati|35610000|11,-1943525,-4567835
sitio||boa esperanca jaboticabas|jabuticabas|35610000|11,-1945724,-4569852
sitio||canarinho|caraibas jabuticabas|35610000|8,-1947060,-4564566
sitio||contendas chico luca|contendas|35610000|6,-1941254,-4562402
sitio||das paineiras|jabuticabas|35610000|9,-1945598,-4567344
sitio||engenho|tapuia quati|35610000|11,-1943818,-4567651
sitio||entre marcio tenente e cangaia|jabuticabas|35610000|4,-1947086,-4563399
sitio||marcelo constril|veados|35610000|6,-1941295,-4560604
sitio||morilo|jabuticabas|35610000|500,-1946052,-4561950
sitio||recanto dos passaros|tapuia|35610000|12,-1941630,-4568835
sitio||toninho|tapuia|35610000|14,-1941324,-4568190
sitio||viuva|veados|35610000|20,-1938594,-4562850
travessa|marechal|deodoro|centro|35610000|26,-1946202,-4559871;27,-3,7;38,-7,5;41,3,-4;48,-22,11;552,29,-18
travessa||amapa|centro|35610000|15,-1945777,-4559352;19,3,4;22,-6,4;29,14,9;34,-11,1;46,4,7;49,12,7
travessa||benjamin guimaraes|centro|35610000|5,-1946786,-4560680;12,-1,-10;22,-6,5;27,-4,24;30,-4,-5;39,6,8;42,-13,8;52,-4,8;55,12,16;60,-4,-5
travessa||everilda alves lopes|centro|35610000|16,-1946166,-4559845;26,-12,-1;35,6,17;36,-9,-11;45,-11,14;51,-6,8;54,4,-6
travessa||fonte do povo|inexistente|35610000|25,-1946836,-4560394;56,23,-9
travessa||goias|juiz de fora|35610000|17,-1947630,-4560084;28,7,16;46,8,6;84,26,15;121,-53,-29;227,98,65;228,-4,6;230,15,-3;231,-2,2
travessa||joao batista alvarenga|centro|35610000|52,-1946366,-4559732;58,-16,27;59,3,-3;61,-5,4;68,10,-13;78,-17,9
travessa||timbiras|sao jose|35610000|421,-1945729,-4559130;438,1,-14;441,-13,-18;442,11,8;446,-3,-8;450,-3,-4;464,-9,-17
travessa||tupis|centro|35610000|15,-1945684,-4559022;21,2,16;33,-1,13;40,-3,-31;60,-3,4;64,-3,7;68,3,13
travessa||xavantes|centro|35610000|9,-1945514,-4558904;34,6,-3;45,8,5;47,-3,1;49,-12,5
