acesso||br 393|beira linha|36725000|1,-2173418,-4245268;2,0,9;3,-44,53;4,54,-37;5,-6,-21;6,8,7;7,-4,132;8,10,-44;9,-1,118;14,-23,-13;16,17,-60;20,-7,9;21,0,10;30,16,17;33,-34,59;35,-6,14;42,6,67;44,-5,-18;54,11,-84;64,4,-19;69,7,63;77,3,-253;78,-10,232;87,22,-198
alameda||mario coutinho de queiroz|agua viva|36725000|1,-2167792,-4254443;2,18,17;20,-1,-8;38,-84,-43;50,5,7
avenida|sao|geraldo|centro|36725000|1,-2174177,-4246273;5,21,10;7,119,-18;8,-100,17;9,-7,4;11,14,17;12,10,-19;14,13,-8;16,-17,-6;17,-8,-10;18,28,22;19,-21,-8;20,25,7;21,1,-15;23,1,-7;24,16,21;26,17,-10;28,22,-4;30,16,7;31,1,38;32,16,-44;33,-16,-8;34,8,13;36,10,-10;37,-8,-3;38,21,-1;39,-16,-2;40,28,7;41,-11,-6;42,27,6;43,21,16;44,-15,-12;46,8,-7;48,13,2;49,22,-8;50,-63,19;53,56,-6;56,20,-26;108,-74,41;118,-235,8
avenida||izac rodrigues de souza|centro|36725000|22,-2173988,-4245994;31,39,-215;34,2,9;35,3,-17;38,21,21;39,-23,-4;40,23,-5;41,-31,14;51,104,147;84,-64,-144;99,-75,204;335,80,-309;336,0,24;337,0,-8;340,-11,18;341,11,-26;342,-8,28;343,9,1;344,-6,2;345,8,-2;346,-23,14;347,26,-5;348,-25,13;349,21,-6;350,-9,20;351,10,-6;353,-9,-11;354,-9,26;355,10,-8;357,-7,39;358,-6,-8;359,-1,32;361,4,-1;363,-2,6;365,-4,21;366,-5,-2;367,2,21;368,-15,-8;369,10,12;370,-1,-3;372,-59,141;373,63,-120;375,7,6;377,-16,18;381,78,22;383,-29,66;384,-8,-69;388,-66,32;390,17,-47;394,0,13;400,-18,35;420,-8,18;451,-6,12;461,-10,16
beco||juca ricardo gomes|centro|36725000|11,-2173898,-4246166;26,24,5;28,33,4;30,2,-2;34,17,2;36,-26,-1;38,23,3;56,-46,-7;63,13,-2;70,-27,7;81,33,-10;362,-46,3
beco||sem denominacao|agua viva|36725000|29,-2167774,-4254428;75,-1,-14;85,8,-14;95,-9,21
comunidade||beira linha 2|beira linha|36725000|25,-2173254,-4244678;40,4,-15;50,-1,9;63,-25,-49;73,6,-1;84,10,87;89,-3,2
escadaria||sem denominacao|centro|36725000|5,-2173762,-4246163;11,-13,25;13,-8,0;17,17,-39;18,5,-10;20,-9,49;21,-15,-16;23,18,28;25,-28,-15;27,29,-50;29,-18,61;31,8,-1;33,-9,-5;121,45,-44
escada||jose idalino|morro bela vista|36725000|15,-2173868,-4246247;16,59,-17;18,40,-16;20,4,58;22,-36,-23;28,0,-22;36,9,62;41,-69,-44;51,77,-9;53,-10,-2;60,-42,10;70,46,-8
escada||sem denominacao|morro bela vista|36725000|6,-2173782,-4246313;16,44,-28;38,54,36;56,-152,50;65,42,-36;69,-76,46
estrada||do sitio sao pastorinho 2|sao pastorinho|36725000|9,-2175774,-4242613
estrada||estrela a volta grande|sem|36725000|2,-2174915,-4248069;3,127,109;4,23,-5
estrada||estrela dalva x formiga|lagoa do sapo|36725000|16,-2175228,-4238673
estrada||para barra|barra|36725000|9,-2177036,-4245178
estrada||para fazenda cachoeirinha|sem|36725000|2,-2174756,-4247417;3,579,85;9,677,-1176
estrada||para formiga|formiga|36725000|2,-2174685,-4243135;5,-456,623;8,-151,3774;9,36,68;14,5,4;16,29,-7;18,-405,-1682;24,871,-2375;25,-548,3983;40,52,85
estrada||para formiga|santa terezinha|36725000|867,-2174812,-4245813
estrada||para o sitio meu cantinho|centro|36725000|34,-2173884,-4246317
estrada||para o sitio tres irmaos|valao quente|36725000|6,-2172687,-4243460;8,494,36
estrada||para o sitio vista alegre|agua viva|36725000|10,-2167813,-4254429;14,-100,294;16,-2,-4
estrada||para o valao quente 1|ravi|36725000|12,-2172177,-4243990
estrada||para o valao quente 1|sitio da lage|36725000|4,-2174577,-4244222
estrada||para o valao quente 3|formiga|36725000|4,-2175192,-4240500;9,844,-557;12,514,-197
estrada||valao quente x formiga|valao quente|36725000|6,-2174929,-4241766
estrada||valao quente|valao quente|36725000|18,-2173554,-4241034
fazenda||bela vista|bela vista|36725000|3,-2176858,-4246799
praca||expedicionarios|centro|36725000|100,-2174190,-4246224
praca||joao mesquita guerra|centro|36725000|254,-2174219,-4246213;299,-13,91;301,3,8;303,-6,13;305,11,6;307,-1,-2;309,-3,1;311,0,-1
prolongamento||da rua lauro barbosa|sem|36725000|1,-2174391,-4246355;15,-43,-44;19,-33,-16;55,-54,-232;82,87,270
rodovia||br 393|agrovila|36725000|12,-2173989,-4245052
rodovia||br 393|beira linha|36725000|16,-2173312,-4244774
rodovia||br 393|rodovia br 393|36725000|12,-2174607,-4246169;18,5,26;96,15,-49;100,5,129;118,-6,103;131,3,-44;135,24,64
rua|capitao|godoy|beira linha|36725000|32,-2174219,-4246016;41,718,644;43,-22,-20;47,52,35;62,-206,-139;71,405,158;75,15,-15;83,-53,137;220,-467,-344
rua|capitao|godoy|centro|36725000|4,-2174004,-4245896;5,-6,7;33,89,61;35,5,1;85,-41,-49;86,19,29;87,4,-2;88,15,62;89,-51,-94;90,50,130;91,2,-81;96,-42,-49;97,27,15;98,-69,-81;99,71,78;100,-55,-39;101,-8,-20;103,70,87;124,-78,-34;132,-16,-18;137,-7,4;245,23,-61;247,7,21;249,-2,-21
rua|professora|maria lygia r da silva|centro|36725000|2,-2174282,-4246115;3,58,-90;6,-58,91;8,5,-4;12,22,15
rua||acyr cornelio de melo|santa terezinha|36725000|5,-2174624,-4245987;7,56,29;8,-45,7;9,8,-12;11,-19,-1;12,25,10;16,-47,3;66,57,12
rua||agenor jose de oliveira|centro|36725000|1,-2173902,-4246320;3,13,7;7,18,-1;9,-18,-3;11,-13,-36;12,-4,36;14,-9,-11
rua||angelina brum de magalhaes|santa terezinha|36725000|8,-2174649,-4245955;9,6,-7;10,4,-19;34,31,26;36,-34,10;43,2,-7;62,-12,-22
rua||antonio americo martins|agrovila|36725000|1,-2175284,-4247689;3,-6,13;5,22,-13;7,-26,-8;9,27,11;11,0,-4;13,-1,-1;15,5,-1;17,-37,-5;19,3,0;21,5,14;23,-5,-14;25,4,0
rua||aristeu robadey ferreira|conjunto habitacional jose juarez antunes|36725000|26,-2174614,-4246248;27,-8,-10;28,-32,3;30,11,30;32,-21,22;34,2,17;36,28,-54;40,-2,-18;45,-11,18;76,-3,39
rua||ary coutinho brum|centro|36725000|3,-2174282,-4246118;9,6,29;13,-12,-22;15,-6,-22;17,-11,16;19,-6,-7;21,21,-18;23,-19,-11;24,10,1;25,-1,-3;51,7,17;244,13,12
rua||colinerio coutinho brum|beira linha|36725000|9,-2174898,-4245748;20,-58,94;25,54,-74;27,-13,21;31,-63,75;38,-12,17;39,-34,47;40,83,-107;41,-72,117;42,53,-86;43,-53,106;45,-13,10;55,90,-155;61,-2,0;115,-59,78;258,198,-216;400,-187,209;668,-31,92;867,-111,103
rua||colinerio coutinho brum|santa terezinha|36725000|2,-2174624,-4245910;7,14,-6;9,12,-11;10,-28,27;11,14,-20;12,-24,14;15,-32,17;18,-70,35;19,-89,62;20,-50,41;21,177,-112;22,63,-11;23,-168,55;26,130,-68;28,2,1;30,-29,13;31,-165,121;33,263,-154;35,-263,154;39,141,-66;41,-288,292;42,272,-315;43,-35,19;44,-15,5;45,-69,57;459,-33,30;460,-14,12;589,72,-60;598,-178,180;668,-5,80
rua||da matriz|centro|36725000|88,-2174229,-4246153;90,-2,5;92,7,-9;94,13,-9;96,12,-17
rua||dejanira lima ferreira|centro|36725000|7,-2174400,-4246380;9,42,-21;11,-23,3;13,-8,40;17,2,-21;65,-22,3
rua||do matadouro|sitio boa vista|36725000|7,-2174706,-4246097;151,72,34
rua||elfino vitorio dos santos 2|agua viva|36725000|1,-2167767,-4254445;20,-39,22;28,-11,-13;36,-4,-4;38,-8,-5;39,38,23;55,35,-12;60,-120,-48;65,117,53;67,-79,-18;69,-36,7;71,117,11;78,-92,-32;80,29,-17;85,59,51;88,-85,-35
rua||emilio villela|centro|36725000|22,-2174251,-4246254;24,-42,23;25,51,-51;26,-2,-30;27,20,11;28,-21,-7;29,-10,-19;30,18,2;31,-30,-10;33,8,-2;34,22,-143;36,-35,131;38,-12,-8;40,-9,-9;44,-11,-30;46,6,-22;47,-8,-3
rua||ex vereador jose abreu lamim|centro|36725000|2,-2174358,-4246015;4,14,-4;6,0,-7;7,27,-19;8,-9,5;9,22,-25;10,-8,11;12,3,-1;14,12,-6;18,18,-6;20,-3,-13;22,33,-22
rua||geraldo pereira da silva|centro|36725000|2,-2174199,-4245614;4,21,16;5,-9,20;6,-17,-24;7,25,41;8,-19,-27;9,20,6;10,-12,2;12,-1,-2;13,11,15;14,-12,-8;16,-2,-12;18,-7,-24;34,11,-6
rua||geraldo teperino|centro|36725000|6,-2173875,-4246231;11,87,15;12,7,-30;25,-10,-3;31,9,50;34,-4,-4;228,-103,-26;238,35,3;311,66,3;349,-94,-13
rua||geraldo teperino|morro bela vista|36725000|1,-2173829,-4246261;3,-3,22;4,-36,3;11,62,30;16,12,-25;18,-235,59;30,176,-82;36,115,18;50,-29,14;53,19,-32;57,-5,20;65,-90,10;128,60,-38;130,-38,32
rua||guaraciaba jardim antunes|centro|36725000|3,-2174256,-4246035;20,-8,-28;22,3,17;28,8,20;30,0,0
rua||inacio garcia queiroz|centro|36725000|1,-2174370,-4246181;5,-1,-1
rua||iolanda vasquez dos santos 2|agua viva|36725000|15,-2167763,-4254496;22,-48,-56;35,37,91;42,0,33;45,0,-5;50,8,-41;60,-26,-27;66,21,70;80,-46,-129;95,58,131;97,1,-3;99,2,1
rua||jacinto maia|floriano de oliveira|36725000|1,-2174543,-4246131;3,16,-9;7,86,-80;9,-69,68;11,63,11;18,27,-92;20,-19,10;21,15,-2;30,-12,5;35,-109,99;37,11,-17;48,28,-31;51,29,-35;60,26,-2;70,-5,4;80,-2,10;232,1,-7
rua||joaquim conegundes pereira 2|agua viva|36725000|110,-2167761,-4254431;112,1,-3;115,-57,-107;120,56,109;135,-62,-115;145,61,117;165,1,1
rua||jose antunes filho|conjunto habitacional jose juarez antunes|36725000|2,-2174708,-4246101;3,60,-217;6,-32,41;7,23,-22;8,-28,47;10,17,-17;12,0,-28;13,18,-11;14,-8,-5;15,-6,31;17,-11,18;18,15,-47;19,-21,54;20,29,-56;21,-24,60;22,32,-64;24,-8,20
rua||jose da silva almeida|centro|36725000|31,-2174394,-4246054;32,-1,10;33,-6,-12;34,2,9;35,15,-1;36,15,20;37,-8,-13;39,15,-1;41,7,-5;43,-12,16
rua||jose de paula lima|agua viva|36725000|30,-2167773,-4254437;39,3,1;40,-27,24;45,15,-15;50,0,-6;60,8,-147;62,6,160;69,-8,-7;70,-22,-18;80,22,4;85,2,-4;90,6,7;105,-12,12;110,11,-9;115,-3,6;145,4,-33;170,-6,29
rua||jose mendes pinto|centro|36725000|2,-2174500,-4245977;9,82,-73;21,134,-135;88,-20,-27;89,-10,48;91,-9,-7;92,3,-13;93,-27,18;96,25,1;97,-20,18;98,13,-14;100,-5,3;101,-10,28;102,-26,1;103,32,2;105,-31,18;107,0,2;108,113,-101;109,-124,111;110,-57,23;115,48,-7;116,-147,123;117,132,-116;118,-121,109;119,124,-97;121,-20,15;123,-11,8;125,3,1;127,-9,16;131,18,-31
rua||jose pinto da silva|centro|36725000|1,-2174200,-4246020;2,-2,4;4,3,-5;5,5,-1;6,-8,-2;7,37,2;8,-12,8;9,33,-20;11,69,69;13,13,5;20,-35,-21;22,4,9;24,4,14;29,52,18;30,-37,-11;35,50,8;41,-25,0;66,27,2;94,13,-1
rua||lair lamim de mattos|santa terezinha|36725000|1,-2174672,-4245908;3,-26,-7;5,7,-15;9,11,-20;11,-10,9;12,22,38;14,-8,-16;16,-2,-3;18,-6,-6;20,1,-16
rua||lauro antunes|centro|36725000|20,-2174363,-4246250;22,8,-23;23,-13,19;24,-20,3;26,-16,1
rua||lauro barbosa|centro|36725000|2,-2174355,-4246287;3,-7,4;5,30,-9;6,-15,0;8,26,18;9,-17,-3;12,22,28;14,8,-9;15,-11,10;16,-1,10;17,-40,-155;18,70,143;19,-21,6;20,19,-38;22,-3,80;51,-84,-112;56,82,71;65,-97,-137;86,62,92;88,6,-3;415,-11,10
rua||malvina cardoso|floriano de oliveira|36725000|3,-2174462,-4246116;5,-14,-6;6,-18,18;7,10,-5;8,1,-18;9,19,8;10,-32,18;18,54,-36;20,-6,-21;37,-8,12;48,-3,-1;49,-6,9;183,-73,33
rua||manuel antonio cardoso|centro|36725000|1,-2174343,-4246233;3,-20,7;5,1,-15;7,10,33
rua||maria cardoso nunes|floriano de oliveira|36725000|6,-2174481,-4246177;20,30,-25;100,46,53;104,-2,2
rua||nelson de lima costa|centro|36725000|1,-2174227,-4246016;5,88,405;6,-119,-507;8,-19,-1;9,134,490;22,-111,-480;23,25,45;25,7,13;26,-45,-30;27,55,41;28,-34,-40;30,31,58;32,0,10;34,-12,14;35,49,44;36,-52,-57;38,12,-19;39,38,98;40,-7,-14;41,16,28;43,-17,-60;44,9,36;45,31,56;47,2,8;48,-25,-58;49,25,71;51,2,16;52,-42,-89;54,15,42;55,21,165;62,7,-65;70,-3,36;80,-3,65;88,-79,-355;90,3,7;130,11,43;157,34,17;167,-19,-6;179,18,27;190,-28,-4;210,26,31;289,31,97;348,4,-1;450,-4,89;457,0,78;459,-2,19;500,1,-264;530,32,332;540,-36,-102;554,-10,11;560,8,22;570,11,24;614,-6,-193;615,12,11;616,8,206;618,4,7;620,4,4
rua||pedro de queiroz garcia|santa terezinha|36725000|8,-2174690,-4245973;9,26,7;11,-1,1;20,3,23;30,-11,-18;39,20,-16;45,21,-26
rua||prudente arino dos reis junqueira 1|agua viva|36725000|15,-2167791,-4254492;17,-7,-4;18,30,23;29,-83,-70;33,50,41;40,15,34;45,-16,-29;50,10,32;60,1,-4;65,-26,-26;88,-24,6;89,13,22;90,26,3;110,37,22;120,-5,4;130,-50,-24;180,60,28
rua||prudente arino dos reis junqueira|conjunto habitacional jose juarez antunes|36725000|1,-2174637,-4246311;3,6,19;7,-28,-7;8,55,61;9,-59,-57;10,-10,10;12,-1,-76;15,8,84;17,0,4;24,23,-67;28,3,-17;31,23,140;32,-35,-155;33,33,153;35,-4,-19;37,-50,-194;39,1,-2;40,31,93;42,-5,-5;44,14,31;45,-15,81;46,24,-58;48,-32,-96;56,-27,11;60,6,-30;67,37,49;69,5,15
rua||raul soares|centro|36725000|224,-2174182,-4246244;226,2,20;228,2,-9;230,-4,25;232,14,9;234,-1,4
rua||sem denominacao|centro|36725000|10,-2174080,-4245601;25,-12,6;30,-2,6;35,2,-5;45,11,-10;55,11,-10;60,-2,6;70,10,-10;75,-25,13;85,19,-8;90,13,-11
travessa|frei|de andrade|centro|36725000|1,-2173918,-4246135;2,19,2;3,-19,2;4,18,-4;5,23,8;6,0,-3;7,16,5;9,0,0;11,2,-5;12,6,8;13,5,-6;15,5,4;16,5,28;18,-6,-11
vila||aracy de castro salvarani|centro|36725000|2,-2174287,-4246041;4,-1,3;6,5,10;8,-3,11;10,9,-14
