alameda||1|furnastur|35570001|43,-2054773,-4561554;62,-28,-14
alameda||2|furnastur|35570001|101,-2054831,-4561512;106,2,-6;107,38,30;111,-53,-25;121,-26,-12
alameda||3|furnastur|35570001|30,-2054785,-4561423;35,6,14;47,-8,-10;48,-5,-4;49,-5,3;60,-7,-10;81,-26,-7;87,-8,-5;94,11,2;156,-57,-29;195,-34,-7
alameda||4|furnastur|35570001|23,-2054902,-4561400;95,67,32;98,-12,0;150,-13,-17;154,68,40;168,10,7;175,-7,-8;191,32,13;195,-5,-3;230,-39,-12
alameda||6|furnastur|35570001|72,-2054828,-4561561;73,13,-9;82,-30,15;84,-40,8;85,22,3;86,-31,1;87,46,-19;88,-56,25;99,-19,8;191,16,-1;220,-10,-3
alameda||7|furnastur|35570001|32,-2055031,-4561665;65,15,47;89,0,8;90,6,22;93,11,17;95,9,17;98,10,13;121,-5,15;180,27,36;190,7,15;200,45,123;204,23,63;214,0,0;220,-53,-134;475,79,183
area||01|formiga|35570001|19,-2056798,-4549970;32,-2494,-814;35,1201,-89
area||01|lado direito corrego moinho|35570001|9,-2056729,-4551587
area||10|formiga|35570001|6,-2061423,-4555606
area||1|cunhas|35570001|44,-2057988,-4553760;46,7,5
area||1|formiga|35570001|8,-2058659,-4552707;18,576,-1197;29,-340,-355;30,350,365;31,1,4;33,8,17;35,-3222,1125;36,89,269;48,3201,-1297;274,200,359;999,-436,-643;10337,241,285
area||1|lado direito corrego agua comprida|35570001|6,-2058089,-4553111;168,118,-771
area||2|formiga|35570001|25,-2059816,-4552459
area||3|cunhas|35570001|10,-2062252,-4554140;13,-121,-365;56,2087,-170;57,-207,550
area||3|formiga|35570001|2,-2059793,-4556370;6,149,123;12,-2340,1370;16,3316,2295;17,-323,-70;18,-139,-2;47,615,-1713;48,1887,4112;49,-1648,-3835;61,-1352,-2162
area||3|lado direito corrego agua comprida|35570001|8,-2058409,-4552832
area||4|cunhas|35570001|57,-2060001,-4554356;107,463,-403
area||4|formiga|35570001|22,-2059666,-4553137;32,-1002,158;485,241,-559
area||6|cunhas|35570001|77,-2059964,-4554180;133,961,41
area||7|cunhas|35570001|57,-2060097,-4554322;63,107,-234;70,189,-68;72,91,15;75,-85,73;94,27,0;99,28,-83;102,60,-16;104,35,-7
area||7|formiga|35570001|9,-2061776,-4554706;24,4,-234;52,1867,75;81,-423,1090
area||8|cunhas|35570001|58,-2059993,-4554385
area||8|formiga|35570001|2,-2061214,-4556525
area||9|formiga|35570001|7,-2059642,-4556236;15,36,71;22,122,163;38,325,505;46,-61,276;47,-56,7;49,-160,146;50,202,-498;51,-478,618;53,-251,125;55,732,-770;861,-446,-714
area||9|lado direito corrego agua comprida|35570001|3,-2057886,-4553310
comunidade||banco da terra 1|boa esperanca|35579600|1,-2064840,-4572982;2,55,146;3,-196,-39;4,197,33;5,-57,-138;6,34,23;7,-29,-11;8,-7,-228;9,14,-54;10,-3,2;11,47,-369;12,-36,311;13,30,-246;14,-16,199;15,-2,-67;16,12,-96;17,-10,51;18,24,-202;19,-23,-117;20,10,39;21,-37,-119;22,-96,-113;23,96,112;24,-93,-110
comunidade||banco da terra 2|boa esperanca|35579000|90,-2065248,-4571232
comunidade||banco da terra 2|boa esperanca|35579600|10,-2065665,-4571218;20,250,-3;30,28,-12;40,21,-1;50,29,-18;60,18,10;70,15,-14;80,184,111;100,-130,-91;110,21,16;120,33,23;130,11,5;140,27,22;150,162,95;160,22,10;170,26,9;180,107,29;190,-65,-12;200,26,6;210,13,4
entrada||boa vista 2|boa vista|35579600|8,-2050461,-4570163
entrada||ponte alta 13|ponte alta|35579600|10,-2052266,-4565248;14,5198,1979
estrada|santa|luzia 100|santa luzia|35576184|1,-2057042,-4543210
estrada|santa|luzia 111|santa luzia|35576184|2,-2057285,-4543032
estrada|santa|luzia 11|santa luzia|35576184|21,-2056296,-4540508
estrada|santa|luzia 15|santa luzia|35576184|26,-2056455,-4540401
estrada|santa|luzia 1|santa luzia|35578899|20,-2054473,-4541586
estrada|santa|luzia 27|santa luzia|35576184|16,-2057049,-4539643
estrada|santa|luzia 29|santa luzia|35576184|13,-2057030,-4539670
estrada|santa|luzia 39|santa luzia|35576184|39,-2056797,-4540290
estrada|santa|luzia 76|santa luzia|35576184|12,-2056432,-4541850
estrada|santa|luzia 78|santa luzia|35576184|10,-2056615,-4541727
estrada|santa|luzia 79|santa luzia|35576184|9,-2056735,-4541646
estrada|santa|luzia 86|santa luzia|35576184|6,-2058071,-4541856
estrada|santa|luzia 87|santa luzia|35576184|5,-2058073,-4541787
estrada|santa|luzia 89|santa luzia|35576184|3,-2057970,-4542006
estrada||4|albertos|35579400|110,-2057301,-4549423
estrada||agua suja 8|agua suja|35576184|13,-2056281,-4543097
estrada||albertos 8|albertos|35576470|198,-2058324,-4548336
estrada||albertos 8|albertos|35578899|28,-2057457,-4548248;182,218,-510
estrada||barreira 33|papagaios|35578899|19,-2054136,-4541311
estrada||corrego do atalho 11|correio do atalho|35576184|29,-2056084,-4544058
estrada||corrego do atalho 15|correio do atalho|35576184|19,-2055218,-4543716
estrada||corrego do atalho 19|correio do atalho|35576184|24,-2055493,-4544428
estrada||corrego do atalho 1|correio do atalho|35576184|42,-2056391,-4543502
estrada||corrego do atalho 32|correio do atalho|35576184|4,-2055170,-4545547
estrada||corrego do atalho 3|correio do atalho|35576184|3,-2057242,-4542985
estrada||corrego do atalho 4|correio do atalho|35576184|43,-2056388,-4543411
estrada||corrego do atalho 5|correio do atalho|35576184|39,-2056206,-4543698
estrada||corrego do atalho 6|correio do atalho|35576184|31,-2056854,-4543845
estrada||corrego do atalho 7|correio do atalho|35576184|30,-2056861,-4543849
estrada||corrego do atalho 8|correio do atalho|35576184|41,-2056414,-4543540
estrada||corrego do atalho 9|correio do atalho|35576184|37,-2056082,-4543746
estrada||curva apertada br 354|papagaios|35576478|8,-2049816,-4539835
estrada||fazenda velha 105|fazenda velha|35576210|27,-2057850,-4537892
estrada||fazenda velha 1|fazenda velha|35578899|103,-2059074,-4539517;104,-27,-63;127,202,981;175,-1054,814;185,212,330
estrada||fazenda velha 85|fazenda velha|35576210|81,-2058440,-4539106
estrada||onca 13|onca|35576184|3,-2056796,-4546034
estrada||onca 6|onca|35576184|11,-2057643,-4545459
estrada||onca 9|onca|35576184|9,-2057132,-4544906
estrada||rodrigues 1|rodrigues|35578899|2,-2062054,-4536515;4,-138,38;20,88,-168;24,155,-17;31,-800,98
estrada||rodrigues 3|baioes|35576480|39,-2062993,-4536824
estrada||sem denominacao 6|albertos|35578899|179,-2060360,-4547709
estrada||teodoros 13|fazenda velha|35576210|21,-2058912,-4541539
estrada||teodoros 16|teodoros|35576210|19,-2058771,-4541583
estrada||teodoros 18|teodoros|35576210|17,-2058912,-4541539
estrada||teodoros 2|fazenda velha|35576210|1,-2058907,-4540630
estrada||timbore 12|baioes|35576480|17,-2061924,-4542326
estrada||timbore 13|baioes|35576480|5,-2062314,-4541792
estrada||timbore 17|timbore|35578899|24,-2060135,-4544033
estrada||timbore 2|paneleiros|35578899|6,-2061791,-4540762
estrada||timbore 5|timbore|35578899|8,-2060116,-4543295
rodovia||br 354|fazenda velha|35576210|19,-2057984,-4537848;22,517,-118;214,-1497,115
rodovia||br 354|fazenda velha|35578899|184,-2059552,-4537451
rodovia||br 354|olhos dagua|35578899|29,-2034739,-4550272
rodovia||br 354|papagaios|35578899|508,-2049803,-4539082
rodovia||br 354|santa luzia|35570001|500,-2043611,-4540247;504,-94,81
rodovia||mg 050|cachoeira do areiao|35578899|196,-2040608,-4541561
rodovia||mg 050|corrego da divisa|35576480|7,-2046876,-4557877;10,-2,3
rodovia||mg 050|corrego da divisa|35579600|1,-2047026,-4557846;8,-166,224;189,-3625,-4240
rodovia||mg 050|eldorado|35576470|6,-2042595,-4544154
rodovia||mg 050|ponte vila|35576480|15,-2049883,-4563155
rodovia||mg 050|quilombinho|35570001|250,-2041230,-4543088;340,31,-99
rua||16|jardim montanhes|35572404|10,-2048096,-4541215;14,29,15;44,-4,-6;50,5,12
rua||1|ouro negro|35577076|30,-2045140,-4544330;48,6,22
rua||1|sao luiz|35577076|35,-2045104,-4544353;43,-38,51
rua||1|vale do sol|35570212|3,-2054196,-4562776;5,-30,-35;6,24,84;7,-8,-46;8,15,37;9,7,12;15,32,-170;16,25,-39;18,-34,29;19,-18,31;20,-2,11;21,-11,118;22,2,-81;23,-2,25;24,4,13;25,5,25;26,3,12;27,7,21;32,39,-199;36,37,-2;66,-82,235;70,10,-18;77,31,-217;80,-32,225;145,-44,-81;275,122,-151;290,-53,22
rua||2|vale do sol|35570212|1,-2054273,-4562864;2,98,-54;5,-73,23;8,60,-23;9,16,-5;10,13,-8;13,56,-20;18,-198,82;22,80,-37;30,-70,45;41,-8,-5;54,150,-68;62,-86,36;65,-19,9;66,-16,5
rua||3|vale do sol|35570212|48,-2054230,-4562834;50,-5,-16;71,0,19;74,-3,-27;75,3,21;80,-8,-28
rua||4|vale do sol|35570212|5,-2054308,-4562810;7,11,34;8,5,14;9,-13,-66;12,39,80;15,-33,-37;21,19,39;25,6,43;33,6,-16;35,-39,-79;60,-8,-18;63,24,78;73,15,-18;83,-14,2;87,6,-5;96,-1,48;97,-4,5;107,-18,-128;109,43,97;127,-42,-94;522,21,49
rua||sem denominacao 10|encosta do lago|35570001|1050,-2058711,-4558511;2000,-31,5
rua||sem denominacao 12|encosta do lago|35570001|191,-2058868,-4558588
rua||sem denominacao 15|encosta do lago|35570001|250,-2058860,-4558660
rua||sem denominacao 1|laranjal|35579700|3961,-2057852,-4560766
rua||sem denominacao 1|marina|35570001|10,-2061839,-4560706
rua||sem denominacao 1|mg 050|35574849|41,-2042540,-4544535
rua||sem denominacao 1|vale do sol|35570212|35,-2054277,-4562645;50,16,-17;156,-5,42
rua||sem denominacao 2|alto da praia|35573054|625,-2048171,-4543475;629,-13,-14;631,-1,-5;635,-3,-4;637,-3,0;639,2,-8
rua||sem denominacao 2|vale do sol|35570212|80,-2054134,-4562219
rua||sem denominacao 3|jardim guanabara|35578899|36,-2045388,-4544903;44,3,-5;46,-8,30;76,5,-56;82,10,-10
rua||sem denominacao 3|ponte vila|35570001|2,-2059822,-4561004;4,-15,9;79,36,-21
rua||sem denominacao 3|santa luzia|35578899|55,-2045286,-4545031
rua||sem denominacao 3|vale do sol|35570212|2,-2053857,-4562655;3,-1,-4;4,8,-16;10,30,-39;126,23,-39;150,12,-14
rua||sem denominacao 4|encosta do lago|35579700|53,-2058235,-4558627;54,-10,-3;500,38,14
rua||sem denominacao 5|encosta do lago|35570001|56,-2058534,-4558820;200,-13,96
rua||sem denominacao 5|vila bom pastor|35576246|65,-2045185,-4542977
rua||sem denominacao 6|encosta do lago|35570001|155,-2057929,-4558379;791,-545,-225
rua||sem denominacao 6|encosta do lago|35579700|560,-2058082,-4558444
rua||sem denominacao 6|laranjal|35579700|3,-2057883,-4560815;88,28,-134
rua||sem denominacao 6|vila bom pastor|35576246|15,-2045285,-4543060;62,44,-7
rua||sem denominacao 7|encosta do lago|35570001|8,-2057805,-4558278
sitio||osvaldo ferreira 2|baioes|35578899|41,-2056932,-4530960
travessa||1|recanto da praia|35573342|9,-2048790,-4544011;17,-9,-9;19,12,8;28,-5,-10;34,0,-3;38,-8,2;55,-5,0
travessa||2|recanto da praia|35573092|10,-2048771,-4544046;24,12,5;27,-8,-4;35,-7,-1;46,-6,-12;51,-14,2;52,2,-13;169,39,35
travessa||3|recanto da praia|35573090|18,-2048773,-4544097;20,40,34;23,-19,-9;29,-6,-7;30,12,6;31,-8,-12;39,-8,-1;50,3,2;51,-7,-3;60,-4,-8;66,-5,-5
travessa||joao paulo de faria 2|maringa|35577368|14,-2043489,-4544886;26,0,2;37,-16,20;44,5,-13;50,-6,12;88,-6,27;92,-7,5;93,9,-14;96,1,7;101,-14,21;108,33,-67;112,-37,77;140,-15,20;142,7,-11;146,-5,11
travessa||joao paulo de faria 2|maringa|35577374|16,-2043506,-4544855;21,27,-51;23,-11,19;31,-2,3;39,-4,7;45,-2,2;65,-8,20;71,-3,8;85,-4,7;99,-6,13;129,-10,25;141,-3,4;212,14,-25
