acesso||sem denominacao|corrego das almas|35578899|16,-2052136,-4537599
acesso||sem denominacao|grota|35578899|5,-2049656,-4534949
acesso||sem denominacao|lucianos|35578899|9,-2048980,-4530783;10,209,16;13,578,-235;14,-346,902
acesso||sem denominacao|morro das pedras|35578899|13,-2044994,-4532958
alameda||das dalias|ponte vila|35570001|7,-2059536,-4560714;11,14,-17;25,15,19
alameda||sem denominacao|furnastur|35579000|1245,-2053560,-4560978;1281,12,-9
alameda||sem denominacao|ponte vila|35570001|600,-2060485,-4560709
avenida|padre|leao joao dehon|cristo|35576090|74,-2045821,-4543055;80,3,-9;154,-64,45;172,7,-8;182,-87,61;200,6,-33;218,11,10;232,41,-22;242,10,-6;262,17,-6;282,9,-8;288,10,-5;346,36,-32;356,21,1;372,8,-11;458,68,-48;476,12,-6;496,16,-12;498,11,-11
avenida|padre|leao joao dehon|santa tereza|35576090|60,-2046017,-4543023;131,627,-324;520,-280,177;528,12,-10;590,26,-7;600,10,-10;610,9,-6;700,55,-34;708,2,-4;720,14,-14;742,14,-3;750,9,-12;770,26,-4;780,1,-9;790,10,-7;796,10,8;800,-4,-11;810,10,-9;820,6,-5;830,16,-8;850,12,-5
baixo||olhos dagua|fivela|35579600|9,-2049916,-4563398;11,-90,144;18,-174,-59
corrego||da divisa|corrego da divisa|35578899|5,-2047597,-4556922;20,-23,417;23,11,-78;24,26,-43;26,17,-37;33,-74,-237;55,-749,-376;75,-36,-13;85,34,58
entrada||sem denominacao|grota|35578899|17,-2045270,-4538123
entrada||sem denominacao|lucianos|35578899|17,-2050232,-4532020
escadaria||sem denominacao|alto da praia|35573052|3,-2048082,-4543373
estrada||sem denominacao|papagaios|35578899|1,-2051961,-4544546;4,-178,113;18,-2248,1444
estrada||sem denominacao|timbore|35578899|10,-2063927,-4549948
fazenda||do nilton damasceno|antiga estrada pra itapecerica|35578899|2,-2046305,-4538270
fazenda||olhos dagua|olhos dagua|35578899|5,-2038772,-4549770;6,69,160;11,18,164;14,29,-32;20,1635,171;24,-952,305;31,3127,-1416;32,-2559,2299;38,-775,-1499;72,1096,-333
fazenda||padre doutor|padre doutor|35578899|1,-2047672,-4547606;9,-176,-811;12,-721,481;13,-197,-514;14,-81,48;16,729,1172;75,2676,-1990;300,-765,2565
rodovia||sem denominacao|santa luzia|35570001|11,-2044600,-4537878;37,404,5120
rua|coronel|jose goncalves damarante|centro|35570146|1,-2046533,-4542992;2,12,5;3,-20,-9;4,3,-1;6,0,-3;30,3,19;56,-4,-24;83,-15,-38;86,6,-2;96,20,-2;108,-8,-6;131,-25,-29;134,-1,12;144,-5,-10;150,-4,-15;180,-6,-21;200,-17,-22;220,4,-16;230,-6,-8;234,1,-4;240,2,-4;252,-14,-11;255,1,9;262,5,-21;265,-6,11;270,-10,-20;279,10,8;281,3,2;286,-10,-14;295,1,-9;300,-1,-11;303,-3,1;308,-1,1;317,-18,-16;318,17,-3;325,-7,-13
rua|dona|dorcelina|mangabeiras|35577184|70,-2044976,-4545253;80,7,-3;90,15,1;95,-58,-19;115,3,9;125,-1,-1;145,25,-2;155,5,7;159,195,54;175,-159,-37;180,-98,-36;191,462,124;195,-340,-97;200,-2,11;201,202,50;205,-190,-57;206,87,30;210,14,-1;211,213,61;217,-207,-61;220,-113,-26;222,11,11;223,106,15;225,-95,-24;231,9,2;262,14,11;272,11,2;273,3,1;275,3,-1;282,11,6;317,50,3;330,31,21;333,-1,-9;344,15,-2;345,-11,-1;347,12,3;351,10,4;354,-5,7;357,3,-1;360,-115,-29;361,68,16;365,56,10;368,-5,2;375,26,1;395,12,6;401,16,4;408,-6,5;440,34,2;450,5,9;460,11,0;462,-159,-40;468,-5,-2;470,168,41;478,-170,-47
rua|dona|dorcolina|mangabeiras|35577184|407,-2044657,-4545181;415,26,3
rua|doutor|emanoel dias|agua vermelha|35574548|32,-2045955,-4544372;36,-7,-3;42,-9,-5;48,-15,0;68,-9,-6;72,-13,4;94,-5,0;104,-12,-3;106,-1,-4;160,-52,-3;162,25,-6;166,-10,8;170,-15,-10;182,-14,1;202,-11,-6;210,-8,1;218,-14,3;220,5,-7;230,-17,3;244,-4,-1
rua|doutor|emanoel dias|bela vista|35574548|262,-2046175,-4544413;272,-9,-38
rua|doutor|emanoel dias|nossa senhora aparecida|35574548|271,-2046166,-4544415;291,-8,2;297,-17,0;301,-1,-1
rua|doutor|emanoel dias|novo horizonte|35574548|5,-2045932,-4544376;11,-2,0;21,-17,-10;31,-6,10;33,-7,-4;45,-6,-2;51,-3,-6;59,-12,9;63,-3,0;69,-9,-3;85,-11,-7;95,-18,0;103,-5,-1;161,-23,-2;167,-15,-9;185,-9,6;187,-6,-1;191,-18,-5;211,-3,4;215,-7,-2;221,-3,-8
rua|maestro|pedro severiano de deus|rosario|35570442|12,-2046441,-4542185;14,5,33;23,-10,3;26,9,5;36,0,8;40,20,17;50,-26,10;56,10,-2;64,3,6;75,-11,-92
rua|maestro|pedro severiano de deus|rosario|35570446|15,-2046434,-4542188
rua|marechal|deodoro|bela vista|35574366|468,-2046047,-4543585;470,13,12;478,-4,-25;488,15,-15;502,0,-10;510,7,-6;520,7,-3;530,10,-5;538,24,-17;548,-7,3;566,5,-6;568,3,-11;604,22,-17
rua|marechal|deodoro|centro|35574366|14,-2046410,-4543435;30,15,-11;38,3,4;40,9,0;46,3,-6;50,9,2;74,8,-3;84,19,-1;108,4,1;120,17,0;122,2,0;142,27,-8;154,9,-3;156,3,-1;172,16,-3;178,0,9;190,12,-3;250,64,-16;252,-4,4;254,8,1;258,-7,-17;262,0,14;263,-15,-5;264,15,2;265,-20,-13;270,20,3;275,16,0;278,-12,4;281,31,-32;288,-17,16;291,10,5;302,-13,22;309,24,-33;312,3,4;319,-4,-7;322,3,1;336,-42,33;340,15,2;354,46,-34;361,16,-18;362,-65,54;371,64,-70;374,-79,70;377,88,-71;380,46,-42;387,-43,35;403,24,1;404,13,-35;423,-15,26;432,13,-18;521,-3,-6;531,-4,6;535,9,-1
rua|marechal|deodoro|sagrado coracao de jesus|35574366|1,-2046420,-4543447;7,23,17;27,6,-12;47,16,-7;49,6,35;67,3,-16;77,9,-16;85,7,-4;95,111,-10;117,-77,14;143,47,-9;149,-22,-9;157,7,1;164,561,-441;195,-532,446;201,15,-14;211,-6,13;467,182,-134;479,20,-9;485,11,-7;507,15,-11;517,11,0;539,11,-24;555,12,-10;559,-67,79;565,75,-81;581,31,-38;597,-12,13;607,6,-9;615,4,-3;655,36,-28;657,1,-5;671,8,-12;673,8,-8;689,4,-4;693,9,-14;697,1,1;709,2,1;727,14,-12;745,-83,84;753,95,-99;775,10,-16;787,14,-15;797,1,7;807,16,-1;817,10,-18;838,8,-5;849,-26,17;853,35,-39;854,5,4;859,-2,-8;864,8,7;867,7,-5;868,-3,-2;871,8,-10;873,1,-11;876,-9,14;882,13,-7;888,1,2;891,-6,-6;902,13,-7;912,6,-3;921,2,-13;953,31,4;956,-2,-24;971,11,-7;972,-3,7;986,7,-8;995,7,-19;998,-12,27;1008,30,-31;1011,0,10;1020,6,-16;1021,13,10
rua|marechal|deodoro|vila sao vicente|35574366|620,-2045943,-4543699;628,14,-8;638,9,-3;648,14,-6;664,-5,-12;666,5,-8;676,11,-4;682,6,-9;692,6,-1;702,2,-8;708,6,-2;716,4,-1;722,-9,-1;738,26,-17;750,9,-8;760,-4,-5;766,7,0;774,-10,-6;788,10,-18;798,27,2;808,4,-9;828,3,-6
rua|padre|dehon|jardim alvorada|35576090|11,-2047531,-4541675;17,3,-4;27,-15,11;31,-6,5;37,-6,4;40,13,-20;46,-13,25;54,-17,12;55,11,-6;57,6,-12;67,-26,17;77,22,-16
rua|santa|doroteia|agua vermelha|35574544|12,-2045982,-4544403;13,2,-1;21,-2,-2;22,2,-4;28,-5,-3;49,6,-16;55,7,-3;63,-11,-7;75,7,-16;79,-9,42;83,11,-52;85,0,1;90,-2,10;93,6,-17;95,-2,-9;104,5,-8;115,-8,-9
rua||abner duarte|bela vista|35574607|30,-2046223,-4544479;31,-17,-17;40,3,11;41,-3,-24;51,-9,-17;52,22,39;60,3,3;70,9,-18;74,-5,13;76,29,-21;86,4,-35;110,21,-22;126,-18,-24;136,-8,1;146,-1,-18;154,22,-7;162,-4,12;174,12,21;182,-40,-50;186,15,-8;202,-48,-28;212,-41,-7;222,85,-5;268,39,-75;278,-13,29;635,-97,267;647,16,-1;651,-11,-13;655,15,-26
rua||abner duarte|novo horizonte|35574607|55,-2046221,-4544531;61,23,9;65,37,17;71,-32,-1;73,-2,-12;79,-6,-62;89,25,-7;117,32,-20;121,-24,-12;131,-17,-11;141,-9,-15;151,-8,-8;177,5,-26;310,19,-84;330,-3,-15;339,9,33;340,-17,-42;346,11,38;350,-18,-40;360,-1,-7;370,-10,-9;382,-13,0;412,-2,-17;434,-33,-21;446,-2,-10;450,-10,-4;452,-13,-6;476,-6,-6;486,1,0;496,-5,-14;500,-1,4;520,-13,-4;528,-5,-7;530,-5,-8;536,-2,0;542,-5,549;552,18,-215;562,0,206;564,-31,-561;570,-7,-6;572,59,524;576,-66,-529;578,67,524;584,17,-9;590,-95,-530;596,87,528;598,-78,-527;606,79,522;610,-111,-528;612,116,519;616,-83,18;622,93,-29;624,-131,-528;632,149,512;636,-146,-514;642,-7,-4;650,-6,-8;651,0,5;656,-4,-10;657,-1,-6;663,-5,0;669,-10,5;670,9,-8;675,2,-8;685,-12,-1
rua||abner duarte|santa luzia|35574607|199,-2046184,-4544705;207,0,-8;219,7,-4;229,-7,-3;239,-3,-5;291,5,-18;335,1,-13;341,-7,-5;371,-22,-30;377,-2,-5;389,-5,-2;397,-9,-17;411,-25,8;435,8,-8;445,-13,-23;453,-1,-10;461,-5,-1;471,-9,-9;479,2,-11;485,-3,-3;523,-23,-5;527,-4,0;531,-11,-17;543,-8,-2;555,-12,11;577,-26,-51;587,-9,-13;595,-1,3;599,-3,-4;609,1,-1
rua||agua dourada|palmeiras|35574446|2,-2045690,-4544484;12,2,-4;22,3,-14;27,7,-6;32,-4,-7;36,-3,1;42,7,-13;44,-8,-5;48,5,-2;54,6,-5;60,0,0;66,4,-7;80,5,-22;82,-3,10;108,3,-27;118,-1,10;250,-41,92
rua||agua dourada|sao lourenco|35574446|7,-2045689,-4544499;38,1,-19;41,7,-16;49,2,-6;53,4,1;61,-2,-17;67,2,-2;77,8,-21;85,47,-11;95,-46,10;107,-3,-12;115,5,-13;119,-2,-8;123,0,-10;137,0,0
rua||antonio david|ouro verde|35570622|7,-2045747,-4541456;19,-3,3;31,-10,15;41,-4,2;51,-6,11;61,-15,5;71,0,10;81,-7,8
rua||antonio david|tino pereira|35570622|26,-2045766,-4541441;36,2,-1;50,-10,9;60,-6,4;72,-7,11;80,-8,18;88,-10,0;98,-2,3;104,-4,5;120,-12,24
rua||delta|por do sol|35574462|36,-2045503,-4544472;52,-7,8;62,-13,8;70,-4,8
rua||delta|sao lourenco|35574462|25,-2045500,-4544474;35,-5,3;63,-10,10;73,-3,7
rua||diamantina|alto dos pinheiros|35572189|9,-2047758,-4542193;15,-8,-18;65,1,-5;122,-71,-80;130,-7,-6;165,-19,-18;166,3,-5;175,2,1;177,-7,-6;185,-6,0;191,-8,-4;215,-11,-15;237,-14,-18;243,-5,-3
rua||dois|centro|35570113|53,-2046346,-4542831;63,-29,11;100,48,-41
rua||dois|furnastur|35579794|51,-2054056,-4562080
rua||dois|sao luiz|35577038|4,-2045407,-4544288;11,-13,96;22,-1,-87;27,6,86;28,-6,3;33,8,-8;34,7,-2;37,-10,0;40,84,-48;45,-71,39;51,2,0;57,1,65;58,11,-68;63,-39,62;64,38,-75;69,-9,70;70,11,-67;76,8,-4;77,-1,-14;81,-3,6;88,9,4;93,3,-18
rua||dois|tino pereira|35573356|5,-2050519,-4542893;10,-11,-4;15,7,16;20,-5,-2;25,0,8;30,-6,-1;35,5,14;40,-4,-3;45,2,10;50,-7,-5;55,4,11;60,-7,1;65,3,7;80,-2,8;85,0,8;90,-9,3;95,4,8;100,-7,0;105,3,9;110,-6,1;115,5,4;120,-8,4;125,6,7;130,-6,-1;135,4,10;150,-13,9;155,5,10;160,-3,1;165,1,8;170,-5,2;175,3,1;180,-8,10;185,7,2;190,-9,5;195,-1,7;200,-1,2;205,5,7;210,-10,2;215,7,0
rua||d|perto da mg 050|35574849|55,-2044105,-4545832;57,38,33;63,-23,-15;66,-10,6;69,18,2;77,5,0;82,8,9;123,31,5;131,-1,5
rua||felipe doche|santa ana 2|35574692|17,-2045917,-4545705;20,3,-2;27,-13,10;30,-5,-11;37,-4,1;40,0,-8;47,-7,7;50,-1,-15;57,-8,9;60,-2,-11;67,-10,6;70,3,-12;77,-8,13;80,-1,-16;87,-8,6;132,-35,-25;142,-8,-9;150,-2,8;152,-3,-11;162,-13,-5;170,-4,5;172,-2,-9;182,-7,-6;192,-11,2
rua||francisco dantas|cidade nova|35576406|25,-2043912,-4542857;34,-12,-8;35,8,12;38,2,-3;44,3,4;45,0,10;50,3,-7;54,7,20;60,-4,-1;68,6,-4;73,-9,-1;79,3,7;83,1,6;84,-26,-48;85,33,52;86,-1,2;90,4,12;93,-3,4;95,8,-7;96,2,7;105,6,2;106,-4,6;115,3,-3;120,6,7;122,-7,0;124,11,14;125,-7,-16;133,6,7;143,4,6;160,-3,3
rua||halabia doche|santa ana 2|35574694|13,-2045904,-4545753;23,-13,-10;33,-8,-10;38,-14,-9;43,15,-2;48,-12,3;53,-4,4;58,-3,-9;63,-7,7;125,-50,-31;135,-5,-2;145,-12,-6;155,-11,0;165,-1,-6;175,-10,-6;185,-8,-2;195,-11,-9
rua||halibia doche|santa ana 2|35574694|120,-2045999,-4545818;130,-7,-1;140,-13,-4;150,-6,-9;160,-3,0;170,-11,-3;180,-5,-2;190,-14,-13
rua||henrique arantes dias|novo santo antonio|35574006|105,-2047813,-4543707
rua||henrique arantes dias|santo antonio|35574006|15,-2047724,-4543709;20,-20,6;21,3,0;27,-5,-9;30,-3,2;33,-1,-3;45,-14,7;48,5,2;51,-11,-3;57,-8,3;58,-2,-8;63,168,-69;100,-212,68;120,-9,2;289,35,1
rua||joao luiz duque|furnastur|35579752|65,-2054068,-4561984;75,-1,-5;120,-16,-40
rua||joao pedro dias|bela vista|35574204|9,-2046637,-4543424;12,46,-224;215,60,-97;251,-24,35;271,-4,9;274,-9,8;275,2,2;291,-4,1;301,-7,19;311,-1,9
rua||jose alves ferreira diniz|maringa|35577346|174,-2043667,-4545170;175,1,3;184,6,3;185,-2,0;192,4,6;202,6,7;205,-9,-12;215,24,13;230,15,12;295,11,4;330,52,32;338,10,4;351,24,10;386,15,15;414,22,3;457,36,17;540,13,163;720,190,-54;774,-48,-107
rua||jose alves ferreira diniz|souza e silva|35577346|134,-2043715,-4545188
rua||luis belo damasceno|engenho de serra|35576230|10,-2045624,-4542313;12,-6,-38;22,-25,-1;32,-13,-20;79,9,-80;85,-30,56;95,-27,13;105,12,-29;115,39,46;121,-15,6;127,6,-7
rua||sem denominacao|albertos|35576480|32,-2066748,-4554972
rua||sem denominacao|albertos|35579400|15,-2057215,-4549304;30,6,0
rua||sem denominacao|alto da praia|35573058|480,-2048467,-4543193
rua||sem denominacao|baioes|35576480|9,-2056896,-4533227;29,-6188,-2708
rua||sem denominacao|baioes|35578899|1,-2059542,-4537074;2,122,12;8,-76,194;9,-3238,833;53,4995,-1514;246,-27,329;247,9,15
rua||sem denominacao|boa vista|35579600|1,-2057615,-4568338;2,1914,-3368;3,-344,-373;4,57,-337;5,1749,1064;6,-576,99;8,-2109,-1324;9,-1958,-890;20,-2434,3584
rua||sem denominacao|capoeira grande|35578899|26,-2049790,-4554540;30,264,80;43,-287,-263;45,-35,58;47,11,63;49,-59,17;51,54,63
rua||sem denominacao|cunhas|35570001|54,-2060065,-4554701;73,287,142;79,-409,545;80,-54,74;83,-161,235;107,874,-1028;178,775,293
rua||sem denominacao|eldorado|35576476|26,-2044780,-4544604
rua||sem denominacao|fivela|35579600|87,-2051756,-4560760
rua||sem denominacao|formiga|35570001|43,-2059143,-4555318;48,-201,155;50,-204,172;108,198,185;167,-90,-1173
rua||sem denominacao|lado direito corrego moinho|35570001|11,-2057916,-4552867
rua||sem denominacao|lagoa|35576470|222,-2065856,-4560613
rua||sem denominacao|mg 050|35574849|2,-2042605,-4544543;4,-37,14;7,22,-12;8,-6,7;11,25,-17;16,-21,15
rua||sem denominacao|nossa senhora de lourdes|35578899|31,-2045126,-4545834;125,17,-4;133,-13,-8;135,1,6;155,25,6
rua||sem denominacao|ouro branco|35570001|7,-2040111,-4537357
rua||sem denominacao|papagaios|35578899|30,-2053942,-4543083
rua||sem denominacao|ponte vila|35570001|2,-2057074,-4560970;3,-22,-45;4,-42,-4;9,-121,-37;10,-44,6
rua||sem denominacao|ponte vila|35579600|12,-2046994,-4562825;20,-6734,1329;41,3986,2266;89,-3190,-1323;356,-768,-872;420,-20,-60;480,-11,-50;897,1160,1969;930,-1349,-2348
rua||sem denominacao|rosario|35570414|405,-2046352,-4541929;415,-1,3
rua||sem denominacao|sagrado coracao de jesus|35578899|26,-2046942,-4541825
rua||sem denominacao|santa luzia|35570001|4,-2043682,-4534349;5,-1254,-606;6,2588,-3098;10,608,201;12,-1596,1664;14,-142,-938;15,342,376;16,104,109;17,582,-514;18,-924,770;19,-845,2844;23,3754,-4322;30,-3741,5119;31,-7,6;32,-242,187;37,175,1;41,638,44;46,167,-1491;192,6585,993
rua||sem denominacao|sao luiz|35577030|9,-2045255,-4544220;31,45,-8
rua||sem denominacao|sao pedro|35570001|12,-2064639,-4557255
rua||sem denominacao|sao pedro|35576470|1,-2063848,-4558059;2,-888,-927;40,-458,840
rua||sem denominacao|vila bom pastor|35576246|25,-2045266,-4543077;28,18,134;38,13,7;74,-36,-56;75,34,-83;80,-38,76
rua||sem denominacao|vila castro|35578899|13,-2044739,-4544618;30,5,-12;40,-4,0;41,-1,3
rua||vicente domiciano|jose honorato de castro|35578899|39,-2047247,-4541977;45,16,1;57,-13,2;69,23,15
rua||vicente domiciano|sao vicente|35572316|10,-2047150,-4541912;37,-26,-10;47,-22,10;59,-1,-14
rua||vicente domiciano|sao vicente|35572342|7,-2047117,-4541883;17,-9,-7
rua||vicente domiciano|vila carmelita|35578899|46,-2047249,-4541970;56,31,0
rua||vitalina senhorinha dias|bela vista|35574207|49,-2046395,-4543844;50,23,4;51,-7,6;59,-15,-11;60,14,0;70,-8,-7;71,-8,3;80,3,-11;90,-15,-5;91,4,-1;100,-5,2;101,-4,4;110,-10,-19;111,0,11;120,-5,-9;121,0,9;130,-5,-18;133,2,-4;140,-18,-2;150,5,0;160,-23,-2;216,2,-17;226,-6,-28;392,-16,3
rua||zico dantas|rosario|35570440|4,-2046422,-4542168;16,20,3;59,-43,-12;62,-2,11;68,-11,-5;69,9,0;72,-8,-2;73,-11,-2;78,6,6;89,-145,66;90,131,-68;100,-2,-1;101,-2,2;111,-8,-5;112,0,4;123,-11,-5;124,-3,4;132,-7,-4;137,4,-1
rua||zico dantas|rosario|35570460|39,-2046434,-4542174
ruela||sem denominacao|albertos|35578899|158,-2059272,-4548654
sitio||cabeceira dagua|albertos|35578899|10,-2059076,-4547372
sitio||do devaci|morro das pedras|35578899|3,-2046584,-4535829
sitio||sem denominacao|grota|35578899|21,-2045177,-4535657
sitio||sem denominacao|lucianos|35578899|8,-2049318,-4530805
sitio||sem denominacao|morro das pedras|35578899|13,-2045001,-4532942
travessa||dois|geraldo veloso|35573346|25,-2050384,-4542775
travessa||luis belo damasceno|engenho de serra|35576230|60,-2045718,-4542379
