avenida|doutor|luiz de sousa lima|cidade nova|35063011|146,-1883400,-4196552;150,-5,4;156,-1,-2;160,-2,0;198,-24,-35;274,-56,-40;282,-7,1;310,-18,-46;330,-11,-8;340,3,-4;352,3,-4;358,-3,-13;364,-8,-3;370,2,-6;376,-4,-8;380,-1,-11;396,-3,-11
avenida|duquesa|luxemburgo|vila mariana|35057490|3667,-1885460,-4195508;3675,14,-21
avenida|engenheiro|roberto lassance|vila isa|35044080|323,-1888279,-4194846;640,25,37;644,-37,-82;645,55,40;975,-285,-73;977,-12,6;981,-4,10;991,-6,-7;999,-7,-11;1007,-12,0;1031,-7,-2;1041,-14,1;1075,-57,-17;1080,14,-12;1099,-43,0;1111,21,6;1115,-314,-78;1117,304,41;1121,-315,-35;1143,-11,0;1162,-13,-41;1163,-24,25;1176,-32,-18;1185,360,104;1191,-13,-9;1197,-6,-5;1198,-340,-90;1200,-13,-1;1208,402,91;1213,-399,-89;1221,318,93;1222,72,-4;1234,-29,-10;1245,-76,2;1258,65,-3;1261,-89,-7;1265,8,10;1274,68,-5;1275,-89,-6;1286,-7,-13;1293,-8,12;1295,-4,4;1299,-2,-3;1300,-279,-100;1304,179,49;1305,-196,-29;1306,-3,-21;1310,-10,4;1314,-5,2;1321,-7,-11;1323,305,96;1329,-39,-11;1330,-260,-109;1333,291,112;1335,-309,-70;1340,-13,-21;1345,5,13;1347,305,83;1369,-322,-95;1375,297,78;1381,-321,-88;1382,436,102;1390,-20,-1;1397,-417,-110;1415,-16,9;1421,-12,-3;1428,420,98;1429,-432,-105;1432,402,99;1440,6,0;1482,-365,-90;1510,-33,-14;1514,-6,6;1515,-4,-1;1519,-7,5;1522,15,-24;1523,-19,19;1525,198,52;1526,167,36;1531,-368,-92;1535,-2,-3;1539,-5,7;1556,13,6;1594,-66,-31;1595,1,3;1605,-14,-5;1606,5,-6;1608,-9,-10;1610,-7,-2;1614,-12,0;1615,13,27;1620,-14,-33;1621,10,32;1625,-3,-1;1632,-20,-32;1635,13,12;1644,-50,-34;1645,36,38;1655,-12,5;1665,-9,15;1675,-9,-22;1685,-7,-2;1695,-12,-1;1707,-18,-8
avenida|grao|duquesa de luxemburgo|vila mariana|35099899|3691,-1885459,-4195566;3739,7,-1;3751,63,487;3785,-67,-526;3791,8,-23;3795,-7,1;3802,-4,-4;3837,-11,-47;3841,2,-12;3847,1,1
avenida||beira lago|altinopolis|35053040|39,-1886057,-4196144;49,9,-21;53,0,-12;59,8,-2;69,2,-8;70,0,15;75,1,-19;77,3,0;79,1,-11;80,-4,21;90,17,-26;91,-7,-3;100,7,4;109,-6,-10;112,7,-2;115,4,-10;122,20,12;130,-1,-5;140,-1,-7;150,23,-2;162,2,-17;172,17,-9;196,11,-8;206,0,0;209,-18,-11;217,14,4;218,17,-6;219,-13,3;221,3,-4;222,13,-3;230,1,3;236,2,-4;241,6,-12;242,2,12;243,-6,-7;244,6,7;246,2,-7;250,18,-7;260,6,-3;261,-13,-8;272,15,4;276,9,-4;279,-10,-9;289,8,1;301,14,-6;313,19,-7;390,66,0;420,30,-14;430,-1,-17;440,-5,-24;441,-7,-1;444,8,-7;451,-13,-28;454,10,23;462,-3,-29;463,-5,2;472,5,8;475,-1,-33;477,-1,6;478,2,7;482,-5,-12;487,0,-8;492,10,4;501,-13,-13;502,-4,8;512,12,-26;513,-8,13;522,24,-22;574,12,-30;585,-17,17;590,-16,4;599,29,-32;615,3,-26;623,0,-3;724,-3,-20;734,4,-6;740,4,11;746,-6,-16;754,-4,-15;764,1,-9;766,-1,-14;770,-7,-10;822,-33,17;826,-4,-1;832,2,6;844,0,13;846,-43,41;848,36,-31;856,-5,5;866,-11,5;876,21,-6;922,-66,33;925,40,-6;926,5,0;927,-14,4;931,-11,2;934,-27,3;941,11,-2;951,-16,-11;956,-7,20;961,3,-4;964,-28,10;965,28,-8;970,-24,6;971,14,-4;979,-3,2;980,-10,-3;996,-16,0;998,1,3;1000,3,-2;1004,-15,10;1014,21,17;1015,-1,-5;1020,-21,16;1026,27,-7;1031,6,14;1036,-18,6;1037,17,-16;1046,-4,18;1054,-8,8;1055,22,1;1056,-30,21;1090,-3,3;1091,7,6;1102,-24,9;1105,16,-6;1115,4,21;1120,-20,-12;1127,1,2;1146,-12,12;1147,-2,2;1155,-5,4;1158,4,7;1164,-9,-3;1168,-19,15;1178,-7,-4;1181,12,2;1182,-11,15;1190,-3,-12;1191,7,5;1193,-7,13;1195,14,-20;1196,-16,16;1197,1,6;1205,-3,-1;1218,-22,11;1220,17,-17
avenida||da lagoa|vale do sol 2|35042850|369,-1890750,-4195910;379,10,-11;383,-12,-5;387,2,-3;391,0,-2;399,4,-6;415,3,-16;419,5,-5;423,9,-4;427,-8,5;431,1,-11;435,1,-1;441,7,-1;445,-1,-10
avenida||da lagoa|vale do sol|35042850|69,-1890854,-4195469;73,-2,-8;85,8,-14;131,4,-43;137,4,-16;143,-1,6;231,9,-45;237,-1,2;323,46,-82;327,-2,-3;331,2,-8;335,2,-4;353,8,-41;359,6,-3
avenida||dos lagos|retiro dos lagos|35055060|90,-1885006,-4199398;100,15,38;110,-12,-34;112,-5,-7;118,-6,-35;128,-9,-19;144,-2,-14;166,-40,-25;174,19,-2;428,-91,14
avenida||goncalves lessa|jardim ipe|35041380|66,-1889881,-4194861;72,275,-204;86,-11,6;90,-3,8;98,-1,-4;104,-8,4;110,-5,9;120,-7,11;126,2,3;130,-16,11;136,-12,-26;154,0,27;160,-1,6;166,-2,2;176,-13,12;188,-3,4;198,-12,10;214,-10,17;226,-3,9;236,-20,15;284,1,4;290,-6,5;308,-11,23;322,-26,11;328,9,-5;334,-17,20;338,-3,-3;348,-13,-8;354,0,14;358,-3,7;368,-8,6;380,-8,6;392,-14,13;404,0,8;414,-10,6;416,-1,2;440,-22,14;444,-1,13;450,-4,-7;464,-9,18;476,-2,0;488,-13,6;498,-2,2;512,-15,13;522,-6,3;532,-7,8;544,-3,9;556,-16,13
avenida||goncalves lessa|sao raimundo|35041380|4,-1889469,-4195173;6,0,13;8,-4,1;10,0,4;12,-14,-2;30,37,-24;52,64,-39;78,-21,8;88,-10,13
avenida||gra duquesa de luxemburgo|altinopolis|35053680|4777,-1885377,-4196574;4795,7,-23;4857,17,-55;4863,-5,46;4885,13,-55;4895,4,-28;4905,1,-5;4915,0,-8;4925,3,-11;4935,4,-21;4955,12,-15;4975,-3,-11;4989,1,-16;4997,3,-14;5011,5,-19;5021,-2,9
avenida||gra duquesa de luxemburgo|centro|35010173|3445,-1885476,-4195265;3459,9,-22;3465,-5,-12;3473,-4,-4;3487,2,-13;3501,-265,-102;3515,2,-28;3555,-51,-51
avenida||gra duquesa de luxemburgo|lagoa santa|35053680|4930,-1885269,-4196901;5110,57,-194;5196,10,-90;5236,5,-12;5300,27,-47;5360,51,-135;5550,235,-127;5724,-284,220;6104,464,-561
avenida||leopoldina|turmalina|35052880|16,-1885706,-4197994;20,66,-45;22,-142,124;30,3,4;36,6,-13;64,17,-16;74,-3,-6;75,22,-12;76,-17,8;86,26,-16;97,10,-26;103,19,-14;168,30,-22;170,-11,2;174,-9,19;178,-6,1;184,-2,7;187,13,-17;190,-23,23;193,28,-27;196,-35,42;203,45,-55;239,24,-31;241,-12,23;251,28,-28;254,-104,99;257,117,-106;269,0,2;275,-3,-9;315,33,-30
avenida||lisboa|gra duquesa|35057450|38,-1884489,-4195390;56,-3,-17;65,-18,-7;67,0,-3;68,25,0;77,-14,6;78,3,-19;102,103,-104;114,-98,90;115,-4,-17;126,19,-1;129,-4,-10;162,6,-16;170,-2,-19;179,13,-24;180,4,15;181,-1,-12;189,0,0;192,6,9;199,25,-11;201,3,-13;214,-20,13;221,46,-24;222,3,18;228,10,-1;230,-32,12;233,28,-27;236,13,10;242,8,2;243,-11,-20;252,16,14;253,21,-19;260,-8,17;262,-5,-7;263,37,-27;266,-34,25;273,16,-12;280,0,14;297,18,-41;300,5,25;307,-2,-21;313,-10,18;320,24,-2;331,-11,-9;343,10,-11;354,10,18;355,6,-17;364,-1,6;367,7,-13;376,13,0;381,-4,-5;384,9,3;391,8,-23;400,-5,15;405,8,-23;410,15,13;413,43,-97;419,-44,78;422,10,5;425,38,-97;431,-27,64;442,-4,27;443,0,-42;449,3,-3;451,31,-50;452,-32,90;454,47,-88;455,-6,-15;456,-45,96;457,47,-99;458,-37,97;462,-4,-8;463,38,-93;465,4,-7;466,5,22;474,-38,70;477,38,-96;478,7,15;486,-42,68;498,6,-14;502,18,-29;508,29,-30;509,-12,-16;516,-25,67;519,31,-63;526,-21,53;535,32,-78;538,-34,73;542,44,-74;545,-9,-6;554,16,-2;555,-12,-7;559,4,-9;565,1,-6;566,12,16;573,-3,-27;574,13,17;575,-11,-23;578,10,20;583,-11,-20;590,15,18;591,-11,-24;600,15,13;603,-13,-19;611,5,-9;612,14,13;616,3,-5;617,-15,-11;624,30,8;627,-21,-10;634,26,-4;639,-21,-18;646,22,14;656,-1,-7;667,-12,-26;670,21,11;682,5,-5;693,-4,-25;694,5,12;703,2,-17;706,2,4;715,-1,-15;716,27,8;727,-18,-28;734,6,19;739,27,-13;746,-27,3;758,16,-11;798,12,-31;810,11,-9;820,7,-11;830,4,-7;846,3,-7;850,-2,-13;860,10,-5;910,48,-5
avenida||lisboa|morada do vale|35057450|785,-1884035,-4196010;825,27,-38;827,4,-11;855,-3,7;875,6,-23;903,15,-8;905,13,5;915,9,-4;949,15,-5;978,70,34;988,15,-9;1000,12,13;1016,12,3;1022,7,3;1040,23,3;1110,36,5;1147,-27,-25
avenida||luiz goncalves lessa|jardim ipe|35041380|8,-1889565,-4195106;48,-25,20;56,0,2;566,-359,351;572,-4,6;578,-8,3;584,-3,2;596,-10,-4;606,-8,19;616,0,15;628,-15,-10;650,-11,15;728,0,9;738,-15,11;748,-3,8;754,-2,17;762,-15,17;774,2,-26;776,-6,7;778,-8,6;780,7,0;782,-7,3;792,-15,10;812,-13,-2;814,1,11;818,-8,7;842,0,7;845,1,4;848,-4,-1;854,-5,5;866,-15,11;888,-27,21;898,-2,0;902,-3,1;912,-16,5;924,-16,-1;928,12,18;930,-19,-13;936,-18,-2;1000,-17,-2;1014,0,-4;1036,-30,-9;1048,14,2;1060,-51,-7;1066,-3,-2;1072,-2,-11;1090,-17,-3
avenida||luiz goncalves lessa|jardim ype|35041380|1061,-1890284,-4194568;1067,-5,-3;1069,-4,1;1071,-12,-3;1077,-1,1;1103,-7,-4;1115,-14,8;1127,-12,-3;1135,-1,-19;1137,-6,-8;1147,-5,2;1151,-10,3;1159,-7,6;1161,-5,-8;1173,-7,-11;1189,-10,8;1229,-18,-19;1235,-6,6;1239,-2,-3;1241,-10,2;1251,-14,12;1261,1,-30;1265,-6,-2;1271,-5,1;1275,-20,-6;1281,-7,5;1301,-6,-8;1305,-21,10;1311,8,-11;1321,-1,-14;1329,-14,2;1331,3,-10;1345,-10,3;1351,-4,-15;1357,-13,-11;1363,8,2;1367,-5,-12;1373,1,-2;1381,-5,-7;1395,72,49;1407,-84,-66;1411,-3,-7;1415,-1,-6;1417,0,-9;1427,1,-6;1437,-4,-11;1501,6,-42;1515,6,-21;1527,-2,-17;1539,4,3;1553,3,-9;1557,2,-5;1563,1,-1;1575,5,-15;1579,-5,10;1583,5,-26
avenida||luiz goncalves lessa|jardim ype|35043092|1138,-1890326,-4194602;1142,-10,12;1146,-10,-6;1148,-4,-1;1150,-2,1;1158,-7,-3;1170,-9,-12;1180,-7,1;1188,-12,-3;1200,-8,-4;1208,-9,-17;1214,-22,2;1234,12,7;1248,-12,-7;1260,-9,-3;1270,-12,-5;1282,-14,-7;1294,-3,4;1312,-20,-12;1318,-6,-3;1322,1,-6;1332,-13,-10;1338,-7,-3;1342,2,-5;1354,0,-15;1366,-10,-2;1380,2,-12;1384,-8,2;1390,-15,-15;1400,6,-4;1422,-13,-18;1464,8,-13;1468,-5,-12;1490,5,-13;1496,-6,-8;1500,-2,-8;1508,1,-7;1530,6,-16;1540,10,-23
avenida||luiz goncalves lessa|vila isa|35041380|1,-1889550,-4195103;2,-6,0;3,0,0;4,-8,5;5,0,11;6,-6,-1;7,1,-3;8,1,7;9,7,10;10,0,-2;11,1,3;15,64,-72;25,-5,10;27,-19,-3;29,23,38;31,-18,-32;33,-11,7;35,-9,-3;37,0,11;39,-1,2;43,-10,-9;45,8,20;49,-5,3;51,-57,41;75,-8,7;85,-1,10;95,-21,17;105,-6,7;181,-15,18;185,-7,-3;189,6,3;197,-22,16;209,-9,-4;217,-10,18;301,-45,45;309,-27,28;329,-2,-4;339,-5,34;399,-3,-2;403,-23,7;405,-6,-5;406,29,10;407,-1,11;409,-32,-7;411,-6,11;415,-10,-5;417,-13,3;419,-7,5;421,0,8;431,0,6;443,-6,8;453,-10,11;463,-10,6;465,-10,4;469,9,9;479,-8,0;489,-11,9;491,-4,-2;493,-1,-4;501,-1,12;505,3,18;517,-25,-11;521,5,4;523,1,1;525,-8,3;535,0,7;537,4,5;541,-6,4;551,-6,2;563,-6,9;565,-7,-2;569,1,0;571,-2,-2;573,1,4;575,-11,2;583,-2,6;585,-9,5;595,-6,5;599,-3,2;601,11,25;607,-12,-6;611,-18,-5;615,1,15;627,-3,-2;641,0,6;655,-6,7;669,-2,3;683,-6,6;697,-6,-5;711,-10,6;725,-6,9;739,-1,5;753,0,5;767,-12,3;781,-13,10;795,-3,1;809,-8,4;823,9,6;827,-7,6;833,-17,8;835,1,7;837,4,1;839,-6,-2;847,-12,9;853,-4,4;857,-2,4;863,-6,3;869,-9,9;877,-3,-4;879,-5,4;881,-8,-9;885,-16,13;893,7,12;899,-4,5
avenida||luxemburgo|gra duquesa|35057490|36,-1884299,-4196252;46,-9,-9;600,-177,62;652,40,-11;658,7,-5;678,5,-2;690,9,-3;708,38,-24;722,-5,10;742,16,-7;840,36,-22;846,6,-12;850,24,4
avenida||pascoal de souza lima|lourdes|35030162|7,-1886701,-4195680;9,-2,14;35,-11,10
avenida||pascoal de souza lima|santa terezinha|35030162|287,-1886828,-4195477;293,-1,7;297,-10,12;313,4,18;315,-12,6;327,-18,7;331,6,7;341,-5,18;421,-27,46;423,-2,3;439,-9,8;445,-11,17;453,-2,5;461,-1,-4;467,-10,8;471,-4,61;475,15,-34;501,-18,-2;503,-14,11;507,2,5;515,-3,2;521,-2,3;599,-48,52;601,-2,1;617,-5,10;627,-5,11;647,-18,8;653,-5,6;659,-5,-1;667,-4,0;675,-8,7;683,0,-1;687,-7,7;689,12,15;693,-13,-14;695,-4,2;711,-9,5;717,-9,7;723,1,8;729,-2,-8
avenida||pascoal de souza lima|sao paulo|35030162|360,-1886871,-4195409;368,-6,12;382,-5,16;400,-8,7;442,-15,31;454,-34,-7;460,11,18;470,-7,13;482,5,11;486,-8,7;518,-24,23;526,13,4;536,-16,5;546,-1,8;566,-3,4;602,-25,36;603,-9,-16;604,14,14;610,-11,10;622,-10,7;634,-10,4;646,-8,9;658,-2,2;672,-15,12;710,-20,15;720,-19,5
avenida||pascoal de souza lima|sao paulo|35030762|316,-1886850,-4195430
avenida||pascoal de souza lima|vila bretas|35030162|6,-1886686,-4195688;12,-6,2;18,-4,11;56,-25,31;66,2,-10
avenida||pascoal de souza lima|vila bretas|35030393|96,-1886738,-4195619;98,-12,7;99,17,4;106,-19,9;109,0,0;121,-1,5;122,-9,4;126,-4,-1;127,14,11;190,-38,44
avenida||sete lagoas|santa rita|35040490|31,-1890340,-4198295;46,8,1;89,42,-38;100,-42,38;101,50,-29;111,4,-22;112,8,-3;117,4,-4;122,3,-7;123,-10,-4;125,4,-3;155,24,-6;161,-1,-17;167,10,-11;168,-3,15;170,8,6;174,-22,2;177,15,-35;180,-8,34;189,4,-48;190,27,44;192,0,-4;194,5,-11;199,-21,-29;226,38,9;229,-23,-39;236,30,30;240,-7,-21;241,-24,-21;246,35,23;253,-6,-5;256,12,2;260,1,-9;263,-1,-7;302,20,-13;303,11,-11;309,-7,-10;312,4,7;315,4,-13;318,4,13;323,-11,-33;328,27,34;334,9,0;340,-1,-9;344,-3,-5;350,8,-2;367,-9,-48;371,-1,-3;376,29,27;383,-19,-26;393,10,11;397,5,-6;417,12,-5;419,4,6
avenida||washington luiz|santa rita|35040560|29,-1889150,-4197218;37,-4,-16;41,-2,-5;43,-6,-1;49,-9,-1;57,0,-10;62,40,43;64,0,-21;66,-26,-13;68,21,24;73,-39,-33;78,34,14;82,-2,2;90,-15,-19;157,-65,-25;169,-10,-12;177,-7,-8;203,-10,-4;217,-3,-35;220,18,19;223,-31,-19;226,18,6;229,-21,-7;230,14,3;234,-6,-1;238,1,-9;240,-6,-1;241,-11,-1;244,2,-9;247,-3,1;248,1,-2;251,-7,-2;252,1,-5;255,-11,2;263,-4,-14;269,19,14;288,51,64;354,-56,-69;356,-3,12;358,1,-8;360,-4,3;361,-54,-35;365,-6,-4;377,12,3;396,8,-1;406,-7,-14;416,-6,-5;421,22,25;430,-29,-29;511,-24,-25;512,5,13;517,-20,-13;521,-7,-5;524,8,-13;535,-9,3;536,-2,-11;541,-5,11;545,-5,-7;548,1,-4;549,3,-8;575,-24,-6;647,-10,-8;651,-12,-1;656,-6,-23;657,14,12;660,-1,3;661,-2,-9;662,-4,2;663,-11,1;664,2,-12;667,12,3;668,-23,-1;673,2,-5;679,-10,4;685,-1,-7;691,-9,-10;700,4,-16;705,-13,-3;710,-5,-11;711,-14,3;713,0,5;715,12,-6;720,1,-1;721,-20,6;726,17,-12;727,-17,5;730,11,-10;733,-13,-7;734,5,7;739,-13,-9;742,14,2;748,-5,0;750,-7,-9;761,-31,-10;762,15,7;763,-11,-4;764,5,2;766,-12,-12;782,-1,-6;783,3,11;788,-6,-15;799,-7,3;800,-2,-18;803,-3,14;817,-8,-10;835,-6,-3;848,-27,-32;857,8,17;869,-13,-10;887,-8,-4;888,12,-13;893,-12,-1;954,-31,-29;978,-11,-1;986,-4,-11;990,-7,-10;995,36,48;1067,0,-30;1073,-21,4;1075,-12,-12;1079,0,-7;1085,10,-12;1089,-15,9;1097,-5,-8;1103,-19,1;1115,-13,-27;1138,-5,-5;1140,-2,-7;1146,3,0;1151,-7,10;1153,-6,-4;1158,5,-8;1163,-14,0;1168,12,-11;1169,-14,9;1173,-13,-3;1178,15,-5;1188,-5,4;1190,-26,-25;1197,6,-9;1200,-16,3;1209,-5,-8;1210,10,1;1214,11,2;1219,-23,-5;1224,7,-2;1230,-20,-10;1233,-2,-4;1234,-2,-2;1243,4,17;1244,5,-26;1275,-28,-8;1276,9,-3;1279,-8,1;1282,-1,-10;1285,-13,5;1291,-8,-11;1294,17,-5;1295,-19,0;1298,-2,3;1300,2,-11;1303,-6,0;1305,-6,-5;1320,0,11;1322,12,-9;1326,-13,6;1329,-8,-21;1331,-15,-6;1335,-1,2;1342,13,-10;1345,-17,-16;1356,22,25;1357,-20,-14;1358,11,6;1365,-20,-5;1366,5,-8;1369,-7,0;1375,-5,0;1385,-9,-12;1445,-24,-33;1448,14,5;1450,-18,-12;1451,-5,6;1453,1,1;1458,0,-15;1459,0,7;1465,-11,2;1468,10,-8;1480,-11,-12;1481,-19,1;1487,5,9;1510,-14,-24;1520,-6,-10;1521,-3,12;1531,-1,-6;1534,-9,-18;1537,-11,6;1540,6,-3;1541,-8,-1;1543,-4,-4;1547,11,9;1550,-2,-9;1551,-12,-12;1558,2,7;1561,-2,-6;1562,3,-5;1570,-13,-13;1571,-7,0;1581,-3,-4;1600,7,2;1607,-15,-7;1609,0,-2;1610,11,-3;1611,-35,-16;1620,32,6;1630,-18,8;1640,-5,-9;1652,-9,-25;1654,-12,-4;1669,340,346;1677,-354,-345;1680,9,-11;1690,-11,-8;1691,1,20;1702,-5,-29;1710,-4,-3;1715,-11,20;1716,7,-26;1728,-8,-10;1729,-21,18;1740,15,-15;1752,-10,-13;1755,-12,17;1764,-2,-24;1765,-14,11;1770,0,-24;1790,-3,6;1802,-7,-20;1811,-22,7;1816,22,-23;1820,-15,6;1825,-32,-6;1826,23,-1;1830,-1,-8;1834,-7,-20;1844,-8,-7;1850,-5,11;1855,-18,3;1868,5,-26;1879,-29,8;1880,32,-21;1884,-19,7;1890,-7,-12;1896,-14,-12;1904,5,4;1963,-37,-8;1964,0,-26;1973,-14,17;1974,18,-14;1984,-10,-10;1985,-6,4;1988,-1,-9;1995,-10,16;1998,10,-13;2002,-7,-16;2005,-12,29;2012,8,-28;2015,-10,3;2022,-4,-13;2027,-13,15;2030,12,-22;2036,-7,-7;2039,-23,6;2048,19,-7;2058,-4,-10;2059,-18,9;2065,-2,-13;2067,-10,2;2068,6,-1;2073,-8,-1;2080,13,-15;2081,-19,12;2086,3,-8;2090,-1,-12;2097,-3,10;2098,-1,-17;2105,-15,10;2110,7,-22;2113,-7,11;2117,-1,0;2122,2,-19;2129,-17,1;2134,7,-9;2139,-13,3;2144,7,-1;2145,-10,0;2151,-14,-2;2158,11,-14;2161,-7,8;2170,5,-15;2171,-11,-3;2180,-4,-4;2181,-4,0;2192,-1,-11;2199,-8,4;2204,15,-23;2205,-29,9;2208,31,-11;2209,-41,20;2211,0,-6;2214,18,-3;2217,-29,1;2226,14,-13;2229,-9,-13;2233,-22,-8;2237,-11,1;2241,0,-21;2242,35,26;2243,-35,-23;2245,-6,-11;2254,31,25;2255,-47,-12;2261,0,-22;2286,-1,0;2288,12,4;2300,-6,-27;2309,-21,9;2316,-1,-3;2319,-11,-4;2326,10,-3;2329,-31,11;2335,1,3;2336,18,-19;2339,-8,6;2342,6,-10;2349,-5,-8;2354,1,-3;2357,-9,-3;2367,-10,1;2380,2,-10;2388,-10,-9;2394,-2,-8;2400,-2,1;2401,-11,3;2406,-6,-19;2418,-5,-4;2428,0,1;2432,-11,-18;2438,-10,10;2441,-3,-5;2448,2,-13;2458,-5,-4;2464,-20,-21;2470,11,23;2471,2,5;2478,-28,-47;2480,21,25;2486,-28,-30;2487,-2,21;2492,0,-24;2499,-15,-6;2501,9,73;2502,-11,-83;2509,-15,3;2512,10,-5;2515,-21,6;2520,20,-9;2523,-37,-5;2526,26,9;2540,-2,-18;2552,-10,-11;2564,-11,-12;2570,-4,-3;2576,-6,1;2579,-55,-46;2588,57,44;2594,-10,-10;2598,-6,-9;2616,-14,-3;2627,-26,-23;2628,21,11;2634,-11,10;2642,1,-11;2652,-77,-79;2666,58,58;2672,2,-6;2673,-30,-16;2674,10,-2;2678,11,16;2684,4,-3;2688,-26,-25;2693,2,5;2702,-10,-14;2712,-7,-3;2713,-33,6;2724,25,-5;2757,-36,-24;2759,5,1;2769,-37,-1;2774,43,-16;2781,-34,-19;2786,11,12;2791,-8,-11;2792,8,2;2802,-6,-7;2806,4,-16;2818,-25,-1;2826,20,-2;2827,-44,20;2832,35,-23;2836,0,0;2840,-24,-10;2841,-15,22;2850,14,-23;2851,-28,13;2860,7,-32;2861,-2,13;2871,-3,-8;2881,-5,-18;2912,-13,-19;2914,-3,-6;2915,-4,21;2918,-1,-17;2928,-4,-11;2929,6,23;2942,-2,-31;2964,-37,-12;2968,11,9;2972,-7,-9;2976,2,4;2992,-5,-6;3004,-6,-9;3010,-14,-2;3016,-6,-15;3020,-20,-19;3061,-27,19;3067,6,-25;3074,9,-20;3075,-28,12;3079,-11,-10;3085,2,-7;3086,17,-2;3089,-22,-9;3095,0,22;3096,17,-13;3101,-30,-12;3109,0,17;3111,0,-15;3120,19,-5;3121,-21,-12;3126,34,17;3129,-34,-23;3135,-10,-4;3138,22,11;3144,0,-1;3145,-18,-10;3150,-1,6;3155,-2,-16;3162,-4,-1;3165,-9,-5;3171,-16,2;3174,43,-16;3175,-60,-6;3182,36,13;3185,-10,4;3188,6,6;3195,-23,-23;3198,16,5;3201,-23,-12;3225,-5,-6;3230,1,-10;3235,-14,11;3241,-17,-12;3244,29,5;3248,-16,-13;3249,-9,1;3255,-8,2;3268,11,-14;3275,-10,9;3281,-4,-4;3287,9,-10;3292,-14,-6;3293,-4,13;3299,2,-15;3305,-6,14;3311,-13,-1;3314,9,-32;3317,-2,12;3323,0,-15;3326,-7,-5;3329,-4,19;3335,2,-10;3336,-3,-15;3341,-1,20;3342,-10,-25;3347,3,20;3353,-7,-5;3359,-1,-5;3365,-5,-1;3371,3,-6;3377,-8,0;3383,3,-5;3389,-11,-10;3407,-16,-6;3409,5,5;3411,-9,-20;3415,-21,-14;3417,11,12;3419,3,-15;3421,22,42;3423,-46,-48;3427,-7,-7;3433,36,38;3434,2,-14;3436,9,19;3439,-61,-51;3445,2,-13;3450,51,41;3451,-57,-25;3452,55,22;3457,-47,-46;3463,-13,-4;3469,-9,12;3472,35,9;3476,12,6;3477,-48,-40;3483,-10,-6;3487,-2,8;3496,49,26;3498,-4,-6;3501,-45,-27;3508,36,22;3511,-42,-34;3515,-2,-10;3518,33,37;3521,-40,-35;3530,-7,-12;3531,2,6;3536,5,0;3537,-9,-8;3539,-12,-3;3541,8,-4;3546,13,8;3551,-23,-8;3552,26,-1;3558,-13,3;3559,-3,-29;3561,3,7;3570,-8,19;3580,1,-8;3590,-1,-4;3600,-13,-24;3601,13,10;3609,-11,-8;3611,9,7;3620,-13,-8;3621,1,2;3630,-3,-8;3631,6,-4;3635,-27,-1;3640,14,-4;3645,2,4;3655,-8,-1;3671,-8,-20;3727,108,165
beco|sao|lourenco|carapina|35039600|33,-1884756,-4194362
beco|sao|lourenco|carapina|35060242|35,-1884741,-4194367;39,4,5;45,0,0
beco|sao|lourenco|carapina|35060500|34,-1884749,-4194361
beco||l|esperanca|35058230|110,-1883827,-4195288;120,1,8;130,8,2;139,7,-2;140,5,1;150,-2,6;160,9,1;182,12,6;210,0,-5
chacara|santa|rosa de lima|chacreameto caramonhosinho|35105000|49,-1897185,-4211925;100,227,-129
estrada||do rio agua limpa|fazenda agua limpa|35045000|11,-1892211,-4191833
estrada||para lajinha|sao jose do goiabal|35000001|10,-1875510,-4229918;11,8,-18;12,0,24
fazenda||agua limpa|corrego da paca|35000001|15,-1895835,-4222853
praca||josephina de sousa lima lobato|cidade nova|35063002|5,-1883622,-4196547;12,2,11;15,-7,-14;18,8,16;22,3,3;25,-4,-33;28,10,34;32,10,-2;45,-11,-37;49,3,-5;55,9,-6;64,14,58;72,3,-1
praca||serra lima|centro|35010250|560,-1885429,-4194583;565,-19,-22;566,19,22;576,5,-3;577,-22,-19;588,27,10;607,-31,-31;612,42,30;615,-9,-16;625,-7,-39;637,0,17;644,23,14
rua|conego|lafaiete|sagrada familia|35050020|17,-1888065,-4196765;23,15,-7;32,4,10;33,3,-19;40,5,-4;43,3,-5;49,4,-3;52,1,3;54,8,-7;58,-1,2;59,-3,0;64,6,-2;65,-2,-10;70,8,1;71,-5,-3;78,5,-6;79,2,4;83,14,-4;86,10,8;89,-17,-12;90,20,13;94,-5,4;95,-8,-20;101,7,-9;104,-5,10;109,9,-14;112,2,6;114,14,-10;117,-15,-10;127,16,-2
rua|conselheiro|lafaiete|santa helena|35059150|10,-1883628,-4194510;11,-10,-17;15,5,19;16,-34,-78;20,35,54;25,-9,4;28,1,-15;30,-22,-30;32,4,4;33,13,-10;35,2,36;37,4,1;38,-7,-4;40,-10,-19;41,10,16;47,-3,-11;48,3,-7;58,0,-9
rua|doutor|joao fernandes leao|nova vila bretas|35052754|17,-1887000,-4196595;23,4,2;27,-4,0;33,15,-7;37,-2,6;43,3,-13;47,0,-3;53,0,-2;57,-6,-7;63,5,-2;67,-12,-11;68,21,3;69,-4,-7;73,4,-2;77,4,10;83,-16,-15;87,5,2;93,7,-9;97,-5,0;103,5,-6;107,4,-13;113,-4,2
rua|doutor|leao|distrito de sao vitor|35104000|30,-1882051,-4168771;34,9,4;44,5,4;52,47,28;54,-31,-15;75,22,8;76,0,6;83,227,-69;85,-221,68;100,-89,-82;103,102,92;112,9,13;113,-13,-10;115,16,2;120,-144,-138;122,132,143;124,18,9;128,-153,-163;130,-1,8;132,4,8;136,164,156;138,-165,-157;144,5,2;148,237,213;159,80,-161;160,-125,128;162,123,-134;163,-113,141;169,9,1;172,-15,-6;181,29,19;189,7,4;196,-23,-14;197,69,-147;199,-38,162;208,-20,-5;220,14,10;225,22,-173;232,-12,177;235,5,-1;244,5,10;245,15,-2;254,8,18;264,2,0;274,12,12
rua|doutor|luiz de souza lima|cidade nova|35063010|413,-1883529,-4196786;419,-13,0;425,-13,-3;431,-2,-9;473,2,-19;479,9,-21;485,-8,8
rua|doutor|luiz de souza lima|cidade nova|35063011|167,-1883415,-4196554;169,-3,4;171,4,-16;173,-15,0;275,-47,-54;295,-14,-12;319,-37,-15;325,3,-20;331,1,-2;367,-10,-54;373,-4,-7;379,-5,-4;412,8,-14;418,1,-8;424,-5,-9;430,4,-4;442,-11,-10;448,5,9;478,-11,-52;482,2,-2;490,1,0
rua|doutor|paulo de sousa lima|cidade nova|35063001|10,-1883857,-4196716;11,6,-1;15,-3,-2;16,3,1;17,-2,5;19,6,7;20,1,-7;23,-1,10;27,20,8;30,-22,-9;31,27,5;36,-20,0;37,29,0;40,-29,9;49,40,-17;55,4,-6;61,9,0;67,4,-2;79,3,-2;91,9,-7;95,8,-5;101,1,-5;109,6,1;115,5,0;131,18,-7;167,30,-25;964,655,-153;974,4,-11;980,2,-1
rua|doutor|paulo de sousa lima|cidade nova|35063007|85,-1883103,-4196968;89,-7,2;93,-5,1;105,-4,8;806,-74,92;812,7,0;816,10,-1;820,5,-6;826,-1,1;836,18,-3;850,2,2;856,9,0;862,1,-6;866,8,0;868,1,2;872,6,-3;876,5,-1;896,-2,27;906,34,-45;947,41,-14;951,6,-4;959,6,-9;967,8,14;973,4,-7;981,-2,2;983,15,-21;991,-2,7;995,11,-1
rua|doutor|paulo de sousa lima|cidade nova|35063011|241,-1883648,-4196784;245,4,0;251,4,-5;271,17,0;280,-30,3;281,38,-7;284,-44,11;290,15,-6;291,38,-8;294,-20,12;295,12,-9;300,-22,4;301,27,-2;305,11,-6;310,-26,5;311,34,-7;317,10,-4;320,-34,12;321,35,-11;325,12,-1;326,-41,14;330,0,-2;340,7,-2;341,39,-11;350,-33,6;360,0,-5;366,10,12;370,4,-5;374,7,-3;401,42,-12;405,-6,8;409,19,-10;423,15,-1;430,-9,7;433,11,-13;435,9,6;436,-21,7;440,7,1;443,18,-16;450,-12,14;481,44,-19;483,8,4;500,10,2;506,-15,5;523,35,-18;525,9,-4;538,-18,10;545,27,-9;555,15,-4;565,4,2;574,-2,7;575,18,-14;578,-16,12;585,27,-13;588,-24,13;590,4,2;595,19,-15;608,-10,11;612,5,-2;615,31,-12;617,5,4;618,-26,12;619,29,-19;622,-20,16;628,0,-5;632,6,2;638,8,-1;648,4,1;673,20,-17;677,11,1;683,12,6;687,-8,2;692,-6,1;693,18,-4;698,-11,0;702,0,-3;703,18,1;708,-7,-7;712,4,3;713,17,3;722,-10,-4;723,17,0;728,-14,-4;732,11,-4;733,16,3;742,-12,-3;746,4,5;747,18,-2;750,-9,-5;752,2,0;753,19,2;762,-18,-4;768,9,4;772,9,5;783,18,-4;793,38,-16;813,-26,4;823,3,3;859,53,-7;863,5,-7;891,35,8;893,4,-8;903,-7,-13
rua|juiz|de paz jose de lemos|vila bretas|35030260|205,-1887020,-4195906;309,275,270;317,-9,-14;325,3,0;329,-23,8;333,-1,4;343,-3,-12;351,-4,2;357,-534,-464;363,522,458;369,-5,-10;379,-15,4;382,-517,-466;383,22,-3;395,-37,0;399,2,-5;431,-24,-14;445,-17,-15;453,-7,2;464,524,440;465,-533,-437;475,523,440;476,5,-8;477,-523,-441;488,510,429;495,-5,7;500,-10,-7;505,1,5;514,-5,-15;537,-459,-390;554,428,375;575,-168,-215;583,-3,26;587,6,-6;604,-393,-268;637,-104,28;667,49,-76;673,-10,-4;679,-51,-16;685,40,18;691,-7,-2;695,162,92;699,-164,-101;705,-4,-5;711,-3,-14;717,0,-12;723,-9,15;745,574,400;751,-4,-4;757,-11,-5;763,-308,-111;810,286,82;820,-15,-10;830,-8,-6;831,6,-5;846,-16,-8;854,-5,-8;874,-28,-18;884,-9,-1;885,-6,7;894,-8,-6;895,-2,6;904,3,-13;909,-23,5;918,14,-4;922,1,-6;959,-39,-26;969,-5,-8;983,-13,6;989,-8,8;995,-7,-19;1022,-91,-61;1034,7,-10;1040,-11,-1;1070,-22,-16;1072,0,-3;1100,-12,-16;1108,-8,-27;1110,-13,25;1112,-5,12;1122,0,-16;1132,-15,-13;1142,-1,-2;1208,-109,-71;1340,-51,-37;1346,-5,8;1352,-2,-1;1358,-3,-8;1370,-5,-11;1380,-13,-9;1400,-32,11;1418,-24,-46
rua|mestre|joao lucas|sao paulo|35030360|26,-1887034,-4195263;30,-5,12;32,-4,10;37,7,-2;40,-10,5;43,0,4;50,-8,3;51,9,0;59,-2,5;74,-13,10;75,-11,17;84,9,-11;85,1,-5;86,-1,3;88,-8,7;92,2,6;97,-3,0;102,-7,7;104,2,2;105,5,1;114,-8,4;115,-2,0;116,4,-2;117,-13,9;130,-11,16;132,-10,-7;134,3,0;140,-8,5
rua|nossa senhora|de lourdes|mae de deus|35052030|55,-1886293,-4197322;65,-10,2;75,-11,2;85,-201,-13;93,195,11;105,-16,-4;107,-210,21;115,204,-16;129,-201,17;133,183,-26;135,-9,2;175,-38,-9;179,-8,-2;195,-6,-7;197,-8,-1;201,-5,0;205,-14,4;215,-3,-1;225,-5,-2;227,101,16;235,-119,-15;240,-49,17;251,145,-1;255,-114,-6;261,112,6;271,-18,-3;277,-102,-6;278,-16,5;287,9,-1;289,-23,8;290,-20,15;312,-17,3
rua|professor|geraldo lopes|caravelas|35040896|135,-1888983,-4199089;139,-4,1;179,-21,26;185,-2,8
rua|professor|geraldo lopes|tiradentes|35040896|22,-1888918,-4199171;26,-3,4;36,-3,8;41,3,4;42,-16,2;45,7,3;46,-2,0;51,1,6;54,-6,-4;56,-6,5;61,7,0;65,-3,5;67,3,7;70,-14,-6;71,11,6;76,-15,0;77,8,10;80,-8,-11;81,12,5;86,-17,1;90,-6,-2;91,30,23;96,-24,-18;106,-11,11;120,-6,9;124,4,4;130,-4,4;134,0,3;140,-2,4;144,-20,-4;148,1,1;150,-1,8;154,-4,1;160,-9,8;170,2,1;174,-3,6;180,3,1;184,-3,7;188,-9,2;190,-3,1;196,3,4;200,-13,12
rua|santa|luzia|santo antonio do pontal|35106000|6,-1879431,-4206815;10,-7,7;16,-6,13;19,-2,7;69,-25,49;78,25,-49;79,-36,63;80,25,-45;82,-8,9;89,-23,53;100,5,-25;120,-6,13;137,25,30;160,-23,-20
rua|santa|luzia|sao paulo|35030630|120,-1887339,-4195262;123,9,8;133,-5,2;134,4,-4;139,-12,-6;143,-2,1;144,1,3;153,0,-1;154,-2,-7;162,-38,-24;163,25,25;164,-24,-23;173,18,13;178,-7,-16;183,-4,9;186,-2,-4;187,1,2;194,-9,-6;195,5,4;200,0,-4;201,6,5;205,-17,-8;206,3,-4;207,-8,0;208,-2,-4;210,-2,-4;213,-2,9;224,-6,-13;227,3,-1;234,55,43;235,-86,-46;240,11,9
rua|santa|luzia|turmalina|35052847|34,-1885580,-4198146;44,0,-8;45,-12,-24;51,-14,-7
rua|santo|inacio de loyola|vila mariana|35099899|33,-1885710,-4195815;47,189,97;56,26,-102;59,-37,102;67,-13,-6;73,0,0;85,-193,-89;93,177,95;99,-130,-47;143,95,57;153,-12,12;159,-5,6;163,-6,11;164,3,-20;170,3,3;174,-26,-12;175,12,34;181,-6,5;189,1,3;194,4,-18;195,-13,21;204,-9,-4;205,-6,7;213,-3,6;214,-2,-6;223,-7,20;224,-3,-11;229,0,10;231,-6,6;236,-3,-6;240,-7,3;241,3,6;246,-1,-5;253,-9,14;258,-4,-6;262,-10,-1;264,-4,12;267,1,3;270,-2,5;279,-8,0;282,-8,2
rua|sao|lourenco|santa helena|35059480|22,-1884061,-4194637;23,6,-9;32,-2,5;33,1,8;38,-5,-1;42,3,2;43,-6,7;51,0,11;52,-3,-11;61,4,10;62,-18,11;89,8,23;94,-2,-7;95,2,16;98,-15,-4;101,8,10;108,-1,-2;117,-5,13;120,3,-11;127,3,18;130,4,-16;133,-6,4;137,2,26;140,-5,-14;149,1,20;150,-2,-13;159,-1,15;160,-5,2;161,9,22;163,5,-10;205,-23,38;223,-3,5;230,-2,3;237,4,10;239,-6,7;240,4,-39;243,1,51;244,-4,-9;247,-7,8;248,6,-10;255,-5,16;260,7,3;267,-2,-7;270,-6,13;277,-1,8;285,-5,7;289,3,11;290,-1,-11;296,-5,-4;300,5,1
rua|sao|lourenco|turmalina|35052883|15,-1885818,-4197679;23,14,4;25,-25,-22;75,21,-9;85,10,-14;95,2,-7;105,16,-7;106,-34,40;112,39,-2;115,-6,-51;118,-32,57;124,21,-26;125,-12,-46;129,40,9;130,-20,29;136,-1,-12;142,9,-10;145,14,-15;148,-1,5;154,3,4;160,10,-8;165,1,-30;166,0,23;172,5,-8;175,-8,-18;178,9,16;184,1,-13;185,-2,-17;190,4,13;196,-1,-9;202,-7,-8;205,1,-7;208,20,4;209,-26,-18;214,18,3;215,-13,-11;220,11,5;225,-20,-21;226,15,12;232,0,-8;233,-5,0;244,-4,-9;250,-7,-12;255,-4,7;256,1,-7;262,-13,-13;265,4,6;266,-4,-9;268,-3,1;275,-2,-6;285,-4,4;295,1,-7;305,-9,-8;315,0,-12;325,-6,4;335,-3,-4;345,4,-12;364,43,5;384,12,28;394,1,-10;404,7,16;414,5,12;424,6,13;433,-24,-39;434,25,38;443,-29,-46;444,32,65;453,-16,-49;454,14,56;461,-11,-49;464,33,73;468,-14,-16;469,-15,-54;474,20,64;479,-13,-58;489,3,16;494,7,63;499,4,-65;503,-5,12;504,8,68;509,-8,-69;514,3,71;519,-1,-64;524,4,73;529,-2,-66;534,-10,70;539,8,-59;544,-23,77;549,25,-71;554,-31,71;564,9,10;565,23,-49;574,-28,58;575,25,-59;580,-33,65;584,-3,5;585,32,-63;590,-37,66;594,0,0;595,44,-55;604,-51,61;605,38,-36;614,-45,45;615,52,-64;623,-8,14;624,-50,54;628,-2,5;635,52,-56;644,-60,64;654,-10,6;655,58,-56;665,-3,12;675,-6,7;685,-10,4;695,-6,6;705,-9,7;715,-4,4;725,-5,2;735,-5,5;745,-10,12;755,-4,1;765,-3,7;775,-6,-3
rua|sao|lucas|vila mariana|35012210|16,-1885541,-4195951;18,-15,0;27,-4,8;28,0,-15;37,-10,15;40,15,-10;47,-27,2;52,11,-10;57,-18,14;58,2,8;66,-11,-17;67,4,8;76,-10,-1;82,-3,-1;115,-30,18;125,-20,7;127,-37,24;131,-10,9;134,33,-32;140,-37,27;141,-5,5;144,57,-54;150,-59,54;151,-3,14;156,76,-60;165,-77,61;167,1,-1;168,-4,2;180,-9,1;181,6,6;207,-17,31;208,3,-10;210,2,9;213,-12,6;222,-3,-15;225,3,22;228,-3,-2;231,0,10;235,6,9;236,-7,-9;240,-13,4;244,3,-2;252,11,20;268,-10,-2;287,9,24;299,2,21;301,7,-1;348,-9,14
rua|sao|luiz|centro|35030680|190,-1886414,-4194957;200,41,-33;206,-58,6;230,24,-12
rua|sao|luiz|santa terezinha|35030680|2,-1886552,-4194859;6,2,-3;10,-12,-3;11,4,6;13,13,-8;20,-19,5;24,17,-6;30,-17,8;34,22,-11;35,-12,3;40,13,-9;45,9,1;47,2,-13;53,2,-11;59,5,-3;61,1,-4;69,2,2;76,17,-20;86,-9,11;104,13,-11;109,21,-16;115,-5,-12;117,3,19;124,4,-4;132,2,-4;138,4,-23;140,13,9;155,-1,3;179,23,-19;209,7,-7;219,18,-4
rua||antonio leao|jardim atalaia|35042350|14,-1891272,-4194246;38,-1,-5;42,-5,2;46,0,0;50,-6,1;54,-1,-1;55,-43,15;58,35,-11;62,-3,-1;66,-4,0;70,-2,1;74,-8,7;78,-1,-1;80,49,-13;82,-54,12;106,-16,1;122,-25,4;126,-21,2;132,15,-2;135,-19,8;142,-17,-1;150,8,2;152,26,-7;156,-65,0;158,23,6;182,-19,-10;194,-2,16;236,-51,2;298,-2,3;306,-63,11;352,-21,12;366,-10,-11;388,5,-2;398,-54,11
rua||beira linha|ilha brava|35039600|200,-1892880,-4204099
rua||beira linha|ilha brava|35039602|2,-1892652,-4203635
rua||claudionor nunes leite|vale verde|35010000|10,-1883376,-4195519
rua||claudionor nunes leite|vale verde|35059580|27,-1883364,-4195491;29,-8,-5;37,-5,-8;49,6,-10;55,-12,-5;59,9,-13;65,-11,-2;71,-4,-2;77,-3,-6;83,1,-6;95,-3,-10;111,-12,-35;115,4,20;121,4,-1
rua||fernao dias paes leme|vila rica|35045120|20,-1888072,-4196318;65,-28,8;75,-20,-3;84,5,1;87,-5,1;92,-2,-2;99,-17,3;100,15,-5;108,-23,7;114,-6,4;120,8,-5;121,-15,6;131,0,-4;132,-5,6;138,-8,0;139,6,0;142,-14,8;144,-4,0;150,-23,4;154,27,-9;163,-8,3;170,-16,5;190,-9,8;195,-6,25;198,5,-24;202,-4,2;204,-3,4;206,8,-4;212,-7,3;218,-2,10;244,-4,21;270,3,23;274,5,13;276,0,1;300,4,7;303,-7,-43;311,12,44;321,8,5;338,10,15;339,4,1;354,10,20;359,-8,-8;363,3,-9;366,3,20;377,-5,-20;378,21,33;381,-7,-16;384,9,21;388,6,12;390,5,6;398,8,6;407,-1,-9;435,8,15;447,11,5;454,-2,11
rua||francisco lanes|lourdes|35032150|17,-1886118,-4195448;20,3,6;27,-14,0;31,23,8;39,1,14;40,-10,-19;49,6,19;52,10,-6;59,-10,12;61,-1,14;62,0,-17;69,-2,22;79,6,-2;109,-5,27;110,0,-6;121,-4,11;132,7,10;136,-2,18
rua||genesco de souza leite|distrito industrial|35040610|1411,-1889494,-4199819
rua||heitor vila lobos|altinopolis|35053290|39,-1885924,-4196204;54,-1,7;64,4,-11;65,6,-7;69,0,0;73,3,-7;74,-1,14;78,-18,19;82,19,-27;85,8,-24;87,-4,6;89,14,-14;97,2,-6;129,3,-7;141,9,-7;148,3,2;151,17,-24;156,-8,20;160,-2,-8;161,10,-16;170,14,-18;192,-86,118
rua||henrrique laje|altinopolis|35053310|97,-1885458,-4196571;105,-9,-7;117,-15,14;129,-7,-18;133,-6,-2;181,-68,-6;191,1,-18;201,-19,11;211,-9,-11;217,-13,-8;219,2,13;221,6,-16;223,-28,0
rua||jerusa leao|distrito de sao vitor|35104000|15,-1881808,-4168610;85,29,-25;90,-22,21;95,28,-41;96,-27,36;100,5,-4;105,32,-37;106,-20,27;110,6,-7;114,4,-8;120,5,-2;125,21,-24;128,-15,18;140,11,-12;141,87,-98;145,-78,83;155,12,-15;160,-14,23;165,32,-43;168,-9,20;175,13,-31;200,3,13;215,-43,35;225,66,-71;230,12,-4;235,-13,3;284,-129,161;286,121,-137;290,-116,128;310,-7,24;351,157,-194
rua||jose costa leite|sao cristovao|35045280|3,-1888127,-4196684;25,-5,28;51,6,-43;61,9,-12;71,-5,-10;81,6,-20;86,-4,22;92,-2,-11;93,10,-6;119,-24,28
rua||jose costa leite|vila rica|35045280|18,-1888136,-4196661;24,1,-1;30,-3,-5;40,-11,-22;52,27,-3
rua||lagoinha|turmalina|35052826|38,-1885794,-4197788;41,-47,-58;42,26,26;48,-12,-16;53,8,-3;54,-10,3;59,-2,0;60,-3,-9;66,-7,-3;71,4,11;72,-15,-19;74,2,-5;79,0,7;84,-5,-19;85,18,27;89,-5,1;101,-31,-38;115,8,8;123,-11,-7;131,-2,0;139,-5,-1;159,-8,1;161,-8,-22;177,2,-5;187,81,64
rua||lambari|jardim perola|35051320|78,-1887210,-4197727;82,-3,3;88,3,2;90,8,1;96,-1,13;97,21,59;98,-34,-108;99,24,50;106,-5,-4;111,6,13;124,-11,-5;125,3,0;126,-4,7;133,22,33;135,-8,-7;139,-8,-42;157,21,63;159,0,2;161,-6,4;163,2,4;165,-32,-114;167,-8,-12;181,45,128;185,-6,3;189,16,6;190,-22,-29;193,16,30;194,-18,-28;201,22,32;203,1,2;205,-4,2;207,8,7;208,-6,-1;209,3,-3;213,4,18;215,-5,-7;217,7,5;220,-12,-17;223,16,30;227,-2,3;231,1,4;245,1,8;253,11,10;255,-2,4;257,6,0;260,-17,-25;279,23,36;281,-6,12;283,6,5;293,0,4;295,-1,8;297,3,5;305,1,3;311,1,8;316,-15,-31;324,8,5;325,18,46;326,-18,-41;327,15,35;328,-16,-32;331,20,33;335,1,0;336,-20,-27;340,1,1;344,0,0;347,24,49;351,-7,-11;352,-16,-33;354,2,7;358,9,1;368,-2,14;377,4,22;378,4,3;398,5,22;403,10,-2;404,-9,15;405,13,-14;407,-1,5;418,-5,9
rua||lateral|azteca|35042040|64,-1890618,-4194288;110,-61,21;135,10,-9;138,-31,5;143,8,1;148,-15,5;185,-25,6;216,-23,10;248,-39,6;260,-28,-9;298,-43,24;339,-25,0;346,-21,2;364,-22,6;470,-55,31
rua||lateral|azteca|35042220|530,-1891058,-4194216;540,-20,20;588,-30,7;678,-88,22
rua||lateral|fraternidade|35042040|131,-1888007,-4197216;141,21,0;151,13,1;161,7,-1;171,9,-6;183,8,6;195,4,-5;205,12,-2;215,1,4;221,11,1;225,357,-68
rua||lateral|fraternidade|35054050|7,-1888092,-4197195;12,-21,-7;15,29,2;43,-1,-5;53,35,-7;59,16,10;63,5,-13
rua||lateral|jardim atalaia|35042040|15,-1891875,-4194086;25,14,-21;31,14,2;41,9,3;904,442,-83;960,170,-130;1048,-306,173;1054,-2,-3;1060,-7,1;1066,-2,3;1072,0,0;1078,-10,2;1084,-7,-1;1090,-2,-1;1096,-2,-2;1102,1,1;1112,-11,3;1116,0,-1;1120,-4,0;1124,-7,1;1126,-3,2;1506,248,-57;1590,-54,-29
rua||lateral|sao cristovao|35042040|14,-1888095,-4197194;80,99,0
rua||lateral|sao cristovao|35054050|130,-1887991,-4197212;164,24,-11;178,9,1;206,27,-2;210,20,-2
rua||lavras|turmalina|35052871|15,-1885845,-4198269;20,9,1;21,-8,-11;26,1,-53;27,-3,51;28,0,-6;33,4,-2;36,1,20;39,1,-32;45,-6,-14;46,9,13;51,-15,36;56,-2,-54;57,6,-15;58,12,29;60,-14,-22;63,12,-19
rua||leopoldina|santa helena|35059290|31,-1883387,-4194687;35,-1,-1;36,-9,7;41,3,3;46,-3,0;49,8,2;53,4,4;54,-10,13;59,10,0;62,1,3;65,3,2;68,-5,4;71,1,1;72,3,-7;80,2,18;85,6,-12;91,0,18;93,3,5;95,3,11;97,2,-2;99,3,4;102,-13,-18
rua||libano|gra duquesa|35057440|19,-1884412,-4195734;32,-7,-7;35,-5,-4;45,1,3;61,-12,-12;65,-2,2;77,-30,-18;302,1,22
rua||liberdade|vila rica|35045330|12,-1887759,-4196426;26,12,-21;96,30,-30;106,-6,-7;107,-17,1;116,9,-16;117,-6,3;122,11,-6;127,-10,1;128,-2,-10;132,2,-5;134,-6,-5;137,5,3;138,-5,-20;142,2,2;148,-4,3;149,7,5;150,-1,1;163,-5,-12;172,2,-8;173,-3,-5;180,1,-7;183,-3,-3;186,1,-8;191,-6,4;194,6,-12;199,-9,-7;204,5,-11;228,-10,-7;240,-9,-7;251,-25,7;252,11,-12;262,-10,1;263,-9,2;272,-7,-7;275,-2,5;280,-9,-12;281,0,12;287,-5,-16;290,-1,2;293,-4,-6;296,-10,8;300,4,1;304,-14,-9;311,17,2;314,-22,-3;319,9,3;334,-41,-17;336,-7,-3;339,12,25;340,-10,-6;346,-11,5;351,1,2;355,-7,6;363,-6,4;364,6,1;368,-6,5;375,4,10;376,-10,-5;389,-11,4;392,-5,4;394,0,11;396,-2,-3;397,8,0;399,-3,0;401,-3,-1;410,-14,6;411,10,-7;417,-8,14;422,-13,7;423,6,-9;432,-20,18;433,20,-15;435,0,5;442,-25,11;450,-6,15;456,3,11;469,11,10;476,-14,-4;489,17,17;490,-5,-3;501,6,16;502,-2,2;510,-3,5;520,3,2;525,3,14;526,-4,-5;531,8,-6;532,-9,25;540,12,5;541,2,-11;546,-11,19;551,18,-8;555,8,0;556,-14,17;560,-10,8;563,19,-16;570,-19,23;571,10,-10;581,5,4;618,11,24;629,6,10;632,7,-1;637,5,4;642,-1,-4;645,6,2;651,11,-19;654,-11,40;658,13,-14;661,10,-1;662,-4,2;671,9,-3;672,6,1;674,9,4;676,4,2;677,-10,3;681,2,-4;688,17,3;689,-18,0;690,21,6;698,5,-3;710,11,6;760,35,-2;765,-2,-9;785,19,-12;790,-11,9;797,8,-14;806,5,5;809,4,-6;821,14,-19;822,-9,11;835,9,-9;846,9,-6;870,28,-19;872,-15,2
rua||limeira|sao jose do itapinoa|35102970|553,-1863626,-4164194;554,5,7;561,-2,-16
rua||londres|gra duquesa|35057460|39,-1884816,-4195414;48,1,3;49,10,-9;60,5,2;70,9,-7;71,-6,5;82,14,-6;83,-2,0;88,23,-9;93,-15,9;99,11,-7
rua||luiz lucciola|vila bretas|35051610|45,-1887680,-4196308;71,-17,22;91,50,173;92,-109,-114;101,113,138;109,9,-22;111,-95,-124;130,79,118;150,-125,-41
rua||luxemburgo|gra duquesa|35054200|593,-1884031,-4195986;595,12,16;605,23,-8;617,4,-7;623,8,-1;629,6,4;637,9,-9;647,5,-3
rua||luxemburgo|gra duquesa|35057490|20,-1885024,-4195968;38,6,-10;48,22,-4;58,1,-1;74,14,-13;86,3,2;88,38,-7;98,-23,4;106,22,-9;126,11,1;138,4,-3;142,-6,-8;146,13,0;152,8,4;158,4,-6;168,1,-6;174,7,0;180,8,1;186,11,-9;188,0,0;190,4,-4;200,3,3;212,2,1;218,17,-12;224,8,0;228,1,1;296,77,-37;310,9,-2;324,4,-2;328,7,-4;374,69,-28;396,527,12;414,-488,-26;420,2,2;426,14,-10;474,43,-20;480,-12,10;488,-1,-2;504,23,-5;520,15,-17;920,297,-45;930,8,16;982,29,25;988,7,1;1000,1,3;1012,6,10;1020,4,2;1030,11,12;1040,8,10;1096,38,36;1110,5,19;1200,89,71;1220,1,8;1330,58,27
rua||luxemburgo|lagoa santa|35054200|179,-1884612,-4196151;489,11,1;493,6,-6;495,79,-57;499,-73,57;507,5,3;511,5,-4;519,6,4;529,6,-9;531,9,-4;535,-2,-2;539,6,-12;543,4,4;555,19,-15
rua||luxemburgo|lagoa santa|35057490|627,-1884481,-4196200;639,2,-20;653,6,16;655,12,-2;663,13,-4;675,5,-7;681,13,-13;687,-9,6;699,4,-5;705,11,3;711,8,1;715,21,-8;717,-4,0;741,16,-7;749,7,-5;753,3,-5;757,6,-2;761,2,-1;765,4,1;767,1,-1;777,22,-7
rua||luxemburgo|morada do vale|35057490|183,-1884303,-4196263;193,12,13;211,12,2;217,-3,4;223,16,14;235,0,3;239,12,11;249,16,23;257,-10,-13;263,-1,4;295,16,16;299,11,2;307,15,20;319,6,0;327,1,8;375,32,27;395,11,11;407,15,20;419,16,8;441,13,22;451,7,10;455,-8,-9;465,22,22;471,9,3;501,11,12;509,12,10
rua||luxemburgo|santo agostinho|35057490|69,-1885028,-4195973;137,89,-41;143,13,0;145,-1,-3;147,2,-4;149,4,5;151,8,-5;153,3,-1;157,2,0;159,5,0;169,7,-8;181,10,-4;193,12,-4;199,3,-1;205,14,0;215,0,0;225,13,-12;233,8,-1;237,8,-6;239,3,-2;255,16,-11;267,10,-2;279,5,-1;291,15,-6;303,11,1;315,9,-8;327,7,-5;339,11,0;345,7,-5;349,7,-4;355,8,-4;357,3,-1;361,0,-2;373,10,3;377,5,0;381,5,-7;385,2,-2;391,2,-4;393,4,-4;401,1,1;405,6,0;409,3,1;411,2,-1;421,7,-7;429,-1,-14;439,14,10;445,6,-1;451,4,-4
rua||l|alvorada|35041887|411,-1888506,-4199478;415,-1,-1;419,-3,-5;425,-2,-4;433,-5,-4;437,-4,-5;441,-1,-6;445,-2,-4;449,-2,-4;453,1,-3;461,0,0;463,-12,-2
rua||l|alvorada|35054830|311,-1888449,-4199457;319,-13,-2;325,-5,-9;335,-4,3;339,-13,-1;345,-9,-9;349,3,2;355,-16,-12;359,-2,2;365,0,-7;369,-4,1;375,-1,-7;379,-3,-3;385,-9,-6;389,0,-2;395,-3,-3;401,-1,-6;494,-16,-23
rua||l|elvamar|35044570|14,-1887859,-4194386;18,-7,1;22,0,6;26,-1,3;38,3,5;50,-14,14;51,4,13;62,-6,0;70,-8,10;74,1,-6;75,-3,12;80,-7,8;93,11,-2;98,-17,14;99,10,-7;107,-8,17;110,-5,-4;117,2,8;121,7,-16;122,-10,16;134,-3,11;135,-6,0;138,-5,6;141,5,1;151,-4,10;159,-8,11
rua||l|figueira do rio doce|35054830|15,-1888546,-4198789;47,60,5;48,-1,-7;59,-7,2;126,-58,-10;136,-6,2;146,-12,-4;147,-6,7;156,6,-6;166,-16,-5;176,-15,3;181,-12,4;186,9,-7;196,-11,1;206,-8,-3;216,-7,2;226,-8,-1;247,-20,2;293,8,1
rua||l|fraternidade|35050360|21,-1887900,-4197217;25,12,-6;27,1,-2;29,4,-2;33,-3,-2;39,9,-4;53,9,-17;57,-1,-2;62,-18,27;65,32,-28;73,5,-10;78,-21,15;83,21,-21;92,-7,16;93,16,-20;100,2,-4;102,-5,12;103,4,-11;107,81,-56;113,-67,41;133,10,-8;140,9,7;143,3,-13;153,8,4;154,-17,7;159,20,-7;161,6,-12;163,4,-4;165,1,0;169,5,-4;183,1,-7;187,2,0;193,7,-6;203,-5,4
rua||l|jardim alice|35045650|30,-1889430,-4196217;38,10,-12;40,7,5;52,4,-6;76,12,-9;80,8,0;88,18,-1;106,-3,-5;110,11,-7;116,-2,-5;120,5,-2;124,8,-1;128,4,0;131,230,-87;140,-219,79;146,3,-2;158,13,0;164,5,-5;174,7,-12;186,11,-4;192,3,2;200,3,-9;232,38,-3;242,10,-8;256,10,-4;268,6,-8;274,8,-3;310,8,1;322,30,-17;324,4,-1;366,25,-2;376,29,-3;2502,-118,36
rua||l|jardim do trevo|35024470|4,-1884444,-4199530;5,-4,-30;6,-18,10;8,-14,1;9,-20,-5;17,45,-1;19,-11,1;21,-7,-5;25,-14,5;27,-5,2;35,-64,-6;48,47,8;50,-11,-3
rua||l|novo horizonte|35040819|160,-1888359,-4199380;332,-12,-10
rua||l|novo horizonte|35054830|26,-1888377,-4199220;36,5,-8;38,47,-53;287,-98,-168;295,8,3
rua||l|palmeiras|35052360|75,-1886918,-4197564;80,-7,0;90,-15,17;110,29,-23;138,-21,13;146,-26,-1;147,-49,1;148,67,-3;159,-31,0;167,29,3
rua||l|recanto dos sonhos|35026040|39,-1885590,-4180632;44,-76,-633;79,36,611;91,16,-55;115,22,118;119,2,0;126,-31,-63;136,16,-83;138,-12,38;143,24,181;146,-72,-3;156,63,-222;194,16,-81;202,-93,320;206,-67,-33;231,104,2;235,40,-226;250,-156,206;256,3,7;268,26,23;275,134,-259;282,-3,17;295,6,-43;298,-172,309;326,36,49;330,153,-399;352,-149,401;356,-40,27;365,111,-103;386,-114,112;415,186,-456;463,-105,376;531,2,54;579,-55,5;580,183,-502;581,-34,116;611,-171,397;629,-6,15;641,204,-532;648,21,-37;661,-36,6;765,47,-116;768,7,2;945,3,-60;1005,17,-85;1114,127,-29;1294,27,-124;1305,-127,-35;1480,-87,11;1620,6,11;1730,-107,55
rua||l|santa paula|35054610|20,-1883398,-4199527;30,-14,-51;40,7,-1;50,-1,26;53,32,-36;54,8,5;624,-48,4
rua||l|tiradentes|35040819|32,-1888675,-4199496;34,-5,-1;36,-2,8;44,-18,10
rua||l|vila uniao|35040845|15,-1888686,-4199481;18,19,25;23,-10,-10;24,1,0;86,-37,17;94,3,-14
rua||maria egidia lopes|sao jose do itapinoa|35102970|17,-1863724,-4164204;25,-9,13;52,-13,13;55,0,1;56,-8,14;58,-15,10;65,17,-15;67,-24,27;77,11,-9;87,-24,25;89,-7,22;91,-22,2
rua||martim lutero|esplanada|35020330|75,-1884778,-4193698;76,-3,-16;81,-4,-6;84,12,-2;91,-10,-19;93,9,-8;94,-6,17;100,2,-2;125,22,-31;139,1,-7;140,18,-8;150,79,22;154,-84,-10;173,22,-22
rua||mathias lobato|cidade nova|35063010|60,-1883437,-4196412;78,-132,-113;98,59,53;110,-5,2;111,13,-3;115,-8,3;119,-4,-4;120,18,18;149,-44,-50;151,-2,0;155,-13,-7;158,10,3;159,-13,-6;163,0,0;167,-2,-4;169,-1,-6;171,-2,1;189,-39,-135;190,45,144;195,-45,-156;196,43,155;200,-4,-18;201,-40,-137;206,13,136;207,-12,-136;212,20,129;235,-4,-66;241,0,-9;247,-6,-8;282,16,29;286,-7,-9;292,-26,-44;300,17,14;306,-6,-5;312,2,-13;376,-20,-37;380,-2,-1;383,-25,-14;384,21,9;391,-26,-14;398,21,12;399,-23,-14;433,-8,-28;435,-8,11;437,5,-2;439,-2,-11;451,14,-3;457,-9,-12;468,-5,9;469,-5,-16;472,3,9;476,0,-4;480,-2,-2;498,-5,-29;506,2,-3;512,-7,-9
rua||milward alves de lima|castanheiras|35054761|22,-1888362,-4197299;26,-2,-6;41,1,6;47,-6,-18;51,5,7;57,3,-8;62,-4,-18;63,-1,15;66,-4,-19;67,1,7;73,6,-1;76,0,-17;77,-15,-1;82,9,1;83,9,6;86,-3,-7;87,-8,1;92,11,-7;93,14,-10;97,-30,15;103,28,-9;107,-19,-4;112,3,-20;116,3,-6;117,-2,19;122,0,-25;123,-5,18;126,13,-20;127,-17,-1;141,-2,-4;175,6,-25;179,5,-6;181,0,-6;185,5,1;195,-2,-7;205,-1,-12;209,2,-11;213,3,4;215,-8,-4;221,2,-2;225,2,2;229,1,-18;235,-1,-3;245,0,-2;249,14,-3;283,-14,-44;289,-2,-5;290,12,-9;296,-7,-2;299,5,5;300,4,-8;303,-2,-7;304,2,-8;307,-8,14;309,2,1;310,5,-17;319,-4,12;320,6,-15;321,-1,11;324,-2,-17;329,0,10;330,-1,-18;331,3,10;334,-2,-11;335,9,12;336,-6,-16;339,-5,1;340,1,-13;349,-6,9;350,10,-20;355,6,27;356,-5,-29;359,-11,14;360,8,3;365,4,-12;369,-4,5;370,3,-16;374,-2,-8;376,1,-1;380,-3,-1;386,4,-12;390,2,-4;400,-2,-2;406,6,-8;414,-4,-5;420,0,-5;426,1,-4;436,0,-16;440,-1,-2;461,-8,-8;467,1,-8;477,0,-6;483,0,-6;484,10,-11;488,-6,1;489,-6,6;494,15,-14;498,1,-7;501,-18,-1;504,15,-5;507,0,4;511,-13,-10;514,13,-3;515,-7,-1;518,7,-5;524,-2,-1;528,4,-7;530,-12,46;534,2,-45;538,7,-11;544,1,-2;550,-2,-2;554,6,-9;558,-2,-10;614,-3,-31;616,-3,-7;618,-2,-5;620,-4,-8;622,2,1;642,7,-13;650,-2,-4;713,-9,-81;723,11,16;727,-12,-43;729,9,12;731,-13,-11;733,7,7;735,5,2;739,0,0;743,-20,44
rua||milward alves de lima|castanheiras|35055244|162,-1888355,-4197432;172,-2,-11;176,-3,-4;182,-2,-5;192,5,-10;202,-1,-5;208,-6,1;212,9,-12;214,0,-5;218,0,-6;222,0,-6;242,-11,7;246,10,-30
rua||milward alves de lima|castanheiras|35099899|659,-1888345,-4197881;676,4,-32;686,4,-17;688,-2,2;696,-2,-7;706,1,-7;710,-2,-7;744,3,-31;748,-3,2
rua||nova lima|jardim perola|35051360|9,-1887610,-4196750;29,28,-2;41,2,-17;53,15,0;65,8,-9;75,14,2;81,12,5;105,8,5;109,3,-13;114,3,-6;118,5,1;119,-1,-5;122,9,3;125,-2,-5;134,9,-3;135,2,-6;146,8,-1;147,1,1;159,9,-24;160,4,23;168,9,-5;173,-1,-7;177,4,-4;185,9,-1;186,-7,7;196,10,0;197,10,-9;202,-1,0;208,9,-5;218,10,-11;219,-6,5;225,-6,7;233,6,4;237,8,-5;254,18,-17;261,64,-210;265,-49,219;271,15,-2;272,-25,-4;278,6,-4;283,24,-4;284,-5,4;290,2,1;293,13,-9;296,1,-1;301,2,-4;308,5,10;309,-2,-9;317,18,-9;320,1,11;323,-1,-6;332,8,1;333,5,-5;342,8,-17;343,-1,11;363,8,-1;364,-1,-7
rua||paulo bezerra lopes|jardim alice|35045608|117,-1888701,-4195844;120,7,9;135,-19,-29;200,-15,-2
rua||pedro leopoldo|turmalina|35052876|10,-1885623,-4197646;12,-19,-264;13,4,-27;14,0,31;15,7,239;18,-11,-253;21,1,-7;25,17,262;27,8,-20;30,-25,-233;37,15,181;42,-13,-195;48,6,-16;54,0,0;58,-4,-5;60,-3,1;66,7,-11;72,-13,1;80,5,-13;84,0,-32;88,-4,21;90,2,-3;98,1,-13;105,1,-15;108,2,-3;111,-1,-10;141,21,223;214,-11,60;225,-2,-14;407,-10,-131;409,-3,14;413,6,-8;419,-6,12;463,13,55;467,1,10;469,6,6;475,-13,-66;481,11,68;483,-2,-6;485,-5,25;487,-5,8;501,-1,-80;503,13,96;505,-9,-84;507,-2,-8;509,2,20;515,7,106;523,-1,-26;525,-5,16
rua||pedro lessa|lourdes|35030440|92,-1886269,-4195435;105,-32,-11;110,15,5;114,-9,-5;119,-9,-4;125,-18,-6;126,33,-4;135,-22,3;145,-5,-16;146,5,1;150,-4,1;160,-6,-15;161,7,10;200,-20,-41;210,-4,-9;220,0,-11;226,-17,16;230,3,-22;231,-6,9;240,6,-11;245,-33,-26;250,14,11;255,-10,-27;258,3,3;264,-6,-9;265,-9,0;281,-3,-4;286,5,-6;287,-7,0;293,-9,-19;322,8,8;323,-22,-16;351,-2,-15;354,5,0;360,0,-3;363,-5,-7;364,0,5;370,-4,-11;373,-9,7;374,13,-6;385,-42,-13;388,37,4;400,-6,-18;411,-26,2;421,0,-9;431,-13,-24;441,-1,0;481,-23,-40;487,-18,8;499,7,-22;509,-1,-10;521,-5,-8;536,-8,-1;539,-18,-29;559,-145,-221;565,144,222;575,3,-8;581,-13,-6;586,13,-7;589,-18,-8;590,0,7;595,-4,-5;596,5,-12;606,1,-6;607,-12,4;614,6,-12;615,-8,6;624,-2,-7;629,-7,-8;638,-1,-2;645,-106,-158;650,93,141;655,4,11;663,-4,-15;668,-10,-16;671,4,14;676,4,0;677,-13,-21;686,3,12;694,-2,-13;699,-8,1;702,8,-2;709,-9,-2;715,-1,-21;725,-4,-8;731,-3,-6;737,-2,-15;738,-29,-31;745,16,38;747,1,2;748,15,-10;755,-14,6;758,4,-7;761,-6,4;763,-7,-2;771,2,-2;774,3,-12;777,-7,5;783,-5,-9;786,8,-4;793,-9,8;794,22,-27;799,-20,2;800,3,4;805,-13,3;806,4,-16;811,-12,5;815,-10,0;816,15,-16;821,-28,9;822,20,-14;825,-11,13;835,10,-8;836,-5,-8;841,-36,23;842,35,-23;847,-8,-5;853,-9,-6;854,9,-4;859,0,-1;873,-5,-10;891,-22,-14;894,16,23;901,-19,-31;902,14,-4;907,-14,-6;911,-7,-1;912,8,7;924,-1,-15;925,-2,-7;935,-11,2;936,7,-5;947,-14,-16;961,-10,0;966,12,1;971,-14,-11;976,13,1;991,-19,-15;998,-4,-15;999,0,5;1013,-6,-3;1016,2,-7;1019,-9,-2;1024,2,-18;1025,-11,12;1034,13,-11;1039,-12,5;1044,2,-19;1047,-4,8;1054,3,-13;1061,-11,7;1077,-21,-29;1079,12,2;1090,6,2;1092,1,3;1096,-9,-9;1097,-6,6;1102,3,-13;1108,0,-4;1113,-12,3;1122,3,-10;1127,-3,10;1128,6,-21;1131,-11,2;1136,1,-6;1152,-10,-26;1156,-1,-4;1164,-6,-4;1180,-15,-3;1183,4,1;1187,-7,-9;1197,-15,-6;1210,-5,2;1215,-10,-9;1216,6,8;1221,-6,0;1226,-1,-3;1240,-5,-4;1250,-12,-10;1257,12,11
rua||pedro lessa|vila bretas|35030440|1170,-1887336,-4196444;1268,427,88;1271,-6,0;1274,-2,0;1275,-10,1;1280,7,-6;1281,-12,10;1283,-6,0;1284,12,-10;1294,-5,-4;1299,-19,7;1300,-25,0;1352,-14,-6;1357,-17,-9;1364,11,3;1369,-29,-1;1372,14,4;1382,-8,-8;1392,-8,9;1395,-6,-7;1412,-33,-6;1569,-16,4;1599,-22,-2;1618,-8,-12;1622,-7,3;1631,-5,6;1634,-9,-11;1637,-4,1;1645,-6,-4;1650,-1,-7;1655,-17,22;1658,-98,-37;1659,101,17;1660,4,-3;1662,5,2;1665,-8,2;1667,-12,0;1669,-5,2;1670,-101,-14;1674,116,9;1678,-119,-14;1684,-5,-2;1693,-27,16;1698,19,-19;1707,-14,-16;1717,-9,16;1723,97,21;1724,19,-14;1726,-11,-1;1731,-10,6;1736,-6,-8;1737,-1,-9;1744,-12,5;1747,2,10;1751,-10,2;1764,1,-1;1772,-97,-27;1774,-7,-6;1784,100,30;1786,-115,-31;1792,-10,-1;1794,2,-1;1798,-6,0;1808,-13,-3;1820,-12,-6;1834,-8,-2;1850,-9,1;1856,-8,-5;1859,1,15;1864,-8,-12;1872,-8,-1;1912,-42,-11;1923,-8,7;1924,6,-5;1930,-8,-3;1931,-5,6;1933,-1,2;1939,-7,-20;1940,-4,12
rua||sebastiao correia lima|vila bretas|35032480|4,-1886840,-4195874;10,5,8;15,-3,2;18,-9,3;27,-11,15;42,-10,5;43,11,2;52,-13,7;57,-8,10;67,6,6;72,-3,-8;79,-26,42;82,19,-34;83,2,10;96,-3,-1;108,-7,16;116,-14,7;124,-7,8;136,-1,6;155,-18,42;163,-5,17
rua||sinval leite|nova vila bretas|35052760|10,-1887226,-4196762;35,298,51;55,-282,-61;83,26,18;93,4,-6;95,-9,8;111,33,-2;119,8,3;129,11,-1;153,28,25;210,119,12;230,116,-10;240,11,3;270,24,9;272,9,14;275,-58,7;279,95,18;281,-6,-9;288,-13,-14;300,-1,16;305,-168,-29;312,163,35;317,-146,-41;318,146,43;322,34,1;347,-147,-39;359,3,10;360,185,54;368,19,2;401,-160,-77;407,11,-6;413,8,-1;419,3,1;425,1,10;433,13,2;1875,135,85;1887,-1,1
rua||sonia maria viana coelho l|parque olimpico|35055224|350,-1888091,-4197838;354,1,-3;360,2,-9;364,11,4;365,-17,-5;369,5,-3;370,10,-1;374,5,-4;375,-16,6;379,9,-7;380,14,-10;384,5,22;419,-3,-38;422,12,-7
rua||verissimo de lima|baguari|35105000|63,-1895418,-4207032;94,-69,70;110,-7,62;114,5,-4;118,-1,-8;120,4,-12;124,-6,-2;134,9,-4;138,0,-44;144,-4,24;152,10,-47;154,-11,42;164,5,-38;166,4,24;174,4,-10;176,37,-41;179,-51,48;180,10,-21;198,-1,-11;200,48,6;205,18,-17;208,-24,7;211,-48,4;212,13,-20;217,-12,-11;218,8,-10;219,3,-7;220,15,10;222,22,4;227,-48,-11;245,11,-21;254,3,3;255,-5,-7;257,5,-17;264,-50,-15;266,7,-4;270,64,28;277,-6,-35;280,28,8;281,-26,-3;283,-4,-8;284,8,5
rua||washigton luiz|santa rita|35040560|3671,-1891549,-4199561
rua||wilson lima|baguari|35105000|129,-1895401,-4207182;179,-22,20;213,-35,21;225,-5,1;243,-22,21;245,-14,8;247,-6,8;250,-49,9;253,45,-8;254,40,73;260,-69,-84;264,24,14;265,5,-2;266,0,-4;271,7,63;275,15,-30;277,-83,0;279,44,-7;296,26,-35;354,64,-49;567,33,-18;576,102,-57;580,-172,99;583,84,-45;585,-132,103;586,137,-112;602,-78,44;603,9,1;604,-1,-3;606,18,-15;608,4,0;610,23,-7;663,-79,39;705,56,-24;715,13,-7;765,26,-14
sitio||da laranjeira|corrego dos evangelistas|35000001|1,-1874022,-4216554
travessa||pedro leopoldo|turmalina|35052876|22,-1885622,-4197931;24,-10,-3;36,-5,5;42,1,1
travessa||pedro lessa|vila bretas|35030450|10,-1886923,-4196317;11,-3,0;16,-1,-2;17,-1,3;20,-7,1;21,-4,-1;26,2,1;31,-5,-2
