avenida|presidente|castelo branco|santa rita|35040390|67,-1889013,-4197076;75,32,-44;85,-12,16;111,-63,42;121,-13,-1;147,-15,-6;155,-6,-7;275,-41,-28;285,1,-12;289,-4,-6;295,13,5;305,-50,-21;317,30,-22
avenida||a beco sete b|palmeiras|35052000|36,-1886497,-4197823;515,11,25;517,-7,-10;521,-4,12;524,8,-23
avenida||bianor de paula dias via b|maria eugenia|35057642|29,-1883627,-4195577;30,-2,-12;38,-3,-1;39,2,1;47,-6,-5;50,2,-4;58,-5,-11;61,7,3;69,-8,-4;70,-3,-4;78,-1,-8;89,-10,2;97,-5,-1
avenida||brasil|centro|35010070|3109,-1885814,-4194401;3113,10,-14;3115,1,-2;3147,-14,-3;3175,-14,-19;3227,-25,-41;3231,-3,4;3261,-3,-29;3277,-33,-11;3323,-7,-46;3446,-84,-77;3451,-2,10;3455,-4,-12;3456,2,0;3467,-18,0;3468,16,-14;3477,-24,16;3487,-1,4;3497,-4,-20;3500,7,-14;3501,-14,7;3503,7,-1;3505,-17,8;3519,-14,-13;3531,-3,-2;3575,-20,-20;3580,15,-19;3585,-32,9;3612,32,-9;3621,-34,17;3630,-9,-56;3633,-20,18;3655,-15,-23;3657,-1,-3;3665,-4,1;3673,-12,-11;3680,3,-20;3690,-6,4;3693,-6,15;3700,6,-23;3707,-38,22;3708,24,-28;3718,-2,-16;3728,-4,-3;3759,-32,0;3765,-12,-7;3775,-1,-10;3790,-39,-65;3795,28,65;3797,6,-3;3829,-29,-40;3835,-1,-2;3841,-10,0;3849,-29,2;3861,4,-4;3867,-6,-32;3877,-15,2;3878,16,152;3888,45,-58;3897,-79,-108;3909,-4,-3;3912,17,16;3914,-26,-5;3921,8,-34;3924,-5,38;3933,-1,-55;3934,14,-16;3943,-11,24;3944,69,-97;3954,-78,50;3957,-3,47;3967,-12,-14;3971,-2,5;3975,2,-17;3981,-13,-4;3999,-4,-2
avenida||brasil|centro|35020070|401,-1885654,-4194232;2030,413,514;2036,-32,-8;2038,-1,6;2040,-5,4;2050,-7,-7;2060,-16,-10;2070,-8,5;2080,-9,-3;2090,-14,5;2100,4,5;2108,-27,-11;2110,-25,-6;2122,7,2;2132,-4,1;2142,2,-2;2150,-14,-2;2154,-9,6;2160,-7,3;2170,-44,-23;2180,28,9;2190,-17,-5;2204,-56,-31;2210,64,34;2215,-113,-35;2220,83,35;2356,68,5;2366,-108,-16;2376,-13,-6;2386,-8,-16;2394,-7,-6;2416,-15,14;2439,-17,-28;2451,-13,-1;2471,-18,-4;2472,13,-28;2473,-30,31;2475,10,-15;2476,1,7;2482,3,-20;2497,-18,2;2507,-15,-6;2519,-3,-3;2529,3,-6;2539,-9,-4;2549,-6,-32;2560,18,16;2569,-24,-12;2580,8,-11;2583,-23,2;2584,24,2;2586,-26,-20;2595,-3,-1;2613,-3,-7;2629,-1,-12;2641,-4,-24;2657,10,-3;2667,-12,3;2699,0,-49;2759,21,-35;2770,-15,-29;2785,1,4;2788,21,-19;2804,3,-5;2812,-6,-7;2815,-6,3;2822,19,-20;2834,-17,-6;2837,-12,-55;2866,26,32;2880,3,-17;2890,-3,-7;2894,-2,-3;2920,9,-35
avenida||brasil|esplanadinha|35010070|293,-1884891,-4193673;2059,-47,-6;2067,-14,-1;2107,-29,-3
avenida||brasil|esplanadinha|35020070|1751,-1884724,-4193575
avenida||brasil|santa terezinha|35030070|3999,-1886386,-4194990;4017,-24,-22;4027,-3,5;4035,5,-21;4053,1,-8;4057,-16,-10;4059,-7,0;4071,-51,43;4085,36,-55;4093,1,-4;4103,-43,22;4115,14,-29;4125,-5,-13;4135,-10,3;4139,-2,-6;4153,-7,-5;4163,-4,1;4173,-5,-18;4183,-25,12;4191,9,-35;4205,-6,-3;4219,-14,-4;4223,-8,-9;4241,-3,-2;4249,-4,-8;4261,-11,-5;4271,-14,-7;4281,-12,-2;4291,4,-14;4305,0,-11;4319,-9,-8;4331,-3,-14;4333,-9,10;4335,-9,-7;4353,-8,-7;4365,-6,2;4373,-2,-14;4383,-22,-9;4393,-6,3;4403,-10,-8;4413,1,-2;4419,-9,-6;4425,-6,0;4435,1,-15;4443,-15,1;4455,-9,-15;4481,-16,-9;4491,-14,-5;4493,42,32;4505,-45,-37;4511,-8,-5;4517,19,12;4527,-35,-16;4535,-27,-20;4609,-35,-22;4620,7,-5;4623,-20,-30;4635,-27,-15;4699,50,48
avenida||brasil|santa terezinha|35030767|3974,-1886418,-4194963;3982,15,18;4000,41,-50;4002,-34,1;4016,-9,-4;4030,-6,-4;4038,-16,-27;4044,18,9;4050,10,-17;4058,-36,4;4062,4,-26;4066,-23,27;4076,39,2;4086,-28,-21;4094,-16,-6;4104,7,-4;4116,-17,-12;4126,16,-24;4130,-14,9;4134,-11,-3;4140,27,-17;4150,-31,17;4164,-19,-15;4200,-13,-20;4206,-11,-20;4220,9,19;4226,-32,-13;4236,-17,8;4240,10,-9;4248,-2,-16;4258,-11,-12;4262,-39,20;4270,15,-23;4272,2,34;4280,14,-44;4296,-3,-5;4306,-4,-37;4316,-11,18;4324,-14,8;4334,6,-12;4342,-16,0;4368,3,-5;4372,-22,-10;4374,-1,-10;4376,-5,6;4382,2,-11;4392,2,9;4400,-52,-11;4404,19,-8;4416,5,-23;4436,-16,11;4448,-13,-13;4456,58,-10;4462,-121,19;4472,-25,-18;4486,51,-18;4494,-8,5;4504,5,-6;4512,-14,-30;4522,-20,10;4550,-9,-9
avenida||brasil|sao paulo|35030070|4856,-1887025,-4195447;4866,0,-8;4882,-16,-12;4892,-8,-6;4904,-18,-6;4910,-6,0;4924,2,-15;4928,-17,11;4934,-2,-8;4944,-4,0;4956,-14,-9;4964,-11,-3;4980,-5,-17;5092,90,280;5100,12,-218;5108,-7,8;5115,-161,-161;5118,173,379;5128,0,0;5136,-99,-198;5144,100,197;5721,-603,-692;5727,-2,-8;5741,-14,9;5756,9,-10;5762,-23,6;5772,-8,1;5778,-16,1;5790,1,-2;5791,-23,-2;5792,0,2;5794,21,-1;5796,-6,-3;5798,4,3;5805,-23,-2;5815,-7,17;5844,-3,-30;5850,-4,6;5856,67,6;5883,-108,-27;5888,1,-2;5893,-1,1;5894,-1,23;5899,-11,-29;5903,-22,-17;5905,21,17;5907,-7,-3;5908,4,-3;5913,-22,-16;5914,17,19;5920,-12,-13;5925,-5,-5;5935,-3,-4;5943,-13,-3;5944,8,3;5951,-4,-5;5956,-9,-9;5968,-8,10;5979,-4,-19;5980,3,8;5986,-3,-5;5989,-7,-5;5994,-14,-3;5999,6,-1;6000,-9,-7;6015,1,5;6016,-9,-10;6017,-9,8;6026,7,-19;6033,-5,11;6047,-13,-5;6051,-3,-2;6057,-22,-1;6067,-2,-2;6079,0,-14;6091,-9,19
avenida||brasil|sao paulo|35030522|4705,-1886893,-4195405;4711,-9,2;4714,0,5;4724,-11,-15;4740,-14,-7;4745,6,-4;4747,-11,7;4756,-12,-5;4772,-8,-10;4780,-9,-6;4782,-9,0;4790,-2,-1;4798,-6,-5
avenida||brasil|sao paulo|35030767|4885,-1887055,-4195475;4899,-13,2;4905,-5,-5;4909,-6,-5;4925,-7,2;4943,-13,-10;4957,-1,-9;4965,-10,-10;4973,-22,2;4981,4,-9;4993,-4,9
avenida||bromelias|vale do sol|35042780|18,-1891015,-4195496;23,38,73;24,-47,-71;29,49,64;32,-40,-56;35,41,65;36,-42,-60;41,26,48;48,-17,-39;60,8,1;68,5,11;72,1,1;76,2,3;78,7,0;84,4,-1;90,-8,7;94,2,-4;96,5,20;107,-35,-40;114,46,54;115,-53,-59;120,59,62;134,4,1;142,-68,-84;150,2,2;248,-20,-29;254,-9,-8;256,-2,-2;260,-2,-4;261,-13,5;265,-3,-3;269,-2,-12;273,-7,0;285,-18,-28;289,-3,-1;293,-6,-8;304,21,8;308,-2,-4;312,0,0;320,-4,-8;324,-7,0;331,-19,-21;335,-6,-8;336,26,26;339,-22,-23;340,21,22;341,-28,-38;344,22,32;500,196,201
avenida||b|jardim atalaia|35042290|26,-1890973,-4194821;27,2,23;29,-1,-8;30,-1,-16;31,-10,7;33,9,3;39,-26,-3;41,3,-15;43,4,9;65,-31,6;70,38,-21;82,-4,-8;84,-14,-15;89,-12,0;91,8,5;95,-9,1;99,-7,14;109,-14,-21;110,29,-4;116,-3,3;119,-38,4;125,-15,-3;126,39,-1;128,0,-12;130,-9,11;133,-31,21;134,7,-30;138,18,2;139,-42,2;140,31,5;142,-18,-10;144,-7,-4;168,-15,-8;174,-99,-18;182,83,19;198,-8,7;201,-162,-124;204,151,110;205,7,18;210,-11,-16;211,13,18;213,-21,-36;215,-183,-134;220,194,151;221,-15,-2;225,-149,-120;235,147,131;239,-4,-1;241,-146,-131;243,140,130;245,-143,-130;247,137,125;253,-145,-128;256,165,129;265,-170,-140;272,127,117;274,-5,-2;278,-3,-5;281,-122,-128;282,124,127;286,-2,-3;287,-136,-124;308,107,96;314,-17,4;315,20,28;320,3,-28;323,-14,38;339,0,-22;360,-157,496
avenida||b|jardim atalaia|35042294|290,-1891321,-4195037;390,36,31;420,7,-28;432,-22,-4;440,-2,0
avenida||b|vale do sol|35042825|29,-1891078,-4195650;33,3,-7;57,16,-9;65,5,-4;69,4,-1;70,-16,22;73,19,-18;81,4,-10;85,7,8;88,-24,16;89,30,-25;93,2,3;97,5,-2;104,-13,15;105,19,-23;111,6,-1;114,-19,21;117,21,-23;120,-14,21;121,19,-18;126,-11,13;129,10,-22;133,3,-5;137,3,3;138,-2,24;141,9,-25;143,-2,1;147,5,-6;170,13,17;176,-5,-2;180,10,1;186,5,-1;192,7,0;198,2,-3;203,37,-7;204,-26,10;210,0,0;213,-12,-7;217,3,0;218,17,11;220,4,-1;221,-12,-10;222,23,2;234,4,5;237,-23,-7;242,27,9;243,-17,-11;244,21,12;246,6,-7;252,-1,-2;258,10,7;261,-18,-7;264,24,10;270,1,-8;273,-22,-7;276,25,8;280,5,2;285,-9,-9;286,20,3;292,9,9;295,-7,-15;297,-12,6;309,12,-4;320,-7,4;321,21,-5;333,5,-3;343,40,3;347,-540,622;349,537,-625;353,7,0;359,3,-2;390,-567,549;393,3,48;403,7,-148;447,-9,96;483,2,-29;514,30,116;517,-24,-146;553,-1,-36;554,0,122;589,2,-154;590,-13,128;626,14,-39;662,-3,-33;668,3,-26;698,3,0;795,-2,-52;968,-3,45;5171,0,41
avenida||didi barra|jardim alice|35045000|9,-1888703,-4196354;13,4,0;14,-6,0;15,163,92;17,-170,-91;18,-5,5;23,6,-13;26,2,-11;27,-8,3;30,4,-11;35,-8,8;95,45,44;305,141,82;391,63,31;395,7,6;421,16,6;425,10,4;437,20,13
avenida||didi barra|jardim alice|35045690|80,-1888651,-4196321;84,-18,-13;88,-26,6;96,33,10;270,94,56;300,24,11;330,24,16;340,15,14;350,-7,-11;366,38,23;370,4,-6;376,6,7;380,-1,4;420,22,19;424,7,1
avenida||rio bahia|sao paulo|35054575|151,-1887957,-4196043;1387,82,-42
avenida||rio bahia|vila isa|35044000|230,-1888425,-4194974;260,-13,-63;340,-72,307;352,42,-62;358,-3,6;364,-2,9;374,-5,10;384,8,-3;402,-21,41;520,-66,49;538,-9,6;548,-10,7;550,-30,10;567,22,42;587,2,8;597,38,82;599,-14,-9;603,-60,-76;607,3,13;617,46,60;686,-100,-94;692,-5,7;714,-13,4;741,-60,68;754,24,-59;814,-44,0;832,-34,-8;850,-11,0;870,-38,-7;890,-16,-3;928,-15,-5;939,428,-240;1000,-483,224;1044,-59,-1;1050,-7,17
avenida||rio bahia|vila rica|35045410|113,-1887982,-4196103;183,61,-38;389,36,-41;399,-11,2;527,88,-60;597,62,-119;657,64,-40;840,54,-57;849,19,-2;873,32,-21;925,32,-34;931,-13,23;935,6,-28;941,15,-12;947,9,8;953,2,-1;956,14,-16;957,-15,1;959,7,2;975,9,-27
avenida||rosa branca|corrego golconda|35000001|187,-1873595,-4199804
avenida||wenceslau braz|santa rita|35040570|44,-1888938,-4197145;48,4,-8;51,-11,16;52,6,-11;58,-3,-10;63,-14,10;64,4,-14;70,-1,-3;71,-13,5;78,6,-16;116,-20,-29;124,-6,-2;204,-51,-66;206,-5,-3;228,-13,-16;236,1,-5;239,-17,1;240,12,-4;246,-1,-3;247,-11,1;252,12,-9;257,-16,3;265,-11,-16;288,-2,-11;304,-1,-5;314,-19,-25;318,1,0;319,-13,1;322,0,-8;326,-1,3;336,4,-8;337,-12,5;343,-2,-1;344,7,-15;351,-17,8;352,15,-8;357,-11,-1;359,-5,-12;360,11,2;368,-6,-8;376,0,-7;415,-20,-6;420,-15,-3;421,17,-9;430,-7,-1;439,5,5;440,-7,-11;450,-2,-11;459,-20,-2;460,9,1;470,-12,-21;471,2,20;475,6,-5;589,-45,-60;597,-9,3;604,6,-15;605,-17,-9;619,2,12;630,-27,-53;634,1,2;640,-4,-7;655,-11,14;713,-23,-57;714,2,13;725,-17,-1;726,14,-23;728,-9,9;729,-3,-3;731,-5,-2;732,9,-5;738,-5,9;740,-6,-27;745,-4,19;750,-8,-11;755,11,10;760,-13,-31;765,2,25;775,-15,-1;776,3,-45;780,19,21;808,-48,-41;813,3,31;816,15,-13;820,-4,-20;825,-12,12;826,6,-10;837,-14,11;840,-4,-20;841,4,19;843,-11,-9;848,-5,0;849,3,-12;855,-29,-30;856,29,30;870,-25,-25;880,-7,-4;892,-5,-9;897,-12,-9;900,4,-4;903,-18,5;909,1,-9;919,-11,-8;920,18,6;924,-5,-8;926,-1,-3;927,-11,-3;930,-2,-1;931,-10,-4;935,-2,2;936,-2,6;938,-24,-48;939,12,38;947,9,-15;954,3,2;957,-46,-32;958,34,15;965,-44,-32;966,9,4;969,-14,-23;976,4,8;982,-14,-2;987,0,-11;988,-4,7;997,-4,-8;998,-6,6;1009,2,-21;1035,-17,-6;1047,-10,-8;1059,-12,1;1069,-2,-6;1206,-32,-41;1208,-2,-2;1220,-3,-3;1221,-18,12;1230,12,-28;1242,-21,-9;1243,6,14;1250,1,-10;1253,-5,0;1256,0,-8;1265,-11,2;1276,-5,-11;1277,-10,0;1282,9,1;1289,-6,-9;1300,5,9;1301,-29,-26;1313,-2,-2;1318,8,2;1320,-7,-3;1326,2,-11;1329,-16,-9;1335,14,19;1358,-23,-30;1368,-6,-12;1375,-16,-18;1385,-3,6;1394,10,8;1395,-19,-16;1405,-4,3;1418,3,-25;1419,-14,15;1425,-5,-4;1429,-4,-6;1431,13,5;1432,-14,-18;1439,0,0;1447,-13,8;1454,6,-7;1459,-19,-11;1468,3,-9;1470,0,14;1473,3,-5;1483,-10,-14;1528,-12,0;1541,-32,-30;1542,13,3;1543,-14,-2;1548,6,-12;1557,-19,-1;1560,8,-16;1571,-6,13;1578,-3,-18;1581,113,107;1587,-114,-101;1591,-15,-13;1603,-11,-2;1615,-14,-13;1616,6,-4;1628,-14,-9;1629,6,0;1635,-12,-9;1638,0,8;1654,1,-3;1700,-4,-7;1750,-18,-20;1759,-12,-4;1762,5,-5;1769,-13,0;1771,-1,1;1772,3,-3;1781,1,-8;1784,-7,-3;1791,-12,-10;1792,2,6;1793,-10,-11;1801,-14,-1;1802,24,9;1809,-31,-18;1812,26,-2;1821,-31,-7;1830,19,4;1831,-27,-19;1834,20,9;1837,-29,-15;1840,28,18;1843,-34,-20;1846,23,10;1854,-2,-10;1866,-9,-7;1879,-19,-4;1882,7,3;1884,-1,-1;1886,-2,-3;1887,-7,-4;1888,2,2;1889,-1,-8;1890,2,-6;1891,0,-10;1894,-10,6;1903,-5,-2;1907,-4,-7;1908,1,3;1913,-3,-8;1914,5,6;1918,-12,-13;1921,-1,6;1931,-13,-4;1935,1,-7;1937,-9,-5;1942,0,1;1943,8,-8;1962,-9,-4;1963,-14,4;1966,10,-10;1972,4,-18;1975,-17,15;1981,-16,0;1983,-2,-6;1988,9,-9;2001,-11,4;2019,-29,-32;2023,1,-5;2024,10,8;2025,-25,-6;2026,10,6;2028,-6,-3;2030,-1,6;2032,0,-2;2048,4,-8;2053,-10,-24;2060,11,6;2072,-16,-16;2073,-12,8;2081,-3,-9;2083,0,-10;2093,-13,-8;2096,17,19;2104,1,-17;2116,-10,5;2117,-29,-6;2122,25,-1;2130,-11,-7;2131,-14,-9;2136,14,-1;2145,-23,-1;2148,13,-1;2155,-15,-5;2160,5,-5;2163,-5,8;2165,1,-4;2166,2,-12;2173,-18,2;2194,-3,-15;2200,-20,-3;2212,11,-14;2224,-17,-9;2227,-11,9;2235,1,-23;2239,2,21;2240,3,-11;2247,-21,-3;2251,-18,-20;2254,31,4;2256,-4,-2;2259,-20,6;2263,-1,-3;2264,16,-2;2273,-16,-10;2285,0,-10;2289,-12,-1;2302,16,-6;2314,-5,11;2315,-17,-10;2319,0,-7;2320,9,-6;2326,-15,-2;2330,6,-16;2337,-20,21;2347,-4,-16;2350,8,-6;2362,-12,3;2367,-9,-4;2379,-1,-6;2386,-8,18;2387,135,142;2397,-145,-155;2398,9,-19;2400,0,-4;2403,-14,8;2410,7,-48;2415,-28,36;2419,3,-12;2420,12,1;2422,0,-11;2427,-25,6;2430,13,-14;2448,0,0;2449,-17,5;2450,6,-8;2453,-10,4;2459,-6,-10;2462,5,8;2467,-8,-9;2481,-18,-18;2486,-10,-22;2491,-9,15;2496,-40,-18;2497,48,11;2500,-25,1;2503,36,12;2506,-9,-22;2508,-1,2;2510,2,-5;2511,-20,23;2512,16,-19;2517,-20,0;2518,18,-3;2523,-13,2;2530,-2,-5;2537,-6,-1;2540,0,-7;2541,-5,2;2549,-8,-15;2550,19,2;2561,-16,6;2567,-5,-23;2570,4,2;2580,-12,-7;2586,4,-1;2587,-6,-5;2588,-3,3;2589,-3,8;2590,-3,-12;2593,-7,4;2600,1,-18;2607,-9,7;2610,4,-11;2618,-8,-8;2621,-9,-4;2625,-6,1;2626,11,3;2634,-6,-10;2637,-10,4;2640,10,-4;2644,-14,-5;2647,0,-1;2650,-3,-4;2653,-4,-2;2656,-14,0;2659,6,-9;2660,-5,2;2667,-2,0;2671,1,-9;2677,-9,0;2680,-10,-16;2686,1,1;2687,9,15;2692,-9,-20;2693,14,14;2699,-15,-10;2702,-2,-7;2705,-12,0;2710,4,-7;2711,-15,-5;2725,8,4;2728,-6,-11;2740,-12,-5;2747,0,-4;2762,-21,-8;2763,9,-4;2766,-30,190;2771,26,-197;2772,-30,353;2777,27,-352;2782,-21,134;2783,12,-149;2790,-15,76;2795,-8,-66;2805,3,-15;2807,-5,-15;2811,5,5;2812,2,14;2813,-1,-31;2822,-7,15;2823,-13,-3;2838,-3,-16;2839,-3,1;2850,3,-4;2851,-8,-3;2861,0,-13;2863,-2,-8;2866,5,16;2868,-5,-7;2869,2,-9;2871,-12,-7;2893,-36,-25;2899,9,1;2905,7,6;2920,-24,0;2923,-9,-6;2926,8,-17;2934,-3,-4;2935,-5,9;2940,-5,-7;2946,1,-6;2947,-11,9;2956,9,-12;2959,-19,2;2964,7,-2;2969,-8,3;2976,5,-17;2979,0,15;2987,-19,-23;2988,6,-4;2994,-6,-2;2995,-8,14;3000,1,-24;3007,-8,12;3010,2,-17;3015,-2,9;3017,-69,-61;3033,51,42;3050,-27,-32;3061,23,30;3063,-9,-4;3070,-13,-14;3071,10,2;3076,-16,-4;3077,17,-9;3084,-24,-3;3087,-5,-6;3092,0,-11;3097,-9,12;3098,12,-10;3107,-1,3;3108,-5,-7;3112,-70,-8;3113,64,7;3119,-17,-5;3120,4,-26;3126,-19,11;3130,16,-1;3131,-15,13;3139,2,-12;3140,19,-3;3145,4,-14;3146,-11,15;3150,-6,-11;3155,-26,22;3159,18,-14;3165,-10,-13;3174,0,-1;3179,-14,4;3185,-8,-20;3193,-4,1;3205,-8,-10;3213,-2,-7;3214,91,-57;3219,-96,44;3220,13,3;3232,-18,-13;3243,-17,25;3244,16,-21;3254,-12,-10;3255,-2,2;3259,-12,-6;3260,7,-2;3261,-12,-3;3266,-2,-6;3278,-4,-4;3279,4,9;3284,-8,-16;3289,-7,5;3290,1,-2;3292,-2,-12;3298,-6,-7;3301,-2,16;3314,-3,-22;3327,-4,-3;3328,1,0;3364,-20,-26;3370,-14,-6;3371,6,16;3376,4,-30;3379,-5,30;3389,-14,-11;3392,4,-20;3395,-8,17;3401,-2,-9;3406,5,-9;3407,-11,-2;3410,0,8;3413,-7,-9;3419,-3,0;3422,-9,-13;3434,2,-2;3444,-9,-8;3456,-1,-19;3466,-9,-22;3476,-17,7;3485,42,57;3486,-40,-57;3497,23,43;3509,1,-16;3515,-11,1;3517,1,1;3519,-6,5;3521,2,-8;3522,-32,-43;3527,28,25;3528,-33,-23;3533,-3,-37;3534,2,28;3543,-26,-15;3544,23,-13;3554,-22,2;3566,-1,-2;3570,-6,-9;3576,-2,-8;3588,-9,-12;3608,-3,7;3620,-6,-9;3626,-17,-11
beco||b|sao paulo|35030820|16,-1887702,-4195521;18,1,-7;21,0,2;23,6,-9;29,8,-9;33,1,-3;34,-2,3;37,3,-9;40,-2,8;47,4,-7;48,-5,6;53,12,-19;54,-6,12;55,6,-8;56,-4,2;59,5,-7;60,-2,-4;65,0,1;71,4,-9;77,2,8
beco||do bambu|querosene|35059350|36,-1884455,-4194423;38,13,5;42,3,0;260,21,-72;265,-9,-8;375,5,41;522,5,-31;564,-15,-9;599,-1,1
beco||do bambu|querosene|35059360|32,-1884428,-4194440;35,-11,22;40,16,-38;240,-6,38;375,1,-27
beco||jose bicalho|lourdes|35032230|20,-1886241,-4195895;21,19,-10;23,3,-5;43,-9,8;47,17,26;53,-15,-47;62,13,16;63,6,3;69,21,22;75,-5,-37;83,3,3;86,-4,-4;91,12,7;94,4,-10;95,4,7;97,-8,-24;98,-2,21;99,5,-19;111,21,11;116,-17,-5;117,-7,-7;125,-2,-2
chacara||do sr jose beato|corrego da peroba|35106000|2,-1875641,-4221426
comunidade||ilha brava|comunidade ilha brava|35105000|35,-1893249,-4204653;1305,-280,-148
corrego||do bernado|corrego dos bernardos|35000001|1,-1878424,-4214368;3,-298,-386;6,-22,-41;20,-222,-3187
corrego||do bernardo|corrego dos bernardos 2|35000001|25,-1882013,-4215184
estrada||acesso a baixa do bugre|corrego baixa do bugre|35000001|2,-1863073,-4202644
estrada||baixa do bugre|corrego baixa do bugre|35000001|4,-1861988,-4202072;5,5174,-1331
estrada||bernardo 2 x bernardo3|corrego bernardos 2|35000001|40,-1880660,-4214597
estrada||bernardo 2 x bernardo3|corrego dos bernardos 3|35000001|1,-1881985,-4217331;3,-129,-41;4,6,-11;6,-189,-76;10,23,-275;14,587,795;16,180,443;19,-288,-203;21,194,131;25,-222,-382;29,-3,-66;32,-24,-93;33,0,-6;34,35,-67;35,-245,367;36,-115,91;37,171,-172;39,-79,106;40,231,-178;43,-163,-38;44,-134,-48;52,268,-6
estrada||bernardo 2 x bernardo3|corrego dos bernardos 4|35000001|8,-1882272,-4217519
estrada||brejaubina|corrego brejaubinha|35000001|1,-1877146,-4221739;121,-113,-35
estrada||corrego belga|corrego belgo mineiro|35000001|3,-1868442,-4169087;17,-1586,-2356
estrada||corrego do belga|corrego belga|35000001|2,-1862839,-4169745;6,-1688,-693;7,648,-1146
estrada||corrego dos borges|corrego dos borges|35000001|1,-1884539,-4200039;2,-121,-441;7,-92,356;14,41,-38;15,4,-17
estrada||do bernado|corrego dos bernardos|35000001|3,-1879398,-4216572;5,56,1733;10,333,-2415
estrada||do ribeirao do bugre|fazenda corrego do bugre|35000001|2,-1861557,-4209236
estrada||ilha brava|comunidade ilha brava|35105000|157,-1893649,-4205193;9999,268,-154
estrada||para chonim de baixo|distrito chonim|35109000|128,-1864173,-4203591;381,-23,-165;559,6,13;579,6,31;589,-7,20;594,-1,-47;629,11,63;639,-16,85;649,0,-12
estrada||para nova brasilia|fazenda boa vista|35039600|9,-1883966,-4168589
estrada||para nova brasilia|nova brasilia|35041000|201,-1869245,-4167042
estrada||que vai para o bernardo|corrego limoeiro|35000001|12,-1886306,-4225282
fazenda|santa|brisa|corrego sao jose de itapiona|35000001|1,-1866816,-4165644
fazenda|sao|bento|fazenda sao bento|35000001|11,-1876498,-4169204
fazenda||barbosa|corrego sao jose de itapiona|35000001|4,-1865317,-4165822
fazenda||corrego do barro|corrego do barro|35106000|7,-1875579,-4220248
rodovia||corrego do bambu|corrego do bambum|35100400|124,-1878742,-4199654;125,76,-163;128,252,-365;129,16,-34;130,34,-84;131,-58,-83;132,150,-231;133,56,-220;35100400,-445,1022
rua|barao|do rio branco|centro|35010030|26,-1885658,-4194317;30,3,-15;58,14,-9;69,-4,-6;72,16,-1;83,3,4;86,0,-25;92,6,11;93,15,-6;98,-8,4;100,1,-1;106,6,8;107,8,-16;116,3,4;117,-7,-7;126,7,8;127,41,-27;128,-37,28;130,-5,-6;136,12,-7;144,2,-2;149,17,-32;158,-13,28;164,18,-8;168,-9,-10;170,10,6;212,36,-13;216,4,-4;218,0,-3;222,9,8;228,-8,-20;233,6,-2;234,-3,-10;236,9,10;239,-14,4;242,7,-10;243,9,-6;248,12,17;252,4,-11;253,-2,-21;264,7,7;272,8,6;273,-3,-21;280,1,14;282,8,0;283,-5,-13;286,15,11;290,-2,-8;291,-5,7;317,27,-37;337,10,-7;351,4,-8;362,38,-14;365,-18,4;371,7,-5;432,53,-24;460,22,-10;461,-7,-9;471,4,-7;480,20,13;483,-18,-16;488,18,-4;490,3,8;493,-14,-12;506,21,0;507,-8,-12;519,10,18;520,20,-14;524,-14,10;540,13,-9;547,0,-3;548,19,-23;554,-14,19;556,11,-3;558,0,-5;559,-25,-13;560,32,7;565,3,-3;569,3,-4;573,0,3;581,7,-7;582,2,0;583,-9,-11;586,18,16;587,8,-19;593,-9,0;596,5,8;611,7,-13;650,21,-22;662,10,-33;669,48,15;681,-85,-173;707,71,162;708,33,23;716,-3,-7;717,-21,-23;727,8,-1;732,-1,1;736,-11,-2;737,15,2;740,-9,-7;744,-3,5;745,26,-12;748,-20,12;765,28,-14;768,24,-15;774,-10,-2;779,2,18;787,6,-12;795,6,-26
rua|doutor|ruy di biasi|castanheiras|35054894|7,-1888260,-4197448;9,-17,57;14,9,1;20,4,-16;23,-8,7;24,2,-5;29,-4,1;30,9,-5;35,-3,2;39,0,-6;40,-8,-17;44,6,10;45,5,4;49,-5,-6;59,-2,-7;60,8,-10;64,-8,-3;69,0,2;95,3,-29;99,3,-4;105,0,-4;106,8,-6;109,-8,4;110,7,-4;115,-9,-4;116,12,-1;119,-12,-3;120,5,-7;125,-9,-3;127,3,0;130,8,0;140,2,-11;144,4,2;150,-5,-9;154,1,-6;160,0,-4;164,-1,-2;166,1,-8;170,2,-4;180,1,-4;186,0,-8;192,-3,0;211,3,-16;215,-6,-7;221,2,-9;222,2,0;225,-4,-4;230,3,-1;232,-3,-6;233,2,1;235,-3,-7;236,9,-1;239,4,-1;240,-6,-5;245,-4,0;250,4,-2;255,-1,-5;260,-1,-3;265,-1,1;266,4,2;270,1,-11;271,-6,1;286,8,-18;290,0,-6;295,-5,2;301,-1,-5;305,1,-9;306,2,-2;310,5,-5;320,-2,-6;321,-5,-6;326,8,-4;330,0,-3;336,-1,-5;339,-5,-11;340,5,7;345,-5,-9;360,-1,-7;388,7,-31;391,-1,1;398,-4,-10;401,3,3;405,-5,-9;408,5,5;411,2,-10;412,-4,6;417,2,-7;418,-2,1;421,-3,-7;422,7,4;437,-6,-20;441,0,-4;448,3,-8;451,2,0;455,1,-2;459,0,-10;461,0,4;464,4,-6;468,0,-3;474,-4,-5;478,8,-8;481,-9,17;488,12,-18;490,-8,-6;498,5,-5
rua|santa|barbara|morada do acampamento|35012080|40,-1885795,-4195450;352,-18,-6
rua|santa|barbara|vila mariana|35012080|15,-1885828,-4195543;19,9,-12;25,-4,0;27,1,-14;31,-13,-14;34,60,121;35,-61,-118;37,-10,-7;43,-19,-62;48,74,200;54,-17,1;56,-1,-3;60,-16,-40;68,-2,23;70,15,-22;73,-15,8;91,10,-9;101,-17,-1;105,1,-4;112,1,3;114,0,-25;117,-8,8;121,4,-13;128,-3,-13;138,-2,0;141,-3,-10;151,-6,-4;160,6,16;161,-18,-22;162,25,6;167,-16,-20;168,16,20;170,-10,-20;173,-15,-8;174,15,13;189,-12,-19;190,4,2;200,-5,-18;213,-2,-2;219,2,-6;225,-2,-7;233,2,-14;239,0,4;260,1,-20;261,-1,4;262,3,-10;263,-6,-2;264,1,-17;265,5,5;267,-2,-2;277,-8,-12;282,-8,-7;290,-8,-12;295,11,8;300,-4,-12;315,4,-17;341,-6,-3;345,-1,-7
rua|santa|bernadete|mae de deus|35053590|45,-1886584,-4196991;46,11,1;56,5,-5;61,1,1;63,-6,3;68,13,-3;69,-2,-4;73,14,-6;79,0,-4;89,6,-8;109,8,-5;119,5,-9;120,4,-2;126,4,-8;130,3,-4;139,0,-16;142,7,11;145,143,-89;150,-138,80;151,0,-10;160,0,-5;186,4,-6;198,6,-4;204,3,-3;209,-11,6;211,-4,9;216,13,-21;234,-1,-5;240,5,-2;241,5,13;246,-1,-14;251,-7,-7;253,7,-1;261,-5,-18;271,4,7;281,15,-21;287,1,-2;291,4,-9;293,-2,-2;301,12,-6;311,6,-10;323,11,-9;328,-12,22;333,29,-37;336,-23,24;340,0,2;344,10,-8;352,3,4;360,18,-3;366,6,6;376,2,1;386,16,7;390,14,1;391,-16,-15;401,14,8;402,11,-3;403,-5,13;408,7,8;409,7,-6;411,2,6;412,-6,-3;422,17,10;440,5,2;450,42,2;460,-23,10;470,5,0;471,8,5;473,-14,-6;474,4,3;480,18,7;481,3,1;482,-2,-5;486,6,12;494,14,3;506,6,1;510,9,-1;513,-16,-5;522,32,10;525,-16,-4;531,22,4;533,-8,-3
rua|sao|bartolomeu|vila mariana|35012140|310,-1885854,-4195963;317,8,1;326,-6,-2;327,-8,4;330,-1,-10;335,-5,6;340,2,-5;341,-10,5;345,-6,2;350,3,2;358,-7,-5;363,-10,7;366,-6,0;371,0,-1;376,-12,8;403,-16,-15;407,-2,3
rua|sao|borges|chonim de cima|35109000|6,-1864053,-4203628;7,-22,33;10,22,-27;30,-62,68;36,69,-111
rua|sao|borges|distrito chonim|35109000|9,-1864051,-4203625;12,-15,26;13,-12,17;14,7,19;16,-7,17;18,-4,22;20,-59,-26;22,66,-174;34,33,28;39,-26,-28;40,14,21;42,-14,-13;47,3,-5;65,21,29;75,10,2;85,8,1;95,-5,8;105,10,2;110,10,7;115,3,-7;125,-8,1;135,13,2;137,2,0;165,-47,37
rua|sao|joao batista|vila mariana|35012190|41,-1886008,-4196023;44,8,13;51,4,12;56,-8,0;63,-4,3;69,0,13;81,-8,14;82,19,-13;91,-21,17;95,6,7;96,-3,-8;98,6,2;102,-2,5;103,-8,2;116,-7,14;123,-3,8
rua||arthur bernardes|centro|35010020|491,-1885524,-4194163;503,4,1;517,14,-10;522,5,9;530,13,-5;534,2,2;540,-2,-1;543,27,-30;545,-5,-1;546,-19,27;552,-3,-4;566,8,-1;567,25,-23;575,25,2;576,-31,14;581,14,-15;584,-11,12;590,0,-10;591,15,-2;594,-14,2;600,0,0;601,14,-5;604,-14,5;609,16,-25;615,5,0;619,7,2;662,27,-14;663,-70,41;684,81,-47;687,7,13;694,7,-22;696,11,0;698,-8,4;704,5,-12;710,0,5;715,-6,-5;722,21,6;732,10,-15;733,-31,11;752,34,-18;765,17,-24;768,8,1;782,11,2;785,-12,-7;795,13,-10;800,6,8;803,6,-2;808,5,-7;810,-2,-6;817,3,2;818,2,5;820,1,-6;827,2,-9;828,2,12;838,8,-13;848,17,1;870,31,-33;894,1,0;900,4,6;910,1,-1;922,2,2;932,6,-6;946,23,-35;960,-5,17;970,10,-1;980,-3,-6;986,10,15;990,5,-21;1012,4,-5;1020,11,-5;1030,15,-11;1038,5,-7;1046,15,10;1064,-2,-14;1074,10,-12;1088,11,-11;1098,3,-6;1181,38,-39;1184,-11,18;1185,17,-23;1193,-1,4;1200,8,-4;1203,1,-6;1209,19,3;1211,2,0;1212,4,28;1213,-2,-26;1217,-2,-2;1222,4,-4;1225,-8,-13;1234,17,9;1235,3,-17;1238,12,11;1242,5,37
rua||artur brandao|floresta|35022595|8,-1883891,-4190017;12,0,2;16,10,3;20,-11,6;24,6,0;28,-5,6;32,4,9;36,-4,-3;40,9,5;44,-6,4;48,2,-1;52,1,4;56,5,4;60,8,7;64,-12,4;70,5,3;72,-3,5;76,0,0;80,0,6;84,7,4;88,-2,4;92,-4,9;96,7,2;100,0,1;104,-3,5;108,-1,3;112,5,1;116,-4,7;120,6,1;124,0,9
rua||baependi|santa helena|35059060|22,-1883578,-4194628;43,10,19;44,8,3;47,-2,2;51,1,11;53,-1,3;59,3,2;64,-6,-4;67,9,7;73,16,1;74,-22,-8;83,10,21;84,2,6;93,12,7;94,-13,-10;106,6,18;970,-38,-84;988,15,13
rua||baependi|turmalina|35052863|1,-1886241,-4198163;2,6,-3;31,82,-12;34,49,1;43,-32,2;49,-88,0;55,5,3;61,14,1;64,3,-1;66,15,-1;68,10,0;73,60,-12;74,19,9;79,14,-8;83,6,-5;104,25,-17;108,1,-5;115,7,-17;122,-1,9;133,10,-39;140,-2,15;145,-1,-33;151,-1,-4;152,-3,10;158,1,-7;164,-2,-15;175,0,-17;178,3,3;181,-1,-10;182,2,0;186,2,-14;193,-3,2;200,0,-16;205,2,10;305,-2,38;311,4,-11
rua||bahia|chonin de baixo|35109000|118,-1866897,-4198012;128,2,2;138,17,38;158,0,8;188,7,30;208,54,-19;254,-63,-26
rua||bahia|lourdes|35030030|37,-1886609,-4195391;47,3,-11;48,-64,57;56,76,-55;62,-1,0;63,-1,-14;72,-1,6;75,7,-7;85,13,-12;88,-4,11;96,12,-12;99,-6,5;102,9,-3;109,1,-5;112,4,0;120,8,-9;121,3,-5;125,6,0;130,2,2;131,2,-6;140,11,2;141,-6,-6;150,19,-3;151,-9,0;166,9,2;167,0,-8;191,23,-18;204,10,-8;205,-1,-5;215,11,-7;216,-9,13;227,12,-11;228,-18,0;279,61,-31;284,7,3;287,-4,-16;291,2,-4;297,15,11;298,-14,15;299,13,-10;307,4,-16;316,6,3;359,46,-22;368,-2,-10;371,9,-9;390,30,-16
rua||bambui|turmalina|35052898|26,-1885916,-4198132;244,7,1
rua||barbacena|santa helena|35059070|10,-1883886,-4194501;31,16,8;35,-8,-2;40,6,20;43,1,-3;50,1,9;51,1,1;53,5,-2;56,-12,4;57,16,3;62,0,1;70,-2,11;71,3,-2;73,-1,0;80,1,12;81,0,-1;89,8,7;90,-9,8;99,9,-1;100,2,7;662,-27,-96
rua||barbacena|turmalina|35052866|18,-1886023,-4198272;28,-1,-15;33,-1,-17;39,-42,-49;45,43,32;46,0,16;51,1,-22;52,0,14;57,1,-26;63,5,-7;64,-5,25;70,-1,-9
rua||barcelona|gra duquesa|35057790|30,-1883989,-4195606;42,3,-14;54,-14,-10;66,7,-10;74,-8,-19;78,2,8;93,-10,-11
rua||bartolomeu bueno|vila rica|35045070|36,-1888080,-4196264;44,5,-2;56,-13,2;74,-8,4;86,-16,4;101,-10,7;103,-8,9;106,1,-10;109,-1,4;110,-10,2;115,4,3;122,-14,-4;130,-13,4;137,5,16;143,-5,-7;155,-8,-4;162,6,-4;165,-7,11;174,-15,-15;175,5,1;179,-8,2;183,-10,-3;222,4,0
rua||begonia|distrito de sao vitor|35055100|51,-1881770,-4168802;63,-7,9;66,1,4;75,-1,9;86,-6,9;87,3,12;90,-23,16;95,11,-1
rua||beirute|gra duquesa|35057060|20,-1884420,-4195684;30,6,-20;35,3,-2;40,-2,-10;50,17,-6;55,6,-14;60,0,-3;64,-26,30;65,40,-31;70,-2,-7;77,2,-1;79,3,1;80,-6,-10;85,12,-7;90,-8,10;95,10,-20;105,6,-9;115,15,-15
rua||belem|santa terezinha|35030050|18,-1886522,-4194891;21,11,5;26,-3,9;27,2,-6;31,19,0;38,-16,5;45,13,5;48,-22,22;55,19,-20;56,4,-1;64,15,7;65,-7,0;68,-2,2;70,4,5;73,3,-1;80,-1,6;83,10,5;86,-21,-11;89,47,6;94,-35,6;97,16,13;107,5,0;108,-5,-3;115,4,14;118,-3,-4;121,10,7;124,-3,0;131,4,-2;136,5,10;141,2,6;155,16,4;160,-5,13;180,-5,15;181,19,-30;201,-7,38
rua||belgica|gra duquesa|35057070|15,-1884520,-4195908;29,-4,-10;30,-12,-8;41,-4,6;42,-1,-3;51,-13,-8;59,-8,-7;71,-5,-3;74,3,-5;80,-10,-12;83,-1,3;86,-3,-5;92,-18,3;97,9,-13;103,11,13;104,-26,-22;109,1,10;111,1,-2;117,-10,-5;124,2,-10;155,-13,-7;160,-3,0;170,-11,-13;171,2,4;179,-84,-69;180,77,65;181,-2,-4;190,-9,-8;193,4,7;201,-16,-9;202,4,-10;209,-4,3;225,-9,-11;230,4,3;231,-9,-7;237,-6,-3;238,-7,-5;260,-7,-7;265,-7,-3;267,3,-1;269,-4,3;271,-4,-11;272,2,0;278,-2,-1;279,-9,2;284,-6,-15;285,6,11;291,-5,-10;309,0,0;315,-6,-6
rua||bergonia|chacreamento arizona 3|35030690|23,-1887440,-4202092;53,-16,-17
rua||berilo|sao raimundo|35043110|130,-1889449,-4195206;1701,-2,-5;1719,-21,2;1725,11,-12;1728,-4,-19;1732,-4,3;1735,7,-1;1738,-10,-11;1740,0,1;1745,2,6;1751,-1,-7;1752,-2,-10;1755,-8,3;1764,5,-7;1771,-5,0;1774,1,-6;1786,-8,-13;1787,3,12;1789,0,-8;1792,-4,-8;1804,-15,-16;1812,-10,-10;1816,5,-3;1825,0,12;1846,-10,-25;1855,5,-3;1866,-8,-10;1871,0,-3;1881,-7,-8;1886,2,-6;1890,-12,-10;1891,3,8;1896,9,-4;1907,-13,-13;1908,-1,10;2332,-14,-46;2342,-15,-3;2353,11,-4;2356,-8,-17;2373,-25,3;2386,-28,-27;2390,0,4;2394,0,0;2400,3,-1;2408,-5,3;2416,-12,-25;2417,18,28;2425,-1,-6;2428,-31,-29;2433,17,30;2441,7,-4;2449,-17,-20;2463,-4,-1;2513,-37,-14;2523,-4,31;2526,-20,-79;2530,21,25;2531,-9,-8;2532,2,-4;2536,-15,-17;2546,-14,-6;2551,33,86;2593,-46,-95;2594,-9,-11;2604,-17,-1;2605,9,1;2620,-12,-10
rua||berlim|gra duquesa|35057080|48,-1884506,-4195580;58,-7,16;65,-330,39;68,330,-34;69,-318,35;79,9,-7;80,288,-20;91,-281,20;92,243,-23;101,-231,13;106,136,4;113,-129,-7;114,8,3;123,-3,-3;148,34,-10;149,-16,2
rua||bicuiba|jardim ype|35043120|72,-1890613,-4194812;133,139,354;138,6,1;145,11,-18;150,-5,5;153,1,-10;159,1,-7;162,-5,7;167,0,-8;174,3,-6;177,2,46;186,1,-56;192,10,-11;198,-8,-12;218,3,-22;223,-25,-13;228,17,8;238,-7,-4;239,-18,-2;244,22,-4;245,-25,-19;250,14,16;251,-19,-24;255,-8,5;257,-5,1;262,29,10;264,6,-4;275,-41,-17;288,20,6;300,-15,-6;303,-14,-1;306,7,-3;312,-14,-11;313,-13,5;333,-2,-10;337,-13,-9;339,-4,2;341,-4,-4;345,-5,-9;355,-3,-5;392,4,2;404,-6,-8;411,-16,-13;412,1,-2;416,-3,-4;417,1,4;422,-2,-13;423,-9,18;430,2,-25;435,-9,13;436,6,-11;447,-7,-6;452,18,-18;458,-13,-4;459,2,17;471,-6,-13;481,6,-12;483,-3,-9;495,-2,1;513,-8,-22;520,5,15;521,-3,-32;527,-6,1;537,-17,-5;539,9,-2;545,5,-6;575,11,-61;584,-2,13;593,9,-22;594,0,4;600,4,-15;605,-1,-1;606,11,-12;612,1,2;627,-6,-11;630,3,4;639,8,-16;640,-17,31;641,12,-36;642,6,-3;651,6,-10;652,2,8;671,11,-44;672,-20,33;679,1,4;689,-1,-16
rua||bocaina|vila parque ibituruna|35044280|29,-1888450,-4194241;45,2,-1;48,9,15;50,-5,-5;55,8,-15;60,7,27;68,1,-11;75,11,-13;78,6,11;85,5,-13;88,6,5
rua||bocaiuva|esperanca|35058030|29,-1884042,-4195049;31,2,11;33,6,-12;41,-4,20;47,7,8;53,3,6;63,4,4;65,6,8;141,36,41;153,-4,17;207,21,4;213,-1,9;217,8,18;227,10,-2;237,16,4;247,8,-8;257,4,-3;267,10,9;277,14,0;283,3,-3;289,5,3;293,6,0;299,3,-2;305,3,1;313,22,0;319,-22,-3;325,39,12;335,11,8;337,9,5
rua||bocaiuva|santa helena|35058030|12,-1884044,-4195053;28,0,5;34,-4,9;40,4,10;64,6,8;76,6,14;86,9,2;96,5,9;126,19,23;136,11,2;146,-1,1;150,0,6;156,8,11;166,1,8;228,22,22;238,26,8;248,8,0;304,54,7;314,10,-5;318,1,-3;324,15,-2;334,9,10;336,7,2
rua||bolivia|jardim perola|35051060|27,-1887198,-4197531;28,9,6;66,1,-6
rua||bouganvile|parque das aroeiras|35050000|22,-1887978,-4194106;30,-6,-3;36,-8,-5;43,8,20;48,-17,-28;55,-1,5;57,-12,-6;67,11,7;79,-15,-10;89,-9,-10
rua||braunas|floresta|35052837|21,-1884045,-4189847;36,6,-39;42,-3,-14;48,-1,-8;52,-1,-6;60,1,-5;78,-5,-11;84,-2,-10;94,4,-11;96,3,-1;98,-3,-7;102,-6,1;118,0,-7;126,5,-10;132,-5,-17;160,-7,14
rua||braunas|jardim ipe|35043080|26,-1890200,-4194919;34,-12,5;38,8,0;41,-9,3;51,0,0;63,-12,7;67,-1,0;73,-67,1;87,3,0;88,25,7;221,-37,-10;235,-13,4;345,142,-25
rua||braunas|jardim ipe|35043552|5,-1890053,-4194924;6,-1,-7;7,8,25;8,-1,2;10,15,-15;14,35,-17;15,-1,-2;16,-22,2;18,33,20;20,-48,-12;21,-3,-2;37,81,-13;40,-83,24;47,139,-40;57,-29,2;77,7,3;97,-16,0;105,-9,-3;111,-15,4;117,-2,0;131,-16,0;137,-12,27;145,-3,-34;149,-13,3;151,-7,-8;153,-7,4;155,15,10;157,-25,-10;159,-3,5;161,-8,-6;163,-4,8;165,-7,0;167,-4,0;169,-3,3;171,-11,1;173,-8,2;175,-14,1;185,-23,5;199,-2,2;201,-10,0;203,-4,1;205,-7,0;207,16,2;209,-26,-1;213,-17,-1;267,55,-8;275,-8,-2
rua||braunas|santo agostinho|35052837|30,-1885128,-4196055;38,3,-7;42,11,2;54,2,-5;66,4,-7;73,10,-5;78,1,0;82,2,-5;85,7,2;90,2,-4;97,8,-3;102,-1,-6;114,17,10;118,-6,-10;122,10,0;123,-4,-5;126,1,-2;130,5,-1;134,7,-6;138,4,2;142,-6,8;144,15,-2;160,13,0
rua||braunas|sao raimundo|35043552|22,-1889876,-4194975;24,-5,2;34,-4,1;36,-5,1;48,-8,3;50,-5,4;56,-11,3;66,-6,3;94,-10,-1;98,-7,-2
rua||braunas|sao raimundo|35052837|118,-1889978,-4194955;122,-20,-8;130,-11,1;140,-10,-1;160,-4,4;164,-13,2;172,-39,10;176,-13,-3;178,-2,2;180,-10,-2;182,-9,4;184,0,0;192,-9,1
rua||braunas|turmalina|35052837|28,-1885688,-4198214;29,-1,-3;38,2,-6;39,4,-11;48,-13,2;49,2,-6;58,7,-8;59,1,4;68,-1,-6;69,-6,-4;71,-27,42;78,29,-52;79,-7,-6;88,8,0;89,-3,-10;98,4,-9;99,4,3;104,10,-56;108,-14,48;109,-3,6;116,20,-71;118,-19,54;119,4,1;122,9,-71;158,-22,36;168,9,-6;169,0,-8;178,-14,-8;179,13,-1;183,2,-6;188,-17,-3;198,3,-7;199,14,-4;208,-20,-4;209,27,-2;1773,-9,43
rua||bromelias|distrito de sao vitor|35055090|26,-1881836,-4168785;95,-13,-1;279,-63,-17
rua||bromelias|retiro dos lagos|35055090|160,-1885006,-4199062;177,-6,-15;201,-36,-25;209,-14,-35;233,-16,-4;257,-28,-7;265,-27,-60;289,12,46;300,-19,50;311,-5,-57;330,-9,15;367,8,-67;400,12,45;440,-22,-51;496,-22,-49;899,18,29;901,-5,-14
rua||bruxelas|gra duquesa|35057090|16,-1884899,-4195580;26,24,9;36,19,2;37,-10,-9;48,13,8;50,3,-12;61,8,-4;62,5,7;67,7,-2;73,12,1;74,-16,-2;84,30,-15;100,-11,2
rua||buenopolis|santa helena|35059120|25,-1883956,-4194817;27,27,-15;37,8,-3;46,-1,-6;50,-1,-1;60,7,9;61,0,0;66,11,-5;70,9,5;71,-2,-8;72,-7,-5;76,6,7;81,13,-4;82,-3,-1;88,10,7;91,-3,-18;97,17,8;98,-12,14;102,6,-10;105,12,-2;108,-2,2;113,12,-1;118,-3,-2;119,5,-2;129,2,0;130,1,1;133,8,-8;277,7,6
rua||bulgaria|gra duquesa|35057100|31,-1884174,-4195950;32,2,7;41,-8,-11;42,4,5;52,-1,-18;53,-3,0;67,3,-15;68,-2,5;79,-1,-5;80,9,-15;88,-8,13;91,0,-16;94,3,-6;97,-4,-4;98,8,-4;101,-8,1;113,-5,-10;114,9,-1;125,-5,-10;126,9,-4;136,-3,-15;137,-5,13;146,13,-22;149,-15,0;165,2,-8;166,6,0;172,7,-11;175,-14,-1;178,17,10;185,-17,-21;188,5,-28;197,-4,11;209,-3,-6
rua||b|alvorada|35040824|10,-1888565,-4199504;90,45,-21;118,3,-2;120,17,-11;122,9,0;124,1,4;128,3,2;134,4,7;138,3,4;144,3,6;148,0,0;154,1,3;164,4,11;168,1,1;174,9,7;178,2,1;206,3,6
rua||b|alvorada|35041885|79,-1888529,-4199524;83,6,0;87,2,-6;93,4,-2;97,7,-4;103,0,0;107,2,-5;111,5,-1;115,4,-4;127,2,1;155,21,19;159,4,6;163,0,6;169,-1,5;175,8,2;179,2,-1;185,5,10;189,-2,-1;195,7,8;199,9,14;205,-9,-7;209,6,3;215,0,6;219,9,-4;225,-5,5;229,-1,-2;235,9,10;239,4,0;247,0,12
rua||b|cidade|35026056|194,-1884925,-4180216;322,-63,75;450,-62,63;514,-21,19;578,-23,21;642,-40,45;700,-13,11
rua||b|conjunto sir|35024160|15,-1883209,-4190549;16,-2,2;24,-2,-1;25,35,-3;32,-25,9;37,3,0;40,5,5;48,2,-1;49,13,0;56,-2,5;61,7,-1;64,0,4;72,3,-1;73,17,3;80,-10,-1;85,12,2;95,6,6;96,-5,-1;97,13,4;104,-6,-6;109,13,4;112,-6,-4;150,26,18;155,21,-4;158,8,12;164,-2,-1;171,9,-7;178,1,4;186,16,-3;187,-9,-6;194,11,5;201,-3,-7;202,12,3;210,4,-2;213,4,-5;218,0,-2;225,3,-2;226,8,2;234,2,-2;237,6,0;242,6,-2;249,-6,-36;250,13,42;258,9,-10;265,-12,-26;266,18,23;274,6,-4;282,3,1;290,4,-2;298,10,-2
rua||b|conquista|35041609|90,-1891160,-4196392;91,-8,9;92,-26,-5;93,-24,-4;163,230,67;170,17,-3;182,-9,-4;192,-6,-3;200,-4,-3;208,-10,-5;216,-5,-4;224,-6,-6;232,-7,-5;242,-4,-6;250,-10,-4;258,-3,-1;266,10,14;274,-20,-27;301,-28,-2;310,5,-4;318,-13,4;326,-10,-6;334,-4,-4;342,-7,3;350,-10,-1;358,-3,-2;366,-2,2;374,-14,-2;382,-11,0;390,-10,-3;398,-7,4;406,1,-3;414,-13,-1;422,-1,3;430,-17,-5;438,1,2;446,-10,0;454,-5,7;462,-11,-7;470,-4,-2
rua||b|distrito industrial|35040610|29,-1889407,-4200385;35,-7,-8;45,1,-14
rua||b|distrito industrial|35040612|34,-1889415,-4200428
rua||b|elvamar|35044510|22,-1887485,-4194042;28,-5,9;34,-14,0;35,14,0;37,-15,11;48,1,-4;58,-5,8;59,-12,11;66,5,-8;72,-6,4;73,-2,10;78,3,-4;83,-14,9;84,6,-6;85,-11,11;90,2,-4;94,0,-1;97,-7,9;108,-2,-3;109,-4,11;114,-1,-9;115,-9,16;118,8,-14;121,-11,17;126,5,-11;127,-8,15;132,5,-10;133,-12,10;136,8,-6;140,1,-2;145,-9,17;151,-4,1;152,8,-6;156,-11,3;157,-4,6;161,-5,17
rua||b|jardim do trevo|35054230|416,-1883709,-4199107;420,-271,-376;428,20,16;440,-12,-9;444,3,3;454,-9,-6;460,5,-2;490,-32,-19;496,-10,-9;508,-1,-7;560,-38,-43;570,-4,-4;580,-6,-7;610,-11,-20;620,-7,-6;630,-11,-7;650,-5,-20
rua||b|jardim do trevo|35099899|605,-1884072,-4199586;607,-5,-7
rua||b|jardim perola|35051590|486,-1887721,-4197104
rua||b|novo horizonte|35040824|13,-1888411,-4199421;18,4,-6;23,-16,14;30,15,-10;31,-18,13;38,14,-5;39,-14,11;46,11,-4;47,-17,12;54,10,-9;55,-10,14;62,0,-4;63,-7,11;70,5,-10;71,-9,17;78,3,-11;79,-6,17;86,-1,-13;87,-6,19;95,-5,7;127,-18,19;136,-6,1;144,-1,11;152,-4,7;160,-4,1;167,-4,6;168,2,2;175,-2,1;176,-8,4;184,-9,5;192,3,10;209,29,-40;213,-8,2;217,-3,8;221,1,2
rua||b|palmeiras|35052730|2,-1886878,-4197692;5,32,2;6,0,0;8,-71,28;10,185,104;13,9,21;19,-7,-15;20,-2,-8;25,-134,-132;26,-15,-16;35,-1,5;36,136,147;46,-20,-25;56,15,9;57,16,21;67,-8,-2;85,-91,-121;87,58,74;95,9,16;96,12,-1;97,-12,11;98,-11,-22;115,0,19;125,-12,-14;135,-21,-17;137,10,-1;171,-23,-18;181,-19,-10;191,2,6;197,-15,-12;206,6,-10;208,4,-37;209,-32,35;216,19,-1;217,-15,29;219,5,-21;223,-8,23;225,-6,-11;227,11,-18;237,146,119;257,-149,-138;278,-11,-35;286,12,26;288,28,4;291,-38,-44;300,10,24;307,-13,-5;308,4,2;310,5,-19;343,17,61;356,-12,-57;358,-6,-3
rua||b|parque olimpico|35055222|98,-1887725,-4197621;104,4,2;114,-2,-2;118,-1,-7;122,-8,-9;166,12,115;227,-44,-220;236,12,17;246,-4,-11;256,-3,-14;260,1,-7;262,-4,-7;266,0,-1;311,-20,-37
rua||b|porto das canoas|35022651|37,-1883848,-4189160;45,11,-1;53,5,2;61,2,-1;69,13,4;77,18,-3;85,-5,4;93,14,2;457,-70,-7
rua||b|porto das canoas|35022654|24,-1883855,-4189155;34,4,-1;44,3,0;54,14,4;64,9,1;74,6,2;84,15,3;94,7,-2
rua||b|recanto do vale|35041000|1,-1872725,-4199309;3,-46,12;7,123,-47;8,10,-4;14,-147,58;17,-69,26;20,-56,22;104,29,-8;755,5,-10;900,110,-38;1170,263,-88;1204,11,-1;1250,56,-7;1257,91,-15;1307,-12,-1
rua||b|recanto dos sonhos|35024820|14,-1884888,-4180250;195,-7,7;203,-26,32;213,25,31;223,-26,-31;233,1,0;235,81,78;243,-67,-81;253,10,41;263,-24,-36;273,0,-2;283,10,-7;293,56,91;303,-109,-37;363,-13,15;395,-28,26;416,-68,-62;423,63,71;426,-90,-78;460,45,57;470,-7,-15;480,-4,-6;483,22,79;543,-7,7
rua||b|recanto dos sonhos|35026056|13,-1885231,-4179888;635,188,-66;715,1,10;723,-93,-37;758,-32,21;774,4,3;795,6,-3;806,-45,46;820,-4,2;845,52,-51;903,-63,57;990,-29,32
rua||b|recanto dos sonhos|35099899|758,-1885164,-4179960
rua||b|residencial figueiras|35054812|60,-1888322,-4198847;70,0,12;80,-2,10;90,0,3;100,-1,15;120,1,12;130,-3,13;140,-3,13;150,0,7;160,0,7;170,-1,11;180,1,13
rua||b|rodovia br 116|35000001|9,-1872668,-4199336;48,-177,517;122,-51,-94;203,139,96
rua||b|santa rita|35040431|12,-1889145,-4196940;13,6,30;15,-4,-25;20,3,-2
rua||b|santo antonio do pontal|35101000|45,-1878944,-4207071;50,5,2;53,-6,0;63,-21,-11;82,15,6;97,-25,-9;105,-1,-1;585,45,20;595,-2,-3;597,6,7;641,-42,-22
rua||b|sao cristovao|35045470|22,-1888340,-4196980;28,3,-8;32,-2,-4;42,12,-1;52,2,-14;62,-6,-7;72,10,-10;100,12,-17;110,3,-7;138,2,0;142,3,-9;148,1,-5;158,6,-10;168,7,-4;178,3,-16;188,6,-3;198,-4,-3;206,7,-7;218,14,-16
rua||b|sao cristovao|35050790|37,-1888338,-4196992;45,8,-11;77,2,-4;97,10,-12;107,5,-11;117,5,-13;127,3,-11;137,2,0;149,2,-8;155,4,-5;159,4,-7;165,8,-6;177,2,-9;187,5,-12;197,6,-1;207,9,-14
rua||b|sao jose do goiabal|35000001|180,-1875398,-4230244;288,-43,-139
rua||b|sao jose do itapinoa|35102970|5,-1863613,-4163963;6,-1,-8;7,22,-2;9,-33,14
rua||b|vila dos montes|35041800|26,-1890594,-4196860;36,5,0;43,2,-8;45,4,-11;48,4,12;50,1,-11;75,9,-12;98,12,6;105,16,-14;108,-1,-2;111,3,0;121,3,-6;122,6,1;126,-5,-6;153,13,1;693,-2,-2
rua||b|vila mariquita|35024020|3,-1883568,-4191772;10,56,-20;14,9,-6;32,-65,26;42,2,-2;60,16,-1;72,14,-6;86,8,-2
rua||b|vitoria|35039610|8,-1888679,-4199912;15,-81,180;16,81,-168;24,-4,5;29,-1,0;32,1,4;37,-5,5;40,-6,1;47,4,7;48,-3,-2;56,-7,9;63,4,7;64,-6,0;71,-3,8;72,5,-3;79,-1,10;80,1,-1;87,-6,7;88,2,-1;95,-5,10;96,3,-6;103,-8,14;104,1,-3;111,6,9;112,-6,-4;119,-9,12;120,0,-5;127,-2,9;128,2,-4;135,-3,12;136,-6,1;143,2,5;144,-3,-2;151,0,5;152,-1,1;159,-3,10;160,1,-1;167,-4,9;168,2,-5;175,-1,8;176,-2,3;183,-1,4;184,-4,-2;191,-5,10;192,3,-3;199,-3,12;200,-2,-6;224,-10,23;225,0,6;232,-6,3;240,-4,11;241,4,-3;248,-5,6;249,3,-3;256,-6,11;257,1,1;264,-2,3;265,2,2;272,-6,7;273,1,1;280,-5,6;281,0,-2;288,-3,8;289,6,-5;296,-9,18;304,-2,3;305,3,-1;312,-6,8;313,3,-1;321,-4,6;328,-10,8;329,7,-2;336,-7,8;337,3,1;344,-5,3;345,2,2;352,-6,5;353,8,7;360,-13,2;361,8,3;368,-9,3;369,4,7;377,-4,2;384,-7,6;385,5,0;392,-8,8;393,9,-3;400,-10,7;408,-5,7
rua||da barragem|altinopolis|35053030|171,-1886010,-4197226;178,4,-8;275,61,-108;290,-26,34;295,8,-6;300,-17,20;305,7,-17;310,-7,25;314,-7,-2;315,6,-3;317,3,7;323,-14,13;325,0,10;332,6,-19;337,-10,17;342,-5,-8;348,-6,12;364,5,1;370,1,22;386,-1,3;388,-13,7;390,-10,24
rua||das bandeiras|vila rica|35045060|25,-1887951,-4196257;35,-41,2;37,-12,4;40,-3,2;47,-3,-3;49,-2,-1;56,-6,-10;64,-6,-4;98,-3,-6;100,-6,-2;105,-20,-10;106,15,4;110,-3,-3;112,1,-6;117,-20,7;125,-7,-17;165,-29,-45;168,12,19;172,-14,-12;175,-8,-14;184,-1,10;232,8,4;237,-28,-48;243,-11,-2;255,1,-6;267,-4,-7;277,-18,-9;283,-1,-3;287,-9,-10;288,75,87;292,-80,-88;296,20,14;297,-18,-18;300,1,-2;400,-1,-8
rua||didi barra|jardim alice|35045575|60,-1888726,-4196429;110,-25,-43;120,-1,-1;152,-7,-22;802,13,48
rua||didi barra|vale pastoril|35045575|131,-1888761,-4196476;143,58,23;167,-70,-60;191,-7,-22;283,-10,-74
rua||divar heckert barbosa|vale pastoril|35046153|40,-1889011,-4196496;50,0,-12;57,-11,-11;60,6,2;554,-8,-78;558,-2,0;742,136,-58;754,1,-5;758,14,6;766,2,-11;780,-98,-92;790,118,87
rua||dos bastos|corrego do melquiades|35000001|38,-1882551,-4223323
rua||erasmo braga|sao pedro|35020180|154,-1884767,-4193246;157,6,-15;158,-7,10;160,6,1;164,-2,-4;169,6,-15;174,6,6;196,39,-21;201,-56,28;203,54,-40;206,11,3;213,-2,-5;223,7,0;226,7,-1;264,46,16;274,22,-39;285,-21,4;290,33,-13;326,42,-10;334,10,3;346,15,-1;350,3,-25
rua||euryto orlando bonesi|centro|35012450|20,-1885528,-4195294;25,25,-70;31,17,-49;32,-1,-8;33,9,-21;55,-130,238;60,55,-47;67,-31,30;70,0,-14;73,10,6;80,42,-48;83,-28,44;93,16,-16;100,21,-48;107,-9,15;120,13,-29;131,-7,14;140,7,-33;160,7,-4;180,10,-32;200,10,-30;210,5,-6;285,9,-51;301,-12,62;315,0,-4;359,15,-76
rua||fernando brier|jardim perola|35051600|123,-1887642,-4197102;125,-1,-10
rua||geraldo bianchini|jardim atalaia|35042610|42,-1891627,-4194154;48,4,3;52,-5,-8;54,6,-2;56,-1,3;59,-22,-19;64,10,6;116,-8,-39;124,2,-20;126,-1,3;398,-3,20
rua||habitar brasil|floresta|35020360|2,-1883508,-4190057;3,-8,0;4,-4,5;5,-9,2;7,-6,5;8,-7,-1;9,-22,-7;10,-7,-5;11,7,16;12,11,-1;13,3,-4;14,5,1;15,10,0;16,3,-4;17,9,1;18,4,-1;19,9,-2
rua||henrique bahia|centro|35010420|38,-1886358,-4195018;48,30,27;92,0,-46;110,9,-13;118,19,-6;132,7,0;140,15,-13;150,0,-12;158,1,-1;170,7,-4;182,14,-14;188,5,-8;214,15,-1;220,8,7;234,7,5;236,2,-7;246,9,-3;256,-3,8
rua||henrique bahia|lourdes|35010420|121,-1886306,-4195031;123,13,-33;133,9,-7;149,1,-5;151,4,-3;155,7,2;159,6,-7;171,-2,-9;179,11,-9;185,4,-5;191,4,2;203,1,2;215,11,3;219,-6,12;223,25,-10;237,6,-1;243,10,1;245,-3,-3
rua||henrique bahia|santa terezinha|35010420|37,-1886350,-4195016
rua||henrique bernardelli|altinopolis|35053300|20,-1885833,-4196125;26,-5,-4;28,4,-6;34,3,-9;40,-6,-4;51,5,6;54,-17,-13;63,4,-3;66,4,-7;71,-7,-7;79,-5,-4;80,-4,-6;89,-8,5;90,11,-13;95,-20,-5;98,10,7;100,-6,-2;101,-8,-18;107,-5,4;116,11,-8;124,-8,-1;129,-2,9;132,2,-13;141,1,-4;146,-1,-26
rua||joao de barro|lagoa santa|35065122|48,-1884760,-4196704;54,6,-9;60,-1,-4;64,83,354;88,-9,-19;127,-16,-42;130,9,21;131,-16,-18;135,10,3;137,-4,-6;139,5,-14;147,-4,5;148,6,-2;154,-8,-2;155,17,3;160,-16,-12;163,-4,-16;169,8,10;172,-10,-1;178,-3,-9;181,1,-4;187,-8,-14;190,8,3;191,-9,-7;196,10,-7;209,-13,0;254,-5,-56;261,-10,-27;284,9,17;290,-3,-5;300,-6,-4;305,7,-15;308,-10,0;330,0,-23;334,-4,-5;340,2,-10;367,-4,-12;371,12,-8;381,1,2;425,58,-10
rua||juvenal batista|sao pedro|35020320|27,-1884583,-4192569;37,9,-12;42,4,8;50,8,-5;53,-4,-10;56,5,5;65,13,-2;66,5,-1;76,0,0;77,5,2;128,34,-39;130,14,4;131,-10,2;139,13,-5;144,11,5;153,-2,-8;156,9,3;162,9,-5;165,-10,-13;213,42,-14;216,-3,15;223,13,-20;230,-77,51;231,85,-44;232,12,-2;233,-14,0;239,11,-21;242,-11,25;251,14,-16;252,3,3;267,17,-13;270,-8,12;285,12,-20;286,3,14;287,3,-20;289,-1,10;293,12,2;299,-1,-12;304,-1,16;307,-177,85;313,189,-105;314,1,14;323,8,-18;334,12,8;338,11,-6;431,10,-10;440,5,1;442,0,-13;443,1,5;451,12,-5;452,-3,8;461,9,-15;464,-5,9;469,27,-9;476,-10,4
rua||leonor neves batista|vale pastoril|35039602|17,-1888895,-4196960;33,-11,15
rua||leonor neves batista|vale pastoril|35046103|734,-1888991,-4196911;750,15,-5;758,6,-12;770,0,-5
rua||liana cabral barbosa|vale pastoril|35046120|31,-1889232,-4196379;32,-13,-10;383,95,-9;385,17,-4;393,-10,-1;461,68,-28;479,8,4;484,237,-105;485,-230,95;491,8,-3;571,21,-160;581,-3,0;700,210,70;753,-9,-4;777,9,-7;779,178,109;790,-171,-104;792,4,-4
rua||liana cabral barbosa|vale pastoril|35099899|120,-1889186,-4196398;124,7,7;383,25,-9;753,316,-132;765,13,-1;779,13,-12;789,2,5
rua||lincon byrro|sao paulo|35030280|17,-1887524,-4195462;1332,218,-331;1342,-17,7;1345,10,-12;1346,-14,9;1350,-7,25;1351,10,-19;1355,-1,11;1362,-12,5;1363,-3,-7;1371,10,8;1398,-27,44;1412,10,-25;1422,4,7;1429,-36,33;1430,25,-18;1431,-4,15;1440,-4,-11;1447,0,17;1452,-16,-3;1455,9,10;1481,-26,27;1491,5,2;1497,-9,15;1509,-9,-1;1514,2,-7;1520,-4,8;1521,1,14;1526,-19,0;1583,4,22;1591,-8,13;1599,-2,11;1600,-6,-20;1608,-4,8;1614,-5,12;1618,-6,3;1619,8,14;1630,-14,12;1638,-5,-4;1652,-2,10;1656,0,11;1666,-4,-9;1676,6,-14;1682,-12,28;1690,-7,15;1700,-17,8;1750,-14,32;1760,-6,15;1772,-2,3;1782,-3,9;1786,-10,13;1792,-3,-2;1834,5,-3;1835,-17,44;1868,-23,13;1871,0,29;1876,2,-25;1881,-2,7;1907,-19,21;1926,4,38;1927,-12,-10;1939,-15,4;1942,11,-10;1944,-14,10;1945,15,8;1949,1,14;1961,4,10;1967,-20,-15;1971,-4,13;1974,8,-25;1980,-7,18;1982,-4,9;1984,-11,-2;1987,5,4;1990,-8,10
rua||lincon byrro|vila bretas|35030280|52,-1887029,-4196521;64,1,8;71,12,7;79,4,4;89,-4,17;100,-10,-5;101,12,16;111,-10,3;139,-13,40;147,26,31;153,-15,-10;159,-4,12;171,-2,9;176,-12,-7;201,-2,37;205,10,4;208,-16,1;211,10,5;220,-12,9;221,13,-4;226,-14,4;248,-1,14;252,0,14;274,-1,0;283,-2,33;284,1,-23;300,-5,17;304,2,3;305,6,14;310,-7,-12;317,7,25;322,-3,7;329,-6,14;330,8,-11;336,-10,5;339,-7,12;340,4,-7;342,-9,12;349,12,-1;354,-12,4;355,11,-1;359,-1,11;360,-10,-9;363,17,18;371,-1,7
rua||lincon byrro|vila bretas|35032610|287,-1887103,-4196161;405,18,1;417,-10,9;431,-5,16;445,-15,13;459,3,3;466,-25,15;469,6,24;479,6,-19;488,-49,80;490,31,-70;491,-1,21;498,-50,78;502,46,-91;503,1,17;505,-51,87;508,-7,-8;509,2,19;514,50,-111;515,0,25;520,-11,-10;522,7,7;526,-51,83;527,56,-62;533,-19,-5;535,-41,81;538,-6,-11;541,42,-68;550,-49,77;556,41,-73;558,-50,87;580,-21,16;581,37,10;582,-15,-11;585,130,3;586,-183,-29;591,38,54;640,-26,17;645,15,14;646,-11,-6;654,-7,7;659,9,7;662,-11,-2;665,-11,6;668,7,9;674,-7,-2;686,3,9
rua||manoel bandeira|belvedere|35064118|162,-1884104,-4193167;176,-3,-9;186,-11,-9
rua||manoel byrro|sao paulo|35030320|646,-1887712,-4195993;650,4,9;656,-8,2;660,-7,12;668,3,-4;671,0,5;680,-14,2;681,7,0;690,-18,7;691,14,1;697,-1,8;700,-16,7;701,6,4;703,-1,5;705,-5,1;710,-7,-4;711,6,12;738,-11,-38;742,0,35;745,-9,29;1825,84,-162
rua||manoel byrro|vila bretas|35030320|170,-1887478,-4196408;176,-14,13;182,3,6
rua||manoel byrro|vila bretas|35032620|9,-1887447,-4196547;11,-8,33;16,-8,-8;20,-1,4;21,4,19;31,3,2;37,-11,3;40,4,-10;45,61,-86;46,-65,92;49,14,19;55,-2,11;59,40,-105;65,-2,5;83,-1,9;85,-23,-6;136,-36,132;150,-3,-2;160,0,25;162,0,2;232,-15,50;240,-8,23;241,-66,111;246,59,-107;250,3,15;264,-13,-11;290,1,28;298,-16,17;317,10,18;361,163,127;436,-236,-24;438,7,-33;448,-12,15
rua||marcal de brito|penha do cassiano|35107000|20,-1889724,-4219997;29,-11,2;39,14,-13;47,76,-83;69,-54,48;79,36,-28;92,7,15;96,-9,-7;102,6,-5;113,13,-23;134,-4,5;145,15,-21;156,12,-12;165,-5,0;166,15,-17;185,-3,15;186,8,-13;195,2,-6;196,6,-7;205,2,-8;212,0,-5;215,7,-6;225,15,-4;235,-7,-5;240,11,-5;248,14,-18;252,-10,12;257,1,-7;268,21,-7;269,-10,-8;315,20,-28;318,10,39;319,5,-37;320,1,-36;325,0,35
rua||mariana cabral barbosa|vale pastoril|35046118|193,-1889187,-4196455;200,7,0;210,8,-4;218,13,-15;220,-8,10;316,-62,22;357,27,-10;437,76,-44;439,0,11;447,-33,12;448,55,-16;451,-67,18;470,-76,37;484,169,-70;533,34,-15;545,3,0;730,177,-63;734,-3,0;739,1,-12;743,-3,2;749,7,-3;774,20,-1;778,4,-1;789,10,-13;795,-3,2;796,3,10;805,8,-12;815,7,-3
rua||monoel byrro|sao paulo|35030320|585,-1887400,-4195679;597,14,-17
rua||monte branco|vila dos montes|35041440|27,-1890361,-4196767;37,-11,14;47,-6,3;90,-27,12;93,-8,12;96,-5,-10;99,1,9;102,-7,1;105,8,5;108,-14,-6;112,-5,3;113,3,5;120,-6,-2;122,-2,6;123,-2,0;166,-28,19;175,-5,8;176,3,-8;183,-3,12;187,-13,-5;196,-9,25;197,1,-10;205,-2,8;206,-6,-7;234,-13,21;245,17,-24;246,-33,31;251,-10,6;252,8,-11;258,-8,-5;259,0,14;263,-7,4;282,1,-5;572,4,-3
rua||olavo bilac|sagrada familia|35050170|30,-1888150,-4196804;32,-2,-2;41,0,-19;42,2,6;50,0,-14;51,-5,-1;56,10,-15;61,-8,11;62,3,-8;73,3,4;83,3,-5;94,-6,-5;99,0,-10;104,8,8;109,2,-11;112,6,7;115,0,-15;120,12,2;125,-7,-12;130,6,0;140,2,-6;149,-9,-3;150,13,-3;151,-6,1;159,1,-12;160,6,-3;169,4,-7;170,-1,2;178,2,-8;179,2,-10;184,9,7;187,-1,3;193,-7,-18;202,2,-2;214,-3,-11;218,2,-6;236,16,-17;248,2,-9
rua||olavo bilac|sao cristovao|35050170|209,-1888111,-4196969;213,11,-4;227,2,-2;237,8,-6;249,48,60;259,-40,-78;269,4,-9;277,5,-6;289,2,-7;299,12,-7;309,7,-15;319,1,-8;329,0,-13;366,18,-22;375,-1,-7;376,7,-7;385,1,-1;386,4,-3;393,-2,-8;398,6,-3;403,3,-13;406,1,6;412,0,-8;413,2,1;418,10,-9;423,-2,2;439,-2,-16;442,7,-8;443,-3,7;452,-5,3;453,23,-13;455,-7,3;463,13,-56;466,-13,34
rua||ouro branco|chacaras recanto das cachoeiras|35039600|315,-1889189,-4194201;343,-4,-5
rua||ouro branco|chacaras recanto das cachoeiras|35039602|725,-1889557,-4194275
rua||ouro branco|chacaras recanto das cachoeiras|35039610|515,-1889283,-4194228
rua||ouro branco|vila isa|35039600|29,-1888920,-4194127;33,8,6;37,0,-6;41,-12,-2;43,-2,-3;45,-8,1;47,-4,0;49,-6,-3;55,-7,1;63,6,31;71,-16,-36;79,-9,-2;87,0,-5;97,-14,-1;119,-16,-2;135,-6,-6;139,-12,2;149,-13,-7;169,-15,-9;183,-45,-47;189,30,44;193,-1,5;198,-50,-54;203,37,49;213,-5,-2;215,7,2;225,-24,-8;237,-10,-1;243,5,-2;251,-18,0
rua||ouro branco|vila isa|35043410|30,-1888916,-4194130;40,-8,-4;52,-8,-2;128,-53,-11;152,-23,-9;154,-6,-9;160,-3,7;168,-15,-10;170,-13,0;176,2,2;182,-9,-4;194,-11,0;216,-13,-8;226,-2,-5;228,-5,1;238,-11,1;244,5,-2;250,-18,-1;260,-7,-3;311,-69,-73;316,7,60;328,-6,0;354,-37,-13;364,-4,-29;388,-12,23;394,-10,-3;398,-2,-9;400,-15,3;420,-5,1;426,-6,-4;436,-3,0;438,-4,-1;446,-8,0;448,-5,3;452,-9,-8;524,-52,-15;526,-5,10;532,-4,-7;542,-7,-5;556,-9,-5;570,-12,-6;586,-8,-2;588,2,-8;592,-11,4;602,-9,-4;614,-10,-1;626,-7,-4;636,-14,-1;642,-10,-4;648,-9,-1;656,-4,0;662,-12,-3;668,-15,-10;716,-15,2;728,-17,-8;740,-9,0;746,-9,-1;752,-2,-4;758,-6,-1;764,-4,0;770,-8,-2;776,-4,-2;778,-11,-5;794,-15,3;810,-9,-3;850,-18,-7;860,-17,2;866,-8,-3;870,19,3;874,-28,-9;882,-3,-1;890,-7,-5
rua||ouro branco|vila isa|35045000|131,-1888990,-4194149
rua||pau brasil|cardo|35024070|3,-1883337,-4190620;21,17,0;23,8,5;37,31,7;53,7,2;63,11,4
rua||pau brasil|cidade nova|35063002|113,-1883531,-4196546;117,9,0;125,4,1;131,2,3;137,6,-7;143,4,4;157,17,-12;161,11,0;172,-60,17;175,59,-23;182,-56,16;194,5,2;198,11,-3;204,4,-1;216,2,-5;228,13,4;234,9,-7;236,7,1;239,68,-20;240,-69,22;245,75,-28;251,2,8;252,-66,9;253,79,-11;257,-3,-31;263,5,23;275,15,-3;276,-70,19;281,74,-17;287,4,-8;288,-73,27;299,80,-28;305,5,-6;310,-38,32;311,47,-28;316,-38,18;322,9,2;323,30,-20;329,13,-12;334,-35,20;358,27,-4;361,34,-19;364,-31,20;370,6,-5;371,40,-16;382,-34,7;394,15,9;395,47,-22;398,-53,12;400,11,-2;401,40,-17;406,-38,18;407,37,-19;412,-31,20;413,43,-22;418,-36,22;419,41,-26;425,3,1;430,-40,19;431,45,-21;436,-47,27;441,48,-25;442,-32,18;445,46,-22;454,-33,19;455,35,-18;459,5,-2;460,-38,9;466,9,9;467,32,-21;469,2,-2;472,-29,24;473,40,-27;478,-34,24;479,33,-28;488,-32,24;498,8,1;506,14,-4;514,0,-10;520,7,4
rua||pau brasil|floresta|35022607|8,-1883996,-4189782;20,13,68;21,-11,-48;23,-7,-61;26,17,104;28,2,-1;30,-8,-15;31,-1,-31;32,7,34;34,-8,-41;36,0,-11;38,-4,-9;39,14,66;40,-9,-39;42,-9,-39;43,10,49;49,2,13;77,5,25;78,-9,-34;79,13,29;81,-7,-15;91,-6,22;120,-5,-102;140,-6,7;146,3,0
rua||pau brasil|jardim ype|35052840|16,-1890606,-4194866;30,-14,-10;39,-6,2;55,-9,2;56,7,-3;61,-12,5;64,8,-11;67,-11,11;70,-11,-4;76,5,-6;81,-5,9;89,-14,2;94,-1,-4;95,-3,11;104,-13,-19;105,3,16;109,-3,7;113,-1,-2;114,-4,-4;116,-21,14;117,16,6
rua||pau brasil|parque das aroeiras|35044766|7,-1887864,-4194077;15,-1,-17;21,11,17;34,25,-16;40,-18,-3;45,-20,-15;46,8,2;53,-17,-3;58,8,4;65,-16,-6;68,11,-3;75,-19,-11;76,16,3;82,-9,-2;83,-12,9;85,-1,-11;89,-12,6;92,11,-10;101,-19,-3;149,-35,-23;156,12,-6;161,-18,-5;168,10,5;173,-25,-16;175,-8,4;180,32,-17;192,-30,10;204,-8,-20
rua||pau brasil|santo agostinho|35024070|9,-1884981,-4196380;14,-25,-49;21,162,308;25,6,1;36,-15,-23;42,-5,-3;72,-8,-16;78,-1,0;84,-7,-10;100,-6,-13;112,-3,-11;122,-9,-2;126,0,-2;138,-24,-43;148,-3,-4;158,9,7;249,-44,-72;251,0,-4;253,-2,-5;265,-6,-9;318,-22,-63;328,-5,0;338,-6,-11;418,-22,-49;422,0,-6;426,-9,-13;430,-4,-7;432,5,-3;438,-3,-11;444,2,-4;450,5,-8;474,2,-14;484,10,-13;500,4,-13;516,5,-7;528,18,-26;662,103,-28;668,3,0;708,26,12;712,19,4
rua||pau brasil|turmalina|35052840|27,-1885758,-4198198;28,2,-23;29,12,1;38,-6,-6;39,4,2;48,42,3;49,-46,-24;55,1,8;58,-1,-6;68,-4,-5;69,10,-10;78,-6,13;79,0,-22;88,-1,-11;89,7,-8;98,-3,2;99,2,-8;108,-4,-4;109,5,5;119,0,-14;120,-14,0;124,12,-17;138,29,105;158,-38,-126;159,5,5;168,2,-11;169,3,0;178,1,-9;179,3,2;188,-2,-10;198,-12,-14;199,8,8;208,5,-12;209,-3,-4;218,-2,-15;219,8,7;1695,0,61
rua||pau brasil|vale pastoril|35039600|14,-1889384,-4196583;24,17,21;30,-7,-13;34,12,-2;44,-12,3;50,17,-6;58,-19,-7;108,-7,-2;243,-2,6
rua||pau brasil|vale pastoril|35046084|21,-1889365,-4196544;69,-16,-57;75,-10,-11;242,4,24
rua||pedro vieira braga|kennedy|35051790|550,-1887692,-4198282;555,-8,5;562,7,-10;565,-4,20;571,-10,-45;574,12,14;580,-3,-4;581,-11,-13;584,3,4;588,-1,4;593,-10,-12;598,13,-5;599,-6,0;607,-10,-4;608,12,-9;618,-1,-10;628,-4,-8;636,2,-5
rua||quintino bocaiuva|centro|35010220|124,-1886265,-4194713;134,11,-6;148,6,-12;155,-1,-6;158,3,-1;162,5,-5;165,2,-10;168,-2,13;184,16,-28;192,-2,0;193,2,-2;202,-3,3;203,20,-9;212,-12,1;280,44,-63;284,7,-4;288,-3,-3;292,6,1;335,35,-36;345,3,-13;352,-4,17;356,14,-6;358,-12,-11;359,4,2;374,7,-11;376,9,-13;433,32,-31;435,1,1;436,-17,-15;437,22,10;442,-25,-12;443,31,11;448,-6,-5;452,5,-15;457,9,16;458,0,-15;460,0,-1;462,-4,-3;473,-129,-35;479,166,28;482,-23,1;494,7,-1;535,29,-36;539,-1,7;540,25,11;541,-10,1;543,2,7;547,4,-14;549,2,-7;551,6,15;553,2,3;559,-7,-6;560,15,-17;561,-2,5;573,-1,-10;575,12,6;577,-4,-10;579,13,-1;582,-12,-5;595,16,0;638,24,-32;646,8,-10;660,11,9;662,14,-3;664,-5,-2;666,-3,0;674,-1,-7;676,4,-2;680,6,1;682,1,-5;684,0,-4;686,1,-5;700,1,-16;747,54,-5;753,3,-4;757,5,-13;761,11,-1;764,-16,9;767,14,-19;772,-4,22;786,6,-7;788,2,-2;789,-20,-47;792,26,49;798,5,-22;801,0,2;804,7,8;805,0,-14;806,11,13;808,0,-5;809,-18,-2;811,7,7;812,13,-15;815,-2,6;817,-1,5;820,6,-18;821,-7,23;823,8,-4;824,9,-13;865,29,-30;870,-13,4;871,10,-2;872,-20,16;885,22,-21;890,3,-1;896,15,1;899,-2,-7;912,13,-3;916,7,-4;917,-5,-1;920,-5,-15;926,0,-16
rua||rio bahia|chonin de baixo|35042270|11,-1866875,-4198034;38,-23,-102;42,7,17;52,16,27;71,-5,7;102,7,28;103,22,2;115,4,15;123,-34,-105;139,47,125;143,5,19;151,-3,7;161,8,10;171,6,15
rua||rui barbosa|centro|35020510|16,-1885540,-4193916;18,8,8;32,19,-32;48,0,-1;54,-4,-8;64,14,8;70,7,-1;80,6,4;102,31,7;108,5,-5;126,17,1;135,15,1;136,0,-1;148,6,-8;149,1,4;160,12,9;172,11,-3;182,1,0
rua||samuel barbosa|esplanadinha|35020520|36,-1884890,-4193583;40,-24,4;49,8,-6;52,-1,7;53,10,-7;55,15,-16;64,11,-3;67,-4,3;73,3,-24;84,-9,36;85,30,-17;96,-24,6;101,55,-15;150,-15,-19
rua||valdomiro silveira barbosa|distrito industrial|35001970|28,-1889369,-4200544;32,15,-2;33,25,-19;40,11,28;57,-35,-96;58,-8,-26
rua||vital brasil|altinopolis|35053770|4,-1885729,-4196530;10,0,-5;14,10,1;20,-3,-15;28,3,-9;32,0,-4;36,7,-8;42,0,-6;58,7,-3;68,5,-17;69,-12,15;76,10,-21;84,6,-6;90,4,-22;109,-8,22;115,-1,-25;116,15,-9;118,-1,-4;123,-10,7;129,3,-9;130,4,0;136,-7,-6;142,48,-33;143,-49,31;145,-1,-11;147,-9,-13;148,11,16;152,-3,-11;158,12,-4;162,-17,-8;163,-3,5;167,-4,-16;174,10,9;179,-6,-7;183,1,-10;184,3,0;185,-14,-6;189,6,-17;193,-12,1;195,10,-3;196,9,6;199,-6,3;203,3,-20;205,-6,-2;209,-14,-15;212,14,14;215,-32,-10;218,39,17;230,-18,-27;240,1,3;250,-1,-5;260,-14,0;266,-3,4;272,-9,0
sitio||corrego do barro|corrego do barro|35102000|17,-1874153,-4220820
travessa||bahia|chonin de baixo|35109000|40,-1866915,-4198010;60,-30,18;66,13,-1;81,-3,30;84,-17,-24;90,1,30;120,-7,7;130,-3,22
travessa||bahia|chonin de baixo|35109500|20,-1866902,-4198029;112,12,1
travessa||rio bahia|vila isa|35044230|28,-1888749,-4194655;31,8,2;33,0,5;35,0,6;40,-5,3;48,-6,7
vila||brasil|corego itapinapua|35000001|16,-1862823,-4163849
vila||brasil|corrego sao jose de itapiona|35000001|3,-1862967,-4163874;5,-1,0;40,1,-5;50,-3,4;54,6,10;60,0,18;72,-5,8
vila||brasil|sao vitor|35039608|9,-1863217,-4163538
vila||brasil|sao vitor|35039610|15,-1863249,-4163158
vila||brasil|sao vitor|35039612|7,-1863215,-4163529
