acesso||rodovia br 259|centro|39120000|3,-1845034,-4374072
aglomerado||agua parada|agua parada|39120000|1,-1862139,-4381912;2,959,1361;4,442,-1413;6,2,3812;8,-405,-1831;9,-121,-3263;10,36,435;12,267,77;16,1757,1919;30,-3281,-1719
aglomerado||camilinho|camilinho|39120000|2,-1861552,-4383712;5,-446,297;6,4307,-2993;7,-1945,1793;8,1144,534;10,-3037,-387;15,440,-636;18,2597,1023;20,0,-45;21,-1725,-259;25,-706,-1205;28,4403,1045;35,-5588,1403;801,-686,-1410
aglomerado||riacho dos ventos|br 259|39120000|19,-1859783,-4397300;23,49,-74;221,-466,-210;300,67,-256;359,194,161;393,108,183;400,-383,-434;421,427,469;902,-2,-43;940,33,57;975,32,172;980,-13,-152;1080,-261,-24;2020,-168,-143
aglomerado||riacho dos ventos|riacho dos ventos|39120000|18,-1860010,-4397647;19,143,70;48,-91,-123
alameda||souza lima|cruz das almas|39120000|6,-1846141,-4374363;1270,-155,-239;1326,137,218;1330,-2,-12;1340,-14,-1;1344,59,52;1360,-8,-1;1403,4,-10;1417,-13,-11;1432,-138,-138;1450,-4,-6;1473,113,101;1485,-15,-8;1493,-33,-45;1495,73,93;1499,-67,-82;1510,28,34;1515,-15,-25;1521,9,23;1523,-7,-11;1524,-3,2;1527,-4,-15;1529,-33,-35;1531,-7,-12;1541,28,59;1545,2,-17;1553,-12,-19;1555,5,24;1575,-6,-5;1577,-1,-5;1612,-16,-3;1622,-4,-16;1631,-4,-10;1645,-15,-12;1700,-105,-245;1706,-5,-127;1750,-5,-42;1854,0,-113
arraial||da chapadinha|br 259|39120000|501,-1862991,-4405981
avenida|dona|francisca diniz|sao roberto|39120000|125,-1846366,-4372442;1010,47,30
avenida||alexandre mascarenhas|centro|39120000|101,-1845749,-4374093;102,5,2;103,1,-1;310,-95,277;318,5,-10;326,4,-8;336,0,-7;348,1,-14;358,6,-8;374,2,-7;384,7,-15;388,4,-13;406,-1,-1;412,2,-17;418,1,-7;434,69,-270;440,8,6;444,-74,254;458,72,-235;464,-18,48;466,-5,22;469,-16,3;473,12,-14;474,6,-3;476,-8,25;480,1,-1;499,-9,-5;500,27,-66;501,-36,91;503,-6,7;505,7,-5;507,-13,26;509,13,-38;510,10,18;515,-31,48;518,35,-41;523,-31,28;524,27,-21;560,20,-99;562,-31,134;739,26,-153;741,-1,1;753,13,-4;757,2,-3;759,-7,-11;763,7,1;765,-4,-17;1000,-23,60
avenida||alexandre mascarenhas|serrinha|39120000|21,-1845932,-4373524;23,-3,-9;59,6,-40;61,9,-6;64,17,-7;66,6,-10;67,-16,-26;68,17,19;77,-15,-14;97,-7,-17;119,19,-16;120,19,3;131,-12,-18;140,14,3;141,-11,-16;150,14,4;151,-13,-5;160,18,-6;163,-7,-22;170,10,13;184,2,-7;185,-14,-8;198,11,-5;205,-1,-18;208,18,10;219,-22,-17;223,-2,-11;235,7,-12;273,11,-28;276,10,4;280,3,-5;283,-18,-7;290,21,0;291,-16,-7;295,3,-7;305,-2,-6;309,2,-4;321,7,-12;341,2,-10;351,3,-21;367,10,-21;387,0,-15;389,-2,-14;407,16,8
avenida||antonio francisco vieira|serrinha|39120000|248,-1845846,-4373761;409,-81,334;411,-18,11;415,-6,3;419,27,-14;529,28,-26;531,-26,5;695,50,-26;709,14,-3;729,15,-2;733,4,-4;749,9,-17;779,16,-11;805,10,-29;919,-4,-20;955,10,-33;969,-3,-14;994,4,-27;1000,1,-3;1016,-2,-17;1022,-3,-2;1028,1,-15;1031,-7,9;1044,5,-31;1046,-6,-11;1047,-3,26;1050,11,-1;1051,-12,-5;1079,0,-25;1097,-9,-5;1106,15,-13;1120,-4,-12;1121,-18,-12;1122,20,38;1124,2,-9;1126,-5,-29;1144,9,-1;1156,-3,-7;1162,-12,-1;1170,-4,-2;1176,-9,-4;1180,-4,-6
avenida||henrique moreira so|alexandre mascarenhas|39120000|21,-1863621,-4404114;50,8,-6;398,-16,-87;734,-196,-161;744,19,8;748,31,44;750,-119,-98;755,140,113;756,4,6;758,8,9;892,8,14;903,53,33;918,-19,2;961,-3,77;971,-9,-20;1000,30,47;1045,13,26;1058,60,-80;1070,18,28;1095,-65,66;1104,54,-15;1108,5,2;1109,-57,26;1115,10,22;1116,8,26;1119,-18,-39;1120,27,56;1122,28,-78;1134,5,8;1136,0,0;1152,8,13;1166,58,108;1168,-49,-96;1184,6,12;1200,7,1;1204,15,8;1214,2,-10;1222,-4,37;1223,-66,26;1226,69,-20;1227,-72,29;1251,11,11;1253,-2,-2;1260,74,-14;1263,-73,23;1293,18,35;1295,-3,17;1300,72,-37;1316,5,11;1321,-73,20;1326,75,-9;1354,-2,30;1357,-60,19;1362,59,-9;1363,-18,54;1366,3,23;1408,96,202;1412,-63,-230;1416,3,5;1466,-2,9;1472,7,31;1474,2,8;1498,3,9;1510,0,13;1532,6,21;1544,20,2;1546,-15,10;1566,4,15;1576,3,13;1664,-30,-134;1676,38,151;1680,4,27;1734,6,20;1754,7,18;1756,-2,-10
avenida||juscelino kubitscheck|cruz das almas|39120000|1042,-1845868,-4374270;1084,-12,-1;1098,-7,1;1100,-17,-2;1110,-5,-2;1124,-3,-6;1134,-15,-1;1144,-8,4;1150,-6,-7;1156,-5,-9;1160,-6,6;1170,-1,-1;1180,-12,-2;1192,-13,2;1196,-2,-9;1200,-11,-1;1206,-1,-4;1208,-5,1;1212,-6,-6;1220,-6,-2;1248,-16,-10;1256,-1,10;1264,-20,-13;1278,-4,-1;1286,-12,-4;1314,-16,0;1322,-12,-8;1328,-11,2;1336,-2,-5;1338,-7,2
avenida||juscelino kubitschek|capelinha|39120000|1259,-1846028,-4374307;1263,-8,4;1265,-12,1;1271,-1,-2;1281,-15,-6;1291,-7,0;1349,-47,-12;1359,-8,-2;1365,-4,-3;1377,-19,-4;1407,-23,-14;1411,-4,0;1413,-1,10;1421,3,-7;1431,-17,-9;1437,-14,5;1459,-2,-6;1465,-13,-3;1471,-7,-1;1485,-10,-7;1503,-35,-8;1513,-5,0;1529,-16,-1
avenida||juscelino kubitschek|centro|39120000|32,-1845733,-4374214;322,-266,-59;760,416,110;767,-9,9;770,-1,-15;776,-18,5;782,12,-7;784,4,1;786,-12,-7;788,-7,5;802,-3,-2;805,-9,13;808,7,-22;818,-15,-4;820,-2,-1;822,6,-16;824,0,18;826,-12,-28;828,10,2;829,-16,30;834,8,-17;838,-6,-14;841,-15,27;847,-6,0;850,14,-35;851,-16,30;852,7,-4;857,-8,8;866,11,-17;867,-18,13;869,-7,-7;875,-4,1;877,-1,-3;879,0,-3;892,16,-2;900,-30,-10;901,7,16;902,-13,-11;911,9,1;913,-11,-6;917,-3,8;922,-51,-5;926,47,1;930,-16,-5;934,5,4;936,-9,-18;939,2,3;941,-13,3;942,3,8;944,-15,-38;952,1,34;953,1,2;954,-3,-6;960,15,2;961,-15,4;965,-6,-5;966,4,-23;968,-6,15;977,-4,9;978,5,-13;984,-6,0;985,-7,8;990,4,-6;997,-14,0;998,10,2;1004,-10,-16;1005,0,15;1012,-8,-24;1022,4,4;1025,-24,14;1031,-9,-5;1035,-7,-4;1049,-7,-1;1061,-25,0;1073,-7,-6;1083,-17,2;1085,4,-5;1119,-26,-5;1131,-7,-10;1145,-19,-4;1147,-9,-3;1161,-10,-1;1177,-15,-6;1187,-10,-7;1193,-9,2;1221,1,10;1249,-23,-20
avenida||juscelino kubitschek|cruz das almas|39120000|1406,-1846160,-4374352;1424,-20,-4;1428,-7,-7;1454,-8,3;1460,-21,-15;1480,-4,8;1488,-16,-6;1500,-7,-4;1510,-16,-5;1520,-4,0;1530,-22,-11;1542,-5,-19
beco||do curtume|serrinha|39120000|12,-1845918,-4373474;16,-10,-6;26,16,-28;30,5,-28;34,-3,20;48,-28,42;50,-1,2;60,5,10;607,39,-15
beco||sem denominacao|centro|39120000|23,-1845424,-4373998
comunidade||bela vista|centro|39120000|12,-1847247,-4374023
comunidade||bucaina|bocaina|39120000|20,-1840267,-4380368
comunidade||chacrinha|centro|39120000|5,-1850723,-4375044
comunidade||corrego da cachoeira|centro|39120000|3,-1862156,-4372763;11,-181,-682
comunidade||corrego do bicho|corrego do bicho|39120000|140,-1839626,-4377804
comunidade||cuiaba|cuiaba|39120000|5,-1840341,-4378616;15,-24,21;25,16,36;31,92,103;97,-56,-35;212,41,-188
comunidade||engenho da bilia|centro|39120000|1,-1855720,-4369078;2,564,-1153;4,-89,-19;6,-53,115;7,84,-22;8,-29,38;9,-33,87;11,154,538;12,149,-125;13,0,0;14,-320,655;15,175,-362;17,262,-335;20,46,-11;25,-163,53;27,379,160;28,-22,-43;29,-132,100;30,76,-103;32,-820,538;33,614,-561;37,-204,81;42,-177,355;43,-37,128;44,33,-128;46,-32,127;48,203,-343;52,-153,253;53,-49,90;57,-340,-100;58,409,-51;60,-16,62;62,-222,-79;63,-133,19;65,433,10;66,-567,22;67,747,-514;69,-899,546;70,628,24;71,-476,-20;72,137,-50;74,-709,239;75,424,-95;80,596,-26;87,-103,-98;150,330,30;160,-221,12;190,122,20;200,-80,-26;409,141,-261;477,160,17;549,-161,215;976,212,-584;999,-612,685;1000,638,-689;1019,102,-27;1040,-69,13;1050,30,-6;1060,18,-7;1075,162,192;1120,-86,-193;1164,6,-9;1861,-394,341;1990,-166,296;9999,571,-438
comunidade||engenho da raquel|centro|39120000|2,-1851919,-4372549;6,7,0;7,15,37;9,61,87;11,688,454;12,642,260;14,-643,-261;17,5,239;18,160,234;23,87,464;25,-142,250;505,-95,-827;700,-14,-360;1500,162,473;1609,-51,717;1670,144,-258;2100,396,-686;51193,-575,-30
comunidade||espadeiro|centro|39120000|40,-1853927,-4371372;204,182,-143
comunidade||espadeiro|pedro pereira|39120000|4,-1853753,-4371360;30,-231,42;38,143,-773;188,1,-1
comunidade||espinho|centro|39120000|33,-1855542,-4371601;34,-8,1
comunidade||espinho|quilombo do espinho|39120000|12,-1855932,-4372498;19,802,1192;22,-92,-1198;88,-51,2004;200,1,-178;220,-4,-61;864,95,-836;974,116,-176;1520,-176,-563;1808,-214,-615;1860,-69,60;1901,47,144;1923,-110,12;10000,326,1365
comunidade||gameleira|centro|39120000|14,-1853323,-4370317;15,3,-1;16,-1,2;17,-1,0;18,2,0;115,-1,0
comunidade||raiz|raiz|39120000|3,-1857174,-4386815;9,2050,2839;477,-2870,-3540
comunidade||taquara|centro|39120000|4,-1852250,-4375167;6,-825,276
comunidade||veludo de cima|centro|39120000|76,-1856547,-4368740;78,-252,47;79,12,31;81,97,102
corrego||das almas|centro|39120000|1,-1851649,-4375682
corrego||do tigre|agua parada|39120000|6,-1856889,-4380002;7,195,-308
corrego||espadeiro|pedro pereira|39120000|188,-1853840,-4372092
estrada||bucaina gouveia|bocaina|39120000|7,-1842203,-4380241
estrada||para a chacara do pombal|serrinha|39120000|22,-1846190,-4373906
estrada||para cafundo|alexandre mascarenhas|39120000|92,-1863518,-4403569;98,-44,33;100,27,-2;102,-16,24;104,-13,10;106,-10,16;110,-3,7;112,-4,6;1703,89,-159;1733,-18,38;1735,-23,42
estrada||pedro pereira|pedro pereira|39120000|173,-1855877,-4374906;306,-151,-55
estrada||ribeirao de areia|pedro pereira|39120000|1,-1853163,-4376521
fazenda||agua branca|sitio dos miranda|39120000|3,-1865798,-4400345;4,162,112
fazenda||agua parada|agua parada|39120000|3,-1860644,-4379649
fazenda||barra das tabocas|br 259|39120000|3,-1861413,-4405341;78,381,3;109,209,205
fazenda||capivara|br 259|39120000|4,-1858929,-4403799;9,453,435
fazenda||catarina|fazenda catarina|39120000|2,-1866776,-4401360;7,-422,671;13,-465,541;15,743,-678
fazenda||contagem|br 259|39120000|2,-1858449,-4388635
fazenda||da chacara|br 259|39120000|2,-1862312,-4405570
fazenda||da contagem|br 259|39120000|3,-1859598,-4388800;4,-283,316;23,427,-389
fazenda||da onca|onca|39120000|6,-1856196,-4381015
fazenda||da picada|corrego da picada|39120000|1,-1846312,-4384988;3,720,78
fazenda||da reserva|br 259|39120000|8,-1864871,-4403562
fazenda||da reserva|fazenda da reserva|39120000|1,-1864796,-4403521
fazenda||das lajes|fazenda catarina|39120000|9,-1865831,-4402378
fazenda||das lajes|lajes|39120000|6,-1865979,-4401904;11,88,-824
fazenda||do barrero|barreirnho|39120000|4,-1862247,-4400663
fazenda||do barrero|barreiro|39120000|12,-1862255,-4401891;14,-11,23;22,-79,-103
fazenda||do barrero|tomarinhos|39120000|20,-1862506,-4400422;21,-50,234;22,-13,33
fazenda||do tamandua|ribeirao de areia|39120000|4,-1850684,-4380434
fazenda||engenho da bilia|centro|39120000|35,-1855252,-4369067;409,156,-225
fazenda||engenho da raquel|centro|39120000|308,-1851148,-4371971
fazenda||funchal|fazenda funchal|39120000|35,-1865250,-4400679
fazenda||galheiro|galheiro|39120000|46,-1862943,-4402457
fazenda||mato grosso|fazenda mato grosso|39120000|1,-1864668,-4401535;2,-77,-1076;4,364,-337;5,-391,1421;8,180,-397
fazenda||paulista|pedro pereira|39120000|7,-1857276,-4374181;8,128,-26
fazenda||pedra preta|cuiaba|39120000|39,-1839404,-4379058
fazenda||pedro pereira|pedro pereira|39120000|4,-1855444,-4374328;8,-140,356;400,-666,-934
fazenda||pindaibas|pindaibas|39120000|6,-1856576,-4404253;7,6,33;8,243,-41
fazenda||saco da sariema afranio|br 259|39120000|11,-1860194,-4406126
fazenda||santos melo|br 259|39120000|1,-1860034,-4394841
fazenda||sitio|centro|39120000|2,-1848483,-4374795
fazenda||veludo|centro|39120000|14,-1857730,-4368757
lugarejo||bucaina|bocaina|39120000|6,-1841850,-4381191;7,-16,65;9,684,440;12,310,264;13,26,2;14,46,2;15,227,-276;16,33,209;17,34,-68;18,121,-42;19,76,-45
lugarejo||cafundo|br 259|39120000|50,-1864648,-4399862
lugarejo||cafundo|cafundo|39120000|2,-1864367,-4398553;6,-392,-1880;13,389,672;17,-379,-125;25,534,313;27,-112,141;115,-257,-367;200,-244,-260;300,-33,95;347,359,106;447,136,-59;450,-283,73;487,411,112;600,-418,-164;700,538,143;999,-668,-178;1965,320,150
praca|doutor|alexandre mascarenhas|sao roberto|39120000|16,-1846366,-4372211
praca|nossa senhora|do rosario|alexandre mascarenhas|39120000|269,-1863823,-4403947
praca|padre|jose machado|centro|39120000|639,-1845491,-4374090;645,-8,-3;657,-13,-5;660,18,-39;665,-20,40;666,17,-44;677,-31,37;678,22,-39;680,-2,2;687,-25,36;696,16,-44;697,-26,35;705,-14,0;706,27,-23;713,-37,14;718,20,-32;728,-11,3;730,0,-4;739,-11,28;740,10,-30;748,-15,-9;750,8,6
praca|vereador|francisco xavier oliveira|centro|39120000|30,-1845675,-4374239;32,8,-8;33,-17,14;34,21,-21;36,-7,-2;43,-13,28;65,5,-10;75,9,11;892,-6,22
praca||antonio almeida|cruz das almas|39120000|1540,-1846304,-4374404;1550,3,1;1578,-22,-7;1588,4,-9;1600,-38,15;1602,17,-2;1610,-26,-2;1630,-18,-1;1640,-8,7;1660,-32,24;1680,-10,4
praca||central|alexandre mascarenhas|39120000|577,-1863477,-4403693;1043,-179,-403;1047,6,-7;1243,68,204;1260,20,27;1313,-10,0
praca||da saudade|serrinha|39120000|12,-1845963,-4373898;40,-20,-7;46,8,1;50,-22,-5;60,-14,-7;64,-12,-2
praca||de esportes yara ribas|sol|39120000|466,-1845411,-4374208
praca||dos dorias|cuiaba|39120000|36,-1840358,-4378549;37,13,-2;42,-15,3;47,21,12;50,-11,15;57,22,0;87,10,22;97,2,13;128,11,19
ribeirao||da areia|agua parada|39120000|3,-1856148,-4375934;44,1877,-2106;501,-184,1217
ribeirao||de areia perto da br|ribeirao de areia|39120000|1,-1853419,-4378994;2,1878,1521
ribeirao||de areia|ribeirao de areia|39120000|1,-1850512,-4379174;2,-74,-108;3,537,-160;5,-2619,-1362;6,-245,409;7,-970,-433;8,4305,-694;9,-90,-604;14,-1313,2313
ribeirao||de areia|ribeirao|39120000|259,-1853523,-4376738
rodovia||br 259|alexandre mascarenhas|39120000|1611,-1863515,-4403723;1637,10,19;1671,10,33;1798,67,109;1804,3,13;1810,16,33
rodovia||br 259|bela vista|39120000|12,-1845578,-4374600
rodovia||br 259|br 259|39120000|4,-1863165,-4403017;801,397,980
rodovia||br 259|progresso|39120000|14,-1845512,-4374560
rodovia||br 259|sol|39120000|20,-1845032,-4374153;30,-417,-363;62,42,-1;70,6,-5;178,-56,2;212,300,102;347,-310,-93;357,280,73;359,10,-3;368,103,259;525,-34,-109
rua|barao|de sao roberto|centro|39120000|456,-1845795,-4373944;458,-4,-6;468,11,-6;490,14,-15;496,3,-6;500,5,-1;516,11,-11;520,5,0;532,-1,-14;546,11,-9;560,6,-10;563,3,-6;570,3,-2;573,-2,0;577,5,-10;580,2,0;590,10,-4;619,14,-28;633,6,-7;650,-5,15;670,-2,-5;674,14,-10;900,16,-35
rua|comandante|jair farias|eldorado|39120000|399,-1846060,-4374153;433,-14,-3;443,-7,-2;453,-12,-1;463,-17,0;465,8,-1;483,-17,-2;493,-44,-80
rua|comandante|jair faria|capelinha|39120000|460,-1846108,-4374164;490,-23,8;510,-13,-7;516,-2,-47;980,-298,-7;1002,-8,-11;1028,22,18;1032,-32,-34;1034,-4,-8;1038,35,47;1042,-35,-52;1048,44,55;1058,10,8;1140,-42,-43;1174,-25,-49;1184,0,-4;1186,-5,-17;1188,0,-15;1208,2,53;1218,11,3;1402,285,82;1582,-117,12;1600,-10,1;1601,-5,11;1607,-8,-9;1610,1,-7;1625,-12,2;1630,-8,-3;1638,-10,-7;1645,3,12;1660,-16,-7;1662,1,-3;1665,9,8;1670,-1,-6;1675,-46,1;1679,27,-5;1681,-1,8;1683,-4,-1;1685,-2,-3;1700,-20,-14;1703,-27,-8;1725,-7,-11;1735,-3,-1;1741,-15,-26;1751,-28,-41;1765,1,-3;1775,-18,-35;1777,2,-2
rua|comandante|jair faria|eldorado|39120000|503,-1846169,-4374168;1387,-11,2;1403,-14,-11;1405,-8,-1;1415,1,-5;1501,-26,2;1509,-7,-2;1518,-1,-14;1526,-8,11;1527,0,14;1529,22,-13;1534,-36,6;1539,-6,2;1548,-4,-3;1551,-7,6;1552,0,-2;1556,-13,4
rua|conego|jose alves|capelinha|39120000|169,-1845895,-4374135;173,15,-21;189,-4,16;190,0,7
rua|conego|jose alves|centro|39120000|13,-1845919,-4373996;41,1,-9;42,-4,-5;49,6,-17;59,4,-14;73,0,-14;79,4,-5;112,41,-118;153,-30,60;168,10,-7;176,-4,8;177,16,-61;178,-18,76;182,-15,27;197,42,-125;205,-36,142;320,-17,68;332,13,-64;342,-5,9;348,-1,7;360,1,8;368,-6,9;370,-3,8
rua|conego|jose alves|serrinha|39120000|63,-1845936,-4373944;70,-31,144;231,37,-180;402,6,15;431,-8,4;440,14,5;454,-14,10;465,-6,8;466,6,2;475,-10,25;496,-51,228;500,49,-225;502,-43,199;528,41,-191;530,1,5;540,-3,11;550,-2,9;563,4,7;568,-11,35;570,3,-15;574,-36,155;575,-2,-8;578,3,9;580,29,-129;588,-31,139;595,-3,-10;600,10,-28;607,1,-22;612,2,7;615,-5,0;618,7,-9;620,2,2;624,-2,8;631,-5,11;634,7,-21;640,3,-31;654,-2,10;760,-18,94;762,-8,28;764,-3,16;768,0,5;780,-5,14;790,-3,14;802,-5,14;808,-2,6;820,-1,8;830,-1,4;833,-2,5;840,1,3;843,-11,5;845,25,-75;850,-20,79;853,-6,2;860,6,13;901,-30,9;905,-4,7
rua|conego|paulo franco|centro|39120000|6,-1845682,-4373932;13,-3,-12;14,3,3;17,13,-70;21,-9,64;30,0,-10;33,-4,-7;45,1,-7;48,9,-8;84,9,-43;100,8,-8;120,6,-19
rua|coronel|sica|centro|39120000|7,-1844928,-4374021;77,-84,-11;79,-275,-19;89,239,18;208,-84,-11;233,31,4;235,0,0;251,-13,1;267,-25,-1;283,-9,-2;291,-6,2;307,-6,1;316,-15,-6;385,-84,-8;400,20,4;405,-48,3;415,-7,3;425,-5,-2;437,-11,0;443,-10,2;449,-6,1;453,-5,-7;455,-4,7;461,-6,-7;470,3,-4;471,-13,2;481,-10,1;484,2,0;490,-7,-11;515,-17,9;539,-19,-11;544,11,1;555,-27,-6;558,1,-12;575,-19,4;581,-7,4;586,-1,-8;589,-11,6;615,-16,-11
rua|dona|cidinha|sao roberto|39120000|60,-1846296,-4372221;92,6,5
rua|dona|marlene|sao roberto|39120000|25,-1846258,-4372224;35,0,-1;54,34,141;55,-57,-148;105,42,16
rua|dona|neida|sao roberto|39120000|12,-1846347,-4372123;21,50,10;22,-43,-7;31,36,3;32,-34,-8;40,-15,-13;41,39,12;42,20,-6;52,-35,6;54,18,7;61,-20,1;62,10,-9;72,0,3;81,-25,-12;82,44,9;90,-16,-5;92,-11,-1
rua|dona|nilda|sao roberto|39120000|15,-1846310,-4372266;40,-18,44;55,-11,20;65,-17,33;85,23,-21;115,-15,15;175,-14,18
rua|doutor|jose roberto|capelinha|39120000|7,-1846131,-4374179;15,-2,-9;23,2,-5;28,15,-9;30,10,-11;36,-5,0;38,-1,11;47,-7,-3;53,1,-18;60,27,7;62,-6,-4;64,-4,-13;66,4,-2
rua|doutor|orlando alves assis|sao lucas|39120000|10,-1844586,-4374058;16,11,-4;25,-6,7;55,25,24;64,17,-3;99,34,23;107,1,3;147,43,17;150,1,-2;157,12,15;180,8,-6;187,15,20;190,-5,-9;195,5,17;200,5,-17;212,10,7;217,0,10;224,14,-4;242,-2,1;244,8,3;254,4,10;266,9,-1;307,-20,0;328,43,12;333,2,5;345,9,11;348,-1,-10;354,9,1;360,9,9;380,14,6;387,-18,1;389,3,1;397,0,-1;399,10,2;410,45,24;417,89,54;422,-79,-48;425,-52,-18;435,9,4;445,6,24;455,26,-15;470,59,28;475,-48,-11;480,61,18;481,-51,-17;490,58,25;493,17,14;495,-50,-26;500,42,20;502,9,3;505,-39,-25;535,7,15
rua|doutor|romulo franchini|bela vista|39120000|57,-1845860,-4374314;61,0,-12;68,-1,12;74,-1,-14;75,-22,-131;89,-29,56;91,53,73;103,-21,-31;110,26,18;113,-1,-14;120,-15,-1;125,15,-7;140,-1,-18;156,5,-10;161,-2,-9;168,-1,-10;171,4,-4;177,-1,-6;180,2,-4;181,0,-1;184,0,-14;188,-3,6;190,-2,-22;191,6,18;192,-11,-29;196,8,-10;197,1,22;201,7,-22;208,-8,-1;214,-2,-13;220,6,-12;223,2,10;225,-2,-17;227,2,4;228,-4,7;236,-1,-8;244,4,-11;249,-36,51;250,31,-60;256,13,-6;270,-18,-1;272,8,-7;275,3,4;279,0,-15;284,-3,-4;298,5,-11;299,-1,-4;300,1,-6;304,-1,-1;311,1,-3;315,12,-17;318,-15,11;328,-1,-8;342,3,-8;345,4,-4;355,6,-9;366,-5,-3;376,-1,-3;377,3,0;382,-2,-15;386,-2,-12;387,4,15;390,-7,-17;391,10,8;393,6,-14;394,-18,1;396,0,-3;416,5,-12;417,3,0;419,3,-17;447,8,-91;455,-2,-25;465,5,-6;480,-14,82;483,12,-117;490,-10,108;492,-3,-6;493,18,-122;494,-19,113;495,14,-113;500,2,-11;506,-11,119;520,0,-16;522,-2,1;560,2,-12;600,-11,-21;620,18,-28;630,-5,-2;640,29,21;650,-30,-41;658,5,-12;664,-5,-4;680,3,-14;690,4,-9;700,-2,-5
rua|doutor|romulo franchini|sao roberto|39120000|5,-1846266,-4372260
rua|doutor|zozimo couto|capelinha|39120000|5,-1846717,-4374497;1549,413,123;1557,-9,-2;1563,-1,-1;1583,-19,-5;1585,-5,0;1593,-6,-2;1605,-13,3;1615,-2,5;1629,-15,-5;1635,-17,-5;1643,-5,9;1647,-402,-129;1651,395,127;1655,-15,15;1663,-6,-2;1675,-3,2;1685,-6,11;1689,-14,8;1721,-11,5;1729,-2,1;1733,-12,9;1743,-5,-1;1765,-9,53;1775,-19,-38;1783,-3,-24;1815,-64,-36;1827,-10,-9;1835,-14,-9;1845,-20,-12;1875,96,59;1893,-144,-97;1905,-3,-6;1935,-9,-17;1975,-69,-53;1977,-5,-4;1987,-46,11;1991,-18,7
rua|doutor|zozimo couto|cruz das almas|39120000|10,-1846732,-4374514;20,-21,-6;1675,330,160;1686,-20,-2;1690,-9,2;1700,-4,14;1706,-7,-7;1712,-11,0;1721,19,14;1730,-36,-6;1744,-30,-8;1750,-3,3;1770,-33,-23;1800,-12,-6;1810,-9,-5;1828,-36,-25;1854,-20,-25;1910,-42,-46;1914,-12,-20
rua|doutor|zozimo couto|veredas da serra|39120000|90,-1846819,-4374515;100,-25,-2;130,-24,11;200,-109,-11;208,10,12;232,-53,-9
rua|maestro|antonio carvalhais|sol|39120000|42,-1845433,-4374347;52,0,-15;53,-5,-2;60,4,-7;70,6,-9;84,3,-19;85,-9,5;87,1,-16;95,7,-4;101,-2,-8;102,8,2;109,-7,-8;112,9,-4;113,-8,-5;131,-1,-14;135,2,-10;140,8,6;141,-9,-11;143,-19,-1;145,-6,-11;157,31,2;160,1,7;167,-4,-17;177,7,-13;178,-1,5;187,-2,-10;200,4,26;204,4,-26
rua|maestro|jose maria|serrinha|39120000|11,-1845812,-4373624;22,-6,9;28,47,0;30,-167,-31;34,109,28;39,1,-7;44,-11,3;48,-104,-21;51,95,14;53,-91,-23;54,85,30;57,-1,-10;58,-12,10;59,-55,-24;60,-30,0;65,0,-10;72,-9,10;73,-3,-14;76,-4,8;82,-5,-2;83,-3,-7;84,100,35;85,-99,-35;90,-9,5;91,3,-7;96,-7,8;100,-6,-1;120,-15,-6;123,-17,-9;150,2,7;164,-8,-3;173,-8,-8;180,-18,22;187,8,-28;188,-13,11;195,-74,-37;197,75,26;200,-5,4;217,4,-8;220,-13,8;223,1,-12;230,-13,9;235,7,-7;240,0,3;248,-23,1;250,-8,-12;265,-4,-6;275,-9,-3;278,-2,14;284,-15,-7;285,12,-16;300,-19,11
rua|maestro|nunes soares|centro|39120000|7,-1844956,-4374019;28,-9,17
rua|major|anatolio alves de assis|eldorado|39120000|36,-1846447,-4374041;38,18,-60;40,-14,56;42,11,-45;115,-5,23;164,-9,34;275,4,6;291,-2,17;300,-6,-7;330,-31,16;338,27,7
rua|major|anatolio antonio de assis|capelinha|39120000|10,-1846425,-4374181;16,2,12;22,-1,12;25,3,-4
rua|major|roberto alves|centro|39120000|160,-1845024,-4373982;170,-39,-6;180,-26,3;201,44,6;248,-70,-2;259,19,3;281,-57,9;286,-94,18;304,62,-15;314,-12,6;326,-6,0;328,-6,1;330,2,1;350,-8,2;384,-40,9;408,-45,-7;412,-4,-1;414,-5,-1;441,9,3;451,-15,4;456,-9,-6;461,-1,4;470,-1,-3;483,1,2;486,-17,-7;493,-15,3;494,-1,-6;495,4,7;497,5,0;499,13,2;501,-33,-3;503,-40,-9;504,-18,-5;505,-3,1;507,10,5;508,6,-2;510,17,2;511,-12,-3;512,43,6;516,-12,-3;613,-85,-8;617,-7,0;623,-8,-1;629,-12,-7;631,8,3;634,13,2;641,-25,-1;653,-24,-12;668,-13,1;670,-11,-2;672,-19,0;675,27,-2;687,-11,-5;711,-25,-12;765,-10,-11;767,-12,-14;775,-1,-2;811,-21,-19;829,-15,-12
rua|mestre|antonio dionisio|centro|39120000|182,-1845167,-4374099;197,-8,4;198,2,-3;206,-9,-4;209,-3,-2;225,-16,-2;228,18,7;234,-23,-16;241,-5,2;245,-6,-5;246,0,-2;255,-11,0;262,1,3;274,-9,-14;275,-7,2;280,-3,2;283,-5,4;288,-2,-9;355,-62,-23;377,-1,-4;381,-18,1
rua|mestre|antonio dionisio|sol|39120000|302,-1845265,-4374145;320,-13,0;330,-5,0;342,-10,-7;344,-9,-4;354,-12,-2;382,-21,-9
rua|nossa senhora|das dores|capelinha|39120000|1137,-1845882,-4374173;1147,-10,-4;1165,-22,-3;1177,-9,-9;1187,-6,-3;1251,-57,-22;1261,-11,-4;1275,-10,-2;1283,-5,-3;1303,-22,-1;1309,2,-9;1313,-18,-6;1336,-7,-12;1338,-14,-9;1341,17,18;1345,-9,-4;1350,-2,-14;1353,-9,16;1360,2,-18;1367,-13,18;1372,4,-25
rua|nossa senhora|das dores|centro|39120000|809,-1845647,-4374080;873,-19,-9;885,-9,-4;900,-5,-15;901,-7,4;919,-10,-5;920,4,1;926,-10,1;928,-4,-5;932,-5,-9;933,4,9;940,-10,-11;941,-1,15;963,-22,-14;1005,-24,-13;1020,-3,-10;1022,-15,-1;1023,-3,0;1029,-9,3;1042,-6,-7;1045,-11,2;1065,-7,-1;1071,-7,-6;1079,-10,-4;1081,3,1;1099,-20,-6;1117,-15,-4;1156,-27,-14;1168,-11,-4;1174,-4,-9;1186,-17,-15;1222,-19,6;1224,8,-1;1226,-16,-2;1236,-15,-6;1246,-1,1;1252,-8,-5;1292,-29,-9;1296,-2,-4;1304,-9,-2;1310,-13,-5;1320,-5,-12
rua|nossa senhora|de fatima|alexandre mascarenhas|39120000|180,-1863663,-4403842;200,-8,10;218,41,-13;227,7,2;249,28,-11;251,12,-4;255,-24,9;267,-10,5;290,-37,5;1295,2,8;1301,-17,2;1331,-15,-3
rua|padre|brazao|centro|39120000|13,-1845952,-4373977;64,143,-28;86,-24,7;110,-5,9;114,-10,-3;134,-12,-6;140,-12,6;150,0,6;156,-14,-4;170,0,-1;176,-22,3;260,-49,10;270,-6,2;280,-12,3;294,-10,-5;304,-7,4;320,-14,-3;569,177,-16
rua|padre|brazao|serrinha|39120000|131,-1845867,-4373990;171,-27,8;179,-2,-4;203,-18,2;205,6,2;221,-10,0;247,-33,5;257,-8,-2;273,-10,8;283,-5,-3;291,-5,-3;305,-14,6;313,-13,5;319,-7,-3
rua|padre|jose de anchieta|jardim da serra|39120000|467,-1844031,-4373625;826,-27,46
rua|padre|jose de anchieta|sao lucas|39120000|2,-1844781,-4373978;4,47,17;6,-19,1;8,54,35;12,27,13;16,-48,-75;18,69,78;20,-26,-6;32,47,21;36,14,4;40,-11,-3;50,17,13;70,10,3;84,11,7;100,1,2;104,11,5;116,0,4;150,52,21;158,5,2;190,14,5;210,14,9;226,11,9;236,16,5;242,1,3;272,24,16;280,13,5;290,15,6;298,12,7;308,0,-1;320,8,7;350,215,120;368,7,5;394,-105,-58;510,82,43;522,5,5;694,36,24;700,5,2;710,9,2;760,57,40;776,10,-4
rua|prefeito|efigenio gomes pereira|centro|39120000|12,-1845581,-4374182;13,11,-2;21,1,-22;23,-2,-8;24,3,20;26,0,-10;28,7,-13;43,-13,-3;47,8,-8;50,5,5;63,-3,-17;479,10,-4
rua|prefeito|efigenio gomes pereira|sol|39120000|82,-1845543,-4374280;92,4,-18;96,-1,3;97,-10,25;110,18,-46;120,-1,1;122,39,-135;128,7,-7;132,0,-9;137,-49,155;142,52,-159;147,-52,166;156,58,-179;166,2,-16;174,9,-8;175,-69,176;189,4,-8;200,3,0;202,33,-99;211,-20,72;212,16,-48;214,-1,-14;216,-12,53;218,-9,28;262,14,-31;271,4,-53;274,-4,39;275,4,-8;277,-10,-38;287,8,-4;317,10,-35;337,-4,18
rua|sao|fracisco|alexandre mascarenhas|39120000|10,-1863906,-4404504;22,3,7;44,8,6;46,17,12;48,2,0;50,16,11
rua|sao|francisco|centro|39120000|30,-1845278,-4373970;39,-4,-17;47,-2,-14;48,2,17;49,0,-16;50,3,-5;57,-3,-4;69,5,-12;70,-3,-4
rua|sao|geraldo|sao lucas|39120000|175,-1844607,-4374094;180,-17,-44;187,11,35;200,-12,-58;220,-9,-15;230,-3,-8;236,-1,-6;250,-2,-9;260,-2,-6;270,-6,-11;280,-6,-5;290,1,-11;300,-3,-3;310,-2,-5;320,-6,-13;330,-3,-8;340,-4,-7;350,-3,-1;360,2,-17;370,-9,-7;380,-1,-2
rua|sao|jose|alexandre mascarenhas|39120000|320,-1863582,-4404091;333,21,1;336,2,-1;346,5,-6;353,46,-92;361,-15,-30;365,-4,-5;366,-14,122;371,41,-17;374,5,-7;377,35,-14;378,-39,15;380,14,-6;383,-17,-39;385,-7,-15;389,-9,-11;390,41,48;391,-45,-56;393,-14,-16;395,-12,-22;397,17,23;399,-28,-36
rua|sao|sebastiao|serrinha|39120000|12,-1846049,-4373537;18,-5,-2;25,67,-18;26,-77,15;35,73,-6;36,-77,5;40,68,9;41,6,-11;45,-3,8;49,1,4;59,-9,7;60,-71,-23;70,-5,-4;73,73,31;79,-87,-34;80,3,-3;81,4,11;83,77,32;90,-82,-42;98,-8,-6;110,-13,-7;120,-3,1;185,51,29;187,-10,-6;195,-4,-1;205,28,9
rua|sao|vicente|centro|39120000|12,-1845242,-4374041;20,-2,11;24,-2,5;34,1,10;38,5,6;43,3,-3;45,-3,31;48,-4,-12;52,-1,25;53,8,-5;358,2,10
rua|vereador|elias miranda gomes|sao lucas|39120000|30,-1844185,-4373665;70,29,-64;82,3,-11;522,-36,81
rua|vereador|francisco vieira|serrinha|39120000|14,-1845813,-4373487;20,9,1;30,5,-9;53,-21,22;840,40,-13;854,1,-6;864,-3,-18;876,-1,-5;880,4,-10;890,-8,-7;906,0,-9;918,7,-15;928,-6,-10;944,0,-12;960,-3,-20;970,1,-13
rua|vereador|joao antonio dos santos|capelinha|39120000|310,-1846337,-4374112;320,-12,1;396,15,1;420,-22,-10;425,-3,5;427,0,-4;430,-24,1;442,-4,1;450,-15,-9;516,-53,-6;530,-34,-4
rua|vereador|joao antonio dos santos|eldorado|39120000|1,-1846504,-4374138;9,22,4;17,10,1;23,33,7;25,15,7;41,23,-3;55,16,7;65,6,0;75,9,3;135,229,32;139,-1,-3;148,-16,-3;150,-2,-6;160,-15,-3;165,6,7;170,-3,-13;175,-4,11;180,-11,-13;185,2,14;190,-9,-5;195,-10,7;200,1,-8;210,-8,7;220,-9,-9;240,-7,-1;246,15,11;256,-12,-5;260,-4,0;309,-115,-15;317,22,2;333,41,9;335,10,1;350,-8,-10;370,8,5;380,10,0;390,8,2;395,-3,4;400,13,-9
rua|vereador|joao antonio dos santos|serrinha|39120000|27,-1846027,-4374023;29,-6,-5;32,-15,-10;33,14,10;37,-7,-3;39,-11,-5;57,-7,-10;60,-1,0;81,-16,-8;90,-23,-14;100,-9,-1;103,15,3;105,-10,-2;110,-8,-7;115,-2,2;753,-6,-4
rua|vereador|joao ribas|progresso|39120000|62,-1845391,-4374540;80,4,3;90,4,-3;100,14,11;110,-4,-3;120,10,-6;130,14,3;140,5,-1;150,11,3;156,5,1;160,14,2;190,23,4;210,22,1;220,4,-2;240,11,7;270,52,7;290,1,3;296,8,13;300,-93,-19;310,102,20;320,18,1;330,-2,8;340,4,0;348,-136,-47;350,142,35;390,7,61
rua|vereador|jose alves pereira|sao lucas|39120000|70,-1844085,-4373683;80,16,-10;95,-19,15;107,-21,40;411,2,-7
rua|vereador|jose daniel nascimento|eldorado|39120000|90,-1846517,-4374073;120,29,4;130,15,3;140,11,-1;205,-27,-11;215,12,3;225,6,3;245,21,5;255,24,6;258,-1,4;270,7,1;280,5,3;285,17,-3;290,-6,3;295,9,3;300,6,0;310,10,2;311,-13,-1;315,9,-2;319,1,-1;320,18,6;330,2,2;340,19,2;350,6,-3;355,0,-1;375,30,6;385,13,1;395,16,1;396,-13,-18;400,12,23;410,14,5;420,9,2;425,38,-2;440,9,11;445,16,-7;460,-5,1
rua|vereador|jose mancio gomes pereira|sao lucas|39120000|250,-1844239,-4373760;315,-11,13;320,15,-28;322,6,-4;325,-4,20;327,0,-12;329,7,-4;335,-1,-6;420,13,-36;421,6,2;423,10,-2;425,-5,-14;463,17,-37;466,-26,43;482,22,-43;490,4,5
rua|vereador|luiz antonio de miranda|jardim da serra|39120000|460,-1844031,-4373634
rua|vereador|luiz antonio de miranda|sao lucas|39120000|388,-1844056,-4373594;390,0,-13;395,4,1;408,6,2;450,8,-39;490,31,-42;497,1,-12;505,0,-10
rua|vereador|paulo roberto oliveira|centro|39120000|22,-1845357,-4374492;25,8,4;34,-10,1;40,-3,14;41,6,-7;49,-3,8;59,4,8;66,-9,12;76,-1,7
rua||11|serra|39120000|172,-1844616,-4374929
rua||14|serra|39120000|12,-1844634,-4374681;201,80,-151
rua||adalgisa ribas|serrinha|39120000|7,-1846097,-4373740;20,93,32;35,2,-9;36,-17,6;40,-3,-6;41,-4,-4;45,10,2;52,-17,0;57,-3,-7;60,-10,2;63,9,0;66,-12,-1;67,5,0;75,-3,-5;76,-11,4;85,3,-4;86,-12,0;92,-6,-4;95,11,2;102,-24,-1;105,10,-5;109,-4,0;123,-9,-6;130,-14,2;138,-8,0;150,-14,-4;153,23,4;155,-6,-3;160,-25,-4;170,-13,-5
rua||afonso brasil|progresso|39120000|37,-1845372,-4374616;47,9,0;50,2,7;57,2,-5;58,-2,-2;67,13,2;68,-1,0;79,9,3;80,-3,5;92,13,2;119,12,-5;126,17,1;207,-6,5;217,4,-2;227,17,5;230,-1,-2;240,3,-1;262,7,9;277,1,-6;287,14,0;300,-5,-2;302,11,4;309,0,-2
rua||antonio alves de assis|eldorado|39120000|90,-1846283,-4373911;97,18,1;109,-17,-1;121,-16,0;131,-4,-3;150,-58,-8;181,13,-6;191,-11,1;211,-25,-5;216,8,8
rua||antonio lino de azevedo|bela vista|39120000|450,-1845858,-4374907;468,8,-7
rua||antonio lino de azevedo|cruz das almas|39120000|10,-1846263,-4374623;30,-15,19;40,10,-8;60,10,-22;69,17,-38;80,12,8;95,6,-28;96,-13,34;99,35,-52;105,19,-23;126,16,-10;132,12,-7;141,6,-17;156,9,8;204,60,-56;257,6,-11;273,13,-14;340,2,6;348,42,-2;381,73,-62;404,37,-9;408,3,-5;419,9,2;431,1,1
rua||antonio miranda|bela vista|39120000|3,-1845742,-4374381;6,-22,4;7,37,-3;10,9,20;11,6,-6;13,8,5;17,5,1;20,-15,-3;40,11,6
rua||antonio pinto dornas|eldorado|39120000|79,-1846428,-4373998;91,25,6;112,18,6;116,-48,-10;118,-3,3;124,62,7;130,8,1;136,-1,3;139,1,-6;142,3,5;151,10,-3;152,-3,5;157,7,-5;160,7,8;163,-6,-7;520,14,10
rua||antonio pinto dornas|serrinha|39120000|35,-1846080,-4373891;53,-16,-2;55,-8,-2;60,5,-9;65,-13,6;67,-12,-5;70,5,-5;80,-9,-1;90,-3,-7;110,-7,-4;120,-3,0;150,-8,-4;162,-15,-3;190,-136,-42;200,5,7;205,-7,-13;217,8,3;220,23,9;225,-11,-4;229,5,0;240,12,2;260,8,0;272,6,5;299,66,24;301,-15,-9;305,-14,-4
rua||augusto filomena|capelinha|39120000|70,-1846117,-4374115;100,-4,21;118,-6,2
rua||augusto filomena|eldorado|39120000|79,-1846114,-4374109;85,-7,9;95,-2,14;125,-6,29;140,-2,-7;150,-1,-1;160,-4,13;753,0,-13
rua||augusto taioba|serrinha|39120000|5,-1845868,-4373899;20,-9,-8;21,-5,1;37,-7,2;38,-3,-6;50,-9,-6;53,-4,4;59,-9,2;60,4,-16;67,-14,8;75,-11,-7;95,-17,-2;96,1,1;97,-8,-6;108,-1,-7;120,-5,4;121,-9,-1;133,-3,0;141,-7,-3;143,-8,-5;155,-11,-1;165,-10,-3;173,-5,2;202,41,7;205,-11,-1;468,131,37
rua||a|alexandre mascarenhas|39120000|335,-1863436,-4403965;338,-19,61;341,1,-26;343,8,-18;345,1,4;347,8,-22;1001,-20,80;1009,5,23;1071,24,61;1111,-12,-55;1115,-3,11;1408,-30,-39;1516,24,14;1518,5,7;1520,6,14;1524,10,14;1528,3,17;1532,0,6;1534,7,17;1544,0,24;1558,3,10;1559,8,65;1563,4,-18;1575,-18,-64;1581,-15,-47;1584,25,79;1586,4,3;1588,0,11;1589,-9,-21;1590,9,26;1594,9,29;1598,-7,-19;1609,-1,1;1640,5,31;1644,3,-6;10607,-17,-39
rua||a|capelinha|39120000|5,-1846613,-4374380;10,-6,-7;41,-10,36
rua||a|centro|39120000|31,-1845393,-4373915;99,-7,61;100,-9,-1;125,1,42;127,-2,9;130,-6,8;235,-9,102;240,-4,1;360,-18,82
rua||a|cuiaba|39120000|15,-1840366,-4378596;22,-65,-117;89,25,37;150,28,67;162,-4,-2
rua||a|jardim da serra|39120000|8,-1843978,-4373640;10,-27,2;14,8,5;20,69,-1;51,27,-33;61,8,27;75,22,-2;78,28,9;88,5,5;99,-13,-12;100,23,7;126,32,3;135,-19,-16;146,47,14;147,-22,-10;152,25,9;171,-20,-9;176,37,14;178,7,-6;199,3,-6;215,16,-2;219,-14,1;220,16,10;222,20,-3;224,-13,4;225,17,-8;255,26,-1;265,4,6;271,10,-6;305,8,-1;315,11,-11;318,146,18;321,-132,-7;351,20,-15;357,4,15;363,11,6;399,34,-2;407,2,2;447,-286,12;459,345,-16;470,-531,4;471,541,-2;500,-516,-7;531,573,9
rua||b1|jardim vitoria|39120000|240,-1843737,-4373065;250,7,-6;255,-14,5;260,22,-8;265,-12,-2;270,17,-3;275,-3,-5;280,15,-1;285,-9,-1;290,17,-2;295,-11,-6;300,21,1;305,-12,-3;310,25,-6;315,-15,2;320,28,-7;325,-23,2;330,32,-7;340,14,-11;350,3,2;358,6,-4;364,9,-6;390,30,-7
rua||b|alexandre mascarenhas|39120000|15,-1863364,-4403836;19,34,24;28,-7,-5;40,3,-194;47,-16,17;49,5,-4;50,-7,10;55,-25,40;56,67,-90;58,35,-43;59,-39,35;95,-74,116;136,99,-155;199,-1,27;342,-410,-223;351,1,7;352,12,-13;354,3,-4;355,14,-6;356,1,-2;358,10,-7;361,9,-4;365,-36,27;377,14,-8;385,11,-5;391,18,-14;395,20,-18;399,9,-5;403,0,-3;405,8,-10
rua||b|capelinha|39120000|28,-1846702,-4374467;55,-3,88;62,1,-33;78,-8,10;110,-5,76
rua||b|centro|39120000|23,-1845450,-4373852;37,3,-31;39,-8,17;41,-18,11
rua||b|cuiaba|39120000|11,-1840281,-4378465;25,13,7;27,-8,-9;30,3,12;31,16,-1;55,12,17;72,17,38;133,30,17;142,-5,14
rua||b|jardim da serra|39120000|46,-1843921,-4373698;52,33,0;64,-4,6;94,32,-1;97,29,-7;107,17,-1;112,-35,6;137,63,-6;185,47,3;214,15,7;230,-16,-3;232,8,-1;272,53,1;275,90,0;282,-85,1;301,32,3;328,34,-4
rua||b|maria gouveia|39120000|45,-1844744,-4374327;57,-9,-13;70,-9,-53;80,0,8;100,-12,-14
rua||b|veredas da serra|39120000|94,-1846800,-4374575;104,-10,1;115,-5,5;127,-14,2;135,-15,-3;150,-27,-5;164,-9,3;177,2,4;184,-25,-9;252,-88,-9;267,18,17;287,-36,-8;293,-16,4;305,-12,2;315,-6,-4;327,-18,1
rua||c1|jardim vitoria|39120000|150,-1843751,-4373095;160,-1,-20;170,5,-4;180,6,-10;190,13,0;200,14,-5;210,1,-8;220,15,-5
rua||caetano mascarenhas|sao roberto|39120000|5,-1846287,-4372503;6,3,-3;12,16,-25;14,13,-94;15,-26,97;20,11,-12;25,-9,21;30,15,-38;36,-2,11;40,-2,20;45,-6,-13;48,12,-28;55,-6,11;72,10,-21;84,3,-8;90,-15,65;96,13,-69;108,8,-18;120,3,-5
rua||candido francisco|serrinha|39120000|90,-1845924,-4373663;140,-15,44;145,4,-7;149,-3,9;150,-1,2;155,-6,9;162,3,2;163,-5,1;166,-1,12;195,18,-77;199,1,-4;200,-13,98;204,-8,4;223,26,-115;227,-39,144;229,-15,28;233,59,-182;234,-34,132;238,-8,5;240,1,7;243,42,-150;253,4,-13;261,2,-7;264,0,-5;267,4,1;273,3,-14;278,-61,213;286,0,6;287,64,-231;293,-49,159;300,-24,84;307,74,-254;315,6,-11;317,-68,220;319,0,7;320,59,-198;330,7,-12;350,21,-75;351,-14,36;354,13,-32;356,-2,0;360,-1,11;367,-9,9;377,7,-21;380,-3,24;381,6,-36;390,7,-11;396,5,12;401,-12,-8;409,5,-5;419,5,-16;431,2,-4;435,1,-5;439,-1,-6;441,1,-1;471,14,-29;474,-4,0;477,-1,-1;483,-4,-7;486,8,-5;491,-1,-1;497,4,-6;507,0,-10;515,1,-5;525,14,-12;543,7,-15
rua||carlos pinto ribas|sao lucas|39120000|10,-1844444,-4374066;60,-76,137;85,13,-11;101,12,-22;103,6,-18;110,-3,3;120,2,-15;140,7,-10;143,21,-25;153,5,-11
rua||chapeu de sol|sol|39120000|20,-1845238,-4374478;21,-6,11;22,-1,1;42,0,6;51,2,12;54,-5,-3;81,2,6;91,1,11;93,-1,5;96,-3,-14;97,-1,24
rua||consuelo falci|centro|39120000|22,-1845480,-4374064;37,2,8;46,-15,18;47,14,-11;48,-9,-20;63,4,52;85,-10,31;96,-4,-25
rua||cristal|maria gouveia|39120000|81,-1844628,-4374252;211,18,50;231,-6,-16;241,2,-6;251,-7,-8;261,-3,-8;281,-5,-11;291,-7,-18;315,-7,-13;325,-2,-10;335,-4,-2;395,-4,-13;405,0,-7
rua||cristal|sao lucas|39120000|12,-1844621,-4374151;238,12,-47;240,-4,-14;250,-4,-15;260,-3,-11;270,3,-7;280,-8,-4;290,9,2;300,-11,-9;316,0,-8;318,-4,-10;320,-7,-17;330,-1,-4;340,2,-1;350,-8,-8
rua||c|alexandre mascarenhas|39120000|340,-1863620,-4404254;352,11,-14;358,9,-13;370,-38,33;374,-52,7;376,120,-54;378,-6,7;396,-53,53;982,-34,19
rua||c|capelinha|39120000|23,-1846835,-4374464;39,-9,26;174,5,-16
rua||c|centro|39120000|2,-1845503,-4373904;3,-5,6;25,35,4;41,47,7;105,31,8;121,20,5;139,18,1;151,7,0;222,-128,-29;236,14,4;272,46,10;400,51,3;410,8,3;422,16,7
rua||c|cuiaba|39120000|5,-1840344,-4378615;15,-22,23;17,53,-67;160,3,3;212,33,-14;235,27,-88
rua||c|jardim da serra|39120000|17,-1843816,-4373755;19,-14,-14;23,29,9;25,3,2;26,-54,8;33,77,-8;36,-35,7;43,51,-3;48,-75,2;60,-9,2;69,116,-7;96,-31,5;97,66,-4;105,6,1;113,16,-1;123,8,0;138,-39,4;156,10,3;160,13,-2;237,98,-4
rua||c|maria gouveia|39120000|63,-1844697,-4374364;75,-5,-20;85,-7,-10;87,-3,-6;95,1,-2;104,10,20;105,-15,-36;112,15,32;117,-20,-45;134,9,14;136,8,10;142,-11,-18;150,0,-7;152,4,-4;154,-10,-5;166,-2,-5;170,-4,-13
rua||c|veredas da serra|39120000|129,-1846821,-4374627;147,-15,-1;162,-40,-12;169,14,12;195,-26,-1;209,-13,2;249,-57,-6;254,-32,-5;256,-22,1;259,39,9;269,-9,-5;287,-19,-2;320,-67,-8
rua||da chacrinha|cruz das almas|39120000|40,-1846544,-4374384;60,-3,-7;85,6,9;105,4,-13;1756,-5,19
rua||da saudade|serrinha|39120000|37,-1846089,-4373828;53,83,-50;57,-15,7;59,-76,74
rua||deolindo da mata ribas|capelinha|39120000|96,-1846150,-4374236;97,4,9;103,-1,1;106,-4,8;117,-3,-1;122,-3,11;129,1,4;132,-9,0;139,4,10;142,-12,1;148,2,13;149,12,-10
rua||diamantina|sao lucas|39120000|10,-1844649,-4373929;40,2,-12;49,28,-123;60,-19,98;74,4,-17;84,8,-11;94,-2,-12;103,15,-29;118,-5,-4;125,10,-47;128,-6,43;144,10,-33;150,5,-14;174,2,-9;199,-21,-25;211,-10,-22
rua||didico ribas|capelinha|39120000|226,-1845914,-4374132;242,6,-14;346,-103,-9;402,-44,-19;404,-6,1;458,37,13
rua||didico ribas|centro|39120000|6,-1845716,-4374058;12,0,0;17,-4,2;26,-7,-8;29,-14,0;36,9,-2;42,-10,-1;43,-6,2;105,-50,-22;106,4,6;115,-21,-11;120,2,-7;125,-6,3;145,-9,-2;147,-11,-5;150,3,7;151,-8,-10;157,-6,0;158,11,6;162,-10,-7;163,-11,0;170,19,3;175,-22,-7;193,-2,-4;225,-45,-13;241,-11,-1;247,-7,-1;279,-31,-10;293,-12,-5;299,3,4
rua||didico ribas|eldorado|39120000|309,-1845985,-4374142;319,-6,-4;337,-16,-1;339,-9,-3;385,-31,-8;451,22,1
rua||do diamante|bela vista|39120000|199,-1845834,-4374462
rua||do ipe|capelinha|39120000|20,-1846332,-4374217;25,5,-9;35,0,-4;40,0,13;41,-1,-11;47,2,10;50,1,11;60,2,8
rua||do ouro|bela vista|39120000|225,-1845836,-4374532
rua||do pombal|serrinha|39120000|29,-1846002,-4374031;30,-44,135;40,11,-26;51,6,-1;54,-3,-3;66,-1,-14;80,7,-8;84,-1,-8;88,19,-41;90,-2,-7;92,-14,40;98,16,-45;100,0,-5;105,-13,30;107,7,-14;108,-10,32;109,14,-50;110,11,-3;120,0,-6;124,-6,-8;139,5,-13;149,2,-8;150,5,6;158,30,1;160,-34,-10;163,3,-1;169,1,-18;175,0,-7;176,3,-1;190,3,-27;192,3,-5;193,-1,4;197,3,7;205,-9,13;225,1,-13;307,7,-25;315,-14,27
rua||dona flora moreira|centro|39120000|35,-1845719,-4373918;85,-27,-5;87,-11,-3;91,25,9;110,16,7;133,34,-14;149,22,8;160,-2,1;170,9,0;180,8,2;591,-109,-3
rua||dos alves|centro|39120000|200,-1845102,-4374050;205,-29,-10;210,7,-5;303,-110,-7;320,46,-6;328,-7,5;358,-41,-2;378,-20,0;390,-18,-1;401,-64,-2;430,41,3;452,-31,-5;462,-9,-3;478,-12,-6;482,-4,1;487,-8,-3;492,0,0;509,-13,-1;552,-41,-16;570,-9,-7;580,-11,-1;586,-20,-8;592,9,4;608,75,23;612,-91,-32;616,-8,8;624,-6,-7
rua||dos garimpeiros|progresso|39120000|32,-1845384,-4374582;43,4,0;52,7,5;53,5,-2;62,-5,3;69,15,-3;79,10,1;82,-14,2;87,11,4;89,11,-2;95,-6,2;99,17,-2;100,-4,10;105,8,-11;188,16,20;198,4,-6;205,5,-13;224,5,14;229,11,-10;231,12,2;243,8,0;244,-7,9;253,12,-3;264,-7,2;334,-16,1
rua||dos martins|cruz das almas|39120000|3,-1846512,-4374362;5,4,-9;10,0,3;11,2,-5;13,-8,17;17,9,-30;56,-1,-2
rua||dos mirandas|sol|39120000|1,-1845044,-4374122;2,-7,-4;6,-6,-4;10,-8,-7;16,-8,-4;35,-72,-31;36,62,23;39,-83,-27;40,73,29;46,-17,-5;49,-61,-30;59,-2,7;60,59,11;70,-15,-8;73,-47,-15;90,37,12;91,-57,-15;92,-9,14;93,5,0;94,22,-8;101,-23,-25;102,34,16;110,-3,-5;120,-14,-2;140,-10,-4;144,-12,-12;150,-34,-13;152,26,10;160,-44,-12;170,20,-1;177,-30,7;188,-6,-8;189,-4,7;190,-6,-5;203,-7,3;208,-1,0;211,-12,1;219,-2,4;228,-8,-6;230,-8,-3;234,3,0;248,-11,2
rua||dos moreiras|alexandre mascarenhas|39120000|137,-1863759,-4404080;139,-9,6;143,-6,-13;189,-4,18;191,-7,-1;195,-50,19;196,111,-53;199,-24,18;201,-69,32;202,106,-53;204,-151,61;207,2,11;209,51,-33;211,11,1;213,-80,31;214,171,-78;215,-183,83;221,206,-83;1045,13,3
rua||dos quarteis|centro|39120000|52,-1845729,-4373744;71,-45,-49;227,1,51;325,27,111;335,-13,-19;397,30,58;480,-39,-232;498,-7,-12;508,2,0;510,0,-32;552,1,-4;560,4,-8;570,0,-17;600,6,-20;615,-2,20;1081,-50,190
rua||dos quarteis|serrinha|39120000|104,-1845766,-4373663;118,-3,-16;128,-11,-7;1104,1,-55
rua||d|alexandre mascarenhas|39120000|5,-1863274,-4403925;7,-23,-8;10,-116,-101;11,107,116;13,-34,50;17,15,-20;21,10,-15;22,-43,49;23,2,3;25,-68,-140;58,102,84;60,-11,13;105,-45,-174;111,-8,16;122,102,85;199,4,11;211,6,-11;223,9,-13;300,13,-35;306,-245,147;310,250,-153;314,-229,116;316,4,-6;328,3,-1;348,233,-132;350,-225,122;1406,-41,72;1604,17,-26
rua||d|capelinha|39120000|15,-1846636,-4374382;20,-18,-15;35,-1,1;45,-7,-1;67,-8,-9;68,1,1;69,-11,-5;100,1,-11;120,-23,-10;153,-106,1;170,74,-7;180,-11,4;184,0,-1;195,-76,-1;201,-5,0;230,52,-3;238,-6,0;242,-9,0;290,-24,-2
rua||d|centro|39120000|10,-1845458,-4373835;53,62,12;55,-3,3;67,9,-7;80,-43,-1;91,70,5;103,13,5;119,-24,-4;140,27,10
rua||d|jardim da serra|39120000|30,-1843712,-4373803;44,18,-8;49,11,-3;51,-9,-14;70,22,18;130,65,3
rua||d|maria gouveia|39120000|50,-1844616,-4374446;58,-45,53;68,12,-10;78,0,-6;153,-24,-95;177,7,13;187,-8,-7;199,28,23;200,-5,52;210,-7,-10;213,3,-21;220,-6,20;225,6,-17;230,-10,4;235,15,13;240,-17,-28;245,14,40;260,-21,-58
rua||d|veredas da serra|39120000|196,-1846865,-4374701;206,-7,11;218,-28,-28;226,0,27;228,-5,-15;240,-13,9;246,0,1;266,-33,6;269,-41,5;283,-19,-3;300,-21,-10;308,-12,-3;310,-8,6;319,-5,7;333,-7,-1
rua||eduardo odilon aguiar|capelinha|39120000|55,-1846377,-4374216;65,3,1;75,7,4;95,9,1;96,-21,-9;98,9,1;108,10,1;112,3,3;115,5,2;120,10,-4
rua||espinho|quilombo do espinho|39120000|4,-1855624,-4372872;400,211,-24;1520,171,585;1546,-78,-235;1901,-126,-233
rua||espirito santo|sol|39120000|2,-1845390,-4374384;6,248,71;10,0,0;19,-305,-73;20,7,-4;26,-9,-2;30,-10,-2;34,-4,0;39,-7,1;40,5,-12;49,-15,13;60,-2,-11;65,-8,4;66,348,86;76,-350,-91;103,-29,-5;122,-25,-10;123,13,6;128,-6,-5;131,-11,4;136,-10,-9;175,156,48;179,16,3;180,-12,-4;191,23,10;207,5,5;210,-10,-14;230,16,6;242,10,7;254,15,3;326,30,8;337,-6,-4;342,20,6;344,-9,0;352,21,-1;353,-12,2;355,1,0;362,29,4;367,-27,-5;379,24,4;388,11,1;399,-6,2;400,17,-1;402,2,-1;408,-1,6;419,11,-3;422,10,4;429,-7,1;431,8,0;432,4,1;439,11,4;442,-3,-4;452,7,-2;462,16,6;500,49,19;502,19,8;511,-26,-6;515,7,1;519,10,2
rua||eunapio alves|serrinha|39120000|7,-1845957,-4373804;20,44,12;23,-4,1;25,-1,3;27,-25,-16;29,19,7;30,0,3;40,-9,-1;50,-4,-3;60,-16,-15;331,55,27
rua||e|alexandre mascarenhas|39120000|193,-1863478,-4404012;1303,-9,-21;1304,-10,-1;1305,27,27;1319,-14,-17;1343,-2,13;1345,1,7;1347,6,15;1349,7,8;1351,8,13;1353,2,7;1360,11,-15
rua||e|capelinha|39120000|26,-1846669,-4374348;30,-5,-2
rua||e|centro|39120000|6,-1845354,-4373760;8,-49,-3;14,30,-2;20,-12,-2;29,-89,-5;65,45,3;70,-37,-11;80,-12,-3
rua||e|jardim da serra|39120000|12,-1843729,-4373791;22,-27,35;23,-10,-38;25,17,-3;31,-2,5;48,86,-71;59,-82,189;60,95,-189;70,-107,133
rua||e|maria gouveia|39120000|28,-1844648,-4374366
rua||e|veredas da serra|39120000|190,-1846842,-4374748;197,6,2;210,-31,-4;248,-48,-2;250,9,-3;258,-16,-1;267,15,11;293,-45,-7;299,-3,6;314,-38,-10;328,-16,4;358,-27,-2;363,1,6;378,-25,-12
rua||f1|jardim vitoria|39120000|8,-1843763,-4373258;18,10,12;28,3,-2;38,18,6;48,5,7;58,7,4;68,6,2;78,14,8;88,6,1;100,11,9;114,5,3;144,17,13
rua||flora moreira|capelinha|39120000|45,-1846341,-4374352;48,0,17;50,-3,6;54,3,10;60,-6,12;75,5,-14
rua||franca campos|serrinha|39120000|17,-1845817,-4373802;27,14,3;30,-10,-1;45,12,0;50,4,2;55,4,3;60,7,2;65,6,2;80,-2,2
rua||f|alexandre mascarenhas|39120000|10,-1863418,-4403670;18,15,-3;20,-12,12;26,-12,2;193,67,-36;1195,18,-8;1201,31,-29;1240,-55,67;1650,-21,-18;1670,18,35
rua||f|centro|39120000|11,-1845471,-4373726;20,4,9;32,18,-2;35,0,-1;100,58,18;107,5,-5;119,12,1
rua||f|jardim da serra|39120000|5,-1843508,-4373566;158,53,0
rua||f|maria gouveia|39120000|430,-1844620,-4374338
rua||f|veredas da serra|39120000|175,-1846804,-4374746;238,-13,-28
rua||geraldo modesto|eldorado|39120000|61,-1846121,-4374131;78,-94,-19;80,79,11;84,-6,-2;85,12,6;97,-15,-1;100,30,0;103,-43,-1;116,-25,-5;117,22,0;118,-27,-5;120,-19,-4;127,38,8;149,-30,2;159,-5,-8;201,-16,-2;209,-23,2;217,-10,-7;221,-14,0;222,31,5;228,-22,-13;230,-14,4;231,-2,2;237,54,3;241,-55,-7;250,-6,-4
rua||granito|sao lucas|39120000|10,-1844445,-4374044;30,18,11;40,8,5;45,-11,-7;50,25,6;55,-40,-6;60,46,19;65,-30,-10;70,46,11;75,-30,-13;80,35,22;85,-25,-8;95,13,4;100,30,17;102,15,6;105,-37,-19;115,8,11;125,24,25;127,-4,-20;155,30,15;160,2,-4;165,6,5;171,-244,-135;175,248,144;180,9,-3;187,-3,15;190,13,-15;191,-261,-139;195,260,152;197,-251,-145;200,259,144;205,22,21;210,-10,-27;215,22,32;225,24,10;230,-29,-19;270,43,10;285,24,36;295,7,0;300,-10,-14;307,27,22;310,-10,-14;340,19,10;346,6,8;408,54,30;414,18,5;439,27,26;443,3,5
rua||g|alexandre mascarenhas|39120000|14,-1863765,-4404378;16,8,-10;18,7,-8;22,12,-7;30,13,-10;62,12,-8;74,5,-8;86,5,-5
rua||g|centro|39120000|7,-1845385,-4373647;14,-5,2;39,-53,-17;50,31,14;81,-61,-18;82,15,11;105,-29,-13;109,-3,4
rua||g|jardim da serra|39120000|70,-1843509,-4373509;90,1,-48;103,13,40;105,9,5;117,13,-3;135,43,2;155,2,-1;158,-27,-51
rua||g|veredas da serra|39120000|11,-1846838,-4374650
rua||h1|jardim vitoria|39120000|5,-1843779,-4373220;15,13,10;25,11,3;35,6,3;45,11,8;55,7,2;65,4,7;75,14,3;85,3,1;95,12,7;105,10,6;115,4,1;125,10,5;135,12,5
rua||hermano chaves|progresso|39120000|19,-1845260,-4374531;44,5,-26;60,5,2;78,5,-16;90,4,-13;100,-4,-9;110,3,-8;112,-3,-4
rua||h|centro|39120000|14,-1845388,-4373614;360,-68,-4
rua||h|veredas da serra|39120000|11,-1846942,-4374512;90,12,-198;100,-3,92;117,-3,-48;125,0,-32;135,2,-25;174,1,204;188,0,-19;190,9,-387;214,-13,-32;216,-2,357;232,14,-372;234,-5,90;281,-11,144;286,41,-290;298,5,-11;326,6,-23;354,20,-19
rua||idalino ribas|centro|39120000|2099,-1846956,-4374494;2105,-9,3;2177,-94,-18
rua||i|jardim vitoria|39120000|2,-1843831,-4373166;12,22,-15;22,9,1;32,8,-1;42,9,0;52,11,1;62,5,3;72,13,-1;82,12,0;92,5,-1;98,15,2
rua||i|veredas da serra|39120000|11,-1847077,-4374776;25,2,40;45,8,14;468,-14,108;576,4,-82;660,2,-78;770,-17,-86
rua||joao alves dumba|alexandre mascarenhas|39120000|5,-1863901,-4404128;101,177,187;726,-100,-173;730,8,-34;1008,101,240;1082,-45,-114;1097,7,21;1099,4,5;1102,3,-2;1254,46,129;1256,4,7;1271,9,35
rua||joao augusto de oliveira|sao lucas|39120000|122,-1844320,-4373867;140,-11,28;151,15,-39;160,-25,64;195,44,-109;198,17,-16;205,-7,7;223,2,4;230,-6,14;320,-48,98
rua||joao bosco barreto|capelinha|39120000|15,-1846150,-4374326;20,-11,20;25,5,-2;31,-2,3;36,-2,10;41,0,4;42,-4,5;47,3,8;52,-8,-4;62,4,5;92,-15,39;95,4,8;108,-7,-2;109,6,13;111,-5,-2;120,-3,5;140,1,8;153,-1,9
rua||joao monteiro da fonseca|jardim da serra|39120000|467,-1844011,-4373610;470,-10,-5;480,9,9;486,12,-2;490,7,9;495,1,0;507,7,6;509,6,1;520,5,-1;536,5,-1
rua||joao monteiro da fonseca|sao lucas|39120000|16,-1844375,-4373818;18,-1,-1;19,5,4;20,-11,-7;22,-61,-41;23,52,44;24,-2,-10;30,-67,-34;34,19,11;36,-27,-20;40,-15,-10;45,-126,-62;46,118,60;47,-129,-64;52,116,64;53,3,9;54,50,15;66,-57,-33;75,-19,-9;77,20,11;80,-31,-12;81,-5,-5;87,-20,-9;90,13,0;91,-28,4;93,22,-8;95,-22,-8;96,12,4;98,-11,-8;99,-14,1;100,2,-4;102,-14,-5;110,-2,-3;114,-4,-12;160,264,156;172,10,3;180,13,8;190,9,8;200,16,3;210,8,7;220,13,7;240,129,68;249,-160,-77;251,53,30;260,24,6;270,14,9;282,14,6;310,23,12;318,17,12;322,8,2;336,4,-3;345,-13,8;360,28,-1;365,-9,1;370,13,11;373,-3,4;392,25,9;395,-12,-5;405,13,4;410,21,13;423,11,13;425,-9,-5;430,10,-1;435,5,5
rua||joao pequi|centro|39120000|12,-1845527,-4374142;14,-4,-19;26,8,-19;42,-1,0;44,2,-7;46,3,-2;56,1,-7;63,0,14;65,7,-7;96,0,-29;443,5,-13
rua||joao pequi|sol|39120000|400,-1845476,-4374320;438,-24,71;450,17,-55;458,-5,10;460,17,-18;462,-18,22;464,22,-31;465,-23,58;471,1,-5;474,-9,-5;487,14,-12;491,-1,-1;500,14,-37
rua||jose augusto gomes|cruz das almas|39120000|26,-1846323,-4374505;86,0,7;100,-4,12;108,1,11;148,-4,1;152,-4,10;168,1,13;180,-3,10;190,-12,10;200,9,17;1602,5,2
rua||jose patrus|bela vista|39120000|2,-1845828,-4374361;9,8,7;10,19,-3;17,3,6;29,0,4;34,2,-3;65,45,-5;83,-10,-17;122,8,-4;136,3,-9;146,-1,-12;156,2,-4
rua||jose raimundo paixao|sao lucas|39120000|5,-1844429,-4373804;11,27,-92;15,5,16;17,-29,73;20,49,-111;26,-40,48;74,30,-21;83,4,-23;85,-17,45;130,64,-131;150,-18,50;160,7,-14;161,-9,-2;181,8,-18
rua||jose vicente de paula|capelinha|39120000|10,-1846029,-4374279;22,-27,66;26,5,-3;30,-6,7;33,26,-69;35,-33,65;38,4,15;46,19,-66;47,3,8;54,-28,73
rua||joviano de aguiar|sol|39120000|12,-1845226,-4374269;16,0,-1;22,12,4;31,95,25;52,-250,-64;64,223,51;69,-220,-46;71,202,47;74,16,-3;77,-231,-43;82,203,35;83,-7,3;90,-197,-53;93,202,58;98,-210,-60;102,48,-12;106,-81,5;116,-16,-5;121,20,10;123,-10,-2;125,-11,-3;142,-16,-14;156,-11,-3;166,-10,1;176,-5,-2;177,158,47;179,-6,4;180,0,-7;184,-164,-51;185,0,3;191,-10,4;192,190,52;196,-193,-64;200,191,63;203,21,10;204,-5,-9;207,8,1;210,4,1;215,11,6;218,-237,-70;219,-77,-30;220,311,98;232,-260,-77;234,-37,-6;237,307,87;238,-268,-80;243,-16,1;247,292,82;250,-283,-90;251,-6,6;257,298,80;260,-305,-81;261,6,7;263,300,83;264,-8,-7;268,4,1;270,16,11;273,-2,-6;276,-325,-103;277,335,100;279,2,1;302,-377,-111;307,5,12;309,-14,0;320,12,-10;327,-31,-2;347,-18,11;349,13,-17;360,8,0;370,-5,0
rua||julio alves oliveira|maria gouveia|39120000|10,-1844726,-4374302;417,83,-43
rua||julio alves oliveira|sao lucas|39120000|41,-1844737,-4374294;408,71,-26
rua||jurandir esteves|centro|39120000|4,-1845270,-4374108;137,5,44;287,-4,-59
rua||jurandir esteves|sol|39120000|8,-1845222,-4374208;10,-6,5;11,-24,46;30,18,-29;32,-11,18;33,6,-22;34,-2,13;35,-2,-4;37,2,2;38,-9,19;40,44,-82;42,-44,92;45,40,-102;46,5,4;50,7,-5;87,-1,-23;97,-1,-9;100,8,15;104,3,-14;105,-1,-4;118,2,2;123,6,-4;129,3,-6;135,-4,-12;151,-55,118;173,56,-125;176,5,6;178,3,8;183,4,-31;189,3,-8;192,1,13;194,4,-13;204,0,-7;207,-1,-1;209,7,-19;211,5,-9;304,-1,16;310,-4,5
rua||j|capelinha|39120000|4,-1846439,-4374155;14,-7,-3;24,-20,-13;25,-28,5;68,6,-24
rua||j|jardim da serra|39120000|13,-1843922,-4373702;30,-28,108;37,-1,-25;40,2,17;43,-4,-5
rua||j|veredas da serra|39120000|60,-1846986,-4374821;110,47,0
rua||k|jardim da serra|39120000|2,-1843926,-4373575;5,10,-10
rua||k|jardim vitoria|39120000|3,-1843822,-4373140;13,12,0;23,8,4;33,12,-4;43,11,-1;53,8,1;63,10,-4;73,7,6;83,14,-3;93,2,2;103,12,-3;115,7,2
rua||laurindo ferreira|centro|39120000|10,-1845705,-4374256;51,15,5;405,212,24;425,25,14;433,75,28;441,-143,-59;443,2,4;445,133,53;447,-1,1;461,-14,-7;469,-9,-1;477,-118,-57;483,110,52;515,-26,-12;533,-144,-47;548,-23,-10;553,8,7;560,-1,-3;570,-16,0;575,-5,1;580,-7,-2;591,-6,4;592,-1,-1;600,-4,2;601,75,6;609,-84,-4;610,1,-7;614,-7,2;616,-2,1;620,-8,1;630,10,2;634,-26,1;640,-9,6;649,-9,3;654,6,-6;686,-25,-6;695,-11,-5;696,-1,6;703,22,2;708,-31,-3;712,-18,-6;714,6,4;720,-7,-5;722,38,8;735,-51,-9;740,0,0;748,8,-10;753,-9,7;756,-4,-1;768,-7,-2;775,-14,4;788,-13,-4;794,-1,3;798,-8,-5;808,-4,4
rua||laurindo ferreira|sol|39120000|280,-1845360,-4374227;290,-6,-6;294,-2,4;306,-14,1;324,-23,-2;350,-18,-2;364,-9,2;374,-13,-2;382,-3,-4;388,-11,-2;400,-7,4;414,-13,-3;426,-13,-2;454,-26,-8;466,-3,-5;472,-8,-4;478,-12,-2;484,0,4;503,-23,-165;508,13,161;520,-19,-2;532,-12,-3
rua||luiz espindola|sol|39120000|25,-1845560,-4374259;111,7,-246;129,-7,22;131,3,6;133,23,11;137,-30,3;147,-2,-1;157,-2,16;160,1,10;163,-2,42;167,8,-55;169,-4,9;190,-13,50;205,1,3;219,-18,-2;220,22,3;222,2,-4;232,-16,72;236,-2,-40;242,2,1;246,1,39;252,-2,-22;265,2,21;284,-11,0;288,3,12;295,6,6;306,-12,16;315,8,-7
rua||luiz pociano|centro|39120000|95,-1845160,-4374082
rua||luiz ponciano|centro|39120000|160,-1845134,-4374157;164,1,9;176,-21,68;180,18,-56;184,-4,9;196,-6,20;262,-10,107;276,-6,15;284,-1,10;303,7,-24
rua||luiz ponciano|sol|39120000|63,-1845104,-4374197;173,-7,13;182,-8,-6;188,13,-12;189,4,-1;200,2,-14;203,-2,7;205,3,-2
rua||l|jardim vitoria|39120000|205,-1843767,-4373082;245,5,9
rua||maria estefania|centro|39120000|71,-1845802,-4374046;87,1,-1;103,-21,-9;113,-9,1;114,4,-1;120,-7,-3;127,-4,-4;137,-6,3;144,2,-6;149,-14,2;153,-6,-2;154,3,-1;161,-15,-4;164,9,-5;174,-4,2;183,-23,1;185,4,-1;205,-9,-1;221,-35,-13;226,9,3;230,-11,2;240,-18,-7;242,-9,-7;243,17,11;247,-5,-2;248,9,-3;250,-28,-8;255,11,6;257,-11,0;267,-4,1;280,-6,-14
rua||maria gouveia|capelinha|39120000|3,-1846118,-4374242;6,-15,-19;11,1,14;14,-17,-14;22,-192,-43;32,183,46;33,-146,-43;37,-15,-1;59,131,46;60,-236,-46;62,234,39;65,-102,-32;66,8,8;67,90,15;68,6,-1;69,-97,-20;70,-4,-4;72,87,32;75,-48,-19;76,-53,-11;77,5,-4;80,19,9;81,36,9;82,-60,-16;86,-11,-4;87,110,26;88,-125,-28;90,177,54;91,-106,-38;92,45,19;94,-123,-31;98,116,28;100,-46,-8;103,41,0;110,-4,6;112,-21,-4;115,22,-3;117,-106,-23;120,94,27;124,-104,-24;125,17,-1;130,-27,0;136,-4,-2;137,-4,-9;143,4,7;154,-52,-3;156,10,-1;170,12,0;203,18,1;206,156,31
rua||mario maria|capelinha|39120000|37,-1846258,-4374326;52,-5,11;53,5,4;54,-4,-11;56,2,-8;58,-4,26;64,7,-3;72,-11,7;173,-14,31;184,12,-1;205,-7,21;211,0,7;229,-11,7;235,-2,18;248,5,-22;260,-3,3;270,-2,23;285,-1,8;290,1,-4;310,-4,9;319,0,11;320,-2,1;350,2,25;390,-5,11;405,0,19;406,5,-19;410,-4,10;425,-2,30;435,-2,-3;1619,9,-28
rua||mario maria|eldorado|39120000|78,-1846324,-4373969;327,16,-128;460,-8,24;490,0,39;492,-5,10;494,1,3;496,-1,4;498,0,0;500,0,14;506,-4,5;510,1,10;513,4,2;535,-5,47;540,-7,-10;542,-3,15;580,-2,31
rua||municipal|alexandre mascarenhas|39120000|38,-1863701,-4404376;40,-35,61;41,16,-24;47,17,-11;48,19,-13;50,13,-6;52,13,-11;55,-15,3;69,10,-7
rua||m|jardim da serra|39120000|55,-1843872,-4373741;73,6,38
rua||nova|alexandre mascarenhas|39120000|1,-1863430,-4404036;2,-9,-34;3,-30,19;4,32,-11;6,8,10;8,2,4;9,-5,2;11,-5,-7;12,-110,36;15,119,-26;18,28,38;35,30,24;51,-84,-82;53,-41,16;57,20,-13;96,132,105;101,-131,-120;342,-39,25
rua||nozinho cassimiro|centro|39120000|18,-1845411,-4374449;25,10,9;28,-7,-8;39,15,8;40,8,0;50,11,2;51,-12,-1;53,8,3;65,7,2;70,15,-5;79,16,10;89,-4,2;92,5,-9;102,10,5
rua||nozinho cassimiro|sol|39120000|110,-1845309,-4374424;122,8,1;127,0,1;132,7,2;142,13,2;147,-16,0;151,10,1;161,15,-1;164,2,1;168,14,2;173,-6,3;180,15,0;182,5,0;187,-11,5;197,7,-9;200,8,8;201,31,8;207,-32,-11;210,16,5;217,-4,3;229,10,5;230,17,-8;240,13,6;247,-13,8;252,23,-7
rua||pacifico mascarenhas|sao roberto|39120000|40,-1846376,-4372264;45,7,-19;46,-7,28
rua||paraiba|alexandre mascarenhas|39120000|123,-1863626,-4403922;127,-9,1;175,-53,24;176,-1,-13;178,7,0;179,30,-2;181,-5,5;183,-12,3;185,-7,1;202,15,-5;214,-1,-6;216,19,-7;218,8,-5
rua||parauna|alexandre mascarenhas|39120000|100,-1863817,-4403931;213,143,-46;214,-1,-5;222,5,-2;227,28,-10;229,-48,21;234,4,-4;236,-8,3;239,45,-14;241,-45,19;244,-9,-2;250,-37,15;252,-13,4;254,-5,11;256,-9,-4;258,-19,11;268,-6,3
rua||praca do calvario|capelinha|39120000|10,-1846076,-4374294;16,13,-3;20,-46,-6;30,-7,9;32,-1,3;40,-12,-1;50,3,13
rua||p|jardim da serra|39120000|12,-1843631,-4373664;15,0,-97;50,-3,83;82,5,-161;249,-7,5;250,0,0;251,3,2;263,-4,46;281,2,51;301,2,51;313,-2,22
rua||quintiliano miranda|serrinha|39120000|6,-1846096,-4373776;14,-1,0;26,11,11;42,14,-4;58,5,3;60,9,2;80,7,0;92,5,2;100,12,4;108,8,3;118,13,2;126,5,1;132,2,-1;152,8,3
rua||q|jardim da serra|39120000|200,-1843514,-4373706;430,22,18;438,-17,4
rua||ragosino abaete|centro|39120000|2,-1845388,-4374121;4,3,-7;10,11,-30;31,-14,22;39,-1,-9;42,-2,35;136,27,-67;158,13,-30;170,4,-9;401,18,140;521,-64,-23
rua||ragosino abaete|sol|39120000|3,-1845347,-4374279;15,2,25;21,-4,12;22,-4,-6;23,38,-213;26,-5,0;42,-29,189;46,-3,-6;48,0,-9;79,27,-134;97,-17,115;101,-4,-9;118,4,-14;138,-1,-16;200,8,-25;205,4,-5;208,-1,-7;213,-8,26;218,8,-32;225,2,-6;226,0,-20;228,-3,14;238,1,-6;241,9,-10;272,-23,182;298,27,-238;317,3,-3;320,-2,-7;337,5,-18
rua||ragosino ribeiro|capelinha|39120000|2,-1846202,-4374243;4,5,1;5,-2,5;7,-10,-5;8,-32,-6;9,15,5;11,1,-4;12,-42,-2;14,-24,-8;16,54,12;17,29,4;18,-85,-19;20,49,9;21,-2,0;22,7,3;24,-59,-10;27,-4,-4;28,40,7;32,-50,-1;35,-12,-7;36,5,2;40,-2,-1;44,-9,-2;46,-1,3;47,-3,-3;60,-16,-4;66,-10,3;67,14,5;72,-29,-6;77,18,4;80,-15,-7;81,-1,7;92,-9,-8;95,-1,15;101,-6,-3
rua||sagrada familia|alexandre mascarenhas|39120000|41,-1863339,-4403474
rua||sebastiao plascido fernandes 1|sao lucas|39120000|90,-1844065,-4373697;616,15,5
rua||sebastiao plascido fernandes|sao lucas|39120000|7,-1844358,-4373870;10,-21,-16;16,-39,-24;18,12,8;27,-8,8;28,-9,-11;31,-10,-1;32,-6,-12;35,-8,6;36,1,-10;37,-6,2;38,-6,-13;39,0,13;46,-4,-11;74,-24,-9;85,327,187;86,-338,-193;105,4,9;120,171,89;125,-206,-111;130,3,-5;135,-11,-8;138,-1,3;142,-7,0;143,0,-1;153,-15,-8;158,7,-6;163,-4,5;181,-14,-12;182,2,1;191,-20,0;202,-7,-15;211,-9,0;214,5,-8;300,-18,-5;309,264,159;310,17,7;340,24,11;345,-1,3;351,10,3;361,11,3;370,11,2;375,0,7;379,11,3;383,1,9;405,26,9;420,2,-6;430,13,9;441,24,19;443,-3,-4;445,9,5;454,-8,-7;455,11,13;465,10,0;475,19,14;478,-25,-17
rua||sem denominacao 10|barao de guiacui|39120000|377,-1835448,-4373785;399,10,-37;401,2,-16;403,-12,61;461,23,-116;501,-8,39;609,-21,91;703,-26,93;715,14,-31;729,-22,71
rua||sem denominacao 11|barao de guiacui|39120000|810,-1835558,-4373594;814,15,3
rua||sem denominacao 11|jardim da serra|39120000|8,-1843603,-4373250;80,67,66
rua||sem denominacao 11|serra|39120000|110,-1844635,-4374783
rua||sem denominacao 13|barao de guiacui|39120000|249,-1835618,-4373500
rua||sem denominacao 1|alexandre mascarenhas|39120000|200,-1863804,-4404150
rua||sem denominacao 1|barao de guiacui|39120000|19,-1835734,-4373645;25,-20,-21
rua||sem denominacao 1|cruz das almas|39120000|1911,-1846712,-4374528;1920,0,6;1921,-3,-10;1930,6,-3;1933,-9,-7;1940,7,-1;1945,-7,-3;1948,6,0;1953,-2,-12;1960,-1,1;1997,-2,-25;1999,1,-4;2003,0,-12
rua||sem denominacao 1|jardim da serra|39120000|30,-1843484,-4373446;56,14,-7;75,-12,-7;115,41,3
rua||sem denominacao 2|barao de guiacui|39120000|6,-1835551,-4373706;10,-8,-4;36,-187,-12;91,69,48
rua||sem denominacao 2|jardim da serra|39120000|37,-1843575,-4373512;177,129,118;185,11,-4;186,-17,9;190,14,-2;209,22,-3
rua||sem denominacao 3|barao de guiacui|39120000|25,-1835190,-4374410;41,-67,121;43,28,-59;48,-36,69;73,-75,127;74,-173,403;102,-78,221;113,11,-23;114,-15,37;125,-3,17;152,365,-850;160,19,-37;172,-38,66;179,-341,811;180,278,-691;200,-1,9;208,42,-63;225,-57,103;311,-23,68;508,-150,292;608,-1,10;700,-3,13;800,-38,147;801,6,7;802,-10,10
rua||sem denominacao 3|capelinha|39120000|75,-1846369,-4374338;203,-3,21;211,1,-14
rua||sem denominacao 3|jardim vitoria|39120000|155,-1843603,-4373086
rua||sem denominacao 3|serra|39120000|22,-1844771,-4374491
rua||sem denominacao 4|barao de guiacui|39120000|17,-1835310,-4374344;26,96,-112;198,-81,144
rua||sem denominacao 4|jardim da serra|39120000|50,-1843556,-4373410;159,24,107;180,15,27;210,3,11;240,11,33;250,5,18;290,13,30
rua||sem denominacao 4|serra|39120000|55,-1844771,-4374545
rua||sem denominacao 5|alexandre mascarenhas|39120000|5,-1864396,-4404788;258,52,55;2465,-13,-68
rua||sem denominacao 5|barao de guiacui|39120000|47,-1835681,-4373542;50,-10,-9;64,26,32;67,-35,-65;83,11,39
rua||sem denominacao 5|jardim da serra|39120000|10,-1843576,-4373331;22,-2,7;78,25,49
rua||sem denominacao 5|serra|39120000|22,-1844689,-4374574;30,-8,-5
rua||sem denominacao 6|barao de guiacui|39120000|114,-1835609,-4373521;170,-3,25;193,-59,8
rua||sem denominacao 6|serra|39120000|74,-1844667,-4374622;115,-63,-32;145,-21,-16;156,22,7
rua||sem denominacao 7|barao de guiacui|39120000|60,-1835588,-4373594;62,5,-3;80,-29,-5;86,-5,-1;120,-36,-10;124,-30,2
rua||sem denominacao 7|jardim da serra|39120000|35,-1843640,-4373347
rua||sem denominacao 8|jardim da serra|39120000|96,-1843568,-4373391
rua||sem denominacao 8|serra|39120000|30,-1844942,-4374289;100,13,-88;180,56,-208;370,133,-230
rua||sem denominacao 9|barao de guiacui|39120000|160,-1835575,-4373463;163,17,-54;165,-5,17;169,-5,22;171,-24,67;175,12,-31;178,-5,12
rua||sem denominacao 9|jardim da serra|39120000|50,-1843597,-4373333;60,-23,39;71,45,-54
rua||sem denominacao 9|serra|39120000|54,-1844876,-4374374
rua||sem denominacao|cruz das almas|39120000|180,-1846107,-4374784
rua||sem denominacao|jardim da serra|39120000|5,-1843868,-4373611
rua||sem denomonacao 3|jardim da serra|39120000|6,-1843683,-4373400;8,13,-10;11,66,-34;12,58,-12;19,-14,-2;33,20,-1;57,-92,31;62,16,-1;77,-62,21
rua||sempre viva|capelinha|39120000|10,-1846330,-4374356;20,-5,3;22,-2,-3;32,-4,2;42,-7,0;52,-9,-3;64,-7,0;69,-55,40;72,47,-37;75,1,2;82,-15,0;94,-1,4;110,-26,23
rua||stio de helcio|camilinho|39120959|64,-1858301,-4384475
rua||theodulo alves prado|alexandre mascarenhas|39120000|177,-1863724,-4404026;219,-101,50;221,11,-6;223,15,-7;224,-6,-2;226,-16,5;248,17,-6;249,16,4;250,3,-12;254,-10,4;258,21,-13;269,-3,12;270,9,-14;286,48,-24;313,6,8;330,7,-13;335,-23,18;338,33,-17;344,27,-13;348,-6,2;351,-14,21;352,5,-11;367,8,-3;401,14,-6
rua||tiano miranda|progresso|39120000|55,-1845407,-4374564;61,0,-2;62,-6,3;71,5,-12;82,0,12;91,5,-15;95,-2,-8;99,-2,-6;108,11,-1;115,-4,-13;119,-2,66;125,1,-72;130,2,8
rua||t|jardim da serra|39120000|17,-1843608,-4373573;32,15,5;36,6,10;121,91,125;150,24,49;180,20,13
rua||xandoca|sao roberto|39120000|6,-1846188,-4372459;12,-10,-15;24,-30,-2;36,-20,-6
rua||zeca abaete|progresso|39120000|10,-1845316,-4374555;12,-2,-16;28,2,-11;45,3,-2;50,6,-7;160,-13,57
rua||zeferino lelis|bela vista|39120000|10,-1845697,-4374268;16,-4,-2;18,10,-9;26,-7,-8;30,6,-5;40,0,-2;50,4,-16;56,6,-6;66,8,-13;70,-15,-26;90,34,-18;100,0,-8;104,22,-12;157,1,-3;167,3,-27;175,1,3;178,-8,1;202,2,3;204,2,-16;210,2,-6
rua||zeferino lelis|sol|39120000|21,-1845698,-4374272;25,2,-2;47,16,-24;57,5,-21;67,5,-12;81,6,-14;101,11,-11
rua||zulma miranda|bela vista|39120000|1,-1845821,-4374374;3,4,-8;5,1,-8;9,-1,-19;10,-5,29;12,6,-17;15,0,-25;23,-4,49;25,5,-65;35,-1,-11;40,6,41;50,-5,-13;60,1,-7;65,1,-49;70,-1,43;75,3,-57;85,-1,-4;90,-4,29;95,5,-40;100,-7,26;105,7,-41;110,-3,28;115,6,-29;120,-4,28;130,-1,-10;140,0,-6;145,2,-25;150,-4,2;160,0,-7;165,-1,-3;170,-2,-5;173,7,4;180,-3,-16;183,10,5;185,-3,-7;190,-4,-8;195,5,2;200,0,-17;203,-5,3;210,2,-5;220,0,-10;227,3,7;230,-2,-19;235,-2,5;240,1,-16;245,4,10;250,-4,-15;253,5,8;260,-4,-19;265,3,3;270,-5,-10;275,6,2;280,-4,-14;285,3,10;295,1,-5;300,-2,-15;305,0,6;315,-2,-8;320,-1,-17;323,2,7;339,0,-12
sitio||capoeira grande|centro|39120000|5,-1849375,-4374083;6,-101,-155;8,-791,591
sitio||do barreiro|barreiro|39120000|529,-1863091,-4402644
sitio||mato virgem|cuiaba|39120000|37,-1839680,-4379062
travessa|comandante|jair faria|capelinha|39120000|8,-1846460,-4374304;30,11,-3;33,19,5;37,-13,-8;39,-9,5;43,-6,-3;60,28,6;69,-3,-7;117,19,46;118,9,-8;120,-12,31;123,-1,0;125,13,-27;128,-9,-8;131,-11,12;135,-5,-9;148,4,-10;154,5,4;165,-17,5;169,-8,1;172,3,-6;180,-5,10
travessa|dom|paulo lopes de faria|centro|39120000|40,-1845466,-4374158;50,-5,-14
travessa|nossa senhora|das dores|centro|39120000|15,-1845908,-4374238;16,-6,26;25,-4,-20;26,-2,13
travessa|padre|lauro vilela|centro|39120000|30,-1845419,-4374092
travessa||adalgisa ribas|serrinha|39120000|17,-1846095,-4373724;37,-6,22;40,4,6;62,3,-5;100,-7,-13
travessa||alexandre mascarenhas|serrinha|39120000|13,-1845820,-4373939;29,-9,-13;35,-12,3
travessa||comunidade do tanque|tanque|39120000|515,-1834734,-4375008;525,6,-10
travessa||didico ribas|centro|39120000|17,-1845862,-4374132;20,-2,3;29,10,-14;174,-12,27;1089,18,-29
travessa||dos quarteis|centro|39120000|87,-1845761,-4373918;95,-7,-12;458,-10,-3;600,14,5
travessa||geraldo modesto|eldorado|39120000|503,-1846158,-4374162
travessa||jose augusto gomes|bela vista|39120000|438,-1845872,-4374897
travessa||juscelino kubistchek|capelinha|39120000|42,-1846308,-4374318;45,-3,-4;49,-1,-10;57,-4,-4;62,13,-1;67,-6,-3;68,10,-5;91,6,-19
travessa||juscelino kubitschek|cruz das almas|39120000|81,-1846272,-4374463;95,-2,6;102,4,23;110,-6,-26;120,10,-12;129,-15,23;139,-10,2;151,1,7
travessa||landulfo dornas|centro|39120000|26,-1845616,-4374084;88,11,-15;98,-5,7;108,-1,5
travessa||laurindo ferreira|centro|39120000|11,-1845765,-4374244;12,7,-15;723,2,2
travessa||mario maria|capelinha|39120000|9,-1846273,-4374219;10,-2,-5;12,6,1;15,1,4;19,9,0;22,7,0;25,2,7;32,8,-4;42,9,4;50,4,7;81,-15,-7;1492,47,18;1496,-14,2;1506,-4,-4;1516,-12,-6
travessa||ragosino ribeiro|capelinha|39120000|40,-1846398,-4374207;50,1,-15;53,6,7;61,-3,-12;63,4,-10;68,-10,-2;71,7,11;73,3,-14;98,1,-28;150,7,-26;160,-2,-2;171,-5,17;180,6,1;196,-1,-8;1082,-13,90
travessa||vicente de paula|centro|39120000|65,-1846080,-4374173;421,-13,-5;427,-3,-4;449,-15,-6
usina||hidreletrica hulha branca|usina|39120000|3,-1863597,-4396630;8,1024,-112;77,-89,-91
vilarejo||riacho dos ventos|br 259|39120000|12,-1860124,-4397374;16,-197,-479;19,624,474;28,-76,-4;50,15,57;63,-42,-2;340,-233,-90;364,-99,-349;999,448,358;1080,-332,-47;1920,-178,-11;1996,26,-29;76192,10,68
vilarejo||riacho dos ventos|riacho dos ventos|39120000|28,-1859784,-4397403;32,50,44;45,-583,-494;50,174,69;62,-32,-110;330,41,116;362,161,68;365,-104,-76;743,-12,49
vila||retiro velho picada rebibiu|corrego da picada|39120000|32,-1846900,-4386088
