avenida|presidente|kennedy|centro|39720000|3,-1882643,-4248060;4,256,229;5,-226,-191;7,-26,-12;9,-30,-37;10,9,-9;11,41,61;12,-69,-58;13,-124,-29;14,128,38;16,30,12;17,269,211;20,-271,-211;31,298,285;34,-347,-319;36,68,60;41,293,265;49,-241,-233;50,-10,0;55,-212,-143;62,186,115;63,303,276;64,-261,-235;73,1,-5;74,5,7;78,-109,-90;80,-5,-2;83,363,351;84,-384,-369;86,74,78;92,-103,-82;95,6,18;98,183,100;116,-202,-119;119,-9,16;125,457,395;129,-464,-424;136,227,145;148,-232,-131;151,-13,-10;160,266,168;165,-274,-164;170,121,57;172,-160,-86;180,-29,-31;182,11,14;183,347,249;185,-119,-134;190,126,111;195,-7,-13;200,14,24;205,4,17;208,4,-17;213,13,0;215,-8,14;220,161,385;235,-152,-374;243,11,1;253,12,14;254,-9,-7;264,3,4;277,20,4;279,-8,6;292,27,13;293,-11,-7;294,-9,-8;300,-432,-447;301,453,460;302,-464,-430;310,39,-44;315,442,486;340,-435,-531;348,429,545;358,14,7;393,-498,-451;460,60,-108;470,20,-4;480,0,-27;540,40,-23;770,485,1017
corrego||barbalho|corrego barbalhos|39720000|3,-1883577,-4250684;5,12,-8
corrego||das bicas|corrego bicas|39721000|2,-1891372,-4247222
corrego||do jorge neca|corrego rochedo|39721000|244,-1888442,-4248542
corrego||do lambari|ribeirao do vigario|39720000|3,-1892099,-4248922
corrego||do xodo|corrego do xodo|39721000|121,-1887051,-4247390;151,-3,17
corrego||dos barbalhos|corrego barbalhos|39720000|1,-1883381,-4250532;2,60,58;3,-92,-108;4,110,128;5,42,61;6,-121,-97;10,221,109;11,-28,65;12,-17,-24;13,33,66;14,-109,-27;23,-35,-167;101,-98,-115;161,-2,1
corrego||figueirinha|corrego figueirinha|39721000|17,-1894149,-4252630
fazenda||dos perpetuos|fazenda dos perpetuos|39720000|250,-1880495,-4248383
praca|coronel|nico quincote|centro|39720000|8,-1882471,-4247950;18,-13,-8;28,-6,-2;38,-16,9;52,-5,7;70,-19,-28;78,-16,2;88,-1,2;218,61,21;236,12,2
praca||da matriz|corrego conceicao da brejauba|39721000|10,-1887188,-4247484;18,1,-1;28,-23,12;50,-6,1;56,6,3;218,31,11;222,-5,10
praca||joao xxiii|centro|39720000|4,-1882337,-4247937;10,3,3;30,13,18;40,1,-2;66,24,23;84,9,-27;120,34,-35;146,-28,10;180,-49,-1;186,50,-11;188,-2,15;200,-25,-6;220,-30,9
rua|coronel|nico quincote|centro|39720000|8,-1882344,-4247829;9,1,-3;10,-12,17;18,-1,-9;74,45,-34;76,-4,-22;78,7,-13
rua|mestra|cecilia|corrego conceicao da brejauba|39721000|3,-1887166,-4247494;4,0,21;16,23,-6;20,-8,-16;29,-7,-3;36,16,-1;39,-2,-43;50,29,22;54,-36,44;56,39,-33;59,78,-238;66,-89,235;69,3,-4;73,12,-25;102,70,-34;104,0,0;109,-50,38;128,22,-5;133,0,-14;135,9,-5;137,9,-10;143,6,-5;151,8,-4;152,-13,15;153,19,-18;154,-10,8;161,-9,-17;166,9,17;176,4,-5;186,-4,5;200,-68,75;202,-82,27;236,200,-131;266,102,-98;267,-71,57;278,0,11;284,6,-4;304,25,-18;306,16,-16;446,-246,187;544,365,-320;550,-27,-16;580,-14,-52;610,-211,303;620,169,-336;623,18,32;629,-10,-37;631,-27,1
rua|monsenhor|domingos|corrego conceicao da brejauba|39721000|40,-1887168,-4247527;60,8,-13;90,-14,-16;142,2,3
rua|nossa senhora|aparecida|centro|39720000|60,-1881297,-4248236;82,6,10;88,1,2;90,-7,-10;95,13,13;98,9,27;100,-144,-125;103,153,127;107,1,9;211,-5,-3
rua|padre|tiago|corrego conceicao da brejauba|39721000|1,-1887104,-4247279;25,-83,-136;37,55,148;44,17,-4;46,-33,7;47,-21,-79;48,62,65;54,-89,-61;55,100,63;57,2,-4;65,-102,-96;67,-2,13;240,45,101;260,3,3
rua|professora|esmeralda|centro|39720000|1,-1881874,-4248252;4,18,-5;5,-19,7;6,27,-13;9,-21,15;12,29,-19;14,6,-4;25,-23,11;28,37,-16;38,22,-16;43,-45,20;53,13,-4;57,18,-16;58,27,-10;59,-11,-2;62,24,-2;79,-16,-2;99,20,-8;111,8,-12;116,-1,8;117,20,-8;124,44,-33;176,17,-16;178,-31,30;198,4,-3
rua|sao|sebastiao|centro|39720000|29,-1882336,-4247699;30,0,-45;38,-14,23;40,-2,8;41,-20,160;44,23,-153;52,0,20;62,-8,8;71,8,15;81,-1,3;91,-12,10;92,25,-84;99,-21,95;107,16,6;108,-15,-13;123,-5,25;131,-8,8;145,8,21;152,-25,-1;166,6,15;177,11,10;183,-6,19;186,-3,-16;187,3,9;200,-5,9;201,5,-3;209,-4,14;210,-9,4;216,7,0;217,4,4;221,-2,7
rua|sao|vitor|centro|39720000|10,-1881359,-4249000;20,7,1;22,10,-11;23,20,-10;33,-9,6;42,3,-3
rua|vereador|jose francisco assuncao|centro|39720000|15,-1882197,-4246887;17,3,-5;23,8,11;25,3,2;27,33,1;29,-17,25;33,14,8;35,10,7;43,19,16;45,8,5;49,12,17;55,20,11;56,2,12;60,8,12;61,7,-5;63,1,0;66,-91,-78;67,110,95;70,-92,-77;80,81,80;541,28,10;551,64,-13
rua|vereador|jose paulo cunha|centro|39720000|20,-1881827,-4248162;30,3,18;37,-13,-36;40,-3,-4;44,1,-10;45,-6,3;59,-10,-8;62,25,-11;71,-22,6;74,-3,-7;79,-7,4;83,-12,-12;84,2,4;91,-9,-11;94,9,0;100,-40,-38;103,30,37;104,-30,-46;106,38,45;108,-50,-55;112,-7,-5;113,41,53;125,-4,-10;138,-6,-5;151,-11,-6;152,7,2;166,-20,-12;181,0,-7
rua||alice aguida de araujo|centro|39720000|10,-1881436,-4248358;23,22,-118;30,-24,113;49,70,-289;50,-64,233;56,-1,-2;59,29,-84;62,-40,109;70,16,-39;99,-12,18;100,204,-434;109,-190,405;119,7,0;120,5,-30;223,16,-79;271,9,-33;281,11,-10;340,76,-194;392,-48,102;394,31,-49;395,-41,49;396,48,-75;397,-41,65;398,44,-67;400,-10,30;402,4,-12;405,-21,30;415,2,-2;428,80,-74;430,-123,208;438,141,-185;440,-136,160;442,10,-15;444,-9,1;445,-6,13;450,4,9;456,-15,48;458,7,-13;460,244,-323;470,-224,244;480,110,-192;493,159,-101;495,-4,13;600,-42,37;605,-27,4;620,27,-4;624,18,-21;635,-5,2;636,26,1;639,-21,-6;640,25,-16;685,-189,120;688,25,5;691,-12,-16;696,-31,37;770,71,-46;772,-14,-15;780,-23,22;850,77,-43;900,-26,9;910,6,-3;915,6,-11;920,-22,24;930,-41,24;940,89,-51;945,73,-53;950,-61,43;990,28,-18
rua||alvaro rabelo|centro|39720000|5,-1882244,-4247135;7,18,212;9,6,10;95,-6,-72;119,-13,18;125,-4,13;127,2,-8;140,-33,-302;150,-6,9;155,4,13;160,6,-74;165,-14,83;169,1,-2;177,0,20;249,56,146;250,-8,5;273,14,26;281,10,-2
rua||antonio honorio pimenta|centro|39720000|29,-1881279,-4248236;110,5,-2;119,10,-6;129,2,2;132,15,8;135,14,0;140,-3,2;145,-9,-15;155,42,22;160,-14,7;192,10,0;195,24,-4;201,-10,-2;202,4,4;219,13,-6;227,50,-67;240,-39,72;247,66,-79
rua||antonio perpetuo|centro|39720000|10,-1882255,-4247958;20,11,-12;30,-2,-6;41,9,-14;63,16,-6;68,-1,4;72,5,-11;75,9,1;76,-3,-8;83,7,0;84,2,1;87,3,-2;89,426,-140;96,-419,117;116,6,4;119,-16,30;120,26,-24;126,39,16;129,-34,-22;149,12,-4;166,3,-10;181,24,-16;187,12,4;189,-8,-8;191,5,-11;193,-1,17;194,1,4;203,-1,-16;204,8,-9;213,4,13;216,9,-7;220,5,-7;221,1,3;229,3,-3;231,4,-5;241,16,-1;250,-1,14;251,11,-14;256,-11,-4;261,12,-4;268,-3,-1;278,22,-7;279,-5,2;280,-11,-2;285,12,0;287,1,-10;297,2,0;300,0,-2;307,12,2;308,1,9;310,7,-8;317,-2,-4;324,9,1;340,20,-5;341,-4,-6;343,-1,-3;350,9,11;355,-5,-8;361,7,-14;362,2,3;368,5,13;369,-2,-6;373,13,-21;374,8,39;375,1,-30;376,0,6;395,2,-17;401,13,10;411,11,-11;412,-8,15;414,20,12;419,-9,-16;426,15,5;429,-5,5;430,64,-9;440,-52,8;441,-3,-7;451,9,-1;452,-2,-3;461,20,5;463,-4,2;464,2,0;470,6,0;481,9,-6;491,10,-1;495,12,-5;503,15,3;529,4,-5;539,4,1;543,31,6;587,18,-1;636,62,-15;639,0,4;645,3,2;657,9,-3;665,6,-4;673,7,-3;674,-5,13;683,11,-12;690,2,2;695,24,-1;696,-8,19;698,17,-9;703,-8,-10;704,-1,60;717,0,-60;719,13,-3;737,6,-22;744,-8,41;746,3,14;748,-1,4;749,21,-38;752,-12,6;754,6,0;764,3,3;767,16,-11;770,7,10;784,6,0;794,7,4;797,5,-19;805,9,-7;814,-7,16;832,17,-19;840,5,-5;845,1,-5;850,3,-2;853,17,-20;855,-17,17;857,13,-13;859,8,-9;860,-12,11;880,37,15;900,-10,-28;905,1,-16;915,4,-4;916,-4,11;925,36,-38;926,-32,38;936,14,-8;956,9,-20;967,25,-13;970,-12,-6;971,5,-11;980,1,9;1000,22,-19;1005,6,5;1007,3,-24;1023,6,-1;1038,13,-3;1040,-4,3;1050,-2,-4
rua||arlindo lopes correia|centro|39720000|11,-1882713,-4247435;21,3,2;41,-79,114;101,32,-11
rua||boa vista|corrego conceicao da brejauba|39721000|50,-1886860,-4247962;52,-11,17;53,-8,8;54,21,-24;675,-24,23
rua||b|centro|39720000|5,-1881703,-4248584;10,7,5;15,-19,-30;20,9,5;25,-7,-17;30,4,12;35,2,-24;40,0,14;45,-4,-18;50,3,12;60,1,-3
rua||claudionor ferreira|centro|39720000|3,-1881314,-4248770;7,-7,-11;10,-31,-100;20,1,17;26,26,61;33,-14,-20;35,-217,-96;37,225,114;39,-203,-114;41,199,103;50,-2,-5;56,1,-16;64,6,14;75,-15,-15;77,-9,-9;85,-3,-5;120,-189,-64;129,122,38;156,-11,-8;217,-11,4;235,-24,-9;237,-7,-3;240,-1,-6;250,-14,-2;275,-19,-1;388,135,41;390,-16,-5;400,-4,-1;415,-12,-12
rua||c|centro|39720000|10,-1881673,-4248641;20,-13,-7;30,-17,-3;40,-8,-5;50,-11,2;55,-12,5;60,8,-3
rua||davina bernadina|corrego conceicao da brejauba|39721000|104,-1887090,-4247407;111,4,0;151,27,24
rua||eloi magualhaes|centro|39720000|18,-1882463,-4247957;25,7,3;32,-6,22;36,14,-28;45,10,6;47,10,1;52,-2,4;67,23,3;80,-19,-2;83,23,-3;94,-2,6;95,12,-6;100,21,5;103,-14,-6;111,12,5;121,7,-1;122,-1,8;133,20,-12;134,-6,24
rua||francisco soares do carmo|centro|39720000|20,-1882713,-4247296;26,-5,3;30,-11,9;40,-5,1;50,-11,4;90,-37,15
rua||geralda jacinta de medeiros|centro|39720000|21,-1881612,-4248602;27,-7,15;31,0,17;210,-19,-74
rua||jean charles de menezes|centro|39720000|13,-1881684,-4248504;25,4,-18;37,-6,-10;46,7,44;49,2,-53;56,-1,48;61,0,-58;73,-4,-10;76,8,42;85,0,-50;86,-4,65;96,7,-38;97,-5,-34;109,0,-21;116,10,33;121,-7,-35;132,6,27;133,-6,-36;142,4,24;145,1,-28;156,-1,26;157,-2,-33;168,3,24;169,-1,-37;180,2,29;192,3,-11;204,-3,-9;216,10,-3
rua||jk|corrego conceicao da brejauba|39721000|8,-1887176,-4247420;13,20,2;48,6,2;63,17,0;64,-2,3;83,6,-3;86,10,11
rua||joao da costa lemos|centro|39720000|8,-1881335,-4248224;20,77,134;26,-169,-208;28,168,204;60,-18,-28;71,-54,-78;72,-2,-1;79,17,28;91,0,-7;99,19,27;177,-24,-24;221,28,33
rua||joao zuri|centro|39720000|6,-1882188,-4246976;16,7,2;18,12,15;39,-28,-37;95,-14,-8;97,11,6;125,19,13;131,1,9;140,17,22;261,-51,-44;279,-2,-17
rua||joaquim bentim|centro|39720000|8,-1882642,-4247502;47,-5,-12;132,-5,44
rua||joaquim de souza sobrinho|centro|39720000|8,-1881204,-4248226;11,-14,10;15,-1,13;16,-5,-3;31,-5,2;35,9,9;43,10,16;53,-12,3
rua||joaquim de souza|centro|39720000|23,-1881754,-4248306;42,3,7;44,0,12;47,8,3;52,-11,-27;57,9,33;58,-5,1;63,11,10;69,-3,10;76,108,99;79,-104,-88;82,-6,2
rua||joaquim ferreira|centro|39720000|20,-1881328,-4248911;25,0,3;50,30,-16;70,-8,4;95,6,-4;161,-40,24
rua||joaquim magalhaes pinto prata|centro|39720000|3,-1882189,-4246934;5,-5,7;14,-4,13;26,9,-4;38,9,-10;39,-5,-15;48,13,5;94,-474,-506
rua||joaquim mariano da silva|centro|39720000|6,-1881423,-4248388;15,31,-19;26,-3,29;35,25,-87;80,-17,47;85,19,-56;90,-18,47;93,7,-16;95,17,-45;100,-16,49;120,8,-18;126,5,-14;150,-22,-54;341,15,7;420,-9,-38
rua||joaquina cunha|corrego conceicao da brejauba|39721000|31,-1887180,-4247518;41,-89,-22;81,88,5;139,-58,-11
rua||jose andre costa|centro|39720000|2,-1882261,-4247989
rua||jose antonio de sousa|centro|39720000|12,-1881518,-4248280;44,-21,-16;56,-9,-4;68,-4,0;90,-17,-19;100,7,-3;106,-16,-6;126,-13,-12;134,-127,-145;140,121,139;144,-130,-148;158,118,137;164,-13,-9;170,-11,-4;202,-18,-9;222,-5,-16;232,-12,5;240,-4,-23;254,-1,-3;272,-6,-7;274,-8,-22;302,7,-22
rua||jose antonio de souza|centro|39720000|9,-1881501,-4248264;13,-20,-4;25,-41,-44;31,41,30;37,-6,-3;53,-18,-11;65,-9,-7;75,0,17;91,-20,-32;113,-12,-9;125,-6,-9;129,-15,-8;139,-7,-3;161,-4,-11;171,-21,8;175,7,-19;183,0,-5;211,-15,-3;231,-16,-11;243,-13,-10;251,-3,-7;263,-5,-15;291,-16,-19;293,-4,-17;311,-5,-1;1000,-13,-36
rua||jose campos|centro|39720000|378,-1881944,-4248091;380,46,7;382,-45,14;384,20,-6;385,25,-9;386,-15,4;388,-32,-33
rua||jose cirilo de medeiros|centro|39720000|13,-1881776,-4248461;15,-10,-3;60,-48,-42;310,93,32;329,-15,10;330,2,-18;331,-15,36;335,-3,-1;341,-9,-13;351,-10,5;360,-8,-3;361,-7,17;376,-49,13;400,26,-49;596,-160,120;800,267,-121
rua||jose coelho sobrinho|centro|39720000|19,-1881522,-4248309;24,12,3;34,2,-4;49,-10,-4;54,26,-17;60,1,-4;61,23,-23;65,-23,25;67,19,-18;72,-13,7;75,20,-23;78,13,-9;80,-18,25;91,25,-29;102,-8,14
rua||jose de sousa filho|centro|39720000|20,-1881509,-4248333;30,-3,-12;33,4,12;43,-23,-19;53,-12,-7;59,35,29;61,-35,-28;66,-16,-19;67,32,19;71,-28,-13;78,-105,-153;100,72,119;114,10,10;118,-5,-4;120,-7,-10;126,-12,-8;135,18,25;153,-8,-3;168,-23,-28;171,-2,1;177,-3,-1;179,-13,-12;188,2,-5;189,-5,-1;208,5,-22
rua||jose diolino|centro|39720000|10,-1881533,-4248391;19,-83,-184;29,4,-22;38,-6,45;40,54,140;43,-42,-209;44,1,-27;46,4,-4;49,1,28;50,35,208;60,-51,-73;80,18,50;90,-2,-7;123,32,26;124,-2,3;150,-30,-222
rua||jose nicolau|centro|39720000|10,-1881679,-4248179;14,-2,-18;20,1,-10;30,-4,-21;50,-1,-20;66,-4,15;70,-2,-20;81,3,36;83,5,16;93,-6,-41;103,13,52;105,-4,8;695,4,9
rua||jose perpetuo|centro|39720000|30,-1881392,-4248908;35,-3,-1;40,-1,-20;45,-4,8;50,5,-8;55,0,1;58,-1,-21;78,-4,-14;80,-1,-9;100,9,-18;110,-2,-1;120,-5,60;130,-5,-38;140,0,-24;493,16,108
rua||jose presteiro|centro|39720000|36,-1881540,-4248945;40,-4,-24;50,1,-9;59,2,23;60,-11,-31;90,-2,-9;99,-3,9
rua||jose zacarias|centro|39720000|20,-1882757,-4247479;25,68,-52;45,-8,2;70,-7,14;75,40,-11;225,-115,141;243,8,-38;245,3,8;271,132,80;290,2,6;300,10,-6
rua||josefa ermelinda de araujo|centro|39720000|3,-1882831,-4248206;4,11,5;5,65,69;7,-94,-85;9,122,111;17,0,-7;21,8,-18;35,-33,-3;52,-16,-10;54,-6,-6;56,16,10;59,-35,-27;60,38,36;68,7,4;69,-48,-50;77,11,11;79,3,-2;80,17,24;85,-43,-45;99,-8,-5;109,-11,-4;160,-10,-17;175,37,-11
rua||julita perpetuo araujo|centro|39720000|21,-1881256,-4248117;26,0,1;30,46,-3;31,-22,-3;44,27,2;46,8,0;54,-10,0;140,-6,-3
rua||leopoldina severina|centro|39720000|5,-1881601,-4248124;10,-12,-1;12,0,1;14,-1,9;15,2,9;20,4,17;21,-2,1;22,-1,6;24,1,9;34,3,10;41,0,1;54,-9,33;60,12,9;71,7,19;81,-2,-9
rua||manoel gomes da silva|corrego conceicao da brejauba|39721000|21,-1887112,-4247429;35,34,-72;40,-20,83;69,-103,69;80,117,-103;82,-2,1;93,9,-35;110,-9,71;127,-11,8;137,-31,9;147,23,0;157,-3,6;168,-14,17;170,5,-10;178,-2,6;187,-4,10;199,-6,13;200,1,-14;202,-17,24;210,7,-8;217,6,-3;237,-43,-100;251,18,134;261,-11,6;287,-19,4;297,2,-11
rua||maria da conceicao morais|centro|39720000|56,-1881532,-4248361;57,36,-31;67,6,-9
rua||maria jose de araujo|centro|39720000|20,-1881589,-4248203;35,-15,-18;47,4,1;59,-9,-6;69,15,13
rua||maria jose|centro|39720000|8,-1881328,-4248854;10,23,-5;11,0,-4;12,3,4;15,7,-7;20,23,-22;41,-9,14;50,11,-8;60,-33,20;81,42,-27;101,-9,6
rua||maria madalena de oliveira|centro|39720000|3,-1881308,-4248420;5,-7,21;6,9,-15;8,3,-9;14,3,-2;18,6,-9;26,2,-11;29,-5,3;31,6,-12;32,4,2;34,2,-13;38,4,-5;41,-2,-12;42,15,5;46,-7,-9;51,-8,-2;68,14,-8;72,2,-10;91,-16,-8;98,-15,-3;111,26,-15;131,13,-10;155,-11,25;175,-25,0;192,27,8
rua||miguel perpetuo|centro|39720000|19,-1881356,-4248977;23,-4,53;25,1,-90;27,-4,62;33,5,-19;35,-3,-66;37,3,55;51,20,27;67,-26,-56;135,-31,-33;200,53,88
rua||olinda candida de souza|centro|39720000|9,-1881711,-4248136;11,12,20;15,4,5;17,-6,-7;19,13,28;25,4,6;27,7,7;33,-14,-8;37,-9,2;93,-8,3;115,-54,25;125,5,-11;135,48,-14;145,-22,4;151,1,-2;155,-9,17;195,-56,-3;197,0,-12;205,-4,-5;215,-13,-9
rua||osvaldo rabelo leite|centro|39720000|6,-1882706,-4247301;35,301,-202;101,-188,105;120,142,-71;121,18,-15;122,-32,22;131,12,-13;139,-45,25;141,17,-9;260,92,-61;290,-39,29;291,22,-6;295,-4,4;313,-121,58;362,-2,-17;378,2,-3;384,3,16;385,-14,4;386,-28,4;415,-13,16;424,-6,-1;483,-114,131;490,29,-85;500,-3,6;510,12,96
rua||pecanha|centro|39720000|2,-1881378,-4248310;14,15,-4;40,-31,3;50,-2,0;68,16,-3;1066,20,-2
rua||pedro ribeiro farias|centro|39720000|6,-1881701,-4248157;12,1,-21;38,-9,-34;49,5,20;52,-3,-26;59,1,9;63,2,-4;64,-4,-6;79,-2,-13;81,1,6;665,5,49
rua||planalto|centro|39720000|8,-1881884,-4248453;10,-5,-11;15,-5,-4;20,-1,-9;25,-5,-5;30,2,-5;35,-5,-5;40,1,-3;45,-6,-10;50,3,0;55,-4,-5;60,1,-21;65,-8,5;70,-1,-16;75,-3,2;80,-2,-12;85,-3,2;90,0,-7;95,-7,-9;100,5,-11;105,-6,5;110,0,-12;115,-3,2;120,2,-6;125,-7,-4;130,3,-10;145,-8,-10
rua||raimundo dias da silva|centro|39720000|11,-1882693,-4247462;35,122,-22;40,13,-9;45,-38,20;49,-10,0;55,-12,13;65,-10,-2;80,35,-18;140,-91,26;151,4,-9;155,-10,5;157,-14,-4;158,-25,0;449,1,9;450,-12,-3
rua||reginaldo ferreira|centro|39720000|52,-1881340,-4248945;72,16,-17;82,10,-5;106,27,-17
rua||sem denominacao|centro|39720000|35,-1881176,-4248875;60,61,18;128,-235,-197;132,12,-6;210,157,868;214,-3,27;216,4,-33;217,0,22
rua||sem denominacao|corrego conceicao da brejauba|39721000|544,-1887081,-4247409;545,-1,0
rua||vicente loloi|centro|39720000|5,-1881378,-4248632;14,-69,-187;38,43,134;43,-17,86;46,15,-94;54,-85,-141;70,86,87;72,-1,-30;76,-3,-18;113,-25,-18;121,32,59;445,24,142;453,-2,-10;455,-1,-14;473,-3,-10
rua||vicente medeiros|centro|39720000|21,-1882741,-4248168;30,-12,-7;31,16,2;36,2,-2;37,1,-7;38,9,-7;41,2,3
sitio||das flores|centro|39720000|1,-1882289,-4247772;10,-39,-34;15,-1,-2
