acesso||a rodovia mg353|centro|36160000|321,-2135553,-4304745;331,11,30
acesso||povoado tres vendas|tres vendas|36160000|112,-2136170,-4302743
avenida|governador|ozanam coelho|nova guarani|36160000|11,-2135067,-4305540;12,128,250;21,-120,-230;31,5,-2;41,4,15;51,5,1;61,7,18;81,28,-19;91,-11,45;101,-5,-4;105,14,25;111,-3,-5;121,6,-5;131,7,17;161,16,25;171,0,3;181,8,10;191,1,3;201,3,12;315,35,96;327,-2,19
avenida|prefeito|geraldo furtado sarmento|nova guarani|36160000|22,-2135147,-4305401;34,15,-7;44,7,-5;47,1,-15;54,10,7;57,-2,-11;60,162,-120;64,-162,128;65,-38,21;67,48,-37;74,0,7;77,2,-11;80,154,-111;81,-24,49;84,-119,68;87,0,-4;97,10,-13;104,-5,9;107,8,-10;114,10,0;117,3,-16;124,0,18;127,3,-17;134,7,2;137,3,-10;144,6,8;149,-2,-21;154,6,15;199,29,-33;204,6,8;209,5,-15;214,0,10;219,7,-11;224,2,-1;229,5,-15;234,25,-7;239,-16,9;244,-6,8;249,9,-8;254,9,-2
avenida||antonio de santis|nova guarani|36160000|28,-2134846,-4305544;33,36,42
avenida||avelino sarmento|centro|36160000|9,-2135797,-4304894;13,1,-5;14,-18,-9;17,17,10;18,-12,7;25,8,-4;28,-7,-16;35,-12,16;43,-4,1;48,-1,-16;54,-15,5;59,1,0;78,-19,-9;83,-10,5;159,22,-4
avenida||das bulganvilles|cidade jardim|36160000|19,-2135951,-4305406;29,-19,-2;49,-16,4;59,-4,-2;144,-22,3
avenida||das orquideas|cidade jardim|36160000|456,-2135872,-4305341
avenida||das tritomas|cidade jardim|36160000|38,-2136002,-4305454;48,12,0
avenida||dos girassois|cidade jardim|36160000|170,-2135882,-4305353;365,-11,12;385,-26,0;392,-16,2
avenida||dos hibiscos|centro|36160000|168,-2135826,-4305288;188,-1,-27
avenida||dos hibiscos|cidade jardim|36160000|95,-2135864,-4305286;136,-28,-3;146,-11,-2;156,-12,0;166,-9,0;220,-39,6
avenida||dos jasmins|cidade jardim|36160000|163,-2135824,-4305276
avenida||nova guarani|nova guarani|36160000|155,-2135324,-4305358;195,-20,14;240,101,-68;255,-27,8;260,109,-71;305,-36,20;318,-14,20;325,24,-29;328,-30,23;349,74,-74;419,72,-35;420,-89,73;421,1,-10;430,9,4;431,85,-75;440,-73,68;450,-1,2;455,96,-81;462,-87,77;467,99,-82;472,-81,66;479,86,-66;482,-87,65;492,10,-5;502,15,-11;512,3,-1;515,77,-62;524,-65,61;551,101,-96;564,-88,68;574,20,0;584,6,-13;594,1,-2;604,11,-10;614,0,-1;624,18,-11;634,16,-16
avenida||oscar alves vieira|centro|36160000|43,-2135683,-4305174;111,33,-50;116,28,-58;128,-25,49;160,-1,24;264,-48,40
estrada||barcas|barcas|36160000|12321,-2132829,-4296658
estrada||beira rio|guarani|36160000|18,-2133941,-4306902;29550,-755,1112;294300,1873,-2233
estrada||do mazinho|torneiros|36160000|1,-2135342,-4312100;2,-3,-148;3,-11,-49;4,-133,-214
estrada||estrada p fabrica faisca|tres vendas|36160000|36,-2136463,-4302412;78,14,-28;106,27,-10;118,20,8;170,64,-63;220,7,-1;258,17,-22
estrada||floresta|floresta|36160000|1951800,-2133569,-4302300
estrada||para o sitio rivello|nova guarani|36160000|668,-2135422,-4304641
estrada||passa cinco a igrejinha|passa cinco da estacao|36160000|8000,-2136214,-4313261
estrada||passa cinco do meio a estacao|caxias|36160000|550,-2135664,-4306744
estrada||passa cinco do meio a estacao|passa cinco do meio|36160000|688,-2132707,-4314922;2463,-3131,359
estrada||passa cinco rio novo|passa cinco da estacao|36160000|5,-2135690,-4312502
estrada||passa cinco|caxias|36160000|362,-2135182,-4307870
estrada||pirapetinga|pirapetinga|36160000|8,-2133260,-4304282
estrada||que vai para rio pomba|condominio jose antonio|36160000|20,-2131946,-4314241
estrada||que vai para rio pomba|passa cinco da estacao|36160000|20,-2131865,-4314255
estrada||que vai para rio pomba|passa cinco do meio|36160000|4580,-2134342,-4317060
fazenda||boa vista da estiva|sitio estiva|36160000|5,-2139505,-4305356
fazenda||fazenda boa vista|passa cinco da estacao|36160000|190,-2131424,-4314988
fazenda||graminha|passa cinco da estacao|36160000|20,-2132720,-4315941;688,15,1011
fazenda||riachuelo|tupi|36160000|10,-2142411,-4307000
ladeira||antonio barros coelho|centro|36160000|61,-2135911,-4304802;63,-5,25;98,-7,-11;106,2,20;115,-5,23;118,3,-10;138,-12,17
ladeira||bela vista|bela vista|36160000|30,-2136063,-4304522;31,2,3;48,-1,-1;51,1,2
ladeira||costa correa|centro|36160000|19,-2135828,-4304752;29,-1,-1;30,3,-10;37,-14,20;49,-8,3;72,-23,14;75,18,4;85,-12,5;111,-20,6
praca||15 de novembro|centro|36160000|6,-2135784,-4304670;16,13,-11;20,24,-20;32,-18,7
praca||antonio carlos|centro|36160000|10,-2135922,-4304926;86,28,7
praca||luciano coelho|centro|36160000|10,-2135761,-4304534;18,0,-2;28,-5,17;64,-4,6;88,8,5;94,12,0;100,0,7;106,20,16;118,-22,-57
praca||manuel luiz simoes|centro|36160000|9,-2135670,-4305173
rampa||do divino salvador|divino salvador|36160000|3,-2135714,-4304712;9,17,-11;17,21,-15
rodovia||353|caxias|36160000|8,-2133290,-4304319
rodovia||353|vereda tchan tchao|36160000|5,-2131623,-4302786
rodovia||guarani descoberto|centro|36160000|77,-2135782,-4305137;255,-265,-98
rodovia||guarani rio novo|torneiros|36160000|1,-2137266,-4307791;2,-75,-203
rodovia||mg 353|guarani|36160000|10,-2132305,-4303376;14,-29,64;15,3,-11
rodovia||mg 353|nova guarani|36160000|100,-2135218,-4304646;1000,370,-89;1050,60,5
rodovia||mg 353|pirapitinga 2|36160000|4,-2133344,-4303397
rodovia||mg 353|sitio morada nova|36160000|5,-2138107,-4308567
rodovia||mg 353|torneiros|36160000|1,-2138280,-4309126;19,-94,-517
rua|coronel|joaquim correa dias|bela vista|36160000|41,-2136048,-4304533;91,-37,-19;114,-17,6;115,19,-7;130,-32,8;148,-14,1;158,-12,14;161,0,-5;170,-10,14;178,-9,-2;181,18,-9;207,-24,18;210,-3,5;218,-11,-2;224,-21,0;226,9,0;227,8,-1;230,-23,14;237,17,-14;240,-24,13;250,-9,-7;251,25,-6;257,-11,6;265,-16,0;273,77,-27;281,-92,15;289,-4,3;305,-12,-6;310,4,8;370,-46,-7;380,-7,1;607,266,15;716,-115,-23
rua|coronel|ladeira|centro|36160000|7,-2135781,-4304649;20,-4,6;21,41,97;24,-27,-73;27,1,-21;33,48,110;41,-31,-43;45,-24,-43;46,4,-7;51,52,119;54,-50,-94;57,1,-11;61,5,1;63,44,104;64,-43,-102;67,3,5;78,1,0;79,12,21;85,-12,-4;88,3,-5;89,8,15;95,7,28;106,-8,-14;117,5,6;129,3,3
rua|deputado|joao vidal de carvalho|centro|36160000|61,-2135887,-4304685;65,6,8;77,2,-1;95,11,15;97,3,7;105,17,18;115,2,2;123,9,7;127,-89,-99;137,11,19;147,3,4;202,11,7
rua|doutor|armando xavier vieira|caxias|36160000|242,-2135680,-4305528;248,3,10;272,-5,-26;280,-1,-10;290,0,-2;298,2,-18;308,-6,-4;318,-3,-20;322,9,3;336,-1,-13;350,-12,-17;370,4,-8;390,24,-32;392,-11,5;418,-7,-18;444,-10,-24;454,8,-12;478,-6,-15;506,-19,-14;536,-15,-32;540,-9,0
rua|doutor|armando xavier vieira|centro|36160000|3,-2135543,-4305374;12,13,5;25,-24,-33;34,25,12;38,-14,6;48,-4,-8;62,-9,-20;78,-11,-19;82,6,15;104,-31,-16;110,-2,-10;134,-10,-8;144,-7,-11;148,-11,-4;150,-8,-7;158,-5,-8;200,-10,-6;325,52,51
rua|doutor|gavino fadda|centro|36160000|16,-2135916,-4304999;68,-14,49;70,-6,15;86,-1,7;98,-13,5
rua|doutor|getulio vargas|centro|36160000|2,-2135827,-4304788;10,15,-11;14,3,7;18,0,-15;21,5,1;26,-2,-5;27,2,1;28,-6,-5;32,-1,-2;33,0,-3;37,8,1;42,3,1;44,-4,-14;52,1,-3;54,-2,-4;55,-2,11;57,-1,-6;59,9,-12;65,-2,0;74,9,-15;79,-4,7;87,7,-18;88,2,3;95,-1,-11;108,1,3;110,0,4;116,3,-26;117,0,8;118,1,-11;126,4,-2;129,-3,-8;135,7,3;141,2,-5;142,-1,-2;147,0,-5;155,-5,-18;161,6,4;162,3,0;165,2,-4;167,8,-8;170,-13,4;173,9,-24;177,-13,13;182,8,3;192,4,-11;205,4,-14;213,3,-10;214,-5,0;224,7,-3;227,0,-4;230,2,-7;231,-1,1;234,4,-8;258,3,-24;259,-1,19;263,9,-8;266,-6,-19;273,-3,-3
rua|doutor|jose augusto|centro|36160000|45,-2135872,-4304968;49,-11,20;67,4,11;99,-9,35;105,-4,1;115,-11,16;124,12,11
rua|expedicionario|jose sobrinho rodrigues|bela vista|36160000|10,-2136312,-4304578;11,1,-21;31,4,8;51,4,3;68,-18,-25;72,1,13;75,38,41;82,-32,-36;85,30,44;92,-30,-30;193,-9,-41
rua|frei|damiao|sao luiz|36160000|35,-2135647,-4305920;65,15,104;95,-15,-32;100,49,85;105,-32,-107;110,30,105;120,-3,-11;125,-38,-119;130,35,97;140,-3,-5;145,-29,-86;160,27,75;190,-7,-29;195,-42,-104;200,32,77;205,-28,-92;225,-7,-8;230,58,162;240,-29,-88;251,-25,-71;268,17,43;280,2,-3;310,-16,-43;330,4,-1;340,-4,-10;350,-3,-15;355,-3,-19;356,-6,-3;551,7,10
rua|irma|marilac|centro|36160000|22,-2135847,-4304433;46,-5,-2;50,26,18
rua|prefeito|hildebrando furtado|centro|36160000|4,-2135947,-4304904;6,-20,48;10,8,-20;18,-14,29;50,-14,19;80,-2,18;90,-9,20;98,-4,7;108,9,-32;118,-20,49;128,1,8;130,57,-133;138,-61,137;148,-6,13;154,61,-132;158,-65,133;168,-6,13;178,-2,15;188,-1,18;238,-16,12;240,-5,4;244,1,2;250,7,19;266,0,12
rua|prefeito|jose gomes|nova guarani|36160000|28,-2134922,-4305313;44,16,-11;60,9,4;84,4,-14;92,21,-1;108,17,-6;128,9,-5
rua|professora|mathilde furtado mendonca|progresso|36160000|10,-2135299,-4304485;16,54,9;21,-121,-26;61,42,10;91,16,1;122,34,4
rua|vereadora|irene beatriz oliveira pinheiro|bela vista|36160000|19,-2136123,-4304501;67,-5,-10;70,28,37;85,5,-1
rua|vereador|gil alves ornellas|divino salvador|36160000|11,-2135713,-4304477;15,5,11;17,1,0;27,17,4;37,0,24;47,11,-9;67,11,15;77,10,4;91,18,6;107,2,3
rua|vereador|jaci pinheiro|nova guarani|36160000|17,-2135143,-4305196;36,1,36;48,-17,-51
rua|vereador|jesus ladeira|centro|36160000|20,-2135702,-4304734;30,5,-16;40,6,1;50,4,-7;100,33,-3;110,19,-5;120,5,2
rua|vereador|joaquim vieira de barros|divino salvador|36160000|17,-2135547,-4304662;26,-117,133;40,-4,-15;50,-4,-12;62,2,6;84,1,-38;88,1,41;92,-19,-50;95,35,114;104,-39,-120;116,0,-8;138,-6,-22;148,2,-8;150,264,43;160,-269,-59;170,11,-6;174,-8,-4;176,-1,-6;178,8,-17;204,13,-10;216,4,-16;224,10,-11;228,9,-1;230,8,-8;234,12,-3;238,-4,10;250,19,-3;258,12,9;262,9,5;265,-94,16;364,122,23;398,11,-4;400,0,0;405,-11,-3;422,26,26;432,1,9;442,3,0;452,11,15;464,10,4;482,9,8;492,7,11;508,8,9;520,21,8;560,-40,-39;610,33,20;638,13,7;648,14,-2
rua|vereador|jose ladeira pinto|sossego|36160000|2,-2135981,-4304467;11,20,17;25,-26,-15;26,-9,-1;70,26,14;160,101,97;163,-61,-67;227,73,74;261,12,18;291,22,20;300,30,19;311,-14,-7
rua|vereador|luiz de abreu moreira|centro|36160000|3,-2135862,-4304418;7,-25,26;20,43,-56;30,-15,6;40,-6,18;50,-5,6;88,37,-42;104,-18,22
rua|vereador|luiz de abreu moreira|sossego|36160000|11,-2135929,-4304352;23,12,-12;31,-9,5;43,-5,10;51,-5,-1;52,-109,200;63,99,-190;75,-8,8;85,0,8;99,-8,8;118,-8,16;121,13,19;124,-18,-9;130,-4,9;131,-7,-5;138,-22,58;142,73,-134;145,-53,90;162,0,8;171,-3,6;174,-5,15;183,-3,-10;210,-16,29;224,-2,9;225,-3,3;237,-3,19;251,-6,12;263,-5,6;285,-21,27;297,5,-9;309,-9,21;312,13,-4;320,-5,0;328,3,14;340,-18,6;352,-3,3
rua|vereador|raymundo alves ladeira|nova guarani|36160000|10,-2135090,-4305030;44,6,-36;77,8,16;159,-17,70
rua|vice prefeito|geraldo do carmo|cachoeira|36160000|10,-2136470,-4304685;20,-6,-1;30,-3,-8;40,17,13;50,-4,-41;60,-6,1;70,-3,-5
rua||abel buzinare|pirapetinga|36160000|100,-2132934,-4303779
rua||abel de almeida|cachoeira|36160000|37,-2136250,-4304611;39,2,-15;46,23,29;49,-32,-31;60,2,-7;63,-7,0;74,-5,-15;92,-1,12;99,-28,-16;100,5,-3;116,-5,-7;147,-20,4;155,-14,-5;158,-2,-9;164,-18,3;168,-3,-1;191,-17,10;200,-6,-14;201,5,22;210,-5,0;220,-1,13;221,-5,7;231,2,9;246,-4,-1;250,-187,105;251,178,-81;261,-8,6;262,6,-13;271,-11,19;272,9,-4;282,-15,5;291,-87,67;294,85,-60;304,-16,10;311,3,7;321,-11,6;324,-3,3;334,-3,0;350,-9,7;351,-21,5;364,6,0;374,-12,6;381,-11,6;394,7,-14;401,-36,16;2330,222,-134
rua||abilio vieira de abreu|centro|36160000|28,-2135691,-4305242;38,8,15;48,-2,-9;58,-10,-10;61,0,4;71,-6,-14;78,5,3;98,-4,-26;99,0,-7;131,0,-20;162,12,48
rua||abreu sobrinho|centro|36160000|11,-2135781,-4304978;12,10,1;30,-20,-12;41,-7,-1;49,-14,25;51,33,-18;52,-5,6;59,-39,-19;63,1,6;66,25,10;68,-22,-5;71,-16,10;72,9,-12;82,-13,-11;91,-12,1;93,5,6;110,-12,-5;118,-7,-2;136,-16,-9;146,-12,-9;158,-13,7;176,-14,-9;184,-1,10;189,-15,-15;192,7,2;203,-16,6;211,-6,-7;217,-4,0;224,-2,-9;225,-14,7;236,4,-6;241,-12,-2;246,-2,-6;256,-4,-5;261,-2,9;266,-6,-6;267,-4,2;268,-9,-2;269,-5,1;280,2,3;300,-15,-21;312,-6,-2;324,-19,-5
rua||adhemar de abreu|sossego|36160000|33,-2135919,-4304263;50,32,-43;70,-12,22;100,-17,16;122,-12,23;136,-7,13;141,28,-46;165,-45,83;175,0,2;206,-8,26;215,-2,6;230,-3,0;325,-2,16;335,-9,11;345,2,4;355,-8,20;365,1,5;389,-6,11
rua||altamiro de oliveira|caxias|36160000|549,-2135864,-4306070
rua||alzira maria de jesus|pirapetinga|36160000|212,-2133614,-4303968
rua||amantino vieira da costa|nova guarani|36160000|43,-2134905,-4305275;50,8,3;59,-4,-6;64,18,-6;75,5,-6;80,6,5;91,8,-11;94,5,5;107,10,-8;110,-2,5;123,15,-14;130,-6,-4;137,16,0
rua||antonio alvares|centro|36160000|115,-2135956,-4304896;125,-5,3;135,-3,7;149,-3,15;159,5,11;171,-8,4;175,10,-33;211,-24,71;225,-5,12;227,0,5;245,-7,10;251,0,4;259,-6,14;285,-6,11;313,-10,34;325,-5,8;349,-13,27;359,-2,4;367,-8,20
rua||antonio bernardino|centro|36160000|10,-2136098,-4304666;46,7,43;51,-2,7;58,-17,-4;60,-8,-2;69,15,6;78,-21,-1;81,12,-9;88,-26,19;91,19,-10;98,-25,5;100,-8,-8;101,21,5;110,-23,6;111,9,10;121,-8,-5;122,-12,-3;123,-3,9;133,-11,2;140,5,-8;160,-24,16;161,14,-7;170,-20,5;171,7,-6;180,-18,1;181,8,3;190,-5,-2;193,-15,-6;205,7,9
rua||antonio buzinari|sossego|36160000|15,-2136005,-4304193;16,-55,-32;26,6,2;31,8,5;36,2,-3;41,9,6;56,0,-1;87,29,40;99,13,-10;107,-15,-5;108,6,5;237,-15,-10
rua||antonio soares de mendonca|nova guarani|36160000|15,-2135083,-4305372;25,11,-11;35,7,-3;45,4,-8;54,22,-5;55,-6,-2;64,11,-1;65,-9,4;74,22,-11;75,-7,0;84,15,-6;85,-15,-1;96,22,-6;146,31,-21;150,63,-50;151,-83,66;155,18,-26;156,16,1;165,-5,-11;166,8,8;175,-1,-7;176,17,6;185,-9,-12;186,13,-4;195,-10,-4;196,12,-7;205,-1,-1
rua||antonio t de oliveira|pirapetinga|36160000|132,-2133395,-4304208
rua||arthur benevides|bela vista|36160000|64,-2136093,-4304567;94,-33,-4;108,-4,4;118,2,0;128,-22,6;142,-13,3;152,-10,9;162,-10,1;166,-8,1;204,3,5;216,-14,-1;228,-2,5;244,-8,2
rua||ary liziero|nova guarani|36160000|18,-2134902,-4305224;28,15,-4;29,6,-6;42,3,4;43,24,-15;58,-4,6;59,3,-10;72,11,4;73,1,-6;86,3,6;89,7,-9;100,9,1;103,7,-10;112,-9,2
rua||augusta lodron|pirapetinga|36160000|72,-2133365,-4304258;82,-6,8;89,12,-31;119,-29,72;122,0,-12;129,1,4
rua||augusto f lodron liziero|caxias|36160000|21,-2136196,-4306766
rua||benedito valadares|centro|36160000|11,-2135726,-4305084;31,18,-20;34,3,13;57,7,-28;60,1,6;84,19,-28;90,7,-6;114,3,-6;135,22,-40;138,-4,27;157,21,-55;162,-5,19;164,14,-18;177,0,-16;189,8,-14;192,7,9;220,1,-8;222,21,-22;230,-21,23;232,26,-24;238,-22,4;242,23,-10;255,17,-32;258,-13,26;268,3,-9;289,8,-6;302,15,-23;303,3,-6;310,5,-5;316,-14,21;346,19,-24;352,3,-10;361,-12,24
rua||conceicao parreiras manez|divino salvador|36160000|21,-2135591,-4304568;22,-4,-9;29,3,2;37,0,-5;40,-7,-19;61,-4,1;67,-4,-13;77,-1,0;85,2,-5;277,17,51
rua||c|progresso|36160000|12,-2135373,-4304526;15,72,8;31,-50,-8;41,13,-2;42,-4,3;51,10,0;52,-17,3;61,29,0;82,9,8
rua||da passagem|centro|36160000|5,-2135971,-4304459;11,24,-62;16,21,-9;25,-26,18;40,-4,5;51,-8,23;62,-5,3;63,5,-10;97,14,-26;107,4,-14
rua||das acacias|bela vista|36160000|3,-2136133,-4304380;9,-11,5;19,1,19;20,-1,-20;29,-4,25;30,-4,-6;39,1,13;40,-2,-13;49,-2,14;50,1,-7;59,-8,18;60,9,-7;69,-12,15;70,3,-8;79,-7,16;80,4,-11
rua||das palmeiras|bela vista|36160000|10,-2136224,-4304438;65,39,15;75,9,5;86,-18,-16;96,3,-1;144,-24,7;152,40,3
rua||das violetas|cidade jardim|36160000|7,-2136031,-4305307;27,-4,-139;33,9,129;50,-3,-8;70,-1,-21;90,0,-27;99,-4,-15;100,4,8;119,-6,-32;139,2,-20
rua||divino salvador|divino salvador|36160000|27,-2135569,-4304589;30,-10,-23;37,6,27;47,1,9;57,6,12;67,-5,5;297,-1,-35
rua||domingos mendes peixoto|centro|36160000|25,-2135904,-4304531;26,-17,3;34,13,9;35,14,2;36,-17,-3;50,93,42;52,-70,-36;53,12,10;54,-20,-13;64,13,7;65,19,7;74,-20,-2;79,24,4;88,-8,5;90,21,0;98,-12,2;108,6,4;109,11,4;118,-6,-1;119,16,8;128,-3,-4
rua||dorymendonte alves simoes|caxias|36160000|4,-2136075,-4306517;31,377,944;47,-2,-21;75,-81,-253;78,41,57;80,-435,-906;92,428,896;116,-18,-17;126,-7,-25;130,-420,-887;136,431,885;143,-393,-800;146,388,788;156,-3,-1;166,-9,-11;176,-37,-77;196,32,50;207,-41,-111;210,44,101;239,-29,-63;240,7,19;250,6,-2;277,-75,-238;316,55,171;326,-12,-10;331,-14,-68;336,11,50;351,-25,-63;354,72,216;366,-18,-1;368,-34,-171;380,-4,-17;386,51,163;391,-79,-211;396,25,41;410,-71,-140;416,64,114;437,40,128;456,-72,-157;466,6,-16;467,56,151;476,-51,-163;516,-16,-11;520,-10,-15;526,95,238;533,-131,-297;536,101,205;543,-114,-225;549,103,205;567,-107,-217;568,32,33;577,-35,-52;587,-85,-139;596,114,195;626,64,115;693,-32,-46;695,-194,-352;703,187,322;713,-2,2;723,0,-7;726,3,2;753,-30,-26;900,-162,-304;1299,-69,-106;1767,-11,-35
rua||dos lirios|cidade jardim|36160000|19,-2135982,-4305296;39,2,-28;49,-1,-12;93,0,-42
rua||elias dominato|sossego|36160000|12,-2136082,-4304186;21,10,5;22,-7,-4;32,9,3;33,11,7;42,-8,-3;43,10,4;83,32,23;92,2,5;93,6,-20;102,5,17;104,1,20;201,-3,-14;244,39,-34;288,-17,33
rua||elias dornellas da costa|divino salvador|36160000|38,-2135620,-4304565;45,-16,-13;46,14,-1;62,-10,-6;70,-1,-12;75,-4,-17;78,2,20;86,-3,-20;106,-2,6;117,-14,-60;174,0,14;257,24,78
rua||eneas delveaux|centro|36160000|50,-2135763,-4304709;64,-10,-6;76,-7,-12;88,-5,-6;102,-6,-19;112,-6,-3;124,-3,-10;138,-9,-4
rua||ernesto magalhaes faria|pirapetinga|36160000|26,-2133317,-4304255;61,-5,19;71,5,0
rua||felisberto vieira|centro|36160000|6,-2135859,-4304744;16,-9,-8;19,-15,-8;26,11,2;33,-16,-6;44,5,-2;62,-13,-11;63,-6,-9;109,-33,-13;116,-5,-7;131,-10,-6;134,4,0;146,-12,-16
rua||floriano peixoto de toledo|nova guarani|36160000|3,-2134884,-4305476;20,-82,-118;30,0,-4;40,12,28;50,2,-2;90,16,34;100,2,2;101,16,4;110,-4,9;120,-2,1;130,9,14;131,10,-2;147,13,15;160,-4,12;170,5,-2;180,4,13;190,8,5;200,6,13;236,18,29;248,3,6;251,0,-12;266,9,24;273,12,3;282,-8,16;304,10,25;305,1,-16
rua||francisco da costa|divino salvador|36160000|16,-2135682,-4304502;41,14,-3;67,73,-31;77,26,-4;85,-45,16;97,-12,0;107,-2,8;136,-50,13
rua||gastao furtado mendonca|pirapetinga|36160000|14,-2133380,-4304335;33,-6,19;34,-4,-2;43,1,11;44,1,-8;53,-5,20;54,-3,-15;63,-6,22;64,2,-8;73,-2,20;74,-5,-8;84,-5,7;93,4,11;94,-7,-7;103,-4,33;104,-1,-18;113,9,26;114,-12,-20;123,-1,22;124,-2,-12;134,-5,5
rua||geraldino gomes correia|nova guarani|36160000|10,-2135060,-4305271;13,55,26;15,-55,-35;20,11,15;31,2,-4;40,17,7;45,10,-2;57,-1,5;60,9,6;61,-3,-3;70,4,11;80,22,13;81,-10,-11;85,-1,-3;90,21,21
rua||geraldo de oliveira sobrinho|nova guarani|36160000|59,-2135165,-4305146
rua||geraldo paradelo de souza|tres vendas|36160000|19,-2136119,-4302668;23,7,27;31,-2,-15;45,-4,-10;51,-40,-3;85,37,-38
rua||guilherme m tavares|pirapetinga|36160000|21,-2133564,-4304059;41,-6,16;51,-7,10;61,1,9
rua||guilherme pires de queiroz|pirapetinga|36160000|9,-2133542,-4304007;15,3,-6;25,5,-8;32,2,-7;35,2,-2;42,-2,-5;45,8,2
rua||idalino de araujo|caxias|36160000|23,-2135875,-4306234;79,22,44;89,7,21;99,6,11;109,5,3;119,-9,5;149,19,29;486,-29,-72;518,-10,-14;536,-1,-3
rua||ipe|bela vista|36160000|11,-2136205,-4304432;21,-10,19;22,7,1;31,-15,9;32,7,3;41,-7,6;42,1,-8;51,1,12;52,-7,5;61,-6,9;62,4,-3;71,-6,10;72,1,1;81,-4,2;82,0,4;91,3,11
rua||itagiba belarmino de almeida|nova guarani|36160000|19,-2135019,-4305145;29,-5,1;39,-6,-2;42,-1,-8;49,-8,8;56,-1,-14;59,-6,10;68,-3,-14;69,-9,7;79,-10,-5;82,6,-6;89,-10,2;99,-8,-4;109,-13,-8;110,7,2;119,-6,6;122,-12,-16;129,-1,9;136,-1,-9;139,-13,1;150,0,-8;153,-10,8;162,4,-11;174,-23,-17
rua||jaime costa correa|cachoeira|36160000|11,-2136408,-4304642;21,-44,-26;22,16,22;36,4,0;41,-32,-37;51,-8,-8;66,42,33;81,-45,-39;96,43,51;209,10,-5
rua||jatoba|bela vista|36160000|11,-2136118,-4304362;19,-12,11;29,-18,8;39,17,1;49,-10,14;50,-2,12;59,5,-6;79,-10,12;89,0,8
rua||jesus marques de abreu|progresso|36160000|12,-2135386,-4304482;15,88,16;17,59,20;20,-123,-22;22,25,3;81,78,13;112,-37,-4;121,11,-5;122,-25,-6;132,32,15;171,50,-3
rua||jesus paschoaline de macedo|nova guarani|36160000|2,-2135050,-4305105;12,-78,-31
rua||joao de abreu moreira|nova guarani|36160000|19,-2134929,-4305090;31,-5,-81;38,-2,106;41,3,-101;51,-1,9;61,6,17;71,-3,5;81,1,10;91,25,8;101,-27,17;111,5,6;121,6,10;131,-1,11;132,-24,8;141,21,0;151,-21,11;161,28,9;171,-4,5;181,2,6;191,-2,-3;201,20,25;211,-16,21;221,9,-3;231,8,1;241,-8,19;251,3,8;261,4,7;271,14,14;291,-16,17;301,2,11;311,0,5;321,-4,50;351,23,-4;362,-27,5;382,-4,14;392,-2,11;442,-3,46
rua||joao ferreira laje|cachoeira|36160000|47,-2136491,-4304650;67,2,19;76,-42,41;97,15,-16
rua||joao pereira laje|cachoeira|36160000|76,-2136444,-4304645;83,-38,48;86,21,-39;99,-31,44;106,22,-23;109,-32,31;119,-4,7;129,-8,11;136,30,-29;139,-38,31;146,34,-24;149,-34,43;156,32,-37;159,-42,34;166,30,-30;176,-3,11;186,-11,7;196,3,12;210,-19,7;220,-4,7;230,-12,6;240,-1,4
rua||joaquim costa correa|nova guarani|36160000|28,-2135023,-4305332;41,-135,-100;44,146,101;53,-148,-95;116,192,142;153,-130,-92;175,26,7;176,1,10;189,19,-3;190,-10,6;205,20,-4;410,-122,-102
rua||joaquim gabriel|pirapetinga|36160000|25,-2133422,-4304349;55,-17,46;85,-9,11;115,-8,22;122,22,-70;125,-26,71;135,-5,18
rua||joaquim teixeira de oliveira|centro|36160000|17,-2136144,-4304161;228,93,-190;238,-6,17;248,-6,19;278,-22,2;322,-32,41;333,30,-28;343,-4,12;344,-37,42;370,-4,16;383,89,-442;392,-103,468;393,108,-442;395,-7,-4;434,-112,482;464,-11,35;473,142,-433;475,5,2;489,-122,383;490,95,-192;497,-83,176;504,105,-353;509,4,-7;521,6,19;528,-5,-9;530,4,26;533,5,1;538,-67,200;572,63,-157;586,3,2;595,-11,4;599,6,45;614,0,-23;644,-2,22;646,-5,22;663,0,4;670,3,10;672,-10,-1;673,1,0;674,2,8;707,-4,15;775,-36,46;821,-35,53
rua||joaquim ventura|bela vista|36160000|20,-2136216,-4304454;30,0,-14;40,2,-13;50,2,-7
rua||jose alvico|centro|36160000|12,-2135513,-4305383;28,10,4;30,-30,21;32,31,-35;39,7,-3;49,2,-10;50,-5,9;51,12,-20;56,-4,9;58,17,-26;77,-2,-4;86,-13,39;89,19,-47;94,-6,18;97,12,-21;99,11,-4;104,-14,13;117,13,-14;122,-6,8;132,11,-9;134,-5,5;178,35,-33
rua||jose baesso|centro|36160000|32,-2135825,-4305020;42,1,-10;52,5,0;55,2,-22;62,-1,8;72,7,-12
rua||jose batista da gama|pirapetinga|36160000|7,-2133501,-4303986;14,41,11;23,-37,-13;33,4,-8;34,38,11;43,-34,-21;44,42,14;53,-36,-24;54,37,22;59,42,-43;63,-75,9;64,35,22;73,-29,-26;74,37,12;80,3,-1;83,-38,-19;94,45,5;104,3,-4
rua||jose da silva|centro|36160000|92,-2135561,-4305448
rua||jose de melo baesso|bela vista|36160000|95,-2136200,-4302679
rua||jose de melo baesso|campo|36160000|7,-2136137,-4302525;69,-49,-29
rua||jose de melo baesso|tres vendas|36160000|7,-2136135,-4302520;16,-63,-14;60,-40,-174;95,40,20;138,-11,36;158,-12,-1;262,-29,-81
rua||jose marigo|caxias|36160000|1250,-2136127,-4306638
rua||jose norberto de macedo|cachoeira|36160000|21,-2136444,-4304584;31,-6,-9;41,-5,-8;51,-10,-7;60,-7,-2
rua||jose tenchini|divino salvador|36160000|22,-2135561,-4304510;29,-4,2;39,1,-8;48,11,-1;57,-7,-26;58,0,18;78,11,-14;88,3,-11;97,0,-7;104,14,-1;116,2,-10
rua||jose vieira de souza|centro|36160000|9,-2135799,-4304658;28,-16,15;41,-3,9;42,-1,-7;51,-7,15;61,-6,7;85,-14,13;112,-14,8
rua||josino dias moreira|caxias|36160000|55,-2135795,-4305842;72,-4,-6;82,-3,-8;92,-5,-11;100,-12,-21;137,14,72;144,-118,-289;157,74,197;176,9,-18;177,-14,-5;184,4,-19;193,-7,13;194,7,-23;200,-21,-59;203,10,78;222,-15,-92;227,13,66;231,-20,-83;232,7,6;238,20,75;247,-13,-8;248,10,-8;257,-22,-89;260,20,87;271,-11,-9;272,3,-1;280,-1,-7;285,-5,-2;297,-15,-95;298,13,50;299,11,23;312,-9,5;329,-32,-123;341,25,66;358,-1,7;365,-6,-19;397,-3,-31;407,-5,-1;410,-37,-82;441,27,46;453,-11,-16;465,-4,2;477,0,-10;501,-23,-30;523,-16,-15;549,-32,-21;584,121,261
rua||ludovico alexandre dusi|sossego|36160000|8,-2135998,-4304290;17,2,0;20,-11,-10;25,0,2;27,4,5;34,-13,-9;37,3,2;47,-6,2;130,24,12
rua||manoel c de oliveira|nova guarani|36160000|27,-2134999,-4305176;41,-13,-17;55,-12,-7;68,7,-2;69,-22,-8;83,-9,-1;88,13,1;95,-25,-6;98,13,12;108,-6,-8;109,-18,-8;120,5,8;123,-13,-14;130,6,0;137,-14,1;149,-18,-12;156,2,-3;166,-12,-6;169,-1,3;176,-14,-5;185,-10,1;186,8,-4;196,-9,1;205,-8,2;206,-2,-5;216,-11,-5;436,180,74
rua||manoel carvalho|centro|36160000|7,-2136011,-4304730;14,65,68;22,0,0;26,-56,-56;33,13,3;34,56,68;42,-28,-30;53,-17,-24;54,36,39;68,-34,-37;70,69,76;77,-61,-67;84,8,12;85,2,-3;92,66,79;100,6,3;140,8,11
rua||manoel pereira pinto|pirapetinga|36160000|5,-2133431,-4303946;15,-24,-19;25,1,-4;35,2,-11;45,10,-16;55,3,-1;65,-4,-7;75,6,-9;85,7,-16;175,-52,105;185,-7,13;195,0,1;205,-3,10;215,-5,9;225,-5,11
rua||margarida xavier vieira|pirapetinga|36160000|29,-2133331,-4304320
rua||maria lucia de santis sica|nova guarani|36160000|76,-2134809,-4305578;88,6,9;99,13,5
rua||maria mendonca|pirapetinga|36160000|47,-2133250,-4304178;88,19,-38
rua||mario ladeira halfeld|pirapetinga|36160000|15,-2133383,-4304010;24,95,-229;41,8,22;71,-5,25;86,-164,295;90,48,-91;104,91,-176;106,-113,221;116,5,-9;241,31,-48
rua||matilde tenchini moratori|caxias|36160000|11,-2135927,-4306017;51,-47,-21;174,35,-38;226,9,34;247,2,16
rua||miguel t filho|nova guarani|36160000|13,-2134906,-4305411;25,12,17;37,6,6;51,4,6;65,6,15;80,5,13;83,4,2
rua||murilo dias carias|nova guarani|36160000|59,-2135033,-4305023;90,68,-201;100,-4,12;197,-121,288;409,121,-285;411,-8,19;423,-1,8;435,-8,14;446,-6,-3;447,5,16;458,-11,0;459,8,11;470,-10,0;471,5,8;483,-6,12;495,-6,11;507,-1,12;519,-3,9;531,-3,13;532,-6,-7;543,0,12;544,-3,4;550,7,-30;555,-9,40;556,-1,-10;567,-1,18;568,-4,4;579,3,8;580,-4,2;592,-2,9;603,-1,15;604,-3,-3;616,-3,10;627,2,12;628,-4,-4;639,1,18;640,-4,-8;651,4,17;652,-9,-1;664,-4,10;674,-2,11
rua||nadir m de macedo|cachoeira|36160000|11,-2136401,-4304665;24,-15,-15;27,10,7;30,6,5;44,-12,-29;47,-6,-4;64,-2,-6;94,-2,-19;107,-3,6
rua||natal bonfa|bela vista|36160000|28,-2136090,-4304503;41,-26,3;51,-8,18;61,-7,14;71,0,-8;72,0,-5;81,-5,7;82,3,-2;91,-13,17;92,13,-14;102,-7,13;112,-10,6;115,-12,16;122,11,-8;125,-12,15;132,-1,-7;135,4,2;140,9,-14;142,-13,19
rua||nelson jose de souza|nova guarani|36160000|13,-2135016,-4305341;23,12,-8;33,6,-10;43,15,1;53,0,-10;63,12,-9;110,25,-9;113,8,-15;123,9,-3;133,9,-7;143,8,-9;153,2,-2;163,8,-3;222,6,1
rua||nicola concentino|bela vista|36160000|58,-2136080,-4304508;65,9,24;68,-12,-26;70,13,26;75,7,6;99,-6,-2;121,-6,5;131,0,-16;139,-3,-5;147,-3,-8;157,-10,-7
rua||octavio furtado sarmento|nova guarani|36160000|164,-2135308,-4305227
rua||oiti|bela vista|36160000|9,-2136171,-4304396;19,-3,9;22,-1,-4;29,-10,9;32,6,-3;39,-5,14;42,-3,-7;49,-2,6;52,-1,7;59,0,0;62,-1,-1;69,-6,16;72,-1,-10;79,2,13;82,4,-4;89,-15,10;92,7,-7
rua||orpheu braga|divino salvador|36160000|30,-2135611,-4304651;113,65,65;121,13,12;146,1,1;174,-4,-5;184,-3,5;204,-40,-30;218,5,9;224,-3,0;233,-33,-64;234,29,37;244,-30,-38
rua||oswaldo vieira de abreu|centro|36160000|19,-2135816,-4304770;21,25,90;31,1,-20;47,5,-25
rua||otaviano toledo junior|cachoeira|36160000|34,-2136375,-4304691;44,-6,-16;58,-6,-6;65,4,6;75,-5,-13;200,-2,52
rua||otilio vidal|sossego|36160000|21,-2135966,-4304327
rua||ovidio furtado do carmo|centro|36160000|10,-2136075,-4304606;14,-8,-4;20,7,6;30,10,4;46,9,-1;84,17,29
rua||pedro lopes de abreu|sossego|36160000|29,-2136035,-4304248;39,17,-1;40,-10,-2;46,7,2;49,9,2;87,23,25;91,3,-2;106,9,-1;113,-10,4;114,12,-1;196,-38,-25
rua||raimunda rosa pereira|pirapetinga|36160000|20,-2133506,-4303988;30,9,-4;40,0,-13;50,7,-12;60,1,-4;70,5,-15;80,4,-8;90,8,-6
rua||raimundo arcangelo|tres vendas|36160000|5,-2136176,-4302644;6,-1,2;12,19,-9;15,-21,7;16,61,-41;30,-52,16;46,3,-24;52,13,-2;77,-28,12;89,-12,-10;95,-6,0;96,33,-53;103,-43,69;131,30,-77
rua||raimundo de morais sarmento|sossego|36160000|31,-2136040,-4304110;38,-24,-6;40,14,13;47,28,7;52,-13,-11;61,15,15;70,0,-6;71,15,12;90,3,-2
rua||santos neves|centro|36160000|12,-2135842,-4304589;22,3,6;23,11,10;32,-6,1;35,7,1;48,6,9;58,5,2;63,13,8;68,-3,-1;83,14,20;86,-2,-8;87,-4,1;94,7,7;104,13,10
rua||sebastiao jose da silva|sao luiz|36160000|11,-2135724,-4305978;20,-26,6;23,27,-4;35,2,11;47,0,20;71,7,15;81,2,10;102,8,14;107,35,76;117,28,180;126,-59,-224;136,-5,6;138,69,189;168,-70,-193;204,24,51;224,8,18;237,21,18;245,11,16;246,-9,2;287,-63,-213;327,77,300;341,-1,4;351,-7,20;361,2,5;364,-16,-82;371,19,89;389,-75,-284;390,77,229;411,-9,86;426,-93,-348;431,89,362;432,3,3;441,-3,10;442,10,-82;451,-11,88;463,-1,17
rua||sebastiao jose macedo|caxias|36160000|2,-2135684,-4306009;383,-19,-78
rua||sebastiao jose macedo|sao luiz|36160000|14,-2135698,-4306046;48,80,262;70,-6,-6;77,3,-14;159,-44,-82;229,-8,-46;239,-8,-14;249,-1,-10
rua||sem denominacao|bela vista|36160000|305,-2136269,-4304500
rua||sem denominacao|divino salvador|36160000|364,-2135570,-4304678
rua||severiano dornellas da costa|divino salvador|36160000|20,-2135670,-4304482;29,-19,-10;34,13,8;36,117,-2;46,-114,-3;56,22,7;72,22,16;90,14,-20;97,-8,6;100,21,12;109,-10,-15;110,3,2;123,4,1;130,17,-6;133,-6,1;140,16,-2;145,-4,6;147,4,3;150,16,0;160,-3,1;175,17,0;195,7,-2;220,96,-2;229,-61,3;230,85,0;370,15,-2
rua||severiano dornellas da costa|progresso|36160000|10,-2135292,-4304436
rua||sibipiruna|bela vista|36160000|17,-2136144,-4304285;26,-33,-21;27,20,11;37,-8,-6;67,-23,-11;77,-8,-1;87,-3,-6;97,-5,-5;107,-10,4;117,-4,-13;130,-45,-19;137,30,10;140,-38,-23;147,29,20;150,-34,-21;157,18,21;160,-26,-28;167,11,21;170,-21,-28;177,20,26;180,-31,-26;187,22,17;200,-33,-33;210,-6,7;217,12,11;220,-24,-26;227,14,23;230,-22,-24;237,21,15;240,-22,-11;247,20,4;257,-14,0;267,-6,-4;276,-17,-35;277,7,24;286,-1,-38;296,4,-10;299,-14,42;316,20,-42;326,5,-13;327,-25,37;336,25,-50;337,-19,39;342,125,108;346,-103,-154;347,-16,38;356,32,-45;357,-22,35;367,-3,-17;377,7,0;387,5,-14;397,3,-6;407,5,-8;413,15,-37;417,-8,27;427,4,-7;437,4,-7
rua||treze de maio|cachoeira|36160000|39,-2136396,-4304669;45,15,-18;96,-31,66;106,-3,5;118,-5,9;130,-10,9;140,1,9
rua||vindilio f mendonca|bela vista|36160000|9,-2136128,-4304514;14,12,-20;83,-34,39;84,-7,2;94,-2,7;101,-5,5;104,5,-4;111,-14,11;114,3,-8;121,-11,14;124,3,-4;134,12,-5;141,-21,27;144,-7,-4;151,3,5;154,-7,-1;164,-6,2
rua||vinte e cinco de marco|centro|36160000|14,-2135824,-4304802;15,-3,10;19,-1,-6;27,-5,-4;30,-5,10;31,0,-14;34,5,1;36,-7,-1;41,-10,-2;42,6,-5;53,-6,-14;56,-5,17;61,5,-19;80,-4,7;83,-22,-15;97,-9,-10;127,-17,-17;141,-4,-9;149,-14,1;157,-1,-16;165,2,-3;167,-3,-5;175,2,-9;227,-40,-28;235,-6,-9;239,-8,-2;241,-7,2
rua||waldemar melao ponte|nova guarani|36160000|371,-2134929,-4305259;385,17,21;400,-12,10;405,12,-8
sitio|sao|geraldo|passa cinco do meio|36160000|4900,-2135863,-4315410
sitio||abreu|torneiros|36160000|23,-2141026,-4310987
sitio||da paz jose maria dos reis|torneiros|36160000|25,-2137084,-4306888
sitio||gramalhes|rodovia guarani descoberto|36160000|9,-2140136,-4310472
sitio||grota da peroba|passa cinco do meio|36160000|5,-2135178,-4312739
sitio||jatoba|torneiros|36160000|17,-2137535,-4308313
sitio||novo horizonte|sitio novo horizonte|36160000|2,-2136987,-4305305
sitio||pirapetinga|pirapitinga 2|36160000|6,-2132507,-4303348
sitio||pisquitinhos|tupi|36160000|24,-2142029,-4311018
sitio||recanto da vo geny|rodovia guarani descoberto|36160000|6,-2140179,-4305154
sitio||sabino|torneiros|36160000|23,-2141254,-4311169
sitio||sitio graminha|passa cinco da estacao|36160000|20,-2132668,-4315013
sitio||sossego|passa cinco do meio|36160000|4248,-2134424,-4316994
sitio||torneiros|torneiros|36160000|23,-2141252,-4311174
travessa||adalberto l n|bela vista|36160000|10,-2136148,-4304393;46,16,7
travessa||francisco simoes|centro|36160000|13,-2135726,-4305100;29,-15,-14;49,-18,-5;57,6,-7;71,18,12
travessa||henrique delvaux|centro|36160000|1,-2135918,-4304538;5,46,-35;17,-7,4;29,-12,8;30,-1,-3;39,-4,14;46,-1,-4;49,-10,16;125,38,-45
travessa||joao elias|centro|36160000|50,-2135700,-4305003;66,10,5;68,7,5;72,3,-8;75,1,2;88,4,-5
travessa||jose d carias|bela vista|36160000|140,-2136233,-4304519;251,-13,-26;256,32,11;260,-25,1;274,-1,-6;276,-5,-10;290,1,12
travessa||orpheu s ferreira|nova guarani|36160000|4,-2135058,-4305298;9,8,-30;17,-16,30;23,14,-24;25,6,34;33,-10,-26;100,-15,57
travessa||santos pires|centro|36160000|11,-2135792,-4304496;21,-8,4;26,9,-10;41,-31,32;67,-6,16;83,-1,27
vila||lage|tres vendas|36160000|78,-2136450,-4302435;92,22,1;128,27,-27;170,61,-47;240,-25,33
