avenida||joao lourenco|vila formosa|35162561|239,-1945480,-4257687;240,15,44;245,-33,-89;247,14,51;250,-2,-57;294,-1,71
avenida||livramento|veneza 1|35164301|625,-1946454,-4253309;635,-10,-16
avenida||livramento|veneza 2|35164301|150,-1946807,-4252665;155,-16,-19;160,29,-2;165,-18,-2;170,27,2;175,-8,-14;176,13,5;180,7,-14;185,-7,14;190,16,-20;195,-21,-5;199,2,-5;200,24,7;205,-21,-15;210,9,5;212,16,-7;215,-13,-5;220,15,-25;225,6,11;230,34,18;235,-40,-35;240,26,0;245,-12,-6;250,14,1;255,-11,-10;259,4,-10;260,22,6;265,-18,-6;280,28,-11;285,8,-2;290,-3,-19;295,5,2;300,6,-6;305,7,-8;310,4,2;313,-24,-27;315,20,13;320,12,4;325,-11,-20;327,14,-3;330,22,12;335,-24,-14;340,28,5;345,-23,-20;346,11,3;350,32,5;355,-38,-12;360,25,-5;365,-13,-13;370,25,2;375,-17,-9;380,28,3;385,-17,-14;390,9,2;410,14,-21;415,14,1;420,23,-7;425,-24,-20;430,17,-9;435,-20,-15;440,30,13;450,13,-14;460,25,-9;465,-46,-8;470,24,-17;475,-6,6;480,9,-14;481,-4,14;485,5,-15;490,10,-12;495,-3,-5;500,12,10;505,-2,-24;1365,-293,379
avenida||livramento|veneza|35164301|15,-1946948,-4252485;20,24,-10;23,-15,1;25,9,-26;30,14,4;43,9,-16;45,11,-10;50,1,-1;55,-2,-17;60,7,6;65,-20,-27;70,39,9;75,-5,-10;80,10,-7;85,-2,-8;90,20,-1;95,-26,-8;100,30,0;105,-21,-12;110,32,-1;115,-29,-12;120,37,-1;125,-23,-12;130,19,4;135,-4,-17;530,373,-445;540,-3,-12;545,-24,-5;551,10,8;555,7,-21;565,9,-5;573,10,-6;585,-5,-44;595,12,-23;600,2,-4;605,-6,-28;620,5,7;630,-3,-20;640,19,-7;650,0,-13;662,-6,-12;670,-1,-16;676,-1,-9;680,-2,-15;700,-3,-25;825,-514,865
avenida||londrina|veneza 2|35164291|2,-1947410,-4251807;4,32,-32;6,-34,20;8,-17,-8;10,1,-6;12,-26,-3;14,-2,-6
avenida||londrina|veneza|35164291|1,-1947460,-4251817;2,2,-2;3,8,-3;5,-5,-9;15,-27,-27;17,6,3;20,-25,-22;25,-13,-39;27,9,49;30,17,-28;33,-71,-7;35,54,29;39,-39,-47;40,30,24;41,-44,-21;45,4,-7;49,-2,-4;50,40,14;55,-40,-20;59,9,-8;60,28,5;63,-39,-18;65,40,80;70,-28,-59;71,22,38;75,-58,-63;80,31,11;85,-23,-17;89,0,-9;90,18,20;95,-27,-30;102,1315,-637;105,-1313,635;115,0,-14;125,1,-12;140,1,-33;150,-2,-12;160,-2,-2;166,-4,-10;170,3,-4;180,8,-31;188,2,0;200,4,-21;203,-2,-14;205,5,-23;210,-1,19;215,13,-48;220,-8,39;269,-3,-56;270,9,-16;280,-3,-10;281,-18,-31;283,0,-24;284,22,99;285,-46,-70;286,41,45;287,-33,-87;290,30,60;291,-26,-64;293,-28,-12;295,-6,-3;297,13,5;300,51,51;305,-109,13;310,104,-20;313,-64,-53;316,4,6;320,68,33;325,-87,-34;330,92,20;333,-114,-33;335,-10,4;340,124,11;360,13,-23;364,0,-14;370,3,1;380,14,-16;390,15,-7;395,-29,132;400,30,-151;405,45,-18;410,-23,19;415,20,-28;420,-8,21;425,8,-32;430,-3,30;435,12,-36;440,-3,14;445,19,-23;460,43,-19;465,-29,2;470,21,6;480,-3,-20;490,11,-2;500,18,-1;505,-107,72;510,135,-83;516,-27,-1;520,16,-15;525,-40,34;530,52,-51;535,-50,47;540,55,-49;545,-12,33;550,48,-40;560,13,5;565,-36,3;570,62,-34;575,-55,26;580,60,11;585,-54,-12;590,62,5;595,-45,-7;605,15,7;615,6,-9;619,9,-3;623,-2,-5;625,15,-4;630,59,19;635,-49,-18;640,60,9;645,-45,-16;650,47,47;655,-33,-68;660,52,57;670,12,10;671,-54,-54;676,50,55;680,15,8;690,16,-4;695,-50,-28;700,65,40;710,11,-1;720,21,11;725,-38,-13;729,24,-28;730,23,41;735,-45,-12;745,41,-13;750,38,41;760,8,0;765,-7,-32;766,22,31;770,1,13;780,19,-10;795,-23,-21;800,51,41;805,-27,-47;810,30,49;815,-24,-30;820,32,17;825,4,-27;830,35,33;840,12,14;845,-34,0;850,39,4;853,-20,-15;855,16,5;860,24,6;865,-19,-7;869,6,-17;870,28,46;880,8,6;890,13,-9;895,-12,-28;900,32,32;906,4,3;910,12,-3;919,5,2;920,-6,13;925,-6,-55;926,22,44;930,-9,2;935,8,-6;940,14,46;945,-10,-41;946,26,2;950,1,21;955,-10,-37;959,-3,10;960,18,10;965,-19,9;970,62,-3;975,-39,0;980,27,-3;990,13,14;995,-5,-29;1010,37,4;1015,34,13;1020,-26,-22;1025,30,2;1030,-10,7;1035,8,-26;1040,-6,20;1045,16,-27;1050,4,51;1055,23,-58;1060,-22,23;1070,31,15;1080,-11,-40;1085,41,-9;1090,-43,17;1095,55,-39;1105,9,-3;1110,-14,31;1115,21,-37;1120,-20,34;1125,24,-26;1130,-2,28;1135,19,-47;1140,-15,30;1145,25,-44;1155,20,6;1160,-17,29;1165,25,-28;1170,-12,25;1175,29,-32;1180,-5,58;1190,2,-56;1195,21,-7;1196,-17,18;1200,11,-6;1205,24,-33;1215,2,-9;1220,0,27;1225,19,-35;1230,-18,32;1235,27,-30;1239,13,-11;1240,-27,29;1245,26,-31;1250,-9,32;1255,33,-42;1265,7,-3;1270,-23,34;1275,36,-40;1280,-14,46;1285,31,-47;1290,-8,21;1295,11,-29;1300,-14,33;1310,13,-10;1314,1,-3;1315,14,-39;1320,-4,34;1325,45,-34;1326,-28,22;1335,31,-41;1342,-9,35;1345,16,-47;1348,-12,37;1352,12,13;1355,14,-58;1360,-5,50;1365,19,-47;1369,1,-8;1370,-7,54;1375,15,-71;1380,0,39;1385,4,-43;1395,4,-23;1402,24,71;1406,-19,3;1408,28,10;1412,-20,-8;1425,26,-105;1435,4,-16;1445,5,-4;1455,-1,-16;1465,12,-14;1475,2,-9;1485,-12,-11;1495,8,-25;1499,-5,-9;1505,20,6;1515,-1,-34;2851,-1456,617
avenida||monteiro lobato|cidade nobre|35162394|40,-1947132,-4255793;41,-64,-26;53,91,10;63,15,-13;74,-34,8;75,24,-12;86,-14,7;87,15,-20;99,75,-54;100,-80,66;111,30,-31;122,-22,24;123,48,-81;134,-28,61;135,24,-30;146,-6,30;158,33,-9;159,-13,-37;195,-2,-13;207,39,2;219,34,-23;263,-7,-8;265,17,-7;267,-9,-3;300,6,-3;343,89,-93;355,-19,24;367,37,-26;379,22,-16;391,-17,2;403,5,-7;415,14,0;463,7,-29;469,21,-7;487,8,-9;498,18,-18;499,-5,8;510,12,-14;511,-3,8;523,2,-3;528,5,-10;533,16,-14;536,-25,11;548,28,-14;567,25,-5;579,8,-6;591,11,-14;602,0,-1;603,18,-12;615,-6,-1;627,5,0;639,9,-15;651,10,-14;662,6,-9;663,5,21;673,1,-13;687,14,-14;688,8,4;699,-6,-5;711,20,-5;731,32,-31;743,17,1;755,-8,-24;767,-1,-2;771,12,2;779,5,-10;791,6,-8;803,9,-13;815,7,-3;826,6,27;827,16,-25;830,-5,-3;839,12,-2;851,0,-20;875,8,-6;895,41,5;907,-5,-32;919,19,-20;931,0,-13;943,28,-11;955,-17,-16;967,5,-16
avenida||pedro linhares|veneza 1|35160290|435,-1946704,-4253600;485,49,40;575,-69,-55
beco||lagos|bethania|35164760|1,-1943761,-4254876;3,-2,4;4,4,-21;5,5,31;6,15,-39;7,-13,46;26,7,34;27,-6,7;29,21,-3;49,-21,-31;51,3,6;53,-6,16;56,7,-27
bloco||l|santa monica|35160295|102,-1950104,-4257576;103,-19,-16;104,-2,-3;105,-7,-3;106,-6,1;107,-6,-3;108,4,0;109,-4,-9
canteiro||avenida monteiro lobato|cidade nobre|35162394|96,-1946971,-4255918
passagem||lizianto|esperanca|35162329|45,-1946138,-4257586;47,-15,-12
passagem||lizianto|esperanca|35162788|12,-1946142,-4257556;32,-6,-37;188,19,20;1345,-27,-34
rua|santa|luzia|novo cruzeiro|35164333|13,-1947193,-4253836;22,-8,-2;25,4,-1;29,-6,5;36,-5,-9;37,-11,4;49,10,-16;61,-9,-14;73,-8,-4;81,-8,-3;89,-26,-7;90,35,23;97,-24,-27;105,-1,-11;113,0,-11;121,-12,4
rua|sao|lucas|novo cruzeiro|35164346|8,-1947236,-4253932;16,-18,-4;24,11,20;32,-8,0;40,-11,4;48,-1,10;56,-16,-5;64,-3,4;72,-7,12;80,41,69;88,-50,-53
rua|sao|luiz|novo cruzeiro|35164352|12,-1947458,-4253765;19,57,-52;20,-55,48;27,50,-47;28,4,3;35,-12,9;36,-1,-3;43,-1,7;44,0,-6;51,-9,9;52,4,4;59,-8,3;60,1,5;67,-5,3;68,-1,2;75,-8,5;76,-1,-4;83,0,6;84,-2,2;91,-2,5;92,-1,-9;99,-5,13;100,6,-1
rua|vereador|samuel gomes lopes|bom jardim|35162715|1160,-1946883,-4258353;1190,-11,13;1220,-18,34;1240,-8,5;1250,-8,9;1260,-7,10;1270,-6,2;1280,-6,6;1290,-5,13;1330,-20,26;1340,-6,9;1350,-8,13;1360,-4,3;1370,-8,9;1380,1,1;1390,-12,12;1400,-1,8;1430,-18,20;1440,-12,10;1450,-4,8;1456,-4,3;1490,-5,2;1502,-9,16;1512,-6,3;1522,-5,4;1532,-9,10;1544,-9,8;1552,-5,3;1620,-15,14;1622,-1,-2;1638,11,-8
rua|vereador|samuel gomes lopes|corrego novo|35162715|1254,-1946890,-4258559
rua|vereador|samuel gomes lopes|esperanca|35162715|1311,-1946959,-4258246;1319,2,4;1331,-12,12;1341,-11,0;1351,-1,7;1361,-1,9;1371,-6,5;1385,-7,12;1391,-13,16;1401,-5,7;1411,-9,8;1421,-8,12;1431,-11,-6;1441,0,9;1451,-2,8;1461,-8,3;1471,-4,6;1481,-3,3;1491,-6,5;1501,-4,8;1511,-3,3;1521,-5,0
rua|vereador|samuel gomes lopes|esperanca|35162787|1521,-1947079,-4258092;1531,28,6;1541,8,-7;1551,13,-8;1561,5,-3;1571,1,-1;1581,0,2;1591,9,-13;1601,7,-2;1611,-4,-17;1621,9,0;1626,-76,43;1632,-19,3;1641,102,-47;1642,-88,49;1651,87,-60;1652,-81,62;1662,5,-7;1682,25,5;1692,9,-3;1702,-1,-5;1712,6,-4;1722,14,-5;1742,4,-10;1752,8,-8;1762,0,-3;1772,-16,19;1782,31,-32;1792,-1,-3
rua|vereador|samuel gomes lopes|nova esperanca|35162715|5,-1946347,-4257619;9,-8,-14;11,16,-5;12,-12,-16;13,15,16;21,2,-15;22,-4,5;26,9,0;31,-3,-7;32,4,7;33,-4,15;41,13,-27;42,-2,9;51,-2,-17;52,4,10;61,1,-17;62,2,8;63,8,-15;71,1,-11;77,-6,-11;81,-9,-23;89,20,27;91,6,-7;101,3,-11;102,4,4;111,4,-12;112,3,2;121,-1,-13;122,4,1;131,-2,-4;132,12,-5;141,-1,-8;142,-1,-1;151,-1,-23;152,5,9;153,-5,-8;162,18,-20;171,-9,5;172,-4,-15;181,5,-3;183,-2,5;191,8,-13;201,2,0;211,14,-5;231,0,-22;241,-4,-11;251,7,-7;261,-4,-10;265,-15,-4;271,33,-6;281,-27,-4;291,14,-6;301,2,-9;311,-5,-8;317,8,6;321,2,-22;323,0,0;325,-20,-4;329,-8,-16;331,27,16;333,2,0;341,10,-13;351,-8,-15;361,-2,-14;363,5,3;371,-7,-15;375,0,1;381,3,-3;391,5,-25;401,1,1;411,1,-4;421,8,-43;441,-8,12;451,-7,-14;461,-7,-9;471,-3,-4;481,-1,-18;483,8,8;491,-8,-12;501,-4,-9;511,-1,-4;561,-48,-45;571,-4,-5;581,-12,-12;601,-5,2;610,-142,-110;611,139,100;621,-13,-2;631,-4,-10;641,120,83;651,-125,-94;661,-19,0;667,57,-21;671,-59,12;681,-3,-9;691,-6,0;701,-3,10;711,-18,-10;721,2,-5;731,-3,-10;741,99,-100;791,-153,65;921,-96,-87;929,-7,-10;941,-18,-7;951,-8,-1;961,-13,-10;971,-25,6;981,8,0;991,-12,-1;1001,-14,0;1011,-7,3;1021,-1,2;1031,-16,3;1041,-8,-2;1051,-7,3;1061,-16,1;1071,-9,0;1081,-12,-2;1091,-2,4;1101,-17,0;1111,-7,0;1121,-11,0;1131,-1,1;1137,-18,9;1141,-9,-6;1151,-3,-2;1161,-13,1;1171,-7,-1;1181,-7,-1;1191,-14,-3;1201,-5,2;1205,0,-3;1211,-12,6;1221,-10,-8;1231,-13,13
rua|vereador|samuel gomes lopes|recanto|35164451|540,-1946264,-4258134;600,-32,-34;693,-79,-74;920,-147,-104;932,-4,-8;944,-6,-6;956,-17,-10;968,-3,-12;980,-8,0;1044,-73,-4;1054,-9,7;1064,-7,0;1074,-10,2;1084,-9,0;1094,-10,2;1104,-10,0;1114,-20,4;1118,2,-1;1124,-2,2;1134,-19,1;1144,-2,0;1154,-16,1;1164,-4,-1;1174,-14,3;1184,-5,-3;1194,-17,-1;1204,-6,-3;1214,-8,3;1224,-13,0;1234,-20,-2
rua|vereador|samuel gomes lopes|vila formosa|35162715|232,-1946212,-4257833;238,-19,-20;252,-1,-11;258,1,-7;262,1,-3;272,2,-11;278,1,-4;282,0,-7;292,-3,-7;302,-3,-18;312,8,-9;322,2,-3;332,0,-5;342,0,-10;352,4,-10;362,-3,-17;366,2,-3;372,0,-7;382,6,-5;392,-6,-15;394,1,0;396,11,0;402,-13,-14
rua||aureliano lessa|ideal|35162157|21,-1947909,-4256670;32,-3,-10;33,2,-1;44,-8,-5;45,7,-13;56,-9,1;57,3,-5;68,2,-5;69,-11,-7;80,8,0;81,-5,-5;92,3,-12;93,-6,-3;98,7,-5;105,-6,-6;106,3,-1;117,0,-13;118,1,2;129,-1,-4;130,-7,-7;141,15,-8;142,-7,-1;153,3,2;154,-4,-19;165,2,5;166,4,-2;177,4,-3;178,3,-15;189,0,-5;190,0,-5;201,-3,-1;212,7,-6;213,10,8
rua||barra longa|bela vista|35160187|10,-1950510,-4254773;22,-7,7
rua||copo de leite|bom jardim|35162248|10,-1948706,-4257863;40,-16,-15;46,-13,-9;50,3,4;57,-11,-2;69,-2,-7;70,9,8;74,36,18;80,-43,-36;86,0,-2;99,-39,-2;200,17,-20
rua||dente de leao|chacaras madalena|35162864|22,-1945331,-4257579;26,2,29;27,-2,1;38,-4,8;39,14,10;41,-14,-20;42,7,5;51,-5,2;68,26,24;82,-34,16;86,5,23;88,10,-6;94,0,-14;131,9,34;151,-5,20;165,0,16;175,13,5
rua||flor de lis|bom jardim|35162262|25,-1947923,-4257764;30,-4,-1;39,-13,-9;40,11,8;41,-7,-3;47,8,6;50,-18,-8;55,-2,1
rua||flor de lotus|bom jardim|35162697|5,-1948266,-4258153;15,2,-20;20,1,-2;30,8,-9
rua||gaspar de lemos|bom retiro|35160227|61,-1950982,-4255818;100,53,44;221,73,134;233,5,6;241,20,-60;245,-8,76;257,6,7;289,9,24;301,3,15;313,18,5;325,2,9;355,1,14;367,24,17;379,-37,17;390,17,21;391,-20,1;423,73,-1;435,9,9;447,-2,12;459,13,14;491,9,13;503,10,15;515,41,11;526,-40,-2;527,13,9;538,10,-17;542,8,16;548,-10,13;558,-2,15;559,1,-7;570,-1,11;571,11,-1;582,-2,5;583,-1,-9;585,7,25;594,0,-5;595,13,12;606,-7,-1;618,8,14;625,33,25;630,-24,-24;637,13,10;642,-11,-4;649,20,21;650,-4,-9;661,13,10;691,13,24;701,7,11;702,-9,3;715,16,10;727,9,2;739,1,7;751,10,12;763,4,4;775,7,12;787,6,11
rua||john lenon|cidade nobre|35162402|10,-1946565,-4255552;15,1,-6;30,0,-15;35,-5,3;40,10,-8;45,-3,-6;55,2,1;59,-4,-2;65,-5,-5;70,4,0
rua||lagos|bethania|35164760|1,-1943725,-4254926;2,-25,-3;3,16,20;6,-8,-1;8,8,13;9,-1,-3;10,6,9;11,7,8;12,-3,-4;13,1,7;14,5,16;15,-3,9;16,6,-12;17,-3,14;18,0,-1;19,-1,14;20,4,-10;21,-12,-24;22,12,29;24,5,7;28,-12,27;30,13,14;31,-10,-116;32,7,134;34,-4,5;36,1,1;37,8,-136;40,-16,4;42,6,116;44,-2,33;45,1,-31;46,2,32;48,-20,2;54,-2,-164
rua||laguna|veneza 1|35164250|95,-1947176,-4253063;105,14,-9;110,-11,0;115,12,-6;135,190,-130;145,-147,103;150,8,-16;155,19,-10;156,-14,-6;160,23,37;165,6,-36;170,-2,12;175,7,-18;180,11,-7;185,-4,-11;187,15,9;190,-1,4;195,7,-40;205,5,29;206,-13,10;210,14,-21;215,10,1;219,14,-10;220,3,18;230,2,-25;235,36,-8;245,5,-17;250,5,5;255,5,-14;260,-8,8;265,16,-20;270,-3,11;275,16,-13;280,2,-5;285,19,3;290,-10,-6;292,27,-8;295,2,30;305,-10,-38;306,14,3;310,8,-9;315,-5,6;320,11,-17;321,3,10;325,4,-12;335,20,-12;339,0,-3;340,-14,11;355,48,-24;360,9,5;365,0,-17;370,2,8;371,12,-19;375,14,2;385,6,-5;390,-13,5;395,17,-27;405,30,0;410,-27,16;415,28,-27;420,-28,2;425,30,-1;430,-5,-8;435,12,-2;439,29,-2;440,-27,11;445,26,-22;465,33,-22;475,11,-13;480,3,-17;485,15,9;490,-13,3;495,25,-21;500,-14,28;510,8,-15;530,24,-31;550,18,-17
rua||lambari|chacaras oliveira|35164006|142,-1943238,-4256611;152,-16,-47;187,45,92;189,-16,-17;191,4,24;208,-51,13;210,69,-33;213,-19,-3;216,-57,24;217,86,-28
rua||lamim|bela vista|35160193|10,-1950608,-4254445;20,-6,17
rua||laranjeiras|limoeiro|35162453|10,-1945619,-4258750;20,2,-2;30,-11,26;40,-2,-10;52,10,17;60,25,-5;70,-31,26;80,1,17;90,13,11;92,34,-14
rua||laura|bom jardim|35162673|50,-1947954,-4257374;51,-2,1;58,-6,25;61,-2,-16;70,-3,6;75,1,5;87,-15,9;88,8,-12;93,-5,16;100,-2,-2;105,-5,14;112,1,-1;117,-9,7;124,-3,0;127,-4,3;135,0,8;136,-19,-4;137,10,5;142,0,4;149,-2,3;155,-6,4;160,-7,3;161,3,4;167,-11,-3;170,2,5;173,1,5;182,5,20;185,-9,-16;188,-5,1;194,-9,8;197,13,-1;213,-13,10;214,-1,-10;216,-28,41;227,6,-25;239,0,7;245,-14,15
rua||laurencio|imbaubas|35160265|34,-1951363,-4256128;46,-11,-11;49,-3,-1;58,-1,-15;61,-4,10;70,-6,-13;73,-4,4;82,-7,-13;85,-3,5;94,-4,-14;97,-2,8;109,-3,-19;121,-21,-5;133,-2,-7;145,-3,-11;157,-11,-3;169,-6,-9;181,-4,-5;193,-5,-12;205,-13,-8;217,-7,-5;229,-12,-12;241,-4,-3;279,174,170;280,-2,10;291,9,4;292,-2,-3;303,14,11;304,-1,5;315,1,0;316,3,2;327,13,7;330,-5,4;344,9,7;358,4,19
rua||lausane|bethania|35164072|5,-1943566,-4255702;17,14,11;23,2,-10;28,6,-14;29,2,-2;40,19,-3;41,-8,4;52,15,-9;58,8,-3;64,6,7;75,12,3;76,7,0;85,2,5;87,11,-7;88,4,-13;100,0,15;101,15,4;112,0,2;124,16,-1;137,28,18;147,9,6;165,25,1;173,27,12;184,-7,-13;195,15,12;196,1,-4;208,18,1;209,7,7;220,1,-6;232,14,1;233,11,-3;244,-38,-8;255,42,2;256,-1,1;268,14,-18;280,10,-5;292,17,-9;328,-3,-9;466,22,13
rua||lavanda|bom jardim|35162640|10,-1948697,-4257835;20,4,11;30,11,9;40,8,14;43,-8,0;45,38,15;50,-20,-9;60,1,-2;65,4,1;70,5,14;80,7,0;85,9,4;90,-4,1;100,8,-5;105,1,12;115,2,5;120,5,1
rua||lazurita|jardim panorama|35162085|1020,-1946754,-4254577;1030,-13,-3;1035,-5,-10;1040,-4,-5;1045,0,1;1055,-16,-9;1074,-17,-12;1080,-1,-2;1085,-2,-13;1086,-9,5;1090,-5,-11;1095,7,-2;1100,-17,-7;1105,-11,-3
rua||leblon|vila ipanema|35160057|15,-1948488,-4251207;24,48,-479;25,-48,479;30,54,-484;35,-54,484;40,109,-447;44,-57,-22;45,-52,469;54,57,-467;55,-57,467;64,57,-435;67,-57,435;77,0,0;84,86,-440;85,15,23;125,32,-21;134,-27,35;135,19,-18;144,-1,28;145,-19,-5;154,7,13;155,19,-10;164,4,31;165,54,-63;174,-45,57;184,-3,-1;185,-6,7;190,11,-4
rua||leme|vila ipanema|35160058|19,-1948608,-4251348;20,-30,-4;31,7,3;32,5,0;43,12,2;44,-15,26;55,21,-19;56,0,-1;67,20,24;68,-5,-20;79,7,18;80,10,-4;91,3,3;92,-4,2;103,12,15;104,0,-24;115,-1,14;116,12,7;127,9,-3;128,-3,4;139,8,22;140,22,-50;151,-30,30;152,20,22
rua||leopoldina|tiradentes|35163075|10,-1943835,-4255949;26,-8,2;30,-17,13
rua||levitico|canaa|35162086|10,-1946288,-4255175;170,-5,-22
rua||levitico|jardim panorama|35162086|20,-1946302,-4255247;30,-8,11;40,-11,-22;45,66,231;49,-3,-5;50,-62,-239;55,60,217;60,-54,-234;65,48,222;70,-48,-222;77,44,204;80,-42,-211;81,44,198;90,-49,-204;91,49,196;100,-33,-207;110,-18,-11;115,37,186;120,-34,-200;130,-3,-5;140,-7,-14;145,39,202;215,-10,-74;225,1,-6;235,0,4;255,-10,-30;265,-2,-13;345,-20,-58;355,6,-4;365,-4,-12;375,-11,-14;520,38,131
rua||libia|cariru|35160121|454,-1948997,-4252074;466,17,7;470,12,9
rua||lilas|bom jardim|35162276|23,-1948194,-4258428;29,-6,-7;40,-5,7;41,-12,-12;53,-10,14;54,1,-2;65,-19,-7;76,5,10;77,-8,-11;89,-15,4;100,6,-8;101,-22,4;112,-1,-8;113,10,0;125,-26,-5;137,2,-6;138,4,7;149,-14,-8;150,4,7;161,-13,-5;162,-10,-10;163,-4,8;174,-21,-16;186,-12,-4;188,-5,-3;210,-47,9
rua||lille|bethania|35164073|22,-1943310,-4255226;23,6,6;34,-53,5;35,54,10;46,-69,1;47,78,6;58,-5,6;59,3,2;70,9,17;71,-1,-3;76,-6,-3;82,0,9;83,8,2;94,-7,1;95,8,16;106,-5,0;107,1,8;118,12,10;119,2,4;131,6,7;135,-4,2;142,12,4;143,-10,2;153,5,9;154,-4,10;155,9,0;166,-14,0;167,10,6;178,-1,11;190,26,39
rua||limas|limoeiro|35162454|75,-1945158,-4258504;125,66,-196;127,-2,-2;129,-16,12;133,2,3;145,-12,9;151,1,15;162,-16,24;260,14,27;279,2,-3;280,1,9;290,-3,2;291,-5,5;300,0,4;305,-6,15;306,1,-4;310,0,1;311,-4,6;319,-2,7;320,2,-4;325,-6,10;335,1,3;345,0,11;370,-2,16
rua||lima|limoeiro|35162454|7,-1945137,-4258832;10,-3,9;13,-2,1;25,16,14;27,-24,10;36,26,-5;40,-6,1;130,46,90;140,-12,11;144,-8,2;150,-11,18;154,-9,7;163,-16,30;164,8,-12;170,0,-16
rua||limoes|limoeiro|35162455|14,-1945244,-4258459;25,5,-3;26,10,2;35,-21,-1;37,32,1;38,4,-2;49,5,4;50,9,-2;52,5,-2;57,1,2;62,1,0;63,7,0;74,-7,-3;76,13,1;90,-3,3
rua||lins|veneza|35164658|75,-1946626,-4252580;77,6,-41;79,-10,8;85,-9,5;108,-26,-15;110,14,3;112,-4,-3;120,29,37;130,-39,-35;140,-5,-8;150,0,-7;160,-21,-7;170,-9,0;180,-1,-10
rua||lion|bethania|35164074|21,-1943731,-4255153;25,18,3;30,161,297;33,-170,-285;45,14,-2;56,0,8;57,6,2;69,13,3;70,2,0;81,-2,11;92,1,3;93,0,11;98,9,-6;105,1,15;116,-8,14;117,16,3;128,-13,-3;129,7,12;131,-3,-4;140,9,6;152,7,11;164,3,22;176,22,-10;188,-28,17;200,4,-5;212,25,32;224,-16,16;225,12,6;236,-9,-5;258,11,15;270,0,12;271,25,-2;282,-14,16;294,1,9;300,12,32;306,-8,-19;317,-13,8;318,17,3;329,3,13;330,-3,0;342,-1,0;354,13,15;355,-3,8;359,7,3;366,-1,-6;378,8,13;390,6,6;402,2,2;426,18,-3;438,15,8;450,0,-1;462,15,-22;465,14,11;474,-4,-2;486,23,-8;492,16,-1;525,91,-27;526,-25,4;537,4,6;538,12,-15;549,5,-6;550,10,12;561,4,-8;572,0,2;573,4,-16;583,10,1;585,2,3;586,5,1;597,10,-6;598,4,0;610,7,-3;611,-2,0;615,7,-1;617,4,-3;622,10,-8;623,8,3;627,5,-3;631,5,-3;653,0,0;665,5,18
rua||lirio|bom jardim|35162277|10,-1948035,-4258428;13,1,13;20,-14,-5;30,-10,0;31,9,5;43,0,2;85,-40,33;86,-6,-3;97,-3,5;112,1,0;124,-15,20;153,-42,18;165,3,8;166,16,-3;177,-2,0;178,-11,4;181,-3,6;199,-12,8;200,3,-1;219,-34,30;220,7,-12;231,-25,23;232,3,-7;237,-3,7;967,123,-113
rua||litio|imbaubas|35160266|13,-1951336,-4256286;25,2,-15;37,8,-7;49,7,-10
rua||lobelia|esperanca|35162791|15,-1946145,-4257159
rua||loendro|esperanca|35162330|4,-1947014,-4257609;10,3,10;14,307,692;16,-299,-683;22,1,18;30,-3,10;31,23,18;36,-6,-7;42,5,8;43,5,3;45,5,5;48,2,-8;54,-5,22;55,11,1;64,-25,13;76,25,6;87,10,0;88,-14,11;93,14,1;99,2,6;100,-6,7;110,5,7;115,-1,3;120,6,-10;125,3,7;130,-29,32;135,31,-19;147,1,8;160,21,57;169,2,-7;172,6,18;175,-11,-7;179,61,112;181,-56,-106;184,7,7;193,4,7;196,2,10;205,2,-4;208,-3,10;214,9,9;220,-3,9;229,8,-17;232,4,29;239,4,-18;244,-4,18;256,1,13;263,5,-10;268,18,10;275,-21,1;287,8,17;299,22,52;300,-7,10;303,20,-15;306,-7,12;309,14,-8;312,-13,20;321,6,-9;324,0,6;333,5,7;336,-2,12;345,2,1;348,-3,6;357,10,4;360,0,14;369,0,-7;372,7,11;381,4,4;384,-1,8;387,6,-7;390,6,16;415,-15,5;416,35,33;417,-14,3;425,-8,-22;428,35,49;440,-3,5;447,-9,-17;452,-1,35;459,-44,-124;464,53,135;465,-4,-2;471,6,-29;476,9,34;483,-13,-14;488,7,30;495,-9,-20;500,8,33;512,7,13;517,-1,-36;524,21,36;529,-13,-18;536,14,25;541,-7,-13;553,5,15;565,7,5;575,0,24;720,46,93;729,-2,5;735,8,2
rua||lorena|caravelas|35164268|5,-1946173,-4253454;6,-60,43;10,65,-52;25,45,16;30,8,-11;45,23,11;55,12,0;60,0,15;65,13,-15;70,-1,19;73,15,-6;75,28,-8;80,-19,14;95,30,-6;105,4,-7;110,-3,-1;120,14,22;125,14,-8;150,28,-26;160,11,47;170,16,-11;180,4,0;195,20,23;200,21,-4;215,20,0;220,-10,0;245,37,16;249,26,0;250,-6,15;260,11,4;265,4,64;270,11,-38;273,28,7;275,-18,-1;280,-7,9;295,22,5;305,5,4;310,-5,6;315,17,11;320,-12,-2;340,8,7;350,21,-1;355,-2,4;360,21,20;370,3,-2;385,-1,-1;387,32,15;390,5,0;540,-224,-145
rua||luanda|bethania|35164077|5,-1944113,-4255188;15,9,5;25,16,8;29,-3,-7;35,13,3;45,8,2;55,11,6;65,28,3;69,0,-1;73,104,-8;75,-8,-1;85,-87,9;95,22,1;105,7,0;115,10,-4;125,12,6;135,18,-13;145,11,-1;175,-58,6
rua||lude|bethania|35164076|13,-1944282,-4255350;14,9,-8;25,20,-14;26,3,-9;37,-3,-2;38,0,5;48,-38,30;49,36,-41;58,12,-15;68,13,-22;69,-3,7;80,9,-15;81,-9,-5;92,15,9;93,-2,-20;104,1,-3;105,1,0;1855,-47,92
rua||luzerna|esperanca|35162331|4,-1947025,-4257227;8,-19,0;12,-6,-14;18,-15,6;22,-13,-3;40,-2,-16;52,-1,-17;63,-7,-23;64,-2,8;76,-3,-14;87,-1,-3;88,-6,-8;90,-8,-9;99,13,10;135,-38,-28;148,11,-37;159,-7,5;160,-7,-10;172,9,-21;184,-7,4
rua||maria liberato|iguacu|35162760|1,-1947902,-4255264;5,-14,5;10,-10,1;15,-4,11;20,-6,-14;25,9,-4;35,-24,-8;36,0,0;44,-24,4;45,17,-9;50,-12,-5;55,2,-4
rua||vila lobos|cidade nobre|35162416|27,-1946370,-4255944;38,-2,-4;39,7,4;50,-5,-23;51,-2,-1;62,1,-9;74,-1,-11;75,-8,8;86,9,-16;87,-5,-3;98,7,-13;110,-8,-14;111,1,13;134,-5,-38;146,-1,-3;147,-2,4;159,18,104;190,-29,-193;191,0,18;203,7,-7;214,-8,-25;215,-12,-4;226,2,0;227,12,27;239,-2,-55;240,-4,4;252,-17,-65;263,16,28;274,-16,19;275,38,-39;287,-16,113;322,-15,-127;323,-4,-20;330,16,-10;335,5,160;341,8,-14;346,-42,-153;367,13,-43;379,7,-10;391,2,-13;403,-5,-9
