avenida||castro alves|irmaos auler|35680095|1,-2006724,-4455785;1065,33,117;1513,11,-396;1517,6,-4;1521,-14,-8;1527,4,12;1531,17,-22;1533,-20,31;1535,14,-22;1555,-23,43;1559,-7,0;1597,-2,11;1599,-2,-1;1603,-7,-1;1617,-1,5;1619,-1,3;1629,-6,13;1655,-6,20;1661,-16,13;1671,8,-3;1681,-6,9;1695,-3,11;1707,3,11;1743,7,55;1749,-4,-13;1771,5,31;1793,-2,19;1799,2,14;1809,9,-3;1819,-2,17;1827,-1,7;1829,4,10;1831,6,4;1849,-9,5;1851,10,10;1853,-4,-3;1857,-4,3;1863,1,10;1865,2,0;1869,0,13;1873,2,-8;1879,5,8;1921,10,41;1925,-1,5;1933,8,-1;1945,-11,17;1949,13,11;1953,-3,0;1961,0,9;1965,-7,-5;1969,2,-1;1987,19,43;1991,1,-2;1995,8,18;2011,-3,6;2031,0,4;2035,0,4;2041,-2,3;2051,4,8;2061,-3,8;2065,5,0;2067,2,15;2081,-1,-3;2093,3,23;2101,5,5;2105,-2,5;2109,-1,7;2131,8,17;2137,-1,-7;2143,2,21;2163,1,21;2165,-2,-4;2167,3,-9;2177,10,24;2183,1,13;2197,-4,3;2203,6,6;2207,-10,10;2219,19,22;2229,13,39;2235,-9,-29;2239,-2,14;2245,-18,-51;2247,10,54;2251,38,-11;2267,-39,28;2269,9,-9;2771,13,16
avenida||castro alves|varzea da olaria|35680095|2233,-2006622,-4455349;2303,0,0;2317,0,0;2343,9,52;2351,1,17;2363,4,10;2373,2,3;2383,0,13;2393,0,11;2403,-4,6;2413,0,12;2437,-3,20;2447,0,6;2455,-4,11;2465,-2,10;2475,-3,12;2487,-3,11;2507,-6,23;2509,3,-14
avenida||domingos diniz andrade|sao bento|35681470|26,-2008928,-4461718;35,-8,-19;40,-3,14;50,-7,-14;54,11,0;57,-23,-4;67,-1,-12;68,7,3;71,-16,-6;81,-4,-11;82,7,3;85,-5,4;96,4,-11;99,-10,-1;103,-5,-3;110,4,-12;115,-8,7;119,1,-5;124,4,-2;127,-10,-5;138,4,-9;141,-13,-5;152,4,-3;155,-5,2;169,-11,-16;201,-20,-20;213,-2,-3;227,-8,-8;228,8,-15;241,-13,1;242,0,-15;256,-6,-11;269,-7,5;270,4,-10;283,-9,6;290,-12,-33;312,-3,-3;322,0,-8;327,-25,-11;331,11,15;334,-2,-15;351,-22,7;354,17,-21;368,-2,-4;373,-12,6
condominio||recanto das aguas|condominio das aguas|35681000|12,-2009917,-4455196;18,-35,62;19,-3,-8;69,93,-225;87,34,33;103,-49,0;132,-15,16;161,-12,34;185,-5,7;201,-14,30;215,19,20;216,-29,-22;220,3,24;253,51,36;310,-45,17;320,-34,23;325,26,2;331,-5,8;340,-3,0;391,4,-21
estacao||angicos|angicos|35680289|8,-2012116,-4467756
estacao||angicos|angicos|35681430|1,-2012128,-4467767
estrada||dos arrudas|arrudas|35681000|35,-1999442,-4454475
estrada||lopes acude|acude velho|35680990|26,-2011586,-4461793;29,57,55;40,-18,-36;46,-93,-32;50,69,-19;55,-91,122;64,13,-21;65,8,2;70,46,-122;80,-4,-7
estrada||para angicos|lopes|35680001|7,-2011015,-4461512
estrada||para arrudas|arrudas|35681000|5,-1999124,-4452907;6,-29,-4;8,-37,-10;12,213,-95;13,41,-24;14,-69,-89;22,-1119,-419
estrada||vista alegre|duas pontes|35681000|11,-2006674,-4471162;19,184,207;21,-4,-17
estrada||vista alegre|vista alegre|35680001|10,-2006050,-4470401;26,32,1132;27,28,-104;30,-26,-1033;32,200,836;33,78,1;47,-314,-391;56,-24,-442;64,-3,-49;67,39,-66;85,137,835;175,-97,-162;205,-71,-258;335,4,-375;360,35,-66
estrada||vista alegre|vista alegre|35681000|1,-2005292,-4469570;2,-7,-14;3,-50,-145;7,-528,-599;8,551,838;10,-121,76;34,-273,-188;36,-89,-133;37,-2,-1;39,-189,368;40,-3,-536;47,-36,-49;50,145,513;54,-206,-896;55,80,605;60,22,-718;65,119,863;73,-125,-687;74,-3,1;75,284,1080;76,-143,-1182;84,432,872;85,-583,367;99,-115,-466;105,62,-484;190,30,87;310,-24,-434;364,33,-111;400,-114,-38
estrada||vista alegre|vista alegre|35684899|1,-2006404,-4468684;8,-138,-21;17,262,63;18,-210,-62;19,-31,-5;22,-80,52;23,442,94;25,7,-4;28,-431,-115;31,443,107;50,-36,27;51,76,-50;52,-378,-103;54,-36,-1;55,3,-6;56,391,120;57,31,-10;60,-73,18;61,-332,-128;64,408,110;65,-256,-38;69,139,7;70,101,36;72,-376,-111;75,229,93;78,-195,-91;80,235,161;81,-244,-163;89,65,-12;105,101,109;119,-21,-86;125,8,1;135,17,2;150,32,10;151,21,-12;155,-15,2;156,17,15;166,36,-14;170,9,3;175,-8,-5;185,20,-1;190,7,2;192,14,-11;194,-5,11;195,-5,-12;240,35,0
ferrovia||centro atlantica|olaria|35680118|8,-2006693,-4453932
praca||joanica antunes|vila nazare|35680397|5,-2008219,-4458820;7,2,-4
rua|dona|maria andrade|cidade nova|35681864|283,-2010652,-4459787;305,3,-22;321,-4,-15
rua|dona|maria andrade|murilo goncalves|35681042|1,-2010641,-4459527;2,7,-1;3,-12,2;4,4,-1;5,-17,0;6,11,0;7,-13,6;8,5,-2;9,-15,-1;10,6,-1;11,-11,2;12,5,1;13,-11,-2;14,5,2;15,-11,-1;16,6,2
rua|dona|maria andrade|murilo goncalves|35681864|32,-2010620,-4459544;34,1,-7;91,-16,-51;96,8,-1;103,-9,-10;108,6,-2;115,1,-9;120,1,4;127,-7,-11;132,5,-5;139,-9,-22;144,8,10;151,-5,-13;156,5,-4;163,-12,-7;168,7,-4;175,-6,-13;180,9,1;187,-4,-13;192,4,11;199,-11,-16;204,5,1;211,-2,-9;216,1,-6;348,-20,-114;352,-1,-8
rua|doutor|thomaz de andrade|morada nova|35680451|7,-2008925,-4459359;510,-74,-60;514,53,45;652,41,28;720,49,35
rua|doutor|thomaz de andrade|residencial sao geraldo|35684899|6,-2009045,-4459484;7,-238,250;18,4,3;19,-1,-5;23,-5,-7;31,1,-5;43,5,-18;55,5,-4;61,2,-10;63,0,0;66,8,1;67,-4,-7;71,0,0;73,-2,-5;78,7,0;79,-5,-3;83,2,-2;90,5,2;91,-8,-8;102,5,12;103,3,-31;114,10,-6;115,-8,7;126,9,-14;127,-3,2;138,2,-9;139,-1,-4;150,7,-7;151,-4,-6;186,19,-34;198,3,-4;199,-17,-14;210,21,1;211,-2,-7;215,-1,-1;235,1,-18;246,9,-3;271,21,-13;295,13,-8;307,16,-8;315,4,-4;366,43,-18;403,-158,250
rua|maestro|azarias|cerqueira lima|35680380|20,-2007939,-4458442;38,-4,11;49,-12,10;54,-7,-7;61,-8,21;68,-7,-7;79,-11,1;86,3,5;205,53,-28
rua|padre|anchieta|irmaos auler|35680098|26,-2006680,-4456031;27,8,-2;36,-4,4;47,16,11;48,-12,-1;49,8,-8;51,18,10;58,-17,5;60,5,2;63,13,3;66,-7,4;67,5,-7;74,5,15;75,7,-3;86,1,5;91,10,-2;93,-2,3;95,8,7;99,-3,-3;104,6,20;109,1,-11;115,0,11;121,5,8;144,4,18;155,4,6;156,24,136;161,53,282;165,-74,-407;166,-8,-1;173,7,2;176,25,132;185,-22,-123;186,-5,13;195,6,-2;196,-1,11;205,7,2;206,-6,1;215,8,13;216,-5,9;226,1,3;234,2,7;235,2,-8;244,-1,24;245,5,-14;254,-3,23;255,-2,-13;260,8,18;264,-3,3;265,7,-16;274,-6,18;275,6,-8;279,-5,4;284,3,13;285,7,-6;294,-5,16;295,4,-8;304,-6,18;305,6,-5;315,3,2;326,-5,25;334,4,15;335,4,-15;338,-4,10;344,2,-3;345,5,7;354,-6,13;355,8,-1;363,1,3;364,-5,4;374,3,12;375,4,-9;384,0,25;385,5,-12;394,-7,15;395,5,-8;405,13,15;439,-1,29;441,2,7;444,2,5;448,-8,10;454,4,-5;455,-5,-4;461,3,10;465,6,-1;466,0,11;474,1,5;475,-1,-11;479,-2,7;480,-3,14;484,13,2;485,-10,-5;494,9,14;495,2,-2;499,-2,-3;505,0,5;509,0,2;511,4,12;514,0,-4;521,1,7;525,2,7;526,-3,10;535,1,4;536,2,-1;545,4,6;546,-2,1;555,7,9;556,-7,-6;561,0,25;565,0,0;566,6,-10;569,2,21;576,4,-7
rua|padre|antonio|centro|35680029|4,-2007553,-4457325;7,9,12;21,-11,-10;28,-3,1;29,-3,-5;33,16,1;36,-25,-5;41,7,-19;49,-18,9;51,-2,-1;52,6,4;93,-17,-12;102,-19,-23;109,-3,-13;112,-1,5;123,-6,1;128,2,-7;135,-9,-6;147,-1,-14;148,-5,9;151,-3,-16;155,-1,3;158,1,3;168,-12,-12;186,-7,-7;193,0,-5;196,-13,-2;204,-15,-7;205,8,8;218,-5,-13;222,2,-3;225,-4,2;227,-21,-23;228,24,19;235,-20,-12;236,14,-1;240,-8,2;245,-8,-9;252,6,-1;259,-20,-9;264,12,-2;265,-7,3;274,-2,-9;289,-10,5;292,4,-10
rua|professora|alice andrade|lourdes|35680175|20,-2007993,-4456943;21,-2,10;31,-26,42;34,15,-47;35,9,2;39,-13,8;88,-34,31;89,-12,19;114,-63,17;142,-13,-5;148,-14,20;156,43,-21;160,7,0;162,-57,22;174,-9,9;176,178,-110;180,-181,111;200,-19,-10;228,-14,21;236,-24,11;250,-4,-2;256,-1,-3;270,-10,15;276,-10,-4;286,7,3;296,-12,6;300,-20,-4;318,0,7;336,34,-20
rua|professora|alice andrade|vila mozart|35680175|205,-2008156,-4456841;235,-125,59;271,65,-35;279,-9,4;325,-36,24;335,198,57;432,-326,-5;450,-2,-5;452,-9,4
rua|professora|irene amorim|vale dos ipes|35681386|2,-2011754,-4459986;6,94,35;8,-34,-31;12,14,17;25,398,-252;35,-317,461;60,-102,-76;65,3,11;85,-99,3;105,-51,18;112,-13,-1;114,-17,9;116,-33,28;120,-67,31;126,19,-3;132,-40,8;134,-31,30;136,-6,18;138,5,-5;140,-48,14;160,-11,9;170,-7,15;175,-10,23;187,0,30;190,0,3;210,5,65;251,53,58;262,72,-63;290,66,-59;299,65,-67;310,-19,25;320,-139,-93;321,194,36;322,177,-173;323,-187,178;333,25,-12;334,16,-1;340,73,5;341,-16,-4;355,-15,-4;360,111,9;361,-39,-5;380,97,9;391,68,5;396,12,8;397,-7,-9;425,105,24;429,59,-34;435,-5,-17;440,8,0;450,7,-53;451,-13,47;460,14,-88;461,-5,30;470,5,-24;471,-1,-15;480,8,-47;481,-6,35;490,9,-77;530,-124,-46;540,-2,3;804,129,70
rua|professor|marcio auril|santa monica|35681432|80,-2006333,-4456032;101,-8,-22
rua|santo|agostinho|das gracas|35680328|6,-2006864,-4458106;10,0,-21;14,-15,4;26,-4,-6;31,-10,2;50,-12,2;60,1,-5;67,-8,6;68,-17,8;72,2,-10;76,-6,4;87,5,2;88,-13,-6;97,-7,6;107,-22,-3;108,6,-5;136,-19,7;137,-143,12;141,-2,-8;180,113,-10;193,-41,5;194,22,-5;197,-6,11;206,-10,-11;212,-12,1;215,11,-6;219,-9,10;223,-14,-1;233,-1,-8;241,-4,-1;244,-8,0;286,-42,14;296,1,1;302,1,-2;306,-7,11;310,-6,1;311,12,-14;316,-11,7;321,2,-6;324,10,1;338,-28,-8;355,-12,14;362,-11,2;365,6,3;375,-13,0;388,-7,4;393,-4,0;398,-9,16;403,-7,-12;408,-4,2
rua|vovo|juquita antunes|murilo goncalves|35681865|29,-2010690,-4459603;30,8,1;41,-10,-10;42,9,0;47,-9,4;53,0,-10;54,5,0;65,-9,-17;66,11,6;77,-10,-14;78,11,4;89,-12,-9;90,7,-7;101,-6,-10;102,7,-6;113,-10,-9;114,8,4;125,-9,-13;126,9,0;137,-16,-9;138,11,-7;149,-5,-11;150,10,5;159,-14,-10
rua||acacia|vila washington|35680420|10,-2008644,-4459248;14,-13,-15;19,6,2;22,8,5;31,-24,-10;36,-1,-6;43,-5,-5;85,-11,-13;95,-58,-94;96,67,51;112,-18,13;124,-16,-24;148,-15,-11;172,-12,-17;210,-22,-22;211,5,-10;212,-7,-5;213,2,0;215,3,3;218,-15,-14;231,0,0;232,9,5;254,-17,-20;263,-10,-11;274,-2,0;275,-9,79;276,-6,-83;287,4,-15;288,-1,1;299,-4,-5;300,-5,-9;307,-6,-2;312,4,0;338,34,42
rua||adair aparecido amaral|centenario|35681281|6,-2005158,-4456660;7,-1,-30;17,-2,-1;18,6,-3;29,2,-6;30,0,2;42,8,-11;43,-9,-7;53,5,-10;54,-9,-7;65,7,6;66,-1,-5;77,4,-13;88,3,-2;89,1,-6;101,-3,-16;109,3,-5
rua||alcides moreira de abreu|centenario|35681427|17,-2005116,-4456680;29,2,-12;41,6,4;63,14,-119;65,0,2;123,-1,21;526,-9,80
rua||alcino ribeiro azambuja|itaunense ii|35681097|274,-2009530,-4461489;276,0,-4;284,-4,-4;294,-8,-4;303,-12,6
rua||alcino ribeiro azambuja|itaunense|35681097|21,-2009311,-4461478;27,-7,0;29,0,-5;37,-8,1;47,-16,4;50,12,-4;54,2,-2;57,-40,3;60,35,1;67,-18,3;70,5,-5;77,-18,6;80,9,-7;87,-23,0;90,13,-2;97,-21,3;107,-5,0;110,13,-6;117,-25,8;130,2,-7;150,-16,0;159,-8,6;160,-1,-7;170,-8,-2;173,-5,7;180,-7,-5;189,-5,6;190,-1,-7;195,-17,3;202,7,-3;207,80,5;209,-86,3;210,-6,-13;219,-6,9
rua||alfredo albuquerque|cerqueira lima|35680358|17,-2007559,-4458239;51,-2,7;81,13,-56;93,-1,-9;99,5,-11;111,-1,-13;125,0,-9;131,3,0;404,2,-21
rua||amado amaral|padre eustaquio|35680077|39,-2006832,-4456741;129,14,-17;664,-44,33
rua||amado amaral|vila tavares|35680077|25,-2006833,-4456866;38,-11,15;39,0,-5;48,8,17;53,5,3;54,-12,7;57,13,7;66,-3,0;137,-9,6;161,3,-70
rua||amianto|padre eustaquio|35680153|39,-2006811,-4455959;45,6,-2;48,-6,-2;50,-3,-2;55,2,3;63,-9,5;69,-9,0;71,-2,-4;85,-7,0;97,5,-2;104,-33,-9;107,4,-2;109,-14,-2;111,17,15;113,-6,-10;117,-5,-14;120,10,10;132,-11,-9;134,0,4;139,-14,4;140,10,-7;146,-11,-7;151,-6,12;154,11,5;157,2,-2;163,-25,-17;169,-10,0;215,-32,-11;223,-6,-5;234,-1,-14;235,-1,14;237,2,-12;239,-22,6;253,-8,21;256,81,7;257,-72,-46;259,1,12;264,-4,-14;267,-11,5;270,4,-7;283,-18,-2;287,-6,-2;295,-2,-6;311,-12,-4;312,-2,-14;321,-1,13;325,3,2;328,-16,-23;329,1,13;342,-8,-11;350,-11,-13;351,2,14;380,-19,-24;381,-4,12;391,-16,-14;397,-3,2;411,-7,-6;413,-8,-13;415,-2,0;425,-3,-1;428,-13,-27;435,0,8;443,-3,2;446,-4,-43;447,-8,33;451,3,-4;463,-9,-4;467,6,-2;471,4,-13;484,3,18
rua||antonio alegre|belvedere|35680333|17,-2007213,-4458516;39,11,-23;41,-1,27;45,4,-20;47,14,8;51,0,0;65,16,-4;390,-35,15
rua||antonio alegre|das gracas|35680333|37,-2007114,-4458526;109,144,-10;120,-134,8;130,-2,-1;132,38,-1;196,-64,2;198,8,-1;206,-15,-2;334,235,-61
rua||antonio alves|nogueira machado|35680241|9,-2008794,-4457498;11,28,43;25,6,11;26,-30,-51;29,-3,13;37,7,1;83,-6,-10;230,27,46;256,14,20
rua||antonio antunes|antunes|35680084|18,-2006288,-4456843;30,-12,4;40,-13,7;54,-16,-10;58,-7,7;64,-13,6;65,13,3;72,-9,-6;76,-4,3;114,-73,7;117,28,6;134,-4,-5;136,-1,-1;138,5,0
rua||araras|recanto das peixotas|35681836|133,-2010185,-4460253;137,-7,3;222,-13,-3
rua||araxa|pio xii|35680284|13,-2008770,-4457842;21,-3,-5;27,-4,-3;31,-3,-6;32,10,7;38,-10,-13;41,-4,-3;45,0,0;50,5,-4;53,-11,-3;60,4,-2;61,-12,-8
rua||araxa|residencial morro do sol|35680284|90,-2008798,-4457911;97,-15,5;113,3,-10;117,-3,-10;120,-6,-9;121,8,4;128,-8,-14;132,-8,21;133,-5,-5;136,14,-19;145,7,3;146,-17,-8;155,2,-18;157,11,22;158,-16,-22;173,-21,9;182,14,-23;185,-2,-2;194,-1,-10;195,-2,5;206,-13,-10;207,10,0;219,-12,-7;221,-1,2;227,-3,-13;230,-7,-2;231,6,-4;234,-5,6;242,-3,-16;243,-6,6;301,-23,-50;314,13,-16;315,-20,11;326,12,-20;329,-19,-2;334,5,-10;341,-8,2;352,5,-4;353,-6,7;364,9,-19;365,-14,0;376,2,-11;377,-15,9;388,12,-13;389,-12,-12;466,-50,-64;477,2,5;488,3,-16;509,-15,-15;512,-2,-7;513,6,6;524,-25,-34;525,-2,19;536,16,7;537,-14,-5;542,3,-7;544,3,-15;549,-15,8;560,14,-20;561,-20,10;566,-1,-7;570,8,-3;587,-13,-1;589,-5,-7
rua||assucena|vila washington|35680566|45,-2008649,-4459361;49,0,-6;57,-6,-2;69,-5,-8;118,29,39;130,-64,-93;145,24,36;179,-15,-16;190,-1,-15;194,-5,3;195,-39,-52;200,17,25;201,17,20;213,-30,-36;214,28,29;225,-21,-22;226,12,5;255,-52,-63;268,27,30;284,-13,-13;296,-13,-13;308,-5,-11
rua||augusto pedro alcantara|itaunense ii|35681259|293,-2009571,-4461418;304,6,-8;313,-20,9
rua||augusto pedro alcantara|itaunense|35681259|8,-2009299,-4461437;11,-16,15;18,1,3;28,-15,-9;37,-4,8;38,-1,-6;47,-3,4;57,-13,-1;58,-6,-4;60,10,0;61,2,7;67,-18,-1;68,3,-7;77,-4,3;78,-3,-1;82,-11,-2;87,2,6;88,-9,-6;97,0,6;106,-21,-7;107,14,7;117,-12,2;120,13,-6;128,-41,-1;132,-4,-5;136,8,7;146,-13,-4;147,15,2;150,-8,-1;156,-11,-1;157,6,6;166,-11,-4;167,4,3;176,-19,-7;177,9,10;187,-9,-3;196,-20,-8;200,17,-2;201,-5,7;206,-15,-7;207,13,7;210,-20,-4;217,8,2;227,-10,2;237,-13,2;275,14,-8
rua||avenca|chacara quitao|35680426|37,-2008811,-4459507;63,18,-8;67,13,-11;123,15,-14;203,45,-39;215,18,-10;216,0,12;227,-8,-6;228,14,-4;239,0,-6;270,18,-16;286,15,-6
rua||avenca|vila washington|35680426|31,-2008756,-4459540
rua||aziz amim|jadir marinho de faria|35681284|5,-2005707,-4456719;15,15,3;30,2,12;35,16,-17;40,-7,13;50,13,-4;51,11,-10;60,-6,11;63,5,-16;70,9,7
rua||azurita|parque jardim santanense|35681115|47,-2008720,-4460485;61,7,-15;73,1,-3;87,17,-24;93,-13,18;99,14,-31;109,9,-4;113,-3,6;139,16,-30;151,3,-10;165,13,-13;179,-12,6;191,21,-30;201,-15,10;203,18,-15;217,8,-11;229,1,-13;255,15,-19;275,4,-13;319,32,-51;321,-17,24;331,12,-20;343,8,-8;355,6,-15;367,3,-8;379,12,-16;417,18,-40
rua||azurita|residencial santanense|35681115|18,-2008728,-4460456;26,8,-9;36,7,-14;48,4,-8;62,6,-9;74,4,-5;100,20,-32;106,-8,5;114,8,-13;126,7,-11;140,8,-13;152,3,-7;166,8,-15;172,-1,-1;180,8,-8;192,5,-8;210,13,-27;218,8,-14;222,0,-2;226,1,1;324,38,-68;336,4,-10;346,3,-8;348,3,-5;366,10,-14;384,5,-8;396,8,-18;408,5,-6;420,6,-8;444,6,-19
rua||a|barragem do benfica|35681000|500,-2012812,-4454431
rua||a|morada nova|35684899|14,-2008959,-4459088;327,8,0;329,-8,-4
rua||carmelo abreu|residencial morro do sol|35680291|6,-2008949,-4458386;17,-20,21;31,-12,5;50,-76,42;69,58,-21;80,-69,33;81,55,-31;92,-6,-2;93,-1,10;104,2,-13;116,-18,15;128,-5,1;140,-9,10;143,-6,17;152,-6,-8;164,-16,12;168,14,-1;176,-17,3;188,4,3
rua||chiquinho alves|itaunense ii|35681078|32,-2009373,-4461597;62,-10,6;92,-26,16;102,-12,13;112,-6,2;122,-10,4;126,0,0;132,-6,9;148,-18,7;156,-1,-2;162,-10,12;180,-5,2;192,-4,7;200,-12,13;204,6,7;214,-12,9;270,-17,44;288,121,-136;312,-142,172;332,-5,11;344,-5,12;354,-10,8;368,-6,14;380,-5,12;424,-10,24;428,-9,17;458,-19,19;462,-6,1;508,-38,27;521,117,-151;525,-3,4;565,23,-48;579,2,-2;619,23,-32;651,16,-39
rua||chiquinho alves|itaunense|35681078|9,-2009347,-4461605;19,-10,7;29,-4,-2;49,-21,16;59,-10,7;119,-30,15;125,-20,17;127,12,-8;151,-24,18;155,-11,5;157,3,-4;207,-25,37;213,-11,15;219,-6,12;255,-5,16;264,108,-118;265,-111,124;297,-13,27;329,-10,18;339,-12,23;355,-116,156;377,101,-128;393,-121,176;447,78,-115;510,70,-111;511,-113,145;523,-4,6;528,-52,102;582,196,-310;597,-164,254;621,-23,58;630,211,-362;647,-219,356;657,5,-10;687,-31,62;704,-13,-2;705,13,7;711,-5,6;757,-24,35;766,1,-20;773,-9,31
rua||custodio coelho de andrade|veredas|35681449|7,-2007584,-4456338;19,8,-7;22,7,0;34,4,-3;43,1,-8;46,9,2;66,10,-19;67,-4,-4;70,10,5;71,-5,-10;82,13,-1;93,2,-15;94,3,7;98,-5,-5;103,9,-10;113,8,-8;134,15,-3;150,-3,4
rua||das andorinhas|condominio recanto dos passaros|35681000|397,-2012232,-4455058;437,-34,4;497,-46,10
rua||das araras|condominio recanto dos passaros|35681000|349,-2012186,-4455072
rua||dois estancia das acacias|corrego do soldado|35680001|25,-2018848,-4455742;35,17,0;136,192,-57;155,-28,16;169,-44,39;185,-48,20;195,-12,4;205,-12,15
rua||dolres benfica de aguiar|olaria|35681353|20,-2006375,-4454861;42,-11,8;47,-22,15;61,12,-4;72,6,-11;77,10,5;80,-23,6
rua||francisco alberto|olaria|35680113|7,-2006324,-4455792;11,2,2;19,0,12;25,-2,9;31,1,8;39,-2,41;51,3,21;71,7,-26;73,-8,-4;75,7,53;77,-3,-42;101,89,584;106,-92,-511;107,9,-48;111,-10,13;112,2,44;127,3,-45;149,10,74;175,-2,-28;201,79,499;213,-58,-415;215,-20,-50;272,16,58;299,25,76;301,10,144;312,-26,-182;405,18,155;474,11,0;475,7,48;498,-18,41;519,2,-139;521,5,-6;539,1,162;589,10,43;617,-9,-119;619,7,-1;625,6,134;627,3,6;658,-19,-53;672,5,8;674,39,154;686,-3,0;687,-7,-43;689,3,7;734,10,48;738,0,-19;743,-22,-78;744,31,113;754,9,14;766,0,0;783,-32,-90;796,1,11;798,2,9;800,-2,-16;804,-6,21;820,10,8;829,75,111;837,-5,-3;869,-67,-108;902,34,72;916,12,8;927,5,2;971,30,33;972,4,5;1023,109,117;1045,9,17;1058,1,22;1071,2,-12;1078,-53,-71;1101,58,86;1108,-53,-82;1145,-260,-868;1153,0,12;1172,300,903;1193,-296,-821;1200,360,995;1205,-362,-987;1211,5,11;1430,329,984;1437,-288,-791;2238,-42,-146;2244,0,-9;2247,9,-8;2282,-7,30;2283,15,4;2296,-11,4;2306,4,16;2367,24,36;2373,-7,21;2390,6,9;2393,1,4;2402,-1,9;2413,3,-2;2417,0,2;2423,5,1;2428,-5,19;2435,7,4;2441,10,9;2445,-5,19;2450,-7,-6;2455,6,2;2469,6,24;2470,-10,0;2484,8,13;2501,13,106;2505,-14,-102;2511,7,4;2514,-5,94;2516,-2,-98;2519,7,4;2536,-7,113;2562,3,26;2590,31,112;2594,-21,-67;2600,10,2;2602,10,64;2607,-12,-48;2610,-2,1;2611,15,36;2614,-6,1;2634,11,59;2640,-18,-86;2650,2,7;2691,31,104;2707,2,4;2733,20,25;2758,9,29;2782,13,5;2793,11,15;2795,-24,-29;2805,28,31;2810,28,32;2821,-18,-11;2827,5,-2;2849,-18,18;2852,34,1;2857,4,-4;2864,9,18;2867,5,-10;2877,7,4;2887,4,15;2889,5,4;2894,-6,-1;2902,5,3;2911,8,7;2918,3,6;2921,3,-1;2942,9,12;2949,22,2;3059,32,100;3069,5,15;3070,3,-10;3089,-1,17;3099,6,15
rua||geraldo magela de andrade|piaguacu|35681402|185,-2005942,-4455461;270,21,49;273,11,17;276,-7,-8;285,18,25;288,-15,-18;297,23,21
rua||gilmar cesar amaral|sion|35680772|4,-2008718,-4456696;62,21,59;96,16,33;120,5,14;130,-1,3;138,6,15;230,34,82;266,7,24
rua||helena carvalho aguilar|cidade nova|35681071|19,-2010671,-4459439;65,5,4;69,0,4;75,-5,7;85,9,14;93,7,50;95,-10,-44;105,3,18;115,-3,4;125,3,14;135,6,7;145,-6,2;155,0,21;177,10,17
rua||joao luiz de assis|santa edwiges ii|35680830|9,-2009961,-4458518;25,-5,9;32,-17,5;37,2,-2;42,-9,10;49,6,9;52,-12,-3;61,0,10;62,-9,5;72,-1,1;73,9,-1;82,-17,5;85,71,-58;97,-73,66;109,-3,8;121,-6,9
rua||joaquim alves de assis|garcias|35680565|10,-2009358,-4460295;18,-9,-12;38,5,14;48,-18,-41;66,-10,-10;88,-6,-7;89,-12,-5;99,-7,-8;102,6,0;104,-6,-2;110,-5,-8;113,-6,0;164,-29,-21;172,-13,-6;178,-14,-5;204,-7,-5;216,-13,-7;226,-4,0;232,-23,-12;235,14,11;244,-19,-15;252,-4,-3;276,-9,-3;297,65,39;301,-11,-7;303,-12,-7;309,-27,-15;321,-10,-3;331,-20,-12;337,-2,3
rua||joaquim goncalves de araujo|alaita|35681572|117,-2008143,-4460260;180,51,6;190,-119,-26
rua||joaquim rodrigues de andrade|centenario|35681289|6,-2005337,-4456707;18,5,-9;26,0,-9;30,3,-6;42,-1,-11;54,3,-10;66,2,-17;75,4,-3;78,0,-4;79,-5,-6;90,4,-5;102,4,-11;114,0,-9;126,4,-17;138,2,-13
rua||jose de alencar|irmaos auler|35680097|7,-2006712,-4455993;11,0,9;23,4,-9;27,5,14;32,-4,2;34,7,1;39,3,3;44,9,5;51,-3,-5;57,9,7;63,-1,-20;75,14,33;87,7,11;95,12,7;99,1,-5;102,55,286;113,-50,-270;116,-1,-2;122,-5,19;123,7,-17;133,1,10;134,-4,10;137,3,1;140,-6,9;143,8,-8;153,5,8;163,1,12;168,3,25;173,1,-15;180,-4,3;183,6,1;193,1,24;194,-5,-6;200,3,-2;207,7,8;210,-7,2;215,8,8;220,-5,6;223,5,-1;226,-4,8;233,5,3;239,2,9;240,-1,7;243,5,-2;248,-5,6;253,2,-1;256,-2,10;260,6,9;261,1,-6;263,-1,-5;273,0,10;286,1,18;292,2,10;293,7,-9;296,-10,16;299,6,-8;306,6,14;315,-4,2;316,2,8;323,-1,1;326,2,8;333,1,-5;335,-6,-4;336,4,16;343,1,-11;346,1,19;349,11,-1;353,-5,4;356,-10,11;363,11,-1;371,1,12;401,4,22;406,-4,11;411,8,-2;416,-1,12;421,6,-5;426,-6,9;433,3,11;435,6,-5;436,-7,13;441,6,-9;446,-1,13;447,6,2;451,0,0;452,-6,2;461,8,1;466,-7,13;476,2,13;481,9,-6;484,-7,14;489,4,-3;494,-2,8;501,1,11;506,6,10;511,-1,-3;514,3,3;521,-4,-1;526,3,8;531,2,8;536,0,1;541,1,5;546,1,8;551,0,-1;561,-2,9;565,2,5
rua||jose flavio aguilar|lourdes|35680176|9,-2008068,-4457080;13,-3,1;15,1,-4;29,1,17;41,16,8;50,-19,-4;55,8,14;58,6,12;65,2,-1;75,-5,7;76,5,6;80,-1,12;91,13,-4;98,-7,3;101,31,22;108,-28,-1;112,-7,4;113,24,-4;120,-12,16;123,14,-14;135,5,12;176,-14,2;184,14,49;190,-6,-26;202,10,24;206,3,9;216,2,0;220,2,28;223,-1,-20;233,41,103;246,-50,-77;253,24,4;256,-5,6;264,4,13;284,10,15;294,-7,12;297,13,-7;304,-6,23;305,14,1;307,0,0;314,-12,18;331,16,7;333,2,-11;340,-11,25;352,3,1;362,9,9;2301,2,-15
rua||josephina goncalves de abreu|cidade nova|35681045|16,-2010465,-4459504;25,-8,6;35,-1,10;36,-7,-2;45,-5,18;46,3,-11;55,-4,16;56,1,-6;65,-10,13;66,-5,-5;75,2,14;76,2,-5;85,-5,11;86,-6,-7;95,4,10;96,-8,2;105,1,5;106,2,-3;115,-3,10;116,-13,5;125,6,4;126,-9,7;145,6,7;146,-12,3;155,-2,10;156,-5,3;165,-1,9;166,-4,-1;175,4,7;176,-4,-2;185,-9,10;186,7,1;195,-11,9;196,0,-3;205,-1,8;206,0,1;215,-4,5;216,-5,1;225,4,6;226,-8,1;235,-1,10;236,-7,-1;245,1,6;246,-6,3;255,-1,13;256,-1,-7;265,8,-3;266,-15,13;275,1,14;276,-4,-5;285,3,3;286,-8,3;295,9,9;296,-10,3
rua||juquinha do amaral|itaunense|35681089|24,-2009365,-4461119;25,-7,1;34,-3,-4;35,-2,4;44,-2,-11;45,-8,7;54,0,-12;55,-8,5;64,0,-6;65,-7,1;74,-6,-12;75,-1,10;84,-7,-8;85,-1,1;94,-3,-9;95,-5,5;104,-2,-9;105,-7,2;114,-2,-8;115,-2,7;124,-4,-9;125,-8,2;134,3,-11;135,-13,2;144,-4,-11;145,-7,8;164,-7,-9;165,-2,4;174,-4,-10;175,-2,6;184,-10,-13;185,0,1;194,-3,-3;195,-6,1;204,-1,-10;205,-11,5;214,2,-11;215,-5,6;224,-4,-10;225,-1,3;234,-4,-6;235,-5,6;244,-5,-9;245,-1,-1;254,-1,-10;255,-9,11;264,-11,-8;265,1,3;274,-6,-8;275,-2,-1;284,-2,-5;285,-1,3;294,-9,-6;295,-1,1;299,-5,-2;304,1,-3;305,-3,1;308,0,-8;314,-6,-2;315,-3,6;324,-2,-6;325,-3,-3;331,-15,-4;334,1,-5;335,8,9;497,-24,-14
rua||lacy nogueira de assis|aeroporto|35681031|28,-2009425,-4460155;30,-4,13;32,1,-11;34,0,15;44,-5,9;50,-7,13;83,16,-20;100,-278,616;115,271,-600;120,-129,263;127,124,-252;151,-16,23;158,-3,7;163,8,4;170,-16,5;187,5,10;194,-14,8;206,-9,20;211,10,-1;218,-13,6;223,7,8;271,-11,33;276,-18,11;279,11,-1;288,-12,6;293,10,6;298,-14,4;304,-3,5;305,1,13;312,-17,19;329,17,-10;336,-8,5;341,3,-1;348,-7,11;353,-3,7;360,-3,14;365,-4,-8;366,6,4;368,-6,11;372,3,0;373,-6,-12;384,-7,22;389,5,-3;396,-6,7;401,11,2;408,-23,11;413,11,5;479,-20,47;482,-15,10;501,2,14;506,-11,8;513,11,2;525,-8,10;537,-2,11;542,-7,8;549,-1,3;554,-12,6;561,9,5;573,-14,19;597,4,11;609,-11,15;672,-34,58;684,-10,11;696,-1,8;703,0,-6;708,0,12;715,6,4;723,-14,8;727,0,8;732,-6,8;744,-7,4;756,-4,20;763,2,8;768,2,-20;775,6,4;794,-23,33;800,1,0;809,-5,11;814,-5,10;818,4,-3;819,-1,6;826,-4,3;835,-10,27;850,-4,-7;862,-7,15;874,5,7;879,-4,3;889,-5,1;909,-2,18
rua||lilia antunes|nogueira machado|35680270|99,-2008464,-4457770
rua||lilia antunes|pio xii|35680270|36,-2008387,-4457771;45,-17,0;48,10,3;68,-18,-3;98,-18,-8;110,-8,8;116,-11,-3;126,-29,-12;168,-13,-1;182,-14,0;188,-5,-1;194,-16,-1
rua||machado de assis|irmaos auler|35680099|31,-2006633,-4456067;32,-7,0;38,7,3;43,13,6;50,-2,-5;55,13,-1;67,-1,13;68,3,7;74,1,4;75,12,-1;79,-1,3;86,3,6;91,2,-8;98,-1,5;103,4,2;106,8,17;114,4,10;115,3,-9;120,-4,20;127,6,-14;130,1,25;139,0,-18;140,-2,21;151,9,-7;161,-6,1;166,54,284;169,-45,-258;170,-2,12;171,2,-20;173,2,0;192,-5,29;193,10,-1;198,-10,5;206,-1,2;216,7,17;223,8,-3;226,-7,6;230,6,7;233,40,175;236,-42,-166;243,5,-12;246,-8,17;253,37,97;254,-32,-88;263,13,2;264,-13,9;270,2,11;273,4,-13;274,0,11;280,1,9;283,4,-14;284,-10,11;293,10,2;294,-4,11;303,6,-5;304,-3,15;310,3,7;311,3,-11;315,2,5;316,-3,8;323,2,-3;326,-7,11;333,11,-3;334,-10,19;343,15,-4;347,-8,-20;353,9,22;359,-4,1;366,1,23;373,4,2;374,-11,8;383,14,-2;386,-6,7;393,6,-1;396,-1,13;397,1,-10;403,5,13;407,3,-3;413,-2,7;416,-5,7;421,0,-25;422,3,37;423,4,-11;432,-3,16;433,7,2;443,2,5;453,3,11;468,-3,27;482,0,-2;483,3,0;493,5,14;494,-4,4;502,1,11;503,9,-6;512,-8,10;515,5,0;522,-1,12;523,4,-2;532,-3,10;533,5,-3;542,-3,19;543,5,-8;552,-1,8;553,5,-1;562,-3,13;563,5,-1;572,-1,10;573,0,-7;582,-1,20;583,5,-1;586,-3,3;592,-8,2;593,10,4
rua||margarida de oliveira andrade|piaguacu|35681410|105,-2005851,-4455576;116,-18,-11;123,37,55;179,10,26;199,14,26;208,-21,-27;224,8,11;249,20,36;320,15,54;324,1,1;336,2,2
rua||maria carolina alves|joao paulo segundo|35681295|87,-2006822,-4461368;287,-67,-137;301,-10,-9;307,4,-10;367,-24,-43;391,27,54;434,30,146;463,26,-2;471,-85,-205
rua||maria jose amaral|vila tavares|35680068|7,-2006828,-4457103;21,-12,13;27,-75,4;31,68,-8;37,-81,7;39,-3,1;41,1,5;43,65,-1;85,-39,-1;95,-10,1;118,-24,-5;129,-3,6;132,2,-2;139,-10,-1;144,1,-5;146,57,0;155,-73,1
rua||miguel alves|piedade|35680261|4,-2008008,-4458333;7,-1,20;10,-3,-21;18,2,19;28,1,11;32,0,-24;33,0,23;35,-2,3;37,-2,14;38,-2,-12;42,10,-64;60,-3,86;63,-8,-4;65,3,-14;67,-1,10;73,-2,19;76,0,-13;84,8,22;87,-8,-9;92,0,6;104,-3,7;107,5,5;113,-1,13;115,0,0;116,-9,4;119,11,-1;126,-10,6;129,4,9;139,-1,13;140,-5,-14;148,-4,12;151,7,13;168,-7,-3;175,6,13;183,-1,9;190,4,17;193,-3,2;200,-7,-8;201,7,8
rua||nelson nogueira araujo|garcias|35681023|10,-2009522,-4460487;22,2,-9;25,-7,-10;29,3,-8;32,7,8;37,0,-18;41,-1,6;42,4,2;47,-2,-30;49,-7,9;56,14,9;68,-1,-6
rua||olimpio arruda|belvedere|35680332|28,-2007449,-4458443;37,22,-10;62,12,7;102,-23,-2;135,93,-16
rua||olimpio arruda|das gracas|35680332|21,-2006970,-4458486;26,-3,-12;35,-12,-2;38,2,3;39,-15,5;42,5,-7;43,-4,0;51,-101,13;75,61,-6;86,15,-1;92,-3,3;93,-12,-2;96,-5,2;99,3,3;100,-12,3;105,2,0;115,-10,0;157,-42,18;165,7,-15;175,24,29;176,-45,-19;185,6,12;188,-173,3;194,158,-25;195,0,7;204,-6,2;216,-3,-15;307,-109,12;367,-25,8;374,132,5;377,-155,-1;602,252,-27
rua||ozeias alves|residencial novo horizonte|35684899|38,-2008451,-4458822;177,6,-10;178,6,-10;187,5,14;197,-16,6;211,13,-19;229,-21,51;239,-14,8;246,-2,-18;249,9,15;252,-14,4;259,-18,-54;772,-4,17;952,-17,101
rua||ozeias alves|vila nazare|35680400|19,-2008405,-4458888;22,13,9;25,-6,-16;34,9,2;37,-8,-10;46,16,-1;47,5,1;56,-5,1;67,6,-11;110,38,-26;113,-4,-8;123,3,-11;180,-8,22;190,8,-14;266,-69,79;300,-6,-10;306,-5,4
rua||pesque pague adao|sao jose de pedras|35680001|280,-1999147,-4464925
rua||raimundo de almeida|lourdes|35680183|60,-2008070,-4456679;298,-189,74;312,-17,4;313,21,2;324,-29,-1;325,18,10;336,-28,-5;337,14,2;348,-25,6;349,12,2;361,-13,-1;362,-8,-4;373,0,11;374,-11,-6;385,6,2;386,-16,0;394,-2,11;399,1,0;411,-5,-1;412,-22,-3
rua||raimundo de almeida|vila mozart|35680183|6,-2008011,-4456713;25,-18,9;35,-8,3;41,-6,9;78,-39,10;101,-2,8;141,-34,9;156,-19,30;159,-5,-11;161,-9,4;164,5,3;174,4,2;185,-151,43;189,135,-38;198,-9,7;210,-8,7;222,-17,-1;225,2,-8;237,-107,33;246,84,-27;249,12,7;258,-18,-2;261,5,5;273,-5,0;277,-6,1;434,-163,43;448,-4,-4;453,4,5;464,-19,-2;465,13,9;470,-24,-2;477,11,4;488,-25,-7;489,21,8;493,-9,6;499,-2,-1;505,4,2;513,-9,-3;517,-7,-6;525,1,-7;529,1,-1;537,-9,-7;552,-34,-31;556,7,1;560,-1,-1;564,-6,-8;568,-1,0;571,6,25;575,-6,-15;576,-6,-20;586,-4,-2;587,6,17;590,-8,-21;599,-4,15;600,-2,-19;611,-1,14;612,-9,-25;623,-1,14;624,-8,-22;636,-7,-4;639,11,18;647,-9,-8;648,-10,-22;653,2,13;659,3,4;661,-11,-26;671,2,15;683,-13,-11
rua||ruth de castro almeida|tropical|35680622|68,-2007982,-4459194;77,-2,-2;87,9,-6;162,66,-29;182,59,-39;252,-2,0;254,10,3;265,16,-9;272,0,0;508,204,-99;520,2,0
rua||sebastiao jose de almeida|morada nova|35680301|6,-2009143,-4458918;18,-6,6;19,1,15;32,-5,3;33,1,6;44,-4,4;45,1,11;56,-7,3;57,6,5;68,-7,10;69,2,-4;76,-96,290;82,86,-273;83,10,-5;94,-11,17;120,-9,14;121,14,0;132,-14,14;133,10,0;144,-15,16;145,5,-5;156,-6,13;157,7,5;168,-13,6;169,2,7;180,-7,9;181,7,-2;192,-15,19;193,7,-9;196,-2,1;204,-5,12;205,4,-6;216,-8,21;217,11,-1;228,-16,9;229,7,0;231,-2,11;244,-8,0;245,-3,23;286,-30,5;291,29,36;298,-29,-12;299,49,5;303,-33,10;310,-20,-6;315,20,30;322,-15,-28;327,6,42;334,-2,-29;346,-1,18;362,0,14;369,-3,12;847,30,-97
rua||severo antunes|garcias|35681011|5,-2009237,-4460316;6,3,-17;10,-7,1;11,3,10;22,-10,-10;23,-38,16;25,34,-2;30,-17,6;45,3,1;46,-1,-12;47,5,11;59,-25,1;68,-2,-3;73,-9,11;80,-3,-9;93,-7,11;116,40,-16
rua||tonico alegre|olimpio moreira|35680789|2,-2007672,-4456616;3,0,-3;34,-7,-3;54,-13,4;58,-3,0;70,-18,12;82,-6,1;94,-5,4;97,-12,9;101,30,41;102,39,-70;103,-2,5;109,-76,30;121,-10,5;130,27,-18;154,-48,24;190,-33,12;193,-10,15;211,-28,11;217,9,-7;300,-68,16;320,-26,10
rua||tres estancia das acacias|corrego do soldado|35680001|125,-2018645,-4455805
rua||um estancia das acacias|corrego do soldado|35680001|210,-2018838,-4455679
rua||vo almira|morada nova|35680312|53,-2008905,-4459280;89,27,-36;103,-12,14;111,-3,8;115,-5,7;127,-1,6;141,-6,19;167,-6,14;187,-19,12;193,2,8;195,-7,5;197,8,3;205,2,14;248,-73,159;264,42,-121;329,-6,60;544,-92,182;550,8,9
rua||wimice de castro antunes|antunes|35681372|57,-2006433,-4456541;69,16,-11;95,8,-14;135,10,-9;199,65,-47;220,21,-11
rua||zeca da amelia|cerqueira lima|35680388|30,-2008135,-4458736;48,-13,-13;56,-6,-14;76,-1,-18;78,-2,-5
rua||zeca da amelia|vila nazare|35680389|5,-2008135,-4458723;29,-4,-18;43,-5,-6;61,-13,-23
rua||zulmira alves abreu|vila vilaca|35680094|11,-2006365,-4456247;76,-43,-24;97,-72,-20;109,6,-2;116,7,12;126,7,1;136,16,7;155,26,7;166,-4,-8;168,1,-12;181,-72,8;193,100,13;199,-8,6;205,4,-5;213,21,4;221,-13,5;225,-1,6;234,18,4;277,-153,-35;286,-3,-12;287,-1,7;288,-5,-7;291,-6,10;298,1,-10;300,-7,0;306,-5,7
travessa||antunes|vila vilaca|35680091|11,-2006470,-4456347;16,-7,4;17,0,4;26,-4,5;29,3,3;39,-3,16;40,-15,-9;50,6,10;55,3,2
travessa||azurita|parque jardim santanense|35681116|14,-2008597,-4460814;21,21,5;26,-2,3;28,-8,-1;34,11,6;35,11,-3;46,1,9
vila||aurora|centro|35680492|7,-2007439,-4457820;30,27,-4;40,4,-7;41,12,5;50,-1,-4;51,0,-3;60,2,3;61,19,19;68,0,-16
