acesso||da rua jose corgosinho|olaria|35680118|8,-2006536,-4454477;18,1,-3;26,-11,-3;30,-1,1
avenida|dona|cota|centro|35680033|9,-2007461,-4457048;14,21,-4;15,-21,-1;34,21,-5;46,-2,-5;50,0,-6;56,1,-11;63,-20,-20;68,17,20;79,-18,-55;82,10,45;86,9,-9;91,1,-34;100,-2,16;107,5,-33;119,-15,1;120,21,25;131,-24,-38;136,15,33;141,-24,-39;142,22,19;150,-10,-14;175,13,-31;192,-11,1;195,18,-13;199,-13,-8;204,7,-4;212,4,-11;228,-6,3;229,-1,-20;240,7,4;243,-3,-7;249,9,-11;250,-4,6;258,14,-20;281,18,-22;288,-3,14;291,2,-14;300,10,4;304,12,-12;309,-17,-1;310,10,11;313,6,-21;333,0,-7;342,10,9;358,24,-5;359,-7,-10;369,9,9;374,4,-4;377,1,-12;379,5,1;381,-4,11;383,10,-16;396,13,7;397,-11,-12;400,12,10;403,-1,-15;404,-1,17;407,10,-22;408,-8,25;418,8,-16;422,2,0;427,8,-5;428,2,9;431,2,0;441,2,-14;443,-5,-5;445,17,3;446,-6,3;447,3,-2;449,-2,-6;451,16,6;486,36,-4;506,4,0;512,0,-17;514,8,0;516,4,2;564,27,-13;574,21,-11;691,63,-85;734,39,-40;737,-15,-2;765,22,-32;804,22,-1;805,-27,3;813,12,-32;814,22,13;830,8,-12;831,-50,37;835,39,-54;854,14,-5;887,34,-82;954,23,6;955,-17,-16;967,5,-20;980,28,1;1005,-21,-19;1019,3,-9;1020,29,9;1028,6,-17;1034,7,-10;1040,0,-7;1046,0,-8;1049,-17,-8;1050,23,1;1054,5,-7;1077,-23,-5;1087,0,-19;1099,26,-48;1101,-13,51;1105,9,-5;1108,8,4;1111,-1,-4;1124,5,-13;1125,5,-5;1126,-1,0;1136,-1,-15;1158,5,-5;1159,-20,-16;1172,18,7;1182,1,-12
avenida|dona|cota|das gracas|35680033|1611,-2006790,-4458253;1618,22,-2;1628,1,-4;1632,3,-24;1636,-1,-6;1656,32,7;1658,-28,-5;1662,-3,-13;1670,2,-7;1674,4,-7;1676,33,5;1686,-38,-11;1692,3,-11;1696,-3,0;1714,4,-2;1715,-11,8;1717,0,0;1720,6,-11;1755,-4,-41;1783,2,-10
avenida|nossa senhora|do carmo|vila tavares|35680086|143,-2006802,-4456808;147,-6,0;151,4,3;157,3,-1;167,6,-7;181,15,17;193,14,0;585,-130,-18;631,20,18;635,17,-10;639,-47,-396;651,57,395
avenida|professor|expedito campos|olimpio moreira|35680781|60,-2007942,-4456566;61,30,-20
avenida||alba regina campos|tropical|35680543|43,-2007705,-4459164;67,1,-37;115,-3,-37;139,2,-15;163,-3,-32;175,-2,-12;323,-28,-129;327,-8,-19;331,8,14;391,-17,-49;395,-11,-6;405,-2,-10;409,-11,-21;410,15,-4;448,-12,-38;505,-39,-45;509,-4,4;652,-39,-136;660,-3,-4;855,-88,-167;866,1,-14;870,1,-2;878,-2,-7;883,-13,-2;890,10,-9;926,-8,-29
avenida||central|padre eustaquio|35680159|20,-2006775,-4456745;25,25,30;34,-33,-2;35,10,4;49,-3,7;51,0,4;53,2,-1;58,-8,-8;62,0,-1;63,0,24;72,-8,-2;103,-5,36;104,0,-6;128,-16,18;129,21,13;130,-11,-13;136,-4,-3;139,-3,20;142,1,-7;146,5,7;150,-1,1;151,-6,19;158,-3,-3;166,5,2;189,-14,33;197,-2,12;200,-12,5;207,13,-6;216,-20,1;226,10,11;230,-4,0;234,-6,3;242,-3,13;244,-2,-5;260,-10,16;264,7,-5;278,22,29;283,-18,4;294,45,-153;302,-2,-7;304,-39,165;308,-19,8;314,-5,12;321,2,6;380,-56,146;447,21,-37;457,-4,15;467,-2,7;475,-3,3;477,-2,14;480,-4,-32;500,-4,13;521,-4,53;527,-2,4;533,2,5;536,-13,1;547,5,14;551,0,7;552,-25,-27;560,12,31;563,12,-3;565,0,9;566,-14,-3;567,13,-1;571,-12,0;572,-9,1;575,7,9;600,-14,21;606,0,3;607,16,-7;616,-23,5;625,18,19;626,-13,-13;629,12,13;631,-3,7;632,-19,-11;633,16,17;634,-16,-18;641,16,29;645,-2,-2;646,-13,-16;651,12,28;656,-17,-16;657,17,6;668,-23,13;707,7,38;710,-13,-8;717,8,17;719,-1,0;722,-17,-3;726,1,5;733,11,15;737,-2,2;741,-2,8;744,-9,-17;753,32,-52;758,-34,66;774,-13,26;939,30,-4;943,-13,3
avenida||central|vila tavares|35680159|38,-2006741,-4456818;40,-12,5;52,5,-11;56,17,-43;70,0,5;96,-6,24
avenida||central|vila vilaca|35680159|5,-2006717,-4456858;9,-9,15;13,-4,2;39,1,2;43,1,4;55,-12,21;57,11,0;59,-9,7
avenida||flavio carvalho|belvedere|35680470|19,-2007465,-4458880;170,118,45;178,10,4;192,-2,-12
avenida||joao moreira de carvalho|parque jardim santanense|35681100|557,-2008546,-4460846;678,-80,-287;733,20,129;745,-11,-13;757,2,-10;766,-22,-201;770,37,207;811,-22,-67;859,-14,-34;865,51,200;907,-63,-234;908,2,-219;928,-7,-20;948,-9,-27;950,-1,-5;955,12,229;963,2,12;968,-18,-262;988,7,18;1008,-12,-41;1028,-5,-15;1041,32,189;1048,-47,-233;1051,40,223;1065,2,-17;1085,8,-20;1147,-33,-125;1201,5,38;1213,-11,-10;1303,-45,-121;1307,19,30;1317,-8,-7;1336,11,-14;1377,-30,-40;1460,30,40;1480,109,595;1485,-225,-718;1495,-17,-6;1499,-6,-3;1505,-3,-3;1567,-69,13;1573,-6,0;1579,-4,6;1589,-4,-1;1597,175,40;1603,-196,-42;1659,-48,22;1689,-5,-1;1805,-112,21;1817,-11,0
avenida||joao moreira de carvalho|residencial santanense|35681100|5,-2008066,-4460708;9,1,0;11,-7,-4;21,-7,-2;31,-12,-3;44,1,-12;45,-55,55;62,47,-58;74,-28,-5;84,-1,-3;87,-1,9;95,-5,1;96,-7,-9;108,-2,-5;109,-3,15;115,-10,-1;121,5,6;122,-3,-24;134,-16,-4;140,-3,2;148,-2,1;152,-17,-7;176,-12,-5;188,-12,1;200,-14,-4;212,-13,-5;224,-4,-3;236,-13,-2;248,-5,-2;250,-8,2;260,-8,-2;268,-9,-6;272,-3,-3;284,-5,-3;291,-15,14;296,2,-17;308,-9,3;320,-16,-13;325,-3,15;331,-8,0;332,1,-11;341,-10,4;344,-6,-7;347,10,4;359,-15,9;360,1,-14;371,-16,0;373,-4,13;395,-36,-11;406,7,-18;410,-7,9;414,-9,-8;418,-2,-1;422,-2,-5;425,-1,18;434,-7,-19;452,-18,5;456,4,-3;468,-8,-3;476,-8,-3;480,-2,0;492,-9,2;500,-16,-9;504,-1,6;516,-6,-13
avenida||joao moreira de carvalho|sao bento|35681100|1482,-2008814,-4461693;1486,-13,-5;1494,-6,-7;1496,1,4;1500,1,3;1502,-1,-1;1544,-51,-3;1556,-5,1;1568,-13,1;1594,-26,4;1600,-12,12;1608,-30,5;1620,12,-5;1632,-4,-1;1684,-59,20;1688,2,6
avenida||manoel da custodia|chacara quitao|35680403|682,-2008630,-4459084;692,-51,-101
avenida||manoel da custodia|garcias|35680403|753,-2009009,-4459646;1326,-27,-5;1350,-19,-3;1394,-46,-20;1508,-106,-17;1612,-69,-1;1638,-29,-25;1656,-12,-6;1798,-124,-64;13740,369,134
avenida||manoel da custodia|morada nova|35680403|753,-2008727,-4459237;801,-20,-23;849,-35,-48;861,-7,-25;885,5,-47;901,-14,8;903,-14,-2;913,-5,3;927,-5,-13;1169,-136,-179
avenida||manoel da custodia|piedade|35680403|11,-2008252,-4458759;15,23,42;17,14,-3;27,-9,-6;35,-12,-7;61,-10,-9;77,-3,-7;105,-37,-25;145,-10,-3;161,-28,-20;449,36,28
avenida||manoel da custodia|residencial novo horizonte|35680403|211,-2008459,-4458916;221,27,38;231,-13,-10;263,-15,-21;277,3,-29;281,61,105;287,-32,-8;297,-2,-12;371,-34,-75;377,-15,-22;385,-60,-41;395,-2,4;403,-15,-3;405,9,-5;431,-24,-2;437,-3,7;447,-9,-19;491,-22,-24;513,-12,-25
avenida||manoel da custodia|residencial sao geraldo|35680403|1199,-2008984,-4459598;1277,6,8;1401,-100,-58;1413,-20,-3;1425,-8,0;1439,-13,-7;1469,-33,-7;1489,-10,-2;1499,-8,-3;1517,-27,-8;1535,-16,-4;1605,-69,-2;1627,-12,-25;1639,-9,3;1651,-8,-10;1663,-16,-2;1687,-8,-3
avenida||manoel da custodia|sao geraldo|35680403|504,-2008890,-4459483;516,-6,-12;540,7,8;564,-21,-41;604,30,52;616,-78,-91;630,12,-1;646,-14,-20;660,-1,-6;672,-9,-22;690,-1,-8;1032,110,177;1038,-14,-14;1072,-23,-38;1076,-14,4;1082,9,-13;1094,-13,-6;1098,-5,-6;1114,-15,-14;1118,14,3;1122,-2,-8;1132,-6,-8;1136,-2,7;1140,0,-7;1148,1,-1;1160,-10,-9;1216,-27,-33;1226,10,-8;1244,-15,-26
avenida||manoel da custodia|vila nazare|35680403|50,-2008241,-4458744;54,-14,-6;66,-4,-8;92,-20,-14;94,17,4;102,-22,-17;114,-2,-3;116,1,-4;120,-11,-10;126,-3,-3;134,-52,-60;144,-6,3;146,-2,-1;148,-27,8;150,21,-10;156,54,43;162,-65,-41;170,54,31;178,0,-8;180,-5,-3;204,-17,-19;266,-44,12;304,-28,-27;306,0,7;308,-5,-16;310,-7,2;312,-7,0;320,2,-8;336,-7,5;346,-4,-15;354,-12,-6;368,-1,-29;380,-9,-8;390,-1,-6;400,-8,-12;410,-9,-3;422,-66,-40;438,57,25;450,-14,-10;460,-14,-5;470,5,0;480,-13,-4;490,-7,-5;500,-5,-2;512,-17,-2
avenida||manoel da custodia|vila washington|35680403|708,-2008689,-4459208;712,0,0;738,0,0;750,0,0;762,0,0;774,0,0;844,-55,-68;856,0,0;888,5,-81;912,0,0;924,0,0;952,-104,-30;958,-3,-16;966,10,-5;976,-4,-12;984,-9,6;988,2,-13;990,-10,-3;1012,-2,-8
estrada||cachoeira de cima|cachoerinha|35680970|150,-2017974,-4460179
estrada||cachoeira de cima|cachoerinha|35681994|5,-2017870,-4460228;10,10,6;20,-116,102;22,-38,160;28,-20,-14;30,65,-130;40,-374,-121;51,640,69;90,128,-359;100,4,17;110,-20,49;130,-9,45;160,-125,92;170,-109,106;180,-9,7;190,-4,12;200,38,-69;210,-45,85;220,-27,-67;240,-44,7;260,-92,55;270,-19,15;290,-21,27;295,-26,106;310,-21,94;330,-8,41
estrada||cachoeirinha|cachoeirinha|35680001|460,-2016614,-4460651
estrada||cachoeirinha|campos|35681994|6,-2014838,-4462530;9,-185,-963
estrada||calambau de cima|calambau|35681000|21,-2003327,-4455990;25,-113,23;26,10,38;38,3440,-378;980,-709,132
estrada||calambau|calambau|35681000|45,-2001412,-4458972
estrada||da cachoerinha|campos|35684899|58,-2013543,-4460920;118,-63,-41;226,-37,-33;228,-9,-5;273,-405,216;276,359,-240;305,-15,-4;313,-19,-9;361,-45,-8;368,18,-9;373,-40,-16;383,-12,6;385,200,97;387,-59,-42;398,-97,-54
estrada||dos coelhos|coelhos|35681000|26,-2003633,-4468030;30,-109,35;31,2,-19
estrada||paulas pra carneiros|paulas|35680001|9,-1997315,-4459495;21,-404,851;23,303,-471
grota||da cana|corrego do soldado|35680001|1,-2019005,-4456567;2,-1508,-172;3,2087,305;4,-1058,-328;5,380,122;6,-203,-257;7,-126,-253
grota||da cana|grota da cana|35680001|3,-2019939,-4456471
povoado||calambau|calambau|35681000|20,-2001366,-4457121;22,-1961,1131;23,111,-5;24,10,1;30,2218,-794;41,-425,-360
povoado||calambau|fazenda contendas|35681000|34,-2003544,-4457427
povoado||de carneiros|carneiros|35680001|5,-1996868,-4459925;27,-167,488;34,-672,508;63,884,-984;64,-32,-8;65,79,-74;67,-32,86;100,-914,-919
povoado||de carneiros|carneiros|35681000|113,-1996797,-4459896;114,1,3;115,39,-7;116,-9,6;145,204,941;221,-1112,252
praca|padre|jose teixeira de camargo|centro|35680015|48,-2007962,-4457594;62,10,30;102,22,86;180,5,10;291,36,-141;303,-14,10;325,-6,8
praca||cilico|centro|35680456|8,-2007618,-4457794;22,11,-4
praca||do cruzeiro|barragem benfica|35681000|23,-2012472,-4454102
praca||helvecio ferreira carvalho|centro|35680033|888,-2006983,-4457622;916,8,-29;918,5,-3;928,6,0
praca||jose augusto bernardes corino|aeroporto|35680403|142,-2009481,-4459748;156,0,0;1649,0,0;1789,0,0;1835,0,0
praca||jose flavio de carvalho|piedade|35680275|12,-2008287,-4457980;16,4,-3;126,1,-10;140,-7,-20;1834,-22,-9;1846,-10,1;1850,11,-6;1856,-18,21;1870,-6,-12
rua|coronel|osorio camargos|centro|35680042|4,-2007580,-4457651;14,-6,-16;15,20,-5;17,-17,-11;19,2,4;21,-1,-1;22,-5,12;25,-5,-20;26,5,16;29,5,12;35,120,52;85,-124,-77;287,3,8
rua|dona|castorina|belvedere|35680363|21,-2007583,-4458872;47,-8,31;101,-15,52;139,-5,27;151,-7,12;163,-1,21;187,-8,17;211,-3,20
rua|dona|castorina|cerqueira lima|35680363|325,-2007711,-4458634;345,-9,20
rua|dona|maria de castro|lourdes|35680178|22,-2008134,-4457037;23,-4,-8;36,1,13;37,8,1;38,-5,4;46,0,13;49,5,-11;55,5,9;60,-4,16;73,11,-8;83,0,6;84,-7,6;90,4,6;93,11,8;94,-12,2;97,-8,6;100,15,4;105,8,0;106,-14,-2;112,6,7;115,14,2;116,-7,7;125,10,4;133,8,14;138,-14,-2;146,-119,128;154,127,-111;156,7,6;158,2,3;160,-22,4;164,20,4;168,11,1;174,-18,-26;180,9,29;198,3,13
rua|irma|conceicao|centro|35680019|14,-2007592,-4457205;32,7,5;80,-5,61;97,-5,3;100,-2,5;118,-10,14;144,-1,26;150,-3,0;158,-3,17;165,1,-4;168,-5,7;175,2,13;178,-5,6;183,2,10;190,-3,-4;193,3,14;195,-3,-9;200,-5,4;213,6,15;216,-10,3;220,8,13;225,3,7;230,-16,4;242,-1,7;258,0,10;260,5,23;264,-7,-6;523,43,-220;524,6,-21;537,-1,25;543,2,11;553,-14,-37
rua|maestro|herminio corradi|cerqueira lima|35680359|16,-2007743,-4458407;22,0,3;40,-20,14;50,5,3;65,-14,0;125,-46,3;131,-15,-10;137,-3,-7;139,-3,0;161,-15,-23;199,2,-25;267,12,-63;303,32,4;315,9,-4;325,6,4;331,0,-6;431,59,74
rua|nossa senhora|do carmo|vila vilaca|35680086|223,-2006740,-4456779;235,11,11;249,4,-7;267,17,15;273,9,4;283,14,9;284,-21,16;303,28,-15;311,36,-4;324,-4,12;325,-10,-6;335,20,-2;336,2,4;341,0,-10
rua|padre|nilo caetano|sao bento|35681477|10,-2008856,-4461817;20,-9,-6;32,2,-7;51,-3,-1;55,-13,-9;96,-27,-41;161,-24,-34;163,-3,-2;165,-2,1;167,-1,-3;170,1,-9;173,-8,6;177,-5,-10;179,0,-3;183,-4,-3;184,7,-1;195,-12,-11;199,8,3;219,-15,-11;222,-9,-10;223,2,4;233,0,-13;239,-11,7;240,8,-12;243,-8,1;249,2,-8;253,3,-8;257,-7,-3;263,6,-3;264,-25,-17;269,2,13;273,-2,5;277,-2,-2;283,9,-12;287,-13,5;295,-6,-6;307,-7,-5;317,-5,-6;321,0,-1
rua|presidente|antonio carlos|parque jardim santanense|35681123|14,-2009228,-4461533;44,3,1;45,8,-3;58,7,17;97,35,11;100,-4,3;101,3,4;105,7,1;108,1,-1;113,4,2;114,0,1;119,7,0;125,1,2;129,3,4;135,7,5;167,38,24;171,-4,-5;172,-7,0;176,-2,8;190,-65,-54;201,97,65;202,-67,-40;203,64,34;205,4,7;214,-103,-70;231,115,74;235,2,4;245,14,6;246,-9,5;252,1,2;260,12,5;261,9,-2;275,9,6;301,25,13;313,0,15;316,3,-5;317,4,-3;332,7,12;333,9,-3;334,-6,4;347,16,-1;374,10,27;384,6,6;388,5,2;389,11,-12;405,6,6;419,16,12;445,23,8;449,3,6;461,15,8;462,-13,0;468,3,2;476,22,19;477,-3,-15;491,10,4;517,18,16;518,-16,-4;521,18,6;522,-58,-32;530,95,49;533,-31,-19;534,-5,7;547,18,4;548,-2,7;562,9,6;588,15,11;604,14,8;605,11,3;612,11,11;620,-4,-5;621,4,4;635,9,12;638,-6,-11;676,44,31;692,3,-3
rua|professor|osvaldo chaves|jadir marinho de faria|35681227|7,-2005578,-4456114;19,0,0;31,-1,0;43,1,0;44,-46,30;45,45,-33;52,-42,30;55,42,-27;67,0,0;70,-14,13;79,16,-13;91,-2,-2;94,-6,12;96,7,-1;100,-2,-1;103,1,-15;127,32,-5;138,-13,12;141,13,-11;142,23,-3;166,16,-6;178,10,-6;184,-2,0;193,0,-7;198,2,7;201,18,-10;210,5,-4;215,1,-1;222,5,4;229,7,-7;240,22,-4;243,-15,-7;252,21,2;255,-8,-2;267,10,-4;279,0,-5
rua|santa|cruz|centro|35680510|87,-2008024,-4457492;571,-3,5;593,10,13;605,-11,18;617,4,-11
rua|santa|cruz|santo antonio|35680510|7,-2008020,-4457435;9,-7,-5;15,-4,1;21,4,-2;43,3,-27;47,9,-17;103,-4,-37;115,1,-13;149,14,-13;153,2,-7;159,-17,-6;177,20,-23
rua|vovo|grece carvalho|murilo goncalves|35681861|31,-2010521,-4459609;32,1,-9;43,-4,-4;44,8,-10;55,-2,-8;56,5,5;67,-10,-13;70,7,1;75,-8,-12;79,1,-6;83,-7,1;86,21,-10;89,-16,7;97,2,-14;100,14,-1;109,-11,-7;112,13,-2;121,-2,-9;124,13,5;262,-28,92
rua||acacio campos|residencial victor goncalves de souza|35681176|25,-2006716,-4459318;28,9,-4;32,-9,0;35,-8,6;44,2,-32;45,-6,30
rua||ana aleixa de carvalho|piaguacu|35681406|20,-2006119,-4455493;28,5,-2;62,21,7;99,40,4;109,-7,6;113,8,-5;125,13,4;189,60,5;248,-90,26;283,175,-2;329,49,12;345,0,1
rua||angelina carvalho|cidade nova|35680046|25,-2010432,-4459471;35,-10,13;45,-5,10;55,-4,6;65,-3,9;75,2,-21;85,-11,35;95,-4,10;105,-5,9;115,-4,9;125,-6,9
rua||angelina carvalho|cidade nova|35681042|5,-2010628,-4459505;8,-6,-2;15,0,9;22,-1,1;25,-7,15;32,1,-10;35,-8,19;40,-4,-1;45,9,7;50,-5,-7;55,-8,24;60,0,-11;65,0,11;73,-6,3;76,5,-14
rua||antonio carcereiro|olaria|35680121|22,-2006408,-4454954;23,-4,18;29,-11,5;35,12,11;43,-18,-15;56,19,-2;57,-30,14;63,-64,39;65,66,-37;66,14,-22;73,-35,34;82,-18,4;85,24,-5;88,-21,-10;92,28,-9;95,-10,20;99,-9,7;100,18,-7;106,-16,-11;108,-8,5;116,-10,11;120,-9,12;124,16,-2;126,-13,2;127,11,-4;129,-4,2;131,1,12;133,-7,-12;151,-16,18;157,-8,12;159,4,-4;165,-10,1
rua||antonio carcereiro|varzea da olaria|35680121|5,-2006369,-4454943;10,5,-5;11,2,0;16,-6,-2;25,14,-5;26,-2,5;31,7,-9;32,1,4;37,5,-7;46,1,5;49,2,-5;62,7,1;65,8,-6;72,4,0;84,6,-4
rua||antonio corradi|centro|35680353|8,-2007600,-4457891;14,2,-11;22,-4,-9;36,-1,10;40,0,-19;46,-5,-11;50,-24,-10;54,34,-7;55,5,17;62,-11,-20
rua||antonio corradi|cerqueira lima|35680353|130,-2007621,-4458024;146,-4,13;166,9,-27;167,-18,-46;174,20,34;183,-9,-15;194,7,-5;199,-1,-8;205,-12,-18;209,0,7;211,13,-13;214,-11,12;218,35,-33;261,-38,-18;273,-2,-4;285,0,-16;296,-22,-51;297,16,42;302,-5,-12;313,-4,-3;315,0,-1;319,-38,0;321,40,-7;322,1,13;331,-3,-23;334,18,2;346,-20,-13;350,-2,5;360,-1,-13;366,-11,-9;377,2,-5;378,-3,-11;381,18,4;384,-13,-1;387,10,-5;390,-11,-1;391,-5,-8;394,4,8;397,-7,-17;406,3,0;412,5,0;419,-18,-11;460,22,-31;472,-2,-15;477,-9,22;496,8,-64;499,-11,27;500,12,-4;502,-1,-14;506,0,3;511,-12,6;518,15,-25;533,-16,5;540,14,-33;547,-13,27
rua||antonio coutinho|residencial victor goncalves de souza|35681175|34,-2006707,-4459271;44,-15,-4;54,-3,3
rua||antonio goncalves calado|itaunense|35681094|11,-2009334,-4461302;21,-11,-4;31,-8,4;32,8,-11;41,-31,12;42,9,-13;52,-4,2;62,-10,1;67,-19,6;72,11,-9;77,-18,7;82,5,-2;87,-11,-1;92,3,-3;97,-12,8;107,-11,0;112,15,-5;122,-10,-4;127,-13,8;132,5,-11;137,-14,13;142,3,-8;147,-14,5;152,7,-9;157,-17,8;162,4,-8;172,-9,0;182,-4,1;192,-10,-4;202,-7,2;212,-15,-2;222,-12,-4;232,-11,2;242,-2,4;252,-8,-2;409,-29,-6
rua||antonio jose coelho|olaria|35681351|4,-2006445,-4454526;5,63,-119;6,-3,13;12,-8,10;19,1,7;20,-5,1;30,-9,12;32,0,-6;35,8,0;42,-26,50;49,20,-29;52,-7,1;59,5,3;69,-7,10;79,-8,12;82,-6,4;89,3,5;97,-22,17;102,5,-4;107,12,-1;109,-3,3;110,-16,4;116,7,5;125,6,-9;126,-21,9;128,24,-7;129,-12,7;133,-11,6;136,-8,-10;146,-5,-5;149,6,15;159,-10,6;190,-11,12;204,7,14
rua||antonio maia da cunha|santa edwiges|35680840|5,-2009804,-4458840;6,-1,-2;15,-11,12;16,-6,-8;25,7,18;26,-11,-10;35,-1,14;36,-7,-13;45,1,23;46,-7,-8;55,-1,16;65,-1,2;75,-16,7;85,2,10;95,-15,12
rua||antonio rodrigues cunha|recanto das peixotas|35681652|9,-2010346,-4460306;20,-14,-2;27,6,8;32,-9,-6;33,6,6;35,-5,8;42,-9,-9;43,8,11;51,-5,10;55,-1,3;65,-7,0;89,-16,17;90,-5,-5;106,-10,6;115,27,-36;116,-35,40;166,77,-49
rua||ari coutinho|belvedere|35680343|11,-2007476,-4458708;25,8,11;35,8,-3;36,-5,6;54,24,6;68,10,5;80,11,4;94,11,1;95,-10,-3;107,13,5;119,12,6;122,12,-3;131,7,0;157,30,2;178,0,11;190,18,2;191,13,2
rua||arnobio camargos|cidade leonani|35680132|11,-2006757,-4455091;13,-6,-11;17,-5,-7;33,-10,0;47,28,10;90,-86,-56;94,11,7;111,-1,12;117,-10,-7;126,-26,-27;133,2,14;145,0,-4
rua||augusto chaves|santanense|35681145|9,-2007019,-4460718;16,-9,-10;22,17,0;23,5,-7;27,-4,2;34,6,6;40,14,-12;41,-6,3;51,7,-1;52,13,-11;62,-6,-6;63,4,-1;77,2,11;82,8,-32
rua||aurelio campos|centro|35680267|20,-2008292,-4457902;22,10,-3;28,6,-7
rua||aurelio campos|morada nova|35680267|15,-2008995,-4458990;17,4,4;355,25,46;465,-33,-41
rua||aurelio campos|piedade|35680267|101,-2008358,-4458276;185,64,218;188,1,-9;195,-3,8;204,9,-11;207,-9,-7;218,6,-13;221,-114,-494;224,-14,-4;225,124,515;228,1,-24;231,-6,0;234,10,-7;241,-5,-4;251,-1,-7;256,2,-4;263,-10,-14;268,5,3;273,-8,-11;283,6,-2;288,6,-8;291,-9,-17;300,0,-9;306,4,10;309,-9,-5;312,12,-17;316,-8,12;320,5,-19;321,-8,6;330,0,1;345,-4,-21;354,7,-1;360,-7,-24;365,3,16;366,4,-6;374,-2,-9;376,4,5;384,-6,-14;391,-6,-2;397,-3,-11;398,3,7;402,2,-16;403,-4,9;414,4,-17;415,-4,15;419,-3,-8;420,-1,5;427,0,-18;433,-5,-16;435,1,1;437,3,20;448,-11,-31;449,-13,-11;454,22,17;459,-6,-15;462,6,6;465,-6,-7;468,-1,-4;475,-3,-9;482,17,-2;487,-22,-12;488,11,0;497,-11,-11;498,8,18;499,-10,-25;501,-8,-24;531,6,21;537,-5,-30;544,8,6;545,-1,2;547,-10,-25;551,4,6;554,9,13;557,-18,-31;564,4,14;584,1,-26;587,-7,3;594,2,-10;597,-7,-5;604,0,-3;607,-2,6;612,0,-9;619,-5,-3;624,1,-6;626,-1,-1;630,-3,-2;637,-9,-6;638,5,2;647,-5,-2;648,4,-6;649,-5,-4;656,-4,-3;657,-11,-3;662,7,2;672,13,13;680,-3,-4;686,-29,-41;756,1,-45;1195,-289,-254
rua||aurelio campos|residencial novo horizonte|35680267|910,-2008498,-4458706;920,7,-4;930,3,13;936,-3,-1;940,-4,0;1022,-58,-39;1036,-8,-13;1048,-13,7;1058,-6,-9;1068,-12,-2;1158,-71,-37;1170,-1,-8
rua||aurelio campos|santo antonio|35680267|13,-2008259,-4457897;15,-10,9;29,-13,-11;31,-10,-20;51,4,0;55,7,-6;67,-5,-14
rua||benjamim cabanelas|lourdes|35680191|15,-2008380,-4457164;20,-3,3;26,9,-1;27,0,-7;32,10,0;36,-3,0;37,5,-7;44,11,-2
rua||benjamim carvalho|nogueira machado|35680238|6,-2008524,-4457638;10,-11,20;12,-1,-5;27,-9,1;37,-13,12;47,-12,2;59,-1,10;63,-12,-1;65,-3,7;73,-2,6;76,4,-13;83,-15,21;87,0,0;91,-2,-2;92,19,-16;94,-3,-5;96,0,-2;113,-23,30;119,6,0;121,-26,12;125,10,-4;139,-15,7;141,0,0;149,-13,15;199,-39,21;209,0,-10;215,-4,11;221,-5,4;224,-1,-16;231,-7,18;237,-3,5;241,-10,0;245,0,1;249,-7,6;258,-5,-4;259,0,7;261,-7,-3;263,-1,1;269,-2,9;280,-5,-10;287,-8,19;297,-8,2;302,64,-49;315,-83,61;326,67,-49;329,-71,52;334,71,-51;339,-75,53;342,-2,-7;349,-6,21;352,1,-16;353,-7,11;358,67,-50;359,-72,57;364,2,-13;367,-14,20;374,10,-16;380,56,-36;386,-68,44;388,57,-40;393,-58,71;395,1,-6;396,-11,-21;399,2,12;400,-11,-24;405,79,-17;409,-94,50;410,78,-52;419,-78,56;429,-9,2;473,43,-27;481,-12,10
rua||benjamim carvalho|nogueirinha|35680238|477,-2008882,-4457397;487,-19,6;493,-4,2;509,-11,9;512,-10,-5;524,2,2;536,-6,9;542,-11,0;580,48,-26;586,-8,4;590,-10,10;636,-33,19
rua||caetes|piedade|35680262|13,-2008041,-4458171;20,5,-9;25,-17,3;30,-7,-4;35,9,-2;71,-36,9;84,-25,-9;85,10,11;95,-10,5;100,-12,-4;105,5,9;112,-5,-11;115,-6,9;118,2,-5;127,-10,10;128,-1,-4;137,-9,5;174,-19,-1;188,-23,13;189,-7,-2;200,1,-1;236,-39,13;237,3,6;248,-10,-5;250,-7,7;255,-4,6;262,3,-5;265,-11,9;275,-8,-2;295,-11,12;337,134,-60
rua||calambau|calambau|35681773|187,-2005115,-4461703;287,40,-269;511,27,595;526,-315,204;537,347,-145;596,-101,-368;625,83,429;651,-1,11;675,-9,-11;686,-379,252;701,400,-223;718,-92,-447;759,27,511;801,-38,6;841,-24,1;940,-226,345;960,315,-564;1020,-265,248;1025,29,11;1460,-52,1
rua||calambau|fazenda da bagagem|35680001|196,-2003644,-4461191
rua||calambau|fazendinha|35681773|1,-2005110,-4462138;2,44,-13
rua||camilote|vila tavares|35680463|12,-2007111,-4456926;46,-5,15;104,-19,46;114,-2,13
rua||canada|pio xii|35680272|20,-2008679,-4457729;25,-9,-10;26,-1,-4;42,3,-15;45,-20,6;87,-26,-28;103,-8,22;114,-2,-31;119,3,-8;120,-9,-4
rua||candiolario de carvalho|veredas|35680448|20,-2007609,-4456400;26,-6,2;40,23,-7;52,3,-2;64,11,-3;70,6,-5;74,5,-4;78,2,-3;82,-21,12;90,32,-17;96,13,1;114,4,-10
rua||carmo do cajuru|parque jardim santanense|35681104|8,-2009174,-4461148;14,0,-8;18,2,0;26,11,-9;37,-6,2;42,13,-13;43,-5,5;55,2,-9;56,8,-6;60,-1,4;67,-6,-20;68,14,4;73,-2,-9;96,14,-16;165,23,-55;184,16,-12;186,-3,4;192,-10,10;202,15,-20;209,7,-13;212,0,2;218,1,0;234,1,-4;242,12,-20;246,5,-9;248,-4,5;250,3,-14;263,0,-7;264,4,6;268,1,-4;276,3,0;289,1,-20;290,9,1;301,0,-15;302,4,3;313,6,-22;343,8,-8;347,4,-7;351,5,-1;354,5,3;357,-9,-11;358,11,3;365,-8,-16;366,12,2;373,-10,14;375,10,-22;377,2,3;378,2,1;391,0,-22;417,15,-20;422,8,2;429,-2,-14;440,6,6;444,6,-11;451,-17,14;455,18,-31;456,2,13;457,-2,-11;463,7,-8;469,1,-11;481,-38,66;521,56,-97;528,8,6;531,-1,-20;532,15,10;543,-11,-9;544,4,4;548,1,-3;554,6,-10;557,-5,-12;560,5,4;570,2,-4;583,8,-19;584,7,6;595,9,-27;596,-2,14;610,1,-5;613,-1,-14;615,-5,10;622,14,-15;636,6,-12
rua||caxambu|pio xii|35680280|23,-2008830,-4457796;28,-4,-16;31,3,14;44,-7,-24;45,-1,11;48,-5,-10;57,-8,0;241,-4,-16
rua||caxambu|residencial morro do sol|35680280|108,-2008888,-4457870;110,3,5;119,-1,-5;121,0,3;123,-8,2;124,4,-6;127,-8,-1;129,6,6;137,-13,-18;138,-3,-6;147,0,2;155,-9,-4;165,-7,-6;172,-3,-2;177,-7,-8;184,-1,-8;187,-3,-2;196,6,-15;199,-10,8;208,0,-20;211,-1,14;212,-2,-11;220,2,2;223,-4,-6;232,-9,-3;237,-4,-2;244,-6,-9;257,-6,-18;262,-1,-2;263,6,6;267,-2,-13;287,-18,-5;316,-22,-23;321,13,2;328,0,-24;333,-1,10;340,-5,-11;345,-8,-3;346,-4,-6;354,4,-6;355,-2,0;365,-1,-12;375,-5,-3;442,-30,-50;454,-14,-16;458,2,6;466,-6,-15;478,-7,-7;502,-11,-17;514,-10,-12;516,0,2;518,4,-3;526,-13,-11;538,-3,-7
rua||chaue chequer|tropical|35680616|35,-2007788,-4459353;45,-3,6;46,6,1;58,-2,-12;65,-16,-39;70,9,24;81,-17,3;94,6,-23;118,-4,-28;130,-10,-5;153,-9,-13;220,-27,-65;234,-4,-13;257,-22,-40;258,9,26;269,-9,-26;282,8,5
rua||chico canuto|residencial morro do sol|35680480|15,-2009043,-4458075;41,-13,-9
rua||chumbo|padre eustaquio|35680163|11,-2007042,-4456665;19,2,-8;29,-7,21;32,-3,-3;39,1,24;46,-14,-3;49,11,8;54,9,-56;94,-17,55;108,-5,15;554,13,0
rua||cinco|barragem benfica|35681000|15,-2012295,-4453949;19,-212,-189;22,50,68;30,175,123;40,-21,-12;50,-17,-13;51,-65,-39;60,-4,-7;62,-14,-15;65,17,19;135,-55,-35;150,-16,-14;155,-11,-6
rua||cinco|grota grande|35680990|100,-2013528,-4462784;250,203,-47
rua||cinco|santa edwiges|35681251|128,-2009616,-4458813;277,-84,88
rua||cinco|vale dos ipes|35681386|20,-2011509,-4460122;40,-46,-67;70,-41,-61;85,-21,-24;95,-15,-20;110,-15,-33;127,84,131;222,-49,-78;269,-36,-45
rua||cleusia alves de carvalho|olimpio moreira|35680782|8,-2007714,-4456542;26,-15,2;33,-14,18;59,-25,6;83,-11,10;143,-53,32
rua||conceicao maria campos|cidade nova|35681044|10,-2010524,-4459505;13,3,-1;23,-6,10;26,-6,1;33,3,8;36,-8,2;43,5,8;46,-10,1;53,15,2;56,-20,5;63,8,-3;66,-11,10;73,4,4;76,-7,4;83,4,3;86,-17,10;93,6,4;106,-10,13;113,6,-5;116,-12,8;123,2,7;126,-27,35;133,22,-30;136,-3,0;140,-3,6;143,4,5;146,-8,5;153,-2,3;156,-2,5;163,5,-7;166,-10,14;173,8,-2;176,-16,22;183,3,-9;186,2,3;193,-10,6;196,-3,2;203,6,2;206,-8,6;210,-2,4;213,5,3;216,-10,-7;223,-1,17;226,-3,1;233,3,2;243,-5,9;244,-3,-4;253,1,6;263,-5,11
rua||contagem|vila vilaca|35680072|10,-2006685,-4456736;26,5,14;29,19,6;33,-1,6;36,-10,-4;37,12,15;40,-15,-15;45,18,19;50,-10,-12;59,15,23;64,-8,-10;75,14,27;80,-11,-11;94,5,11;102,3,12;107,11,9;108,0,13;122,-3,3;123,12,0;126,-14,-1;127,16,-2;128,-10,11;132,2,2;134,12,3;135,-1,0;136,-4,15;138,-4,5;147,14,-3;152,-6,3;159,5,1;162,8,12;168,-5,0;171,5,2;182,6,10;183,-9,0;190,9,0;195,-3,12;197,-5,-4;198,4,7;199,6,2;214,-6,9;219,15,13;231,6,9;243,-4,3;244,-5,7;255,11,7;256,0,19;258,-4,-15;267,8,7;276,-6,17;291,14,10;292,0,-6;301,0,7;306,-4,2;311,11,8;317,9,6;320,-8,8;324,-36,-86;334,40,89;335,0,0;338,2,-7;342,-1,16;348,0,19;386,14,26;403,-93,-265;410,102,281;415,0,-5;417,-3,7;418,2,7;421,-5,9;422,6,-7;425,11,5;429,2,-8;432,-10,14;436,0,-4;438,0,1;440,6,7;444,4,8;455,7,2;460,-7,12;475,18,21;484,-11,-19;489,11,25;512,-5,8;649,-46,-142;652,-8,5;655,10,-2;680,-3,13;681,13,27;683,1,-13;685,-7,16;784,35,71;792,6,14
rua||cristal|padre eustaquio|35680164|18,-2007111,-4456600;28,-3,16;35,5,11;36,-7,2;37,26,5;41,1,1;47,-4,4;54,-32,1;57,9,0;58,-8,10;67,3,8;73,-6,-3;605,17,-58
rua||curitiba|vitoria|35681388|50,-2005376,-4453856;52,-11,9;60,17,-30
rua||c|campos|35684899|25,-2014112,-4460694;39,8,-7;50,4,-8;53,-3,1;66,3,-13;80,0,-12
rua||dalmo lucio lima coutinho|cidade nova|35680602|7,-2010365,-4459319;15,40,-65;25,75,-133;26,3,-5;35,-11,12;36,5,-1;45,-6,12;46,0,-7;55,-5,17;56,0,-3;65,4,3;66,-12,5;75,0,11;76,-2,-7;85,-3,14;86,-3,-4;95,-7,10;100,0,0;105,5,11;106,-5,-2;115,-3,9;116,-3,-1;125,-2,11;126,-2,-4;135,-3,11;136,-5,-5;250,-79,133
rua||das camelias|sao geraldo|35680471|6,-2008900,-4459659;7,-7,4;28,-11,1;35,-10,8;40,-4,-5;52,-9,-1;64,-9,4;65,-7,3;76,-9,-1;88,-12,1
rua||das corujas|condominio recanto dos passaros|35681000|436,-2012342,-4454965
rua||david goncalves campos|garcias|35680563|30,-2009243,-4460121;35,19,11;41,-15,-6;47,1,0;57,-6,-6;64,-14,-7;69,-4,1;73,-6,-3;76,1,-1;81,-17,0;88,0,-8;93,-7,6;94,-5,-5
rua||delfina maria de carvalho|santanense|35681204|7,-2007001,-4460852;17,24,-22;19,-16,14;34,19,-4;42,-2,-12;53,10,-10;81,25,-12;95,5,-12;104,8,3;111,4,-15;127,4,-8;137,11,-4;141,3,-7;153,2,-3;165,18,-16;183,-2,-1;200,2,2;208,22,-16;228,8,-18
rua||do cemiterio|corrego do soldado|35680001|22,-2018918,-4456201;27,-3,-14;150,4,10
rua||dos canarios|condominio recanto dos passaros|35680289|15,-2012093,-4454706;235,62,-11;254,-31,2;255,14,3;274,-19,-7;294,-27,8;314,-8,2;334,-18,4;336,114,-24;341,-84,34;344,62,-29;385,-140,35;464,-69,3;465,-11,10;484,-11,-11;485,9,11;495,-24,16
rua||dos canarios|condominio recanto dos passaros|35681000|10,-2011881,-4454754;20,-61,3;30,43,-3;107,-32,16;127,-10,4;143,111,-34
rua||dos cravos|sao geraldo|35680434|5,-2008830,-4459564;17,-1,-6;29,-15,-14;41,-5,-9;53,-19,-2;65,5,-13;77,-4,-14;87,-3,-11;99,-11,-7;107,-1,-5
rua||dos crisantemos|sao geraldo|35680432|15,-2008817,-4459722;26,-6,-6;27,-5,4;34,-1,-7;39,-11,5;46,0,-4;51,-6,1;58,-5,-7;63,-6,4
rua||enio pereira de carvalho|aroeiras|35680990|1000,-2008189,-4461729
rua||enio pereira de carvalho|parque jardim santanense|35681312|353,-2008414,-4461291;383,34,-16
rua||enio pereira de carvalho|residencial santanense|35681312|8,-2008586,-4460975;20,15,-7;30,3,-2;32,3,-3;56,10,-22;68,7,-8;80,9,-9;92,10,-11;106,2,-6;116,9,-6;128,10,-14;138,5,-6;144,1,-3;152,2,-2;176,14,-20;188,6,-6;200,10,-14;212,8,-10;242,17,-22;260,11,-17;272,1,-4;280,11,-3;284,7,-3;326,33,-5;332,16,-8;360,30,-11;370,-2,3;398,25,-6;420,28,-4;448,24,3;474,21,2;478,0,0;496,23,3;508,5,6;708,133,7
rua||enio pereira de carvalho|vale das aroeiras|35681312|463,-2008274,-4461220;475,28,4;485,0,0;497,15,8;509,11,0;523,10,3;581,58,-12;607,19,21
rua||firmino cota|santanense|35681186|30,-2006694,-4460817;40,9,2;48,5,-4;66,18,-1;84,13,-2;88,8,-2;102,5,1;120,23,-3;128,8,-1
rua||firmino cota|santanense|35681189|37,-2006691,-4460821;47,8,-5;51,5,0;59,18,-1;67,5,-6;93,8,8;99,20,-4;105,9,0;129,9,-9;135,6,4
rua||francisca da silva corgozinho|santa edwiges|35680826|15,-2010172,-4458577;25,4,3;35,7,11
rua||francisco carvalho|nogueira machado|35680240|7,-2008765,-4457261;19,7,-13;31,1,-11;37,3,-7;60,6,-4;84,123,-294;103,-122,271;117,7,-13;119,-1,-6;129,4,-13;137,18,-17;139,-10,11;143,6,-9;149,3,-5;161,15,-23;171,-19,4;173,-1,16;177,12,-23;181,9,-29;187,-4,31;194,7,-12;205,-4,-18;210,10,-1;220,7,-8;252,20,-30;263,-6,-15;266,1,5;278,6,-18;292,5,1;300,-2,-43;312,-1,12;319,8,12;320,-9,-19;326,16,-10;341,7,-27;348,11,-4;351,-5,-20;416,25,-18;447,-27,30
rua||geraldo cilico|centro|35680505|4,-2007860,-4457320;18,-2,-14;32,12,-18;42,-8,1
rua||geraldo felix do carmo|santa monica|35681223|16,-2006025,-4456497;22,-2,24;94,31,27;167,-14,-32
rua||gioconda corradi|cerqueira lima|35680255|16,-2007770,-4458049;18,-11,-6;31,15,16;36,-6,-29;37,19,28;38,-21,-28;39,3,12;41,26,-29;45,-32,4;51,-5,19;71,15,-25;74,2,7;80,-11,22;81,8,-41;82,-3,41;91,3,-50;96,-5,41;100,11,-49;101,-6,5;106,-6,33;111,8,-41
rua||guilherme corradi|aeroporto|35681822|5,-2009524,-4460202;10,-42,-32;15,28,18;25,-3,4;35,-12,-7;65,-24,-15;75,-8,-1;85,-6,-5;95,-17,-3
rua||guilhermina das neves candido|sao bento|35681468|3,-2008786,-4462091;13,-2,2;25,-5,-7;29,-5,-2;59,-30,-24;73,-6,-9;118,-25,-35;129,-11,-3;133,-4,-7;142,-3,-8;146,-2,-2;161,-1,8;164,-25,-27;194,83,86;204,-93,-100;223,-17,-4
rua||hilda velloso coutinho|morada nova|35680309|6,-2009303,-4459074;7,1,0;18,-8,12;19,9,11;33,-6,6;44,-11,3;45,-4,13;56,3,9;57,-6,-1;68,-2,13;69,-1,-1;82,-1,17;83,13,-14;94,-18,20;95,10,-8;106,-9,18;107,0,0;118,-6,14;119,7,8;132,-9,1;133,1,-1;144,-3,6;145,12,13;156,-17,4;157,5,-1;168,-5,11;169,6,3;182,-12,-1;183,2,15;184,2,-3;193,-3,1;194,-1,6;195,2,0;219,-9,25;230,-4,2;231,-3,8;244,1,12;245,-5,4;256,5,3;257,-3,8;266,-4,3;268,4,5;269,-6,8;280,7,3;281,-10,4;295,1,10;306,-8,6;307,6,11;318,-8,2;319,4,-2;330,-12,15;331,6,2;344,-2,11;370,-13,22;382,1,6;383,-1,6;394,-8,14;395,5,3;406,-4,5;407,-1,1;419,-5,13;428,11,-3;431,-10,17;443,-2,3;455,-2,24
rua||joao batista da cunha|itaunense ii|35681335|19,-2010076,-4461597;97,18,35;99,-7,-6;101,2,2;123,0,-10;147,-21,-26;151,-8,-3;159,-3,-5;171,-14,-12;181,-8,-5;191,-3,6;203,-11,-11;215,-9,-3;243,-28,-19;420,126,146;430,-2,-18;486,-2,-17
rua||joao caetano|santanense|35681185|8,-2006965,-4460985;16,133,241;20,-3,4;36,-14,-14;42,-1,-8;84,-33,-31;94,0,-9;95,-4,4;99,58,57;101,-89,-105;104,29,38;106,-1,-3;110,-4,-5;114,-8,-14;116,6,14;120,-1,0;125,-3,-3;126,19,-14;130,-23,11;136,4,-3;140,-6,-9;144,-1,2;145,3,12;156,-5,-19;159,-15,-6;167,8,0;170,-6,-5;181,-1,-1;182,-1,-11;190,-6,-3;192,-2,-4;197,0,4;198,0,-11;207,-8,0;245,-30,-32;250,-2,-7;251,10,12;262,-8,-25;267,-6,-6;281,5,-14;286,2,-11;291,-6,8;295,-14,-8;364,17,37
rua||joao conquista|vitoria|35681391|16,-2005780,-4454200;23,-7,0;28,6,-3;34,-8,-5;36,-80,-63;38,-10,2;40,89,58;51,-7,2;52,-5,-13;53,4,-8;59,-11,3;63,-3,-2;64,3,9;80,-17,-23;90,0,2;120,11,7
rua||joao da cruz|piedade|35680393|17,-2008171,-4458351;19,-3,-8;22,6,2;31,0,3;34,-3,-18;37,-3,0;41,-2,-11;43,3,-11;50,-5,16;53,-7,-11;58,3,3;63,-5,-9;65,2,-5;66,2,-8;68,4,15;75,-13,-24;78,9,4;86,-14,-14;87,7,0;97,-1,-3;100,0,0;105,-4,-8;108,-3,-4;119,-1,-18;120,7,9;142,-40,-112;152,30,85;161,-8,-4;162,6,-10;171,-13,-10;176,10,1;184,35,157;186,-43,-167;189,0,4;196,-4,-10;205,-6,-5;212,7,-10;217,-5,-3;218,1,-5;226,-2,-11;237,-3,-6;254,0,-14;268,-7,-13;271,-3,6;278,6,-11;281,-17,-2;285,2,-2;289,2,-12;290,6,10;298,-2,-13;310,-7,-12;322,-6,-10;337,-8,-15;338,8,5;347,-9,-10;357,1,-3;365,-1,-17;366,3,-1;369,-7,2;370,3,-15;371,-8,-3;372,10,-1;381,-6,-7;384,3,3;390,-10,-10;393,14,26;398,-12,-34;405,-11,-7;406,15,0;418,-9,-18;419,-6,-9
rua||joaquim barreto carneiro|corrego do soldado|35680001|2,-2018793,-4456076;22,-9,36;30,-29,3;117,-162,152
rua||joaquim barreto carneiro|corrego do soldado|35680002|325,-2019021,-4455856;352,1,-5
rua||joaquim custodio|vila santa maria|35681412|26,-2005993,-4461503;27,4,7;37,-10,-4;38,11,7;52,-25,-6;63,-9,-1;64,8,4;90,-15,-8
rua||jose alves coutinho|sao judas tadeu|35681173|34,-2006587,-4459122;36,11,102;45,-4,-94;48,-13,-4;61,14,7;68,-7,20;77,12,18;82,-11,-1;86,-1,-5;87,13,1;138,-15,57;139,19,-8;143,-6,5;149,-5,4;158,-1,13;167,5,7;170,-7,6;184,-5,13;188,6,-139;196,1,-11;213,-10,166
rua||jose bernardes de carvalho|belvedere|35680334|396,-2007237,-4458534;408,-4,-16;410,0,5;412,-13,-18;420,8,9;426,1,-2;477,-39,-67;509,-11,-11;597,-34,-97;612,-4,1;636,-3,-18;649,-11,-9;660,2,-17;675,-17,-12;696,3,-20;720,-9,-29;727,-19,-13;803,-22,-50;830,13,26;833,-23,-60;851,-20,-11;872,13,-5;875,-10,-11;942,-12,-41;966,-18,-40;990,-16,-15;993,3,10;1002,-7,-22;1061,-21,-39;1075,-15,-34;1086,27,23;1095,-34,-26
rua||jose bernardes de carvalho|das gracas|35680334|20,-2007171,-4458205;23,-4,11;25,-4,-5;28,2,-1;29,1,-1;35,-1,-6;38,2,3;43,-11,-19;63,9,-10;73,-7,-8;74,6,-1;75,-6,1;90,5,-19;99,-3,-8;100,-2,2;107,-7,-3;108,7,-3;117,-11,-14;118,15,8;124,-5,-10;127,-10,-35;163,1,6;166,0,-1;174,2,-13;175,-27,6;180,34,-30;184,-9,15;189,-1,-2;192,-2,-24;193,1,14;201,-4,-9;249,11,51;250,-17,-84;258,2,-9;259,-7,-2;264,2,-4;267,-6,1;271,2,-3;274,4,-5;275,-4,0;284,3,-14;289,-8,-3;294,6,-4;303,-7,-6;305,-3,-12;310,10,12;312,-10,-12;316,14,-3;324,-9,-12;370,-3,-14
rua||jose camargos|residencial victor goncalves de souza|35681381|19,-2006684,-4459767;22,9,-9;33,-17,4;34,3,-4;41,-13,0;44,3,3;48,-6,-1;53,-3,0;56,0,-2
rua||jose carreiro|olaria|35680110|22,-2006235,-4455344;32,1,0;55,18,-9;61,11,-5;70,6,4;71,1,-2;78,12,-2;81,-19,0;92,31,-4;97,-7,-4
rua||jose carvalho|cerqueira lima|35680379|8,-2007973,-4458341;16,61,-26;22,-48,17;23,-24,6;33,27,6;38,2,-13;45,26,36;57,-7,-51;58,6,22;68,8,-11;78,4,-13;94,16,-8;127,22,-15;142,20,1;156,11,-12
rua||jose carvalho|piedade|35680379|471,-2007992,-4458328;475,8,-2
rua||jose corgozinho|olaria|35680118|25,-2006353,-4454585;37,20,-163;47,1,25;106,-10,123;114,0,-9;130,2,20;166,-5,-21;366,-103,131;457,-56,9;490,-24,-2;491,11,-1;492,-5,8;513,-10,-8;515,-19,2;517,11,-1;533,-26,7;557,-14,7;581,-7,2;591,-5,-7;601,-10,24;606,-56,79;621,47,-80;629,-4,9;645,-15,25;701,-53,121;711,2,-6;750,19,-53;766,-24,56;790,-10,20;799,7,5;814,-15,23;815,22,-47;819,-13,39;844,-13,24;855,-1,16;856,-4,2;866,-2,10;876,-1,2;896,-9,20;912,-6,11;936,-7,20;945,52,-146;995,-91,220;3030,432,-595;3074,3,51;3116,-9,-49;3136,1,21;3162,-1,21;3170,4,6;3184,-4,18;3190,3,-13;3228,0,-1;5273,-2,-7
rua||jose higino de camargos|olaria|35680114|15,-2006378,-4455308;30,2,6;55,23,7;60,-9,-1;62,17,8;66,-15,-7;80,22,9;87,10,-2;100,1,8;114,5,1;116,8,6;126,5,3;130,-15,35;155,51,-18;289,-53,-35;322,18,26;324,9,5
rua||jose julio campanha|santanense|35681304|25,-2006574,-4460955;37,5,-2;41,5,0;45,3,-1;55,12,-1;59,5,-1;65,5,1;69,11,-4;79,2,1;437,-74,10;443,9,-3;488,35,-1
rua||jose luiz calambau|belvedere|35680331|590,-2007456,-4458352
rua||jose luiz calambau|das gracas|35680331|19,-2006959,-4458434;21,16,-7;34,-21,2;36,-11,7;37,-1,3;89,-41,13;94,-53,17;97,44,-15;106,-27,4;116,-4,2;172,65,-20;174,-97,38;187,-15,1;193,41,-8;194,-46,12;199,-2,-2;200,13,-5;210,-23,4;215,3,5;218,-10,-10;236,-68,17;251,52,3;252,-20,-9;263,-5,10;271,28,-6;278,-34,1;281,-12,11;282,4,-5;285,-12,6;322,-19,-7;332,-6,5;342,-12,1;355,4,0;361,-33,5
rua||jose nicodemos candido|santa monica|35681248|8,-2006007,-4456528;18,3,-14;21,-8,11;34,9,-22;35,-5,-1;43,-5,1;48,11,-7;60,1,-8;61,-7,-4;70,3,-6;75,-21,-8;79,23,-5;84,-13,1;87,2,-5;94,8,-17;99,-9,9;106,4,-11;109,-11,-5;114,8,-9;119,-11,-7;135,-4,-6;149,7,54
rua||jose rodrigues do carmo|jadir marinho de faria|35681237|10,-2005763,-4456292;14,-10,3;117,99,22;171,45,0;172,42,17;464,-124,-19
rua||jose viana construtor|residencial morro do sol|35684899|200,-2009149,-4458515;290,-14,58;321,2,31;333,-11,2;372,-9,41;402,-8,7
rua||josina carvalho|piedade|35680264|17,-2008158,-4457996;28,-39,-40;54,26,-9;63,-6,-5;66,2,2;67,2,-6;84,-3,9;90,1,-7
rua||jovelina flavia de carvalho|residencial novo horizonte|35680475|5,-2008592,-4459006;13,-15,-1;23,-14,0;27,0,-2;33,-10,2;38,-7,-10;43,-4,10;53,-1,-11
rua||julife de castro|antunes|35680083|64,-2006416,-4456968;71,14,-8;72,-8,-4
rua||julife de castro|eldorado|35680083|121,-2006382,-4456999;131,1,-6
rua||juquita carvalho|cerqueira lima|35680354|26,-2007682,-4458226;36,-14,-7;48,-7,0;54,-5,2;65,1,2;70,-12,-13;77,-5,11;80,-6,-9;81,0,10;87,0,-2;93,-8,-10;94,-1,0
rua||juscelina carvalho|piedade|35680263|12,-2008233,-4458043;25,11,14;26,8,-5;34,-4,9;35,2,-11;41,0,10;50,-4,6;51,6,7;62,-15,11;65,20,-2;74,-7,17
rua||l lazaro cardoso de carvalho|vale das aroeiras|35681486|202,-2008085,-4461254;330,16,63;338,-6,-22;340,-1,0;350,9,-32;380,-5,-25
rua||leopoldina correa|santanense|35681135|29,-2007008,-4460800;45,-23,0;55,-6,7;109,-47,14;119,-14,13;121,0,0;123,0,2;164,-34,11;176,-11,3;181,-3,0;186,-4,-2;191,-3,2;194,0,-4;197,-7,2;203,-13,2;204,4,-1;207,2,4;211,-7,-1;215,4,-1;221,-5,3;222,-12,-4;226,5,1;228,-11,1;229,6,7;231,-8,-1;238,1,1;244,-3,-9;246,-1,2;248,-10,2;254,12,-2;255,-13,12;256,-9,-10;261,0,15;262,-3,-20;265,9,14;271,-19,4;280,-7,-12;281,-1,14;288,-7,-18;295,-5,11;298,-2,-2;301,-1,8;309,-4,-4;323,-12,7;333,13,-7;336,-15,-1;337,-10,12;340,-11,-11;341,36,-1;344,-40,-11;346,-2,18;353,-1,-2;358,-2,-4;365,-6,10;370,-8,-8;423,-46,22;438,-15,-7;448,-8,0;451,-7,4;458,-3,-2;459,-5,7;460,2,-6;468,-1,2;471,-9,4;485,-9,17;493,-7,-15;495,-22,5;507,2,-3;509,-10,3;525,-19,3;539,-11,24;543,-3,-31;551,-4,-2;553,1,12;563,0,20;606,-47,-17;612,-9,4;623,-11,2;626,4,-3;631,-11,7;636,3,-5;642,-16,0;643,-2,7;649,-2,-1;652,-5,-5;655,-2,8;660,-8,-9;662,8,-2;664,0,0;665,-13,12;673,-7,2;678,-2,-9;679,1,6;682,-2,-5;684,-7,1;685,1,7;696,2,1;699,-8,1;703,-11,-1;706,-9,-1;711,3,7;718,-9,-4;725,0,4;730,-9,-8;735,-4,7;740,-10,-3;747,3,6;754,-9,-3;756,-3,-5;763,-3,19;764,-6,-15;769,-1,8;781,-8,6
rua||lupercio da silva couto|morro do engenho|35680226|4,-2009604,-4456254;7,-4,0;14,-3,-13;21,-5,1;24,1,-5;34,-8,-9;35,-6,6;60,-13,-16;63,1,2;70,-9,-9;75,0,-1;80,-6,1;89,-8,-10;90,0,-1
rua||manoel correa|centro|35680325|19,-2006957,-4457919;41,-6,-11;46,-7,0;47,4,-10;56,-7,6;59,-6,-18;67,1,-7;68,5,9;71,-1,-21;78,-4,5;90,-3,-14;93,0,-4
rua||manoel correa|das gracas|35680325|32,-2007026,-4458240;111,44,204;121,1,-17;132,-8,-15;139,-11,-2;148,9,-4;153,-10,-2;154,12,-6;155,-17,3;166,15,-12;177,-12,2;181,4,4;184,0,-24;189,-4,9;196,-7,-19;199,5,24;213,-4,-49;230,8,-17;236,1,-1;243,-13,1;250,-6,-9;255,5,0;291,-62,-338;321,-5,-4;322,56,275;325,-3,-6;332,-2,1;335,-6,-16;340,1,3;347,-13,-22;350,24,59;351,12,42;366,-4,-74;372,-20,-38;396,-4,-24;401,5,34;418,-17,-49;431,7,13;438,-5,-34;445,3,-9;446,-2,-5;455,8,-5;460,-8,-6;465,-5,13;468,4,-7;473,-1,-12;481,-5,-9;482,0,7;483,0,-4;512,-4,-19;526,4,-15;534,-3,-11;540,-6,-19;542,2,3;549,-4,9;559,1,2;560,3,-18;575,2,-17;576,-7,0;597,-8,-16;618,3,-26;620,9,-10;630,-9,8;632,0,-5
rua||marcelino corradi|centro|35680039|4,-2007631,-4457790;10,-1,-1;16,-9,-2;18,-15,-4;20,2,-1;23,8,-1;35,-16,-3;38,-10,-15;48,0,-7;55,4,20;61,-22,3;74,-8,-11;82,0,-10;86,13,-21;96,-27,26;103,4,1;106,-6,-19;121,-17,4;122,2,-8;127,-7,18;131,-2,-10;137,-10,5;138,7,-14;145,-8,-5;156,-5,7;170,-21,-5;174,3,6;180,-7,-13;185,6,-8;186,-14,0;197,-5,-4;206,8,11;210,-10,-1;214,-12,-2;218,-10,-7;220,11,3;222,-16,3;224,1,-15;226,-6,2;228,-7,5;236,2,-12
rua||maria celeste candido|aeroporto|35681564|122,-2009875,-4460004;182,52,-92;186,0,-4;196,-2,-7;206,-1,-5;226,-13,-26;236,-2,-4;239,-4,-4;248,-1,-5;290,-10,-39;298,-3,-6;308,-2,-11;320,-1,-20;332,-9,-8;344,0,-6;350,0,0;364,0,0;444,-31,-93;460,3,-3;468,-4,-14;480,-4,-9;488,-4,-24;492,-10,2;496,3,0;504,4,-11
rua||maria de castro|lourdes|35680739|167,-2008082,-4456899;179,7,2;199,4,7;219,5,19;229,9,14;239,-4,9;245,13,11;249,-5,-1;259,4,6;269,5,9;279,0,3;285,4,13;289,-30,-77;293,35,88;297,-2,-2;317,5,9;319,3,4;327,11,16;337,3,7;345,7,14;347,-4,1;371,9,5;375,-2,7;383,-1,3;395,7,12
rua||maria de castro|vila mozart|35680739|194,-2008068,-4456867;206,4,13;224,8,4;300,27,55;310,6,18;320,-1,-6;344,8,26;352,0,7;368,0,7
rua||maria ivolina dias carneiro|sao bento|35681467|25,-2009009,-4461693;34,5,-3;39,-17,-10;46,8,-3;51,-15,-11;58,10,4;70,-24,-39;81,2,26;82,10,-5;89,-13,-6;93,0,5;94,7,-6;105,-16,-7;106,10,-5;117,-15,-6;118,9,-5;125,-16,-5;129,-7,-4;166,-8,-26;178,-3,-10;179,-8,-3;190,0,-5;191,-16,-12;202,10,2;203,-15,-8;206,14,5;207,-11,-3;215,-8,-12;227,-4,-5;239,-10,-12;251,-7,-10;262,7,-5;263,-8,-1;274,1,-7;275,-12,-9;286,9,4;287,-16,-8;298,10,-2;303,-13,-9;310,5,-1;311,-10,-3;314,11,3;318,-4,-4;1646,156,223
rua||maria lima coutinho|belvedere|35680340|242,-2007385,-4458467;252,-6,-9;264,-5,-15;283,-7,-17;288,-2,-6;295,-8,-11;307,-2,-4;312,2,-5;319,-6,-3;338,1,-20;343,-6,4;356,-5,-15;413,-28,-52;426,2,-6;446,-53,-110;448,50,97;466,-11,-28;469,-13,1;495,-10,-20;513,-3,-12;530,-1,-15;572,-26,-39;633,-26,-66;677,-18,-39;726,-16,-58;762,-10,-19;794,-11,-28
rua||maria lima coutinho|das gracas|35680340|22,-2007277,-4458291;34,-7,-15;44,-7,-14;54,5,-14;60,4,1;74,-3,-4;140,-47,-55
rua||marinha de souza carmo|joao paulo segundo|35681216|132,-2006998,-4461467;200,35,267;226,-25,-137;230,0,0;241,5,104;253,1,-5;306,-4,-61;312,0,0;316,0,0;322,3,-13;375,-12,-60;387,-7,-3;399,-1,-13;423,-3,-26;493,-10,-66;497,-6,-2;505,1,-16;519,11,21;659,-1,29
rua||mario coqueiro|das gracas|35680319|20,-2006940,-4458442;25,-10,-25;31,5,0;34,3,8;38,-1,-13;40,-4,-4;45,-2,-34;46,9,32;55,-10,-12;68,4,-11;70,-3,-8;73,3,10;88,-6,-33;95,7,23;98,7,-31;99,-16,7;109,-4,-14;111,4,7;121,-2,-8;124,7,2
rua||mirocles carvalho|das gracas|35680326|59,-2007093,-4458097;64,12,-3;66,5,10;68,-7,7;76,-5,-26;110,-30,-148;123,30,115;130,-17,-87;133,-11,11;134,7,-3;138,0,-10;143,16,65;144,-16,-65;146,7,20;147,-12,-24;149,22,63;150,-1,17;160,-10,-19;203,-13,-35;205,-10,-85;216,-28,-195;219,26,180;235,-5,-4;242,-15,-61;245,17,46;247,-2,-14;257,-3,-3;260,16,2;262,1,-5;269,-19,-9;274,8,4;277,-15,-18;286,50,84;288,-36,-76;300,-4,-13;324,-9,-35;329,3,-9;349,-11,2;359,-4,-22;369,1,-5;379,-7,-16;389,0,5;399,1,-4;401,-1,-4;446,7,30;538,7,14;539,-4,-8;544,7,2;550,-3,-1;570,-3,-17;634,-2,-38;656,-9,-16;664,4,-17
rua||moacir coutinho|belvedere|35680341|31,-2007314,-4458511;43,-11,-11;77,-12,-33;111,-7,-15;169,36,78
rua||neca do correio|vila santiago|35680614|27,-2007299,-4456983;39,-5,-1;41,-7,3;44,-5,11;47,-8,-4;72,43,-21;76,-58,37;98,0,5;102,-18,17;104,5,1;106,-19,-11;107,9,2;108,5,8;117,-9,-6;127,-10,11;131,-12,0
rua||nha chica|morada nova|35680671|5,-2009017,-4459430;8,-7,-2;15,21,-13;18,-21,13;25,-2,14;28,-5,-2;35,6,8;38,-9,-4;45,-11,14;48,3,5;55,5,5;58,-5,-2;65,-3,10;68,-8,-3;75,1,18;78,-4,-6;79,7,5;85,-4,0;88,-11,4;95,6,4;98,-9,6;105,3,0;108,-11,5;115,4,11;118,-6,-5;125,7,5;128,-18,11;135,10,7;138,-10,-7;145,6,7;148,-7,-2;170,-14,13;177,6,16;180,-10,10;187,6,-6;190,-4,1;197,-6,9;200,-6,4;207,2,0;210,0,3;217,-1,10;220,-6,-7;227,3,11;230,-9,9;237,-1,11;240,-2,-12;247,-1,11;250,-5,-5;257,-5,17;260,-5,4;267,4,2;270,-7,-1;277,5,10;280,-7,-8;287,0,11;290,-5,2;297,-1,13;300,-7,3;307,5,0;310,-12,-2;323,-5,4;333,-5,11
rua||oromar carlos camargos|residencial novo horizonte|35680477|11,-2008519,-4458744;21,4,-4;25,2,-12;31,-10,-11;41,11,-3;51,-10,10;61,-2,-32;71,-3,-2;81,-7,-11;91,0,-11;101,0,-4;111,0,-11;158,-18,-11
rua||paulo careca|cidade nova|35681852|247,-2010747,-4459638;265,-5,-10;277,0,-18;291,3,-6;301,-4,-9;313,3,-13;325,-3,-16
rua||paulo careca|murilo goncalves|35681852|2,-2010717,-4459364;6,-3,-8;8,1,-27;13,-13,-5;22,12,19;25,-9,-21;37,-5,-15;46,10,6;49,-6,-19;58,-1,3;61,-4,-15;70,10,16;73,-11,-28;82,11,18;85,-11,-32;94,7,17;97,-6,-24;106,9,13;109,-9,-28;118,8,9;121,-10,-17;130,8,5;133,-10,-13;142,10,7;147,-15,-28;156,14,13;168,5,-3;185,-13,-40;193,-2,-12;205,-3,-19;217,-6,-6;240,6,7;252,2,-9;264,-2,-19;276,2,-12;288,-5,-10;300,-1,-5;312,0,-23;324,-4,-1;336,1,-17;348,4,-12;360,-4,-8
rua||pedro calambau|jadir marinho de faria|35681236|175,-2005794,-4456397;183,14,12;217,8,17;229,-9,12;241,2,9;247,-1,11;253,2,3;265,-10,8;277,5,13;299,-13,23;305,4,19;311,-2,-2;323,3,17;335,3,-1;347,-8,13;359,-5,9;371,5,14;383,-6,9;395,-5,15;407,-1,10;419,1,12
rua||pedro calambau|santa monica|35681236|280,-2005789,-4456284;310,0,8;326,0,7;338,1,25;362,-4,26;374,12,19;386,-25,-10;398,0,8;410,-6,20
rua||pedro camargos|lourdes|35680167|17,-2008100,-4457432;27,-4,8;32,-14,7;54,0,12;55,9,16;58,-9,-9;60,3,2;66,2,8;69,-8,73;72,8,-68;75,6,9;78,-4,-4;82,4,2;88,-3,1;91,8,10;94,-2,2;98,1,4;102,3,3;109,4,6;110,-1,3;114,5,1;115,4,6;117,-7,-33;122,2,29;126,5,7;127,-4,6;132,-5,0
rua||pedro coutinho|pio xii|35680268|14,-2008499,-4457965;45,107,167;55,-1,-11;63,-12,-5;77,4,3;81,-12,-15;85,-6,-4;93,-13,-12;95,11,3;101,-9,-7;105,4,0;117,-12,-9;125,-6,-10;131,-7,-8;143,-4,-5;181,0,-62;191,-28,4;247,-31,-41;249,-7,18;259,6,-30;290,-13,-21
rua||pedro coutinho|santo antonio|35680268|30,-2008391,-4457800;42,-1,-8;54,-9,-9;66,1,-5;78,-12,-11;90,-10,-11;114,-15,-16;126,-6,-9
rua||pocos de caldas|residencial morro do sol|35680282|20,-2008844,-4457887;28,-10,-16;31,3,7;40,-4,-18;41,-6,10;50,2,-13;53,-1,13;67,-18,-20;74,9,-7;75,-11,1;88,24,-38;91,-32,27;100,7,-7;103,0,4;112,-9,-21;124,-7,1;136,-4,-18;137,-9,12;148,-2,-16;149,-4,-3;160,-1,-5;163,-4,-5;172,4,-12;181,-13,13;232,-17,-66;233,-8,9;244,10,-11;256,-8,-10;268,-5,-9;271,-2,0;282,-11,-9;283,-1,-3;294,1,-15;295,-5,6;307,-6,-12;331,-10,-15;339,-4,-12;349,-14,-11;382,-8,-24;391,-10,-3;394,10,-1;403,-13,-14;406,4,-2;415,-12,-7;418,5,11;422,-16,-32;426,9,17;427,-5,-6;430,5,8;439,-10,-19;451,-4,-6;466,-2,-3;475,-14,-15;484,4,13;485,-7,-20;490,0,5;495,4,1
rua||renata franca chaves|morada nova|35680310|7,-2009327,-4459077;18,-10,6;19,6,9;32,-8,12;33,3,-1;44,-6,3;45,5,7;49,-22,45;56,8,-41;57,11,4;66,-16,19;68,5,-11;69,10,8;82,-8,2;83,1,12;86,-4,-3;95,5,12;106,-12,8;107,5,6;118,-11,2;119,5,12;132,-8,-1;133,7,10;134,-7,-7;144,3,11;145,0,4;146,1,-16;148,-8,19;156,-7,14;157,7,-2;168,-8,11;169,0,3;182,-4,10;183,10,-10;200,-19,49;219,-17,15;231,22,-22;244,-11,20;245,12,0;256,-13,5;257,-1,13;268,-5,9;269,14,-15;280,-11,14;281,1,9;294,-6,1;295,-1,9;306,-8,11;307,11,-5;318,-13,11;330,-5,14;331,10,5;344,-13,2;391,17,-19
rua||rubens de carvalho|nogueira machado|35680234|14,-2008809,-4457281;21,8,-16;22,-1,1;28,229,-149;30,-229,149;31,10,-12;34,-4,13;37,12,-15;39,0,0;41,-2,2;51,8,-8;60,9,5;67,-1,-14;77,13,-4;89,13,-8;93,-2,-1;116,18,2;122,9,-10;126,6,-6;134,7,-1;138,2,-1;144,4,-5;145,-2,-11;158,13,2;159,3,0;160,1,0;166,7,0;170,-1,-1;175,11,-11;177,-3,-1;178,3,1;188,3,0;193,-2,-6;198,7,6;203,5,-14;208,3,10;217,-2,-23;221,6,11;225,14,-6;235,4,-3;245,7,-1;248,5,2;255,-1,-17;256,13,9;257,-8,-10;266,16,7;268,-2,-1;276,6,1;278,32,-24;286,-25,14;287,23,-23;292,16,1;345,-1,-7;353,7,-7;354,8,6;360,7,-3;368,10,-7;371,-9,-8;391,23,-17;393,18,-2;399,-6,2;401,15,-2;404,-10,3;409,14,-4;431,24,-15;462,-15,-4;520,-16,24
rua||sem denominacao cinco|campos|35684899|44,-2014418,-4460568;45,-35,35;57,4,-29;81,3,60;84,25,-63;105,-55,-13;110,19,3;1176,16,74
rua||tarcisio lopes de camargos|aeroporto|35680609|21,-2009866,-4459488;22,0,-1;32,-15,-10;33,7,6;44,-11,-11;45,-1,6;56,-7,-8;57,-7,5;68,1,-12;69,-8,3;77,-10,-6;250,-15,-6;274,16,2
rua||totonho corradi|belvedere|35680344|14,-2007502,-4458788;21,9,0;33,-2,-3;45,21,17;46,-11,-13;58,24,11;69,32,-28;94,-3,40;117,25,2;119,-40,-11;130,40,10;133,-1,-1;142,9,5;151,12,-1;168,14,-6;176,2,12;184,15,15
rua||virgilio corradi|universitario|35680489|4,-2006405,-4457443;9,3,1;10,0,-3;12,1,1;13,0,2;14,2,0;15,-6,5;16,5,-6;17,-1,3;18,-3,0;118,-72,-347;238,16,112;250,6,7;286,-23,-111;322,27,182;370,14,52;382,-1,7;394,17,7;406,-8,23;418,2,6;419,6,52;430,-2,-42;502,4,59
rua||vovo anna coelho|campos|35684899|5,-2014159,-4460788;36,7,-8;96,-49,26;106,-14,1;116,-2,5;126,-12,2
rua||ze cavaquinho|aeroporto|35681058|140,-2009968,-4459446;178,2,-4;226,21,-49;238,6,-8;286,14,-37;328,23,-50;340,2,-3;343,-9,-4;344,9,1;350,1,-12;353,-7,8;360,3,-14;361,4,16;369,-1,-10;370,7,-23;383,1,9;394,10,-16;395,-9,5;399,3,-4;404,13,-10;407,-10,0;414,10,-11;419,-8,9;424,16,-16;431,-12,5;434,19,-19;444,-1,-3;447,-15,7;454,22,-24;464,7,-4;471,-17,5;474,16,-14;484,1,-2;494,7,-17;504,3,-3;509,-7,-6;514,14,-11;536,6,1;537,-4,-15;548,9,-11;551,-2,-8;558,-1,6;563,3,-10;568,5,-5;575,0,-12;578,2,10;590,11,-16;599,-3,-10;600,8,1;610,0,-3;611,-4,-12;620,12,-5;632,2,-8;642,2,-2;647,3,-17;651,8,1;652,-11,8;653,9,-14;655,0,0;671,-4,-1;767,38,-104;778,14,1;779,-7,-7;788,9,1;798,5,-19;808,6,-8;813,-4,-6;815,0,0;818,5,-2;827,-3,-5;828,8,3;838,4,-13;839,-2,-8;848,9,-4;853,-3,-1;858,2,-1;863,0,-10;868,6,-3;875,-3,-3;878,3,-2;887,3,-16;888,7,3;910,4,-21;913,-2,-4;922,-2,-6;932,10,-11;939,5,-9;942,6,-1;951,-3,-9;952,2,10;963,7,-18;964,1,7;974,2,-6;975,-3,-12;984,9,-6;985,-8,0;996,13,-10;999,-5,-2;1006,8,-4;1016,2,-3;1049,8,-36;1051,5,-7;1065,3,-3;1077,3,-14;1097,13,-19;1103,9,-10;1115,-6,-2;1123,9,-13;1133,-1,-10;1139,3,-8;1199,22,-52;1211,1,-5;1220,25,-20
rua||ze cavaquinho|cidade nova|35681058|7,-2010029,-4459318;19,4,-9;33,4,-13;59,16,-17;71,-2,-1;85,7,-15;98,-19,33;109,30,-64;121,3,-11;135,4,-6;155,15,-43;157,2,-4;175,5,-9
rua||ze cavaquinho|tres marias|35681058|267,-2009939,-4459532
travessa|padre|cornelio|das gracas|35680324|17,-2006998,-4458288;31,14,30;41,2,-8;45,-5,1
travessa||aurelio campos|piedade|35680267|20,-2008384,-4458520;21,-5,-9;25,10,9;39,3,4;49,16,16;50,-8,-9;66,4,7;74,11,7;92,14,11;690,-73,-47
