avenida|presidente|tancredo de almeida neves|centro|36390000|5,-2129815,-4465699;15,-3,9;17,-45,67;19,46,-63;20,-15,-8;29,4,23;30,-6,-16;38,-11,10;40,11,-22;41,5,26;50,-13,2;55,6,16;62,-11,-5;65,7,10;66,-6,-15;75,5,23;81,-5,6;87,-10,-4;95,3,22;98,-7,-10;105,-1,10;109,-10,23;115,7,7;116,-10,-17;120,0,16;143,2,13;158,-9,2;166,-12,23;168,2,-8;171,10,1;181,-6,6
avenida||barbacena|usina|36390000|1,-2129599,-4463258;2,25,92
avenida||francisco menezes|sao gabriel|36390000|1,-2129878,-4465183;3,0,17;5,0,50;6,0,-47;7,6,59;9,-4,8;10,-12,-172;13,13,188;17,-17,-73;19,13,-71;20,-7,-37;21,12,150;22,-5,78;30,2,28;32,-9,-241;39,18,271;45,19,172;49,-29,-399;50,-10,-16;53,8,27;70,-9,-16;73,11,51;75,2,105;85,20,173;420,-37,-399
avenida||otaviano teodoro leite|centro|36390000|210,-2129906,-4465541;216,1,11;220,-7,16;230,-2,3;246,-1,9;280,-7,32;290,0,9;291,3,16;300,-4,-6;301,4,13;306,-7,-4;311,9,16;312,-10,-6;322,-1,11;344,5,34;346,1,8;350,-1,7;400,25,76
avenida||otaviano teodoro leite|sao gabriel|36390000|100,-2129877,-4465271;149,41,339;180,18,-164;182,-3,-22;184,1,-13;188,-4,-11;190,-10,-29;194,7,19;230,9,64;234,-2,14;423,-70,-268;433,7,29;449,14,43;459,6,9;469,-3,7;471,5,12;479,4,8;489,18,30;490,12,54;495,10,4;499,2,2;501,1,17;503,-26,-80;505,-8,-11;506,30,112;525,-22,-85;545,8,16;555,5,7;561,13,107;571,-2,12;579,-2,13;585,1,3;830,-10,10;840,-3,46;977,7,-21;987,2,3;997,1,10
estrada||copasa|cruzeiro|36390000|250,-2130216,-4465631
estrada||subestacao de energia eletrica|furnas|36390000|10,-2129429,-4462655
fazenda|santo|antonio|santo antonio|36390000|1,-2132866,-4462867;10,339,-285;20,-2,-10;30,-4,-15;40,-9,-29;60,19,-54;70,1,-4;80,-8,-21;110,-27,38
fazenda||canavial|campo|36390000|1359,-2128353,-4466808
fazenda||conquista|condominio serra do ouro grosso|36390000|60,-2133362,-4466031;68,-1,-17;72,-9,6;76,-18,-47;90,-8,33
praca|santo|antonio|centro|36390000|8,-2129804,-4465720;11,88,-272;23,-10,-3;30,-62,243;35,-28,28;42,29,-26;58,3,-12;67,43,-153;68,-37,140;84,9,-8;87,-61,-19;97,14,-4;100,51,1;105,-50,-8;110,53,-2;118,-1,3;121,-57,-16;122,72,6;130,-4,-6;136,2,0;137,-54,-11;142,61,-2;149,-47,-7;158,50,6;164,-1,-11;165,-46,0;170,52,-8;176,-3,-7;181,-38,0;191,4,-20;192,36,5;201,-32,-5;202,31,3;214,7,-28;217,-26,8;224,32,-4;239,-25,-15;240,23,1;249,-19,-6;250,22,-6;259,-24,2;260,20,-1;266,6,-12;269,-22,7;274,20,-13;281,-11,-2;284,17,-10;293,-13,0;302,16,-15;307,-3,-1
rancho||represa|santo antonio|36390000|65,-2132853,-4462579;85,21,-35;159,-49,68
rancho||sem denominacao 3|jiqui|36390000|30,-2134276,-4465853
rancho||sem denominacao 4|jiqui|36390000|180,-2134011,-4465948;230,34,-126;240,1,-13;250,0,-11;270,1,-19;390,-50,-117;500,-50,-48
rodovia||451mg|tabatinga|36390000|16,-2143867,-4465918
rodovia||br 265|111|36390000|111,-2129522,-4466049;205,-38,216;207,-7,0;225,26,-161;700,25,-467
rodovia||br 265|bela vista|36390000|499,-2129521,-4466137;503,0,-54;515,-5,-64;795,-37,-398;801,-3,-8;803,-3,-5;807,-1,-15;809,-6,-12;815,-2,-3;821,-4,-18
rodovia||br 265|corrego|36390000|8,-2129814,-4464811
rodovia||br 265|do rosario|36390000|15,-2129582,-4465622;20,79,-458;213,-48,245;219,-1,-5
rodovia||br 265|ponte alta|36390000|311,-2129998,-4468285;312,-5,-1
rodovia||br 265|sao gabriel|36390000|100,-2129849,-4464774
rodovia||silo de graos 3w|tabatinga|36390000|17,-2141896,-4466386
rua|conego|heitor|do rosario|36390000|209,-2129554,-4465821;220,-3,24;229,15,-3;230,-3,6;232,-4,2;239,19,-6;247,3,-1;261,10,3;262,7,9;270,10,4;289,1,-7;291,2,4;295,8,0;296,3,5;309,18,-6;314,-5,14;317,12,-12;324,-7,13;329,10,-15;330,1,26;339,14,-26;343,10,-1;344,-19,19;345,24,-16;354,-11,10;355,19,-10;362,-9,11;365,17,-2;370,-6,5;375,10,-9;380,-2,9;386,9,-1;389,3,-7;394,3,9;401,11,-14;414,-3,17;415,7,-12;422,-2,14;429,15,-8;432,-8,6;446,7,1;448,16,2;449,-3,-12;450,0,8;459,10,-5;460,-5,2;470,16,5;471,-4,-10;475,10,0;476,3,10;478,-25,-9
rua|coronel|antonio c de oliveira|ponte alta|36390000|10,-2130498,-4466269;25,-18,-44;50,13,-1;85,-11,-63;95,-2,-10;105,-1,-9;110,10,16;145,-7,-62
rua|coronel|augusto pereira|centro|36390000|116,-2129713,-4465643;126,1,-8;131,-62,118;149,49,-92;159,0,6;169,-5,9;187,-111,167;218,110,-175;240,-5,16;246,2,16;250,-15,14;257,-46,74;260,48,-77;265,7,3;270,-34,33;271,7,-3;272,14,-29;274,-1,8;282,-100,125;284,4,-5;289,80,-95;295,-26,39;297,-46,57;299,69,-94;302,-53,62;304,-45,56;308,59,-74;310,-69,84;312,-10,10;317,28,-18;326,-28,18;330,-8,15;332,48,-60;333,38,-37
rua|dom|delfim ribeiro guedes|condominio vale das aguas|36390000|5,-2129754,-4467076;10,1,-5;15,-11,3;20,0,1;25,-10,8;30,3,-7;35,-10,6;40,-1,-4;45,-9,4;50,1,-2;60,-3,0;145,63,-10;155,2,-8
rua|dona|maria julia de paula|do rosario|36390000|1,-2129560,-4465747;3,8,7;5,7,0;7,14,2;9,-1,-2;13,16,5;25,39,1;27,33,6;35,8,-2;40,-74,-1;45,89,5;49,8,0;50,-87,-3;53,94,5;57,16,2;59,2,-1;60,-34,-2;65,43,1;69,9,4;77,23,3;80,-124,-12;81,130,13;95,23,4;100,-2,2;110,-124,-14;120,45,9;130,10,-4
rua|doutor|bias fortes|centro|36390000|44,-2129828,-4465578;48,12,3;51,3,-1;64,1,2;66,9,12;70,8,2;73,-2,-4;79,10,24;80,-3,-10;83,-4,-10;93,1,4;103,7,12;176,7,63;280,-3,-53
rua|madre|de deus|vila da cemig|36390000|28,-2129609,-4462549;50,5,25;60,18,10;70,19,5;80,16,15;90,23,8
rua|padre|bernardo koewner|111|36390000|8,-2129385,-4466248;9,6,2;31,-14,-10;47,-39,-14;53,9,10;55,17,0;60,14,4;66,8,3
rua|padre|gilberto de avila|do rosario|36390000|12,-2129443,-4465624;14,6,12;15,26,38;16,23,56;219,-73,-128
rua|padre|vicente|111|36390000|10,-2129436,-4466175;21,-11,6;25,11,-4;29,0,6;31,8,-6;37,10,-2;39,7,0;49,-43,-1;59,-11,4;69,71,-7;70,12,-14;80,14,-8;90,-5,19
rua|prefeito|joao custodio silva|bela vista|36390000|10,-2130012,-4465918;15,-5,0;25,-6,-9;30,-2,-14;40,-3,-7;45,-9,1;90,-25,-48;115,-37,-36;120,7,1;125,-14,-15;130,8,5
rua|professora|maria batistina dos santos|bela vista|36390000|20,-2130064,-4465886;70,-32,-43;85,-24,-19
rua|santo|antonio|centro|36390000|8,-2129876,-4465742;15,7,-6;18,-23,24;21,25,-30;27,-20,39;31,26,-46;32,-39,49;37,2,14;55,-12,5;62,-7,5;65,5,12;67,-10,-36;74,0,31;75,-33,71;81,-19,27;93,2,6;120,34,-65;126,-3,6;131,7,-13;144,-3,-5;148,-15,35;162,-8,10;167,5,3;172,-11,3;173,10,8;186,-31,35;190,5,-13;195,4,0;197,-3,6;213,-6,9;215,-3,3
rua|sao|joao del rei|vila da cemig|36390000|10,-2129589,-4462444;20,-7,15;30,-4,13;40,-6,17;50,-5,18;60,-7,25;70,-3,11;80,-7,13;90,-6,16;100,-12,29;110,-4,21;120,-8,22;130,-9,24;140,-5,21;150,-7,17;160,-8,20;170,-6,22
rua|sao|jose|centro|36390000|6,-2129978,-4465536;14,17,22;16,-14,-12;20,6,9;35,84,35;36,-65,-2;38,0,-12;44,-5,-9;45,60,22;75,-57,-20;251,45,21;270,-20,-2
rua|sao|vicente de minas|vila da cemig|36390000|10,-2129476,-4462618
rua|vereador|antonio silva|do rosario|36390000|20,-2129352,-4465696;40,-6,2;81,38,4
rua|vereador|geraldo custodio da silva|sao gabriel|36390000|7,-2129994,-4465085;9,3,-14
rua|vereador|joaquim candido da silva|bela vista|36390000|6,-2129741,-4466292;10,-10,-5;14,6,-2;20,-13,-3;75,10,1;79,-12,-2;87,-16,-13;96,-12,1;98,-3,-1;99,-8,-13;101,-12,-2;103,-3,-3;107,-17,-12;110,33,23
rua|vereador|joaquim guimaraes|bela vista|36390000|1,-2129743,-4466175;4,-5,-23;6,4,-12;8,2,-13;9,4,17;10,-8,-12;11,7,2;13,2,-4;15,2,-18;17,1,-3;19,-3,-14;20,8,-56;21,-4,57;23,4,-18;25,-1,-7;29,4,-26;35,5,-20;37,1,-14;39,10,-1
rua|vereador|jose azevedo garcia|111|36390000|4,-2129418,-4466511;106,-13,0;110,4,2;120,12,-1
rua|vereador|jose leite|fazenda velha|36390000|205,-2134111,-4465147;235,22,-8
rua|vereador|jose maria neto|do rosario|36390000|55,-2129283,-4465669;65,-17,3;69,12,-3;79,-27,-4;85,2,10;479,-4,-132;481,2,-12;490,4,-1;500,-1,-4;506,2,2;510,3,49
rua||alfeu gonzaga de carvalho|111|36390000|16,-2129463,-4466226;26,9,-21;36,0,0;39,-1,-3;43,3,-10;75,1,-13;85,0,-14;88,3,-3;92,6,-51;94,-1,-5;96,0,-10;98,0,-24;101,-8,75;104,10,-105;106,-2,-16;120,2,26;123,-4,63;230,-1,-99;235,-3,-18;240,3,-12;250,-6,0;356,-22,266;364,1,-2;374,9,-19
rua||americo leite|centro|36390000|23,-2129900,-4465611;33,-1,2;47,-9,0;48,-5,-4;55,-13,12;60,2,-14;142,-22,-20;151,-34,-22;161,-4,-3;163,28,21;170,-8,-3;171,-28,-23;173,26,14;181,-44,-39;183,36,43;190,1,-8
rua||antenor augusto|centro|36390000|5,-2129852,-4465741;6,-17,2;18,13,10;30,10,10;35,-5,-21;40,13,22
rua||antenor dias do nascimento|vale da ribeira|36390000|185,-2129929,-4467355
rua||antonio francisco de souza|bela vista|36390000|127,-2129842,-4466230;140,78,51;174,-35,-19;181,-13,-15;183,-12,-5;190,2,-6;210,-27,-14;220,-13,-10;225,33,29;230,-38,-39;235,23,25;450,99,129
rua||antonio francisco de souza|centro|36390000|6,-2129603,-4466087;12,-16,15;22,-3,-11;23,-2,-1;32,-5,-7;42,-7,-3;54,-9,-5;62,-9,-7;72,2,-4;82,-10,0;92,-6,-9;102,-17,-11;108,-5,1;110,-8,-11;112,9,10;120,-6,-4;122,-12,-6;126,-1,-12;157,54,50;161,-48,-38;165,32,28;177,-2,0;187,-7,-9;197,-13,3
rua||antonio goncalves faria|ponte alta|36390000|45,-2130459,-4466457;55,18,-9;80,36,-2;105,5,-15;110,16,4;115,2,-9;120,-2,11;130,10,-4;140,9,-10
rua||avelor roberto da silva|sao gabriel|36390000|151,-2129958,-4465058;152,-2,2;153,-4,-25;158,2,9;162,0,-3;168,-5,-16
rua||barbacena|vila da cemig|36390000|10,-2129441,-4462448;20,-29,17;100,-96,121;110,-7,22;120,-10,21;130,-8,24;140,-11,21;150,-6,20;160,-8,23;170,-7,21
rua||carlos roberto junior|condominio vale das aguas|36390000|5,-2129680,-4466908;15,-5,-12;45,-3,-47;55,-7,-5;75,-8,-28;85,0,-8;95,-5,-12;125,-12,-32;135,-5,-15;165,-3,-36
rua||clodomiro miguel da silva|vale da ribeira|36390000|15,-2129846,-4467182;20,13,17;35,-20,-36;70,7,-14;75,-20,-36;80,18,26;100,-4,-15;120,-8,-26;125,-18,-30;130,13,21;155,-22,-51;160,15,21;180,-3,-16;185,-18,-39;200,14,20
rua||conceicao aureliano da silva|sao gabriel|36390000|1,-2130009,-4464975;3,1,10;5,0,23;9,0,25;11,4,-7;15,1,15;17,3,10;21,-5,-16;35,5,19;60,-22,-120;80,14,88;86,-1,11;92,-5,-37;96,0,7;120,5,40;134,-1,-33
rua||crispim andrade leite|do rosario|36390000|2,-2129510,-4465528;3,12,10;4,4,6;5,2,2;6,5,4;7,7,6;8,-19,-17;9,-15,-10
rua||cristovao antonio silva|do rosario|36390000|11,-2129386,-4465647;90,-66,-17;102,92,43;125,-60,-49;132,79,66;142,13,0;170,-80,-55;203,31,16;205,2,3;207,11,7;217,-49,-34;235,19,4;254,87,55;255,1,4;263,6,17
rua||daniel jose do nascimento|sao gabriel|36390000|40,-2129927,-4464982
rua||elaine cristina da cruz|111|36390000|52,-2129494,-4466481;90,5,-44
rua||estadio beira serra|sao gabriel|36390000|9,-2129962,-4465173
rua||francisco faraco|centro|36390000|39,-2129918,-4465556;49,-26,-16;59,-2,-7;69,-6,-7;95,-26,-19;100,64,44;102,-10,-5;105,-69,-42;107,-3,-2;109,10,1;111,-14,-5;126,67,40;133,-90,-48;137,-44,-38;143,41,24;148,26,20;149,-35,-18;153,-11,-11;158,41,21;169,-45,-25;171,-3,-3;188,17,8;192,46,33;204,-69,-55
rua||gabriel leite|centro|36390000|17,-2129878,-4465649;27,-4,-1;28,1,0;42,-11,-3;45,1,-4;67,-22,-6;74,37,10;91,-57,-19;97,-10,-8;105,-5,-4;110,2,0;118,-9,-3;121,-3,5;128,3,-7;129,-13,1;140,-8,-2;184,-44,-6;192,2,-5;196,-15,-3;213,-10,-6;219,-5,-5;222,9,0;229,-15,1;238,1,-9;245,-19,0;248,15,-8;255,-33,-8
rua||geraldo azarias|do rosario|36390000|6,-2129454,-4465582;9,38,-15;16,-32,1;40,49,-10;45,-10,10;55,14,-8
rua||geraldo morais reis|bela vista|36390000|15,-2130091,-4465836;25,12,-4;43,-29,35;65,83,-86
rua||geraldo morais reis|centro|36390000|20,-2130048,-4465857;22,-64,76;26,-2,-4;30,23,-12;32,-5,-6;40,6,-17;50,61,-55
rua||geraldo rezende|centro|36390000|37,-2129686,-4465984;41,16,9;44,31,30;47,-27,-26;54,20,20;59,-4,-12;64,-5,6;74,-7,-6;77,16,6;94,-28,-23;97,41,36
rua||hernani giarolla|simone|36390000|12,-2133622,-4464536;13,3,6
rua||itumirim|bela vista|36390000|105,-2129836,-4465955;109,-102,21;129,8,-20;139,10,-15;149,-2,-5;150,5,-26;155,-8,68;159,14,-56;160,-20,-17;170,-3,-4
rua||itumirim|centro|36390000|40,-2129785,-4465912;46,0,-3;54,-18,-7;68,-7,-6;78,-3,-2;82,-5,-4;90,-37,-28;91,22,23;100,-25,-27
rua||itumirim|vila da cemig|36390000|10,-2129530,-4462446
rua||janio quadros|sao gabriel|36390000|4,-2129877,-4464902;5,-14,-9;8,-7,1;9,6,-2;10,-11,6
rua||joao antonio da silva|111|36390000|6,-2129348,-4466322;8,-7,14;9,-15,63;10,3,-27;11,1,27;13,1,-2;14,5,-33;15,0,20;17,10,-38;20,9,-46;21,2,24;22,4,-32;23,-13,38;24,11,-48;25,-1,19;26,5,-30;27,-5,25;28,8,-31;29,-4,21;33,2,-6;35,-23,84;41,28,-101;45,2,-8
rua||joao candido nepomuceno|bela vista|36390000|175,-2129846,-4466113;205,9,15;217,-11,-6
rua||joao candido nepomuceno|centro|36390000|165,-2129802,-4466073;176,-6,-10;190,8,1;204,5,2
rua||joao figueiredo|sao gabriel|36390000|8,-2129879,-4465096;20,-31,-5
rua||joao goulart|sao gabriel|36390000|20,-2129871,-4464847
rua||joaquim aurelio filho|bela vista|36390000|35,-2130098,-4466084
rua||jorge vicente|bela vista|36390000|151,-2129807,-4466104;154,7,3;168,-21,16;180,21,-29;181,-24,40;185,-6,9;187,-8,5;189,-8,22;191,-5,9;193,46,-80;195,6,-9;197,7,-11;199,-22,37;205,-45,73
rua||jorge vicente|centro|36390000|176,-2129824,-4466060;182,-10,10;184,-4,9;186,-6,12;188,-9,8;190,-1,7;192,-1,12;194,-8,10;196,-5,-1
rua||jose antonio|bela vista|36390000|15,-2129817,-4466269;69,61,28;79,-12,-5;81,-9,-7;89,1,1;104,10,12;106,-4,0;119,-38,-27;136,-25,-4;150,-9,-7;180,-18,-12
rua||jose batista nascimento|bela vista|36390000|156,-2129882,-4466072;162,-2,0;164,18,-18;166,-2,-1;167,30,-61;168,-27,47;170,-11,35;173,23,-53;201,-22,28
rua||jose de souza rezende|bela vista|36390000|60,-2129858,-4466419;68,-26,20;69,2,8;70,-10,-3;90,42,-20
rua||jose eugenio salgado|jardim das oliveiras|36390000|40,-2133296,-4463389;45,44,16;60,-112,11;70,-3,12;110,-6,101
rua||jose francisco da silva|sao gabriel|36390000|3,-2129996,-4464980;4,1,-2;5,5,12;6,2,-14;11,2,6;13,7,-1;17,4,-1;18,10,-5;19,-9,8;20,16,-5;21,-6,7;25,8,-1;27,10,1;29,7,-2;30,-3,-5;50,42,12;69,-14,3;79,6,1;90,-82,-5;125,155,21;850,-1,2
rua||jose mauricio batista|condominio vale das aguas|36390000|5,-2129721,-4466936;10,-10,-2;20,2,-5;25,37,1;30,-46,1;35,28,-3
rua||jose teodoro de resende|do rosario|36390000|26,-2129582,-4465588;28,6,-10;32,29,24;52,21,6;62,30,31;70,12,1;80,6,4;83,-3,-6;87,23,19;90,-13,-6;100,7,6;109,-39,-38
rua||josino ferreira|bela vista|36390000|1,-2129807,-4466250;3,-2,0;6,10,15;9,-8,-6;74,-27,-115;113,-6,0;118,-21,-48
rua||laerte pereira coelho|111|36390000|4,-2129480,-4466452;5,-12,6;6,21,-7;8,-17,1;190,27,6
rua||lavras|111|36390000|34,-2129493,-4466138;100,46,-361;101,-35,203;121,10,-29;131,2,-15;161,2,-19;179,6,-25;181,2,-6;184,-2,16;193,2,-41;195,-1,5;197,5,-11;199,-4,-16;270,14,-50;280,0,4;290,8,-28;300,-11,-21;306,-11,-32;308,3,10;310,7,11;312,-31,-39;316,14,14;320,14,16;326,-23,392;342,4,-16;349,-8,-9;354,4,7;355,-3,-24;361,0,0;400,-2,-34;420,-2,-35;435,-2,-3;439,3,10;445,0,-19;455,0,-9;461,2,-3;469,-1,-5;475,2,-6;485,0,-17;493,0,0;499,6,-9;507,-2,-23;509,1,7;537,12,-26;545,5,-57;609,-3,-27;629,2,-22;653,7,1;655,5,-26;657,-3,-14;659,-6,-15;661,5,18;669,-5,-24;685,-12,-23;699,-8,-6;771,-8,-9;773,1,-2;775,-4,-5;827,-8,-7;829,-1,-5;839,-9,-3;849,-10,-12;851,2,1;859,-4,-3;860,2,-8;863,-17,-18;865,0,-3;869,-4,-8
rua||lavras|centro|36390000|37,-2129704,-4466004;47,9,-10;52,4,11;57,10,-19;64,0,12;67,88,-77;71,-84,59;76,6,7;77,4,-19;86,1,16;87,13,-16;94,-7,12;103,11,-13;115,6,-7;118,6,10;129,8,-17;130,-18,18;132,23,-6;145,3,-18;146,5,14;150,7,-10;156,6,-8;158,7,-1;196,26,-15;205,13,-18;206,0,12;214,-1,-1;215,0,-14;222,12,10;229,-8,-8;230,17,10;235,-3,-16;240,10,8;243,-12,-16;253,14,-2;263,8,-5
rua||lavras|vila da cemig|36390000|10,-2129602,-4462592;20,-6,24;30,157,62;40,-11,-18;50,-14,-17;70,-26,-32;80,-21,-11;100,-41,-20
rua||lazaro jose da silva|sao gabriel|36390000|5,-2129846,-4465042;10,-44,-4;19,-35,9;20,24,-1;21,-35,-1;23,-13,4;26,6,-7;30,-7,7;31,-14,-1;35,-23,-1;37,-8,5;40,79,-8;60,-12,-3;116,-65,7;118,27,-3;120,-48,7;122,8,-4;124,-34,-1;126,-6,3;240,223,-15
rua||lindolfo ribeiro de carvalho|do rosario|36390000|2,-2129487,-4465428;9,113,-48;12,-20,-30;15,6,12;17,-4,28;20,-8,-35;27,-8,24;32,-3,-17;42,-9,-5;50,-11,6;53,-3,28;55,10,-7;65,-27,19;78,-1,-4;88,2,-8;110,-4,5;120,-10,13;126,-7,6;130,-5,1;136,-4,3;138,-6,7;152,-10,10;154,4,-4;162,-17,13;182,-14,8;200,12,-13;202,-19,14;204,10,-4;208,-24,6;216,-2,-3
rua||luiz gonzaga nascimento|bela vista|36390000|5,-2129710,-4466362;10,-15,6;15,-117,-70;45,121,59;55,-6,3;60,-34,-11;65,25,5;70,-29,-7;71,-8,-7;100,-22,-14;110,-9,-5;120,-7,3;130,-8,-5;140,-11,-5;165,-2,-7;175,-5,-1;265,220,128;300,49,19;320,29,-11
rua||maria aparecida dos santos|vale da ribeira|36390000|5,-2129795,-4467167;20,5,-13;25,-8,-4;40,0,-20;50,1,0;55,-10,-8;65,-3,-16;75,0,-4;80,6,1;85,-10,-11;100,5,-9;104,-33,-122;105,20,104;145,-10,-33;165,-6,-25;170,6,3;175,-10,-10;190,6,-8;195,-9,-12;200,3,-4
rua||maria aparecida paiva|centro|36390000|31,-2129622,-4465746;36,-26,77;50,8,-25;51,13,-28;55,16,39;60,-27,-18;70,8,-11;80,1,-7;81,-12,31;90,17,-47;100,5,-18;102,6,-15;120,1,1;130,3,0;140,7,5;142,7,-1;149,-56,102;150,2,-1;153,-4,2;164,-33,88;168,4,-10;172,16,-38;173,-8,14;174,3,2;176,-10,16;178,16,-38;179,-8,24;182,-21,42;210,-2,8;215,4,5;220,-2,-1
rua||maria francisco faraco|bela vista|36390000|5,-2130118,-4465966;19,26,-13;25,11,-18
rua||martha maria de sales|bela vista|36390000|10,-2129579,-4466190;15,-3,26;40,22,-44
rua||martimiano jose pereira|do rosario|36390000|20,-2129520,-4465585;30,8,-11;50,16,-18;70,24,-26;80,1,-7;100,40,-50;120,14,-18;159,-103,135;169,5,-4;179,6,-11;189,13,-13;225,41,-52;245,45,-45
rua||martiminiano francisco de souza|condominio vale das aguas|36390000|5,-2129727,-4466985;10,-1,-4;15,-6,6;20,-3,-3;25,-8,6;30,-1,-2;35,-6,5;40,-4,0;50,-11,1;60,-5,-2;65,68,-11
rua||moises franco|centro|36390000|6,-2129720,-4466013;19,-18,-7;20,8,3;21,-18,-7;31,-6,-4;32,20,6;39,-22,-8;42,14,4;51,-27,-12;52,22,6;62,-9,-4;72,-8,-4
rua||nair ribeiro leite|bela vista|36390000|443,-2129695,-4466209;473,7,-32;483,2,-8;504,11,-43;543,6,-13
rua||nair ribeiro leite|centro|36390000|10,-2129931,-4465588;19,-60,-126;20,43,-30;30,3,-9;44,7,-17;49,2,-14;56,4,4;66,9,-5;70,-4,-5;71,-3,-3;72,14,-6;82,5,-5;83,-7,-4;90,12,-8;91,-9,-1;98,13,-2;101,-9,-16;104,-94,131;111,99,-126;115,142,-240;117,0,-5;126,-34,71;155,-91,145;158,5,-1;160,5,-6;161,-6,0;166,6,-2;171,-5,-7;174,10,1;175,48,-88;181,-48,74;184,4,10;191,-2,-15;194,10,3;196,92,-163;200,3,-8;201,-98,161;202,112,-171;204,0,-12;206,7,-13;207,-115,186;208,117,-189;212,4,-2;217,-116,185;240,132,-213;255,-111,186;265,-14,16;295,22,-37;300,9,-3;302,7,-11;304,8,-5;310,10,-26;315,-25,32;319,7,-16;335,13,-16;347,-4,-14;361,19,-12;363,4,-3;415,19,-42;421,19,-22
rua||nazareno|vila da cemig|36390000|10,-2129586,-4462558
rua||nelson paulo da silva|condominio vale das aguas|36390000|15,-2129775,-4467158
rua||nelson paulo da silva|vale da ribeira|36390000|10,-2129830,-4467152
rua||nestor augusto|centro|36390000|15,-2129793,-4465700;30,11,6;39,6,-2;40,-8,7;47,15,-7;50,7,13;58,9,6;67,-1,-11;70,10,13;77,1,-7;85,8,0;86,0,9;96,8,6;97,7,-8;110,2,16;121,34,-1;133,12,11;136,-13,3;156,10,2;163,30,5;188,2,8;198,8,4;212,3,7
rua||noemia franco da silva|condominio vale das aguas|36390000|20,-2129752,-4466937;30,-7,-9;45,-5,-17
rua||orlandina de assis|condominio vale das aguas|36390000|15,-2129628,-4466779;19,-4,-14;21,-4,-8;23,-7,-9;25,-3,-6;35,-29,-54;45,-23,-42;47,12,18;49,-29,-27;51,-7,4;57,-12,3
rua||palmira maria de jesus|111|36390000|26,-2129410,-4466200;36,3,-18;37,-15,-34;39,5,21;41,1,17;46,5,-10;48,-1,-6;50,0,-21
rua||primeiro de janeiro|centro|36390000|3,-2129663,-4465862;5,15,14;15,4,-10;19,-22,58;23,0,7;25,29,-72;27,-30,73;29,-4,5;35,40,-95;39,-41,102;45,41,-112;49,-43,124;52,1,-9;55,-5,10;57,46,-132;59,-52,137;64,50,-120;65,10,-24;71,-52,155;74,50,-144;75,-2,-41;82,-54,171;84,57,-140;85,-49,170;86,-12,-12;88,3,4;94,61,-169;98,2,-1;103,-63,186;104,66,-199;111,-85,257;114,85,-271;115,-70,226;118,79,-237;129,-87,255;130,-7,0;141,6,16;143,0,-5;144,92,-279;146,-4,-8;148,3,0;150,5,-7;180,4,-9;210,3,-23;212,6,-10;220,-9,8;230,8,-13;240,1,-5;250,6,-10;260,1,-9;270,0,-8;280,8,-8
rua||ribeirao vermelho|vila da cemig|36390000|40,-2129575,-4462354
rua||rivaldir seixas barroso|condominio vale das aguas|36390000|5,-2129739,-4467033;10,-2,-3;15,-7,3;20,-5,5;25,-3,2;30,-4,-2;35,-3,2;40,-10,-1;45,3,7;50,-12,-5;55,-2,9;105,73,-22;115,-6,-2
rua||romeu andrade leite|do rosario|36390000|64,-2129486,-4465607;72,4,8;75,5,10;84,8,1
rua||ronaldo jose da silva|bela vista|36390000|1,-2129554,-4466205;3,-11,7;15,-17,-13;30,-26,37;40,-11,-11;85,-21,-54
rua||rozendo de carvalho|centro|36390000|20,-2129732,-4465840;24,12,6;25,1,-3;26,9,4;40,6,-3;45,6,3;50,0,-1;53,8,2;62,2,1;67,-4,-3;70,5,10;82,18,-2;87,5,2;106,14,9;111,2,-7;115,8,4;116,-4,2;128,11,1;137,7,-3;138,5,7;145,6,-5;148,-2,9;156,6,-1;159,2,-8;170,17,10;173,-6,-8;179,6,22;180,7,-16;185,6,16;190,3,-10
rua||sebastiao franco da silva|bela vista|36390000|6,-2129989,-4465932;15,3,-40;35,-16,-19;50,-11,-22;55,2,8;70,-7,-17;105,-37,-42;110,2,-6;120,0,-4;140,-17,-17
rua||sebastiao jose elias|vale da ribeira|36390000|10,-2129884,-4467240;50,-27,-37;80,-13,-27;90,1,-10;100,-4,-13;105,91,67
rua||sebastiao pio dos reis|vale da ribeira|36390000|15,-2129754,-4467190;25,-4,-12;35,-5,-12;45,-1,-6;65,-4,-17;75,-2,-8;95,-5,-19;135,-11,-45;145,-3,-8;155,-5,-12;185,-6,-23;215,-8,-40
rua||sebastiao vieira guimaraes|bela vista|36390000|10,-2129852,-4466164;15,11,2;33,-16,-13;35,-11,-8;40,-12,-23;43,7,-6;70,-10,-14;80,0,-11;140,-18,-115;150,-3,-24
rua||sem denominacao 10|simone|36390000|65,-2133365,-4465022
rua||sem denominacao 3|simone|36390000|50,-2133690,-4464761
rua||sem denominacao 6|simone|36390000|160,-2133454,-4464765
rua||sem denominacao|centro|36390000|119,-2129776,-4465503;170,101,-69;186,9,2;190,20,8
rua||sem denominacao|sao gabriel|36390000|10,-2129802,-4465252
rua||teofilo leite|bela vista|36390000|115,-2129960,-4465876;125,8,11
rua||teofilo leite|centro|36390000|21,-2129860,-4465805;27,-10,-7;37,-2,-8;39,-7,-4;49,-14,-5;79,-39,-28;85,-1,-2;89,-4,5;100,35,13;106,50,33;112,-3,-5;114,-60,-32;116,44,25;124,-10,-4;134,-37,-24;142,33,14;144,-38,-16;156,-8,-5;166,-9,-5
rua||treze de junho|centro|36390000|33,-2129925,-4465708;35,-7,-6;40,6,7;42,4,-10;45,-22,0;61,-12,-12;81,-13,-5;85,-12,-10;92,6,-2;96,-8,-3;103,-9,3;107,-73,-66;114,52,40;115,14,19;123,-11,-7;145,-11,-10;151,-17,-3;155,4,-3;165,-4,-4;172,4,-3;179,-14,-3;187,-8,-7;197,-1,-15;198,6,8;202,-2,-2;222,-8,-10;232,-6,-5;241,-9,0;242,4,-5;243,-4,5;380,17,8
rua||treze de maio|bela vista|36390000|126,-2129935,-4465875;135,0,-3;136,16,-26;139,-16,26;142,20,-22;145,-12,-1;148,12,-16;149,-10,11;150,17,-23;151,-13,15;155,8,-14;160,14,-16
rua||treze de maio|centro|36390000|29,-2129995,-4465789;37,7,-11;45,4,-10;53,0,0;59,6,-6;71,4,-4;75,2,-10;83,0,-2;86,12,4;91,-9,-6;93,8,-12;94,11,10;98,-20,12;104,17,-21;137,-4,-3
rua||vicente aleluia da costa|pontal do jua|36390000|210,-2133552,-4463654;260,138,21
rua||vicente de paula|bela vista|36390000|30,-2129623,-4466156;100,-54,-33;110,-7,1;115,6,-6
sitio||chacara 11|corrego|36390000|12,-2128637,-4466589
sitio||chacara 12|campo|36390000|1530,-2128307,-4466687
sitio||chacara 7|corrego|36390000|583,-2128671,-4466527
sitio||chacara 9|corrego|36390000|185,-2128658,-4466555
sitio||chacara|111|36390000|485,-2129034,-4466265
sitio||chacara|corrego|36390000|13,-2128635,-4466586;595,-14,14
sitio||corrego da chica 2|campo|36390000|665,-2128285,-4466818
sitio||corrego da chica 4|campo|36390000|1186,-2128332,-4466791
sitio||corrego da chica|campo|36390000|675,-2128296,-4466817
sitio||do corrego|corrego|36390000|10,-2129796,-4464866;39,19,30;70,-10,-3;71,-11,1
travessa||conceicao aureliano silva|sao gabriel|36390000|7,-2129999,-4464932;13,4,-4;19,7,1;21,13,-4;23,11,7;29,12,-14;31,-15,14;33,11,2;115,-34,-3;119,15,1
travessa||maria rita|111|36390000|6,-2129370,-4466345;8,-14,-7;10,6,4;16,-15,-6;24,-11,-5;30,2,0;300,3,-1
viela||avelino giarola|simone|36390000|17,-2133567,-4464526
