assentamento||br040|pontal|38755000|108,-1761951,-4646427
assentamento||fazenda|setima entrada da rodovia|38755000|23,-1787465,-4648003
assentamento||projeto de assentamento feliz uniao|projeto de assentamento alianca e progresso|38755000|5,-1761609,-4649058
assentamento||projeto de assentamento feliz uniao|projeto de assentamento feliz uniao|38755000|10,-1764288,-4648849;11,1369,649;12,-315,331;15,-532,1136;16,-1445,-3121;17,-147,297;19,-280,1020
assentamento||projeto de assentamento renovacao|assentamento associacao|38755000|10,-1788425,-4646412
assentamento||projeto de assentamento renovacao|cabeceira dos cais|38755000|24,-1788677,-4646236;31,139,-334;33,682,-240;34,324,-270
assentamento||projeto de assentamento renovacao|fazenda pao dolho 1|38755000|18,-1788828,-4646701
assentamento||projeto de assentamento renovacao|fazenda pao dolho 2|38755000|21,-1788093,-4648738
assentamento||projeto de assentamento renovacao|fazenda paodolho|38755000|28,-1788401,-4646720;32,257,-47
assentamento||projeto de assentamento renovacao|lagoa grande|38755000|10,-1793740,-4648029;22,6025,-844;60,-3388,805
assentamento||projeto de assentamento renovacao|morraria sem morador|38755000|5,-1794736,-4645977
assentamento||projeto de assentamento renovacao|primeira fazenda depois mata burro|38755000|8,-1794904,-4645187;9,469,83
assentamento||projeto de assentamento renovacao|projeto de assentamento renovacao|38755000|4,-1789562,-4647425;5,170,-131;8,668,-79;10,744,-44;12,265,234;13,-1568,171;17,307,-221;32,615,1371;36,775,-166;39,553,-285;40,229,279;43,-143,-996;44,244,-139;47,44,645;49,779,235;50,57,-288;52,355,-81;54,-3289,1449;55,134,206;56,-408,-987;60,829,982;65,517,-291;66,-2043,-1953;68,-301,31;69,131,629;71,-359,-367;72,15,359;74,119,-5;75,-46,261;76,564,22;77,-856,-467;78,-196,154;79,-42,435
avenida|vereador|marcolino rodrigues galvao|planalto|38755000|6,-1784595,-4652173;10,-13,0;15,7,22;19,-19,-1;20,-2,-24;25,-17,26;35,-6,4;40,-3,-26;45,1,27;55,-23,2;70,-15,-25;140,-25,1;360,120,-9
avenida||antonio mariano de castro filho|centro|38755000|5,-1784151,-4651479
avenida||antonio mariano de castro filho|planalto|38755000|4,-1784119,-4651865;9,3,-5;11,17,-11;440,-93,306
avenida||marcolino lazim|centro|38755000|9,-1783455,-4652243;15,-16,-15;20,11,-7;30,-8,-7;35,-28,-7;45,-11,-1;70,-4,-29;121,-51,-47;140,-27,-14;185,-142,-94;200,4,-14;205,-32,-3;225,-9,-7;245,-21,-16;260,-2,-27;265,-201,-109;284,156,70;294,-4,1;300,-30,-19;310,1,-10;320,-8,0;330,-10,-6;340,-17,-14;365,-47,-24;380,-13,-26
avenida||santos dumont|centro|38755000|165,-1783540,-4651853;301,-248,-193;400,516,386;410,-9,-4;505,-62,-36;525,-17,-12;535,-6,-8;575,-91,-68;589,-12,-2;595,-8,-8;599,-4,-8;615,-23,7;620,62,-29;621,-59,12;623,-3,-6;625,1,-5;630,63,30;632,-15,-24;635,-77,-3;636,52,0;640,26,23;645,-105,-63;650,160,112;652,-102,-87;655,-69,-40;660,176,134;662,-116,-101;665,-66,-41;666,60,38;667,-79,-47;675,-15,-7;680,59,23;690,-10,-7;700,-25,-19;710,-6,-6;715,-102,-62;720,87,53;725,-94,-67;727,-13,-5;730,100,59;731,-108,-63;735,-4,-9;740,92,59;745,-97,-70;750,85,63;760,-11,-12;765,-112,-79;770,85,60;775,-88,-58;780,84,50;785,-91,-53;786,85,50;790,-7,-8;791,-96,-54;793,10,0;795,3,1;796,68,43;797,-81,-50;800,72,40;805,-89,2;809,-16,-45;812,102,40;824,-12,-5;830,-5,-12;835,-99,-56;840,74,53;844,-36,-37;845,-41,-22;855,-19,-11;856,93,65;859,-90,-69;860,82,61;865,-101,-75;870,95,69;879,-131,-86;880,121,79;890,-22,-17;905,-132,-110;910,-1,6;915,-5,3;920,-4,-7;928,-9,-11;930,1,-4;935,9,15;937,-20,-11;940,3,-7;945,-17,-8;950,11,-2;955,-21,-6;960,-4,-8;962,-12,-18;970,-10,-2;975,24,26;984,-34,-35;985,29,32;988,-37,-36;990,-14,-15;995,39,44;999,-6,-4;1000,-49,-52;1009,18,27;1010,-26,-29;1011,44,42;1013,-6,-10;1020,-40,-42;1028,-9,-8;1030,-20,-16;1034,10,5;1057,-172,-118;1060,147,117;1071,-9,-20;1090,10,3;1130,-81,-71;1300,-138,-108
balneario||praia park|pontal|38755000|1,-1760628,-4647533
chacara||avorrai|lagoa grande|38755000|1,-1781067,-4647597;2,-2615,-1471;897,2034,-2810
entrada||da veredinha|fazenda santa catarina|38755000|14,-1773744,-4655650
entrada||fazenda santa esmeralda|fazenda do vau|38755000|37,-1772947,-4656038
entrada||patagonia ou santa catarina|lagoa grande|38755000|23,-1771388,-4653084
estrada||assentamento alianca e progres|projeto de assentamento alianca e progresso|38755000|1,-1763315,-4651991;2,-1033,65;3,-932,-1787;4,82,-425;5,969,1195;6,62,-1519;7,1738,2292;8,-1275,-1644;9,213,-1230;10,505,2069;11,308,-1236;12,-129,-2043;13,237,2821;14,-3,-1186;15,-614,597;16,-403,308;17,-240,281;18,-982,-62;19,633,2726;20,465,-732;21,215,-424;22,-432,-832;23,217,-449;24,255,-160;25,248,-335;26,260,-260;27,440,-267;28,181,-405;29,261,-337;30,710,291;31,441,513;32,206,476;33,-151,388;34,-350,274;35,-76,319;36,-315,207;37,-272,305;38,-1228,-139;39,-171,357;40,-154,316;45,2973,-2223;46,-1438,3935;49,596,-279;50,-292,355;53,-2991,-2390;54,-533,-543;55,586,-1348
estrada||assentamento alianca e progres|projeto de assentamento feliz uniao|38755000|3,-1761977,-4648374;9,-349,-476
estrada||assentamento felis uniao|projeto de assentamento alianca e progresso|38755000|25,-1765575,-4650148
estrada||assentamento felis uniao|projeto de assentamento feliz uniao|38755000|2,-1767449,-4649622;21,1391,1247;22,1481,-3261;23,-325,741;24,-224,460;25,-427,286;26,-85,294;27,-86,453;28,-137,639;29,-192,383;30,-141,342;31,7,-3678;32,-258,339;33,-321,376;34,-78,468;35,-316,118;36,-192,473;38,-100,802;39,29,482;40,1681,-3941;41,-258,128;42,-245,397;43,-133,267;44,-402,39;45,-162,408;46,-135,214;47,-207,285;48,-1083,12;49,364,591;50,-17,421;51,-48,480;52,157,552;53,2753,-3358;54,-437,-267;55,91,-81
estrada||buritizinho|buritizinho|38755000|20,-1793586,-4648774
estrada||da veredinha|fazenda do vau|38755000|28,-1772502,-4656356;32,514,-1078
estrada||da veredinha|fazenda patagonia|38755000|34,-1772722,-4656471;36,-224,433;38,202,-444;39,-203,445;40,737,-435
estrada||da veredinha|lagoa grande|38755000|1,-1765261,-4659997;2,-183,-617;3,-8127,5760;4,-1,0;5,-1,3;7,1,9;8,9822,-4805;9,35,84
estrada||do barreirao|comunidade do barreirao|38755000|70,-1787231,-4640938
estrada||do frio|frio|38755000|1,-1790070,-4659312;2,1,18;7,271,2521;10,222,573;12,0,0;28,0,1;30,0,-1;36,-966,-3516
estrada||fazenda santa catarina|fazenda do vau|38755000|19,-1772209,-4656468
estrada||fazenda santa luzia|lagoa grande|38755000|13,-1778822,-4647644
estrada||lagoa barreirao|cabeceira dos cais|38755000|9,-1783674,-4649064;19,-130,278;29,606,799;40,202,-15;46,-1,-8
estrada||para br040|fazenda h3c|38755000|7,-1776065,-4653700;9,0,-2;12,15,-3418;13,0,-2;15,-44,3425;16,-1,9
estrada||para br040|fazenda patagonia|38755000|62,-1775699,-4651432;63,4655,698;64,-3,0;65,4,-1
estrada||para br040|fazenda santa catarina|38755000|46,-1773796,-4651898
estrada||para br040|fazenda santa marta|38755000|3,-1777390,-4652944;4,-26,-8;6,0,0
estrada||para br040|projeto de assentamento nosso orgulho|38755000|42,-1766646,-4647714;43,-786,-358;45,-699,1643
estrada||para br040|terceira entrada a direita|38755000|17,-1775636,-4650845;18,6601,6003;19,-6604,-6000
estrada||para br040|veredinha|38755000|22,-1773565,-4654842;23,-1,-7;24,-1,9;41,5,-4
estrada||para mg 410|estrada para mg 410|38755000|11,-1778821,-4647657;13,5268,-7193;14,-5264,7201;18,-110,-175;20,1,-6;21,854,4797;22,-853,-4793
estrada||para o barreirao|comunidade do barreirao|38755000|2,-1787207,-4641096;3,-12,44;5,-52,41;7,93,15;15,-55,-46;19,-37,128;80,47,-147
estrada||para o barreirao|fazenda barreirao|38755000|20,-1788620,-4641150;21,0,0;26,559,-1472;27,77,46
estrada||para o barreirao|fazenda bueno aires|38755000|14,-1780862,-4643138;15,2,-994;16,2036,-3521
estrada||para o barreirao|lagoa grande|38755000|55,-1784860,-4643655;58,1173,-573
estrada||para o barreirao|primeira entrada a esquerda|38755000|63,-1782609,-4646005;65,1075,-47
estrada||para o barreirao|primeira entrada da direita|38755000|70,-1783333,-4645016;73,300,-2338
estrada||para o barreirao|projeto de assentamento cabaceira|38755000|1,-1787746,-4640634
estrada||para o barreirao|projeto de assentamento nova conquista|38755000|9,-1783771,-4640338;16,1959,-259;22,-1694,370;28,169,1213;34,-161,310;38,-108,-1276;39,-2784,-2432;42,685,886;49,969,-268;51,308,-63
estrada||para o barreirao|segunda entrada a direita|38755000|63,-1783746,-4645946
estrada||povoado do frio|zona rural|38755000|5,-1786196,-4654113;14,-9350,-1793;15,4833,889;16,-49,42;19,-1059,973;20,987,-1057
estrada||sabao flor de minas|lagoa grande|38755000|32,-1773577,-4654850
estrada||sargentinho e corrego dos porc|zona rural|38755000|10,-1786873,-4652261
fazenda||barreiro do campo 12|lagoa grande|38755000|9,-1781020,-4652791
fazenda||barreiro do campo 3|lagoa grande|38755000|5,-1783673,-4649071
fazenda||cabeceiras dos cais 9|lagoa grande|38755000|26,-1784390,-4650292
fazenda||cais 12|lagoa grande|38755000|37,-1783664,-4648134
fazenda||cais 13|lagoa grande|38755000|40,-1783677,-4648115
fazenda||cais 14|lagoa grande|38755000|39,-1783890,-4647693
fazenda||cais 16|lagoa grande|38755000|19,-1782997,-4648007
fazenda||cais 17|lagoa grande|38755000|9,-1783683,-4649067
fazenda||cais 19|lagoa grande|38755000|38,-1783016,-4649131
fazenda||cais 20|lagoa grande|38755000|37,-1783360,-4649518
fazenda||cais 2|lagoa grande|38755000|5,-1781052,-4647606;41,-633,-1469
fazenda||cais 3|lagoa grande|38755000|40,-1782354,-4648694
fazenda||cais 4|lagoa grande|38755000|39,-1782470,-4649096
fazenda||cais 5|lagoa grande|38755000|4,-1781734,-4647437
fazenda||cais 6|lagoa grande|38755000|46,-1782796,-4648271
fazenda||cais 7|lagoa grande|38755000|43,-1783066,-4648212
fazenda||cais 8|lagoa grande|38755000|46,-1782995,-4648005
fazenda||cais 9|lagoa grande|38755000|42,-1783194,-4647987
fazenda||cais|lagoa grande|38755000|43,-1782020,-4649492
fazenda||canaa|pocoes|38755000|18,-1757004,-4646567
fazenda||cariocao|fazenda cariocao|38755000|6,-1778567,-4652290
fazenda||condominio|pontal|38755000|104,-1758997,-4648413
fazenda||curral velho 2|lagoa grande|38755000|12,-1781395,-4647779
fazenda||curral velho manabuiu|lagoa grande|38755000|1,-1783037,-4648234
fazenda||curral velho|lagoa grande|38755000|3,-1781056,-4647609
fazenda||engenho|engenho|38755000|2,-1790751,-4655130;5,178,-126;8,151,-121;13,-380,279;17,-2,2;26,1,1
fazenda||fazenda neves brasil|fazenda|38755000|11,-1766183,-4636424
fazenda||formiga 6|formiga|38755000|5,-1791404,-4663959
fazenda||formiga manabuiu|formiga|38755000|2,-1791335,-4662904;7,-1304,-635;10,1522,-2787;36,-562,2729
fazenda||formiga manabuiu|manabuiu|38755000|3,-1791578,-4662630
fazenda||frio|frio|38755000|3,-1791174,-4655730;9,348,661;12,4304,-3736;28,-4334,3754;33,822,-544;37,-1175,460
fazenda||gameleira|morraria trancada|38755000|6,-1762886,-4643515
fazenda||jacare|jacare|38755000|30,-1788435,-4655683
fazenda||manabuiu 1|manabuiu|38755000|10,-1800960,-4659202
fazenda||manabuiu 2|lagoa grande|38755000|5,-1782177,-4647784
fazenda||manabuiu riacho do pau|lagoa grande|38755000|35,-1784234,-4647711
fazenda||manabuiu|cabeceira dos cais|38755000|6,-1781252,-4648104
fazenda||manabuiu|formiga|38755000|12,-1792663,-4665960
fazenda||manabuiu|goiabera|38755000|8,-1793127,-4656896;13,-1334,-704
fazenda||muleta|muleta|38755000|4,-1785412,-4655923;6,-2481,-744;13,2070,-525;14,-3290,-2134;17,2748,725;18,102,109;19,-521,-59;22,-26,-227;24,10,205;26,1110,585;28,-4345,2391;29,4413,-2589;215,-728,-520;2701,496,416
fazenda||planalto do manabuiu|formiga|38755000|3,-1790281,-4660648;4,3468,2059
fazenda||pontal da veiga|pontal|38755000|4,-1751312,-4655814
fazenda||pontal5|pontal|38755000|1,-1759502,-4648160
fazenda||prata|lagoa grande|38755000|120,-1766004,-4636454
fazenda||riacho 3|lagoa grande|38755000|34,-1784574,-4648158
fazenda||riacho 5|lagoa grande|38755000|20,-1785573,-4647517;29,160,-426
fazenda||riacho 5|projeto de assentamento renovacao|38755000|21,-1789513,-4645881
fazenda||riacho 6|lagoa grande|38755000|29,-1784757,-4647276
fazenda||riacho|lagoa grande|38755000|38,-1784574,-4648157
fazenda||vereda comprida 2|lagoa grande|38755000|4,-1782091,-4651643
fazenda||vereda comprida|lagoa grande|38755000|2,-1780749,-4650970
fazenda||white martins|pontal|38755000|8,-1752674,-4655445;10,30,-63;14,-99,132;18,3,-6;21,77,-74;41,-3,2
lote||fazenda|projeto de assentamento nova conquista|38755000|18,-1783511,-4638709
lote||lote 25|projeto de assentamento nova conquista|38755000|9,-1783776,-4640338
lote||lote 26a|projeto de assentamento nova conquista|38755000|18,-1783781,-4640339
lote||lote 45a|projeto de assentamento nova conquista|38755000|21,-1783778,-4640338
lote||lote 60|projeto de assentamento nova conquista|38755000|20,-1783277,-4640378
lote||lote 61|projeto de assentamento nova conquista|38755000|17,-1782924,-4640410
lote||lote 64|projeto de assentamento nova conquista|38755000|15,-1781408,-4640634
outros||casa perto do lixao|lagoa grande|38755000|46,-1782006,-4650008
posto||tampinha|pocoes|38755000|8,-1763853,-4644605
praca||joao de matos|centro|38755000|20,-1784085,-4652269;55,-3,-2
praca||sete de setembro|centro|38755000|26,-1784065,-4652080;30,30,21;50,18,6;120,-33,-65
rodovia||br 040|fazenda lr|38755000|114,-1766369,-4642290
rodovia||br 040|pontal|38755000|90,-1750783,-4656329;105,-9443,8722
rodovia||br 040|rodovia mg 410|38755000|22,-1766025,-4637748
rodovia||lagoa grande presidente olegar|fazenda pao dolho 1|38755000|15,-1789202,-4646702
rodovia||lagoa grande presidente olegar|morraria cabeceira dos cais|38755000|15,-1786065,-4649487
rodovia||lagoa grande presidente olegar|oitava entrada da rodovia|38755000|1,-1788000,-4648287;7,96,60;8,-462,-696
rodovia||lagoa grande presidente olegar|projeto de assentamento renovacao|38755000|26,-1788462,-4646384
rodovia||lagoa grande presidente olegar|sexta entrada da rodovia|38755000|182,-1788436,-4648766
rodovia||lagoa grande vazante|formiga|38755000|15,-1781369,-4661145
rodovia||lagoa grande vazante|frio|38755000|5,-1782077,-4661922;6,-5307,580;7,303,6265;32,1,-1853
rodovia||lagoa grande vazante|jacare|38755000|34,-1785468,-4656092
rodovia||mg 410|fazenda gameleira|38755000|1,-1781413,-4640641;4,-2207,4983
rodovia||mg 410|fazenda jequie|38755000|8,-1772153,-4636764;9,-227,2169
rodovia||mg 410|fazenda porto brasil|38755000|4,-1768613,-4636390
rodovia||mg 410|lagoa grande|38755000|6,-1781112,-4636166
rua|dom|pedro i|planalto|38755000|13,-1784181,-4651773;15,-30,13;17,21,-16;19,-19,4;21,-4,7;25,-14,-7;27,-7,4;30,-3,-3;33,-3,3;35,-13,4;37,-12,-5;41,0,10;43,-9,-5;45,-16,2;47,-13,7;49,-20,0;50,22,7;51,-62,-8;55,81,0;61,-91,6;65,-1,4;101,-41,1;107,17,-5;111,-23,4;130,57,0;171,-69,-2;181,-12,2;190,29,8;191,-44,-4;200,33,1;210,-15,5;217,-26,-5;220,10,5;227,-20,-4;230,8,6;237,-20,-8;239,-10,6;240,14,2;241,-24,-4;247,-69,17;250,71,-7;255,14,-8;257,-85,2;267,-15,3;268,30,8;270,-27,3;271,-20,-28;277,7,16;285,-9,6;297,-19,-3;300,14,9;303,-24,-6;307,-8,-3;317,-4,3;320,3,10;327,-13,-14;331,1,8;337,-13,-4;340,1,11;346,-4,-1;350,-129,10;360,111,-4;365,-11,-3;380,-72,11;390,-3,-6;400,0,-3;410,-9,13;419,-14,-6;485,-97,6;505,-6,0;515,-14,-1
rua|dona|maria arnaldo|planalto|38755000|100,-1784735,-4651587;134,7,40;140,-2,4;150,2,9;164,2,62;170,5,19;200,-24,-314;220,-4,-91;257,44,480;265,0,-9;270,-39,-284;275,34,267;285,4,-13;295,-8,-31;305,-2,-6;311,4,-7;331,-11,-66;335,-14,109;360,-25,-246;361,43,82;370,-16,-48;371,15,23;380,-22,-6;381,17,3;384,-8,-11;390,-1,10;405,5,-58;411,-3,-17;421,3,-13;471,-12,-116;511,-11,-73
rua|frei|henrique de coimbra|planalto|38755000|31,-1784289,-4651684;53,-93,14;55,-15,4;56,103,-24;57,-106,31;60,98,-35;61,-110,28;70,48,-54;72,10,37;75,-68,17;76,55,-17;78,-8,0;82,-24,6;85,-41,6;87,-1,13;88,26,-15;92,-8,-10;95,-27,19;99,-39,0;102,61,-10;105,-43,9;112,23,-18;122,-26,10;125,-29,14;130,18,-12;135,-20,13;150,6,-11;160,-16,1;180,-39,-1;200,-14,4;204,-7,3;210,-13,-1;220,-13,4;230,-11,-2;254,52,10;264,-23,0;274,-6,-2;284,-9,12;285,-100,3;294,85,-8;296,-10,-2;301,-24,-6;304,-49,31;309,-67,-5;310,133,-36;311,-14,7;313,-148,24;314,131,-4;315,-139,5;319,-3,1;321,47,-5;325,89,-6;329,-155,17;331,144,-47;332,-139,47;334,132,-13;335,-19,-3;340,-22,5;341,27,-16;344,9,11;345,-147,23;351,131,-32;355,1,-13;361,-15,-3;371,-43,20;377,-8,0;380,15,-1;381,-23,9;383,-13,-2;385,-92,33;389,74,-36;395,4,4;417,-28,8;421,-6,-4;427,-6,3;429,-24,-7;431,7,6;442,3,1;457,-19,0;477,-7,0;480,-29,3;487,609,-46
rua|governador|israel pinheiro|centro|38755000|301,-1784364,-4652019;321,11,21;325,-4,8;331,5,13;341,0,28;351,-1,11;361,4,18
rua|governador|israel pinheiro|ceu azul|38755000|376,-1784298,-4651362;611,4,16;621,2,8;631,-1,15;670,1,86;700,3,10;701,2,-48;707,-1,36;710,-3,27;711,4,-18;720,-11,-54;721,14,71;730,-23,-65;740,15,41;770,-1,37;1040,1,-58
rua|governador|israel pinheiro|planalto|38755000|7,-1784400,-4652498;25,92,935;51,-87,-885;56,-18,-1;58,5,29;60,0,-10;61,13,-1;65,7,63;70,-15,-26;71,6,-24;81,0,41;90,2,20;91,12,53;94,-12,-50;100,-1,14;101,14,50;115,-3,18;136,-7,-16;140,-1,0;141,20,72;146,-12,-50;151,12,65;152,-13,-58;160,1,30;161,15,49;171,-8,16;175,5,7;180,-8,-43;181,11,59;197,-5,42;210,5,32;216,2,13;220,1,33;230,-16,-173;231,13,61;240,-7,-23;246,5,13;260,-1,7;281,18,78;290,-9,53;300,5,17;310,-8,7;330,13,25;334,-24,20;360,27,28;380,-1,31;381,10,-1;388,-14,8;390,14,80;394,-4,-77;401,10,14;411,-1,18;420,-12,19;421,-5,12;431,16,9;440,-1,19;441,5,-7;450,-7,36;451,3,-23;460,-4,17;470,8,53;471,5,-34;480,-5,66;481,5,-42;491,4,43;501,0,15;513,10,22;521,-1,35;540,-8,26;560,1,20;605,11,-4;615,1,34;617,-8,11;620,-17,-19;625,32,78;626,-12,5;633,13,-5;636,-9,5;640,-4,32
rua|padre|anchieta|centro|38755000|810,-1783442,-4652066;814,-5,-4;824,-15,-7;840,-13,-14;841,7,27;845,-8,-8;846,-11,-34;850,-14,-8;860,-13,-12;870,-19,-10;871,8,21;880,-14,-29;882,-12,0;884,-1,4;888,-1,-11;900,-3,-8;901,-18,6;907,-8,-8;911,1,5;916,4,-17;920,-11,-3;921,-1,8;923,-9,-6;930,2,-9;940,-7,-4;950,-9,-5;962,-27,-21;966,-4,-8;971,-42,1;990,31,-8;996,-26,-36;998,-1,17;1000,-1,-24;1006,-19,7;1007,4,34;1010,-6,-36;1011,-33,-12;1018,26,7;1020,-2,-11;1021,-37,-4;1026,23,-2;1029,-46,-26;1030,34,15;1031,-22,-5;1036,22,-2;1040,-12,-6;1050,7,-2;1061,-24,6;1065,-23,-15;1069,-26,-23;1070,54,26;1072,-12,-8;1080,-6,-2;1081,-38,-19;1090,19,0;1091,-37,-11;1100,28,6;1101,-34,-13;1121,-35,-24;1145,-27,-22;1167,-9,-7;1177,-12,-14;1187,-41,-33;1191,-16,-13;1251,-47,-37;1261,-1,-5;1281,-26,-21;1291,-16,-3;2010,254,185;2012,-7,-7;2014,-5,-10;2016,-11,-5;2018,11,13;2020,-14,-16;2021,-31,21;2023,8,-24;2030,15,-7;2040,-16,-13;2050,-18,-6;2056,-5,-6;2058,2,-25;2060,-17,16;2070,-8,-11;2080,-8,-5;2090,-5,-8;2100,-14,-3;2110,-9,-12;2120,-16,-5;2130,-6,-12;2134,-1,-12;2140,-9,5;2150,-7,-18;2160,-20,-5;2166,-14,-7;2170,-4,-6;2190,-13,-9;2350,-30,-24
rua|prefeito|joao pinheiro|ceu azul|38755000|6,-1784323,-4651259;9,8,6;15,-19,4;20,-32,-7;25,33,8;30,-19,-10;40,-20,-1;50,-19,4;95,-18,12;120,-29,-1;130,-23,4;140,-8,2
rua|presidente|juscelino kubistchek|centro|38755000|1,-1783549,-4652288;3,-9,9;6,-39,34;10,-4,5;12,-42,43;13,15,12;14,-18,-19;15,15,27;16,-9,-6;18,-16,12;19,20,-3;20,-6,5;22,-13,6;23,11,-4;32,-22,19;60,-54,65;63,32,-27;64,-16,17;65,8,-15;66,-24,24;68,-13,30;77,30,-46;78,-27,44;79,19,-19;82,-11,-1;83,34,-18;92,-37,33;99,-1,-1;103,-10,11;105,10,-6;132,-43,48;142,-11,7;143,20,-4;152,-36,23;162,-4,7;171,105,-129;172,-115,137;173,18,-6;183,-8,18;192,51,-84;203,-81,118;240,289,-370;260,9,-34;270,22,-30;290,61,-61;320,15,-37;360,48,-57;370,62,-64;405,-103,135;415,10,-16;455,45,-57;465,5,-15;824,-374,473
rua|presidente|olegario|centro|38755000|115,-1783386,-4651492;160,0,0;280,-8,0
rua|presidente|olegario|ceu azul|38755000|10,-1784183,-4651405;240,512,-64;245,22,11;258,191,-28;260,0,0;285,-358,44;295,-6,4;300,206,-33;304,12,-2;305,-247,35;310,230,-29;315,-240,25;335,293,-15;351,-362,25;355,0,1;365,-9,2;370,145,-26;371,-151,19;396,151,-16;398,-192,27;405,-6,-1;410,156,-50;430,-35,27;447,-397,52;452,215,-21;454,2,0;456,-9,-3;461,-7,1;464,-3,2;481,-75,1;483,2,8;513,-51,3;545,-63,8;621,-111,10;625,-5,-1;635,-5,3;655,-50,8;673,-20,1;675,-13,1;685,11,7;695,-56,-1;810,69,-12
rua|presidente|olegario|planalto|38755000|50,-1784696,-4651359;496,772,-86;512,-40,-18;514,-1,-1;536,-115,0;544,-40,41;566,-21,5;570,-7,3;590,-90,8;600,-5,-5;610,-21,4;620,10,2;640,-62,2;660,-47,6;664,-23,6;670,28,-5;690,-49,1;700,-12,2;704,-4,3;710,-30,4;712,2,-1;722,-22,2;724,-5,-4;730,-8,4;735,-86,31;750,-80,-14;760,99,-13;770,-2,6;774,-12,-3;780,-18,3;800,-21,1;812,86,-17;814,-113,24;816,-16,-4;818,-15,3;820,8,-1;830,-9,-5;832,-9,4;850,-75,7;860,-17,4;864,-27,-2;868,9,-10;870,14,8;878,-17,6;888,-7,-1;900,-12,2;910,-16,1;930,-19,4;940,828,-92;980,-103,24
rua|sao|pedro|centro|38755000|3,-1784079,-4652212;5,-9,14;6,-31,-2;8,12,-3;12,-21,-5;22,-18,7;51,22,8;61,13,-12;65,-91,18;71,99,0;75,-106,1;101,106,-16;121,-167,16;124,38,3;126,-3,-3;127,-41,5;130,32,-3;131,-44,7;134,31,-4;141,-34,4;151,-18,5;161,-11,-1;165,-8,-1;171,-1,-1;181,-15,-1
rua|sao|pedro|planalto|38755000|74,-1784196,-4652194;94,-38,-15;100,2,22;104,-11,-5;114,-10,4;144,-29,2;156,-15,-2;158,-12,4;160,1,-1;164,-13,1;168,-15,7;174,2,-4;180,-8,-5;184,-4,5;214,-71,9;216,-16,1;224,-7,-1;228,-8,5;231,38,4;234,-45,-5;236,-8,0;238,-17,1;240,-2,0;241,50,5;244,164,-29;245,-225,23;251,51,8;255,-4,-7;261,-12,3;271,-20,5;274,-30,-7;281,27,4;283,-12,12;284,-31,-13;285,19,9;301,-4,-1;311,-14,1;314,-45,-4;317,37,7;325,-4,2;331,-7,1;355,-15,-6;365,-9,4
rua|tenente|tiago|ceu azul|38755000|5,-1783962,-4651412;21,-2,16;25,2,7;35,1,21;45,2,5;55,1,12;60,-11,-8;65,9,30;75,7,12;80,-12,-15;85,-31,35;95,42,4;105,1,-3;118,-6,7;120,-3,13;121,14,85;130,-10,-74;135,9,74;145,6,38;146,-13,-49;150,0,14;160,5,9;164,-1,25;165,10,17;180,-6,7;190,0,10;200,2,10;210,-2,5;235,5,24;245,5,24
rua||adelio canoa|planalto|38755000|15,-1784237,-4651611;25,14,10;35,-10,-9;39,-594,37;40,588,-52;41,-570,77;42,-22,-10;45,583,-52;50,2,-12;55,-12,10;65,-10,-2;70,5,-7;75,-11,15;79,-3,-3;80,2,-7;85,4,-5;95,-77,13;105,-20,5;115,-11,2;121,-16,3;125,-10,-4;133,7,0;135,-16,2;137,-7,0;141,-6,1;145,-31,9;147,66,-14;149,-56,9;165,32,-14;175,-9,3;185,-22,0;194,-21,12;195,7,-9;200,-15,10;201,-5,-11;209,-26,6;211,-8,4;235,-28,10;245,-16,6;249,-65,2;251,58,-19;255,-47,18;261,31,-16;264,-4,13;265,19,-2;267,-15,2;270,-53,5;276,33,-3;284,-209,7;285,169,-7;290,20,-6;292,-209,20;300,87,-12;305,75,4;309,-4,-2;310,-200,11;313,193,-9;320,-213,11;321,236,1;322,-249,8;324,230,-26;328,-6,-9;330,-224,24;333,211,-7;334,-6,-11;336,-55,21;342,112,-25;351,-153,25;355,43,-6;356,-35,10;361,-6,-3;363,-23,-1;365,-47,5;375,-51,7;385,74,-9;395,-6,-1;400,71,-6;413,-99,10;423,-7,2
rua||altino guimaraes|planalto|38755000|40,-1784223,-4651556;44,9,3;46,-31,3;50,4,-5;55,5,11;60,-11,-6;65,-14,10;66,11,-13;67,-8,10;69,3,1;75,-30,3;77,28,-10;79,-10,8;80,-10,-9;81,9,9;83,-95,12;85,-12,1;90,3,-13;105,-238,33;107,212,-17;109,-10,-4;115,-10,1;121,-4,4;123,-195,21;125,-21,-9;127,221,-16;129,-52,9;135,-14,-2;145,-176,20;160,-77,-5;170,347,-41;175,-312,45;177,151,-47;180,152,5;185,-381,52;187,208,-16;190,161,-31;195,-178,35;200,157,-33;205,-274,42;212,253,-35;222,-16,-4;260,-74,12;272,-10,-1;275,-194,30;281,-6,1;282,201,-32;285,113,-11;292,-138,16;294,-13,-1;295,-177,27;309,282,-37;310,-128,13;312,15,-2;314,246,-29;315,-452,56;316,439,-54;320,-283,34;321,-43,2;325,-126,22;326,167,-26;327,-179,26;330,166,-23;331,-166,20;332,156,-21;335,-170,32;337,-9,-4;342,167,-26;343,-179,19;345,-9,12;347,-5,-1;355,-11,2;357,1,5;359,-22,-1;362,195,-36;422,-31,8;432,-20,0;442,-21,3;450,5,-2;462,-20,1;472,-18,1;482,-13,5;498,-8,-1;500,-10,4;502,-6,-2;512,-31,4;522,-15,3;532,-11,-2;615,471,-36;730,-88,-2
rua||amaro galvao|centro|38755000|20,-1783943,-4652150;26,-5,3;30,-7,4;35,13,2;40,-20,0;45,14,0;50,-28,-13;52,5,20;64,-12,-4;65,3,6;75,-13,5;78,4,-10;80,-5,3;86,-15,6;100,-14,0;110,-12,7;885,108,-41
rua||amazonas|centro|38755000|63,-1784080,-4652053;70,-16,-14;73,6,15;80,-12,-10;83,-2,9;84,-5,-5;87,-8,10;90,6,-5;92,-12,-2;93,-4,11;96,-9,-15;100,-14,5;123,-25,12;133,-11,-3;143,-12,-1;145,-11,2;147,-6,0;163,-21,0;169,-6,5;171,-4,-1;175,-14,2;177,-5,0;179,-33,-3;183,18,1;185,-56,6;203,21,-4;213,-9,4;290,36,0
rua||amazonas|planalto|38755000|122,-1784178,-4652056;126,-10,0;130,-11,0;136,-9,1;138,-9,2;140,-3,3;150,-15,-2;160,-10,5;190,-10,-1;200,-20,1;210,-9,2;216,-12,0;220,-15,0;230,-18,6;233,-71,19;234,66,-17;240,-6,-1;243,-65,13;250,18,-12;252,1,1;253,-31,13;254,18,-14;257,-21,17;260,34,-14;270,-15,-3;272,-9,2;273,-58,25;280,49,-25;281,-16,13;285,-23,-3;293,-8,2;298,16,-5;300,-6,0;303,-30,5;305,-8,6;312,38,-5;313,-174,16;320,149,-21;330,-15,1;340,-19,1;344,13,5;350,-23,-7;356,2,2;360,-6,3;370,-21,2;385,-66,17;390,18,-14;393,-68,15;400,53,-12;420,-30,7;424,51,0;435,-59,8;440,-1,-10;445,-57,10;455,-21,8;460,103,-19;465,-107,19;477,20,-5;480,7,-6;540,-78,4;604,-89,8;630,-20,4
rua||angelo firmo da costa|centro|38755000|60,-1783379,-4651646;65,43,23;67,-32,0;70,-11,-23;75,6,36;80,1,-19;350,-2,-87
rua||anicesio de lelis ferreira|ceu azul|38755000|20,-1784019,-4651259;62,29,-130;72,-47,6;82,2,11;90,3,29;100,-2,10;112,-23,33;114,26,16;115,7,-46;118,-6,49;119,8,-31;120,-4,69;121,6,-66;125,1,6;127,-3,7;130,-7,38;139,8,-33;141,2,6;150,-1,111;185,11,17
rua||anicesio de lelis ferreira|planalto|38755000|550,-1784035,-4651446
rua||antonio alves ferreira|centro|38755000|101,-1783421,-4651923;120,-29,58;125,43,-75;150,-19,48;170,21,-36;175,11,-21;180,-4,9;181,9,-20;190,-2,6;191,11,-17;200,-1,9;201,8,-14;221,2,-2;223,10,-15;230,13,-3;241,12,-33;245,7,-8;250,-83,121;256,95,-102;260,-5,-17;275,37,-51;277,-1,-4;305,11,-4;315,30,-3;317,-21,-4;749,-93,112
rua||araguaia|centro|38755000|20,-1784081,-4651993;30,-39,-2;71,40,13;81,-15,10;82,-14,-17;91,11,8;101,-152,16;111,137,-16;121,-99,23;125,17,16;130,25,-42;141,-26,11;142,1,-14;151,8,13;152,-21,-9;162,-15,-1;164,-5,5;181,-26,14;182,10,-7;191,-25,5;192,-5,-16;193,18,2;212,-48,3;223,30,17;231,-16,-2;232,-16,-15;241,2,22;251,-13,-7;271,-15,5;331,-2,-15
rua||araguaia|planalto|38755000|40,-1784384,-4651964;44,-352,28;45,-12,4;50,375,-33;250,-37,-8;254,-14,7;262,-11,3;266,-7,0;278,-8,3;282,-9,-1;291,77,1;292,-94,5;300,-11,-3;302,-7,2;303,69,3;305,-15,1;313,-26,2;315,-5,2;316,-52,-5;320,-70,5;330,-8,5;335,112,-4;338,-95,3;339,54,3;340,-73,0;344,-12,-3;350,-3,-1;355,104,2;359,-6,-2;360,-105,4;364,-9,-3;380,-6,2;384,-15,3;390,-9,0;391,50,4;400,-55,-1;401,46,2;410,-71,-3;416,-5,2;420,-12,-5;421,55,16;430,-63,-4;475,13,9;491,167,-23
rua||aroeira|planalto|38755000|90,-1784829,-4652287;230,-5,19
rua||aurora pereira da silva|centro|38755000|65,-1783336,-4652512
rua||a|ceu azul|38755000|6,-1783457,-4651154;10,-8,-3;55,-103,-538;59,5,5;61,4,8;70,167,560;90,-9,-5;130,-112,-520;995,124,527
rua||barreiro do campo|centro|38755000|10,-1783438,-4652019;20,-14,21;30,-2,4;40,-8,5;45,9,2;50,-15,4;60,-11,39;64,-16,-1;65,32,-36;70,-48,47;85,38,-32;91,-20,27;95,-7,12;100,-22,17;120,-40,65;130,-8,12;136,-5,4;140,-8,17;150,-20,-4;171,44,-23;175,2,5;185,-3,8;195,-22,27;205,53,-90;235,28,-34;255,16,-23;285,10,-14;740,139,-164;741,-28,26;750,1,0;770,-22,34;778,37,-49;780,1,-2;786,-26,24;790,-14,19;794,-10,7;796,68,-69;798,9,-11;808,23,-20;818,3,-4;828,14,-12;854,15,-14;856,14,-9;858,1,-6;880,24,-26;882,4,-4;888,10,-10;898,10,-7;899,-123,105;905,-115,154;908,246,-271;915,-242,254;918,248,-262;924,6,-1;930,9,-14;960,-219,230;974,111,-106;980,10,-6;982,-52,34;990,63,-48;1000,13,-16;1010,7,-2;1020,13,-13;1030,3,-8;1066,29,-27;1070,3,-6;1090,7,-7;1100,16,1;1120,-3,-23
rua||barreiro do campo|ceu azul|38755000|5,-1783654,-4651709;155,49,-59;157,1,-12;190,-33,34
rua||basilio geronimo|centro|38755000|21,-1784101,-4652533;23,8,-12
rua||braz de lima|centro|38755000|10,-1784177,-4652332;125,-237,12;135,-11,3;149,-14,0;151,-4,5;155,-9,-2;165,-20,3;167,-3,1;169,-19,4;175,-23,-1;179,15,-3;181,-3,5;185,-28,3;195,-10,-1;205,-18,-3;215,-2,5
rua||braz de lima|planalto|38755000|5,-1784204,-4652342;15,-25,8;17,-3,5;20,2,3;25,-105,4;26,103,-6;27,-15,-4;28,7,6;30,-1,-2;35,-6,-4;40,-6,11;42,-94,5;50,84,-5;55,-29,-5;60,6,5;65,-11,-8;70,6,10;75,-22,-7;77,-21,-16;79,16,-3;80,25,25;85,-28,-6;89,-29,4;90,28,8;93,-34,-6;95,-8,-4;96,21,9;110,-83,5;120,-20,6;140,-5,1;180,-46,9;190,1,-13
rua||brejo alegre|ceu azul|38755000|10,-1783898,-4651383;20,-8,-11;25,11,11;30,-2,1;35,4,6;45,8,5;48,-23,0;50,5,13;51,36,8;53,-5,-2;54,-29,0;65,2,17;68,2,13;70,2,25;75,6,-35;80,-26,25;90,22,13;95,11,-14;100,-12,21;105,14,-4;110,-11,27;115,6,-24;125,2,10;127,-10,14;135,19,82;145,-2,12;150,-11,-6;155,13,16;158,-11,0;160,0,12;170,1,4;175,27,28;176,-25,-18;180,23,22;185,3,13;190,-8,-14;195,7,27;200,1,-9;205,3,21;210,-9,-8;215,11,28;220,-13,-23;225,15,29;230,-8,-21;235,6,33;240,-8,-25;245,5,37;250,-1,-24;255,7,33;260,-4,-27;265,5,42;270,-3,-33;275,1,60;280,-7,-48;285,12,59;290,-7,-55;295,9,63;300,-13,-45;310,2,3;320,2,17;330,5,7;340,-5,10;350,0,4;360,3,19;370,-9,2;380,11,14;390,-2,5;400,0,11
rua||carlos chagas|ceu azul|38755000|8,-1784176,-4651388;10,0,2;11,23,11;15,3,3;30,-21,15;40,-10,22;46,15,19;50,-3,25;55,17,-24;60,-10,51;62,-5,3;65,12,-37;75,2,45;85,0,-15;90,0,89;95,-7,-162;105,8,97;115,-5,-85;117,8,96;130,-3,100;142,0,16;150,-2,7;190,17,204;225,-13,-260;235,2,14;245,2,12;255,-3,9;265,10,5;315,-4,40;325,6,12;355,-4,20;365,0,27;375,6,8;389,3,15;395,-2,4;405,-61,96;409,64,-82;415,-4,13;417,6,10;421,-2,10;425,1,13;426,3,11;493,-40,-467
rua||chico maranhao|centro|38755000|25,-1783556,-4652136;35,-12,16;39,17,33;41,-22,-16;50,-12,12;51,15,-1;61,30,83;70,-97,-14;80,-8,5;91,38,-23;100,-41,37;101,31,-30;109,-11,15;110,-18,4;115,10,7;117,-15,7;119,-1,16;120,-2,-21;121,0,22;130,-11,-8;131,0,2;150,-30,66;170,-21,-3;180,1,17;881,159,-219
rua||clemente amorim|ceu azul|38755000|990,-1783386,-4651109;1000,-4,7;1005,-8,-6;1010,8,2;1015,-21,6;1020,-59,62;1025,49,-53;1030,-66,63;1035,62,-60;1040,-44,-21;1045,42,22;1055,-10,9;1060,-98,-8;1065,95,9;1070,-112,-3;1075,99,16;1080,4,6;1085,-8,-3;1090,4,9;1095,-9,-4;1100,1,8;1110,-10,7;1115,-7,3;1120,19,-80
rua||domiciano antonio de souza|centro|38755000|30,-1783288,-4651758;130,173,-197
rua||elci da silva costa|centro|38755000|80,-1784407,-4652799;90,7,-9;100,7,-4;180,55,-58;190,8,-6
rua||erasmo da fonseca lara|ceu azul|38755000|15,-1783684,-4650949;26,-7,9;160,-3,-14
rua||ermenegildo antonio de souza|centro|38755000|10,-1783948,-4652450;11,2,8;15,-5,9;20,-7,-5;25,-17,21;30,1,-4;32,-17,27;47,-35,59;51,-10,23;52,23,-50;53,-32,59;60,28,-45;62,-23,30;88,-4,7;94,7,-17;98,5,-4;100,-24,25
rua||espirito santo|centro|38755000|22,-1784079,-4652113;23,-4,13;30,-21,-18;32,1,-29;33,5,41;42,-21,-15;43,17,12;52,-21,-17;53,3,19;62,-19,-20;63,15,16;72,-24,-15
rua||espirito santo|planalto|38755000|54,-1784290,-4652108;73,99,-10;78,-5,-7;83,-4,9;88,15,-10;92,-25,3;102,-24,0;103,24,10;105,-7,0;107,-11,2;108,-5,-12;110,-6,5;112,1,-2;123,-14,12;132,15,-12;133,-31,12;142,6,-13;143,-18,13;148,10,-12;150,-7,7;152,-8,-2;156,-1,1;162,-18,0;163,10,6;170,-16,-9;172,-10,4;173,8,10;182,-17,-10;183,-1,13;189,-4,-2;190,-10,-8;191,-5,10;195,-5,0;200,-37,-8;210,-8,3;213,-4,11;231,-107,12;233,79,-11;234,-15,2;240,12,-12;243,-42,14;252,31,-15;253,-21,13;261,96,-22;262,-95,13;265,-22,16;271,-4,-2;272,20,-13;275,-29,24;280,20,-21;283,-39,13;292,32,-16;302,-13,8;306,-17,-5;310,-17,2;323,-9,15;325,-11,-3;330,9,-14;332,-15,4
rua||fausto jose luciano|centro|38755000|45,-1784286,-4652539;70,11,0;81,-50,-20;85,-5,9;90,39,-1;130,-28,-22;145,-43,-49
rua||felipe dos santos|centro|38755000|175,-1783812,-4651169;185,4,18;195,-13,48;205,2,4;215,3,11;225,-1,7;235,0,15;245,3,8;255,-1,5;265,1,15;275,1,8;285,1,19;295,-2,3;305,4,8;315,2,7
rua||felipe dos santos|ceu azul|38755000|4,-1783847,-4651488;10,8,65;20,6,8;25,6,-17;30,-9,40;31,12,-5;35,1,5;45,12,49;50,-18,-21;55,7,-7;60,-9,4;62,8,94;65,-2,-78;80,-7,8;85,14,-6;90,-16,26;96,4,-20;110,-5,35;115,18,13;125,3,15;135,-2,4;140,-7,20;150,3,-31;155,-3,99;160,9,18;170,-2,7;180,2,11;190,-50,31;200,14,5;210,13,29;220,14,12;230,-4,-6;240,6,24;250,1,13;260,1,17;270,3,11;280,0,12;290,12,21;300,-3,12;310,-1,19;325,-3,-16;335,0,13
rua||francelino luiz|centro|38755000|240,-1783536,-4651079;280,19,8
rua||francelino luiz|ceu azul|38755000|16,-1783578,-4651593;20,2,12;30,5,13;36,-1,13;86,15,155;96,3,24;106,0,13;116,6,14;126,0,16;130,-19,-106;134,0,7;135,29,156;136,-13,-44;140,-13,-85;150,0,-1;166,21,178;170,-21,-160;174,8,5;180,-3,17;185,125,431;190,-127,-415;196,22,163;202,-23,-127;204,8,16;210,1,13;226,29,122;236,-8,16;256,9,21;274,-47,-396;286,45,400;296,4,12;330,67,143;360,45,73;370,4,6;380,2,11;395,-104,-185;400,121,212;510,-173,-697
rua||francisco mendes dos santos|centro|38755000|30,-1783828,-4652506;55,29,-54;65,1,-3
rua||francisco vigilato|centro|38755000|22,-1783938,-4652321;37,43,-54;45,3,8;50,-28,35;55,-11,16;77,-10,-4;82,-33,37;92,-9,19;95,17,0;2031,80,-103
rua||getulio vargas|ceu azul|38755000|305,-1784493,-4651232;749,-9,-122;755,5,16;765,-2,13;795,1,16;820,-12,-25;855,40,145;856,-39,-89;860,6,21;865,7,59;870,-6,-52;873,-4,-47;885,8,-1;890,-21,121;900,18,-55;905,-12,82;910,11,-64;920,-1,11
rua||getulio vargas|planalto|38755000|61,-1784614,-4652546;81,0,50;130,25,160;150,4,31;200,-15,-17;210,7,108;221,5,-107;260,-16,51;270,7,0;280,1,17;300,-1,7;310,3,8;315,76,698;320,-73,-689;340,3,33;350,38,294;370,-34,-241;390,2,34;394,5,19;395,2,-32;396,-4,41;400,-13,-142;417,22,110;418,-8,65;420,3,-12;426,5,73;428,10,3;430,-3,21;432,-3,34;436,3,18;438,4,16;440,-19,-175;441,17,27;451,-5,41;461,10,16;471,2,25;495,5,47;520,-3,47;533,4,26;535,27,11;540,-32,-23;545,9,39;550,-10,-39;555,15,56;560,-14,-19;565,17,34;570,-10,-7;575,5,31;580,-5,-20;585,12,33;590,11,-3;595,-8,34;600,-3,32;605,1,-26;607,-2,18;610,-13,-31;618,20,161;620,-14,-141;625,4,29;630,-7,-14;631,22,67;632,-10,-29;635,12,22;639,-3,16;645,1,8;647,0,19;649,1,-59;655,2,10;659,-1,4;660,-20,1;670,6,11;695,15,67;705,8,92;710,-18,-111;714,2,8;715,7,120;716,9,-47;721,3,2;722,-17,-60;723,30,39;725,-19,9;739,9,72;740,-27,-86;745,23,103;750,-15,-93;756,1,4;758,4,13;760,-7,9;790,-2,59;800,6,1;810,6,13
rua||honorico fernandes ferreira|centro|38755000|10,-1784274,-4652659;15,9,-11;25,-3,-7;45,-9,-17;50,-9,-4;65,9,-16;85,-15,-18;105,0,-16;125,-13,-16
rua||isolina goncalves rodrigues|centro|38755000|25,-1783976,-4652535;35,15,-17;45,12,-22;55,16,-19;70,-5,-2;80,2,-13;135,41,-51;140,31,-43;390,68,-190;395,-20,-59
rua||joao batista da fonseca|centro|38755000|235,-1783686,-4651228;245,-3,9
rua||joao batista da fonseca|ceu azul|38755000|130,-1783700,-4651411;135,6,13;140,-8,3;145,12,6;150,-7,2;165,12,19;170,-10,11;175,11,2;180,-12,1;185,7,3;190,-4,5;195,8,40;205,0,5;225,0,32
rua||joao borges|ceu azul|38755000|5,-1783242,-4651009;10,2,-6;15,-6,11;20,1,-8;25,-11,20;30,-53,25;35,46,-23;40,-6,1;45,-3,10;50,-2,-3;55,-5,9;60,0,-8;65,-6,17;70,-2,-8;75,-7,16;80,1,-10;85,-7,12;90,3,-5;95,-15,15;100,-53,46;105,51,-36;110,-63,51;115,53,-47;125,-3,6;135,-11,9;145,-9,9;155,-9,8;165,-3,4;175,-12,8;185,-5,3;390,-12,15
rua||joao cruzeiro|centro|38755000|15,-1784026,-4651961;16,-7,-22;31,-4,-17;35,0,-8;46,-14,-28;53,0,-13;56,6,25;66,0,24;96,9,22;100,1,14;106,5,8;110,-2,15
rua||joao galvao|centro|38755000|15,-1783465,-4651692;25,-3,-2;35,-8,-5;44,15,5;45,-20,-10;46,20,10;55,-21,-8;56,-19,-34;65,-486,-328;74,462,327;84,-7,-24;85,-468,-323;90,458,316;94,16,-25;105,-253,-130;109,240,175;156,-73,-70;160,-13,-3;166,-9,-7;168,-3,2;170,-66,-79;174,-59,-16;178,-15,1;190,-119,-83;193,275,198;215,-11,-12;219,-5,2;225,-22,-19;233,134,93;253,28,30;269,-354,-268;270,-17,-20;280,-17,-9;282,-1,2;285,261,199;292,-289,-224;300,-7,-12;313,131,115;315,-11,-18;319,0,-14;333,-37,5;336,-98,-89;343,57,56;353,11,8;359,-4,-8;386,-124,-96;413,61,52;423,-11,-3;443,-15,-10
rua||joao sapateiro|ceu azul|38755000|168,-1784105,-4651403;475,7,1;597,2,11;601,-1,13;603,9,7;605,-4,9;609,1,12;613,-2,7;620,-3,113;718,-5,-157;726,3,52;727,9,5;728,-14,-25;730,4,85;734,-1,-44;736,0,8;737,8,-15;738,-5,43;740,0,22;744,-1,-5;753,11,-26;760,1,122;770,-8,7;780,8,4;790,-1,4;810,4,25;820,-3,3;830,5,13;840,-2,1;860,1,31;880,0,25;890,3,18
rua||joao xxiii|planalto|38755000|8,-1784151,-4651850;11,-18,23;12,8,-22;16,-8,4;17,4,12;20,-14,-11;21,6,9;27,-12,9;30,-6,-22;31,-5,15;32,-1,-10;41,-8,16;46,-17,-13;50,-6,1;51,11,11;56,-14,-10;61,-1,15;70,-23,-13;71,20,14;73,-26,-15;79,4,14;81,8,-2;85,-25,10;93,-12,-18;95,10,9;97,-10,2;100,-4,-16;101,-2,20;110,-8,-14;111,-4,12;115,-62,3;120,52,-14;125,-280,37;127,213,-24;133,9,-7;135,-29,7;139,-6,-2;140,20,-5;141,-19,9;145,-11,0;147,-35,7;149,-11,-2;150,67,-17;151,-84,21;161,-11,-1;163,77,-18;165,-99,28;170,23,-14;173,59,-10;175,-123,20;177,109,-8;183,5,-9;188,-6,-1;195,-11,2;200,-15,-1;215,-150,31;250,119,-20;265,-114,15;290,-53,-11;301,47,9;302,-71,-4;303,5,3;315,-23,6;350,-19,-3;555,206,-8
rua||joaquim basilio|centro|38755000|30,-1784234,-4652562;45,-66,-82;65,-17,-23;75,-5,-5;105,-7,-30;135,-12,-19;145,-2,-14;175,-8,-23;210,11,51
rua||joaquim custodio|ceu azul|38755000|10,-1783323,-4650996;15,49,-43;20,-50,53;25,39,-40;30,-7,-1;35,-3,9;40,-5,-3;45,-6,13;50,-2,-2;55,-4,8;60,-2,-2;65,-5,12;70,-2,-4;75,-10,12;80,2,-3;85,-2,3;90,-11,3;100,-3,6;105,-49,56;110,41,-47;115,-49,54;120,45,-53;130,-12,13;140,-7,7;150,-10,8;160,-5,5;170,-13,14;180,-5,8
rua||joaquim galvao|centro|38755000|425,-1783713,-4651238;435,-7,5;455,-45,4;465,-15,-2;475,-11,1
rua||joaquim galvao|ceu azul|38755000|55,-1783910,-4651239;96,413,-25;135,-21,1;245,-3,8;250,58,-12;255,-48,12;265,-952,68;285,1021,-77;287,-10,0;297,-11,-1;310,-50,3;335,16,4;350,-84,0;358,-20,-1;380,-43,4;390,-21,2;400,-7,2;430,-48,8;450,-35,-3;460,-24,4;470,-23,5;485,-26,10;490,-17,-5;495,0,6;500,-6,-3;510,-22,-3;515,14,13;530,-56,-11;545,2,15;550,-15,-12;555,8,0;560,-15,0;565,7,8;570,53,-13;585,-103,20;605,-24,2;610,-37,-6;620,-11,-1;622,-10,2;624,8,2;626,-29,1;630,-35,6;640,-9,-3;650,-1,-1;655,82,6;660,-95,-2;675,73,1;685,-11,3;690,-136,2;695,110,2;701,-8,0;705,-6,-3;715,-6,4;720,-79,-5;725,52,5;730,-57,-5;735,30,9;740,-63,-7;745,-116,27;746,100,-25;750,14,4;755,33,6;760,-55,-7;775,3,5;780,-157,20;790,114,-22;800,-16,0;804,-1,0;806,-4,1;808,-26,1;810,-18,12;812,23,-13;820,-42,5;826,-10,6;830,36,-6;835,21,9;845,-14,0;846,-54,-3;850,-10,-1;865,-16,3;871,48,4;875,-13,1;895,-26,0
rua||joaquim limiro|centro|38755000|10,-1783716,-4652250;14,-8,1;20,2,3;30,-12,18;34,-7,-6;40,8,16;44,-29,-14;50,14,24;60,-6,8;64,-55,68;70,28,-29;84,0,3;90,-16,22;100,-8,15;105,-46,35;110,38,-35;120,-45,46;125,2,0;135,1,6;140,5,11;145,-17,2;150,7,0;155,-23,14;160,9,5;162,-1,0;164,1,5;165,-10,-2;166,11,0;170,-7,2;175,-16,10;195,-22,35;200,9,1;205,-21,13;210,12,1;220,-13,15;225,-20,13;240,16,-10;250,-9,7;260,3,1;605,162,-222
rua||joaquim mariano serafim|planalto|38755000|65,-1784936,-4651449;240,21,18;300,-5,-142;310,375,22;320,-391,-40;330,0,-76;340,9,162;365,8,43
rua||jorge correa|centro|38755000|50,-1783432,-4652335;55,-4,10;66,-13,-16;70,-8,-7;75,-57,-38;85,-18,1;95,-5,-21;100,21,5;105,-27,-11;115,-10,-6;120,14,4;140,-24,-23;165,-45,-21;170,13,-6;180,-6,-4;190,-15,-14;245,-33,-31;380,-258,-202;400,-14,-12
rua||jose de alencar|centro|38755000|1,-1784059,-4651918;3,-21,2;5,-20,6;17,-17,-3;19,-16,4;25,9,-4;30,84,-19;40,-22,1;60,-24,6;70,-14,3;78,-2,1;110,-88,0;130,-22,6;136,0,0;140,-8,-7;142,-14,15;146,-4,3;150,-18,-6;160,-19,-3;170,-9,9;180,-18,4;190,-11,0;200,-18,-6;233,347,-42
rua||jose de alencar|planalto|38755000|21,-1784165,-4651903;31,-9,-1;33,-8,2;35,-8,-2;37,-10,2;45,-8,0;53,-19,2;55,-13,2;61,-13,0;65,1,1;75,-18,3;85,-17,-3;115,-26,4;143,-68,9;145,-106,103;155,82,-97;165,-9,-1;175,-22,2;185,-9,-4;191,-2,5;193,-5,2;195,-10,-1;205,-8,6;215,-17,-1;221,-15,-1;225,0,0;227,-15,4;235,-15,6;245,-50,-5;255,-6,4;260,163,-31;265,-185,25;266,178,-23;270,-11,-1;275,-161,31;280,148,-22;285,-163,23;295,-10,8;300,159,-34;310,-13,0;315,-159,28;320,148,-33;325,-153,33;326,151,-33;330,6,5;335,-167,28;340,146,-23;345,-159,21;346,139,-18;350,-6,-4;355,-139,24;360,89,-21;380,-14,6;390,-22,0;410,-19,3;420,-6,-2;430,-10,5;440,-9,-1;510,91,-5
rua||jose fernandes branquinho|ceu azul|38755000|20,-1783633,-4651632;30,-7,26;50,-3,27;60,-1,8;70,6,13;100,3,44;110,8,80;120,1,2;125,-2,20;135,0,18;145,5,25;170,3,3;180,2,3;380,-20,-109
rua||jose rufino de amorim|planalto|38755000|5,-1784623,-4652043;15,-2,-14;35,-1,-18;40,-14,16;75,13,-46;85,-1,-10;90,10,4;95,-8,-6;105,-6,-18;120,8,19;135,-16,-96;140,12,18;155,-14,-34;160,16,4;180,-7,-11;185,-8,-23;195,-2,-14;200,9,9;220,-1,-14;225,-12,-11;245,4,-22;250,18,0;260,2,-5;270,-16,-14;280,-1,-10
rua||justina paulina galvao|ceu azul|38755000|10,-1783836,-4650930;20,6,0;30,10,-2;34,12,-9;40,-3,8;50,11,-2;60,9,-3;70,8,-1;80,12,-1;90,2,1;100,9,-5;110,16,-1;120,9,-4;130,6,0;140,2,-1;150,11,-1;305,-106,14
rua||luciano galvao|centro|38755000|5,-1783401,-4652222;9,8,-1;10,60,44;15,-52,-35;25,4,2;51,32,30;55,0,0;65,5,7;325,87,32;327,31,-25;335,-16,18;621,-34,7;651,-65,-41;661,-2,-4;671,-20,-18;970,74,63
rua||luis coimbra|centro|38755000|5,-1783450,-4651692;20,-11,52;24,10,20;26,8,-20;28,-5,36;30,1,10;34,8,27;35,-4,-83;40,1,97;45,-1,-77;55,0,6;60,8,91;61,-8,-85;71,5,33;75,1,0;80,1,80;81,2,-50;85,-3,-30
rua||luis coimbra|ceu azul|38755000|220,-1783401,-4651178;230,-5,8;260,-13,-83;270,7,11;280,10,16;300,10,19;306,-109,126;315,62,-47;321,-11,9;325,-4,5;335,-7,4;355,-12,13;365,-10,10;375,-7,7;385,-4,3
rua||mane ricardo|centro|38755000|10,-1783294,-4651942;20,3,8;25,17,-1
rua||manoel braz|centro|38755000|8,-1784019,-4651952;10,2,-4;11,96,-164;13,9,-10;17,4,18;20,-108,147;21,94,-150;23,-12,6;25,-57,80;27,-20,28;29,66,-91;30,-66,114;31,57,-105;37,-58,72;40,4,26;44,49,-97;48,-6,3;50,-46,85;55,16,-45;58,-12,31;60,11,-11;61,8,-27;87,36,-43;97,12,-14;117,21,-35;877,11,1
rua||manoel calango|centro|38755000|10,-1783508,-4651972;20,-7,-12;30,-5,-3;40,-7,-9;50,25,14;62,-5,-3;75,-76,-50;82,58,35;112,-56,-44;122,-11,-10;131,-30,-9;132,12,-5;142,-17,-16;151,-19,2;152,10,-4;161,-20,-2;172,-3,-22;185,-49,-26;188,32,-3;192,-51,-18;202,-5,-10;207,2,14;209,-1,2;211,-2,-5;212,-19,-24;215,10,21;221,-12,-6;222,-29,-11;224,-3,-23;232,-1,-21;240,-27,-3;246,1,2;248,9,6;252,-13,-10;262,-15,-9;272,-14,-12
rua||manoel carlos moreira|centro|38755000|7,-1783416,-4652211;11,-10,11;12,-32,29;15,-35,46;17,38,-32;18,-44,41;19,35,-32;21,-3,8;22,30,-48;28,-83,101;29,75,-96;30,-87,109;31,18,-1;33,-7,9;37,74,-115;40,-93,119;41,4,12;45,33,6;50,-43,-6;51,10,5;60,-41,38;61,26,-23;66,107,-144;70,-139,169;81,10,8;91,-9,9;97,-17,30;99,15,-22;100,-17,9;101,10,-1;110,-28,22;141,-20,41;151,-5,1;165,118,-166;171,-142,209;210,230,-330;230,26,-37;235,59,-72;240,-124,173;242,82,-121;250,51,-71;262,-24,31;302,43,-57;310,6,-15;851,-179,270;861,-13,-5
rua||manoel pereira da costa|centro|38755000|5,-1784148,-4652269;8,-3,3
rua||manoel pereira da costa|planalto|38755000|10,-1784212,-4652264;38,23,1;65,-17,-7;80,-22,9;85,-6,1;90,-10,2;94,-7,5;95,0,-9;104,-170,34;105,158,-33;114,-173,23;115,163,-20;121,-102,3;124,-70,23;125,155,-22;127,-131,9;129,-15,1;131,22,0;134,53,14;135,62,-30;137,-90,12;138,-78,17;139,143,-19;141,-19,-4;143,13,2;144,-60,13;148,124,-13;154,-221,26;155,15,-14;162,176,-11;164,-46,8;166,0,23;170,33,-28;174,-85,11;184,-52,7;185,-71,-7;195,-4,5;197,-17,0;201,-16,7;205,-5,2;215,-13,-7;250,69,4;270,-45,10;280,-9,-3
rua||marcilio galvao|ceu azul|38755000|5,-1783354,-4651081;10,3,-12;15,-10,23;20,-4,-8;25,2,9;30,-4,-7;35,-10,18;40,-2,-7;45,-4,11;50,-16,2;55,-11,24;60,13,-20;65,-27,33;70,21,-29;75,-29,38;80,21,-34;85,-27,40;90,22,-27;95,-26,38;100,18,-34;110,-8,5;120,-5,9;130,-5,5;320,-11,18
rua||maria antonia da silva|planalto|38755000|10,-1784815,-4652019;30,1,-23;40,1,-10;50,0,-10;90,-5,-41;135,-19,-75;140,17,-3;145,-17,3;160,9,-22;170,3,-1;190,-1,-25;210,-11,-22
rua||maria helena moreira|planalto|38755000|15,-1784870,-4652016;25,-1,-17;55,-2,-25;610,8,60
rua||miguel ferreira de lima|planalto|38755000|8,-1784762,-4652017;10,4,-19;30,-6,-5;55,-11,-21;65,-3,-11;70,14,-1;80,-5,-20;85,-14,-62;95,4,52;150,-3,-115;160,-2,-17;170,2,-14;195,-2,10;205,-7,4;235,-2,-21;240,3,-56;245,-3,44;265,-2,-17;270,0,-66;275,2,54;280,-5,-60;295,-2,45
rua||miguel machado|planalto|38755000|4,-1784255,-4652403;6,-7,-3;15,29,9;16,-41,-1;25,39,1;26,-46,-2;35,17,3;36,-28,-5;41,8,7;45,1,-2;46,-25,-3;47,12,10;50,-24,-8;55,-11,10;56,-4,-8;66,-14,-1;73,3,10;75,-16,3;76,7,-11;80,-66,16;86,43,-17;87,-47,20;90,40,-19;91,-42,27;92,4,-21;95,-10,20;96,1,-15;105,-20,9;115,-6,1;117,-14,-3;125,-18,6;133,-9,-2;136,7,-6;139,-9,8;146,3,-11;149,-24,13;150,13,-10;160,-6,0;161,2,9;165,-29,1;170,3,-7;175,15,9;190,-34,-5
rua||miguel rodrigues galvao|planalto|38755000|5,-1784670,-4652030;10,9,-2;30,-2,-20;40,-2,-12;45,-17,-4;50,14,1;55,-12,-12;80,11,2;85,-13,-12;87,2,-29;100,9,-5;105,-9,-3;130,3,-66;135,-9,4;140,8,-17;145,-7,13;155,-2,-27;160,7,-1;195,-13,-24;220,9,-32;235,-9,-13;240,8,-14;265,-13,-14;290,7,-39;295,-10,11;305,-1,-7;335,-1,-39
rua||olegario rodrigues frois|planalto|38755000|20,-1784718,-4652024;35,-6,-17;40,3,-21;45,-3,13;50,9,-29;60,-5,12;65,-1,4;110,-20,-190;175,3,41;180,7,13;225,-12,-65;255,-4,-30;300,4,-39;310,1,-17;311,-10,4;315,-4,-42;317,3,30;320,11,21;325,-14,-29;345,-1,-9;350,12,8;360,-3,-13;390,5,-26
rua||olimpio cabeca|ceu azul|38755000|98,-1783478,-4651184;195,1,-48;197,1,10;200,-10,-21;240,3,45;250,0,23;260,-7,12;270,7,-60;272,0,65;288,-3,22;290,-2,20;300,0,-9
rua||olimpio pacau|ceu azul|38755000|5,-1783298,-4651070;15,-20,11;20,-5,4;25,4,0;30,-16,15;35,9,-7;40,-16,9;45,9,0;50,-10,2;55,3,5;60,-16,8;65,6,-1;75,-6,4;80,-27,22;85,23,-17;90,-36,32;95,33,-26;100,-39,31;105,29,-24;110,-37,28;115,28,-19;120,-34,29;125,25,-21;130,-34,24;135,28,-21;140,-32,27;145,25,-23;155,-4,10;165,-8,12;175,-31,24
rua||olinto borges|centro|38755000|12,-1783897,-4652232;17,-25,-32;20,2,26;30,3,-12;34,-5,-2;36,-2,-15;37,4,5;39,-14,-8;40,1,8;47,7,0;49,-4,-8;50,-11,5;53,6,-9;57,-11,-3;60,3,6;80,-31,-24;87,-8,-15;88,8,6;91,-20,-11;93,4,-1;96,-18,9;97,6,-18;100,-2,8;102,-18,-2;128,-27,-35;130,-6,-12;134,-12,0;140,5,-4;150,-10,-8;160,-22,-1;167,22,-3;170,-36,-19;180,-1,-3;187,23,7;191,2,-19;197,-13,12;207,-16,-6;213,1,-11;217,32,28;227,-59,-37;237,-11,-5;247,-14,6;260,-52,-38;287,17,6
rua||osorio maia|centro|38755000|5,-1783831,-4652274;15,6,-12;30,-25,34;40,-13,4;45,103,-127;50,-134,159;60,0,23;70,-8,7;80,84,-114;90,8,-12;100,20,-30;110,21,-25;120,8,-15;126,4,-3;140,17,-29;146,6,-10;150,2,-8;160,13,-8;190,153,-89;220,-85,-1;230,-34,37;240,8,-7
rua||osvaldo carvalho rocha|ceu azul|38755000|45,-1783543,-4651570
rua||osvaldo cruz|ceu azul|38755000|12,-1784243,-4651390;18,3,14;20,3,11;24,-6,18;25,18,-19;26,-16,13;28,0,8;30,-1,12;35,9,-20;36,-2,52;38,3,-3;40,-1,16;45,7,-48;55,-2,14;65,6,17;73,-2,16;75,-3,-7;80,-16,18;85,23,-3;90,-11,20;95,9,17;105,0,6;110,-10,-4;111,14,14;115,-5,9;120,-7,-7;121,7,12;125,9,54
rua||osvaldo vieira magalhaes|centro|38755000|15,-1783786,-4650989;25,7,5;35,7,3;45,8,6;55,14,-1;65,9,0;75,11,6;85,7,-2;95,10,4;105,5,2;115,15,1;125,6,4;135,5,2
rua||paracatu|ceu azul|38755000|148,-1783516,-4651344;164,18,33;165,16,10;170,-6,-6;180,0,2;186,0,14
rua||paulo moreira|centro|38755000|10,-1783838,-4652288;15,-10,29;20,-43,-60;25,27,38;30,2,-27;36,-21,-10;38,-2,-7;47,17,26;53,-13,-11;55,-15,-7;56,61,35;59,-54,-44;79,-39,-33;93,-8,3;94,-15,-7;97,28,7;99,-12,-13;109,-21,-16;119,-5,0;125,-15,-16;129,-14,-11;139,-1,-6;157,-44,-21;165,-4,-6;167,-11,-9;179,-7,-10;183,-8,2;185,-3,-3;187,-16,2;209,13,-19;215,-24,13;217,2,-15;229,14,-25;235,-30,13;245,-10,-11;255,-15,-9
rua||pedro alvares cabral|centro|38755000|40,-1784103,-4652290;50,6,4;55,11,37;56,-4,-36;60,1,12;62,6,9;70,-4,16;80,4,18;105,17,20;110,-6,34;113,8,-13;120,-23,-34;131,27,47;135,13,32;140,-27,-46;146,12,29;150,4,12;154,2,12;155,-1,-40;165,28,23
rua||placidio lino da silva|centro|38755000|147,-1784117,-4652518;191,-43,9;193,-18,-1;230,37,-27;239,5,7;275,-17,5;284,-29,8;294,-17,5
rua||placidio lino da silva|planalto|38755000|12,-1784325,-4652474;16,-14,5;21,-40,16;23,69,-8;26,-42,-6;35,32,10;36,-37,-6;41,7,8;45,-9,-2;48,-16,-7;58,-13,1;75,26,9;108,-124,0;110,-12,6;115,44,7;135,-19,2;140,-51,-6;165,11,5;185,-28,2;191,-1,-1;195,-13,0;1067,263,-26
rua||raimundo vieira|centro|38755000|5,-1783285,-4651976;8,-189,241;10,4,-9;35,0,-12;40,61,-30;45,-57,36;64,-10,20;65,-2,-14;80,138,-164;90,14,-19;100,9,-8;130,32,-45;150,16,-21;155,-41,47;225,-1,-5
rua||rotary clube|centro|38755000|24,-1783233,-4651953;40,-1,7
rua||salvador moreira da silva|centro|38755000|55,-1784398,-4652745;60,65,-59;65,-61,53;95,22,-26;135,20,-19
rua||salvino braz de lima|centro|38755000|20,-1783314,-4652413;25,-22,-4;50,-10,-23;68,-18,-16;70,-9,-7;105,-76,-55;380,-374,-322;400,-55,-28
rua||santinho firmino|ceu azul|38755000|1,-1783362,-4651126;3,3,5;5,59,49;10,-69,-38;15,31,11;25,17,3;35,3,-1;45,9,11;55,3,2;65,12,4;75,4,3;85,11,-2
rua||tiradentes|centro|38755000|230,-1783746,-4651162
rua||tiradentes|ceu azul|38755000|85,-1783745,-4651410;155,6,123;160,-19,-19;165,23,8;175,-15,-18;178,-10,30
rua||toinzinho professor|centro|38755000|60,-1783220,-4652019;90,21,17;130,33,29
rua||valdemar leles ferreira|centro|38755000|35,-1783389,-4652373;40,9,-2;45,-18,-7;60,-7,-14;75,-26,-12;80,-23,-31;90,-4,2;100,-10,-14;115,-38,-14
rua||valdivina maria rodrigues|centro|38755000|4,-1783379,-4652120;6,-13,-7;8,-14,-16;10,-7,-5;15,37,36;16,-53,-46;18,-10,-7;19,33,28;20,-72,-41;25,51,29;27,-8,2;29,-47,-28;30,-6,-26;31,34,42;33,13,9;40,-66,-54;42,-14,-14;44,-9,-10;47,-18,7;50,11,-7;51,-8,7;53,13,7;60,-14,-22;70,-9,-7;75,9,21;85,-6,-10;95,-57,-40;105,2,-3;125,-30,-21;130,-140,-121;135,122,97;145,-7,7;150,52,13;160,-106,-58;170,6,-5;175,25,35;185,-3,-14;205,-11,-3;225,-35,-18;235,6,-3;241,-40,-36;245,-9,-8;252,8,-24;254,-13,9;255,-5,5;260,-20,-26;264,2,-2;265,10,19;274,-53,-47;285,31,35;335,-65,-54;337,7,11;340,-66,-61;344,9,2;405,-85,-57;415,3,1;690,644,483;731,-25,-9
rua||veredas|centro|38755000|3,-1784139,-4652413;5,0,13;8,2,22;15,-8,-11
rua||vicente moreira|centro|38755000|23,-1784179,-4652308;25,3,19;33,-1,3;83,6,27;95,-1,32;113,2,23;118,4,102;123,0,-71;128,-1,77;133,1,-72;173,0,74;183,1,12;208,3,40;209,6,24;213,2,17;220,-7,-22;230,9,15;233,5,40;247,-1,14;258,-3,-2;268,-9,12
rua||vicente moreira|planalto|38755000|12,-1784198,-4652377;18,8,70;28,0,14;48,4,50;58,5,20;68,1,6;78,3,11;148,-4,40;168,0,24;284,29,262;288,0,11;290,-18,2;295,31,5
rua||vital brasil|planalto|38755000|5,-1784174,-4651478;10,-56,7;25,-2,5;38,-125,6;40,-3,-8;45,95,1;46,-102,-9;49,85,8;50,-90,4;51,24,3;54,-32,-9;55,49,12;60,-57,-9;65,31,3;70,-52,2;71,45,3;75,-17,1;80,-36,-3;90,-16,1;100,-11,-10;105,38,16;110,-52,-3;115,42,1;123,-4,4;125,-13,6;127,-3,2;129,-10,-11;130,-96,-5;133,167,49;135,-90,-39;144,-96,0;153,0,9;155,4,-1;160,-21,-9;165,181,-5;167,-171,15;170,-26,-9;171,21,7;175,-9,3;176,-27,-8;179,20,10;180,-22,-7;185,15,10;186,-24,-34;188,-2,5;189,22,26;190,-28,-7;195,15,7;202,-33,-3;205,24,-1;215,-20,11;220,-15,-12;222,-21,3;240,-13,0;242,-58,9;250,-7,-4;260,-36,11;290,-18,-3;300,-16,-13;308,-7,14;310,5,0;320,193,-17;326,-233,19;330,-12,-4;340,-23,8;363,210,-15;365,16,1;375,21,-2;385,0,0;393,-23,2;405,-26,9;425,-57,3;435,-6,5;440,294,-49;445,-314,52;450,238,-46;451,-260,34;455,9,9;465,-3,-5;715,271,-25
sitio||barreiro do campo|lagoa grande|38755000|6,-1782530,-4651611
sitio||cais|lagoa grande|38755000|44,-1781796,-4649633
travessa||b|ceu azul|38755000|10,-1783773,-4650972;20,-2,19
