arroio||dos buracos|arroio dos buracos|39360000|2,-1698604,-4455565;30,1163,4802
avenida|presidente|medice|centro|39360000|14,-1698204,-4457556;100,-38,-51;112,2,-6;121,-33,-13;123,6,0;137,-17,-19;141,-2,1;146,33,-14;147,12,14;152,-21,-25;215,-55,-23;216,3,-39;218,-25,-40;225,15,71;226,25,-34;235,-37,13;260,35,-16;288,-68,-88;318,-17,-17;326,-21,-45;334,-12,-12;342,-4,-13
avenida|presidente|medice|cidade nova|39360000|31,-1698826,-4458576;159,96,190;169,-13,-18;179,1,-3;189,5,1;199,-16,-10;209,-10,-4;213,233,329;217,16,19;219,-251,-373;229,4,5;239,-14,-5;249,-9,-9;259,-2,-14;269,-3,-7;279,-13,-8;289,2,-4;293,4,-7;309,1,-10;319,-34,-39;329,12,22;339,-13,-9;349,-3,-2;359,2,-12;369,-6,-8;379,-5,-8;389,-2,-13;399,-11,-12;409,-4,-11;415,-128,-222;429,130,220;439,-12,-1;449,-6,-19;466,411,648;469,-410,-650;478,404,640;479,-412,-667;488,404,655;489,-406,-661;498,392,653;499,-399,-654;508,385,604;509,-384,-614;514,369,604;529,-378,-610;539,-7,-18;549,-2,-4;559,-8,-7;569,-4,-4;579,0,-13;589,-11,-6;599,-1,-8;606,373,605;609,-379,-611;616,372,603;626,-14,-17;629,-366,-580;639,-4,-25;649,-8,-2;660,373,589;668,-2,-6;674,-9,-8;684,64,104;690,-67,-115;698,-5,-6;704,-10,-5;718,1,-7;720,0,-7;1032,-46,-73;1043,7,47;1047,-1,-8;1055,-37,-55;1059,-6,-15;1062,14,3;1063,-23,13;1072,18,-21;1082,-3,-9;1089,-18,-12;1100,11,-47;1121,-14,41;1123,-22,-25;1200,-27,-70;1220,-50,-87;1230,-15,-29
avenida|presidente|medice|independencia|39360000|76,-1698123,-4457411
avenida|presidente|medice|novo horizonte|39360000|301,-1698428,-4457884;303,-20,-36;311,16,30;313,-11,-14
avenida|presidente|medice|santo andre|39360000|401,-1698485,-4457974;413,-12,-17;419,8,7;475,-90,-147;553,26,47;593,-22,-36;595,53,84;615,-10,-19;627,-58,-87;641,-13,-21;665,58,94
avenida|presidente|medice|vila branca|39360000|5,-1698218,-4457542;15,-5,-11;81,-29,-53;93,2,28
avenida||joaquim rodrigues|cidade nova|39360000|7,-1698802,-4458596;81,105,145;93,15,-21;307,-47,-39;309,-9,-12;375,-15,-22;385,-32,-41
comunidade||angical|comunidade anjical|39360000|1,-1708354,-4460491;2,-637,-184;3,7010,-2895;4,-7453,1942;6,1546,524;7,4101,-2341;8,-2090,2125;9,-884,-658;10,-380,-820;101,-1217,2310
comunidade||barreiro do mato|barreiro do mato|39360000|7,-1707270,-4465870;10,-444,-302;12,-317,-1571;13,2310,3897;15,-1922,-784
comunidade||boa vista|comunidade boa vista|39360000|8,-1698785,-4464863;10,266,596;11,180,336
comunidade||bonssucesso|bonsucesso|39360000|2,-1692730,-4458847;3,1470,1531;5,-236,-1158;7,530,95;10,212,-157;11,25,2;12,134,-82;15,885,1308;17,-986,-1425;18,1209,836;19,656,-302;20,784,-20
comunidade||buritizinho|buritizinho|39360000|4,-1696465,-4469780;5,65,274;6,210,28;7,122,-580
comunidade||caicara|caicara|39360000|3,-1695208,-4463285;4,639,-269;7,-506,-855;9,675,-1065;12,-1288,1369;19,270,761
comunidade||cocal|comunidade cocal|39360000|1,-1696976,-4468340;2,1285,838;3,-750,918;5,-595,-16;6,2428,42;7,-170,-23;8,-292,-1450;9,-89,-369;10,-78,-127;12,-858,889;15,-40,90;23,610,176
comunidade||do sumidouro|sumidouro ou sussuapara|39360000|1,-1690272,-4454472;2,-978,500;3,255,-443;4,-946,-1125;5,15,1139;8,-755,-11;9,-902,96;11,1977,407
comunidade||dos bois|comunidade dos bois|39360000|1,-1690999,-4457387;2,42,468;3,756,140;4,506,764;19,-1217,-952
comunidade||fumaca|comunidade fumaca|39360000|6,-1696649,-4474358;7,-415,262;9,530,-59;10,14,222;11,467,312;12,101,-59;15,157,673;17,21,39;19,-156,417;20,298,171
comunidade||goiabeiras|comunidade goiabeira|39360000|6,-1712631,-4468107;7,1350,-1273;10,1351,827;14,-2995,363;24,1762,-1122;27,-70,36;28,-92,38;36,-420,24;40,-219,-140;44,-435,-746;45,157,-90;46,92,-207;47,119,-34;48,131,123;49,172,-75;51,62,49;54,163,137;56,85,-66;58,229,-99;230,-18,962;383,-567,143
comunidade||goiabeira|comunidade goiabeira|39360000|1,-1711217,-4470352;2,-196,95;3,-62,70;13,555,1169;14,-7,-152;17,53,-30;24,-288,-115;26,-173,-214;27,104,253;35,-438,3;38,-105,16;40,-190,-97;41,37,-175;45,-221,-627;50,452,-231;51,-5,9;58,-200,71;61,-130,-120;69,-299,887;72,-50,-547
comunidade||jacare|jacare|39360000|2,-1691473,-4460567;4,-838,2421;5,-3183,3584;8,81,-1940;10,2273,-1345;11,1382,-983;12,-4160,1744;13,5154,-2275;21,-2138,958
comunidade||pindaiba|comunidade pindaiba|39360000|7,-1702169,-4464625;8,109,-60;9,695,-167
comunidade||pindaiba|pindaiba|39360000|6,-1700978,-4464902;12,209,-141;16,-486,167;17,4,-21;18,-119,-117;19,473,558;20,-273,-796;23,228,-210;24,-186,87;26,-374,-558
comunidade||rabeca|rabeca|39360000|1,-1705856,-4475543;3,-1364,678;4,-585,198;12,318,-503;14,77,89;16,-55,-209;66,-487,-114;67,-9,-6
comunidade||tesoura|comunidade tesoura|39360000|1,-1702356,-4458369;2,-316,105;3,-101,49;6,98,154;7,167,99;9,-263,40;11,-80,68;13,62,12;15,55,2;20,-292,-110;23,-186,-194;26,-98,-74;27,-40,21;28,-23,-215;36,-376,66;40,-696,-1632;102,1887,1603;465,-806,130
estrada||lagoa dos patos a montes claro|fazenda|39360000|12,-1698273,-4456122;15,-13,313;17,-286,777;25,-122,-503;39,74,367
estrada||lagoa dos patos bom su|centro|39360000|37,-1697917,-4457905
estrada||lagoa dos patos ibiai|pedra preta|39360000|4,-1699266,-4459992
estrada||saida para comunidade do barro|comunidade cocal|39360000|2,-1696661,-4468014;94,5,-48
fazenda|santa|clara|comunidade goiabeira|39360000|6,-1709193,-4465493
fazenda|santa|rita|santa rita|39360000|1,-1695744,-4450560;2,-629,-511;4,-400,-198;19,445,177;38,617,485
fazenda|sao|lourenco|sao lourenco|39360000|13,-1697345,-4462819
fazenda||aeroporto|fazenda aeroporto|39360000|4,-1699266,-4459992
fazenda||angical|barreiro do mato|39360000|13,-1705863,-4464194
fazenda||angical|comunidade anjical|39360000|3,-1707888,-4461108;4,-152,109;15,394,-3643;37,2907,862
fazenda||baixa do rego|baixa do rego|39360000|1,-1694412,-4452196
fazenda||baluarte|baluarte|39360000|3,-1703465,-4479255;4,1646,-1314;6,123,-179;8,20,-12;12,614,-565;15,-233,202;17,-650,610;18,740,-304;19,-8,2
fazenda||barragem|fazenda barragem|39360000|10,-1697435,-4456479
fazenda||barreiro do mato|barreiro do mato|39360000|4,-1709519,-4461589;7,2248,-4281;9,230,-130
fazenda||barreiro do mato|fazenda santa clara|39360000|5,-1710213,-4465322
fazenda||barreiro do mato|riacho fundo|39360000|7,-1707649,-4458861
fazenda||beleza|fazenda beleza|39360000|7,-1688222,-4457093;20,0,0
fazenda||boqueirao|boqueirao|39360000|1,-1699163,-4474434;4,-369,3911;5,570,-2673;6,58,2432;7,-766,-2491;8,-103,364;9,944,3165;10,-287,-5996;11,-593,4332;12,-236,-997;13,471,1090;14,-149,147;15,-2,-2518;18,21,2638;21,619,1439
fazenda||buritizal|comunidade buritizal|39360000|1,-1698518,-4465866;2,-137,13;3,131,43;4,-9,449;5,-2,27;6,77,295
fazenda||cachoeira|comunidade cachoeira|39360000|21,-1695017,-4472137;24,346,461;25,-325,-600;27,0,0
fazenda||caicara|caicara|39360000|2,-1712081,-4462859
fazenda||campo alegre|campo alegre|39360000|301,-1695482,-4460880
fazenda||cascalho|fazenda casalho|39360000|1,-1694859,-4453012
fazenda||cascalho|fazenda cascalho|39360000|1,-1694872,-4452991
fazenda||colorado|fazenda colorado|39360000|14,-1712688,-4467083
fazenda||comodoro|fazenda|39360000|4,-1711519,-4466568
fazenda||fivela|comunidade fivela|39360000|1,-1697010,-4461117;2,-718,-219;3,628,426;4,-1198,613;5,2470,-2174;6,-1997,2716;7,-31,-1092;8,20,2064;11,440,339;25,1152,-3866
fazenda||goiabeira|comunidade goiabeira|39360000|5,-1712930,-4468180;6,234,55;7,225,58;8,1333,-395;18,256,-790;20,-126,-213;22,-27,52;26,-276,35;28,-14,141;29,-80,3;30,-112,-43;32,-88,-2;33,87,80;34,-137,-55;49,-67,-1122
fazenda||lagoao|lagoao|39360000|2,-1707346,-4473353
fazenda||mocambo 1|mocambo|39360000|7,-1710894,-4462287;9,-1197,-570;11,-10,2;13,-27,259;14,-93,-87;15,287,-2361
fazenda||mocambo|mocambo|39360000|1,-1706338,-4458065;2,5513,-3661;4,-3068,51;5,-4295,-1719;6,2541,4108;7,106,-1423;8,1919,-547;9,2316,-1655;10,171,-538;11,-2,879;18,721,2205;261,-1168,-1783
fazenda||morro do frade|morro do frade|39360000|11,-1700427,-4462366;12,45,-315
fazenda||oliveira|fazenda oliveira|39360000|3,-1707665,-4458884
fazenda||pedra preta|pedra preta|39360000|3,-1699484,-4460792
fazenda||pedrinhas|pedrinhas|39360000|1,-1698604,-4455565
fazenda||picada|comunidade picada|39360000|2,-1696538,-4471758;4,-311,-129;6,-11,33;7,1218,1980;8,-20,34;11,-225,-1143
fazenda||piedade|fazenda piedade|39360000|2,-1699760,-4459544
fazenda||pindaiba|pindaiba|39360000|5,-1700570,-4461539;10,-681,-3358;12,835,2176;13,-839,-2155;15,13,-404;16,72,28;17,239,-204;18,-154,208;20,164,-115;21,-19,-100;22,-212,87;47,-118,33
fazenda||porteiras|porteiras|39360000|31,-1701592,-4467562
fazenda||porteiras|porteira|39360000|1,-1705505,-4467640;4,886,447;6,-160,-410;9,15,-14
fazenda||porteira|comunidade pindaiba|39360000|1,-1701475,-4461393
fazenda||porteira|porteira|39360000|1,-1705290,-4467962;10,3810,-1366;17,815,5409;23,-4373,-5880;24,2915,3683;29,531,-1446
fazenda||riachinho|riachinho|39360000|3,-1705678,-4476410;4,-349,465;6,1099,-872;7,-1270,892;8,438,-608;9,458,-383;10,-192,155;11,29,133;12,-155,34;13,171,-194;14,112,68;15,449,18;16,-423,-233;17,18,16;23,-1069,1345
fazenda||rio das pedras|rio das pedras|39360000|4,-1706769,-4457662;5,-601,-162
fazenda||soledade|soledade|39360000|14,-1700627,-4463527
fazenda||sucuri|sucruiu|39360000|27,-1701506,-4469312;32,-737,625
fazenda||sucuri|sucuriu|39360000|2,-1707343,-4473358;3,413,1067;5,-265,581;6,-220,388;7,-186,325;8,1153,1719;22,1388,-426
fazenda||tesoura|comunidade tesoura|39360000|1,-1702361,-4458364;2,-2452,877;3,2031,-670;6,-344,118;7,602,35;9,-243,77;11,-81,71;12,172,-405;13,-120,425;14,42,-7;27,-599,-355;45,-170,-403;100,-282,509;465,446,-159;810,76,45
fazenda||vale da lua|retiro|39360000|13,-1705674,-4457919
praca|sao|jose|centro|39360000|3,-1698031,-4457915;5,0,-5;37,-5,8;152,17,-20
praca||da matriz|comunidade cocal|39360000|11,-1696644,-4467922;32,-7,-8;90,-17,-34;100,-10,15;200,-11,28;240,0,0;250,-7,12;300,2,21;350,21,5;420,25,11;480,13,14
praca||trinta e um de marco|centro|39360000|2,-1698164,-4457963;16,1,-18;28,0,-1;31,-21,11;35,-10,-8;37,-7,-5;44,47,-15;47,-53,6;63,-12,-8;75,-4,-3;111,71,-33;117,-7,-4;148,-38,-11;169,27,2;181,-11,-9
rodovia||ibiai a pirapora|rabeca|39360000|4,-1707408,-4475078;13,-116,-78;15,197,134
rua|coronel|aristides batista|centro|39360000|12,-1698179,-4457956;17,24,12;28,-3,-4;33,7,10;38,-3,1;47,5,2;48,-1,3;51,4,1;60,1,14;63,7,-3;64,0,11;73,8,1;74,-2,2;77,8,6;89,0,5;103,5,7;115,8,11;120,-7,7;160,17,28;161,3,-15;213,31,51;223,1,6;235,8,12;241,-2,2;242,-5,5;245,20,29;247,-6,-29;248,65,107;250,-8,-15;256,-59,-75;259,6,-6;269,8,10;281,-1,7;282,10,15;290,-10,0;295,10,3;300,2,17;324,13,8;340,8,17;344,6,8;361,30,40;364,-27,-30;365,17,1;368,-8,13;372,2,5;378,10,13;379,3,-14;408,3,25
rua|coronel|aristides batista|independencia|39360000|455,-1697898,-4457538
rua|dom|pedro ii|centro|39360000|8,-1698184,-4457959;10,-12,28;12,-4,4;14,-2,3;23,15,-10;28,-18,14;37,-9,36;38,23,-36
rua|dona|duxa|centro|39360000|3,-1698190,-4458114;4,-8,-5;8,-12,11;19,-13,16;20,-7,-9;34,-4,4;36,-17,11;38,-2,3;39,21,-4;41,-4,6;42,-16,7;45,11,-1;47,-49,22;52,-6,7;55,-18,2;107,-89,70;109,54,-41;113,-20,17;121,13,-5;143,-39,23;145,-30,20;147,-8,9;155,132,-95;161,-140,93
rua|dona|duxa|cidade nova|39360000|44,-1698277,-4458066;48,-15,3;82,-35,28;92,-10,6;100,-15,11;128,-8,2;136,-55,37;140,41,-25;146,-59,37;152,100,-67;162,-108,70;262,60,-26;282,-24,5
rua|dona|duxa|novo horizonte|39360000|265,-1698497,-4457914;275,-6,4;285,-6,6;297,-13,12;305,-11,2;309,-26,10;330,-16,17;335,-8,6;347,-12,10;379,-5,0;385,-1,6;391,-10,-3;401,-6,10;403,-14,8;411,-4,2;415,-2,3;427,-10,3
rua|dona|duxa|santo andre|39360000|200,-1698464,-4457940;232,-20,8;234,-12,10;254,-14,5;260,-12,3;282,-2,8;312,-32,18;328,-28,15;338,6,5;348,-13,0;354,-4,7;366,-8,6;394,-11,8;404,-9,6;419,-2,1;428,-8,7
rua|dona|guiomar|centro|39360000|17,-1698097,-4457657;35,-150,-243;53,102,250;56,-121,-326;66,153,284;70,-10,-14;77,-28,53;78,28,-64;87,-17,1;88,12,-3;89,-6,3;90,-10,-13;92,-14,-18;96,30,28;97,1,21;107,-84,-138;160,56,60;186,-21,-21;200,-4,-8;230,-9,-18;280,-26,-34;295,30,49;312,-51,-92;316,-6,-7;337,-4,-5;338,-2,-3;339,-6,4;340,0,-11;351,-21,-18;358,-13,-33;364,-11,-19;370,36,57;375,-21,-49;376,-17,-17;391,0,-15;412,-17,-6
rua|dona|guiomar|cidade nova|39360000|14,-1698375,-4458123;247,-27,-51;275,10,20;481,68,103;485,-8,-9;488,-14,-9;492,9,-3;500,-5,-3;501,-10,-5;504,-4,-15;622,31,46;625,-68,-98;687,-5,-12;731,-34,-57
rua|dona|guiomar|independencia|39360000|1,-1698020,-4457538;3,-2,0;5,-6,-9;7,-2,-10;135,8,148
rua|dona|maria joaquina|cidade nova|39360000|31,-1698310,-4458143;38,3,11;43,15,-23;48,-5,15;54,9,-5;55,0,-13;56,4,10;61,3,-14;62,4,10;80,6,-4;134,-38,26;239,52,-50
rua|doutor|jk oliveira|cidade nova|39360000|13,-1698373,-4458089;14,-10,-5;16,-11,8;17,9,4;23,-6,5;33,-9,5;40,-9,-5;46,-5,2;60,-18,12;63,-12,18;80,-6,-8;94,-2,1;95,-3,16;108,-19,0;111,7,6;130,-16,0
rua|doutor|jk oliveira|santo andre|39360000|206,-1698529,-4458003;209,-5,15;215,-5,4;218,-3,-12;230,-2,4;233,-11,18;242,-2,-11;251,-4,16;252,-5,-11;263,-7,19;266,-3,-13;332,-61,42;333,13,1;335,0,3;337,-5,1;339,-5,3;346,-12,3;348,-1,-1;352,-7,4;356,-4,3;364,69,-34;365,-64,36;371,-15,27;418,50,-51;502,22,-23;585,86,-54
rua|duque|de caxias|cidade nova|39360000|13,-1698472,-4458257;29,-16,-7;33,-40,-27;39,-22,-18;49,-5,-6;135,-8,-13;175,-25,-19;185,-8,-7;195,-3,-4;205,-8,-5;215,-2,-12;225,-5,-4;235,-11,-13;245,-4,-2;255,-7,-10;265,-5,-4;275,-6,-8
rua|santa|efigenia|cidade nova|39360000|17,-1698551,-4458351;26,88,-60;55,-29,27;63,-7,4;93,-23,22;109,-16,12;115,-8,2;165,-37,17;167,12,3;177,-21,9;180,-5,-5;187,-6,19;190,-2,-12;200,-20,12;212,-26,13;430,187,-114
rua|santa|efigenia|santo andre|39360000|238,-1698680,-4458267;244,-8,6;245,0,11;255,-11,12;265,-5,8;268,-7,-26
rua|santo|antonio|centro|39360000|79,-1698084,-4457976;83,-36,-16;91,34,12;109,25,14;115,5,6;139,20,12;151,14,7;165,9,-2;175,13,15;199,7,1;200,7,8;209,16,1;220,37,19;232,0,12;234,17,9;237,7,3;251,14,9;261,-18,-18;271,9,6;275,18,15;281,-5,-7;286,9,20
rua|sao|jose|centro|39360000|23,-1698143,-4457884;35,-13,7;45,-2,-3;50,-8,8;60,-8,7;63,-9,4;70,-10,-3;125,-28,37;135,-6,5;136,-23,-6;145,14,10;157,-10,9;158,-5,-16;168,-7,7;180,-1,15;190,-20,-1;195,9,10;203,-13,7;217,-10,12
rua|sao|jose|novo horizonte|39360000|447,-1698501,-4457657;450,34,-15;478,-30,10;486,-3,12;496,-11,1
rua|sao|jose|vila branca|39360000|81,-1698486,-4457654;287,131,-84;307,-23,16;315,1,2;333,-36,16;345,-2,6;393,-20,11;453,-31,16;463,-8,10;467,-3,4;481,-9,-4;487,-17,19;493,-1,5
rua|sao|pedro|centro|39360000|10,-1698067,-4458046;20,0,20;21,1,120;32,-2,-113;44,0,9;59,6,5;63,-1,11;65,0,8;69,-10,113;118,-2,-75;137,5,67;144,-7,-43;155,-6,61;158,6,-49;174,-2,33
rua||alto bizorrete|centro|39360000|16,-1697898,-4457937;20,-14,9;27,34,-19;37,-45,29;49,-20,13;50,24,-32;54,-9,7;58,-8,6;70,45,-34;76,-4,5;79,-127,100;81,-45,3;84,166,-99;95,-136,107;109,-20,4;111,-5,7;112,-3,7;179,98,-65;182,-10,-9;184,25,-1;185,-21,13;189,-17,9;190,-4,-9;196,-109,75;197,30,-10;203,-39,31;206,0,-13;211,-30,31;213,14,-9;216,65,-50;227,-72,53;245,-59,41;260,20,-34;267,-12,23;268,2,-7;270,0,9;280,-8,-2;288,-10,-1;292,-1,3;313,-5,19;333,-30,26;334,-9,-15;337,1,14
rua||alto bizorrete|vila branca|39360000|20,-1698453,-4457594;30,-16,1;40,-5,-9;98,91,-1;372,58,-64;385,23,19;401,-29,2;402,3,-14;421,-3,17;425,-10,6;426,-7,-8;429,3,11;437,-5,3;476,-24,14;500,-1,-5;547,-47,36;550,0,-11;559,4,13;561,-5,-1;569,-8,9;694,43,-45
rua||angelo pereira|comunidade cocal|39360000|67,-1696748,-4467894;75,11,18;79,-6,-7;87,-18,10;158,28,-11
rua||aniceto pedreiro|centro|39360000|45,-1698123,-4458140;83,22,-30;90,9,-13;102,9,-10;103,9,-3
rua||anizio alves|vila branca|39360000|5,-1698268,-4457600;21,-18,16;64,-58,27;69,47,-21;70,-41,14;73,20,-11;74,-17,9;79,1,11;90,9,-15;99,3,0;100,0,-7;110,7,-2;120,5,-7;130,4,5;138,10,-7
rua||anjo pereira|comunidade cocal|39360000|21,-1696728,-4467825;22,-6,-6;25,-11,27;36,31,-43
rua||belo horizonte|cidade nova|39360000|8,-1698538,-4458487;22,-74,69;25,4,-18;32,2,12;35,1,-12;42,5,3;45,2,-9;52,1,8;55,2,-14;65,5,-2;75,1,-2;83,9,-7;95,2,-4;125,23,-19;131,-6,4;137,15,-16;141,6,-4;147,6,-9;157,18,-6;744,-42,43;774,38,-41
rua||bento cardoso|santo andre|39360000|10,-1698614,-4458143;33,-2,4;39,-7,8;55,-15,23;61,-8,8;75,-4,8;120,-12,5;131,4,12;162,-25,21;172,-7,8;173,0,6
rua||brasilia|cidade nova|39360000|29,-1698525,-4458168;30,-34,-46;129,-4,-5;139,7,8;147,-20,-29;167,-6,-5;168,-2,-21;171,-1,16;178,-10,-31;188,3,5;200,-6,-7;230,-19,-34;243,-20,-6;244,12,-6;253,-14,-8;254,9,0;259,-1,-1;262,-2,-6;267,-10,0;272,1,-7;277,-11,0;278,7,-8;290,-9,-13;293,1,11;294,-9,-22;303,1,12;308,3,-15;313,-15,0;320,7,-19
rua||b|cidade nova|39360000|19,-1698822,-4458591;51,44,-29;100,-4,6
rua||coracao de jesus|cidade nova|39360000|49,-1698245,-4458260;59,17,9;71,12,13;83,13,10;104,15,12;152,31,36;179,23,8
rua||cosme damiao|centro|39360000|6,-1698237,-4457866;13,1,12;21,-9,-5;33,-14,4;44,-6,-6;49,-63,-68;60,34,70
rua||costa e silva|cidade nova|39360000|10,-1698266,-4458290;15,-80,72;16,54,-55;18,26,-13;22,-12,6;23,-8,15;26,-11,-8;36,-1,4;87,-45,40;119,-23,16;129,-14,12;137,-72,40;141,-12,13;190,-49,29;194,167,-102;202,-192,111;213,41,-18;233,-29,19;247,-9,6;259,100,-78;321,116,-63
rua||costa e silva|santo andre|39360000|426,-1698558,-4458098;432,-14,11;435,-15,16;436,1,-11;441,-14,16;446,15,-7;451,-15,12;454,-3,-7;461,-5,10;481,-20,9;485,7,-2;499,-20,11;512,16,-10;514,-5,8;528,-15,2;543,-24,24;549,16,-11;555,-21,12;556,-5,-10;557,-1,17;558,-8,-8;561,0,8;569,-3,3
rua||c|cidade nova|39360000|20,-1698793,-4458551;32,-14,1
rua||d|cidade nova|39360000|165,-1698127,-4458205;175,15,-25;179,-22,44;185,5,-6;200,11,-27;207,-7,20;209,2,-8;211,4,-4;311,-644,-310
rua||eudoxio lafeta|centro|39360000|54,-1698145,-4458018;76,5,-8;90,6,-8;104,8,-16;113,-3,-7;114,8,-5;125,0,-7
rua||e|cidade nova|39360000|9,-1698702,-4458479;21,-25,0;22,-6,-7;33,-2,9;45,-7,5;50,-25,4;57,16,3;69,-9,-3
rua||f pereira|centro|39360000|34,-1697974,-4458051
rua||faustino maia|centro|39360000|10,-1698228,-4458040;22,-9,-5;30,-9,-6;34,-1,-1;38,-2,-7;42,-6,-4;135,25,31
rua||faustino maia|cidade nova|39360000|78,-1698278,-4458079;85,-11,3;97,-2,-11;109,-10,-8;125,-12,-6;139,-9,-4;164,-11,-22;171,-7,1;173,1,1;192,-15,-16;208,-13,-10;212,-2,-5;226,-10,-8;238,-13,-6;240,-1,-3;248,0,0
rua||fernao dias|centro|39360000|7,-1697870,-4457816;12,-7,-6;15,-1,14;17,-7,4;29,-151,97;31,-8,8;32,135,-103;33,5,10;39,-149,99;44,136,-101;45,-98,68;51,-52,37;56,20,-16;58,-30,15;59,78,-40;62,-51,23;73,117,-67;79,-151,103;83,138,-89;85,6,-6;136,-187,98;148,-8,17;152,70,-54;168,-17,18;294,-11,9;300,53,-41;305,-62,56;306,130,-92;307,-29,30;314,22,-27;315,-137,99;320,49,-48;323,53,-19;328,30,-20;331,-150,106;333,161,-113;336,-31,13;338,-9,0;350,-164,110;355,9,6;360,-18,0;361,5,14;369,-10,3;371,41,-29;376,-66,30;381,20,2;392,-21,2;393,2,7
rua||fernao dias|vila branca|39360000|516,-1698265,-4457580;518,10,5;519,-2,16;522,-8,-7;523,3,10;526,-5,-23;535,1,28;538,-28,9;542,11,-15;546,-17,4;548,8,-9;553,2,20;557,-5,10;567,-1,6;573,-8,3;575,-17,2;583,9,-6;590,12,-10;592,-33,17;594,11,-24;597,-26,55;602,29,-40;608,-12,-16
rua||floriano peixoto|centro|39360000|8,-1698037,-4457886;42,41,54;43,4,-6;54,12,29;57,-2,-8;58,-6,1;63,8,2;66,2,18;69,10,-3;86,10,27;89,2,-11;93,-6,-2;99,29,42;129,6,10;139,-2,-3;142,-16,-10;152,7,6;186,14,23;198,5,14;220,17,32
rua||francelino ribeiro|cidade nova|39360000|32,-1698526,-4458281;40,64,-3;44,-7,-8;50,-4,-12;58,-8,-16;60,-7,-14;66,-2,-8;75,-16,-13;78,9,3;88,-25,-26;200,5,-8;265,-18,-14;273,-2,-6;277,-4,-7;283,1,-1;295,-8,-12;342,-45,-91;379,-3,1;385,-4,1;456,-16,-46;794,39,73;844,-9,-14;860,-4,-8
rua||f|cidade nova|39360000|8,-1698718,-4458446;20,2,12;32,-6,4;44,-5,1;56,-9,0;105,37,-21;117,-5,6;129,-2,12;141,-9,-4;153,-10,6;165,-7,4;177,-8,4
rua||guiomar|centro|39360000|10,-1698081,-4457644;12,5,4;170,58,296
rua||g|cidade nova|39360000|325,-1698698,-4458394
rua||irineu ferreira lima|cidade nova|39360000|6,-1698649,-4458472;22,-1,14;44,4,-22;52,0,-3;62,5,-11;64,0,-6;72,3,-5;82,-1,-9;86,4,-11
rua||itatiaia|centro|39360000|6,-1697895,-4457954;10,5,-31;12,-10,3;20,-5,-6;36,-11,-2;45,-26,-3;46,17,-4;48,-18,-7;50,7,-2;77,-112,-50;95,33,18;97,42,26;105,24,14;107,-38,-16;114,30,1;115,-121,-57;118,112,71;122,-6,-14;130,-37,-16;146,23,4;148,-11,5;156,-61,-41;163,-27,-13;166,72,38;168,-53,-28;175,-31,-14;195,-42,-14;210,26,3
rua||itatiaia|cidade nova|39360000|239,-1698208,-4458147;253,-12,-14;254,-10,-9;269,-45,-37;278,-106,-107;281,98,95;285,-107,-92;297,129,117;298,-131,-129;300,99,89;302,-105,-94;303,-10,2;304,211,171;309,-105,-72;323,-116,-106;325,-4,-4;327,0,-8;330,-5,0;342,203,183;365,-214,-188;375,-6,-9;420,-13,-21;424,131,115;438,-5,-4;454,-16,-15;627,-105,-79;635,-6,-6;647,-8,-6;684,-15,-30;694,-31,-20;704,-12,-12;730,-21,-17
rua||joana darc|novo horizonte|39360000|223,-1698476,-4457731;233,14,25;237,-5,-10;241,-9,-10;277,-25,-10;293,1,-22;337,-37,-64;347,-3,-5;355,11,19;360,21,32;372,-26,-64;373,-11,2;380,2,-13;403,-9,2
rua||joana darc|santo andre|39360000|329,-1698595,-4457934;480,20,31;481,-12,0;488,1,-24;489,3,21;492,-9,-19;493,-4,8;499,7,9;509,-8,-15;512,-24,-55;513,18,44;520,-21,-51;535,0,17;545,-7,-13;561,-7,-7;562,-24,-66;572,26,50;573,-12,-1;593,-45,-70;650,13,5;662,-10,-15;668,-7,-12;682,1,5;692,-7,-15
rua||joana darc|vila branca|39360000|7,-1698360,-4457546;20,9,7;33,1,10;35,-14,-4;37,0,-7;38,2,-11;41,0,0;42,-4,-13;46,-9,-11;51,-2,17;53,-2,-19;57,-11,-14;94,3,0;123,-26,-32;132,3,-8;142,66,103;144,-71,-116;153,-11,4;162,3,-15;167,-10,-2;168,9,3;178,-8,-34;197,-11,26
rua||joaquim rodrigues|cidade nova|39360000|20,-1698803,-4458652;42,301,332;140,-44,-5;160,-19,-24;170,-17,-17;190,-8,-7;200,-9,-7;220,-10,-17;230,-4,-4;240,-3,-2;250,-15,-17;260,-2,0;270,-6,-8;280,-8,-7;290,-2,-2;300,-5,-9;313,-90,-94
rua||luiz pereira lima|comunidade cocal|39360000|3,-1696808,-4467998;50,98,47;52,-8,-9;55,7,13;151,-112,-53
rua||miguel braga|centro|39360000|8,-1698240,-4458013;15,-3,21;18,-5,-7;28,-7,2;29,3,17;36,-9,-7;82,-23,32;135,69,-89;137,-85,112;144,2,6;148,-2,6;149,90,-127;157,6,-11;173,-143,152;179,-9,2;182,-1,4;187,89,-90;189,-100,97;190,-2,6;193,25,-11;195,161,-187;199,-170,201;200,175,-191;201,3,-17;205,-179,206;208,182,-202;215,2,-12;216,-1,10;217,-197,207;222,-23,8;223,21,-6;235,-13,11;410,63,-54
rua||miguel braga|novo horizonte|39360000|273,-1698432,-4457856;320,-110,83;321,-3,0;331,1,11;332,-11,-7;333,-5,10;334,32,-27;335,-35,25;336,89,-61;337,-91,66;342,-9,-1;344,94,-61;444,-105,69;453,-1,7;454,-4,-3;456,-5,5;459,23,-5;462,-31,9;463,1,0;464,-10,5;468,-10,7;473,19,0;483,-3,-1
rua||oswaldo braga|santo andre|39360000|10,-1698667,-4458200;64,-11,12;70,6,-5;78,-7,13;80,8,-5;81,-3,9;83,-11,14;93,-8,15;100,-1,-9;103,-1,13;108,-10,8;112,4,-12
rua||pedro pereira mota|centro|39360000|33,-1697922,-4457652;35,-31,18;100,-61,37;369,58,-23
rua||pedro pereira mota|independencia|39360000|1,-1698048,-4457567;56,26,-13;186,-54,23;200,8,-7;205,2,7;309,-61,40
rua||pedro pereira mota|vila branca|39360000|473,-1698222,-4457450;479,12,-7;499,-19,5;509,27,40;519,-28,-20;525,-9,-7
rua||pinheiros|novo horizonte|39360000|26,-1698510,-4457725;31,1,3;36,-6,3;41,2,7;42,-10,8;51,6,-2;58,-11,1;64,-13,3;76,-9,0;78,-2,4;82,-13,10;88,-5,1;89,10,4;99,-6,1
rua||sem denominacao 1|cidade nova|39360000|21,-1698584,-4458548;124,6,6;132,0,-1
rua||sem denominacao 2|cidade nova|39360000|8,-1698260,-4458245;300,-17,15
rua||sem denominacao a|independencia|39360000|160,-1698024,-4457384;230,10,38
rua||sem denominacao d|novo horizonte|39360000|1,-1698599,-4457697
rua||sem denominacao p|cidade nova|39360000|118,-1698366,-4458238
rua||sete de setembro|centro|39360000|15,-1698156,-4457611;17,-16,-19;30,22,14;31,-32,-39;32,35,39;34,-24,-41;62,-25,-42;68,-2,1;81,-102,-171;109,114,205;124,-8,-11;133,-43,-67;139,-80,-159;140,114,198;141,-38,-489;142,25,512;143,-148,-300;144,151,280;145,-22,-48;154,-134,-241;170,302,584;174,-173,-368;189,0,14;195,-68,-101;210,60,92;273,-53,-73;275,1,-7;285,0,0;287,0,-2;292,21,-26;315,57,161;364,-86,-173;365,-11,11;375,1,-2;426,-15,-59;432,-8,-4;435,-21,-7;438,10,-5;443,-10,4;447,-5,-5;448,13,-2;460,-5,-9;464,-17,-4;466,15,-2
rua||sete de setembro|cidade nova|39360000|157,-1698404,-4458022;158,6,-12;159,-11,1;161,-7,-7;165,15,25;185,-40,-73;188,33,39;197,-36,-45;205,-8,-9;217,-8,-11;245,-12,-27;271,50,87;502,-9,2;516,-8,-55;528,-6,-7
rua||severo cardoso|centro|39360000|44,-1698118,-4457601;50,-4,3;108,-35,21;128,-12,18;138,-19,6
rua||severo cardoso|independencia|39360000|45,-1698121,-4457581;111,-35,25
rua||severo cardoso|vila branca|39360000|212,-1698234,-4457518;222,-15,11;223,20,-1;232,-15,49;233,-4,-33;239,-10,16;242,-7,-24;252,-5,11;262,124,-159;272,-137,164;280,6,8;283,-5,12;292,-11,-7
rua||tiburcio de oliveira|comunidade cocal|39360000|1,-1696824,-4467797;8,68,-209;10,1,23;56,17,15;61,19,-75;63,1,11;76,-45,104;83,11,-14;94,-16,41;103,-1,44;105,0,7;125,-2,-31;140,-3,23;152,-12,2;175,8,38
rua||tiradentes|cidade nova|39360000|42,-1698185,-4458198;62,28,-47;85,-19,12;99,8,-12;109,8,-8
rua||trinta e um de marco|cidade nova|39360000|9,-1698330,-4458323;11,-110,62;13,116,-65;17,-14,9;19,-141,86;78,72,-48;84,-6,3;94,-5,3;144,-64,49;154,-14,5;164,-3,1;168,-6,14;172,-11,-2;277,-32,25;280,2,-9;293,-2,9;307,-20,15
