acesso||sem denominacao|br 265|37209899|460,-2122792,-4504393
acesso||sem denominacao|cachoeirinha|37209899|8,-2132478,-4505740;11,-1179,1187
acesso||sem denominacao|comunidade barbosa|37209899|119,-2123263,-4504638;145,194,99;165,-68,238;260,-546,-178;580,-9,-23;618,821,-389;660,-809,438;665,-46,41;680,51,-107;690,-21,28;741,40,-145;760,-22,159;767,48,-231;777,-12,100;785,-2,-50;819,81,-183;1100,752,-107
acesso||sem denominacao|comunidade tomba|37209899|6,-2135955,-4504370
acesso||sem denominacao|faria|37209899|14,-2135238,-4508561;75,-3259,-478
acesso||sem denominacao|tres barras|37200001|5,-2118610,-4511062;8,-1472,-5077;10,1554,-510;11,-3583,6079;12,34,-286;15,181,-336;28,833,-3300;45,-599,268;52,2715,3648;54,-2284,-4132;680,685,2436;690,332,167
avenida|padre|dehon|centenario|37200146|334,-2124472,-4499540;350,-3,20;370,-19,25;380,-3,16;400,-12,16
avenida|padre|dehon|centro|37200146|11,-2124340,-4499792;12,-61,128;26,58,-119;35,-4,10;81,-23,40;105,-7,20;117,-2,9;137,-11,18;155,-8,2;169,-12,10;177,1,7;200,43,-91;205,-59,151;209,-2,-1;260,-26,-22;309,-6,85;325,-15,15;345,-6,26;357,2,6;369,-12,4;379,-7,22;391,6,0;415,-13,22;429,-13,5
avenida||wannir abrahao daher|alto dos ipes|37201520|15,-2121016,-4499373;25,-5,8;45,-16,10;55,-11,6;65,-5,2;75,-9,7;95,-9,5;105,-13,3;115,-8,6;125,-7,4;145,-17,11;155,-9,4;166,-10,6;176,-4,12;195,-19,3;205,-12,1;215,-12,9;225,-5,4;245,-14,8;255,-14,4;265,9,-62;275,-29,80
beco||sem denominacao|pedro silvestre|37206703|257,-2126782,-4499257;259,12,-42
estrada||sem denominacao|gato preto|37209899|15,-2123932,-4503274;20,-54,-18;40,-16,32;44,-16,11;90,-71,-60;100,6,17
estrada||sem denominacao|novo horizonte|37209899|78,-2126562,-4501448;86,-58,-58;90,0,0
estrada||sem denominacao|serrinha|37206833|229,-2127479,-4500503
estrada||sem denominacao|serrinha|37209899|80,-2126553,-4501425;82,-49,-55;84,13,14;110,-76,-56
estrada||sem denominacao|tabuoes|37209899|21,-2124879,-4495567
fazenda||morro doce|pau de oleo|37200001|11,-2129014,-4506955
rua|monsenhor|goncalves dias|serrinha|37207229|59,-2126678,-4501012;84,6,-24;133,-4,-32;143,-6,-7
rua|professor|dalice dile|jardim bela vista|37205228|7,-2126245,-4498622;34,-16,2
rua|professor|dalice dile|jardim das magnolias 2|37205270|11,-2126341,-4498495;41,-16,24;51,-1,7;61,-10,11;71,-1,1;75,-2,5;111,-11,11;117,74,-110;121,-83,119;131,-2,11;141,-7,6;145,82,-121;151,-83,122;154,69,-109
rua|professor|dalice dile|jardim magnolias|37205270|22,-2126346,-4498494;100,-37,55;120,-11,15;150,-16,22;162,-8,12
rua||airton dialuci|ityrapuan|37206612|12,-2126444,-4500426;22,-2,-9;25,-4,22;35,3,-12;45,-2,-11;51,-6,-8;64,-1,-18;65,-3,7;85,-6,-19
rua||angelo constantino delfino|lavrinhas|37200592|6,-2122397,-4499424;8,14,5;13,-11,-11;15,216,77;17,-207,-77;19,1,1;21,101,30;25,108,43;27,-88,-31;30,-92,-28;39,-17,-11;40,2,10;49,12,-4;54,-4,9;59,9,0;67,11,-3;69,-2,-2;75,10,3;80,-8,3;86,4,3;87,14,-4;115,26,-3;116,-1,22;126,44,9;128,-38,-9;135,19,-1;136,-7,5;137,13,-2;148,-18,1;156,14,5;159,21,2;166,-8,0;175,22,3;179,6,1;189,3,2
rua||angelo constantino delfino|lavrinhas|37209899|20,-2122408,-4499423
rua||angelo constantino delfino|nossa senhora de lourdes|37209899|10,-2122187,-4499354;16,9,3;19,-17,-12;85,97,66;95,-29,-24;101,-295,-111;105,311,121;121,16,11;131,27,20;140,29,28;141,-54,-30;150,57,28;158,-112,-79;161,102,70;162,28,20;163,-118,-78;168,-14,-6;170,137,92;180,-239,-133;182,243,136;184,-229,-140;185,117,59;191,91,63;195,-92,-70;200,-110,-63;203,195,125;205,13,16;210,-209,-132;211,218,135;215,5,-2;219,8,-1;220,-219,-130;308,21,11;318,-14,-6;389,76,38
rua||antonio dias|padre dehon|37203531|10,-2125288,-4499851;12,59,-9;16,-57,4;17,79,3;28,-65,-6;29,17,3;30,29,-1;32,-35,1;35,35,5;38,-37,4;40,23,-8;45,20,15;54,-26,-15;58,3,1
rua||antonio donizete|jardim america|37202782|19,-2123784,-4498560;20,1,10;33,12,0;42,-6,11;43,11,-7;44,-6,19;45,-1,-21;49,4,12;50,4,11;53,-9,-13;68,3,17;71,16,23;72,-12,-19;73,6,0;79,1,9;85,1,5;86,3,34;91,8,0;92,-34,-111;97,70,223;99,-32,-102;103,6,18;105,-3,8;107,1,-11;109,2,11;115,-1,3;119,4,14;121,32,83;125,2,1;135,-24,-59;136,-26,-70;137,21,44;139,3,21;146,-21,-51;150,10,30;154,-1,-1;156,-4,-4;160,13,19;164,-15,-39;165,55,144;186,-41,-96;190,3,-6;215,41,98;221,-4,5;231,5,23;235,-8,3;241,3,3;257,9,6;290,-3,-2
rua||bernardo dias|joaquim sales|37207746|12,-2124435,-4502024;25,9,-2;35,10,3;38,-13,-2;46,9,1;58,5,0;303,13,4
rua||chagas doria|belizandra|37209010|522,-2124773,-4500776;526,-6,-10;530,4,2;538,4,-19;548,-2,-24;564,13,-20;570,-4,-7;574,-4,0;580,10,0;586,-6,-5;592,11,-14
rua||chagas doria|centro|37200042|16,-2124899,-4500321;26,11,-18;29,-26,16;35,22,-34;46,1,7;51,4,-15;58,3,-13;61,0,1;65,3,2;66,-6,3;70,13,-5;95,2,-27;102,13,2;114,-12,-24;115,15,-24;138,7,23;148,-6,-16;160,8,-7;161,-1,-13;168,4,-5;170,0,10;178,0,-8;184,8,-15;185,-11,15;193,9,-14;194,0,-7;207,-2,-15;208,7,6;213,0,-10;214,8,4;220,0,-19;225,-6,11;235,11,-13;236,-48,117;242,47,-126;248,1,-6;255,3,6;256,2,-11;259,6,-7;270,-5,4;272,17,-9;277,-16,-7;295,17,-28;307,2,-3;323,5,-17;335,3,-9;355,-6,-25;373,5,2;409,2,-45;421,0,-9;435,-9,-9;445,16,-15;447,13,-17;483,-8,-13;485,-8,106;495,-5,-19;503,11,-97;509,-19,-30;515,23,-18;533,-2,-11;545,4,-14;555,-11,93
rua||chagas doria|centro|37207660|599,-2124766,-4500879;610,3,-11;625,3,-24;635,7,-18;649,1,-22;653,-3,16;677,-8,-32;681,14,-7;683,-7,-5;685,5,-12;741,15,-39;747,-6,-5;751,4,-12;761,-1,-8;771,1,-2;783,1,-18;808,-8,71;812,16,-5;816,-2,-14;857,1,11
rua||chagas doria|centro|37209009|300,-2124800,-4500559;308,-5,-28;310,1,7;320,10,-13;334,1,-23;340,-5,-6;350,4,-9;380,5,-25;400,0,-5;412,3,-17;422,5,-10;432,10,-29;484,-8,-34;492,3,-7
rua||chagas doria|centro|37209010|6,-2124642,-4501119;7,11,-10;8,1,-9;9,0,-10;10,9,-8;11,4,-7;12,-10,1;13,-7,-7;14,-7,-5;15,-4,-4;594,-109,296;600,0,-11;609,-3,-5;622,0,-12;632,-3,-19;654,2,-18;674,8,-11;750,24,-92
rua||d|funil|37201108|2,-2113969,-4501705;3,10,0;13,8,13;14,-14,-5;19,31,52;21,-14,-37;22,-9,-1;30,-1,2;33,15,9;38,-12,-2;45,15,11;54,-9,1;57,13,13;62,-11,-10;74,5,14;79,15,15;86,-11,-5;89,13,9;97,-1,12;105,6,11;108,-5,-9;113,6,23;118,-6,-15;121,7,23;127,-1,3;132,-7,-7;135,6,16;143,-5,7;156,-3,-5
rua||joao lourenco damasceno|caminho das aguas|37200757|10,-2121673,-4500162;11,-10,101;20,10,-106;21,-5,87;30,7,-98;31,-10,90;40,10,-100;41,-8,82;50,5,-93;51,-9,87;60,6,-104;61,-3,89;70,6,-99;80,-2,-13;81,-1,89;90,-1,-92;91,-4,78;100,10,-106;101,-9,99;111,1,-19;121,1,-10;131,-2,-13;141,1,-4;151,2,-9;161,-1,-11;291,-4,-37
rua||jorge duarte|nova lavras|37202546|90,-2123895,-4499082;200,232,-85;206,1,0;210,-11,3;220,-7,4;221,-5,6;223,-3,2;229,32,-12;230,-32,6;239,-16,12;240,6,-11;260,-44,23;279,11,-6;281,17,-1;286,-34,2;298,-8,2;300,-1,3;307,-2,4;310,-7,-17;313,11,18;317,-18,3;318,4,-9;327,-10,12;328,-7,-6;336,-4,2;337,144,-39;338,-146,41;339,132,-32;347,-138,44;348,0,-7;349,122,-41;350,-143,50;359,143,-49;367,-132,46;394,-34,1;397,0,9;415,-19,9;416,-22,1;418,8,-4;420,9,-3;422,-8,1
rua||jorge duarte|olaria|37202546|721,-2123896,-4499091
rua||jorge duarte|vila ester|37202546|43,-2123538,-4499205;50,6,-5;60,-13,4;67,-6,7;68,-6,-3;75,-3,7;77,2,-3;80,-3,-2;85,-8,8;88,-4,-8;100,-3,4;107,-15,10;114,-2,-3;117,-13,4;124,10,-1;125,-10,9;128,-6,-7;137,-1,9;138,1,-9;147,-11,3;283,-6,1
rua||jorge duarte|vila ester|37202854|6,-2123479,-4499214;7,-24,5;9,47,1;11,-13,-3;15,-17,4;17,-25,-1;23,16,-7;28,35,2;36,-29,2;42,0,0;56,-9,-2;64,-5,-3
rua||lagoa dourada|lagoa dos ipes|37203022|12,-2122198,-4497769;24,-32,-104;25,36,77;33,-1,-4;36,-8,6;43,7,-20;53,-4,-15;60,-10,12;77,14,-22;80,-20,-4;81,16,-10;91,-9,1;96,-10,1;101,4,-17;120,17,85;131,-25,-108;132,-13,-1;156,-2,-14;164,-5,-6;167,12,-8;170,-16,-11;190,-4,-16
rua||m dois|conjunto habitacional julio sidney pinto|37209899|12,-2122151,-4500140
rua||maria aparecida dias|morada do sol 2|37209184|32,-2123483,-4501837;45,32,-17;54,-15,13;66,9,-3;95,50,-23;105,12,0;115,14,-5;126,-22,13;138,15,-7
rua||marilia de dirceu|ouro branco|37207580|205,-2125679,-4500793
rua||marilia de dirceu|ouro preto|37207602|39,-2125497,-4500836;51,-15,7;58,14,-13;72,-30,4;78,-18,2;79,14,7;84,-8,-7;85,-11,12;92,-10,-9;95,-3,12;100,-2,-7;105,-5,11;125,-22,-1;132,96,221;138,-86,-231;139,-5,10;140,-9,-4;146,11,-3;150,-13,3;151,-6,10
rua||oito de dezembro|centro|37200204|16,-2123691,-4499904;30,9,-22;35,0,-7;40,0,19;44,1,-28;45,4,-1;48,0,7;52,1,-10;57,2,-2;60,19,-7;67,-18,-5;85,8,-9;87,1,-11;88,-1,1;89,6,-12;90,-4,8;92,7,-13;93,-10,6;95,-34,-55;98,49,43;120,7,-15;123,-10,-12;130,23,11;140,-1,-3;144,12,-4;156,-2,-13;166,18,0;178,-7,-13;190,-3,-19;316,-74,157
rua||projetada dezenove|dharmaville|37205876|105,-2123058,-4503725;163,41,41
rua||projetada dezesseis|morada do sol|37201578|108,-2123554,-4502633;128,19,14
rua||projetada dezesseis|residencial jardins|37201578|10,-2123537,-4502636;11,-43,-22;75,94,57
rua||projetada dezessete|residencial jardins|37205433|10,-2123513,-4502620;25,-3,-14;30,15,-6;40,5,-12;50,1,-5;65,2,-12;70,6,-7;75,-5,-12;85,2,-1;90,11,-3;100,7,-12;101,-3,-1;110,5,-9;111,-6,4;115,7,-13;120,3,5;139,1,-12;145,3,-13;169,11,-13;190,60,-113
rua||projetada dezessete|residencial jardins|37209899|205,-2123422,-4502821;221,-3,20;245,15,-45;275,17,-32
rua||projetada dois|residencial jardins|37206834|160,-2123432,-4502752
rua||projetada doze|dharmaville|37205876|160,-2122802,-4503467
rua||sem denominacao|baunilha|37209899|10,-2123704,-4497744;11,164,-94;20,-84,16;22,-4,16;30,20,-29;35,7,-24;38,11,27;40,-15,-40;58,-341,-119;60,367,25;62,-20,108;80,-1,2;90,3,-86;100,31,88;110,18,11;111,-23,-17;121,-15,-31;131,56,57
rua||sem denominacao|belizandra|37209016|30,-2124553,-4500749;112,-5,10
rua||sem denominacao|centro|37200248|48,-2122721,-4499383;50,49,100
rua||sem denominacao|condominio lavras parque|37209899|50,-2121700,-4497441
rua||sem denominacao|dona irene|37204211|29,-2123847,-4497997;36,-7,-7;37,7,7;50,2,19;62,52,-28;107,-10,97;120,-11,-1;131,18,21;144,37,-44;148,-38,57;152,2,9;164,9,15;174,40,-54;176,-36,64;182,-58,-206;188,60,215
rua||sem denominacao|funil|37201102|9,-2113835,-4501768
rua||sem denominacao|funil|37201106|6,-2113768,-4501730
rua||sem denominacao|jardim america|37202773|12,-2123565,-4498392;13,12,-2;15,-18,-8;26,22,18
rua||sem denominacao|jardim floresta|37206644|722,-2126186,-4500148
rua||sem denominacao|lavrinhas|37209899|230,-2122613,-4499096
rua||sem denominacao|portal da mata|37203032|13,-2121252,-4497084;15,25,-64;45,-121,-3;77,69,-17;95,-198,54;106,9,-18;296,57,46
rua||sem denominacao|portal da mata|37203151|110,-2121470,-4496940
rua||sem denominacao|serrinha|37209899|20,-2126886,-4501142;26,432,-49;27,-359,463;34,0,53;35,-29,25;45,16,-77;49,-94,-333;55,282,-7;60,-267,-43;65,45,433;67,-57,-390;71,53,382;83,-6,-11;91,-38,-388;107,344,-71;240,-242,496;303,197,-324;365,-285,-123;510,348,94;620,54,-78;630,3,-5
rua||sem denominacao|vila paraiso|37209899|483,-2122114,-4499842;486,2,5;532,-34,-30;542,54,43;552,0,-1
rua||wannir abrahao daher|cidade nova|37201520|14,-2121017,-4499443;24,-7,3;34,-6,6;44,-10,6;54,-6,7;64,-9,3;74,-5,0;84,-13,9;94,-15,8;134,-34,18;144,-8,5;154,-5,2;164,-9,8;174,-10,2;184,-5,6;194,-8,5;204,-7,0;214,-8,6;224,-12,6;234,-6,1;244,-7,5;254,-10,6;294,-34,21;304,-7,-2
sitio||sem denominacao|tres barras|37200001|690,-2120193,-4512126
travessa||chagas doria|centro|37200043|25,-2124795,-4500872;33,-5,-5
travessa||sem denominacao|novo horizonte|37208432|224,-2125673,-4501481;277,-7,-1
