comunidade||niteroi|niteroi|37200001|47,-2119245,-4504898;48,36,76
rua|comandante|nelio|artur bernardes|37206687|40,-2125796,-4499329;50,0,-13;56,4,4
rua|comandante|nelio|jardim floresta|37206656|4,-2125885,-4499563;7,8,87;11,-32,-62;16,-9,-16;19,-3,3;26,-1,-5;29,-2,5;38,-12,-10;39,-5,-5;48,7,8;52,1,-17;55,-9,12;61,-1,-13;62,-4,10;74,-11,-18;83,-2,5;84,4,-17;92,154,241;94,-166,-223;95,2,-20;97,2,9;102,137,215;104,-137,-221;114,134,226;115,-162,-237;124,157,193;125,-171,-194;126,172,193;128,10,24;134,-172,-232;135,-11,6;136,158,191;137,-161,-195;144,5,-10;145,-8,8;154,168,195;157,-178,-207;165,-1,-6;167,-5,-1;172,2,-2;178,171,170;186,-177,-182;196,-7,-5;233,0,15;234,-113,-87;259,85,64;265,-6,-14;275,-5,-9;291,-19,-12;299,-18,-12;301,-3,4;305,7,4;325,-38,-45;338,6,4;350,-6,-5;355,12,31;380,-30,-48;381,6,1;391,-11,4;395,0,-7;400,-3,-4;405,-18,-6;407,-11,-9;408,21,10;409,-13,-2;410,331,280;415,-343,-288;420,11,-5;422,309,297;438,-31,-35;440,-307,-284;450,3,5;495,-37,-27;511,-3,0;527,-14,-10;530,19,6;533,-28,-8;537,3,-8;541,-14,-6;547,6,4;550,23,15;556,-14,-9;557,-19,-15;560,26,14;561,-36,-15;562,28,13;564,-2,-1;568,-1,-6;570,-8,-4;571,-25,-14;574,21,10;578,-2,-3;580,-15,-8;586,-5,-5;588,-6,-4;596,-5,-6;600,-8,-4;601,-14,-2;606,20,5;620,-10,-7;630,-5,-4
rua|doutor|pedro menicucci neto|aeroporto|37205293|12,-2126567,-4498185;22,-10,12;25,11,-4;36,-14,10;45,9,-3;51,-7,7;56,-12,5;60,-1,-4;61,6,14;71,-6,-4;83,-8,17
rua|maestro|cirilo novaes|jardim gloria|37200467|313,-2123244,-4500326;321,-2,8;341,0,-15;350,9,3;351,-5,-10
rua|maestro|cyrillo novaes|jardim gloria|37200467|7,-2123263,-4500197;16,-4,-6;23,1,-6;28,23,-82;29,-14,29;33,0,2;37,4,-19;40,16,30;41,-17,-36;42,4,11;46,0,12
rua|nossa senhora|de nazare|serra verde|37206720|29,-2126966,-4499197;33,4,2;43,7,5;45,-53,8;57,13,-15;111,102,84;114,-36,-36;115,30,13;116,-35,-28;118,0,-1;133,54,63;134,-43,-44;135,47,38;138,-44,-36;140,65,59;143,-6,0;145,-11,-10;150,12,7;153,-14,-11;155,6,-3;157,0,8;163,8,14;175,2,-9;200,-52,-49;220,6,-1;222,-10,-7;224,2,-4;226,-6,-7;230,-14,-4;236,2,-2;245,-10,-8;250,7,4;252,-4,-4;265,-54,-34;270,19,12;275,6,-1;280,-34,-8;285,21,-16;313,-8,2;317,-1,7
rua|professor|waldemar novais|centro|37209899|14,-2123509,-4499665;15,1,3;26,2,-1;29,1,-1;40,10,3;42,12,-1;44,8,-7;45,-3,11;47,9,-7;49,4,-1;51,0,-1;55,-13,0;56,4,-7;70,22,13;80,7,-22;88,18,13;95,-14,11;98,26,-22;101,-26,16;104,20,-4;111,-11,-2;117,12,9;125,13,-3;126,3,-4;135,13,0;136,0,1;159,6,-5;160,7,6;169,-1,1;175,10,-7;179,2,-5;192,25,2;198,7,0;215,9,-4;225,18,2;226,0,1;236,1,-2;295,12,2
rua||adhair nogueira|agua limpa 1|37208312|30,-2124786,-4502353;31,-1,-7;40,9,-4;41,-1,-2;50,8,-1;51,-8,-1;60,14,-8;61,-3,0;70,9,-7;71,-4,-2;80,15,-5
rua||alice zucari nascimento|jardim america|37202779|21,-2123811,-4498437;23,22,0;28,-9,10;29,9,-2;39,3,5;46,-9,-26;47,11,39;55,2,5;56,-12,-41;57,11,30;59,4,21;67,3,8
rua||antonio firmino neto|alta vila|37205388|35,-2126068,-4497227;37,4,-10;38,-93,150;93,40,-62;116,3,-3;187,35,-59;227,16,-26;236,12,-5;241,1,-13;248,6,1
rua||antonio pinto nogueira|residencial parque leste|37202677|121,-2124268,-4498034;131,4,-5;136,-3,7;151,17,-12;164,19,-8;181,15,-10;226,41,-16
rua||carmen fernandes neves|serrinha|37207233|50,-2126500,-4501259;88,-18,21;180,-71,53;340,-123,73;354,-16,3;375,-10,9;419,-43,38;450,-38,-38;455,8,17;465,-17,-7;485,-21,-15;520,-14,-48;540,-12,-43;555,-5,5;560,7,-43
rua||celso do nascimento|alta vila|37205354|169,-2126098,-4497600
rua||celso do nascimento|jardim italia|37205354|24,-2126102,-4497793;36,15,12;60,-2,15;74,1,13;77,4,3;85,-1,6;97,3,21;117,-2,14;137,2,21;154,-9,16
rua||comunidade niteroi|comunidade niteroi|37209899|4,-2118984,-4505456;5,5,-11;8,-19,41;9,-9,13;10,-1,-7;11,-29,-4;13,-25,-4;14,-7,1;16,-23,-4;17,-18,-7;40,-130,134;49,-27,102;50,7,-36;51,2,-13;52,18,-37;55,-14,16;105,329,-206
rua||conceicao lima do nascimento|vila rica|37203763|30,-2125189,-4498521;32,-4,-4;97,45,8;107,164,71;122,-54,-20;137,-72,-22;147,7,1;149,-56,-24;157,76,32;161,-124,-49;173,-25,21;207,175,36;270,52,18;285,11,6
rua||esmeralda menicucci nogueira|santa cruz|37205429|20,-2126609,-4497228;29,-38,109;39,0,-11;40,45,-110;80,6,-47;89,-37,117;90,40,-124;129,-27,82;159,6,-25;219,12,-57
rua||francisco narciso|fatima|37203744|35,-2125108,-4498898;39,5,6;45,-5,8
rua||francisco narciso|santa filomena|37203744|15,-2125109,-4499039;21,0,-7;46,0,69;60,-1,-43;72,1,6;85,2,57;90,-4,-16;95,4,-12;96,-6,19;100,2,10;105,6,-39;110,-9,52;290,5,-110
rua||guilherme neves|dona wanda|37202699|265,-2123986,-4498415
rua||guilherme neves|dona wanda|37202744|90,-2124090,-4498485;100,11,3;112,-6,4;120,6,-3;130,1,1;140,9,10;150,34,30;155,-27,-23;210,-29,-26;286,146,99;296,10,2;300,3,5;322,6,2;325,-18,-2
rua||guilherme neves|pitangui|37202712|21,-2124171,-4498542;27,8,6
rua||guilherme neves|vila pitangui|37202712|6,-2124212,-4498568;10,47,33;11,-37,-39;13,4,4;15,7,9;30,-17,-3;41,314,203;42,-307,-195;45,310,201;48,6,11;51,4,4;58,-253,-174;65,228,150;70,-213,-139;78,6,5;80,26,13;89,-35,-31;252,122,88;254,16,13;266,-8,-9;515,-135,-94;558,-31,-11
rua||irma naves|novo horizonte|37208454|12,-2126140,-4501700;19,-2,-6;30,10,-1;40,3,-11;41,-11,8;50,11,-4;51,-3,-3;53,4,-3;60,12,3;61,-8,-6;65,23,-10;70,-12,4;71,-6,-2;81,9,-5;90,0,2;91,0,-4;100,5,-5;105,16,-19;110,9,-8;111,-19,16;115,9,-10;120,-1,1;121,9,-13;126,4,4;130,-25,26;131,32,-32;140,-30,28;141,19,-22;143,24,-26;145,-48,53;150,13,-4;161,44,-63;170,-15,24;171,17,-29;188,-28,36;190,19,-19;210,-7,8;220,14,-16;410,0,-3;672,-97,111
rua||ivo oliveira do nascimento|jardim das alterosas|37202840|10,-2123267,-4498904;16,-1,4;21,1,8;22,5,8;71,-20,50;76,4,-20;86,-8,10;125,-9,54;135,-2,13;136,-1,-18;146,-2,3;156,-5,25;174,-32,125;204,20,-93;212,-1,12;217,10,-14;225,-4,12;227,4,-12;235,-6,22;246,-17,31;255,15,-26;256,-12,38;259,12,-28;260,-13,36;263,27,-100;265,-24,75;268,-8,38;277,46,-165;283,-50,179;291,-2,19;292,62,-236;295,6,-10;297,-79,272;300,8,-36;301,-3,20;310,5,-16;320,-3,2;322,-5,6;330,-1,9
rua||joao batista do nascimento|vila nilton teexeira|37200338|95,-2124171,-4500511;131,-18,-12;141,-8,-7;147,-7,1
rua||joao batista do nascimento|vila nilton teixeira|37200338|14,-2124009,-4500421;30,-14,-11;50,-9,-8;66,-101,-58;76,-8,-1;90,-20,-14;102,-12,-6;105,-8,-7;112,3,-1;130,137,85;134,-149,-79;138,133,66;140,-138,-75;166,126,71;543,77,43
rua||joao batista nascimento|vila nilton teixeira|37200338|41,-2124104,-4500475;53,-10,-9;57,-6,-10;61,-8,1;68,-5,-4
rua||joao caetano neto|jardim bela vista|37205242|15,-2126198,-4498758;20,0,12;30,12,4;45,4,6;55,8,4
rua||jonias aparecido neto|serra azul|37207679|179,-2125140,-4501190;189,-10,-13
rua||jose clemente neto|planalto|37205120|20,-2125623,-4499190;21,-11,12;36,-34,23;41,3,-15;42,10,-7;44,-23,12;45,27,-12;46,34,-4;51,-32,4;55,6,3;56,26,-8;63,-48,13;65,-30,5;66,14,-3;68,23,-28;72,-22,9;74,-6,9
rua||mozart gomide do nascimento|cascalho|37205084|11,-2125577,-4499392;15,32,42;27,-29,-40;30,2,20;32,4,-12;33,1,-1;39,3,8;41,8,8;46,-2,0;51,10,9;63,31,5;80,-15,6
rua||pedro gomide do nascimento|vila nilton teixeira|37200300|384,-2124162,-4500650;400,-9,-5;410,-3,-11;424,2,-6;440,-5,-6;452,-15,-29;464,2,-2;474,-5,-11;486,-7,-12;500,-8,-20;516,-7,-1
rua||pedro gomide do nascimento|vila nilton teixeira|37200334|43,-2124028,-4500348;53,-1,-10;59,-12,-12;71,-2,-3;77,-12,-4;96,16,-16;129,-25,-37;130,6,2;140,-6,-8;141,3,-2;151,-11,-9;178,-9,-22;186,-3,-7;197,-30,-50;205,21,32;206,1,0;223,-6,-5;233,-11,-12;280,-19,-48;334,-9,-27;341,-6,2;353,-13,-22;459,156,327
rua||pedro gomide do nascimento|vila nilton teixeira|37200338|214,-2124091,-4500492;222,-5,-13;232,-6,-7;242,-5,-14;244,1,2;254,-3,-3;268,-8,-10;274,-1,-9
rua||pedro gomide do nascimento|vila nilton teixeira|37200346|367,-2124177,-4500654;377,-14,-31;417,-2,-2;437,-12,-29
rua||projetada nove|dharmaville|37205876|139,-2123053,-4503541;413,49,-62
rua||rio negro|agua limpa 2|37208264|10,-2124405,-4502210;12,-35,-30;15,-14,-29;21,37,54;22,4,-6;31,-4,5;40,-9,-17;41,1,2;43,-42,-49;45,-121,-124;46,160,170;51,-9,-4;61,-9,-9;75,-3,-2;80,-11,-25;81,9,26;110,-32,-45;115,11,9;130,-103,-109;135,50,58;140,25,22;145,-2,9;150,0,-19;157,-6,10;160,-6,-14;170,-5,-7;175,-3,6;190,-8,-17;200,-7,-6;220,-12,-18;222,0,0;225,-4,12;230,-3,-19;235,-4,11;237,4,4;240,-6,-16;245,0,12;258,-8,-26;260,-5,-3;265,4,13;269,-6,-5;273,-4,0;275,-1,-8;280,-6,-10;285,-3,7;286,-3,-14;311,-21,-14;325,-11,-9;335,2,2;520,215,225
rua||vinte de novembro|centro|37200362|20,-2123901,-4500297;25,-5,-1;30,13,-11;35,-10,4;40,11,-12;50,6,-18;65,-11,23;71,1,-9;76,29,-41;88,2,-18;100,10,-6;105,-13,23;110,17,-34;115,-11,26;125,2,-19;133,1,-3;137,5,0;145,11,-14
rua||vinte de novembro|jardim fabiana|37200362|36,-2123758,-4500606;232,-62,159;242,-12,9;244,17,-12;256,7,-28;266,-1,-2;285,7,-33;290,12,2;295,2,-12;300,2,12;305,-10,-11;310,12,-1;315,4,-13;320,-5,7;323,5,-24;326,10,9;355,10,-37;356,2,8;365,-2,-12;368,16,9;370,-10,-12;386,11,-23;395,2,-7;397,3,2
travessa|professor|waldemar novais|centro|37209899|26,-2123376,-4499659;36,0,-14
