acesso||br 267|bau|37350000|1,-2195028,-4435669;3,-2446,468
avenida|coronel|moreira barbosa|centro|37350000|23,-2202374,-4432045;397,90,-38;475,-51,6;479,-5,0
avenida|coronel|moreira barbosa|santa maria|37350000|23,-2201956,-4431837;197,-125,-98;485,108,81;493,-14,-8;515,17,10;521,8,8
avenida|coronel|moreira barbosa|santa rita de cassia|37350000|275,-2202163,-4432020;367,-58,-50
avenida|doutor|jose pitagoras barbosa lima|centro|37350000|66,-2202258,-4432236
avenida|doutor|pitagoras barbosa lima|centro|37350000|5,-2202646,-4431943;9,-4,20;17,12,-14;23,-22,19;27,8,-3;29,-7,13;32,-4,1;34,6,-13;35,-9,9;36,14,13;41,-2,-3;43,-6,-5;44,1,3;50,-3,13;51,12,8;61,-13,-15;81,-7,30;82,12,-14;84,-16,7;89,-24,20;93,36,5;95,-27,-14;97,18,12;98,-11,-11;109,9,26;112,-1,-10;125,5,18;140,-11,27;143,-1,-3;151,3,6;157,7,1;158,-9,8;179,7,-3;189,-13,26;192,3,-6;201,1,21;206,-6,-4;213,4,13;216,-5,8;218,-1,-2;221,1,4;245,-7,5;252,-18,0;262,12,20;263,-22,3;266,20,5;279,-9,7;280,1,-6;347,69,-235
avenida|doutor|pitagoras barbosa lima|sao pedro|37350000|303,-2202727,-4431675;313,-11,3;317,-1,13;365,-32,33;383,-17,2;415,-9,-1;429,-17,-10;443,-7,3;449,-11,-9;486,-43,-39;496,-2,-10;621,-89,-72;740,-39,-37;747,-38,-26;750,24,19
avenida|ministro|barbosa lima|centro|37350000|20,-2202342,-4432114;21,-78,58;35,-14,2;41,-14,-5;52,76,-38;53,-86,59;80,30,-42;136,-29,26;137,-9,14;146,0,-11;147,-55,46;151,46,-39;153,6,10;156,-17,-21;159,4,20;165,-13,0;182,-13,-19;194,-16,1;220,-46,50;222,34,-26;225,3,18;235,0,3;240,-19,-14;250,-16,24;259,8,-8;261,-8,12;265,-5,4;269,0,1;295,-15,-8;299,-9,7;300,5,4;306,-4,2;318,-6,7;322,-10,-8;326,-3,12;327,17,-1;334,-23,20;345,-3,-9;346,-2,3;347,-8,-5;356,-5,5
avenida||alberane cunha|santa rita|37350000|31,-2202409,-4432193;52,7,2;64,-13,-27;74,0,-6;81,3,-18;88,-5,-4;95,-1,-4;99,-5,-11;106,5,-1;109,-6,-6;125,-5,-10;139,-3,-13;140,7,-3;146,1,-6;147,-7,-4;148,6,-3;159,-4,-10;171,-10,-13;193,-2,-15;207,-14,-102;210,43,249;211,-32,-178;215,42,213;223,-44,-215;245,-4,-18;259,-3,-12;271,0,-10;285,-2,-7;297,-1,-15;305,-3,-8;315,-1,-11;335,15,-15;341,2,0;355,9,-15;359,2,-1;367,9,-6;379,12,2;415,45,2;445,42,14
avenida||chiquito barbosa|centro|37350000|216,-2202326,-4431858
avenida||chiquito barbosa|santa rita de cassia|37350000|16,-2202286,-4431780;18,-45,-268;20,8,8;33,48,261;100,-41,-198;109,6,16;176,1,50;257,23,104
avenida||geraldo landim do amaral|centro|37350000|122,-2202516,-4431956;134,-5,13;140,-27,15;142,-7,3;152,22,-5
avenida||raimundo fonseca|centro|37350000|21,-2202414,-4432048;39,-70,226;77,69,-208;223,-62,192;233,10,5
entrada||da vargem da imagem|batistas|37350000|695,-2201650,-4433390
entrada||sem denominacao|piedade|37350000|4,-2206688,-4432542
estrada||antiga linha ferrea|contendas|37350000|16,-2202341,-4431505
estrada||antiga linha ferrea|meio do mundo|37350000|10,-2200524,-4426354
estrada||do mato dentro|mata do paiol|37350000|3,-2197564,-4431923
estrada||do mato dentro|mato dentro|37350000|3,-2196363,-4432664
estrada||do milho branco|milho branco|37350000|3,-2198825,-4431631
estrada||do patrimonio|bau|37350000|225,-2195272,-4434460
estrada||do rio grande|rio grande|37350000|480,-2203678,-4432083
estrada||do rio grande|riogrande|37350000|676,-2203619,-4431737
estrada||dos batistas|batistas|37350000|290,-2201491,-4433339;500,-82,-74;510,-15,3;644,-2,-2;660,-16,-20;812,-202,-234;864,-11,-10;875,24,21;940,33,16
estrada||jacui|jacui|37350000|8,-2203603,-4427688
estrada||jequia garcia|rio grande|37350000|198,-2202712,-4432494
estrada||liberdade arantina|cava|37350000|10,-2196077,-4428273;11,1149,-947
estrada||morangal|morangal|37350000|24,-2203729,-4423483;25,648,-1
estrada||para arantina|santa maria|37350000|37,-2201967,-4431728;52,17,34;53,-8,-22;66,15,25;78,4,-2;84,5,10;94,9,11;102,5,2
estrada||para o jacui|beira rio|37350000|38,-2203455,-4431549
estrada||sem denominacao|piedade|37350000|4,-2209389,-4433758
estrada||vargem da imagem|vargem da imagem|37350000|8,-2204861,-4435195
fazenda||barreiro|campestre|37350000|5,-2198958,-4433586
fazenda||curralinho 2|curralinho|37350000|10,-2198025,-4429277
fazenda||patrimonio|patrimonio|37350000|227,-2195674,-4433392
praca|frei|jose wulff|centro|37350000|163,-2202794,-4432004;183,-15,-15;193,-5,1
praca||14 de setembro|centro|37350000|44,-2202873,-4431965;52,-1,-16;56,-2,5;78,5,18
rodovia||br 267|bau|37350000|220,-2194857,-4436199
rua|capitao|joao sampaio|centro|37350000|3,-2202765,-4432030;7,1,4
rua|capitao|joaquim landim|centro|37350000|4,-2202712,-4431979;14,7,-8;28,28,-3;37,-19,-13;47,8,0;48,-2,-4;51,1,-17;57,-3,1;58,3,6
rua|capitao|jose inacio da cunha|centro|37350000|95,-2202734,-4432145;96,9,3;99,2,1;104,1,2;115,6,-7;116,20,9;129,10,-17;136,-10,15;146,20,-15;154,2,1;163,22,-11;164,-15,7;166,15,-3;168,-12,1;173,8,-4;176,0,11
rua|capitao|jose inacio da cunha|sao jose|37350000|10,-2202804,-4432112;16,8,-9;20,4,-1;34,7,-6;36,13,-1;37,-9,4;45,11,-11;54,6,3;65,4,-1
rua|capitao|jose romano|centro|37350000|5,-2202738,-4431894;17,-4,14;25,4,4;32,-17,13;33,20,1;34,-11,-11;44,-2,26;85,1,39;87,14,-91;88,-21,87;97,1,16
rua|capitao|tobias gifoni|santa rita|37350000|4,-2202308,-4432280;5,4,10;18,-6,-14;34,-21,16;36,-5,-13;37,-3,11;52,-17,-3;53,6,0;59,-2,7;61,-8,-3;62,10,-6;64,-11,-3;66,-7,3;69,-4,6;74,-2,-5;77,-8,7;86,-4,-13;89,-1,10;93,-15,-1;96,6,-2;104,-8,-1;128,-12,0;140,-27,0;155,-12,5;162,141,1
rua|coronel|antonio giffoni|centro|37350000|5,-2202618,-4432053;15,0,-17;16,-10,-15;27,3,7;39,-2,-10;48,-1,-8;49,-3,-1;52,6,37;59,-6,-51;71,3,-14;83,2,-6;84,-7,12;86,-1,138;95,2,-159;96,-1,8;110,0,-11;190,-6,-11
rua|coronel|carlos giffoni|centro|37350000|1,-2202644,-4431951;4,4,-18;10,4,21;23,-9,-30;31,15,-22;41,7,-11;52,-6,4;53,-5,-6;74,-1,28;112,14,-51
rua|deputado|jose mendes honorio|loteamento heleninha ladeira|37350000|13,-2202613,-4432302;14,-4,-28;71,15,74;116,-4,-33;130,-8,-11;152,-6,-31;194,-7,-41;200,4,-9
rua|dom|justino jose de santana|centro|37350000|3,-2202735,-4432124;15,-4,14;18,-14,2;20,13,1;27,1,-3;31,8,13;38,-9,5;39,-3,9;44,1,-8;48,10,5;52,-4,4;57,-6,13;63,6,0;68,-15,-48;83,11,67
rua|dona|carmem|beira rio|37350000|35,-2203298,-4431653;294,-1,-15;326,-32,4;349,-20,3;350,7,-15;354,-4,-5;370,-14,16
rua|dona|carmem|sao pedro|37350000|4,-2203066,-4431815;14,-6,1;19,11,5;20,-22,8;38,-8,-1;46,-7,4;50,-11,2;51,8,9;56,-9,-6;64,-9,6;69,11,2;72,-14,-1;76,-4,5;78,-5,4;90,-5,2;98,-4,3;106,-10,9;110,-5,-3;116,-2,3;753,110,-52
rua|dona|julia|santa maria|37350000|40,-2201983,-4431814;48,1,6;56,-7,10;66,-1,10;74,-10,10;184,-4,-73;194,12,-10;196,9,13;198,1,14
rua|dona|maria valeria|sao jose|37350000|9,-2202706,-4432156;12,-2,-12;13,7,3;23,-5,-4;33,-5,-11;40,-1,12;43,2,-24;44,-7,7;52,8,-15;64,5,30;75,-10,-49;81,-1,-5;84,7,-6;87,-2,-6;94,0,-4;97,-3,-6;105,-2,-8;107,8,-12;117,-4,-1;157,-4,-38;162,0,-1
rua|doutor|antonio lage|centro|37350000|8,-2202754,-4432052;20,-16,9;54,-39,10;86,-24,13;97,-4,14;116,-21,-5;119,3,12;139,-11,-6
rua|doutor|eduardo jara|beira rio|37350000|5,-2203421,-4431639;55,-45,30
rua|doutor|epaminondas|sao benedito|37350000|328,-2202137,-4432339;520,85,-124;530,2,-15;548,10,-17;619,10,-70;629,22,-47;639,7,-18;720,96,-64
rua|frei|jose wulff|sao jose|37350000|5,-2202801,-4432139;8,13,7;19,-13,-10;40,0,0;42,-23,-31;44,8,15;60,-14,-11;81,-33,-29;93,-10,-9;98,23,15;104,-3,-4;127,-34,-26;132,19,8;142,-6,-8;147,-31,-24;152,22,16;155,44,48;162,-50,-54;174,-2,-6
rua|governador|valadares|centro|37350000|10,-2202736,-4432038;22,-9,-1;32,33,0;35,6,-6;36,-70,-3;40,70,11;41,10,-10;66,21,7;85,6,-2;89,36,22;92,-38,-24;95,28,2;99,-3,1
rua|ministro|joao alberto|sao jose|37350000|17,-2202780,-4432314;26,34,151;35,-7,-6;46,4,-15;47,6,3;55,-18,-5;57,6,-6;58,4,-1;60,-7,-21;61,1,15;71,-3,-12;74,10,66;90,-6,-78;97,-11,-12;102,7,-5;112,-6,-4;115,0,-4;122,-9,-26;127,4,19;132,3,-12;139,-10,-1;141,0,-14;142,3,-6;152,-1,-8;166,0,-1;174,-9,-18
rua|professora|bianquinha neves landim|sao pedro|37350000|27,-2202772,-4431658;28,-9,-2;32,-153,-116;33,143,117;37,-15,3;40,16,-4;49,-22,-5;54,16,-9;65,-22,7;68,5,-1;72,-7,-7;81,-19,-10;90,6,-3;93,-17,-6;97,-2,0;98,4,0;104,10,7;128,-17,-17;131,-19,-10;142,0,-3;148,-11,-8;156,-11,-9;185,-13,-9;196,-13,-19;221,1,8;222,-3,-11;241,-16,-11;249,-4,-14;254,-6,-7;263,-6,0;280,-3,-17;283,-8,-1;308,-6,-16;316,-3,0;317,-4,-6;318,5,0;323,-14,-3;326,-3,-15;343,-10,-3;347,1,-3;348,-1,-12;352,46,67;368,-47,-66;430,35,53;480,34,44
rua|professora|dinah vilela|bela vista|37350000|51,-2202337,-4431594;71,-14,-18;79,-11,-7;87,1,-10;91,-17,-10;120,-13,-15;128,-17,-7;138,-4,1;144,-10,-1;146,-1,-3;155,6,2;157,-13,-5;158,-9,-7;161,0,4;167,-28,-3;168,18,0;172,-13,-19;175,-7,-6;186,3,8;192,-8,-1;193,-13,34
rua|professora|dinah vilela|santa rita de cassia|37350000|48,-2202284,-4431613;50,-35,8;54,-16,-14;58,-2,6;68,-4,-8;74,-7,-10;76,-5,12;80,-1,-4;90,-9,-9;92,-8,-5
rua|professora|francisca barbosa leite|sao jose|37350000|22,-2202799,-4432321;32,-8,-22;40,-4,-8;52,-7,-8;59,-2,-3;60,-1,-10;64,-11,-18;70,5,-8;76,-7,-5;79,-2,-3;88,-3,-4;92,22,-24;101,-21,20;103,-8,-7;105,0,-8;111,-10,-15;120,14,1;121,-12,-9;124,2,0;129,-10,-13;134,10,-1;144,-3,0;151,33,95
rua|professor|anesio nogueira de carvalho|centro|37350000|9,-2202674,-4431892;10,-25,-13;17,8,11;18,0,5;26,-8,-1;27,12,-3;29,-16,12;36,11,-6;39,-10,-6;41,-2,-1;42,4,8;48,-14,-9;50,-10,-21;57,2,14;60,-6,1;69,-7,7;70,10,-22;76,-19,15;82,-5,3;84,7,1;87,-6,-22;112,-30,9;115,-5,21;120,3,-45;125,-5,26;139,12,-27;142,-24,16;153,-2,8;155,-12,1;161,-9,-1;171,-5,2;180,-13,-1;181,15,-10;192,-23,-1;197,-5,3;198,1,-6;206,-3,0;218,-14,2
rua|professor|jose estevam|centro|37350000|41,-2202733,-4431766;53,-11,-2;61,-8,-3;62,6,-1;69,-10,-3;81,-15,3;84,5,-4;88,-8,1;92,0,-22;93,0,26;107,-28,28;108,9,-38;116,-5,5;118,-13,-6;121,12,4;127,-12,2;141,-14,1;142,5,-9;148,-3,-2;150,5,2;151,-15,4;158,1,-24;169,-16,20;170,4,-2;179,-11,-9;185,-6,-6;187,2,1;207,-20,-2;221,-29,-24;223,9,14;225,3,0;226,7,-1;232,-3,-8
rua|sao|jose|sao jose|37350000|13,-2202936,-4432336;25,-7,-8;28,3,-6;33,-8,0;34,1,-6;42,-4,-5;47,-9,-5;59,-3,-3;62,5,-2;63,-10,-5;69,-12,-19;77,4,14;79,-10,-11
rua|vereador|francisco alves de novais|bela vista|37350000|33,-2202493,-4431670;45,3,-14;53,5,-10;63,0,12;73,-11,-34;78,22,1;192,-2,7
rua|vereador|francisco alves de novais|centro|37350000|52,-2202428,-4431834;148,-6,14;170,7,-28;194,1,-28;216,6,-14
rua|vereador|francisco amaral alves|santa rita de cassia|37350000|16,-2202295,-4431770;29,-23,3;100,-14,5;375,-15,0
rua|vereador|geraldo correa|loteamento heleninha ladeira|37350000|28,-2202703,-4432343;55,29,5;95,35,10
rua|vereador|joao landim filho|centro|37350000|12,-2202798,-4431999;26,-1,28;32,-6,10;34,16,1;35,-7,5;42,-4,9;47,5,-2;54,-3,9
rua|vereador|jordano alves vilela|sao jose|37350000|5,-2202644,-4432174;6,11,7;15,-12,-19;16,5,6;27,-6,-8;36,0,-16;39,-7,3;48,4,-7;53,-12,-13;58,4,-1;63,-5,-4;70,-5,-6;77,1,2;80,-1,-3;85,-7,-10;90,1,-6;97,-7,-1;110,0,-8;113,-10,-2;128,-6,-12;133,-3,8;136,-9,-10
rua|vereador|jose antonio de campos|santa maria|37350000|2,-2201974,-4431785;4,17,-38;8,28,-35;27,-5,-4;45,-5,16;48,8,-12;57,5,-24;58,8,4;63,4,-14;76,-3,11;77,7,-20;80,-3,15;86,7,-14;96,2,-1;99,-6,-13;106,8,5;107,2,-11;114,5,-5;117,2,-7;124,-1,7;125,0,-21;134,10,7;135,156,-247;137,-161,236;142,11,-1;147,-5,-8;152,9,4;157,-5,-10;162,10,4;167,-3,-18;168,6,2;177,0,-10;180,2,10;187,-5,-10;190,7,3;194,0,-4;197,1,-11;200,6,6;207,1,-20;208,3,8;216,2,-5;217,-1,-12;224,4,1;227,-3,-7;232,7,-2;241,2,-28;242,1,21;247,-3,-7;252,6,-3;264,1,-9
rua|vereador|temistocles andrade landim|bela vista|37350000|42,-2202347,-4431546;52,-11,-12;53,-1,6;59,-6,-6;72,-8,-8;74,-9,-4;77,2,1;85,-17,-9;95,-1,0;113,-42,-28;115,-6,2;122,-12,-6;134,-2,-4;145,-10,-7;165,10,13;186,-20,-15;194,-2,-8;205,-13,2;213,-4,0
rua||adalgisa de barros mendes|centro|37350000|3,-2202688,-4431821;41,-29,-21;52,-8,-1;57,-9,-6;59,-4,12;63,-4,-15;68,2,14;82,-12,-6;99,-28,14;100,6,-16;114,-9,-9;121,-21,9;126,5,-5;128,4,-23;134,-4,0;150,-9,16;153,-8,-4;170,-14,-9;196,-12,-15
rua||alcides de souza lamim|sao jose|37350000|25,-2202889,-4432200;34,-6,3;37,-3,15;58,-6,2;63,-8,27;74,-1,-5;79,-7,15;111,-18,35;116,9,-21;132,-23,48;194,14,-34;220,-6,13;228,-13,21
rua||angelino anastacio da fonseca|centro|37350000|54,-2202561,-4432160;96,45,3;220,-117,4;236,21,-11;246,12,6;260,234,2;272,8,7;294,27,3
rua||angelino anastacio da fonseca|santa rita|37350000|9,-2202582,-4432164;31,12,4;85,65,7;119,28,1;167,36,-2;185,14,-2;197,9,2;199,-65,-2;225,98,-4;227,-233,-19;231,7,13;237,236,1;247,13,14;259,12,-4;263,7,2
rua||arlindo ferreira de almeida|centro|37350000|10,-2202654,-4431844;37,12,6;125,-9,-12
rua||arlindo ferreira de almeida|livramento|37350000|459,-2202229,-4431700;473,1,-3;476,1,1;481,7,13;495,8,-8;503,11,-42;512,1,52;519,3,-1;522,5,6;523,4,-5;530,5,14;531,0,-6
rua||arlindo ferreira de almeida|santa rita de cassia|37350000|27,-2202397,-4431778;150,-138,-19;162,6,3;168,6,0;178,9,3;222,36,6;285,44,5;286,59,16;294,0,10;300,13,-7;302,8,2;326,-52,-4;398,88,20;406,39,8;416,6,15;438,17,9
rua||augusto ferreira de almeida|sao jose|37350000|13,-2202813,-4432310;15,74,-13;30,1,-5;40,-14,-2;45,9,7;50,-25,-1;52,10,-6;68,-15,-2;76,-13,10;126,-43,14;131,1,12;142,-19,1;147,3,2;154,9,-11;155,-16,9;156,-4,4;167,-8,-1;170,4,2;171,-1,10;185,-17,2;194,-1,-6;212,-25,19;256,-30,37;277,4,6;286,-10,5;291,1,14;297,-7,13;299,4,1;307,-2,0;311,-5,2;319,-3,-6
rua||carlos de assis toledo|santa maria|37350000|1,-2201973,-4431662;73,-8,-30;83,11,14;93,0,0;103,-2,10;113,6,20;120,-25,-82;165,-30,177;171,-8,5;257,11,-9;270,-127,17;449,-128,122
rua||constantina landim amaral|beira rio|37350000|2,-2203424,-4431619;15,-2,0;25,10,10;35,4,1;45,5,8;55,10,13;65,6,2;75,6,7;85,5,7;95,5,6;105,12,7;115,6,9;125,4,5;135,6,6;202,86,116;212,-9,-8;242,-18,-22;252,-1,-1;255,-6,-12;262,-3,-1;269,-1,-6;271,29,34;278,-34,-35;294,-13,-11;295,41,39;309,-50,-56
rua||do contorno|centro|37350000|38,-2202921,-4432064;54,-20,4;55,14,4;59,-10,6;64,-10,5;65,3,9;78,-5,-3;79,-2,16;86,-14,-7;95,5,4;103,-33,-12;108,10,15;117,2,14;119,-2,0;120,-8,-5;121,4,6;135,34,119;144,-45,-103;146,1,11;149,8,-13;154,-7,6;162,3,16;180,5,5;182,-3,-3;188,51,103;191,23,30;192,-71,-117;195,45,84;198,5,-1;202,-38,-69;210,-1,0;215,29,38;222,-19,-20;225,14,18;234,-8,-4;277,30,53;285,-15,-34;286,18,35;289,-2,-4
rua||donilia maria da cunha|centro|37350000|8,-2202877,-4432007;14,-5,-6;26,-11,-16;37,-3,-3;42,2,-2;45,-24,3;48,14,-14;49,-2,10;65,-4,-11
rua||dos boiadeiros|centro|37350000|33,-2202864,-4432043;67,-14,5
rua||dos boiadeiros|sao pedro|37350000|19,-2202986,-4432066;20,84,-5;23,-145,214;26,189,-182;46,-3,-1;49,-9,-14;60,-7,-9;95,-12,-14;116,-34,-11;124,-8,2;132,-2,2;145,-30,8;147,-1,2;155,-8,9;167,-11,3;168,15,-13;173,-30,13;174,-3,4;179,-1,1;187,-15,5;199,-4,12;232,-10,-4;246,-7,2;271,-16,41;272,6,-30;281,0,40;282,-5,-39;290,-6,-2;294,-1,18;307,2,20;346,37,102;375,-22,-82;384,5,30;390,0,2;395,-4,-34;397,9,37;399,0,-5;404,1,14;423,1,-10;426,1,16;434,1,32;446,20,4;459,-33,32;470,-7,2;473,3,1;747,2,4
rua||ernesto cunha|centro|37350000|7,-2202846,-4431861;10,-82,-60;21,78,47;25,-14,10;65,-33,-38;77,-4,-4;231,-26,-19
rua||estacao|augusto pestana|37350000|2,-2211067,-4429092;3,-170,-488;4,0,6
rua||fabricio fatigate|loteamento heleninha ladeira|37350000|20,-2202538,-4432341;87,-34,16;146,-18,0
rua||fausto maia|loteamento heleninha ladeira|37350000|94,-2202690,-4432403
rua||fausto maia|sao jose|37350000|23,-2202732,-4432353;51,6,-23;70,18,-42;91,-4,3;103,14,-17
rua||francisco alves da silva|beira rio|37350000|19,-2203282,-4431576;26,-21,7;108,-54,55
rua||francisco amaral alves|livramento|37350000|78,-2202268,-4431767;82,15,-3
rua||francisco amaral alves|santa rita de cassia|37350000|79,-2202270,-4431768;107,14,-10
rua||francisco domiciano|sao pedro|37350000|22,-2203010,-4432019;25,-4,3;36,-10,-10;39,9,1;45,-20,-4;50,5,2;57,-11,-4
rua||gabriel junqueira de barros|centro|37350000|18,-2202819,-4431696;164,4,-15
rua||gabriel junqueira de barros|sao pedro|37350000|17,-2202816,-4431697;19,-1,1
rua||geraldino severino ladeira|bela vista|37350000|47,-2202358,-4431550
rua||geraldino severino ladeira|livramento|37350000|8,-2202346,-4431518;14,0,-17;26,8,-11;34,5,-6;36,32,-50;40,-25,52;48,8,-19;66,19,-49;98,-2,12;128,23,-25;132,-9,-1;136,12,-16;138,-1,-4;144,-5,6;176,9,-21;186,6,-14;196,9,-3;206,4,-6;236,15,-42;246,-1,-8;254,5,-12;270,1,-17;292,1,-10;298,2,-6;302,3,-11;304,0,-5;307,-7,14;312,1,-10;316,0,-22;322,3,-1;460,-16,118
rua||geraldino severino ladeira|santa rita de cassia|37350000|115,-2202305,-4431612;145,23,-44;187,19,-29;243,21,-54;253,2,-6;267,2,-22
rua||geraldo magela de barros mendes|centro|37350000|3,-2202661,-4431936;4,-65,-36;15,58,33;22,-7,-14;35,-11,1;40,9,6;44,-38,-9;45,25,-4;49,30,29;50,-35,-19;53,-3,-15;59,-7,13;77,-24,-23;86,-9,-8;115,-5,-2;121,-25,-1;122,14,0
rua||joao amancio da silva|sao jose|37350000|17,-2202825,-4432191;21,3,-4;35,5,-8;38,11,1;45,5,-38;46,1,30;60,-4,-2;76,13,-22;91,-10,-12;93,-5,-1;99,6,-13;107,0,-22;122,1,-1;125,-1,-5
rua||joao batista do amaral|loteamento heleninha ladeira|37350000|42,-2202505,-4432296;45,-9,-2;60,4,-10;75,-8,-26;98,-5,-17;106,-8,-3;116,5,-15;126,-8,1;141,34,123
rua||joao climaco amaro carrero|livramento|37350000|15,-2202217,-4431685;16,-7,6;25,5,3;26,-8,1;35,-1,13;36,-6,-1;45,-5,12;498,27,-44
rua||joao moreira dias|loteamento heleninha ladeira|37350000|48,-2202659,-4432365;56,-13,-8;68,28,7
rua||joaquim amaral|livramento|37350000|239,-2202513,-4431555
rua||joaquim dos reis alves|sao jose|37350000|9,-2202801,-4432046;29,-5,-13;39,1,-13;65,-13,-27;129,-15,-50;141,-1,-14
rua||joaquim ferreira da cunha|sao benedito|37350000|6,-2202058,-4432420;16,3,-7;20,-1,-8;90,58,-55;133,18,-31;204,36,-49;254,18,-42;276,10,-12;280,3,-2;286,12,-7;298,5,-12;310,6,-4;328,12,-13;336,34,-40;338,3,-3;342,8,-4
rua||joaquim landim filho|centro|37350000|170,-2202881,-4431774
rua||joaquim primo|centro|37350000|7,-2202681,-4432051;16,-1,-10;22,2,-4;34,-1,-19;39,-1,2;40,5,-12;41,-3,31;58,-12,-39;59,-1,0;66,0,-8;69,-6,-10;78,4,-10
rua||joaquim romano|beira rio|37350000|6,-2203237,-4431471;10,-160,-186;20,13,13;21,10,2;26,-10,-3;28,62,76;50,-49,-61;86,18,23;89,10,5;116,9,21;117,12,7;120,-8,0;130,6,14;156,16,11;165,10,-4;176,-2,14;185,7,3;195,6,7;214,9,13;215,2,0;222,5,12;237,9,1;240,7,10;264,16,5;275,1,11
rua||joaquim verissimo de andrade|bela vista|37350000|31,-2202428,-4431575;32,6,5;84,36,-64;85,-16,23;86,4,-4;87,-17,31
rua||jose alves de novais|bela vista|37350000|22,-2202434,-4431730;30,5,3;38,7,8;46,10,1;58,7,3;68,11,12;80,8,-4;131,7,3
rua||jose alves de novais|livramento|37350000|17,-2202247,-4431654
rua||jose alves de novais|santa rita de cassia|37350000|7,-2202461,-4431744;15,17,15;23,5,-1;31,11,0;39,7,2;53,18,13;73,17,-5;75,30,23;146,-24,-14;147,35,13;148,1,7;155,6,-5;156,-2,10;162,-67,-32;164,81,37;165,-3,-2;172,7,-2;180,11,11;189,21,2;190,-8,1;200,7,-1;207,7,5
rua||jose carvalho de oliveira|centro|37350000|4,-2202887,-4431882;16,-8,19;27,4,13;30,-14,-10;35,4,13;37,16,-19;40,-23,20;43,3,6;72,-17,19
rua||jose dias de assuncao|santa rita|37350000|6,-2202528,-4432172;21,3,-10;34,1,-6;43,-4,-15;85,11,40
rua||jose francisquinho|bela vista|37350000|119,-2202509,-4431604;139,5,5;143,6,5;155,33,33;163,-22,-14;164,15,10;170,-7,-5;187,-1,3;198,22,20;217,6,-13;220,9,12;225,-8,-5;231,6,5;255,18,8;256,2,4;261,14,-2;263,-3,2;267,18,4;275,-2,4;288,-37,-15
rua||jose francisquinho|centro|37350000|61,-2202650,-4431670
rua||jose francisquinho|livramento|37350000|12,-2202357,-4431517;14,7,5;16,3,4;100,-213,-122;137,-1,-34
rua||jose geraldo de barros|livramento|37350000|30,-2202605,-4431566;39,-6,18;48,-4,-5;56,-6,2;62,6,7;74,-16,15;91,-2,12;102,-12,7;103,7,2;112,-13,2;122,-4,12;133,-6,3;143,0,10
rua||jose leopoldino alves|loteamento heleninha ladeira|37350000|2,-2202549,-4432257;56,7,-8;57,-12,-22;66,6,11;67,-11,-33;74,12,27;82,-6,-6;95,23,69;117,-40,-142;135,-10,-6;145,-1,-13;164,12,16;174,-3,-12;182,-11,-21;184,7,7
rua||jose maria pinto|bela vista|37350000|29,-2202547,-4431694;35,-3,2;45,5,-18;49,0,-9;59,13,-11;68,3,7;72,-1,-3;80,8,-14;84,-3,3;89,-5,-7;90,15,-11;98,1,-5;104,-1,-10
rua||jose quirino da cunha|centro|37350000|23,-2202588,-4431954;33,11,12;34,-4,3;43,18,29;59,14,8;72,-18,-6;299,-26,-52
rua||jose romano barbosa|santa rita de cassia|37350000|69,-2202226,-4432026
rua||jose romano filho|beira rio|37350000|9,-2203443,-4431501;40,91,101;46,-8,-7;60,-2,-4;70,30,37;76,-42,-47;86,-4,-6;96,-3,-17;125,-36,-2;217,68,63;225,5,9
rua||luis barbosa giffoni|santa rita de cassia|37350000|24,-2202359,-4431811;45,88,-4;62,-72,3;71,22,-2;95,-51,5;105,21,-3;128,82,-10;138,10,0
rua||luis loesch filho|santa rita de cassia|37350000|27,-2202391,-4431784;43,-2,-26;81,6,-19
rua||luiz braga de castro|sao jose|37350000|23,-2202881,-4432300;28,0,-8;36,-1,-2;46,-4,-14;62,-3,-7;86,-13,-23;87,3,4;93,-6,-14;96,-3,4;101,-6,-14;106,2,-4;113,-3,-1;116,-2,-10;119,-3,-1;126,-2,-15;133,7,38;151,-16,-45
rua||manoel carrero|santa rita|37350000|5,-2202466,-4432180;33,-7,2;69,3,-34;77,-1,-17;79,-6,8;172,4,20
rua||manoel francisco da cunha|sao jose|37350000|104,-2202888,-4432343;132,56,-38;139,-6,4;144,-18,6;165,-11,11;175,4,2;187,11,-10;195,-34,24;216,27,123;226,-23,-32;234,-17,-35;252,-28,-40
rua||manoel henrique pereira|santa rita|37350000|112,-2202312,-4432351
rua||manoel henrique|santa rita|37350000|5,-2202292,-4432254;20,-1,-9;77,0,-74;81,-12,21;87,-3,10
rua||manoel leopoldino|santa rita|37350000|73,-2202498,-4432207;112,-5,11;124,6,-7;175,28,-6;183,23,2;184,-22,3;187,8,-7;192,4,5;198,10,2;201,7,-17;202,3,14;204,10,-8;210,4,7;211,-1,-6;217,91,1;236,-62,2;257,8,-6;258,6,2;268,11,4;270,-1,-3;284,4,22;287,5,-26;294,0,9;303,19,-8;306,-2,6;331,22,-6;335,11,0;343,3,-1;363,23,-5
rua||manoel pereira de almeida|loteamento heleninha ladeira|37350000|19,-2202708,-4432397
rua||manoel pereira de almeida|sao jose|37350000|22,-2202796,-4432395;27,6,-1;28,5,2;34,-1,-3;35,4,-1;47,19,0;55,14,2;60,-2,5;74,13,3;83,4,-6;93,122,51;104,-188,-45
rua||maria adelia romano|sao pedro|37350000|3,-2202736,-4431698;17,-19,0;24,-15,-5;27,12,3;34,-14,-5;37,6,3;46,-22,-6;57,-5,0;64,-11,0;68,17,-17;69,-7,17;71,-79,-46;79,73,43;97,-24,-5;98,-4,-6;112,1,-1;117,-2,-3;122,-14,-8;127,-7,2;130,-2,-4;137,0,2;140,-11,-12;143,-3,6;157,-6,-6;158,-5,-11;163,-9,-4;167,-2,-1;170,0,4;177,-10,-16;187,-6,-8;189,-7,-8;195,-4,-4;198,0,-10;221,-15,-3;241,14,15;261,-20,-31;268,-40,-68;277,32,69;289,-2,-11;299,-9,-14;311,-8,-13;317,-15,-20;321,9,-3
rua||maria laudemira de lurdes ladeira|loteamento heleninha ladeira|37350000|17,-2202642,-4432382;29,9,-13;49,22,-2;52,-5,2;58,10,-2;72,11,-3;78,-26,8;99,44,-22;198,-20,-18;200,-12,42
rua||odilon de carvalho neves|centro|37350000|31,-2202718,-4431788;41,3,7;46,-6,-9;50,-4,22;53,11,-4;71,-3,22;73,-6,-5;76,-6,8;88,-6,2;90,6,10;98,2,15;118,-12,7;125,7,15
rua||pericles moura de souza|centro|37350000|17,-2202843,-4431829;38,-7,-5;43,-4,7;48,0,0;53,-4,3;56,-5,6;63,0,8;66,-5,1;163,31,-45
rua||raimundo moreira barbosa|beira rio|37350000|42,-2203311,-4431622;49,13,4;52,-7,5;55,15,3;73,11,10;93,13,19;119,11,18;133,7,-2;140,-8,6;149,19,12;150,-28,-19;157,29,19;160,-7,1;167,10,2;168,-8,14;176,10,4;184,5,-2;201,19,19;204,-4,5;206,0,2
rua||rionor resende|centro|37350000|43,-2202684,-4431664;53,6,-7;61,2,18
rua||rionor resende|livramento|37350000|34,-2202702,-4431665;42,13,7;54,15,24;71,5,-16;76,1,26;93,17,-7;137,36,18;143,31,24;150,-18,8;160,4,-9;163,7,-3;172,12,13;173,6,-8;182,2,12;193,9,2;207,20,12;208,-12,-3;210,18,17;216,46,22;279,6,5;285,-8,-5;307,36,16;325,18,7;365,20,-2;381,23,8;385,5,-5
rua||rita maria da costa|santa rita de cassia|37350000|8,-2202353,-4431747;21,11,12;30,-19,28;69,-11,29;72,0,12;82,-2,-2;95,-3,11;139,21,-51;398,19,-36
rua||rossini salvador|santa rita|37350000|5,-2202324,-4432330;21,1,0;23,-8,7;31,-12,-6;37,-5,-1;38,-1,-12;41,-2,22;47,-4,-10;48,-7,-14;53,-6,11;58,-2,-6;65,-5,13;79,-19,-1;87,-3,0;94,1,-6;99,-9,8
rua||santini de oliveira|beira rio|37350000|32,-2203444,-4431571;38,11,15;55,8,2;70,11,25;75,-1,-11;100,23,26;108,3,8;183,42,45;197,16,19;198,-10,1;218,16,16;219,7,-4;228,-2,10;248,3,4;250,6,7
rua||sebastiao dos reis alves|centro|37350000|77,-2202607,-4431745
rua||sebastiao laurindo campos|santa rita de cassia|37350000|158,-2202234,-4431901;160,-1,10;162,-7,35
rua||sebastiao ribeiro novaes|loteamento heleninha ladeira|37350000|10,-2202525,-4432253;11,-20,10;28,-6,-1
rua||sem denominacao 1|centro|37350000|23,-2202366,-4431979
rua||sem denominacao|santa rita de cassia|37350000|90,-2202390,-4431912
rua||vicente ladeira|loteamento heleninha ladeira|37350000|119,-2202474,-4432274
rua||vicente ladeira|santa rita|37350000|17,-2202586,-4432184;27,-2,-5;36,12,-1;39,-9,-16;51,20,2;56,-6,11;61,15,-9;95,35,-20
travessa||ana oliveira da cunha|sao pedro|37350000|37,-2202879,-4432097;45,3,-6;106,-27,7
travessa||argemiro teodoro da silva|sao benedito|37350000|364,-2201811,-4432736;372,12,-10;379,18,2;385,-3,-14;389,3,-2;395,12,-4;407,5,-8;427,33,-8
travessa||joao antunes do amaral|sao pedro|37350000|28,-2203060,-4431971;39,13,11;49,-33,-16;58,-9,8
travessa||olga carrero|sao pedro|37350000|21,-2203050,-4431889;22,0,0;30,-3,-15;32,-7,1;33,10,-2
travessa||ruy barbosa da fonseca|sao pedro|37350000|4,-2203066,-4431840;20,5,0;28,-9,-6;36,4,0;39,-10,-1;40,-9,-19;45,3,12;61,-6,-6;64,8,-32;74,3,-22;84,-2,-6;98,-4,-14
travessa||sebastiao novaes|centro|37350000|10,-2202920,-4431905;20,-20,1;34,-2,0;41,-3,10;45,12,-7;46,8,1
travessa||sebastiao valerio|santa rita|37350000|28,-2202361,-4432356;220,-35,-27
travessa||sem denominacao|sao pedro|37350000|33,-2203068,-4431872
