alameda||bela vista|nossa senhora aparecida|36970000|12,-2035317,-4196485;13,-6,-12;25,-7,-14;26,7,10;36,53,-71;37,-50,60;48,22,-5;49,-16,-15;60,-4,-6;61,-6,-4;72,9,-10;73,-7,4;84,17,-8;85,0,-5;96,-8,-11;97,8,-2;108,70,-60;109,-76,54;115,9,118;120,1,-132;121,-16,-4;132,11,-5;133,1,-4;141,9,1;156,-2,-11;157,-9,-14;176,9,5;190,14,-10;203,11,-19;214,4,-6;215,0,9;273,13,-64;279,1,-10
alameda||do pau brasil|nossa senhora aparecida|36970000|159,-2035359,-4196410;160,-4,-12;171,14,15;180,-28,-1;200,-7,26;205,-15,11;210,23,-7;214,-18,24;220,4,-18;230,-13,23
alameda||dos coqueiros|nossa senhora aparecida|36970000|29,-2035328,-4196291;47,-13,-2;57,-12,-10;67,-6,9;87,-21,-6;97,-5,0;111,-2,-4;115,-9,-5;123,-14,-7;131,0,-5;137,-7,-6;145,1,-4;146,-2,4;149,-1,-5;155,-6,-1
alameda||dos ipes|nossa senhora aparecida|36970000|11,-2035315,-4196387;64,-2,10;75,5,-1;76,-9,-2;88,-14,-4;103,-14,-12;112,-2,4;122,-10,2;181,2,-5
alameda||dos pinheiros|nossa senhora aparecida|36970000|2,-2035294,-4196355;53,-9,-2;71,18,-50;74,-20,4;84,-1,-26;95,-9,27;96,-26,-27;107,-5,-1;108,18,24;110,-19,-16;119,5,-5
alameda||luis borchio|centro|36970000|1,-2036143,-4196076;93,-55,-64;111,0,3;119,15,12;133,21,12
avenida|padre|julio maria|centro|36970000|10,-2035542,-4195800;15,-46,4;25,-40,17;26,62,-7;34,-42,216;36,52,-239;46,13,7;48,-37,10;72,-6,2;82,-13,15;90,-17,-11;96,1,8;102,0,3;110,-14,-3;128,-7,8;129,-14,8;134,10,1;140,-2,8;144,-12,10;151,4,-7;156,-3,8;168,-13,5;178,-3,5;184,12,13;188,3,9;190,-9,1;214,9,5;225,-15,43;234,21,-33;245,-12,29;250,15,-1;260,2,8;265,-6,3;271,10,8;276,-1,4;285,6,-3;286,3,13;297,12,4;303,-10,8;311,6,11;316,-6,-2;319,6,10;320,19,2;325,-14,6;338,3,47;341,7,-28;344,-10,-3;356,-3,3;367,14,13;372,-9,-1;400,-1,35;412,-12,28;454,-9,16;820,75,-328
avenida|padre|julio maria|roque|36970000|201,-2035646,-4195448;395,24,-63;405,3,5;427,-4,30
avenida||agenor carlos werner|centro|36970000|29,-2035727,-4195944;49,9,8;56,-6,-14;63,3,19;68,23,9;75,-5,5;80,10,-3;82,3,-3;83,-13,16;86,23,-6;87,-19,11;88,23,-3;97,-11,14;100,6,9;109,-3,-5;110,7,6;113,3,-1;133,5,4;140,8,3;157,19,9;168,5,2;173,21,0;180,1,4;185,15,-6;200,1,-11;204,1,-6;214,18,10;220,2,-2;228,5,7;230,-6,2;249,10,-11;262,7,2;265,3,-7;270,4,-5;272,4,-9;276,3,8;288,3,-7;304,17,-6;315,-1,1;322,9,-8;330,-2,-17;340,2,-7;345,39,-15;348,-22,20;358,16,-13;360,7,-9;378,5,-7;422,37,5;430,20,48
avenida||campestre|campestre|36970000|72,-2034683,-4193877;73,10,-17;74,5,-1;75,3,-6;76,15,-6;77,0,-4;80,24,-16;81,10,-5;82,-7,-15;83,10,7;84,9,-8;85,8,-10;86,0,-1;87,8,-4;88,1,-8;89,9,-1;90,4,-11;91,10,-10;92,25,-10;93,-34,20;94,36,-23;95,-1,-3;96,5,3;97,-19,13;98,-3,-1;99,0,9;101,-11,8;102,-13,-1;103,-6,6;104,-4,14;105,-7,1;106,-3,5;107,-1,3;108,-11,2;109,-5,7;110,-2,8;111,-6,7;112,-6,5;113,2,13;114,-24,-3;115,-5,6;116,-2,2;117,0,9;118,-15,5;1022,252,-199
avenida||capuchinha|morada nova|36970000|22,-2034621,-4194878;29,-6,4;32,0,-2;33,-8,-1;41,-14,-2;48,10,4;49,-8,-5;57,-6,0;65,-5,-8;73,-10,-1;74,3,-4;81,-10,4;88,-8,1;89,5,-2;97,-5,-2;100,-1,-7;105,-7,-1;113,-12,-9;121,-3,11;129,-7,-7;136,6,-2;137,-14,4;145,-5,-5;148,4,-4;161,-23,-9;173,-4,6;180,-18,-13;189,85,39;192,-90,-45;193,-3,10;200,-1,-7;201,-7,2;209,-6,-1;217,-3,2;225,-11,-10;233,-15,-5;265,-34,-9;281,4,8;289,-12,-10;297,-3,1;2830,46,11
avenida||das palmeiras|nossa senhora aparecida|36970000|7,-2035320,-4196328;12,18,-6;13,-24,17;18,10,-4;37,-24,1;38,18,-18;49,-30,20;50,5,-12;62,-7,0;74,-9,-11;77,-2,8;86,-8,-4;108,-16,-2;109,12,11;117,-20,3;132,-23,-19
avenida||jacintho antonio da silva|cidade jardim|36970000|33,-2034993,-4195023;37,1,9;45,-2,3;57,3,4;65,8,16;79,6,3;117,58,143;123,26,3;131,20,-4;271,37,18;273,28,11;275,6,-13
avenida||jacintho antonio da silva|morada nova|36970000|341,-2034710,-4194807;359,32,20
avenida||jacintho antonio da silva|nossa senhora de lourdes|36970000|2,-2034972,-4195028;30,-4,14;42,5,-3;52,-21,34;60,29,-2;62,-4,2;64,5,47;66,-5,11;68,3,-5;72,24,36;74,-10,-4;78,10,-14;80,-15,5;84,1,-5;86,-16,34;96,37,-13;102,8,16;104,10,10;108,-3,-4;110,7,24;112,13,-22;118,5,2;128,20,14;130,6,-7;140,12,10
avenida||jacintho antonio da silva|vila rica|36970000|260,-2034828,-4194838;268,24,-6;292,28,28;308,35,2;342,44,21;350,5,7;356,18,-6;360,8,13;368,5,5;372,9,1;376,116,111;391,-94,-104;421,51,15;459,30,29;473,13,18;485,5,12;529,6,63;540,-17,-19;549,22,36;550,-18,-29;556,4,14;557,12,34;564,-12,-31;569,14,46;589,0,28;637,-2,6;689,10,114;709,5,38;723,8,3;745,18,73;753,-5,-16;765,15,27;797,3,17;809,19,16;975,11,67;1021,31,85
avenida||jk|centro|36970000|21,-2035064,-4195738;31,3,17;53,0,8;83,64,22;95,-64,19;105,-8,2;114,3,-13;125,8,33;133,13,8;145,15,16;155,-18,-8;167,18,29;171,-7,10;177,17,-8;195,-12,14;201,-6,10;211,24,5;215,-24,0;219,7,10;237,-18,24;241,13,-11;243,2,26;248,14,-15;251,-22,20;256,21,-19;262,-20,40;266,17,-13;274,1,-3;281,-14,16;291,8,17;292,-21,-40;323,22,67;331,19,-5;333,-26,11
avenida||jk|cidade jardim|36970000|354,-2035038,-4195432;360,-2,14;372,3,23;391,13,1;400,19,-5;406,-18,5;418,1,20;454,-8,40;455,8,34;476,-6,-7;482,4,1;490,7,3;496,14,25;520,-2,16;540,-13,4;546,-6,5;552,9,13;562,1,2;580,17,24;584,-9,-10;588,0,0;592,-21,18;606,4,20;626,-5,12;640,4,3;650,2,32;651,10,3;670,-11,-1;678,3,23;681,-1,12;686,8,3;940,-4,-67
avenida||joao vaz|santa rita|36970000|25,-2036957,-4196019;31,-12,4;37,-13,-5;48,-9,1;55,-3,1;58,1,0;61,-12,13;66,2,-17;69,5,-2;72,-10,5;75,-4,-16;81,0,9;82,-4,2;88,2,4;89,-6,-5;96,-16,-1;97,11,11;102,-13,-16;103,11,-2;112,-11,-1;113,2,6;122,-36,-4;123,28,-2;126,-2,-6;127,-58,13;135,34,-14;136,5,2;142,-13,0;149,11,-8;156,-17,6;161,-5,1;164,2,-8;165,-5,6;173,-13,-4;176,10,-13;191,-14,13;196,-9,-4;199,-5,2;202,5,1;210,17,5;220,-35,-10;227,-9,7;228,-10,0;270,-12,3;288,-32,10;300,-6,0;308,-10,-3;328,-12,4
avenida||lauro celio da silva|centro|36970000|411,-2035405,-4195944;440,-22,-11;460,32,9;480,10,31;494,25,-17;500,-2,-7;512,0,29;520,30,-4;538,20,12;560,16,-22;575,47,28;580,-2,-9;585,22,15;595,2,11;600,-1,3;607,12,-18;633,22,2;645,33,3;650,-28,-34;663,41,31;670,4,-6;690,27,15;700,16,-10;703,3,-8;720,2,24;760,41,0
avenida||moacir de castro souza|morada nova|36970000|2494,-2034453,-4195340
avenida||narciso rabelo|centro|36970000|8,-2035744,-4195953;33,15,-7;60,-43,-11;66,3,-6;68,-11,-3;72,-2,0;78,-1,-2;86,-10,3;98,-19,-8
avenida||raul soares|centro|36970000|6,-2035738,-4195954;9,-30,-24;18,12,10;19,10,3;21,-25,-17;22,34,28;35,-50,-9;38,66,15;41,-79,-37;47,-2,-6;51,6,16;57,-18,11;69,-13,17;93,-16,-34;121,-16,-7;125,-7,5;127,6,20;135,-11,30;139,-8,-56;147,-6,8;161,-11,-33;165,5,-56;177,-8,99;187,-34,-17;197,0,6;231,-11,16;253,-23,-14;271,-21,10;275,-10,-34;277,9,12;279,1,-3;281,-4,-9;283,0,3;291,-24,14;310,-10,-15;319,-18,0;322,-1,-4;325,6,-2;337,-8,10;348,-6,-13;349,-6,1;350,5,2;364,-16,-3;373,1,-6;385,-14,0;400,4,-13;418,-12,-15;422,-15,-6;427,-8,-14;453,0,9;456,-13,-20;469,17,8;475,-7,-19
avenida||roque porcaro|roque|36970000|5,-2035655,-4195157;14,17,28;15,-12,-17;25,6,8;37,-3,-2;49,21,12;52,-15,19;57,22,-10;58,-11,6;66,4,0;67,15,3;76,-4,5;83,10,1;86,-8,17;93,16,-15;96,10,12;97,-3,-5;103,12,3;105,16,7;116,-16,4;128,1,1;136,14,2;146,-2,-6;151,6,-3;155,12,3;156,-10,-2;168,17,15;169,-3,-15;175,14,4;178,-3,8;185,9,-4;188,11,-6;195,-37,-9;196,36,4;205,4,1;208,11,5;209,-2,-13;215,0,-4;224,6,10;231,13,-14;233,-5,4;234,2,9;240,9,-5;244,7,-5;245,-3,-3;254,11,6;255,6,-5;259,4,-3;262,-1,-1;271,2,-3;272,1,2;278,7,8;300,11,-5;326,7,11
avenida||teofilo tostes|centro|36970000|2,-2035575,-4195842;13,11,-7;15,0,-3;19,13,1;75,53,28;109,-30,-24;117,8,23;119,58,12;135,9,-3;143,-29,-8;179,65,-14;191,27,22;192,-19,-4;206,17,17;208,14,4;222,26,-18;225,-26,-18;234,27,41;239,-9,-25;244,15,10;245,-15,3;246,10,-8;250,9,6;251,-8,-8;261,1,-13;280,24,14;281,-3,19;289,8,-6;292,2,-10;294,6,1;297,-2,7;301,6,5;303,4,3;305,-11,-2;310,13,-23;312,8,9;328,7,1;329,2,0;345,15,1;346,-3,10;355,10,6;360,6,-11;365,2,6;370,5,9;375,6,-5;376,-3,-10;382,1,6;383,18,1;386,1,1;396,-4,15;401,17,-8;402,-7,1;404,5,10;406,6,-16;408,-2,2;410,14,2;415,-14,8;422,-7,-18;428,20,8;431,10,9;432,7,2;436,2,-9;437,23,-11;445,-20,25;485,34,-6;501,13,11;511,2,6;513,8,-11;539,12,3;563,32,14
avenida||virgilio rodrigues de oliveira|nossa senhora aparecida|36970000|5,-2035168,-4196128;7,13,-18;8,-3,4;9,-118,-200;11,118,185;14,-13,4;15,-114,-214;20,119,207;23,-5,-5;25,-33,-64;30,30,52;31,-101,-201;40,99,202;42,-109,-174;45,104,168;48,-91,-206;49,-10,-11;50,94,221;52,-84,-222;53,70,206;55,-75,-210;60,88,213;63,-82,-220;65,80,215;66,-6,-3;71,-73,-222;72,-6,10;73,83,213;78,-5,-10;79,-69,-218;80,-11,4;85,-28,-8;88,36,-4;89,74,220;90,-8,-5;92,-56,-222;94,4,3;95,-19,-1;96,21,2;98,43,222;100,-64,-233;103,72,211;104,-5,17;105,-69,-243;108,3,15;114,52,213;117,8,3;118,-55,-229;121,3,-5;122,40,233;125,2,-11;130,-47,-227;133,-4,-20;139,44,238;140,-40,-237;145,5,20;154,30,203;157,6,-16;165,-23,-7;167,-15,-234;172,5,13;180,8,222;192,-10,-252;200,35,7;201,-34,-8;204,27,-55;232,19,-18;250,2,-10;257,-21,28;258,25,-33;260,10,-18;268,-2,10;271,-22,27;283,4,-21;295,16,-7;313,21,-6;322,-8,-8;335,-5,-3;360,26,-13;369,-5,-3;376,11,-8;377,-2,-7;384,7,0;394,-3,-7;398,25,-27;399,-18,28;404,-1,-8;418,11,-7;420,14,-1;430,4,-7;435,4,-40
beco|sao|jose|isidoro|36970000|6,-2036456,-4195784;8,14,6
cabeceira||corrego pirapetinga|corrego pirapetinga|36970000|1,-2032953,-4189515;22,-419,169;24,-71,0;25,-132,-110;27,4,6;28,-229,-12;32,-335,-167;33,616,317
cabeceira||do lessa|cabeceira do lessa|36970000|10,-2033916,-4193997;3020,674,1310;3340,-300,-1133;3530,-420,-178
cabeceira||do lessa|campestre|36970000|3220,-2034254,-4193920
cabeceira||do lessa|serra do lessa|36970000|2736,-2031910,-4189577;2810,115,-342
corrego|sao|bento|corrego sao bento|36970000|1,-2030277,-4193000;681,-1475,-1294;695,-748,557;705,394,-499;710,375,-58;730,-113,689;740,154,-390;860,1817,1026;862,20,-4;864,12,0;867,92,-12;890,311,407;910,-82,-359;920,234,297;930,-49,-67;936,-101,-117;970,8,-90;1000,-1500,-904;1010,185,-392;1050,-586,-69;1075,-119,-750;1170,1141,-450;1172,-13,-11;1173,4,8;1174,-12,-21;1175,-9,0;9150,-1155,1111;9151,7,3
corrego|sao|jose|cabeceira do lessa|36970000|3225,-2034158,-4193930;3289,387,64;3330,149,74;3360,243,-255;3403,315,-420;3512,-794,556
corrego||assis brasil|corrego assis brasil|36970000|1,-2036914,-4190134;3,-95,-5;4,-39,88;8,-55,98;11,-5,-200;17,-444,-333;18,2,2;21,-402,88;23,0,-5;25,-238,-121
corrego||boa vista|corrego da boa vista|36970000|1,-2032762,-4183958;3,535,813;6,1275,312;10,-1304,-1144;11,18,4;12,-28,-46;20,223,489;22,-54,-179;3540,430,560
corrego||cantinho do ceu|corrego pirapetinga|36970000|3,-2032670,-4190249;15,-49,153;17,-36,30;27,-20,296
corrego||da harmonia|barra do ventania|36970000|1460,-2031202,-4198018;2690,-128,1210;2694,-54,-272;2709,140,-182;2740,-883,566;2762,-143,67;2840,-1218,489;2851,8,108;2890,-805,358
corrego||da ventania|corrego do ventania|36970000|4,-2033884,-4198138;5,671,-92;765,-3087,-1519;770,-42,-494;935,-301,-1305;940,-130,-99;1215,3955,3509;1220,-583,-539;1250,31,-1299;1280,-124,-271;1400,399,2514;1502,-1023,323;2030,-841,-4084;2033,-60,-470;2035,47,79;2050,-17,113
corrego||do bonfim|corrego do bonfim|36970000|1,-2032911,-4185144;2,468,-517;3,333,226;4,-78,-141;5,241,-381;6,250,-154;7,-455,-39;9,-334,411;10,188,-227;11,-486,816;12,138,-92;13,801,-652;14,-285,-427;15,-382,184;16,768,592;17,-532,-300;18,808,-105;19,-117,-278;20,370,883;21,-1128,315;28,1928,-1069;33,-206,-127;34,-37,0;35,150,-86;38,-341,-273;930,-1073,202;1953,212,306
corrego||do bonfim|santo antonio|36970000|122,-2036882,-4195120;140,140,12
corrego||do caatinga|barra do ventania|36970000|3,-2034530,-4198328;22,-294,-867;1600,489,378;1680,-86,501;1730,-196,-349;1771,-163,-52;1775,74,-205;1950,-168,-1818;1955,-15,4;2000,-137,-103;2030,65,-654;2050,-29,-252;2060,10,175;2185,-53,1674;2186,-66,-1
corrego||do caatinga|corrego do ventania|36970000|1970,-2034909,-4200796
corrego||do lessa|corrego do lessa|36970000|20,-2034793,-4194161
corrego||do lessa|corrego pirapetinga|36970000|18,-2032719,-4190049
corrego||do machado|corrego do machado|36970000|1050,-2032105,-4197522;1121,70,-1158;1159,-359,1065
corrego||do ouro|corrego do ouro|36970000|6,-2037644,-4201310;9,-714,-788;10,295,509;11,-219,-448;12,-495,154;17,729,-278;18,-86,-91;19,-13,-84;23,-455,-139;27,1243,789;35,-1438,-1421;39,-99,-223;40,-34,-26;47,578,-386;600,2970,5951;730,-513,-1000
corrego||do quartel de cima|corrego quartel de cima|36970000|1,-2033511,-4185975;2,-144,521;3,409,-537;4,-339,-119;8,305,19;10,1,-405;12,-158,-31;14,-200,4;15,-25,22;17,-27,-52;19,-27,21;20,-12,131;21,-6,-307;24,104,-199;25,20,63
corrego||do quartel|corrego quartel de baixo|36970000|2,-2033275,-4185502;4,-502,86;5,-67,-96;6,62,118;7,-805,-530;8,329,115;9,259,114
corrego||do quartel|corrego quartel de cima|36970000|1,-2033284,-4186421
corrego||do tapera|barra do ventania|36970000|301,-2031320,-4198857;1450,510,951;1455,6,-68;1540,-863,-1810;1545,-96,-218;1555,123,276
corrego||dos furtado|corrego dos furtado|36970000|4,-2038244,-4196561
corrego||dos malostos|corrego pirapetinga|36970000|1,-2035776,-4189964;8,-307,-560;9,-39,-23;10,-95,-111;11,-1,-13;12,-62,-93;15,-228,-496;17,35,-205
corrego||dos tavares|tavares|36970000|1,-2031614,-4188752;3,-316,375;4,194,-236;5,8,-46;8,236,-2;9,-129,185;11,173,161;12,-81,308;13,-140,-36;15,437,-132;16,222,-264;17,-440,615;18,276,-314;19,559,-335;21,-535,432;22,-208,235;26,92,335;28,-188,-464;29,137,510;30,-32,-50;31,-46,-47
corrego||independencia|barra do ventania|36970000|3,-2030534,-4196859;5,-1244,820;11,1358,-980;16,-224,-590;24,242,387;25,-14,-404;195,-393,1000;1430,214,-924;1433,-17,-28;1438,-58,-50;1442,-109,-155;1449,-7,-67;1600,-102,1086;1640,122,-91;1642,-6,15;1647,-20,140;1649,-148,211;1650,126,-178;1651,26,-55;1656,-37,128;1659,-7,22;1695,-55,118;1705,-95,66;1800,-311,229;1890,-183,23;2695,-1977,106
corrego||jose pedro|corrego jose pedro|36970000|1,-2034897,-4185248;3,-403,-130;5,-307,-27;7,54,-33;8,-90,0;9,-57,11;10,-24,-63;11,-78,31;12,-108,-161;14,-91,77;15,-52,-51;16,-43,19;17,1,-6;18,-92,-167;19,-14,45;21,-374,-57;23,-27,-284;24,-403,169;27,835,-57;29,115,-264;31,81,-181;32,33,158;33,-168,26;34,131,-50;36,81,-47;37,-61,373;38,105,-200;39,-109,199;40,221,338;41,-283,-219;42,28,-23;1810,-728,-41;2070,921,220
corrego||mandioquinha|cabeceira do lessa|36970000|3171,-2034014,-4193371
corrego||pirapetinga|corrego do bonfim|36970000|27,-2036492,-4194150;28,9,4
corrego||pirapetinga|corrego pirapetinga|36970000|5,-2035099,-4188938;6,-149,4;9,1779,-358;10,429,38;11,-1308,-95;12,-545,-81;13,905,145;14,-900,-44;15,548,-74;16,1490,152;17,-2138,-81;18,474,17;19,121,-22;20,-149,140;21,54,-91;22,28,-82;23,1435,260;24,-1439,-149;25,1636,59;26,-1737,-69;27,-559,-7;29,-1024,78;30,1675,155;31,-1518,-125;32,61,61;34,816,-173;35,680,220;36,-711,11;37,-1210,-141;38,3572,389;39,-126,228;40,81,-157;41,-2545,-25;42,-1305,34;43,4013,-88;44,146,155;45,-2957,297;46,3030,-89;47,-2751,43;48,-1397,440;49,1461,-25;51,797,261;52,2046,-661;53,-4713,2349;57,4746,-2303;58,33,69;1152,-460,-601;2715,-692,-403
corrego||poco fundo|corrego poco fundo|36970000|1,-2034872,-4185386;2,-39,66;3,266,117;4,-168,-76;5,-130,-79;6,219,90;7,-429,-109;8,430,57;9,-183,11;10,-6,-15;11,497,303;14,4,-2;16,164,39;17,-19,-13;18,38,-41;19,-13,-43;20,33,177;21,-5,-197;22,-62,15;23,-233,58;24,-132,-178;25,638,739;26,-841,-831;27,-108,-13;28,262,54;29,-263,-75;30,8,55;31,-30,-76
estrada||antiga linha trem|corrego do bom retiro|36970000|1,-2038960,-4196379;2,56,-146;3,154,-277;4,-266,367;5,133,-452;8,-634,602;9,62,-10;11,-77,-144;3410,1976,182
estrada||barra da limeira|corrego da limeira|36970000|6,-2036748,-4198397;7,98,-4;11,-515,-69;12,-182,37;15,-192,155;16,-2,10
estrada||barra do lessa|barra do lessa|36970000|2,-2034222,-4189773;5,13,-1475;6,-152,164;8,141,-654;13,35,503;16,-336,310;18,486,576;20,-329,-563;22,-83,-3;24,207,-280;26,264,846;27,-99,-129;29,-176,-680;33,-9,59;34,-120,242;35,328,499;36,-156,-1379;37,264,845;38,-334,-133;39,-208,59;40,606,89;41,-74,-17;46,-251,-843;47,-320,819;50,599,-9;51,-280,-811;52,-327,806
estrada||catitu|catitu|36970000|15,-2031652,-4185852
estrada||corrego do ouro|corrego do ouro|36970000|3,-2038075,-4200977;4,646,1663;5,-78,-1214;6,1202,721;7,-1470,-1319;8,804,1329;10,-1085,-2282;12,-107,13;13,1327,2826;14,-1373,-3036;18,2552,4362;19,-423,-211;20,-173,-118;21,-583,-984;22,32,-681;23,-1215,-1844;24,1189,2490;25,471,771;26,-971,-3028;27,-457,613;28,-365,-1879;29,1288,3347;34,-1799,-3371;36,625,973;37,-672,-1291;780,2316,3104;820,-178,-61;921,-69,-817;925,-85,-130;932,-28,-201;945,-162,-694;1770,-1402,753
estrada||corrego palmito|corrego do lessa|36970000|1,-2034551,-4192661;2,-116,-11;4,40,-194;7,-422,81;8,205,-62;10,-233,16;11,18,-47;15,-156,-353;16,-75,59;2168,642,337;2211,-1,-4;2212,-7,14;2215,-13,43;2275,15,128
estrada||das palmeiras|corrego do ouro|36970000|10,-2038615,-4197008
estrada||dos borel|corrego do lessa|36970000|1,-2034414,-4192424;2,-14,-17;3,-6,25;4,-11,4;5,-1,15;6,-14,5;7,17,-23;8,-47,22;9,1,15;10,-12,2;11,-6,14;12,-30,9;13,-71,19;14,-4,63;15,-72,-66;16,-21,14;17,-40,30;18,-69,-51;19,56,-46;20,-131,191
estrada||escola silvina werner|santo antonio|36970000|5,-2036750,-4195122;90,16,-3;120,-98,-16;127,10,-3
estrada||fazenda heron schott a ponte do pirapetinga|corrego pirapetinga|36970000|1,-2035693,-4192574;3,-79,-101;4,-54,-70
estrada||limeira|corrego da limeira|36970000|1,-2039007,-4199902;4,76,87;6,2321,1489;7,-2239,-627;9,-99,-39;11,-164,-70;13,210,-950;14,60,666;15,-13,-5;16,85,120;17,-647,-2351;21,-251,-245;22,16,279;23,680,1757;24,40,-2899;25,-1329,1001;28,439,-189;29,766,1737;30,153,342;40,458,-3848;1358,1437,5208
estrada||limeira|corrego dos furtado|36970000|2540,-2039058,-4200097
estrada||para fazenda modelo|corrego pirapetinga|36970000|550,-2037872,-4193799
estrada||para mg 108|barra do lessa|36970000|160,-2037253,-4195209
estrada||para mg 108|corrego do bonfim|36970000|1,-2036555,-4194812;16,-1570,-224;63,18,-74;96,51,95;125,17,-72;144,13,87;231,24,-6;235,-112,-101;237,58,23;239,73,28;240,-97,33;242,112,-30;245,-42,44;246,81,-32;370,1307,284
estrada||para mg 108|corrego do lessa|36970000|1,-2034330,-4192523;3,4,18;5,22,-64;6,-11,24;100,21,-71;2307,-2,31;2308,-5,4
estrada||para pirapetinga|corrego pirapetinga|36970000|1,-2037315,-4193098;2,1345,1051;4,785,2186;9,-705,-761;14,95,-37;15,139,-123;16,-1,-19;19,-775,-937;20,-3,-5;21,-16,-36;22,41,-58;27,-56,-94;28,-12,-7;29,-136,-82;30,30,-88;31,37,47;32,-34,-234;33,4,-2;34,-69,-81;36,-61,-91;37,-29,-14;38,27,13;40,-104,-57;41,-16,75
estrada||ponto de onibus barra do lessa|corrego do lessa|36970000|2,-2033068,-4190258;3,399,-176;12,-279,222;13,249,43;19,-101,235;20,-42,236;24,-32,-59
estrada||principal da santinha|corrego da limeira|36970000|1,-2037412,-4196787;6,-744,-4128;8,-207,-343;42,-646,-2224;188,1130,5807
fazenda||do rubens|corrego pirapetinga|36970000|1,-2033895,-4188282;2,44,-195;4,110,-167;5,-2,-238;8,-128,-423
fazenda||quartel|corrego quartel|36970000|1,-2034276,-4185876;2,-26,125;3,-280,-178;4,166,35;5,-96,-458;7,-14,110;8,207,175;9,-69,-111;11,-101,-166;12,17,349
galeria|santo|antonio|centro|36970000|27,-2036219,-4195906;31,15,23;39,-8,-1;51,-1,-14;139,1,23
galeria||lourdes maria stock|roque|36970000|4,-2035704,-4195220;9,1,26;169,-4,-14
praca|dom|antonio felipe da cunha|roque|36970000|16,-2035710,-4195178;26,-15,11;30,-15,0
praca||alfredo lima|centro|36970000|10,-2035990,-4196011;12,-17,-16;14,0,4;16,-1,7;30,14,16;38,18,-8;50,7,2;58,3,-13;272,6,9
praca||benedito valadares|roque|36970000|12,-2035652,-4195190;20,12,7;44,-7,7;74,-6,9
praca||da biblia|isidoro|36970000|20,-2036426,-4195936;21,0,0;22,0,0;23,0,0;24,0,0;32,10,22
praca||getulio vargas|centro|36970000|6,-2035771,-4195797;11,-9,29;12,-4,-22;20,4,-6;113,6,113;168,2,-16;180,2,-10;192,4,-7;208,4,-21;222,-19,-11;240,1,-8
praca||marisa fully|centro|36970000|45,-2035026,-4195901;55,-3,-6
praca||nicolau bracks|roque|36970000|100,-2035653,-4195354
rodovia|padre|julio maria|corrego do bom retiro|36970000|2,-2038572,-4196465;22,-1764,12
rodovia||mg 108|cabeceira do lessa|36970000|3,-2032758,-4192394;69,-1159,-295;785,2178,2969;2735,-190,128;2940,79,-2384;3081,-2133,-741
rodovia||mg 108|campestre|36970000|108,-2034450,-4193266;2051,91,-424;3708,-12,-757;3710,-40,-47;3720,-40,-29;3722,25,-13
rodovia||mg 108|corrego do bonfim|36970000|2,-2036697,-4194873;8,-1453,-1602;10,-60,-4;16,64,-3;17,-20,-25;18,-13,-7;34,644,1248;104,-449,129;185,383,-215;200,205,132;215,-576,140;225,-138,-129;229,240,77;295,484,620;530,-769,-532;585,-7,13;3312,-664,-852
rodovia||mg 108|corrego do lessa|36970000|108,-2034354,-4193673
rodovia||mg 108|corrego pirapetinga|36970000|11,-2037518,-4194424;21,55,36;254,-28,-223;260,-56,252;263,58,-32;266,18,2;270,-48,-41;277,51,-68
rodovia||mg 108|mg 108|36970000|3,-2033461,-4192396;4,13,-37;5,395,554;6,41,660;7,9,144
rodovia||mg 111|cidade jardim|36970000|7,-2034980,-4195057;12,150,-157;21,-147,148;23,-15,22;30,-48,-38;35,78,14;56,-104,-8;109,22,-9;113,13,16;114,11,-2;177,194,-154;181,-2,-9;185,-1,-6;195,2,-8;211,24,-23;213,2,3;243,4,-18;279,-2,-5;293,12,-12;311,13,-6;365,4,-15;416,-190,241;417,185,-255;430,-175,250;450,21,-1;500,-115,10;556,-45,3;558,-11,30;564,-6,-21;574,-7,6;578,-5,-7;582,-9,10;592,-5,2;607,377,-284;615,15,17;623,-7,-5;626,-405,269;639,424,-275;703,42,-36;731,27,12;747,4,-18;767,9,12
rodovia||mg 111|corrego dos gomes|36970000|1205,-2030620,-4196323
rodovia||mg 111|nossa senhora da penha|36970000|52,-2034440,-4195392;695,-550,303;726,11,19;736,31,-4;763,20,-12;764,-24,-17
rodovia||mg 111|roque|36970000|1,-2035459,-4195035;4,-19,8;7,98,-34;10,1,-3;17,-14,-17;19,-134,20;20,136,-7;30,-7,-14;31,-35,40;36,-59,2;50,76,-31;51,-27,26;60,24,-27;70,-18,14;73,-1,8;85,-67,27;91,19,-3;95,-12,31;104,-233,18;110,237,-48;115,-27,9;120,34,-1;123,-47,12;150,12,-48;160,20,33;170,-20,5;175,-8,7;190,-21,-17;195,-38,10;200,41,7;210,-17,-40;215,-30,54;230,13,-56;255,-47,67;261,-68,-13;265,-4,-5;270,67,8;271,22,6;279,-118,-17;290,37,9;330,125,-55;966,-234,22;1042,-87,9;1110,-62,2;1116,17,-2
rua|desembargador|marcio marins|centro|36970000|160,-2036309,-4195820
rua|desembargador|marcio marins|isidoro|36970000|12,-2036191,-4195850;14,1,10;32,0,8;46,-17,3;62,-1,5;66,-18,1;78,4,6;80,-12,-1;84,-2,2;92,-10,4;99,-5,2;100,-11,-3;125,-2,11;129,-1,5;135,-11,-6;155,-30,-13;183,-4,-3;205,-22,-7;245,-32,-5;250,-17,8;259,2,-6;260,-8,13;269,-4,-3;270,-1,-3;279,-10,-3;280,5,10;285,-6,4;293,-14,-17;299,10,-2
rua|dona|rosa fazollo|isidoro|36970000|21,-2036256,-4195757;55,9,14;63,-4,-2;75,-5,-5;78,-7,7;83,0,-5;94,9,-24;97,-12,21;110,10,-5;115,-11,-1;120,4,0;130,-14,-12;137,-2,1;204,37,24;4016,-7,0
rua|doutora|conceicao|vidal soares|36970000|12,-2035509,-4195439;40,5,-22;43,-14,-5;50,3,-12;57,2,-3;60,-3,-23;65,-3,9;70,-3,0;73,-9,-24;80,12,-2;82,-15,6;97,-1,-19;7285,0,20
rua|doutor|claudio miranda de carvalho|santa rita|36970000|506,-2036982,-4195976;514,5,-14;522,-15,16;530,-1,6;540,-19,-2;550,-9,-21;560,-8,6
rua|doutor|orbino werner|cidade jardim|36970000|10,-2035100,-4195277;18,-12,-1;26,4,3;30,-3,-9;50,-4,-20;70,3,-19;72,-5,2;73,17,-13;74,-9,49;75,-5,-50;76,6,59;80,-35,-112;95,5,48;105,11,0;156,-17,-34;158,3,-16;160,-3,-8;165,5,31;170,-5,-31;173,4,1;181,-7,-44;188,0,14;189,8,10;208,-9,-34;217,-10,-13;228,10,30
rua|doutor|orbino werner|mangueira|36970000|126,-2035155,-4195475;210,6,-1;216,-7,-2;220,-3,-9;221,0,2;226,5,-17;229,-3,7;230,2,-13;235,-1,5;243,1,-16;246,-2,3;255,-2,-17;256,5,11;266,-3,-13;267,2,-5;273,-4,-6;280,2,0;285,-2,-7;315,-1,-19;322,0,20;334,8,-11;339,-6,-14;340,-13,4;346,11,-23;350,0,-9;355,-2,8;360,-6,-12;365,9,8;367,-5,-6;370,-11,-6
rua|frei|afonso|mangueira|36970000|10,-2035190,-4195611;16,-14,-7;19,-6,22;20,1,-7;28,-8,9;29,-4,4;32,1,-2;38,-5,2;39,-51,14;40,39,-9;43,-41,27;50,30,-21;52,-23,7;58,0,0;63,-19,10;66,15,-26;72,-4,2;73,6,-9;74,-20,15;90,-9,1;98,-16,-10;103,-1,13;106,-23,-19;110,8,3;112,-17,-7;114,-4,4;115,-3,-4;140,-11,-1;150,-16,3
rua|frei|francisco|mangueira|36970000|4,-2035510,-4195678;8,10,-6;12,1,11;14,-1,-3;15,9,-2;17,5,15;18,-1,-5;20,5,15;21,0,-1;22,8,3;25,-26,-48;29,44,56;30,-8,0;31,3,0;36,9,6;37,-1,0;43,14,5;44,-1,5;47,6,1;50,4,3;53,12,7;55,-6,-2;57,2,3;59,11,0;67,16,12;76,-1,-2;96,22,35;98,40,127;100,-31,-113;101,25,110;108,-20,-99;118,4,13;126,5,14;130,32,-7;138,-23,21;158,2,44
rua|frei|paulo|sao vicente|36970000|8,-2036382,-4195446;22,11,-10;47,-40,6;48,1,0;52,49,-9;60,19,-11;476,32,4;480,10,4;894,-25,-4;2176,-106,23;2177,0,0;2178,0,0;2179,0,0;2180,19,-6;2181,19,-3;2182,3,3;2183,0,0;2184,13,-3;2185,19,-10;2193,48,6;2195,7,0;2200,11,4;2201,2,3
rua|frei|vicente nunes|mangueira|36970000|2,-2035514,-4195636;9,10,-7;12,-21,3;13,-14,-32;15,14,18;19,4,0;21,15,9;27,-14,2;28,7,18;31,4,-17;35,-5,9;39,15,21;42,11,16;43,-19,-20;49,2,-1;51,20,5;53,-9,9;59,21,21;67,-34,-62;73,57,74;79,-87,-94;81,0,0
rua|irma|doroteia|sao vicente|36970000|13,-2036117,-4195542;70,3,-56;106,-4,-19
rua|irma|eulina|mangueira|36970000|3,-2035573,-4195693;5,10,-5;9,16,-8;11,0,-4;14,-11,5;15,23,-8;19,3,1;21,6,-1;23,2,3;26,16,32;27,-1,-33;31,-1,2;33,19,7;35,10,2;39,3,2;42,2,4;43,8,5;49,8,2;52,3,7;53,1,-6;55,-11,-4;57,24,9;59,5,7;61,17,9;85,51,1;86,17,-1;94,13,9;96,-82,-12;105,127,34;107,6,-5;108,20,3;109,-16,1;202,25,-7;208,10,9;209,11,-3;210,-12,0;302,21,5;308,5,-1;309,-7,-6;401,10,4;403,10,1;406,-7,0;409,15,0;410,15,9;411,-2,-7;415,1,7;419,26,17
rua|madre|beatriz|centro|36970000|17,-2036014,-4196058;30,-5,7;40,19,1;70,18,7;80,17,8;90,12,9;135,1,-33;183,78,43;197,9,1;211,16,4;221,3,5;235,17,0
rua|major|lopes|santo antonio|36970000|410,-2036170,-4195351;422,-15,2
rua|major|lopes|sao vicente|36970000|55,-2036213,-4195369;385,38,42;400,-20,9;409,1,-6;412,3,-5;414,7,-5;416,-16,-12;430,-2,-26
rua|padre|jesus moreira rezende|santo antonio|36970000|25,-2036339,-4195164;35,8,1;74,-16,30;75,2,-6;481,-3,-19
rua|professor|esser|roque|36970000|7,-2035644,-4195338;12,3,-16;17,19,28;20,-19,0;22,0,-41;30,-3,-6;31,9,56;32,4,5;34,-8,-32;42,1,43;47,8,6;56,-8,2;62,-4,6;68,8,12;69,4,7;84,-14,13;98,7,7;103,3,-4;121,-7,31;122,4,-17;128,-1,23;134,-7,11;145,-6,-5
rua|santa|luzia|mangueira|36970000|27,-2035124,-4195776;35,-12,19;40,-19,-7;45,9,-8;51,-9,1;53,-13,16;61,-7,6;65,-12,-8;69,-3,2;74,10,-7;79,-22,6;89,-2,7;97,-10,1;101,-4,4;103,-6,3;104,-282,-71;105,264,78;106,28,-12;127,-29,23;128,10,-20;137,-22,12;138,21,0;150,-12,4;160,-17,-16;168,-7,9;175,-12,-14;184,-6,2;196,-3,3;204,-27,7;214,-6,-22;220,-3,4;230,-16,0;238,3,-9;246,-13,3;248,-3,0;265,-7,7;271,-37,8;273,10,-1;326,-49,-21;330,-16,-10;347,4,10;350,-15,-14
rua|santa|teresa|nossa senhora de lourdes|36970000|76,-2035240,-4194854;82,8,4;84,-18,9;85,-2,1;86,-4,12;90,-23,16;100,9,6;137,30,-53;139,-17,22;141,-8,12;145,19,16;148,-29,-2;153,13,10;156,-13,-1;158,3,2;167,2,-12;175,1,14;195,-3,1;234,-11,1;235,1,-3;240,-23,8;245,8,3;250,-4,-9;5317,3,19
rua|sao|cristovao|centro|36970000|11,-2035070,-4195470;25,6,-5;31,-3,-6;39,1,-10;47,-1,-2;55,4,-10;63,-3,-11;71,-5,-16;74,5,10
rua|sao|geraldo|nossa senhora aparecida|36970000|209,-2034962,-4196141;215,5,-18;216,-12,5;220,12,-30;223,-4,18;225,3,26;226,1,-38;227,-8,0;228,9,-1;229,5,-6;230,-4,-6;236,2,-11;237,7,-17;245,-2,24;248,-4,-21;255,-4,30;325,7,-24;400,-3,17
rua|sao|jose|santa rita|36970000|37,-2036549,-4195999;45,-16,2;63,-14,-9;67,0,2;75,-5,6;79,-8,-9;81,-2,3;87,-10,2;93,-2,-9;99,-6,6;105,0,-7;113,-3,-8;119,-9,2;130,-3,-13;135,-16,2;140,4,-4;150,-11,0;151,-4,34;155,4,-37;156,-5,3;161,-9,-5;162,2,5;169,-8,0;176,-1,-1;177,-8,4;183,1,-12;186,-4,10;191,-8,-6;194,-3,10;195,-2,-9;202,-7,6;203,-21,4;205,18,-8;210,-7,-1;216,2,7;220,-6,-4;240,-15,11;250,-1,3;277,50,24;280,-47,-12;282,6,1;292,16,7;300,-1,0;310,11,-13;320,12,24;330,3,-9;360,15,11;370,14,7;380,7,-4;390,14,11;400,12,0;410,6,4;420,17,-1;430,10,3;440,0,1;450,29,21;460,-31,-23;470,28,5
rua|vereador|durval jose da silva|cidade jardim|36970000|39,-2035054,-4195343;49,-14,20;69,-11,-23
rua||31 de julho|santo antonio|36970000|68,-2036205,-4195401
rua||31 de julho|sao vicente|36970000|21,-2036213,-4195402;45,7,-7;57,6,-11;69,2,-9;75,2,-1;78,-10,46;87,16,-56;151,21,-45;210,-10,27;211,2,-7;450,-43,83
rua||abraao tannus|centro|36970000|28,-2035818,-4195762;46,3,10;66,6,11;78,5,1;90,19,27;100,0,3;112,6,-2;122,4,-13;132,8,40;134,-1,18
rua||adair pinheiro|mangueira|36970000|2,-2035344,-4195711;4,7,9;6,-4,3;8,22,3;12,10,15;14,-3,-6;16,21,6;20,11,-4;22,127,-26;35,-107,38;40,22,-10;41,-5,7;43,5,0;44,13,-12;45,-3,0;46,16,-6;47,-10,2;48,12,-1;49,3,0;50,4,-2;51,5,-5;52,7,-1;57,11,-9;58,-10,11;60,14,-7;61,5,2;62,-3,-4;64,14,-1;65,9,1;66,-1,-2;67,15,0;113,-117,34;119,-13,-3;139,-8,-1
rua||agripino casqueiro|nossa senhora da penha|36970000|31,-2034654,-4195290;35,-108,32;55,83,40;60,-148,52;69,79,-104;78,-71,101;90,-1,-13;102,21,-31;106,-11,3;120,10,-11;131,0,-6;135,72,-53;154,-376,-182;166,338,214;178,3,-8;185,81,-27;186,-68,25;187,78,-29;191,20,3;194,-102,32;195,-7,-11;199,108,-14;200,-89,7;204,4,-11;214,8,3;215,80,14;220,-81,-15;223,80,19;228,-70,-28;231,75,31;236,-70,-20;239,64,23;243,-2,13;246,-51,-47;250,6,-3;255,-8,17;261,-77,224;265,120,-192;274,-10,-47;279,0,61;301,-2,18;309,0,7;313,6,10;317,15,-6;333,-20,13;335,-5,18;344,-1,-49;351,-3,50;356,5,-36;359,-4,49;361,2,-2;364,6,-39;373,-13,51;377,-3,1;385,-8,12;388,14,-41;395,4,44;397,-3,3;399,-1,10;400,-13,-20;413,-4,8;415,1,9;420,-12,0;423,1,1;429,-4,9;430,-7,-10;440,-6,15;441,9,5;442,15,-26;454,-29,28;465,-18,17;469,-12,15;474,-1,-6;480,40,-29;485,-51,44;488,48,-39;493,-50,38;503,-7,8;506,43,-39;511,-42,39;516,34,-31
rua||alcino goyaz|isidoro|36970000|5,-2036466,-4195772;238,2,52
rua||alfredo breder|nossa senhora de lourdes|36970000|12,-2035072,-4194954;16,-5,1;19,-3,0;21,-29,65;22,39,-87;27,-21,67;30,2,-57;31,6,-5;38,-4,2;39,-4,-2;44,-2,-4;45,-7,-6;51,-17,-14;58,9,17;63,-13,15;65,9,39;68,1,-61;69,2,33;77,1,6;78,-6,-46;84,6,15;90,-7,42;100,-9,-18;106,-6,4;107,4,-2;112,-8,6;119,10,10;120,-3,4;125,2,0;129,5,-2;133,1,10;137,-6,4;138,8,8
rua||anselmo campos|centro|36970000|4,-2036044,-4196038;12,3,-12;18,-2,-4;21,3,9
rua||antonio carlos|centro|36970000|7,-2036180,-4195910;12,-116,-42;15,101,27;18,8,9;19,0,-9;22,-312,-88;24,-3,-2;25,301,95;26,-154,-50;32,154,39;36,-7,-3;41,-2,30;54,29,-4;63,-49,-15;76,-12,2;78,28,-6;81,-17,6;83,-3,-7;84,-16,-2;91,0,6;103,-15,-6;110,8,9;115,-20,4;122,11,-12;123,-15,5;126,13,12;129,-16,-10;136,4,-7;141,-14,3;142,1,-9;163,-7,9;176,-29,-6;182,-9,-5;196,-6,0;214,-10,1;222,-14,0;228,-13,4;244,-14,-10;252,2,18;262,-14,-11;342,-89,-61;350,6,-6
rua||antonio carlos|isidoro|36970000|177,-2036325,-4195942;181,-12,16;185,-5,-16;193,-2,1;197,0,0;203,0,1;219,-16,-1;227,-10,-5;249,-11,8;277,-20,1
rua||antonio de azevedo mendes|mangueira|36970000|10,-2035318,-4195458;30,-3,4;149,-17,-15
rua||antonio jose sanglard|centro|36970000|15,-2036033,-4196070;83,9,-49
rua||antonio medeiros|cidade jardim|36970000|7,-2034784,-4195394;8,-13,-19;9,22,-15;19,-7,9;29,1,-3;36,-26,-9;37,15,4;43,5,-7;44,-8,-9;55,2,-5;56,6,-1;62,-10,-17;65,-5,12
rua||aristides braga|centro|36970000|3,-2035198,-4195828;6,8,6;7,1,-10;9,-5,-2;13,29,10;21,-18,-6;22,58,12;27,-40,-2;33,8,2;39,0,-4;40,-4,-1;45,6,1;50,7,10;51,2,-8;57,7,3;61,7,-4;64,-9,2;65,7,0;70,7,6;73,-8,-2;83,14,-2;88,2,4;91,9,-2;96,4,-3;99,4,12;106,6,-5;109,-6,-2
rua||aristides cristovao buthers|cidade jardim|36970000|8,-2034984,-4195519;12,7,46;15,2,-36;16,-13,-70;26,17,141;55,-7,-67;76,2,-30;86,-2,-4;95,3,83;100,-11,-90;126,16,86;220,-1,-63;232,-4,-12;244,-8,-11;256,10,-14;257,-14,6;270,3,-13;292,9,-11;301,-5,-18;303,-5,-9;306,16,2;322,-16,-8
rua||arlindo damiao rodrigues|nossa senhora aparecida|36970000|26,-2035148,-4196753;27,-11,18;35,5,-18;36,-2,-9;46,-16,3;47,15,-12;48,2,-11;49,-8,0;53,-11,-19
rua||arlindo gomes dos reis|nossa senhora aparecida|36970000|49,-2034701,-4196650;63,-1,10;129,34,63;135,-2,-1
rua||arlindo virgilio emerick|roque|36970000|20,-2035586,-4195265;30,-17,-1;35,7,-2;40,8,7;69,2,-8
rua||azaleia|morada nova|36970000|11,-2034793,-4194870;23,-5,8;35,-13,-8;47,-5,2
rua||bandeirantes|vila rica|36970000|27,-2034543,-4194455;121,-6,-13;123,-11,15;135,-4,5
rua||batalha neto|roque|36970000|8,-2035668,-4195350;10,-24,9;17,16,8;20,-8,-6;34,-8,6;41,1,16;50,-5,-7;52,-2,4;55,4,1;64,-9,-3;70,-12,20;71,-1,3;80,52,-59;85,-49,66;92,-14,-6;93,-4,40;95,-2,-24;100,4,-4;112,-7,6;120,-15,4;124,0,3;134,-11,-11;142,-3,21
rua||belo horizonte|centro|36970000|213,-2036424,-4195743;219,-9,12;227,10,-1;233,-6,10;241,-5,8;247,4,12;253,0,3;263,-4,11;273,2,2;283,-1,20;295,1,-1;315,1,19;325,92,30;361,-81,12
rua||belo horizonte|isidoro|36970000|16,-2036402,-4195922;17,-1,11;30,-62,290;31,-18,-12;32,5,-6;33,-1,3;34,0,0;40,67,-263;56,-6,6;70,-1,24;84,6,16;88,0,0;96,-11,8;116,0,20;122,-14,12;141,14,8;142,-1,-7;144,-4,9;153,8,6;154,-10,3;166,3,2;169,2,4;186,-3,28;198,0,0;206,0,12;212,0,19;220,-1,0;232,-8,13;238,-15,-2;242,18,15;252,-18,2;258,11,3;277,36,-225;318,-32,280;322,1,23;356,9,-98;374,5,129;394,22,24;398,-6,-14;416,17,25;420,15,26;496,86,53
rua||belo horizonte|sao vicente|36970000|445,-2036341,-4195520;461,2,6;491,24,10;493,5,14;495,9,7;511,3,3
rua||benedito justino|nossa senhora de lourdes|36970000|2,-2035250,-4194943;4,-11,14;8,7,42;10,-25,5;16,36,-56;18,-11,-3;20,18,42;23,-19,1;25,-39,61;30,4,-107;36,45,53;38,-15,-21;44,7,28;64,14,13;65,-17,-26;86,-22,20;88,31,-21;90,-25,51;98,1,-17;104,1,6;109,-10,0;112,4,2;120,-11,8;125,5,1;131,-5,10;136,-10,9;149,4,4;157,-10,-4;162,6,0;179,-3,9;220,1,11;250,14,-28;421,-12,8
rua||bernardino correia|roque|36970000|4,-2035857,-4195295;12,2,3;37,34,1;45,11,5;61,1,4;75,14,3;76,-9,2;85,18,7;90,-6,4;97,8,3;100,8,3;112,1,9;130,16,1;135,3,6;136,-15,15;147,18,-16;151,3,20;159,3,3;165,23,4;176,-29,20;188,29,-13;198,6,7
rua||boa esperanca|nossa senhora aparecida|36970000|35,-2035184,-4196775;57,-6,13;59,6,-11;60,-10,25;70,1,-4
rua||boa esperanca|nossa senhora da penha|36970000|100,-2034694,-4195185;104,-8,-1;116,1,-3;117,1,5;122,-13,4;124,-17,8;129,7,-1;135,-2,1;141,-5,4;143,-4,4;144,6,-11;148,-8,7;158,-8,5;160,-7,2;163,10,-1;164,-16,3;170,-8,7;175,11,4;187,-5,-1;191,-2,-3;197,-6,2;203,-1,5;205,6,-6
rua||bromelia|morada nova|36970000|18,-2034624,-4194830;26,-18,-3;34,-4,9;40,16,-4;42,-31,-5;45,2,-8;50,-2,2;58,-12,-12;66,-8,-13;74,-6,8;90,-11,-1;98,-5,-3;106,-11,-8;110,-156,-48;114,154,50;122,-9,0;130,-2,-9;138,-10,-2;154,-17,-3;182,-38,-5;183,-2,-7;190,-12,-4;191,6,8;198,-1,-7;199,-5,-8;206,5,10;207,-15,-5;214,-2,-12;215,-33,10;222,36,-49;223,-23,43;230,14,-7;231,-24,10;238,8,-18;239,-10,6;246,14,-1;254,-20,-12;270,-4,10;278,0,1;281,-24,-5;286,11,-7;294,-19,0;3075,31,11
rua||caetano flora|centro|36970000|7,-2035945,-4195851;8,-216,-130;10,271,124;18,2,7;20,-272,-84;25,266,77;29,4,-2;32,-4,7;37,-8,-8;38,1,1;46,-9,-8;49,8,7;57,-25,25;67,-13,-33;79,-2,1;86,-4,10;95,-8,-18;96,-12,-9;113,-15,2;122,1,-4;123,-9,-5;130,12,11;131,-16,-11;136,-7,-1;139,-10,-8;141,19,2;142,-9,13;147,1,-11;160,-12,3;165,1,-8;169,-7,15;172,-2,-17;173,-14,-11;183,-5,-4;184,13,22;188,-4,-11;192,-9,1;196,-7,1;203,-6,-15;206,-5,11;213,1,-6;215,1,0;220,-4,8;223,33,-38;230,-39,27;236,-13,2;250,-7,-2;256,-2,8;272,2,-7;294,-22,-3;302,-17,-10;306,-2,3;310,-19,-15;424,164,60
rua||candido rodrigues|centro|36970000|12,-2035724,-4195910;38,5,-6;69,-12,73;72,-4,-25;79,7,36;88,-1,9;92,0,2;97,11,-33;121,-33,30;123,-5,4;125,4,14;131,-4,0;139,10,-12;145,-18,9;159,-10,-15;680,41,-59;690,5,-5;780,-2,-22
rua||carolina pereira|santa rita|36970000|6,-2036953,-4196034;18,-2,-7;40,-7,-20;50,-7,11;68,-6,-18;73,-2,3;74,-1,-5;79,-8,2;80,0,-2;86,0,5;96,-14,-10;97,7,15;105,-10,-12;114,-5,-10;117,-2,3;120,-21,-2;121,26,4;125,-10,5;126,-13,-14;132,-1,2;133,4,11;139,-4,0;141,-9,-3;142,6,-7;152,-4,-3;155,-7,11;163,-10,-5;168,-2,-10;174,-30,23;178,6,-22;189,16,6;190,-12,-11;199,-11,11;200,-5,23;203,-6,-11;205,28,-13
rua||castanheiras|campestre|36970000|5,-2034600,-4194056;6,0,5;7,-7,-2;8,12,15;9,-10,-1;10,-8,11;11,3,4;12,-6,7;13,-1,0;14,-7,-15;15,-1,22;17,-7,2;18,-7,5;19,2,9;20,-9,-9;21,-8,6;22,-7,19;23,-4,9;24,-8,2;25,-6,3;26,0,9;27,-4,15;50,82,-94;62,-10,7;69,-77,117;70,3,-7;71,-5,1;72,4,18;108,42,-100;116,-5,7;138,-16,4;148,-5,12;154,-7,1
rua||cedro|campestre|36970000|119,-2034624,-4193907;120,13,2;121,9,-10;122,1,-7;123,7,3;124,10,-11;125,2,0;126,5,-8;127,5,2;128,3,-7;129,9,-1;130,3,-9;131,2,1;133,-23,26;134,-4,-1;135,-6,7;136,-2,3;137,-5,8;138,-10,10
rua||celina vieira|nossa senhora aparecida|36970000|47,-2034657,-4196651;80,36,12;90,-9,-13;113,2,-18;114,7,1;125,6,-14;126,-6,3;138,3,-13;149,-3,-18
rua||conceicao rodrigues|nossa senhora aparecida|36970000|35,-2035170,-4196734;41,-23,-1;50,2,1;62,-19,-9;63,-2,3;96,-21,-11;110,-10,-1;131,-32,5
rua||das acacias|nossa senhora aparecida|36970000|19,-2035041,-4196688;20,5,22;37,-2,6;42,-1,12;51,4,4;91,10,25;92,-13,7;96,3,-55;99,11,59
rua||das mangueiras|mangueira|36970000|9,-2035528,-4195754;17,273,17;31,-24,5;35,-1,6;45,1,3;49,72,29;50,-74,-30;55,-17,-2;60,-3,-2;61,-2,8;69,-4,-8;75,-9,-6;76,-87,8;83,82,5;93,-11,-7;99,-1,0;100,-125,-25;107,113,24;120,-127,-21;128,-2,-10;138,-19,0;141,121,39;144,-126,-40;149,134,38;158,-150,-33;164,-2,-6;170,32,-2;174,84,52;175,4,-9;182,-27,-15;189,-23,13;190,-88,-30;194,-10,9;199,131,14;210,-145,2;211,133,-8;221,-4,1;231,-10,-10;232,-145,27;237,78,-43;243,63,13;249,-15,-7;257,-1,3;260,-126,41;267,108,-56;272,-108,74;275,104,-65;287,-7,1;290,-92,65;293,85,-64;295,-89,67;305,67,-63;310,163,23;311,-200,3;323,11,-18;325,-4,8;331,2,-6;341,-18,17;361,-4,6;385,-16,13;400,6,-5
rua||das palmeiras|nossa senhora aparecida|36970000|35,-2035085,-4196714;410,124,71
rua||delfina vicente nasser|centro|36970000|7,-2036085,-4196141;18,-2,16;26,-9,11;34,13,-10;42,-5,-14;50,12,-4;57,3,-5;60,-1,-2;67,1,-17;68,1,9;80,1,-7;81,-3,6;96,4,-8;97,-2,1;98,-5,-7;99,-2,-4;100,-8,6
rua||dezenove de marco|nossa senhora aparecida|36970000|1,-2034903,-4196079;3,-139,42;5,15,1;20,90,-19;22,21,-53;26,2,15;37,4,-3;38,-5,2;40,-24,29;45,35,-21;46,-10,1;57,2,9;58,-3,0;60,4,11;65,1,-5;66,3,13;268,-4,-52;278,-11,-15
rua||diamante|sao vicente|36970000|33,-2036213,-4195483;36,6,-13;40,-7,-4;41,-3,-1;75,9,-5;86,63,-38;87,-54,37;91,56,-32;95,-50,25;129,12,-7;139,10,-3;151,10,1;164,-25,5;169,35,-1;175,5,-9;301,24,-108
rua||diocelio fortunato gomes|nossa senhora aparecida|36970000|25,-2034613,-4196541
rua||domingos destro|roque|36970000|297,-2035739,-4195042;309,-5,-6
rua||dos imigrantes|nossa senhora aparecida|36970000|126,-2035145,-4196169;138,-8,-5;142,0,-7;154,-13,-5;188,-4,-25;198,-10,-13;208,0,-7;218,-13,-6;228,7,-7;238,-23,5;248,7,-23;254,-14,0;260,8,-15
rua||dos ipes|nossa senhora aparecida|36970000|7,-2035094,-4196613;34,12,6;46,7,4;54,1,13;121,-33,-32
rua||dos migrantes|nossa senhora aparecida|36970000|127,-2035145,-4196181;145,-9,-13;190,-17,-21;195,-4,-23;237,-24,-10
rua||dos trabalhadores|nossa senhora da penha|36970000|237,-2034830,-4195027;310,0,-3;316,3,10;483,-84,43;520,105,-65;525,-13,7;526,10,-8;540,-6,8;555,-8,8;563,-17,2;573,-1,4;585,-12,8;599,-10,7;611,-5,0;625,-5,2;630,-15,14;631,6,-9;637,-3,2;640,-7,6;649,-9,4;653,-4,6;675,-1,0
rua||dracena|morada nova|36970000|1,-2034726,-4195040;2,-12,8;3,-10,-3;4,-3,1;5,-10,4;6,0,4;7,-12,6;8,-11,4;9,-1,5;10,-13,2;11,-6,2;12,-12,9;21,118,-60;22,4,10;23,-27,-1;24,-8,5;25,-2,10;26,-4,3;27,-9,-3;28,-10,7;29,-12,-1;30,-1,2;31,1,2;32,-20,11;33,-4,-3;34,-2,16;35,-5,5;36,-17,7
rua||durande|centro|36970000|3,-2036125,-4195918;9,-22,27;27,-2,16;35,-10,6;43,1,2;53,-16,6;63,-10,15;79,-4,16;87,-3,1;99,-4,5;103,-1,7;113,-4,3;119,-1,4;127,-6,12;137,1,2;149,-21,17;157,11,-1;163,0,10;165,-4,10;171,-9,14;193,0,11;207,-8,1;217,3,7;223,10,6;231,-17,12;233,25,7;237,-31,-1;241,3,9;251,-4,8;261,-4,6
rua||durande|isidoro|36970000|130,-2036202,-4195802;138,-8,4;144,-4,-5;150,2,6;160,0,10;176,0,6;184,-20,25;204,6,1;234,-31,29;256,7,23;286,-12,29;322,2,7
rua||elaine marta estanislau|cidade jardim|36970000|102,-2034812,-4195326;470,-22,-25
rua||elias fernandes de souza|cidade jardim|36970000|646,-2035165,-4195048;650,-8,1;654,-10,-8;674,-23,7
rua||elias mussi|centro|36970000|134,-2035762,-4195673;144,2,20;146,-6,-22;151,3,15;152,7,6;153,-3,-2;160,10,13;163,-2,-1;171,-3,11;173,3,3;175,5,8;176,-7,-10;182,-1,9;197,5,14;200,13,-9;202,-8,14;203,2,-3;204,6,10;210,-3,5
rua||eloy ubirajara|santo antonio|36970000|13,-2036347,-4195181;33,353,-255;43,-4,2;50,12,87;51,-16,-101;60,4,98;61,-14,-19;66,20,19;67,-19,5;72,5,-3;79,-25,11;80,18,-12;96,-18,0;105,-7,-10;106,68,-657;118,-79,648;126,-1,1;134,-9,-3;141,0,1;146,-1,-10;160,-16,6;161,-9,1;162,7,-6;168,-7,24;176,-20,-19;177,11,5;186,-20,-8;191,-6,14;199,-8,18;206,-9,-14;211,18,11;229,-15,10;230,-16,-3;231,11,7;234,-21,-8;238,4,4;250,7,15;261,0,6;273,-16,18;276,17,10;280,-14,0;288,-4,2;294,-3,-4;305,-4,10;306,-22,13;312,-6,-21;313,18,8;335,-44,-3;336,-1,7;338,-8,-5;351,2,-1;357,-4,6;396,-37,3;401,-14,24;403,-5,-2;412,13,-5;422,-14,3;423,-24,27;425,19,-21;427,-12,16;438,2,-20;440,-22,19;443,4,17;449,0,-1;455,-4,15;463,13,9;465,-1,1;471,-20,0;481,-17,20;485,-4,10;491,-11,7;495,-3,8;503,-4,5
rua||emilio vendas rodrigues|centro|36970000|7,-2034921,-4195860;29,-20,4;41,-8,-2;42,17,2;55,-46,23;56,40,-10;75,-40,1;83,-7,12
rua||eugenia|morada nova|36970000|38,-2034699,-4195028;39,-2,-3;40,-6,6;41,-9,4;42,-4,3;43,-13,11;44,-5,0;45,-8,10;46,-17,-2;47,0,1;48,-5,6;49,-8,8;50,-8,2;51,-7,5;54,98,-47;55,-9,2;56,-9,-5;57,-9,17;58,-10,2;59,-5,4;61,-12,4;62,-6,2;64,-11,19;65,-12,-3;66,-11,6;67,-7,4
rua||eulalia de freitas|santo antonio|36970000|228,-2035884,-4195476;238,15,-11;248,-11,0;252,-5,-8;256,-6,-3;260,-1,-7;261,8,17;264,1,-1;275,-3,-9;280,-15,-10;310,3,-23;324,35,63;326,-4,-3;346,-2,-5;382,-27,-31;428,-11,-20
rua||felicio rossi ponce|divineia|36970000|486,-2037243,-4196029;496,-17,11;518,-10,-11;524,-6,16;526,-10,-11;536,-8,8;544,-3,-8;556,-16,15;564,-10,-3;572,-4,0;580,-11,-3;590,-2,2;600,5,16;608,-13,0;616,-11,-4;622,-8,-1;630,-5,-2;636,-2,9;642,-6,-8;650,-5,15;660,0,-9
rua||ferreira ventura|santo antonio|36970000|2,-2035792,-4195430;6,-1,8;12,-8,10;18,-5,-3;20,-6,8;38,-10,12;46,-13,2;58,-9,3;63,3,-5;72,1,1;78,-12,22;82,-6,-10;86,2,10;94,-9,4;104,-4,-2;129,-31,16;136,5,-8;145,-12,6;150,-5,6;151,-4,0;165,-20,20;174,19,-14;179,-4,-3;185,-8,13;186,-7,-11;191,-2,15;192,-5,-3;199,5,4;206,-16,-27;223,-5,40;229,-8,2;236,-21,10;239,18,-6;248,-15,-3;249,17,6;254,-30,-5;261,15,6;264,-21,6;271,17,-5;281,-18,8;286,-19,-4;289,8,8;294,-13,4;299,11,-3;302,-14,3;309,7,-3;318,-24,8;322,0,0;323,19,0;329,-6,0;332,-15,5;348,-14,10;361,-3,5;364,-12,0;367,33,-12;372,-40,12;376,-5,5;383,13,-5;391,-18,7;395,-6,5;405,-10,10;413,-10,1;414,-3,-21;417,-5,19;425,-3,6;432,-1,-8;433,-9,2;439,-9,-5;440,21,-10;445,-23,13;447,-7,-5;448,15,4;459,-19,10;465,76,-41;471,-90,27;489,-17,-20
rua||ficus|morada nova|36970000|44,-2034772,-4194947;60,89,-52;61,-10,1;62,-3,-1;73,-4,5;75,-24,12;78,-22,11;79,-2,6;80,-9,-1;81,-11,3;82,-7,7;83,-9,2;84,-8,19;86,107,-62;88,-15,10;91,-20,5;92,-1,3;93,-9,8;94,-9,-1;95,-6,7;96,-6,2;97,-2,6;98,-12,6;99,-16,15
rua||flamboyant|nossa senhora aparecida|36970000|1,-2035074,-4196716;108,60,28;123,86,109;128,-84,-100;135,93,73;147,-3,-3;159,-11,-12;171,-13,-5;183,0,0;189,-8,-5;200,-46,-38;219,22,37;253,-19,-34;280,25,18
rua||flor de maio|nossa senhora aparecida|36970000|28,-2035096,-4196709;40,-2,11;50,-2,4;55,-7,2;60,2,7;65,-4,3;75,-5,5;80,2,16;85,-5,-5;90,1,5;100,0,12;107,-5,2;136,0,25
rua||francisco melo sobrinho|cidade jardim|36970000|7,-2034794,-4195392;18,-30,21;25,-12,-12;26,13,6;36,13,-3;40,15,-11;42,6,2;46,19,-21;47,-10,8;52,9,0;60,6,4;78,9,-8;85,-11,4;86,13,-7;94,2,-8;95,-12,-9;101,2,-5;102,5,10;122,9,-14;123,-13,-11;135,0,2;136,3,4;148,-2,-11
rua||genoveva khede|vidal soares|36970000|58,-2035471,-4195417;109,-27,-3;112,-8,-2;128,36,-1;135,8,5
rua||geraldo magela|nossa senhora de lourdes|36970000|23,-2035275,-4194906;26,-42,-2;33,19,39;34,6,1;35,-7,2;36,39,-99;38,-62,143;41,62,-123;112,-31,75;119,1,-10;120,2,8;132,-1,-13;142,-5,11;172,-14,10
rua||germano duarte|isidoro|36970000|25,-2036387,-4195890;31,4,2;41,5,21;49,0,-16;55,18,-1;63,4,-7;71,-3,2;79,16,-6;87,9,20;228,4,-17
rua||girassol|morada nova|36970000|13,-2034746,-4194919;15,9,-6;19,3,-9;29,-2,-2;32,14,0;33,-2,-4;40,10,10;41,4,-12;48,8,-5;49,3,1;56,-2,3;57,0,-9;64,1,5;65,9,-9;72,11,0;73,-7,-5;80,12,4;81,-4,-1;88,6,-8;89,-6,1;104,-10,4;105,27,-13;112,6,8;120,6,-12;142,18,-6;143,-2,-6;144,4,2;151,-107,62
rua||guilhermina jupira emerick|mangueira|36970000|5,-2035561,-4195668;22,55,356;45,11,5;76,20,-45;80,1,-108;86,-12,119;88,-14,18;92,33,-41;107,7,-92;109,-15,-6;112,9,44;122,3,23;140,-4,-21;162,9,-35;179,32,-47;180,-41,44;200,-20,-84;250,-65,-88;353,74,108;356,-51,-59;375,47,60;387,-30,-29;394,-40,-67;403,22,52;413,-4,-11;425,1,-2;426,-20,-58;437,10,49;438,-8,-63;459,-5,32
rua||guilhermina jupira emerick|vidal soares|36970000|85,-2035469,-4195388;106,2,-23
rua||harondinon barbosa de souza|santo antonio|36970000|23,-2036411,-4195034;57,5,-12;125,13,-47;145,-8,14;5490,-15,106;5660,17,-113;5670,3,-6
rua||hibisco|campestre|36970000|28,-2034674,-4193959;29,22,11;64,-1,9;79,9,9
rua||hortencia|morada nova|36970000|11,-2034699,-4194908;19,9,-6;26,8,12;27,-5,-10;42,24,-14;43,-7,6;50,8,-2;51,-3,13;59,3,-14;66,-623,-40;67,630,43;74,15,-17;82,-8,-6;90,19,0;91,-6,0;98,17,1;106,10,-11;107,-8,4;114,4,-6;115,-4,-1;122,16,0;125,-7,-7
rua||ildefonso valentim da silva|nossa senhora aparecida|36970000|13,-2035197,-4196582;33,4,22;43,5,4;68,7,12;83,10,23;84,0,-11
rua||ilvarina goncalves da silva|nossa senhora aparecida|36970000|34,-2035099,-4196810;35,9,2;58,7,7
rua||iris|morada nova|36970000|17,-2034650,-4194889;25,15,-6;32,1,-7;33,2,-7;41,6,11;46,8,-5;48,-18,-3;49,22,5;57,-1,-2;65,4,-11;73,10,-12;74,5,8;81,5,2;82,2,-6;91,1,-8;97,0,3;98,42,-10;235,-105,47
rua||isaura martins pereira|vidal soares|36970000|7,-2035495,-4195140;10,-14,6;19,12,-5;25,-23,8;37,4,3;40,2,0;50,-9,0;60,-4,9;63,-2,-9;68,-4,14;70,-7,-10
rua||jacaranda|campestre|36970000|30,-2034645,-4193950;31,2,-12;32,10,-6;33,-1,-1;34,4,-8;35,5,0;36,11,-14;37,3,2;38,12,-9;39,0,-5;40,7,-5;41,3,-4;42,9,-9;43,3,3;44,3,-10;45,4,-2;46,8,-8;47,8,8;48,-8,10;49,-4,-1;50,-3,4;51,-11,11;52,-3,5;53,-6,6;54,-9,-5;55,-2,9;56,-14,8;57,-2,3;58,-6,1;59,-3,13;60,-3,1;61,-9,3;62,-10,7;63,3,1;65,-21,18;66,-2,4;67,-1,4;68,-10,8
rua||jair ribeiro|nossa senhora da penha|36970000|15,-2034791,-4195250;20,14,-10;21,33,-35;22,-18,26;25,1,-22;27,17,-3;30,-16,8;34,12,-18;45,15,-2;47,5,17;57,-34,10;67,22,-14;73,30,-4;75,5,-18;77,10,0;85,9,-8;90,-17,8;93,22,-3;100,-5,3;117,6,-7;123,5,-4;135,4,-7;143,-7,1;148,-4,8;152,13,-1;153,13,-15
rua||jasmim|morada nova|36970000|4,-2034557,-4194889;6,3,-6;15,-24,8;16,12,-6;22,-8,9;23,7,-7;31,-9,5;39,-8,-1;47,-10,0;55,5,12;60,-15,6;61,2,3
rua||joao antonio vaz|santa rita|36970000|14,-2036909,-4195989;15,10,1;16,0,-7;17,1,2;18,0,-3;19,5,-4;20,1,2;21,-1,-2;22,13,-10;26,4,-7;28,6,-4;30,-3,2
rua||joao batista felipe|cidade jardim|36970000|17,-2034807,-4195393;21,-13,16;25,17,-32;31,-9,-11
rua||joao firmino da silva|nossa senhora da penha|36970000|17,-2034692,-4195290;23,6,2;35,9,-12;36,41,15;37,2,-9;42,-47,-26;43,15,13;50,15,-2;57,4,-2;60,3,-1
rua||joao guilherme schott|nossa senhora aparecida|36970000|13,-2034609,-4196544;51,-3,-27;62,-8,-7;123,65,-6;128,19,1;134,3,-11;135,-7,12;141,5,-8;147,7,4
rua||joao hubner franca|centro|36970000|435,-2035847,-4195621;453,-3,-25;455,-39,-87;461,27,71;471,0,-8;479,-16,6;503,0,-32;515,3,-9;525,-6,-15;649,-11,-23
rua||joao hubner franca|santo antonio|36970000|15,-2035975,-4195353;22,12,-6;28,10,-7;42,-5,3;45,4,-3;50,10,-8;59,3,-3;60,-2,-13;67,12,9;75,-9,-30;80,13,29;85,4,-11;91,8,-9;101,4,5;111,19,-4;112,29,-46;121,-26,40;127,5,-8;135,1,-3;149,19,-20;157,3,-11;165,-11,-7;202,44,-6;204,-14,10;206,-121,116;210,154,-140;212,4,-2;239,-30,5;245,-15,11;255,24,-16;261,8,-7;269,1,-2;272,20,-6;277,-14,3;280,15,-9;285,-11,2;288,13,-8;294,0,-6;298,-6,-2;306,0,-8;312,-4,-7;320,1,-8;328,-21,-47;329,34,79;334,-18,-47;335,10,34;336,-56,62;341,28,-61;372,3,-71;396,-8,-13;400,-6,-15;420,-7,-23;430,5,9;462,-20,-42;494,-16,-27;500,-4,-12;650,-9,-37;714,48,249;715,6,9;718,1,-8;730,5,13
rua||joao jorge dos santos|centro|36970000|515,-2036287,-4195457;527,7,-4;529,11,5;535,-13,9;539,12,5;543,11,9
rua||joao jorge dos santos|sao vicente|36970000|462,-2036275,-4195446;464,12,11;470,0,11;482,-4,0;494,15,17;508,2,2;516,9,11;521,6,-2;526,-1,6;538,2,4;556,-8,-30
rua||joao jose diniz|cidade jardim|36970000|13,-2034945,-4195166;30,-44,18;31,12,-20;32,7,12;50,-4,-6;80,13,-1;90,8,-6;110,17,13;133,-4,-5;150,12,3
rua||joao maroni|centro|36970000|9,-2035852,-4195902;10,6,-10;15,-5,6;38,-14,27;48,-2,-3;49,1,8;61,0,10;72,-3,-4;73,-1,16
rua||joao miguel de oliveira|sao vicente|36970000|25,-2036241,-4195441;28,1,2;29,24,-19;37,-14,8;42,4,-2;43,15,-16;49,18,-22;63,-1,-2;70,-22,30;85,39,-48;86,-29,37;108,8,-13;118,8,-12;130,9,-7
rua||joao pereira da silva|nossa senhora da penha|36970000|30,-2034665,-4195253;40,-22,-5;55,4,4;57,-7,-1;58,4,2;61,-15,9;66,4,0;79,-10,0;86,-4,1;88,-11,3;90,-3,7;92,-5,1;95,6,-5;110,-14,3;117,-10,3;123,-4,5;127,-4,0;134,-32,-2;141,25,8;157,-15,-8;163,-7,-2;282,122,-12
rua||joaquim marciano de oliveira|cidade jardim|36970000|23,-2034723,-4195394;35,-9,-40;43,22,0;67,-23,2;79,1,-12;85,3,12;91,0,11;97,19,5;115,13,5;127,8,-12;135,7,11;145,4,-4
rua||joaquim martins|centro|36970000|117,-2035745,-4195509;127,4,17;133,-10,12;141,-6,13;149,-14,0;161,4,5;162,-18,14;164,17,-13;166,-13,18;168,4,14;175,10,-13;185,-25,5;194,54,-65;197,-58,63;205,-8,21;215,5,-11;227,-3,7;230,78,-173;232,-6,6;235,-78,179;240,79,-152;241,8,18;246,-4,-13;247,-41,83;253,45,-66;254,-5,-3;259,-98,152;260,100,-145;265,-14,7;266,-3,-7;271,-87,157;272,91,-145;283,-95,148;295,-14,18;315,-8,20;321,-8,14
rua||joaquim martins|santo antonio|36970000|274,-2035833,-4195375;292,-10,4;302,-2,15;326,-11,14;340,-7,10
rua||jorge caetano dos santos|nossa senhora de lourdes|36970000|5,-2035097,-4194876;13,-7,15;18,4,-12;19,-10,8;20,42,-33;25,-50,33;27,31,-20;28,4,3;33,-9,-10;37,-31,38;39,44,-32;40,-2,7;44,1,-7;45,-22,20;48,28,-20;50,17,-6;53,-27,17;56,32,-25;57,-75,65;60,83,-69;61,-21,15;62,20,-16;63,-91,72;70,103,-75;71,-106,80;75,94,-70;77,-92,78;79,86,-67;80,21,-20;83,-110,93;85,105,-86;86,25,-33;87,-21,20;88,-17,15;89,-96,83;90,-4,9;93,118,-118;96,29,11;97,-34,-3;99,3,-1;101,-61,54;106,85,-63;107,-8,2;109,2,-12;115,17,-15;116,-19,20;122,12,-13;141,-185,161;147,3,1;155,63,-62;163,-78,79;177,-15,-6;200,20,-13
rua||jorge jose duayer|centro|36970000|5,-2036312,-4196097;7,14,43;100,-2,25;111,3,77;114,-3,-68;116,-2,20;121,1,44;126,-6,-34;144,0,37;159,0,5;211,-5,39;219,8,8;223,-5,9;229,4,4;230,-5,6;241,0,8;253,1,9;277,-11,18;287,7,29
rua||jorge jose duayer|isidoro|36970000|177,-2036305,-4195912;206,-3,7
rua||jose costa|centro|36970000|1,-2036221,-4196136;5,-6,-5;21,-14,-4;26,204,70;31,-206,-62;36,181,52;42,-5,9;47,-1,-10;53,-192,-60;56,183,67;58,-5,-1;59,4,-17;63,-8,-1;67,-144,-37;75,127,34;95,-6,-7;105,-12,-1;130,-23,-5;144,-1,-7;150,-11,1;168,-17,-13;176,-9,8;198,3,11;220,-11,-18;228,-13,-7;230,-18,-7
rua||jose severiano ferreira|nossa senhora da penha|36970000|20,-2034738,-4195284;31,19,-5;36,-19,-7;165,17,2
rua||juca vieira|centro|36970000|21,-2036275,-4195837;33,-1,-3;49,3,-9;53,9,-3;59,6,-5;65,17,-11;71,-11,0;93,-7,10;107,16,-24;115,-2,-4;135,8,-16
rua||juca vieira|isidoro|36970000|14,-2036292,-4195817;24,13,-11;34,3,-8;46,5,-11;54,17,-3;60,32,-18;68,7,-20;90,-26,13;100,5,1;108,1,-15;118,-2,-12;126,1,-7
rua||juquinha albuquerque|mangueira|36970000|475,-2035461,-4195144;507,21,12;513,24,0
rua||juquinha albuquerque|vidal soares|36970000|10,-2035595,-4195540;14,237,450;40,-228,-417;60,-3,19;80,3,10;91,87,200;92,0,0;94,-85,-189;97,96,244;99,-13,-63;103,-81,-184;106,11,11;107,-7,-1;118,9,14;130,6,9;136,-4,11;149,10,10;150,-10,-7;157,8,7;160,5,7;169,-5,7;170,18,-9;177,-13,16;178,1,1;189,5,11;194,-5,-3;197,5,7;204,0,6;209,2,10;216,2,-8;217,7,13;226,-12,17;231,25,-5;243,-10,11;263,16,10;275,5,19;335,14,51;385,10,36;397,-3,20;445,-2,22;446,-79,-502;460,83,524;470,0,5;480,22,14;575,104,47
rua||lirio|morada nova|36970000|15,-2034607,-4194852;23,-1,4;25,-5,0;31,2,7;32,-2,-16;36,-3,-14;39,2,42;47,-1,2;63,-14,17
rua||luis correia|roque|36970000|20,-2035732,-4195218;30,12,-17;37,14,-2;40,-5,-8;41,9,-11;47,5,6;71,10,-18;159,-43,44
rua||luis quintino|centro|36970000|9,-2035733,-4195597;27,17,22;69,3,23;72,-34,-78;83,52,92;97,-6,6;106,12,2;107,-3,1;115,14,13;116,-3,6
rua||luis quintino|roque|36970000|64,-2035652,-4195374;137,2,-128;146,-28,9;149,13,2;157,-3,7;160,-1,-12;164,16,20;167,-2,3;174,2,7;180,-4,12;181,15,-8;190,-20,24;203,12,2;219,4,5;226,-11,-2;232,2,22;233,8,-1;240,-7,0;245,10,14;258,1,-3;265,6,15;270,-9,-3
rua||luiz cantamissa|cidade jardim|36970000|23,-2034906,-4195316;51,6,3;55,-3,18;59,-6,14;71,9,19;91,-31,-12;455,28,-25
rua||manaca|campestre|36970000|1,-2034551,-4194046;2,7,0;3,-13,-6;4,-12,-11;46,5,8
rua||mangabeiras|vila rica|36970000|14,-2034526,-4194574;16,14,134;18,-31,-140;38,11,34;76,-7,31;88,-2,1;110,2,24;120,10,28;132,-1,16;142,4,5;156,-4,14;186,12,36;200,-1,7;226,13,31;250,4,34;264,0,6;276,8,12;284,5,14;298,-2,11;318,11,16;322,6,8;334,0,4
rua||manoel barbosa|centro|36970000|7,-2035139,-4196138;15,12,0;17,12,1;27,3,10;31,9,1;35,10,-3;47,21,-6;65,1,12;71,3,-6
rua||manoel barbosa|nossa senhora aparecida|36970000|135,-2035036,-4196121;142,12,3;143,8,-10;150,2,3;153,-1,-19;158,-2,27;162,9,-5;163,1,-19;168,11,20;171,-7,-16;173,3,14;174,4,-2;180,8,-6;181,-4,2;188,2,3;191,7,-6;198,1,0;206,14,1;209,6,-2;226,13,1;232,8,3;243,-6,-2;248,21,5;249,3,-2;265,2,-1;275,11,6;279,8,-4;285,8,6;286,0,-8;293,11,8;297,10,-1;305,14,-4;310,-6,6
rua||manoel cler|santo antonio|36970000|52,-2036150,-4195443
rua||manoel cler|sao vicente|36970000|879,-2036181,-4195414
rua||manoel correa|nossa senhora aparecida|36970000|264,-2034486,-4196533
rua||manoel mendes de souza|nossa senhora da penha|36970000|29,-2034773,-4195122;39,-2,2
rua||marcelo ferreira bolsoni|nossa senhora de lourdes|36970000|30,-2034869,-4194817;52,-9,12;58,-1,-4;68,-11,13;74,0,5;82,17,-18;94,-40,22;104,-6,12;112,-7,5;126,-7,3;134,-8,9;142,-9,5;156,-9,6;168,-8,14;174,13,-33;178,-297,331;188,-10,-3;210,172,-93;216,94,-173;226,-18,9;236,-4,1;246,-2,17;254,-8,9;268,-268,293;274,261,-288;278,0,12;280,-23,5;282,-47,124;288,-208,157;298,-21,6;374,302,-225;384,-28,14;408,-309,309;428,5,10;430,-13,19;1025,39,-73
rua||marcelo ferreira bolsoni|vila rica|36970000|30,-2035334,-4194260;45,463,-547;61,-262,305;63,249,-287;75,-5,7;89,-268,286;111,-36,28;121,-10,5;131,-3,3;141,-12,6;151,-4,9;163,-8,-3;191,253,-287;201,-18,14;207,-129,168;211,115,-137;231,-5,-6;241,-4,12;247,-270,296;255,262,-288;257,-268,296;267,178,-188;279,79,-82;281,-8,15;287,-260,274;297,-10,17;307,-1,1;327,-6,7;389,-34,81;395,-18,17
rua||marcilia machado|nossa senhora aparecida|36970000|15,-2035206,-4196590;21,23,-5;38,8,0;50,-11,-18;57,29,-7;58,0,-6;65,6,11;67,6,62;86,-1,-62;1172,-92,214;1320,64,-221;1325,-8,5
rua||margarida|morada nova|36970000|11,-2034685,-4195033;17,16,12;23,-5,1;39,5,10;47,5,0;54,1,9;55,0,-1;59,-14,-16;62,19,29;63,-2,-3;71,4,14
rua||maria olinda|centro|36970000|81,-2036292,-4196142;95,-10,-2;105,-16,-3;115,-7,-4;119,-2,-15;128,102,26;149,-125,-12;163,-10,-4;175,-12,-7;189,-18,3;197,-8,2;203,-16,-7;229,-14,-1;241,-10,0;253,-8,-9;265,-13,3;279,-3,-3;285,-8,-3;293,-10,1;299,-3,-2;307,-3,1;315,-2,-13;339,-20,-4;349,-14,2;357,-19,11;393,-22,-24;403,-11,-3;419,-21,-10;455,-19,-7;477,-26,-24
rua||maria vidal rodrigues|nossa senhora aparecida|36970000|1,-2035049,-4196859;2,37,-17;4,-32,-11;6,0,15;21,11,16;41,10,9;128,0,35;140,7,-10;5945,-36,-10
rua||mariana medeiros|santa rita|36970000|8,-2036920,-4196054;14,8,5;25,27,32;32,-9,13;33,2,-18
rua||maristelma dias de faria|mangueira|36970000|25,-2035223,-4195566;34,-3,20;36,-3,4
rua||martinho moreira bastos|sao vicente|36970000|133,-2036029,-4195566;157,-3,-22;190,3,22
rua||mauro carlos de souza|nossa senhora da penha|36970000|27,-2034773,-4195222;85,-9,28;104,-11,14;141,-3,15;149,-21,23;153,41,-72;319,-42,84
rua||nadir de oliveira dias|santo antonio|36970000|40,-2036175,-4195380;80,18,19;420,-30,-17;428,21,16;460,22,-41;488,-4,-17;500,-14,38;555,3,-8
rua||nadir de oliveira dias|sao vicente|36970000|32,-2036226,-4195343;33,3,-1
rua||namir guimaraes|centro|36970000|14,-2036274,-4196182;22,-5,-12;51,-11,7;53,14,-15;71,4,8;76,-6,-29;85,-4,5;90,6,-20;93,-1,-5;103,-6,1;112,9,-10;119,-9,-6;137,1,-15;138,14,1;153,-12,-16;154,12,0;167,-9,-33;170,6,13;186,0,-5;191,-5,-14;201,3,-14;216,-2,-1;221,0,-16;246,-1,8;253,20,-36;273,-15,6
rua||neuzi moreira de castro|cidade jardim|36970000|475,-2034399,-4195450
rua||nicolau bracks|santa rita|36970000|86,-2036572,-4196033;110,-1,-5;111,-2,14;116,-12,-9;126,-3,-10;136,-19,-11;142,-1,-3;150,-1,-8;158,0,-4;164,-8,-2;170,0,-12;174,-9,-4;186,-5,-10;196,-9,17;204,0,-18;212,-14,6;216,0,-15;224,-9,10;246,-16,-13;292,-38,-4;294,-8,13;306,-10,6;312,-4,5;320,-12,2;326,2,7;334,0,9;336,-1,6;342,-4,3;350,-13,-3;364,-12,24;386,-3,0;388,17,12;390,-26,12;424,-9,18;430,-3,8;448,-19,7;450,15,14;468,-27,-4;470,-4,-1;476,-12,3;480,-6,4;486,-15,4;510,4,7;530,-5,-5;532,-20,10;548,-11,-7;555,6,8;563,-9,-14;572,-14,3;579,4,-3;589,-5,-16;597,-8,-4;601,-3,1;605,1,-10;612,1,3;613,-7,-16;618,-3,5;624,13,-9;630,-11,1;1300,10,32
rua||nobre|vila rica|36970000|7,-2034598,-4194122;10,-7,-3;12,114,-81;14,-9,14;15,1,-7;17,-3,7;20,-3,13;25,3,0;26,-9,9;32,1,14;37,3,-11;46,-18,22;84,-76,17
rua||nova alianca|vila rica|36970000|7,-2034580,-4194425;39,-9,-117;51,-7,11;60,7,9;62,3,13;84,9,21;89,-10,5;92,4,7;101,-4,-2;116,-2,9;128,4,18;134,2,30;148,4,28;154,0,-10;157,-2,-5;160,11,17;169,-7,-8;186,1,31;196,8,5;201,3,15;215,2,5;223,3,10;224,16,12;234,-4,13;249,-1,10;258,10,14;263,-10,-12;272,17,39;275,-9,-21;283,-2,13;286,14,15;294,6,9;297,-5,-12;306,6,23;326,1,16;328,1,-1
rua||nova esperanca|centro|36970000|36,-2035230,-4195960;60,12,-16
rua||novo horizonte|santa rita|36970000|4,-2037100,-4196098;15,-4,-4;17,-7,-13;18,-23,5;25,29,4;26,-20,-5;30,6,7;33,21,4;37,-47,-8;38,5,8;47,-15,-12;48,16,6;50,50,5;54,-79,-1;55,80,1;56,-1,3;60,-86,-10;64,0,2;65,57,1;70,-68,-13;196,94,35
rua||nunes da rosa|centro|36970000|4,-2035850,-4195766;10,6,-6;13,-18,-7;20,15,28;21,-22,-33;48,-294,-76;52,-16,2;55,281,70;70,16,7;83,-44,-15;93,-6,-2;107,-21,-7;129,-3,-2;134,74,26;143,-84,-41;157,-17,-12;164,102,48;272,75,20
rua||orfano gonzaga|cidade jardim|36970000|28,-2035106,-4195439;41,10,8;42,-1,3;51,10,11;54,-5,-7;59,5,51;60,0,-39;70,0,20;77,-7,-4;86,-17,8;87,30,8;106,-6,7;112,6,16;116,2,51;120,5,-44;130,3,0;166,-9,63;170,-5,-19;171,-2,3;178,8,31;184,-8,-16;187,7,-2;198,2,9;199,-4,1;205,5,9;220,3,11;228,2,13;231,-5,5;234,1,6;251,2,4;258,-3,-22;262,4,53;263,-1,-23;390,7,20;402,1,29;410,-3,11;420,-2,4;421,16,-9;432,-11,20;435,5,12;445,-7,21;472,-1,-19;482,-4,4;500,11,47;508,0,-32
rua||orfano gonzaga|mangueira|36970000|531,-2035092,-4195522;535,-5,14;537,-10,-33;550,-2,-30;562,-1,-20;576,2,-6;586,2,-10;592,-4,-9;602,4,-11;614,-11,-13;623,15,21;626,-2,-28;638,-5,-14;643,2,24;650,-4,-38;653,0,29;663,-3,-8;668,2,-37;673,-1,16;676,-2,-28;683,4,43;686,-7,-40;693,1,14;694,-5,-21;705,0,-7;713,-3,0
rua||orlandina destro maronni|roque|36970000|32,-2035615,-4195031;40,-4,0;46,0,-7;52,-9,1;53,7,3;67,-4,-7;68,-7,-11;78,-4,-4;79,3,6;91,-11,-15;105,-2,-4
rua||orquidea|morada nova|36970000|13,-2034829,-4195003;14,5,6;15,-23,18;16,-6,3;17,-4,8;18,-5,2;19,-5,2;20,-14,5;21,1,1;24,-18,7;31,14,7;104,-25,-8
rua||osvaldo ferreira de souza|nossa senhora da penha|36970000|15,-2034650,-4195245;17,4,15;20,2,-5;27,15,16;30,-19,0;32,5,2;50,0,-4;52,-2,-7;54,3,-6
rua||otavio antonio de lemos|nossa senhora aparecida|36970000|26,-2035074,-4196737;115,90,32;137,2,9;148,8,14;149,11,-13;156,2,15;173,11,-5;189,14,3;204,25,6;207,-16,-5;218,-7,-1;219,34,5;222,-21,3;226,28,13;230,5,-11;235,-2,7;242,8,-7;245,27,5;263,-15,-9;275,13,-1;276,-6,6;278,20,-6;288,0,3;299,4,-2;316,9,8;335,25,-10;355,13,-13;392,176,-64;408,-77,59;420,13,-2;460,8,-11;477,-20,9;489,44,-7;491,-15,-7;506,43,-28;512,2,-6;518,6,-7;524,0,0;530,0,-9;536,4,-5;542,5,-10;554,-470,172
rua||parana|vila rica|36970000|15,-2034469,-4194237;45,-31,20;50,4,-1
rua||pedro ricas|nossa senhora da penha|36970000|21,-2034698,-4195233;22,-96,93;32,83,-82;33,-10,-1;35,1,6;59,-26,17;68,4,-2;72,-18,18;74,79,-48;76,-71,37;82,-8,6;92,-11,8;97,-6,-6;103,49,-26;105,-31,39;106,-16,4;114,-1,15;115,7,-2;124,-11,-5;145,34,-33;211,-35,49;233,-13,13;243,-15,12;255,-4,19;261,11,-3;263,-19,21;267,7,-7;282,-12,3;283,8,4;290,-12,18;298,-6,5;300,-2,12;303,7,-11;315,-9,6;350,-4,4;351,38,-62;355,-59,81;356,6,1;363,-1,1;370,-5,6;376,-4,6;379,7,-8;386,-8,12;630,-17,14;636,-1,1
rua||percy alves de melo|vidal soares|36970000|14,-2035551,-4195452;19,-3,-3;30,18,11;31,-9,-8;41,13,1;42,44,68;53,-12,7;61,-3,-16;67,5,32;70,-17,-73;82,11,3;90,3,14;102,-6,16;126,6,12;164,0,31;176,6,13
rua||pirapetinga|cidade jardim|36970000|11,-2034909,-4195089;12,61,-118;16,6,-21;25,-57,90;32,57,-102;34,-63,137;39,4,-41;45,11,11;59,-2,-23;88,52,-126;99,-39,124;111,-9,-15;113,21,11;125,34,-151;127,-37,135;141,6,-17;155,26,-90;165,-16,79;175,3,-44;245,-63,132;246,11,-5
rua||primeiro de maio|centro|36970000|7,-2036160,-4195948;17,2,-10;20,-18,5;27,16,-11;28,-5,22;30,-19,-14;40,17,34
rua||primula|morada nova|36970000|22,-2034808,-4194864;34,-14,0;46,0,-8;58,-12,7;68,-4,-16;74,-4,-12;86,-13,6;92,-18,-8;100,-6,-10;108,-7,-5
rua||projetada|sao vicente|36970000|38,-2036238,-4195470;56,5,6;72,-14,-17;84,-1,-9
rua||quinca barbeiro|roque|36970000|30,-2035610,-4195233;31,0,6;36,-6,17;37,21,-13;40,-5,11;41,5,-8;42,-18,8;44,21,-7;51,0,-2;52,-13,23;55,21,-19;60,6,6;65,-2,-2;68,6,0;80,7,14;87,15,-3;90,-1,8;102,14,-3;112,0,6;114,4,7;116,-15,-10;118,-2,19;132,28,-23;135,2,-4;137,-9,12;140,4,-18;141,7,0;150,-3,-15;157,7,-2;158,-16,7;176,9,-15;182,-7,-17;194,-2,-7;207,3,24;215,5,-16;246,-18,-84;256,-57,-65;272,56,91;290,-15,-18;300,31,46
rua||rafael mendes pedron|vila rica|36970000|32,-2034481,-4194415;33,-2,-3;41,4,0;49,9,-9;56,3,7;73,21,-13;81,5,-6;104,5,7
rua||rafael vicente amil|centro|36970000|3,-2035035,-4195804;5,-6,16;6,12,-11;7,11,31;8,-6,-24;9,-20,18;45,13,-128;75,-4,40
rua||raimundo aguiar|isidoro|36970000|289,-2036446,-4195931;295,-5,-9;313,-15,20;321,3,-41;331,7,10;341,-4,-11;355,-19,-9;361,-1,-1
rua||roque porcaro junior|centro|36970000|9,-2035065,-4195947;10,76,6;44,45,30;181,-91,-20;267,91,26;310,23,21;313,7,12;9833,10,5
rua||rosa|morada nova|36970000|9,-2034771,-4194871;17,-2,-18;27,5,5;36,155,-38;37,-156,18;44,91,13;45,-99,3;104,99,-3
rua||rui barbosa|nossa senhora aparecida|36970000|10,-2035040,-4196138;12,0,0;27,-3,-17;32,21,3;34,-2,3;38,-7,10;39,-22,-20;40,13,13;42,-11,-18;50,-1,-7;75,-14,-1;76,-2,-4;77,-5,2;86,-13,-7;100,-8,-12;105,2,5;109,-17,-14;110,13,9;116,-11,-7;125,1,-3;126,-2,0;131,-5,-3;132,-11,5;140,2,-18;141,1,11;149,6,-9;150,-12,-3;160,9,-13;161,-6,1
rua||santos dumont|divineia|36970000|6,-2037238,-4196066;12,-1,-6;26,10,-8;34,-17,-14;40,1,-5;48,6,29;49,1,-8;50,-10,-20;55,0,11;56,4,-18;61,0,23;62,-8,-28;79,1,4;85,1,-2;95,0,-21
rua||santos oleiro|nossa senhora da penha|36970000|110,-2034699,-4195158;115,2,-2;117,-8,5;118,1,-7;121,-5,12;127,-6,1;136,1,-1;143,-9,12;144,2,-5;149,-7,11;152,2,-12;153,-1,13;168,-12,2;171,-2,8;174,-1,-7;175,1,9;185,-18,11;192,11,0;197,-8,12;210,-13,-19;214,3,16;220,-12,14;229,-1,15;235,-10,-4;238,18,-8;240,-7,12;247,-12,5;258,-2,-2;261,-1,14;262,-1,-16;264,7,5;266,-2,14;267,-4,1;268,-8,-4;285,41,-44
rua||sebastiana martins guimaraes|divineia|36970000|39,-2037272,-4196054;49,22,-11;55,27,6;73,-24,-12;86,-9,3;97,-8,-1;98,-5,-7;104,0,22;105,0,-21;114,1,4;115,-19,12;118,1,1;122,-18,-5;125,11,3;130,-11,0;132,-4,-1;135,-1,-1;136,-25,10;142,-7,-21;143,27,4;146,-31,18;157,21,-12;160,-43,23;163,44,4;170,-47,5;173,40,-22;180,-49,17;183,40,-13;192,-47,18;193,33,-4;204,-20,11;213,15,-16;214,-44,14;225,32,1;228,-16,-8;235,8,9;241,-31,14;614,3,30;649,11,-31;694,-25,43;699,-12,8
rua||sebastiana martins guimaraes|santa rita|36970000|4,-2037190,-4196047;6,-38,-23;9,25,13;10,0,0;18,-9,5;28,-8,-15
rua||sebastiao augusto pinheiro|roque|36970000|7,-2035665,-4195049;10,-39,-46;14,17,13;15,-9,1;35,11,4;36,-4,1;48,2,8;49,11,1;54,-4,4;61,12,1;64,-6,9;71,7,5;74,-2,2;79,6,-2;89,4,13;131,-45,-46;146,49,46
rua||sebastiao rodrigues|nossa senhora aparecida|36970000|100,-2034567,-4196521;112,4,3;120,8,-7;123,-8,0;126,17,-10;135,6,10;141,10,-2;147,7,-9
rua||sem denominacao 1|mangueira|36970000|3,-2035463,-4195159;8,28,-15;174,107,-230
rua||sem denominacao 2|centro|36970000|6,-2035412,-4195814;20,-20,-4;34,-9,12;48,-17,-5;60,-12,-6;74,-6,-3;94,-14,-3;104,-16,11
rua||sem denominacao 2|corrego do lessa|36970000|1,-2034108,-4192840;2,-34,-34;3,-8,-28;4,-3,-13;6,-5,-63;7,-8,-48;8,-2,-35;9,-9,-23;10,27,7;11,-28,-16;12,-6,-4;13,-5,-18;14,-13,-23;15,-10,-5;16,-2,-38
rua||sem denominacao 2|nossa senhora aparecida|36970000|18,-2035103,-4196613;26,14,4
rua||sem denominacao 2|nossa senhora de lourdes|36970000|102,-2035205,-4194804;169,-19,66
rua||sem denominacao 2|sao vicente|36970000|61,-2036075,-4195593
rua||sem denominacao 3|mangueira|36970000|246,-2035363,-4195318
rua||sem denominacao 4|nossa senhora aparecida|36970000|8,-2035059,-4196691;11,-1,15;12,-2,-4;26,-2,10;36,-2,15
rua||sem denominacao 5|nossa senhora aparecida|36970000|99,-2035150,-4196850
rua||sem denominacao|corrego do lessa|36970000|19,-2034329,-4193229;21,-5,1;22,9,3;2135,121,16;2140,-54,-12;2150,-25,-2;2155,-7,-2;2160,-49,-7;2165,32,11;2370,103,12
rua||sem denominacao|santo antonio|36970000|2590,-2036321,-4195262;2591,0,0;2592,0,0;2600,22,-17;2601,0,0
rua||sem denominacao|sao vicente|36970000|12,-2036469,-4195527;58,89,55
rua||sem denominacao|vila rica|36970000|1,-2034512,-4194590
rua||sete de setembro|centro|36970000|15,-2036138,-4196081;20,-8,-14;25,1,1;57,-30,-9;60,11,19;63,-45,-24;66,25,7;67,-7,0;73,-16,-25;77,1,13;80,6,15;85,0,-22;86,36,26;103,-56,-12;116,-7,-3;117,-6,0;122,-8,-1;128,0,0;129,-4,-9;139,-15,3;145,-1,-10;231,-78,22;233,0,2;237,-2,-8;255,-29,4;267,-1,8;270,0,-6;286,-15,-1;293,-8,18;300,-9,-17;334,-19,-10;335,-4,6;345,-13,-8;346,5,-2;357,-6,-3;358,-6,-2;367,-8,3;387,-19,-13;394,4,-5;405,-5,0;406,-8,-1;419,-8,-5;420,-8,5;427,-8,-6;430,-1,-1;433,2,2;438,-4,2;441,-5,-7;444,0,0;450,-5,5;453,-1,-5;457,-18,0;458,7,1;470,-7,-4;471,6,4;477,-22,-26;478,11,6;483,-13,5;490,4,-9;493,-5,6;501,-11,-4;520,-2,-4;571,-14,-2;579,0,1;587,-10,-2;595,-9,-7;597,-4,-7;599,-14,-40;601,-11,20;603,26,4;606,-1,17;609,-37,-8;619,-10,-23;625,-10,13;631,-10,-2;637,-2,3;642,149,50;645,-141,-47;665,14,8;667,-44,-22;669,1,6;673,-19,-3;677,-5,2;689,-2,5;949,-90,95
rua||silvina werner|nossa senhora de lourdes|36970000|6,-2035145,-4194871;9,-10,7;10,15,2;13,16,-9;14,-28,-4;18,-11,13;19,12,6;20,44,-20;31,-77,18;42,15,7;46,-7,-3;47,10,7;54,-17,-2;59,-6,1;73,4,-4;77,-5,0;83,-7,6;91,-9,9;99,-3,-2;100,-31,-14;107,29,20;115,1,-9;119,-10,8;125,-3,-4;129,-8,0;133,101,-44;135,-110,38;137,3,3
rua||sueli damasceno|cidade jardim|36970000|6,-2035137,-4195472;8,16,5;10,33,12;14,34,10;16,39,14;20,-75,-27;32,250,114;36,-157,-62;47,159,76;95,58,-27;109,-6,-24;117,10,2;145,42,-1;157,3,-2;203,71,-11;215,11,-6;235,9,12;243,12,-5;257,3,-6;354,-422,-44;363,19,17;384,572,-33;410,16,-7;420,13,10;435,12,13;436,-1,-7;470,-350,74;490,-15,1;500,-20,14;520,7,-17;546,33,-1;548,16,-10;550,8,5;571,-20,4;616,52,0;653,-31,4;671,14,-5;688,28,-15;689,-17,15;703,12,-14
rua||sueli damasceno|mangueira|36970000|3,-2035145,-4195470;5,6,2;7,5,-7;9,10,1
rua||teofilo khede|isidoro|36970000|8,-2036419,-4195764;10,4,4;15,9,-7;22,-6,3;25,12,-1;35,1,3;40,5,3;45,11,-4;48,-7,7;51,9,1;56,3,-7;57,-1,-8;63,10,3;66,4,11;71,1,-16;79,8,8;82,-6,7;90,14,-1;93,10,-3;96,-3,3;102,2,0;112,12,-5;115,-4,-8;118,13,10;124,11,-9;127,-21,-11;135,-70,20;140,79,-19;143,3,-23;148,10,18;154,14,-11;155,-106,36
rua||teofilo tostes|nossa senhora de lourdes|36970000|14,-2034995,-4195034;21,-3,-2;28,-16,14;34,-5,1;38,4,11;44,-5,-12;45,20,2;51,-35,19;52,10,-11;54,13,15;57,-22,1;58,-6,-6;65,16,14;71,-5,-3;75,9,28;83,2,-15;87,-3,14;91,-6,0;92,-5,-5;100,0,-1;103,-9,10;108,5,8;111,1,0;114,-6,7;115,-5,-11;120,-5,0;121,2,5;127,-3,10;132,-4,-1;135,3,-6;143,-15,5;150,8,6;151,-4,10;154,-2,-4;157,2,8;162,-19,-21;167,6,17;168,0,2;171,-12,5;177,2,19;178,-4,-1;180,-6,-3;185,8,-9;192,-4,7;193,-8,-10;198,8,23;200,-15,-7;208,-2,6
rua||tiradentes|vila rica|36970000|50,-2034545,-4194332;225,-1,-3
rua||trajano lima|centro|36970000|17,-2035814,-4195905;19,6,11;30,2,-21;32,-18,6;41,15,25;42,0,-2;43,-3,-4;46,0,2;52,21,2;56,4,-18;59,-11,14;62,45,10;63,-44,6;73,5,-2;81,0,2;85,-4,12;86,16,-2;87,-10,6;89,5,2;91,-3,0;92,-4,-18;103,14,13;107,7,12;108,6,-1;117,-3,1;129,5,20;130,-1,-6;132,-11,6;138,-1,-10;139,24,13;140,-38,16;146,13,3;147,-2,-5;168,-3,-4;208,14,-33
rua||tropical|vila rica|36970000|26,-2034541,-4194595;39,-27,14
rua||tulipa|morada nova|36970000|11,-2034662,-4194787;15,9,-10;18,39,-2;20,7,-6;21,-35,10;30,52,-22;34,-1,-15;36,10,4;37,-1,0;43,-2,-10;51,12,2;52,-4,3;61,4,-11;70,7,-13;75,7,18;84,2,-23;92,3,-20;97,23,-4;100,-18,6
rua||vila verde|nossa senhora aparecida|36970000|11,-2034943,-4196626;17,55,-19;25,-2,3;63,2,20
saida||para corrego do ouro|nossa senhora aparecida|36970000|63,-2035110,-4196910;162,-26,59;236,89,-103
serra||do bonfim|corrego pirapetinga|36970000|28,-2032584,-4187920;30,363,273;31,-333,82;33,-59,-25
serra||dos correias|corrego pirapetinga|36970000|3,-2034449,-4188161;5,-41,15;6,-112,82;7,-78,-1;8,54,-57;9,-129,-21;11,72,262;12,-5,-74;13,-33,23;15,62,27;16,-39,4;17,-43,106;18,101,-26;19,-53,3;20,53,-30;21,39,93;23,-75,23;24,62,36;27,-1378,-1356;28,915,1191;29,64,-173;33,-392,285;35,-153,95;36,-156,53;37,832,-553;41,-134,1006;42,16,6;43,-151,-55;45,611,-400;46,238,-492
serra||dos correias|serra dos correias|36970000|1,-2033618,-4187683;2,1,-69
travessa||alexandre miranda|centro|36970000|15,-2035822,-4195948;20,10,-6;21,-9,8;25,0,10;26,0,-29;28,-1,17;29,0,17;30,-6,-3;39,10,-1
travessa||antonio lourenco|isidoro|36970000|21,-2036399,-4195745;25,0,10;26,2,4;28,4,-15;30,-7,25;33,3,-7;35,1,3;37,0,1;41,1,2;43,-5,51;44,12,-59;50,1,15;55,-9,11;56,4,-6;61,-5,6;64,1,6;67,5,1;74,-8,11;75,3,-2;80,-1,9
travessa||dezesseis de marco|centro|36970000|12,-2035932,-4195953;22,20,5;26,-15,6;30,2,0;33,-12,0;36,14,-1;40,-9,8;45,-2,11;46,11,-2;51,-15,13;75,-17,18;80,8,-2;91,-15,5;95,4,0;100,-8,17;8100,31,-48;8310,-1,-23
travessa||eurides silva do nascimento|roque|36970000|3,-2035821,-4195156;7,17,9;23,-26,-38;25,47,16;26,1,1;101,6,-57;102,-418,-146;121,429,166;123,1,-8;129,-17,9;131,1,4;133,5,2;140,-12,4;141,-1,3;144,34,-27;145,-44,35;148,0,5;150,4,-5;152,-22,18;154,0,6;156,6,-3;160,4,-6;164,5,-9;168,-21,11;170,-1,-7;172,-9,-12;201,-373,-184;204,443,155;303,-430,-156;315,374,203;403,-379,-204
travessa||francisco miliao|nossa senhora da penha|36970000|447,-2034720,-4195084;453,10,-7;463,-8,13
viela||joao hubner franca|santo antonio|36970000|136,-2035841,-4195512
viela||manoel vieira de ornellas sobrinho|isidoro|36970000|21,-2036285,-4195737;23,4,-5;25,13,9;246,-3,-1
viela||sem denominacao|mangueira|36970000|4,-2035444,-4195163
vila||do piquitito|corrego do bonfim|36970000|1,-2036462,-4194060;2,25,-9;3,-27,9;4,56,-15;5,13,-3;6,13,-9;7,18,0;8,13,-8;9,12,-4;11,20,2;12,14,1;13,-1,8;14,5,17;15,8,-33;16,16,10;18,-115,79;19,19,-11;20,93,-51;21,-110,55;22,18,-4;23,12,-11;24,83,-46;25,-67,46;26,-30,51;29,101,-94;77,-129,64;89,79,148;2550,-135,-1050
vila||manoel furtado da rosa|centro|36970000|525,-2036584,-4196136;533,0,1;571,3,-17
vila||maricelma|barra do lessa|36970000|3,-2034270,-4191836;7,28,-235;9,0,220;11,-14,-87;12,-3,-70;14,3,-55;17,3,38;18,-6,-9;21,-30,127;25,49,-50;29,-31,53;30,-6,79;32,15,-100;42,9,4;43,-10,1;44,0,-24;45,-32,32;48,39,-8;49,-7,11;53,-7,25;55,7,-54;98,11,-100
