beco||cristiano caetano|centro|37524000|241,-2212157,-4551381
estrada||copasa|copasa|37524000|852,-2211500,-4550396
estrada||municipal 215|jardim|37524000|11,-2217000,-4553814
estrada||municipal 215|pinhalzinho dos fagundes|37524000|11,-2218299,-4551717
estrada||municipal 215|varginha|37524000|4,-2214932,-4552689
estrada||serra de heliodora|minas|37524000|5,-2211061,-4552779
praca|prefeito|antonio virginio da silva|centro|37524000|106,-2211996,-4551227;114,-16,22;124,4,-5;158,-18,17;190,11,26
praca|prefeito|justino lisboa carneiro|centro|37524000|1,-2211930,-4551308;7,5,6;17,9,8;20,-25,16;40,-7,-4;56,-25,28;64,2,7;77,70,-20;79,3,3;80,-86,20;87,82,-14;88,-82,20;100,68,4;125,-6,1;157,-31,31;165,-14,-6;167,1,21;171,-13,2;175,-2,5;191,-10,17;197,-8,4
praca||maria duarte vilas boas|chapada|37524000|28,-2211725,-4550962;47,13,19;57,-43,-32
ramal||do doutor joaquim|sao bernardo|37524000|100,-2211029,-4546472
rua|coronel|jose goulart santiago brum|centro|37524000|43,-2212037,-4551259;66,-6,-19;82,-8,-14;100,-11,-6;106,32,47;108,-42,-57;114,-4,-9
rua|coronel|paiva|centro|37524000|5,-2211878,-4551267;11,3,-3;25,7,17;26,4,-3;35,6,0;43,14,-3;47,-46,-2;55,-2,-23;57,4,13;58,41,34;60,13,-1;63,-7,0;65,17,-16;70,-13,16;85,12,5;95,-65,-39;134,106,78;146,13,-8;154,5,7;155,17,-9;166,-11,14;176,12,-2;181,6,-7;186,7,1;196,3,6;201,7,-15;206,5,7;207,-4,-8;216,2,30;219,10,-40;226,-1,21;239,20,-12;249,-4,10;255,23,-11;265,6,13
rua|prefeito|jose goulart junho|centro|37524000|11,-2211997,-4551352;21,3,-11;22,-4,-3;30,5,-4;31,5,-4;35,-4,-7;36,3,9;40,2,-7;42,1,-7;50,4,-7;57,-6,-2;60,7,-10;70,11,-5;74,-27,66;104,25,-93
rua|prefeito|jose nacacio|centro|37524000|18,-2211891,-4551307;21,-6,5;25,6,-17;28,-9,3;40,16,-6;44,4,-6;48,30,26;57,-24,-17;60,10,-25;65,2,7;70,20,-9;77,-22,-11;87,9,-5;89,32,-22;101,-18,-3;104,-7,17;112,12,-8;141,6,-25;142,1,9;150,10,-21;157,3,-19;165,4,-6;166,-2,25;175,15,-22;180,-14,8;183,-1,-5;190,12,-2;191,-6,-10;199,7,-15;200,1,13;207,-4,-19;221,14,-4;231,-1,-7;237,0,-17;240,-2,2;243,9,-5;245,4,-2;250,-16,-10
rua|santa|catarina|centro|37524000|12,-2212040,-4551168;15,-5,3;25,-2,0;28,-4,5;33,-4,6;40,-2,-5;45,-5,12;51,-1,4;54,-5,-7;60,-5,9;73,-1,8;83,-8,19;94,9,-19;95,-12,13;101,-15,18;104,-10,7;111,10,-9;117,-12,14;125,-6,10;130,5,-13;133,-11,16;145,-3,6;150,-13,12;160,-9,7;170,-4,3;182,-5,5;212,-17,22;222,-6,6;232,-6,18
rua|santa|rita de cassia|centro|37524000|21,-2212146,-4551313;31,-7,8;47,7,-18;65,-2,-9
rua|sao|pedro|centro|37524000|6,-2211818,-4551507;9,1,3;15,-3,-2;16,-10,6;17,5,10;21,-10,2;30,-7,3;31,-8,15;42,-2,-19;45,-13,32;48,6,-32;55,-12,13;58,1,-2;61,-3,-2;68,-1,4;69,-3,2;78,-7,9;92,-6,4;106,-17,1;110,-3,0;116,-9,3;126,-1,-3;127,-4,3;131,-13,27;132,3,-24;135,-10,-8;145,1,5;146,2,-4;156,-8,6;166,-17,-2;176,-9,0;186,-7,3;188,0,-14;189,0,18;200,-14,-5;210,-10,-4;213,-96,12;220,80,-7;223,-8,14;236,-8,-11;238,1,-1;250,-9,2;258,-15,-3;272,0,0;280,-16,4;286,-3,-6;294,-5,5;304,-8,-3;308,-7,5;323,-10,1;329,-6,-8;337,-10,-16;338,4,3;343,-5,-6;348,-5,-8;357,-3,2;358,0,-1;365,-4,-3;366,-7,-9;382,-5,-8;385,3,5;390,-3,-5;400,-8,-11;405,-3,5;411,-5,-3
rua|sargento|valter abreu|centro|37524000|99,-2211852,-4551179;102,2,8;110,6,-28;118,-5,-4;122,11,6;125,0,-6;132,-1,-2
rua|vereador|augusto teixeira dos santos|santa catarina|37524000|11,-2211802,-4552074;21,-33,-9;30,11,-2;31,-26,-9;50,0,1
rua|vereador|donizetti fernandes dos reis|bela vista|37524000|20,-2211962,-4551515;30,12,2;40,11,3;166,-25,45
rua|vereador|joao raimundo de freitas|chapada|37524000|30,-2211434,-4550715;40,9,2;50,11,5;60,14,-9;65,-15,8;70,4,-6;75,1,-4;80,10,-17;85,3,9;90,17,-3;95,-7,-1;100,12,-17;105,-10,10;110,18,-14;115,-9,8;120,5,-14;125,1,8
rua|vereador|jose eufrasio de carvalho|chapada|37524000|20,-2211431,-4550746;55,10,-12;60,13,-15;65,0,15;75,13,-12;80,4,-14;85,-3,-4
rua|vereador|sebastiao fernandes de freitas|cachoeirinha|37524000|2,-2211686,-4552490;3,0,-5;15,12,19;401,-112,353;431,11,-22;441,1,-2;451,16,-13;471,-12,-31;481,4,-11;491,6,-9;521,4,-34;531,1,-8;565,14,-17;575,3,-13;605,9,-29;625,8,-11;635,2,-24;645,1,1;655,-6,-9;665,9,-10;675,-1,-8;685,4,-13;695,4,-16;705,0,2;715,-1,-9;735,4,-11;796,27,-60;803,-24,45;813,2,-15;1575,128,-842;1625,-24,64
rua|vereador|sebastiao fernandes de freitas|centro|37524000|520,-2211713,-4552277;600,41,-146;626,-46,102;636,0,-5
rua|vereador|sebastiao fernandes de freitas|santa catarina|37524000|213,-2211796,-4551757;223,8,0;233,8,-18;263,6,-28;273,-2,-17
rua||abilio lopes siqueira|centro|37524000|5,-2212005,-4551146;10,80,78;26,-61,-72;36,22,16;48,-8,1;64,10,10;74,11,17;84,7,4;104,2,17
rua||alberico gallo|centro|37524000|17,-2211793,-4551186;25,-9,4;36,-9,15;46,6,-4;47,-9,4;55,-2,5;56,-1,0;65,-3,6;66,-11,8;75,2,6;83,-9,10;93,-8,2
rua||amadeu geraldo de paiva|centro|37524000|15,-2212246,-4551358;31,-3,-24;32,8,32;55,2,70
rua||amador teodoro dos reis|centro|37524000|3,-2212134,-4551112;17,-11,-8;30,-3,-20;64,-28,-3;74,-2,-7;77,-9,-10;84,-3,6;87,-5,-19;94,8,6;97,-17,2;104,6,-3;107,-1,-18;117,-15,4;237,54,44;275,-4,3
rua||antonio alves da silva|centro|37524000|8,-2212100,-4551326;17,-13,-12;18,-5,2;27,-5,-8;37,-11,9;47,-8,-7;48,-5,1;58,-6,-2;65,1,6;68,-15,-3;75,4,-1;77,-85,15;78,76,-6;98,-11,-3;108,-6,1;125,-29,3;138,-9,-3;145,-15,-4;148,8,6;168,-46,0;195,5,7;205,-7,1;215,2,-7;225,-22,7;235,-23,1;245,1,2
rua||antonio augusto de souza|chapada|37524000|51,-2211397,-4550836;71,16,21;81,-7,18;91,18,-3;93,-32,-42;100,26,54;101,8,0;111,0,3;121,8,23;131,7,-9;151,6,13;220,-67,-135
rua||antonio de paula assis|santa catarina|37524000|2,-2211798,-4551908;4,0,21;5,-3,17;12,-6,-7;13,-1,3;20,-7,-5;28,-11,0;33,-4,12;36,0,-8;43,-1,18;52,-11,-15;53,-4,-2;63,-9,6;68,0,-5;76,-10,5;77,8,-5;84,-13,4;87,2,3;92,-2,-2;100,-12,-2
rua||antonio dias de carvalho|centro|37524000|100,-2211949,-4551074;104,4,7;114,-9,12;131,-2,6;137,1,-2;147,0,-8;157,4,-4
rua||antonio honorio dos santos|chapada|37524000|20,-2211512,-4551184;30,-2,-12;40,7,-17;50,-9,0;60,1,-10;70,-14,-7
rua||antonio joaquim junho|centro|37524000|22,-2211915,-4551328;33,46,-74;41,-5,7;43,12,-25;48,-53,87;60,-3,-17;65,-7,-6;71,21,-30;75,-16,21;84,5,-19;113,13,-10
rua||antonio lopes fernandes|bela vista|37524000|40,-2211905,-4551550
rua||antonio luiz pereira|chapada|37524000|13,-2211541,-4550659;20,-10,-18;40,2,28;53,16,25;58,-9,-14;60,-10,5;63,19,22;70,-11,-11;73,15,4;80,-21,10;83,30,19;97,-1,-10;98,-3,-1;105,11,30;110,-11,-18;125,12,26;139,10,0;148,-5,6;153,-1,3;155,16,19;158,-23,-8;164,17,1;178,7,14;187,15,13;189,-2,-8;195,-4,10;198,-10,9;215,29,17;222,-12,-10;231,13,14;232,-6,-8;242,0,22;261,13,2;269,19,4;281,-11,13;282,1,-3;301,10,15;311,7,16;312,-5,7
rua||batista eufrasio de carvalho|centro|37524000|4,-2212164,-4551087;25,-12,19;26,5,-4;34,-8,-1;44,-10,13;45,-3,8;54,0,1;55,-2,4;64,-4,2;65,-7,5;76,4,12
rua||benedito bueno dos santos|centro|37524000|10,-2212165,-4551519;21,-61,-26;26,49,20;27,-19,-11;37,-18,-19;38,33,25;50,-5,-5;61,-40,-32;62,30,27;71,-33,-32;72,25,21;81,-31,-23;82,19,16;91,-26,-25;92,23,16;101,-26,-19;102,16,13;111,-27,-23;112,23,20;121,-29,-26;122,21,12;126,-76,-52;131,48,35;132,20,11;138,-71,-54;142,68,47;148,-76,-45;156,66,41;161,-29,-20;166,23,13;176,-8,-8;183,-16,-10;188,10,6;194,-9,-6;196,-82,-38;200,-45,-15;203,110,45;206,12,2;207,-18,-4;216,12,1;220,-122,-46;235,101,42;254,-93,-45;264,-14,-5;274,-12,-8;284,-4,0;288,82,36;350,-65,-22;453,-13,-7;463,-11,-2;513,-40,-19
rua||benedito pereira do vale|chapada|37524000|9,-2211740,-4551018;20,5,41;25,-8,-4;30,11,-11;33,-4,-1;37,-8,-9;40,7,3;45,-4,-7
rua||boa esperanca|sao joao|37524000|6,-2212519,-4551757;10,-6,-6;20,-5,-10;50,-22,-32;60,-9,-12;70,1,-4
rua||conceicao alves da silva|chapada|37524000|17,-2211657,-4550946;31,8,4;34,3,4;41,13,-7;44,-3,-5;51,7,-1;60,5,0
rua||cristiano caetano|centro|37524000|2,-2211931,-4551293;25,-18,-25;33,-13,5;39,-3,-7;45,-1,7;53,-18,-13;69,-18,-8;96,-6,-11;117,-21,-6;124,-13,-4;125,-2,2;133,0,1;140,2,-17;141,-10,4;145,-20,-2;146,11,2;154,0,-5;166,-7,-9;173,-14,8;176,7,-8;177,-8,4;182,-4,-5;187,-5,-2;199,-9,-8;200,-15,-4;205,6,2;209,-4,-1;221,-7,0;230,-5,-5;233,-2,-4;240,1,2;243,-17,-18;251,-10,7;252,-1,-1;269,-10,-2;272,1,-5;282,-14,-3;283,4,0;292,-11,1;295,-3,1;305,-9,-13;314,-11,-7;315,4,1;321,-22,-2;322,-7,-13;323,24,14;330,-17,-9;340,-23,-19;353,11,4;360,-11,-14;367,0,13;370,-7,-20;380,-6,-9;400,-10,-10;493,18,30;503,-7,-6;533,-22,-23
rua||daniel da silva bernardes|centro|37524000|23,-2212172,-4551312
rua||do castelo|chapada|37524000|8,-2211644,-4551164;20,-7,6;25,-8,7;30,0,5;40,-14,-13;46,-2,11;55,1,2;56,-8,6;63,-9,0;64,3,7;74,-6,0;84,-12,1;89,-5,7;94,-3,-1;95,-12,6;111,4,1;116,-2,11;119,-13,-2;120,-8,1;125,19,8;130,-22,-8;133,2,21;140,-12,-2;143,3,2;150,-7,9;153,-2,-2;160,-7,24;175,8,-12
rua||domingos claudino de vilas boas|centro|37524000|2,-2212188,-4551280;65,-31,5;75,-10,7;85,-23,0;90,-13,-23;136,-57,-8;140,11,14;155,1,4;157,-18,-25;167,-2,-6
rua||eupidio eneas|centro|37524000|55,-2212217,-4551391;65,-12,1;70,12,1;75,-23,4;80,16,-2;90,-11,-3;100,-4,0
rua||geraldo honorato de souza|chapada|37524000|13,-2211583,-4550793;16,3,7;20,2,-2;26,-9,-12;36,41,1;46,-1,-6;52,1,-4;62,10,6;120,52,-25;150,22,-28;160,2,3;170,10,-14;190,16,-9;201,-10,-84;222,58,48;253,-40,-16;260,5,27;309,-37,-81;310,8,11;311,-15,-21;320,6,12;351,-58,-88
rua||hebel regis edilberto|bela vista|37524000|35,-2211934,-4551550;45,-9,-9;55,-7,0
rua||iraci honorato|santa catarina|37524000|5,-2211779,-4551867
rua||joao de paiva caldas|centro|37524000|4,-2212167,-4551093;5,19,0;6,-28,-19;15,23,20;25,-11,-11
rua||joao fernandes dos reis|cachoeirinha|37524000|1190,-2211647,-4552935;1590,87,-357;1610,-7,-16;1640,-5,-33;1720,-10,-79;1730,2,-20;1740,1,-3;1760,11,-23
rua||joao fernandes filho|sao joao|37524000|15,-2212483,-4551794
rua||joao goncalves de vilas boas|santa catarina|37524000|2,-2211811,-4551906;14,22,-5;24,-10,-3;34,14,8;44,-19,5;45,26,-7;54,-8,-13;55,3,15;64,-26,-8;74,-11,7;75,-9,2;84,-3,-2;85,0,1;94,-8,-1;95,1,2;104,0,-3;105,-5,-7;114,-19,11;115,1,-1;124,12,-16;125,-20,16;134,1,-2;135,-8,8;144,7,-8;145,-18,5;154,7,-4
rua||joao honorato vilas boas filho|chapada|37524000|18,-2211714,-4551032;28,-13,5;46,12,0
rua||joao lino sobrinho|centro|37524000|1,-2212237,-4551432;2,7,-26;15,-16,34;16,5,-14;23,-10,24;26,0,-16;27,-6,18;37,-7,6;38,3,-8;46,-1,2;47,-4,13;54,4,-3;65,-17,14;75,-3,11;84,-6,-5;85,-3,10;92,0,-8;97,-5,15;100,3,-8;105,-6,12;110,5,-1;115,-14,7;120,4,-6;130,-7,3;140,-11,13;150,-3,2;160,-5,23
rua||joao lisboa carneiro|centro|37524000|3,-2211801,-4551397;6,-19,12;19,0,13;25,16,-19;35,-12,35;75,-1,29;79,5,-13;86,-1,20;94,-5,12;105,49,27;115,-48,9;121,8,-4;127,6,-1;153,7,22;157,-6,12;175,2,13;185,11,16
rua||joao paulino de freitas|chapada|37524000|15,-2211567,-4551041;93,-78,-59;311,174,117;312,-32,-4
rua||joao sabino fernandes|cachoeirinha|37524000|4,-2211710,-4552486;5,2,-12;6,8,-6;7,-12,12;8,4,-9;9,3,-11
rua||joao sebastiao de vilas boas|sao joao|37524000|10,-2212357,-4551960;20,-5,-14;30,-7,-14;40,-2,-2;50,0,-6
rua||joao severino de paiva|centro|37524000|10,-2212098,-4551395;17,0,-9;18,1,-4;19,2,-11;20,2,19;30,2,-9;36,-7,-5;45,3,-12;50,6,-8;55,-7,0
rua||joaquim porcino|centro|37524000|33,-2212293,-4551460;43,3,7;48,-9,0;53,1,0;56,-1,2;63,-9,7;68,1,-1;75,-8,11;78,0,9;81,-5,-3;88,-3,2;98,-7,2;108,-4,8;109,10,-3;118,-15,13;119,7,-12;138,-28,28;148,-10,7;158,-2,9;159,22,-23;165,-19,24;168,-10,6;169,24,-23;175,-19,20;185,-2,3;523,93,-101;525,1,-11
rua||joaquim rodrigues da silva|cachoeirinha|37524000|6,-2211797,-4552256;10,4,13;11,3,-32;21,8,89;22,-21,-52;30,22,47;32,-23,-36;35,19,39;42,-13,-23;52,-6,7;62,-2,8;91,44,-70;101,1,-1
rua||joaquim teodoro dos reis|centro|37524000|5,-2212004,-4551139;15,-2,-1;27,-5,7;30,-6,0;33,-11,21;40,-5,-9;44,-13,0;51,15,-1;61,-25,34;64,18,-16;74,2,-5;84,-23,18;94,-7,1;103,4,14;104,-3,-8;114,-3,11;126,-7,3;134,-8,8;144,-8,10;154,-5,12;161,-3,-5;164,-5,6;171,4,0;174,-8,15;184,-6,-3;193,-1,1;204,-18,10;213,13,-2;223,-11,20;237,-7,4;253,-3,4;257,1,19;267,-13,-8;846,1,-7;886,2,-10
rua||joaquim torquato|centro|37524000|2,-2211864,-4551403;18,5,5;28,14,-22;38,1,2;42,-30,-20;43,8,12;50,-8,-14;79,-6,-16
rua||joaquim vilas boas dos reis|centro|37524000|20,-2212211,-4551347;30,7,-17;35,2,-3;40,-2,-12;45,3,1
rua||jose ananias de magalhaes|chapada|37524000|521,-2211580,-4550720;530,-5,19;531,0,-10;535,-4,12;545,12,11;550,-7,-10;556,1,7;564,3,7;572,5,13;575,-30,-13;585,25,9;586,-10,7;589,10,9;596,3,8;597,0,0;605,-2,7;606,14,32;615,-6,-25;625,1,10;646,4,13;647,-4,6;659,5,13;660,0,-4;670,6,23;695,17,-2;701,-7,9;706,17,8;707,-16,25;710,-3,-13;714,9,8;719,4,0;720,-28,5;728,60,1;729,-26,-4;736,4,14;739,2,-2;745,11,7;774,-4,11;775,15,4;780,-22,-11;789,20,8;798,7,22;800,2,12;801,1,-10;821,10,16;831,1,14;843,16,-5;851,-5,18;867,7,16;870,-25,-10;880,39,36;887,1,-3;910,-5,18;914,22,25;920,6,-1;934,9,7;946,-2,9
rua||jose benedito bernardes|sao joao|37524000|5,-2212466,-4551893;10,-6,26;15,22,-40;20,-13,24;25,17,-26;30,-16,19;35,26,-26;40,-11,18;45,17,-30;50,-11,25;55,21,-27;60,-4,12;65,14,-24;70,-7,21;80,10,1;90,8,-18
rua||jose bueno sobrinho|bela vista|37524000|55,-2211942,-4551597
rua||jose carlos de almeida|santa catarina|37524000|17,-2211769,-4552018;27,-14,5;47,-18,3;67,-16,4;70,-37,-2;77,18,7;87,-8,-4;97,-1,0;107,-4,2;117,-7,1
rua||jose carneiro junho|chapada|37524000|4,-2211590,-4550747;12,15,-2;16,30,65;22,-26,-63;32,12,-5;33,-11,1;36,10,5;40,17,-4;50,-3,4;62,8,2;63,9,-6;73,7,1;78,3,5;81,3,-8;89,5,7;94,-3,34;97,-4,-24;104,9,29;117,-2,-14
rua||jose custodio dos reis|cachoeirinha|37524000|7,-2211772,-4552504;17,4,-4;26,2,0;27,-3,-5;31,-1,12
rua||jose de souza campos|chapada|37524000|3,-2211605,-4551172;17,32,-25;27,-33,30;37,89,-12;67,-90,31;69,-19,28;77,8,-37;79,-15,22;85,10,-74;87,-25,93;90,7,-35;93,3,48;101,-44,91;118,14,-93;126,-10,10;131,11,4;137,1,-4;138,-13,10;142,-9,-7;146,4,18;155,0,2;156,2,14;165,7,-17;166,-17,25;174,2,-7;185,-11,9;186,5,17;201,24,32;206,-20,-25;225,-4,12;226,-6,61;230,16,-27;242,2,-3;245,-4,-4;252,-1,10;261,12,12;262,-14,-10;282,28,16;291,-9,16;292,-7,10;293,-19,12;299,32,-7;306,-2,5;315,3,5;316,8,-1;326,-6,-3;329,8,17;337,-2,-1;353,11,23;377,-1,0;385,17,35;391,-5,0;399,10,13;410,7,14;434,22,-26;442,-29,31;450,10,4;457,-1,19;460,0,-10;465,16,14;470,-14,1;475,11,8;480,-11,13;483,10,4;491,7,-2;495,2,13;508,-4,12
rua||jose honorato vilas boas|chapada|37524000|17,-2211674,-4551000;18,-33,32;27,-31,-22;28,21,7;38,1,-10;242,-6,16
rua||jose paulo de siqueira|chapada|37524000|10,-2211474,-4550799;11,20,-16;20,-20,13;21,20,-23;22,-23,9;30,-22,41;31,59,-47;40,-13,9;41,22,-9;51,2,-6;60,-3,-9;61,18,-4;70,-12,4;71,15,-5;80,-12,11;81,10,-31
rua||jose praxedes filho|centro|37524000|14,-2211911,-4551227;22,5,5;30,9,8;38,3,12;43,6,1;50,6,1;53,-3,-6;68,11,18;85,22,11;88,-10,0;92,8,2;120,13,26
rua||jose rodrigues da silva|cachoeirinha|37524000|1,-2211695,-4552480;10,-29,-6;11,21,8;12,-7,2;13,-12,3;14,-10,-5;17,-20,0;20,18,-13;30,-8,-8;31,2,3;40,19,15;51,7,-2;55,-44,1;86,-6,-2;106,-23,-2;115,-14,-1;165,-27,-11;290,6,1;300,-109,-24;340,199,9;470,-279,14;480,0,-9;575,-63,49;580,-2,-16;620,-38,-1;651,-22,6
rua||jose sebastiao da silva|centro|37524000|14,-2212022,-4551070;31,-2,-5;51,-17,38
rua||jose teodoro dos reis|lava pes|37524000|100,-2211783,-4552101
rua||jose teodoro dos reis|santa catarina|37524000|11,-2211755,-4551976
rua||manoel eufrasio de carvalho|centro|37524000|19,-2212058,-4551193;29,-9,-5;39,-3,-7;47,-14,-14;50,6,14;56,-5,-6;63,-6,-7;75,-56,-44;86,34,28;96,-6,-2;104,-7,-8;112,-10,-6
rua||manoel fernandes da silva|centro|37524000|15,-2212198,-4551121;28,-2,-11;35,-20,14;38,5,-21;45,0,-3;55,-7,-2;58,-16,-9;65,10,6
rua||manoel jose eneas|centro|37524000|6,-2212187,-4551111;13,183,-207;23,-11,3;31,-6,7;34,3,-5;39,-8,10;44,-6,1;49,-4,10;54,8,-1;93,13,-38;104,-56,80;113,6,0;120,-14,6;123,-8,5;126,2,0;130,-7,0;135,4,8;142,-1,3;147,-2,5;150,-15,12;160,-4,-1;169,6,4;170,-6,-3;177,2,13;178,-7,-7;188,-1,14;206,-13,15;214,-6,-1;236,-15,17;252,-12,13;275,-13,24;312,-30,21;357,-10,35
rua||manoel lino dos reis|centro|37524000|10,-2212035,-4551089;11,11,-10;52,10,37;64,8,-3;70,6,5;77,6,4;85,4,-1;88,-1,-3;89,12,8;96,-8,4;111,15,5;112,-8,5;122,11,3;123,3,-4;128,1,4
rua||maria jose da costa|chapada|37524000|5,-2211557,-4551180;10,4,9;15,8,-15;20,-14,22;25,20,-30;30,-10,21;35,24,-28;40,-20,19;45,28,-24;50,-17,16
rua||minervina de faria souza|sao joao|37524000|5,-2212454,-4551817;10,-10,-3;15,12,-22;20,-2,11;25,15,-20;30,-8,11;35,10,-20;40,-1,13;45,13,-22;50,-6,12;55,20,-19;60,-7,13;65,12,-18;70,-3,13;75,7,-22;80,-2,18;85,20,-28;95,3,-4;100,-6,15;105,15,-25
rua||olimpio bueno de camargo|chapada|37524000|70,-2211619,-4550945;75,10,-1;87,-2,14;90,6,3;95,9,-2;100,-6,3;105,10,6;110,-1,-3;111,5,3;115,7,0;120,0,4;125,-1,4;130,1,1;135,11,-4;145,3,-1;180,-18,37
rua||pedro eufrasio de carvalho|sao joao|37524000|10,-2212359,-4551927;11,-12,-2;20,-8,-7;30,-3,-8;40,-10,-2;50,-15,-9
rua||pedro eufrasio neto|centro|37524000|13,-2212241,-4551489;18,6,8;23,1,-13;26,5,4;46,5,-10;53,11,-16;54,-1,4;63,-1,-1
rua||pedro lopes fernandes|sao joao|37524000|20,-2212529,-4551731;30,-12,-5;50,-20,-4;60,-5,-7;70,-10,-1;80,-1,-3;90,-9,-4;100,-9,-6;110,-9,-1;120,-8,-6;128,-11,-10;142,-12,-4;150,-14,-6;160,0,-1;170,-14,-3;180,-9,-5;200,-12,-7;205,14,13;210,-35,-24;215,20,14;225,-7,-1;244,-7,-6;246,-23,-16;254,14,10;255,-12,-1;265,-6,-5;275,-8,-2;550,220,128;1250,-120,-84;1290,-62,-28;1295,-1,-2;1305,-25,-13
rua||pedro pereira|chapada|37524000|14,-2211640,-4550931;15,3,1;17,8,6;84,-1,8
rua||roque inacio fernandes|chapada|37524000|10,-2211462,-4550774;13,6,-12;20,6,22;23,4,-27;30,6,7;33,0,-15;40,-1,11;43,14,-10;53,2,-8;60,8,9;70,4,-5;73,9,-11;80,-3,5;90,8,-5
rua||sebastiao candido da silva|centro|37524000|126,-2211876,-4551972;146,-20,-2
rua||sebastiao candido da silva|santa catarina|37524000|11,-2211774,-4551978;16,3,-6;21,-7,6;26,-1,-10;31,-10,12;36,0,-11;41,-14,13;46,6,4;51,-5,-3;56,-2,-8;61,-9,7;66,4,-9;71,-11,13;76,0,-12;81,-10,8;86,-1,-3;91,-10,3;96,8,-3;101,-17,3;106,7,-2;111,-18,7;116,7,-10;121,-18,12;131,-13,4;141,-6,-4
rua||sebastiao goncalves dos reis|chapada|37524000|50,-2211766,-4551012;51,-2,25;60,2,-23;61,-3,19;66,4,-17;67,6,89;70,-6,-87;71,2,-8;80,-7,15;110,14,51;119,-17,-8;141,13,66;161,-1,20
rua||sebastiao guilherme dos santos|chapada|37524000|16,-2211729,-4550914;25,1,18;26,1,-5;35,6,10;36,-10,0;46,3,9;56,0,6;66,3,10;76,12,5;86,-9,11
rua||sebastiao lopes fernandes|centro|37524000|26,-2211976,-4551126;36,-4,0;42,-10,11;52,-6,7;57,-17,26;75,17,-27;85,3,-2;95,-10,11
rua||sebastiao tomaz de souza|santa catarina|37524000|16,-2211910,-4551965;24,2,12;32,2,9;40,-1,16;48,7,-2;56,-5,12;64,0,2;72,1,7;80,0,8;88,2,6;91,-2,4;136,4,42;146,1,9;151,4,-117;155,5,128;156,-12,-2
rua||sem denominacao|centro|37524000|145,-2211751,-4551215
rua||treze de maio|centro|37524000|6,-2211786,-4551533;7,-8,-21;10,-9,-7;11,7,2;20,1,-8;23,3,-1;29,-30,-14;32,32,1;39,-7,-8;44,8,1;47,-23,-2;50,24,-9;61,-8,-14;75,2,-13;76,-10,22;100,-3,-45;101,9,7;111,-8,-14;112,3,1;120,-10,-10;121,9,-1;130,5,-18;135,-8,3;138,-6,0;139,-7,-13;143,4,4;163,0,-33;173,15,0
rua||valdecir nogueira de aguiar|santa catarina|37524000|22,-2211775,-4551950;23,-3,7;32,-3,-5;33,-2,6;42,-20,4;43,5,-5;52,-6,0;53,2,-2;62,-11,-4;63,1,8;72,-8,-6;73,-8,6;82,-1,-2;83,3,5;92,-22,2;93,13,-2;102,-13,2;103,5,-3;113,-11,1;122,-2,-5;123,-13,7;132,5,-2;133,-15,0;142,1,-2;143,-10,8;152,6,-9;153,-13,9;162,1,-2
rua||virgilio caetano|centro|37524000|4,-2212063,-4551365;20,-9,14;21,0,8;30,-4,0;31,1,10;37,-7,4;38,0,-4;56,-13,15;76,-10,16;85,11,-13;86,-17,12;96,-7,10;97,8,5;107,-4,4;108,-4,-5;110,-6,10;111,13,5;114,-14,17;115,8,-13;118,-17,-4;119,13,8;128,-12,-5;136,-7,7
viela||maria jose de souza|chapada|37524000|66,-2211691,-4550903;67,4,-2
