avenida|deputado|jaime martins do espirito santo|santa cruz|35521432|990,-1989237,-4497776
avenida|sao|sebastiao|novaes|35520554|33,-1983466,-4506479;35,188,-232;36,0,21;38,-7,-88;39,-9,-88;43,6,162;44,-4,39;45,-21,29;58,-49,78;60,4,-7;64,18,-8;340,-82,72;555,86,-107
avenida|seminarista|fonseca santos|dona zeli iii|35520002|426,-1988014,-4501690;475,-6,-41;581,-25,90;629,-14,40;701,-15,66;717,0,12;741,-14,26
avenida||bejamin martins do espirito santo|park dona gumercinda martins|35528899|2260,-1986734,-4499911;2360,8,1;2380,6,-7;2381,3,0;2390,11,7;2400,5,6;2410,13,5
avenida||benjamim martins do espirito santo|park dona gumercinda martins|35528899|18,-1986882,-4499438;1749,-46,127;1751,10,-18;1779,5,-25;1783,-5,6;1789,9,-13;1791,6,-5;1793,0,-11;1795,4,-13;1797,-2,-8;1799,7,-8;1801,2,-7;1803,6,-11;1807,3,-12;1831,8,-29;1849,3,-27;1853,0,0;1863,3,-9;1865,5,-21;1867,4,-12;1877,0,-8;1883,21,-15;1887,-3,0;1905,-3,-38;2320,123,-350;2397,17,25;2403,9,-5;2413,16,0;2483,60,34;2493,8,3;2513,26,1;2533,22,3;2543,3,4;2561,-1,1;2571,37,8;2603,51,18;2643,44,23
avenida||benjamim martins santos|park dona gumercinda martins|35528899|1895,-1986831,-4499638;1941,-2,6;1942,10,21;1955,-7,-27;1959,0,5;1960,0,-5;1969,9,-15;1977,1,-17;2000,1,41;2004,4,-12;2014,3,-5;2021,3,-44;2024,-11,35;2035,10,-47;2044,-6,39;2049,4,-51;2077,5,-23;2102,7,7;2112,7,-44;2114,-4,36;2124,8,-12;2137,0,-41;2139,-2,-1;2141,9,-13;2154,9,18;2164,1,-12;2174,4,-6;2214,10,-19;2216,-4,-13;2270,16,-48;2450,127,3;2511,42,11;2632,82,34
avenida||dos sabias|veredas da serra|35525490|410,-1986132,-4500259;414,3,-10;418,4,-15;548,43,-145
avenida||espirito santo|industrial|35526780|720,-1986753,-4497488;730,6,14;736,24,-4;740,-12,-6;746,13,12;750,9,-17;760,5,9;766,0,-4;770,14,8;780,9,-5;800,7,11;810,7,-4;814,0,8;820,7,-14;864,45,6;866,0,2;870,20,-7;880,2,20;900,10,0
avenida||espirito santo|industrial|35526810|410,-1987037,-4497546;600,179,40;610,8,-10;620,0,2;630,21,10;632,-1,2;634,-1,6;636,1,2;690,51,-3;692,4,9;694,-1,10;710,10,-17
avenida||espirito santo|itapua|35526780|930,-1986560,-4497443;950,18,1;957,31,-17;960,-16,14;965,26,-6;967,1,-5;969,-6,-3;970,-14,21;975,14,-9;981,14,-3;987,3,2;991,5,1;993,6,-2;1000,-15,10;1001,17,-6;1007,11,5;1011,4,5;1015,4,0;1021,2,-7;1031,9,13;1060,1,6;1100,44,2;1101,-2,-14;1114,1,15;1118,14,-7;1120,3,1;1150,33,10;1151,-10,-7;1157,11,1;1160,-2,7;1163,1,-6;1171,15,-8;1210,34,20;1220,10,1;1240,13,13;1250,13,6;1260,11,-2;1261,-1,-9;1270,16,16;1271,-5,-12;1280,12,14;1281,-4,-13;1290,8,14;1291,-1,-17;1300,12,13;1301,-1,-11;1310,12,18;1311,1,-8;1315,-3,-11;1321,9,8;1330,7,13;1331,0,-12;1340,6,9;1341,1,-13;1350,19,16;1351,-2,-5;1360,7,5;1370,3,4;1380,11,0;1390,17,4;1400,11,-1
avenida||espirito santo|planalto|35526780|511,-1986928,-4497537;521,11,6;531,11,-1;541,7,1;551,8,1;601,38,6;611,20,-18;615,-5,19;617,7,3;619,-1,0;621,-2,4;639,16,1;641,8,1;651,6,-2;661,15,-6;671,4,16;681,8,1;691,3,12;701,16,-3;731,19,3;741,13,-7;751,7,6;761,9,-1;771,14,0;781,4,3;791,11,-4;793,-7,11;801,14,-7;809,1,-4;811,-1,20;859,48,3;871,9,3;881,10,-2;883,-7,6;885,3,-2;901,12,-1;951,51,9;2997,7,-1;3001,-344,-67
avenida||espirito santo|planalto|35526850|1211,-1986296,-4497412;1213,0,-2;1221,-13,1;1227,-10,3
avenida||francisco solano|industrial|35526826|793,-1986842,-4497250;803,-1,-11;813,6,-8;819,-7,-4;825,2,-6;831,-2,-7
avenida||francisco solano|santa sara|35527108|280,-1987015,-4496249;310,0,-24;320,0,-8;324,5,-2;330,23,-12;332,-20,3;343,-3,-13;346,8,-5;350,-3,0;353,7,-9;363,-8,-7;370,1,2;373,-1,-12;410,16,-34;430,14,-22;433,-19,-5;440,10,-7;453,-10,-6;455,8,-17;460,3,10;466,-2,-2;488,-21,87
avenida||francisco solano|santo antonio|35527084|72,-1986937,-4496530;82,-24,8;222,21,-170;223,2,-3;242,0,-9;243,1,-1;252,3,-1;253,-5,-6;255,-1,0;262,11,-4;263,-6,-8;264,16,10;272,-13,-18;282,5,-11;284,1,1;293,-6,-8;302,2,3;352,12,-63;362,9,-18;369,-8,-8;372,7,6;374,10,-8;376,-11,14;392,4,-41;429,-1,-29;442,13,-9;443,-9,-13;453,4,-1;463,1,-11;472,17,-21;473,-17,15;483,3,-12;493,2,-14;502,7,-14;503,-4,9;513,-5,1;517,3,-19;522,10,1;523,-97,493;543,0,-13
avenida||nedy faria de souza|araguaia|35522032|1453,-1988095,-4499436;1718,-63,4;1748,-56,0;1758,-18,-5;1880,112,2
avenida||nedy faria de souza|jardim do lago|35522106|1747,-1988029,-4499400;1817,-82,-2
avenida||norte sul|amaral|35525100|973,-1985880,-4498694;981,0,-8;983,-6,16
avenida||norte sul|concesso elias|35525100|552,-1986035,-4498308;562,0,0;566,-3,-7;570,-1,-5;574,12,0;582,-3,-12;602,15,-21;612,1,-4;659,18,-26;660,-4,-13;664,13,-5;670,-3,-7;674,0,0;678,3,-8;731,15,-46;1007,97,-248;1011,1,-9;1015,2,-1;1017,2,-6;1027,4,-6;1037,7,-8;1057,5,-17;1067,4,-7;1077,6,-8;1087,10,-8;1162,28,-77;1279,38,-108;1319,13,-15;1331,7,-38;1337,-268,674
avenida||norte sul|mariana martins|35525302|1,-1985668,-4499277;1422,-37,185;1442,17,-21;1452,-2,-13;1462,0,-14;1471,-4,-3;1501,10,-26;1511,8,-15;1515,16,-18;1521,-12,10;1531,4,-8;1572,23,-30;1582,1,-7;1592,-3,-1;1602,3,-4;1612,4,-1;1622,1,-7;1632,0,-1;1642,3,-2;1652,3,-7;1662,-4,4
avenida||sergipe|campo belo|35525080|4684,-1986375,-4498344;4692,2,-6;4722,-2,-21
avenida||sergipe|concesso elias|35525080|4221,-1986467,-4497842;4251,20,-38;4261,-1,-6;4263,-4,3;4591,46,-329;4601,12,-15;4611,3,-5;4612,232,-690;4631,-228,665;4641,0,-18;4651,8,-13;4671,-9,-5;4677,4,-19;4681,-2,-14;4691,4,-8;4701,6,-20;4711,1,-8;4721,2,-6;4723,0,-3;4731,9,-5;4733,4,-12;4735,-14,-1;4761,-4,-26;4762,20,-1;4765,8,-3;4771,-18,-1;4773,-4,-1;4781,6,-15;4806,16,-10;4810,0,-3;4818,5,-22;4822,1,-2;4827,-16,-4;4892,40,-61;4902,-7,-12;4961,20,-48;4971,17,-28;5192,93,-176;5202,-3,-11;5297,32,-111;5307,3,-5;5315,0,-8;5316,7,8;5341,4,-29;5351,-5,9;5352,13,-18;5362,7,-5;5372,1,-5
avenida||sergipe|frei ambrosio|35525080|4622,-1986383,-4498264;4656,-1,-12;4658,12,-15;4662,-9,-13
avenida||sergipe|frei ambrosio|35526750|4186,-1986475,-4497802;4196,13,-8;4256,14,-56;4258,-14,10;4286,9,-28;4316,10,-60;4326,5,-8;4336,-6,3;4346,6,-13;4350,4,-4;4360,-4,-11;4396,11,-36;4406,-6,-12;4416,14,-17;4456,13,-142;4466,-12,93;4476,17,-99;4478,-11,90;4480,0,-7;4486,-6,-7;4496,5,-3;4506,5,-20;4510,0,6;4516,-2,-22;4526,4,6;4536,3,-10;4550,-5,-7;4556,-13,73;4560,11,-89;4568,10,-4;4576,-1,45;4596,8,-72;4606,1,-12;4616,-1,-18
avenida||sergipe|itapua|35525080|984,-1986525,-4497487;3004,-6,29;3006,3,-3;3008,2,7;3010,0,-17;3020,3,-12
avenida||sergipe|planalto|35526592|970,-1986511,-4497512;2970,-11,-3;2980,8,-14;3110,8,-31;3120,-1,-12;3130,-1,-4;3140,1,-5;3160,2,-32;3170,-6,-17
avenida||sergipe|planalto|35526750|962,-1986515,-4497537;964,26,-144;971,-35,163;1290,40,-173;1300,5,-24;1310,-2,0;2985,-39,182;2987,5,2;2997,-15,63;2999,12,-68;3009,-11,59;3011,1,0;3025,2,-12;3027,2,3;3029,-2,10;3111,16,-95;3121,2,-6;3155,8,-52;3161,-3,11;3191,-2,-25;3200,18,-22;3201,-7,6;3250,8,-63;3261,0,12;3300,8,-55;4001,-14,96;4051,4,-58;4081,16,-32
avenida||sergipe|sandra regina|35525080|4197,-1986466,-4497808;4199,12,-2;4201,-2,-12;4411,34,-201;4421,-13,-12;4429,13,-3;4449,-11,-51;4451,9,6;4461,4,-12;4471,11,-24;4501,-2,-11;4511,13,-21;4521,-18,4;4541,25,-11;4543,-17,-6;4551,-2,-19;4561,-3,-10
estrada||de nova serrana|barretos|35528899|2,-1990605,-4498736;3,-114,238;4,0,178;5,-69,291;6,-176,365;8,8,-14;9,-55,214;10,-42,49;11,-22,26;12,-37,-15;13,-1,22;14,-136,-324;15,-54,125
estrada||de nova serrana|pereira|35528899|15,-1990366,-4488610
estrada||de nova serrana|ripas|35528899|9,-1991187,-4491914
estrada||fazenda do saco|fazenda do saco|35528899|55,-1979493,-4491804;56,21,84;58,22,49;61,91,148;62,-2,18;63,-73,-11;65,124,18;67,-58,-4;78,-87,-164
rua|bandeirante|paes da silva|centro|35520026|75,-1987452,-4498648
rua|bandeirante|paes silva|centro|35520026|10,-1987506,-4498674;27,3,8;29,1,0;43,15,3;53,14,4;72,21,17
rua|dona|ondina teodora da silva|itapua|35526884|55,-1986180,-4496948;65,-240,-121;105,233,79;111,-217,-70;115,221,80;125,-9,11;141,-212,-91;155,216,117;165,-26,7;172,-163,-107;173,166,114;175,5,-1;182,-166,-111;185,154,113;190,-7,-4;191,-125,-111;192,-11,7;200,153,99;201,-136,-99;202,-15,0;210,152,90;211,-131,-88;212,-17,1;220,147,80;221,-123,-79;222,55,40;230,65,24;231,-111,-53;232,-11,-1;240,135,48;242,-126,-43;250,128,34;252,-117,-29;260,121,30;262,-116,-24;270,117,7
rua|pastor|generoso pereira da silva|cidade nova i|35520710|350,-1988957,-4495173;380,19,28;390,3,2;394,-7,8;400,10,-1;430,14,23;434,1,7;441,11,2;470,8,21
rua|pastor|generoso pereira da silva|nova londrina|35520710|980,-1988661,-4494642;990,7,9;1000,-12,14;1246,34,36
rua|presidente|costa e silva|centro|35520092|22,-1989064,-4498474;451,589,-86;461,-5,3;471,-18,10;491,1,-4;498,11,-2;501,-31,1;508,24,7;511,-33,0;512,26,-3;514,-1,6;518,-9,-4;520,-13,-9;522,-2,1;528,-30,14;531,5,-7;540,-6,3;542,4,-1;550,-7,2;551,4,-5;560,-19,2;568,-18,5;570,-1,0;571,12,1;581,-11,-9;591,-20,17;598,-4,-9;611,-4,9;612,-18,-5;618,8,7;621,-1,1;628,-3,0;631,-2,0;638,-21,0;648,-9,7;661,4,-3;671,-13,17;691,-12,-15;698,-34,2;701,25,-4;711,-17,9;720,-24,4;941,-195,22;971,-24,10;1030,-54,-4;1042,-49,9
rua|presidente|costa e silva|centro|35522166|1,-1988011,-4498625;3,-20,6;5,32,-11;10,3,5;11,-43,3;14,18,5;18,-20,-1
rua|presidente|costa e silva|marisa|35521330|19,-1988074,-4498620;22,3,12;25,-20,-7;26,10,11;28,-1,-1;30,-11,-7;35,-7,9;36,9,-12;40,9,9;44,-12,-8;46,-10,7;48,-8,-6;51,0,14;55,1,-2;58,1,-7;61,-1,2;65,0,-19;68,2,10;75,-24,14;90,-17,-3;91,-23,4;101,3,9;102,9,-19;110,-7,9;111,-6,16;113,-7,-6;116,2,-11;117,-1,7;119,0,0;132,-12,-2;138,3,-4;179,-33,14;180,-6,-2;186,-8,-4;187,-1,7;197,-9,2;200,2,-7;201,-1,8;210,-6,-7;212,-11,1;216,10,-4;217,-3,14;219,0,1;245,-37,-6;246,8,3;247,-10,-2;256,0,7;265,1,0;266,-13,2;275,1,13;276,-4,-19;295,3,7;328,-55,3;333,12,-5;335,-4,1;338,-20,-2;387,-36,17;390,3,-7;394,-7,0;400,-6,-2;408,-7,5;417,-14,-4;424,-7,2;426,7,5;428,-13,-6;466,20,6
rua|presidente|costa e silva|nossa senhora do carmo|35521340|503,-1988775,-4498513;781,-3,6
rua|presidente|costa e silva|nossa senhora do carmo|35522166|978,-1988996,-4498478;988,-12,-3;998,-9,2;1008,-3,3
rua|sao|francisco dos santos|moreiras|35527204|28,-1987478,-4494852;88,6,-6;92,14,2;98,9,2;99,12,-20;108,-16,5;113,10,3;118,4,-6;123,-20,5;128,31,-3;129,-45,7;138,50,-12;148,7,0;184,-65,18
rua||agatha marinho silva|cidade jardim|35522240|990,-1989408,-4499851;994,10,-24
rua||ana fernandes silva|francisco lucas|35524306|21,-1986586,-4500657;31,3,4;41,5,-7;51,8,-2;61,3,-12;71,4,-6;81,7,-7
rua||antonio elias da silva|fausto pinto da fonseca|35523218|117,-1987857,-4499699;122,0,14;241,7,-30
rua||antonio ferreira dos santos|jardim do lago|35522032|179,-1987945,-4499307;189,-8,-20;213,1,-28
rua||antonio ferreira dos santos|jardins do lago|35522032|14,-1987995,-4499118;26,-4,-18;30,16,-22;34,-3,-4;44,8,4;54,-1,-17;64,15,-9;84,6,-34;85,3,-17;94,-2,4;104,-2,-23;137,3,-23;144,-7,-31;170,40,-381;300,-17,269;310,-2,-5;352,-2,-36;364,7,-25;376,5,-6;400,-4,-19;408,3,-9;460,-11,-52;483,6,-42;493,-7,-12;500,13,18;503,-2,-21;513,-11,-14;519,10,-4;520,13,13;521,-18,-18;523,6,-4;530,10,4;534,-7,6
rua||antonio ferreira dos santos|nogueira|35522124|15,-1988008,-4499141;25,17,2;35,7,-20;45,0,-2;55,8,-9;65,8,-9
rua||antonio honorio dos santos|bela vista|35520242|15,-1988264,-4497813;17,2,1;25,1,15;30,-3,-6;32,2,5;33,-4,8;35,4,-1;37,0,0
rua||antonio honorio dos santos|morada do sol|35520242|70,-1988253,-4497754;75,-11,3;80,1,9;85,-2,-2;90,-2,4;96,-16,10;110,21,13;140,-23,36;145,15,-5;155,-2,12;160,3,10;165,-9,9;167,7,-1;169,2,-6;170,-1,8;175,1,-14;180,2,22;185,-2,-1;190,0,13;210,1,23;220,-7,2;225,6,11;230,8,8;235,-8,0;240,0,6;245,5,2;250,-18,3;255,10,2;256,8,16;259,-6,-8;260,3,13;280,-3,13;285,0,5;290,-5,11;295,7,-4;297,2,6;300,-1,2;304,9,7;305,-10,-4;310,-8,2;315,10,9;316,-6,4;320,2,10;325,1,-3;360,-8,38;722,22,-249;724,-15,7;1020,5,72
rua||antonio honorio dos santos|sao geraldo ii|35520320|420,-1988280,-4497367;435,9,-17;445,-1,5;455,0,18;465,2,10;475,1,6;483,-1,11;485,3,2;495,0,7;505,1,11;515,-1,15;525,3,7;530,-11,10;545,3,10;575,4,31;585,-10,15;587,3,7;595,0,0;605,10,11;611,-6,1;615,2,11;625,-3,10;635,-2,3;639,5,2;643,-5,5;645,3,5;655,1,10;661,-8,8;670,7,36;680,-19,10;685,20,-23;690,-16,35;700,6,11;704,-1,6;705,3,-29;710,-10,36;715,8,36;720,2,-23;725,2,47;730,-10,-45;735,12,-15;740,2,25;745,-3,-14;750,-4,24;755,2,-15;760,-4,32;765,5,-22;770,-2,21;775,1,-17;780,-2,29;785,-3,-22;790,0,42;795,4,-32;805,2,8;820,-3,57;824,0,1;825,4,-37;830,-6,41;840,1,13;850,7,9;855,-4,-27;856,2,27;860,7,12;865,-13,-31;870,5,40;872,0,1;875,-4,-29;880,7,43;885,-5,-32;890,-4,29;895,6,-28;900,-3,42;905,0,-24;910,-5,35;913,5,-31;916,3,45;920,-2,6;930,-7,4;935,8,-28;955,1,8;957,-5,10;959,2,4;995,2,43;1005,-3,15;1013,-5,-1;1015,4,8;1025,2,8;1035,-8,11;1037,3,-9;1045,5,13;1055,-7,14;1059,-4,1;1065,6,10;1069,4,-2;1075,22,16;1085,-15,-1;1095,-4,8;1107,-11,50
rua||antonio honorio dos santos|sao geraldo|35520242|952,-1988283,-4496807;960,12,-8;970,-6,4;980,-2,15;990,-7,16;1000,4,5;1010,-3,15;1020,2,15;1030,-3,-2;1040,5,16;1042,5,-7;1044,0,1;1050,-4,11;1052,-3,16;1060,2,-1;1074,10,24;1094,-14,13;1098,-4,15;1100,1,-11;1102,11,16;1106,-2,5
rua||antonio jose dos santos|fausto pinto da fonseca|35523238|43,-1987562,-4500332;53,-9,-3;63,-10,-7;65,2,8;98,-26,-15;123,-36,-10;183,-40,-17;193,-13,1;208,-32,-12;223,6,5;253,-37,-11;263,-19,-16
rua||antonio jose dos santos|jardim padre lauro|35523238|318,-1987797,-4500415;353,-31,-7;388,-23,-9;408,-31,-13;433,-23,0;438,2,-6;443,-18,-1
rua||antonio maximo sobrinho|sandra regina|35526536|114,-1986418,-4498174;124,-27,15;133,7,-7;134,-5,-8;143,-5,13;144,-38,-20;153,27,14;154,12,-1;163,-20,-5;164,5,4;173,-15,-1;174,17,-16;183,-23,12;184,5,6;193,-19,-6;213,-23,0;214,32,-9;243,-66,1
rua||antonio pedro da silva|jeferson batista de freitas|35524220|292,-1986637,-4500401;302,-11,-3;307,-3,3;322,-5,-2;326,-7,-6;327,-1,3;332,-7,-9;334,0,0;337,-10,7;342,3,-7;347,-8,3;349,-1,1;351,2,-1;352,-7,-5;357,5,1;359,-4,3;361,1,0;362,-21,-13;363,15,12;365,-8,0;367,0,0;397,-31,-9;402,-7,-8;407,5,6;412,-39,-28;417,35,18;422,-17,-3;427,-5,4;432,-2,-2;437,-6,-9;447,-8,-3;452,-3,6;457,-2,8;461,-1,-8;462,-12,-7;467,5,3;472,-6,-21;477,-7,22;482,-6,-10;506,-14,-9;512,-15,12;516,5,-3;615,102,28
rua||antonio pedro da silva|romeu duarte|35524168|527,-1986860,-4500471;537,-3,-6;539,3,0;540,-16,5;547,-2,10;552,-6,-11;557,7,-7;559,-13,11;562,-1,0;567,-4,-3;577,-9,-4;582,14,-7;587,-21,-5;592,7,-2;593,-18,4;597,-2,2;602,16,-14;607,-22,10;611,-1,-6;612,-10,6;617,-1,-3;620,2,2;622,-4,5;627,33,-1;637,-41,-9;639,5,0;642,-7,-3;652,-19,-14;662,-13,1;672,-9,-8;682,-6,6;692,-14,1;694,4,-7;696,0,-4;700,-12,6;702,-20,-6;712,3,-1;722,-5,-7;724,-16,11;732,6,-12;734,8,9;742,-17,-11;744,3,2;752,-7,-4;754,-3,0;756,-4,2;762,-13,4;764,4,-1;3005,244,42
rua||antonio satito|amaral|35525066|860,-1986599,-4498534;862,12,-11;870,3,8;880,12,-5;881,-2,-8;885,-4,-1;890,20,21;891,-9,-15;897,0,0;901,12,-2;907,1,6;911,4,3
rua||antonio satito|concesso elias|35525066|1071,-1986420,-4498472;1091,15,7;1101,6,11
rua||antonio satito|concesso elias|35525092|930,-1986532,-4498519;942,10,2;948,169,79;950,-160,-78;951,0,4;956,180,81;960,-177,-75;961,3,-7;964,175,84;971,-169,-82;972,174,86;975,-172,-83;980,88,44;981,-85,-37;988,177,77;993,-157,-77;996,164,79;999,-159,-78;1001,22,10;1003,-13,-4;1004,154,82;1005,-148,-80;1007,5,5;1009,2,1;1011,114,53;1012,29,20;1017,-22,-18;1020,27,18;1023,-20,-16;1028,30,18;1029,-21,-13;1035,2,2;1036,26,17;1041,-19,-12;1044,28,13;1047,-16,-9;1052,20,11;1053,-23,-12;1059,11,4;1060,19,11;1065,-8,-6;1099,39,19;1109,9,5;1110,-11,3;1116,6,2;1117,12,-1;1122,-9,1;1128,6,1;1129,7,0;1133,7,0;1134,1,5;1140,-7,2;1141,19,0;1146,-13,-4;1149,14,5;1152,-8,-5;1157,18,8;1158,-6,5;1164,5,0;1170,6,-2;1203,37,22;1209,4,-1;1215,7,7;1221,8,-3;1227,5,2;1233,8,8;1245,5,5;1261,21,8;1271,3,0;1281,8,4;1321,45,22;1327,9,2;1333,8,6;1339,3,5;1345,11,-3;1351,6,1;1357,13,5;1363,2,4;1369,10,4;1389,16,24;1621,52,7;1625,6,5;1629,6,7;1633,6,-2;1637,7,8;1641,5,-5;1645,3,8;1649,9,6;1653,7,3;1657,6,5;1661,7,-3;1665,5,5;1669,3,6;1673,10,12;4861,-358,-175
rua||antonio satito|concesso elias|35526638|537,-1986052,-4498297;1210,-89,-41;1220,7,2;1230,10,3;1240,4,11;1250,11,0;1270,17,15;1280,9,0;1290,9,3;1300,4,2;1320,18,11
rua||antonio satito|esplanada|35526678|1340,-1986020,-4498279;1370,7,2;1570,70,38;1610,43,20;1618,0,-6;1626,11,5;1634,4,4;1642,7,-4;1650,7,12;1658,5,2;1666,4,2;1674,11,1;1682,5,7;1690,8,4;1698,6,-3;1706,6,12;1714,8,-2;1721,47,21;1729,8,-6;1737,5,4;1745,12,7;1748,-33,-23;1753,36,25;1756,-36,-10;1761,45,15;1764,-35,-15;1769,40,16;1772,-34,-12;1773,40,15;1777,0,0;1780,-34,-12;1781,42,15;1788,-35,-13;1789,35,13;1793,2,1;1797,3,1;1804,-31,-11;1812,9,3;1820,4,6;1828,8,1;1836,11,4;1844,7,8
rua||antonio satito|lincoln nogueira|35525158|1880,-1985661,-4498108;1884,7,-1;1888,-4,10;1896,14,-11;1900,-2,9;1904,14,-5;1908,-7,1;1909,-3,-3;1912,8,7;1916,0,2;1917,-7,-11;1920,12,17;1924,1,1;1925,-7,-10;1928,10,10;1932,0,0;1933,3,-8;1936,4,12;1940,3,1;1941,2,-10;1944,3,16;1946,7,-1;1949,-5,-2;1950,4,8;1952,2,-3;1957,3,-8;1958,-3,9;1960,6,2;1965,5,-7;1981,5,-3;1989,0,6
rua||antonio vaz da silva|francisco lucas|35524286|552,-1986747,-4500689
rua||antonio vaz da silva|romeu duarte|35524178|579,-1986791,-4500702;589,-9,5;591,0,-1;592,2,-7;599,-9,5;600,3,-4;602,7,0;609,-21,0;612,7,-4;616,-1,-4;619,-16,4;621,4,0;622,0,-1;629,-10,-5;630,7,4;631,-11,-3;632,6,0;639,-10,2;642,-2,-6;649,0,3;652,4,-3;656,-11,-8;659,-10,6;660,7,-9;662,-6,8;669,-11,7;672,3,-11;679,-14,-2;682,9,2;686,-3,1;689,-7,-3;690,4,7;692,-13,-6;709,-25,-8;712,5,-10;719,-17,-2;722,6,1;729,-4,-3;732,-8,-2;739,-11,-1;742,4,2;749,-5,-6;752,-2,1;759,-12,-3;762,5,-4;767,-12,-11;771,1,6;772,11,11;779,-25,-7;782,6,-3;789,-11,13;792,7,-13;799,-21,2;802,4,-4;809,-16,-5;812,18,3;819,-18,-3;822,1,2;829,79,29;832,-84,-42
rua||assulin0 ferreira da silva|frei paulo|35523084|175,-1987592,-4499017;185,6,-5;195,-3,-13;205,-41,-23;209,48,12;215,7,-10;225,3,-8;235,0,-4;245,17,-14;255,-8,-10;265,-1,-4;269,4,-11;275,8,-5;322,-44,112;365,54,-232;375,10,-6;385,-5,-18;387,-5,0;405,-10,-25;415,18,-12;525,12,-100;535,2,-3;545,15,-27;565,-9,-28;585,-3,-12;595,6,-15;597,-1,0;605,6,-5
rua||assulino ferreira da silva|frei paulo|35523084|40,-1987651,-4498884;45,-24,-23;50,28,14;60,8,-4;70,-3,-10;80,6,-7;85,-10,5;93,-18,-13;95,26,20;97,-2,-16;100,10,-24;101,13,8;105,-9,-3;110,8,-4;115,-14,-2;120,29,-3;130,-4,-22;135,-26,18;145,22,-23;150,21,-33;160,10,-26;170,13,4;190,-8,-24;196,13,-14;200,-18,14;210,9,-14;230,10,-18;250,18,-36;260,13,-12;290,2,-53;350,3,-100;360,5,-2;370,-10,-7;382,12,-4;398,1,-32;400,-4,-14;410,0,-12;420,11,-18;430,-7,-6;440,3,-13;458,-8,-44;460,26,23;468,-20,-30;470,4,-8;480,1,-13;550,1,46;610,-2,-62;620,5,-6
rua||ceci amaral da silva|francisco lucas|35524294|491,-1986402,-4500860;511,-20,-37
rua||cosme ribeiro da silva|cidade nova i|35520556|15,-1989361,-4495184;16,-17,-25;26,4,9;36,13,-1;46,1,26;56,1,-1;66,2,12;76,7,7;86,0,10;94,1,2;96,4,6;105,27,29;106,-23,-21;115,28,31;116,-24,-20;125,27,25;126,-7,-16;135,15,27;136,-28,-16;145,30,26;146,-17,-21;155,20,29;156,-19,-20;165,23,28;166,-13,-10;175,17,17;176,-13,-11;185,19,22;186,-19,-16;195,30,22;196,-23,-11;205,16,21;206,-16,-7;215,30,16;216,-22,-14;226,9,9;236,-3,0
rua||da saudade|adalberto ferreira do amaral|35527804|281,-1987315,-4497792;436,7,-48;463,4,51
rua||da saudade|centro|35520287|45,-1987314,-4498196;55,7,22;56,-13,-30;60,2,21;76,4,24;80,-1,4;145,15,51;155,1,17;156,-1,8;220,-1,26;226,16,23;245,-18,45;246,1,-42;250,4,12;283,-2,45;291,0,2;296,0,-2;303,-3,16;306,-4,-9;316,5,16;325,-4,3;333,3,20;346,-4,1;348,2,-1;353,-3,24;356,4,-1;363,-1,4
rua||da saudade|santa luzia|35527804|623,-1987301,-4497627
rua||divino soares|centro|35520038|5,-1987361,-4498579;7,-11,1;20,27,9;26,-1,-11;28,-10,0;30,7,-3;33,-19,3;47,17,-3;48,4,-12;50,-4,-3;57,0,-3;65,-2,-2;68,4,4;75,-5,-3;78,7,4;80,19,-18;82,-3,-3;84,-3,1;90,5,-4;110,-19,-2;230,18,-7;363,-14,61
rua||domingos pereira da silva|cidade nova iv|35520654|133,-1989896,-4495119;143,6,5;153,10,11;162,-6,6;163,16,3;173,-3,2;182,-4,12;202,4,24;212,13,2;312,40,80;369,31,53;375,1,1;381,7,15;387,-1,5;393,8,3;583,92,177;593,4,10;603,2,-2;613,4,4;623,6,5;633,-1,8;643,4,11;653,5,7;663,8,9;673,1,-3;683,2,13;693,18,9;791,-174,-309
rua||dos sabias|antonio venancio|35525236|50,-1985122,-4498088;53,2,6;60,-12,-18;63,7,7;70,-14,-11;73,8,14;80,-10,-18
rua||dos salmoes|sao geraldo|35520392|544,-1988477,-4496730;550,-3,4;580,10,30;590,7,10
rua||elzi dorneles dos santos|santa maria|35523419|35,-1987297,-4500906;202,-6,-1;220,-57,149;230,4,-5;231,-2,1;233,0,0;240,11,-4;250,-3,-9;251,1,-4;260,-3,-5;261,4,-2;270,3,-5;271,6,5;280,-12,-17;281,12,7;289,-1,-14;290,-5,5;310,10,-15;311,-6,-11;320,4,1;321,0,-3;324,0,2;330,11,-4;331,-6,-5;340,5,-8;341,-8,0;351,4,-3;360,7,-14;361,-6,10;370,14,-14;371,-10,7;380,7,-14;384,-5,5;390,10,-8;391,-10,0;400,14,-13;410,2,-11
rua||fernanda soares|cidade jardim|35522240|236,-1989247,-4499749;362,58,81;372,-5,-7;382,2,-9
rua||francisco raimundo solano|boa vista de minas|35529000|85,-1982574,-4495907;115,11,12
rua||francisco rodrigues da silva|jose rodrigues|35525334|139,-1985147,-4499154;178,3,6;195,-7,24;198,-8,-6;199,11,0;220,-7,24;239,-10,17;248,0,7;249,7,-7;259,-8,14;269,-3,8;278,-2,11;279,7,-4
rua||geraldo ferreira da silva|serra dourada|35521436|461,-1988772,-4497934;477,2,5;519,2,35;522,-10,17;542,0,17;567,8,41
rua||geraldo jose dos santos|carmen duarte|35525386|708,-1985315,-4499430
rua||geronimo silva|centro|35520140|12,-1987785,-4498254;14,0,13;19,-10,8;22,-8,6;24,10,-4;27,-9,-5;34,-2,16;41,-5,2;44,-15,11;65,6,-6;79,10,-4;88,-22,9;97,-1,17;99,3,-6;100,-10,-6;112,-6,8;115,0,8;124,-16,-2;136,-7,6;148,10,7;150,-6,1;152,-35,-14
rua||geronimo silva|vila operaria|35520140|133,-1987872,-4498183;149,-17,4;161,4,8;173,-15,9;187,-13,-1;216,-11,10
rua||guilherme gontijo da silva|maria jose do amaral|35521370|104,-1988838,-4498327;204,2,-1;388,5,52;405,-17,-207;425,-6,27;430,5,10;485,5,44;487,4,50;495,-1,-26;505,-3,-2;511,8,6;513,-2,-2;518,-4,14;520,0,-9;521,6,18;555,17,25;557,-9,8;559,6,-5;565,-14,10;575,14,11;585,13,5;595,-21,26;600,-10,179;605,15,-179;610,-27,8;611,33,-3;615,-8,2;617,1,7;670,-10,-36
rua||jandira teodoro da silva|boa vista de minas|35529000|1211,-1983224,-4495874;1240,-17,-17;1260,0,-1;1281,-22,-27;1291,-6,-2;1301,-13,-11
rua||joao batista da silva|capao|35528542|113,-1988753,-4493185;123,-1,11;133,-5,5;143,-5,16;153,-1,9;163,-4,8;172,-8,-2;173,4,10;182,-9,-3;183,7,10;184,-4,-13;192,-4,20;193,4,5;202,-13,6;203,10,8;212,-9,-8;213,9,17;222,-11,-11;223,12,40;233,-9,-27
rua||joao batista da silva|capao|35528610|263,-1988859,-4492912;273,86,-113;283,-38,-9;293,-6,11;303,-2,6;313,-3,12;323,-2,3;333,-5,11;343,0,7;353,-4,17;363,-3,5;373,-2,2;383,-9,22;392,-5,4;393,37,13;402,-37,-12;403,4,8;412,-13,9;413,43,18;422,-41,-17;423,3,5;433,23,-79;442,-39,101;443,7,4;448,-7,6;453,3,-1
rua||joao batista da silva|vale verde|35528610|110,-1989262,-4493093;156,-5,39;191,-3,46;201,0,13;211,-1,2;230,-12,48;278,-6,38;288,-5,5;290,1,6;291,5,-7;293,3,-1;301,-5,18;305,2,-6;308,-7,8;311,3,0;317,2,8;581,-2,6
rua||joao dos santos|campo belo|35525068|55,-1986668,-4498645;609,106,48;619,3,3;629,9,5;639,6,0;1230,4,1
rua||joao dos santos|concesso elias|35525098|1232,-1986129,-4498389;1237,6,-6;1238,1,9;1244,8,3;1245,-2,-3;1250,9,4;1253,-3,0;1256,11,7;1257,-9,-5;1263,4,2;1269,16,1;1275,1,2;1281,7,3;1287,5,2;1290,3,8;1299,11,0;1300,-8,0;1305,15,-1;1310,-3,8;1311,7,-2;1320,0,1
rua||joao ferreira dos santos|concesso elias|35524130|679,-1986508,-4498567;680,-1,10;689,9,-6;690,0,6;709,5,1;850,100,51;851,5,-3;860,-3,2;870,8,8;880,13,1;884,0,0;1034,54,21;1042,6,4;1047,-5,-8;1050,9,11;1053,0,-7;1058,9,6;1059,-5,-4;1065,5,3;1066,10,8;1071,3,-4;1074,3,8;1077,9,-1;1082,-4,7;1083,10,-4;1089,0,0;1090,-3,1;1095,12,3;1098,-9,7;1105,38,6;1106,-29,-8;1130,41,20;1138,10,3;1146,10,2;1151,-7,-7;1154,10,8;1159,-3,-2;1162,10,11;1163,-10,-11;1169,9,5;1170,9,9;1175,1,-8;1178,5,10;1181,-8,-7;1183,3,-2;1186,11,14;1187,-4,-7;1189,2,3;1193,3,1;1194,4,6;1195,2,-4;1251,-357,-162;1339,505,229;1345,7,0;1360,-1,6;1361,17,1;1368,-7,6;1369,13,-2;1376,-10,2;1377,11,-2;1384,-4,4;1385,19,2;1392,-11,-1;1393,19,4;1400,-12,1;1401,19,3;1408,-15,0;1409,15,-1;1416,-6,6;1417,14,5;1424,-9,-5;1425,23,6;1430,-5,-2;1432,-5,6;1433,16,-3;1441,1,1;1444,-6,3;1449,14,5;1466,32,23;1472,8,3;1473,-5,-10;1478,13,13;1479,-6,-7;1484,15,9;1489,-6,-11;1490,12,19;1495,-3,-4;1496,9,6;1501,-1,-11;1502,11,6;1508,4,4;1509,-14,-3;1514,18,8;1517,-10,-3;1520,16,7;1525,-8,-11;1526,15,16;1532,9,2;1533,-18,-9;1538,23,10;1541,-14,-11;1544,4,2;1549,0,4;1550,26,14;1557,-21,-17;1565,9,7;1573,12,0;8490,-599,-273
rua||joao ferreira dos santos|esplanada|35524130|1590,-1985744,-4498208;1595,-13,-12;1601,6,3;1607,5,3;1613,13,6;1619,4,4;1625,7,1;1628,-19,-2;1630,5,4;1642,13,6;1648,-5,-4;1652,20,8;1656,4,-4;1666,-10,2;1672,4,1
rua||joao ferreira dos santos|francisco lucas|35524228|102,-1986864,-4500875;132,8,-24;714,-36,101;781,25,-69;958,-23,67;970,10,-9;972,3,-15;980,5,-17;990,0,-16;992,-2,1;1020,12,-28;1026,-2,-4;1030,5,-12;1034,7,-7;1100,10,-45
rua||joao ferreira dos santos|jardim sao francisco|35523128|65,-1987272,-4499450;85,4,-12;86,-8,9;94,16,-8;95,2,-12;96,-8,11;98,0,-7;110,-2,-6;115,-6,-5;123,3,-20;135,48,-52;137,-44,46;139,-5,-10;141,16,-18;145,-8,14
rua||joao ferreira dos santos|jeferson batista de freitas|35524228|560,-1987045,-4500240;603,29,-109;616,1,-20;670,-27,118;700,8,-19;702,-1,-12;704,-8,-2;706,305,336;720,-293,-342;726,0,-11;730,14,-20;734,-1,-14;743,-1,11;796,10,-58;800,1,-9;804,165,-534;955,-2,-10;999,-29,79;1003,9,-8;1005,12,-87;1007,-6,40;1023,0,27;1025,-1,-14;1035,0,-9
rua||joao ferreira dos santos|lincoln nogueira|35524130|1694,-1985654,-4498163;1702,9,-4;1703,7,14;1710,-2,-10;1711,6,8;1718,-5,-5;1719,15,12;1726,-5,-12;1727,14,16;1734,-8,-11;1742,11,4;1745,15,9;1750,-12,-6;1753,23,12;1758,-19,-7;1761,29,10;1766,-18,-7;1769,25,13;1774,-20,-11;1782,3,5;1790,10,3;1806,3,3
rua||joao ferreira dos santos|park dona gumercinda martins|35523128|226,-1987231,-4499613;236,-6,13;246,8,-28;255,21,-24;256,-20,14;265,22,-13;276,-3,-22;278,-9,12;286,5,-19;485,79,-214;495,2,-15;517,-1,-20;521,7,-21;525,-2,-11;529,6,-16;586,18,-92;602,23,-37;605,-16,57;615,-4,-8;635,36,-139;652,7,16;654,2,-7
rua||joao ferreira dos santos|romeu duarte|35523128|945,-1986884,-4500794;949,-6,3;951,9,-11
rua||joao ferreira dos santos|romeu duarte|35524130|885,-1986939,-4500612;905,1,-18;909,15,-14
rua||joao ferreira dos santos|romeu duarte|35524152|202,-1986990,-4500471;302,36,-19;401,4,-26;402,-24,28;501,-1,23;580,-81,239;627,65,-214;637,1,-4;652,26,-79;661,15,-13;667,-4,6;697,33,-159;700,7,-1;719,-156,398;723,168,-470;725,-129,471;735,0,-13;755,8,-15;765,7,-12;767,7,-15;769,2,-1;775,6,-34;785,0,-1;787,-4,-13;795,20,-38;806,-7,0;810,-1,4;820,9,-36;824,0,-13;830,10,-13;840,12,-33;848,-5,-4;850,13,-29;854,1,-4;860,1,-7;870,4,-11;874,1,-3;875,0,18;877,-1,-9;880,8,-37;883,-5,24;888,15,-48;892,-3,10;897,-111,371;899,7,5;900,110,-411;904,3,-6;906,1,-10;907,-2,12;909,0,2;910,1,-23;912,4,-27;915,-3,39;920,8,-31;921,-2,-12;926,3,-4;939,20,-42;941,8,-7;943,-16,10;1995,-116,432
rua||joao jose da silva|jardim padre lauro|35523378|231,-1987772,-4500819;270,-4,6;281,12,-25;330,-15,59;440,22,-82
rua||joao lino da silva|cidade jardim|35522240|242,-1989590,-4499722;253,-13,-3
rua||joao martins do espirito santo|park dona gumercinda martins|35524100|12,-1986528,-4499670;84,-228,17;135,-72,-28;154,-39,-16;164,-11,-1;165,15,8;174,-31,-9;175,2,-3;185,-11,-9;195,-11,1;235,-44,-18;244,-17,-7;255,-5,4;259,6,3;264,-20,-10;274,-7,1;284,-9,-9;294,-10,-6;344,-43,-10;345,-8,5;364,-13,-10;365,-3,-5;366,-5,8;384,-26,-16;394,-9,-2
rua||joao nunes da silva|jardim padre lauro|35523417|242,-1987388,-4500779;244,14,1;252,-2,-6;262,-1,-16;270,4,-3;272,-1,-3;282,2,-7;292,6,-4;302,-3,-9;312,5,-4;322,-4,-7;334,1,-11;342,0,-12;362,-2,-8;372,8,-11;382,10,-8;392,0,-8;402,3,1
rua||joao nunes da silva|santa maria|35523417|263,-1987386,-4500813;283,7,-1;303,5,-18;313,0,-10;323,0,-14;333,6,0;343,4,-5;353,0,-9;363,4,-9;373,-2,-9;1177,-37,97
rua||joaquim rodrigues da silva|jose rodrigues|35524316|1265,-1985001,-4499031
rua||joaquim rodrigues silva|francisco lucas|35524316|30,-1986670,-4500835;40,17,-8;45,-4,-9;60,14,-7;62,3,5;65,-11,-6;75,12,-5;85,1,-7;95,8,-6;105,4,-6;115,10,-11;117,-3,2
rua||joaquin rodrigues da silva|carmen duarte|35524316|2,-1985105,-4499490
rua||jorge wilson dos santos|romeu duarte|35524188|12,-1987292,-4500513;22,13,-13;31,-6,-7;32,0,-6;33,-5,15;35,8,-5;42,-7,-14;44,6,-7;52,5,-8;62,0,-15;73,7,-9;82,7,-33;83,-4,17;93,-1,-6;102,-1,-15;103,4,0;112,1,-4;113,8,0;122,1,-24;123,-5,8;133,0,-8;142,15,-29;143,-10,13;152,9,-13;163,5,-16
rua||jose ambrosio soares|jardins do lago|35522046|115,-1987888,-4499657;125,-16,-5;135,-11,-6;170,-19,-6;175,-13,7;180,-1,-6;190,-6,1;200,-10,-5;205,-24,10;220,18,-4;224,-5,6;230,-14,-12;232,-4,7;234,-7,-1;236,-4,-5;304,-66,-5;314,-10,9;343,-17,-9;367,49,5;550,124,12;574,10,-6
rua||jose amorim da silva|santa sara|35527120|78,-1986988,-4496229;88,18,1;96,-13,8;109,-15,-17;111,1,2;131,21,3;140,-7,12;143,388,60;145,-3,-5;146,-373,-58;150,9,3;155,358,59;171,-323,-64;191,18,5;210,7,11;220,4,0;226,8,0;250,41,11;251,2,-7;260,5,-1;261,7,6;270,13,5;271,-7,-9;272,4,2;278,3,7;280,6,-4;281,8,3;287,0,-4;291,-8,-2;300,23,18;302,-12,-7;321,32,-9;330,10,19;331,3,-12;341,14,-1;351,8,5;352,-14,9;368,26,4;371,-2,-9;373,19,-2;375,-7,4;380,8,13;390,0,-3;411,35,-5;420,11,12;430,0,0;431,12,-2;433,-6,-7;440,2,10;441,10,-4;450,-1,2;451,12,-1;452,-9,6;453,6,-6;460,-2,6;461,7,-4;470,1,9;471,5,-10;480,2,11;481,5,-12;484,1,12;490,5,-4;491,-1,-2;531,28,1;541,-1,-3;543,5,3;839,-128,-21;1080,-72,-14;1790,-84,-1;1861,163,17;1881,7,-4
rua||jose antonio dos santos|araguaia|35522084|49,-1988166,-4499491;59,16,4;68,4,-9;79,8,-29;88,-1,2;98,5,-15;99,-8,5;109,2,-15;149,4,-26;159,2,-5
rua||jose antonio dos santos|eldorado|35522084|601,-1988159,-4499831;603,3,-11;611,-5,-10;811,-101,-164;831,-12,-17
rua||jose antonio dos santos|jardins do lago|35523238|184,-1988132,-4499621
rua||jose ferreira sobrinho|santa cruz|35527872|60,-1987631,-4497031;70,5,5;80,8,-2;90,5,-4;110,8,-2;130,31,5;140,-3,1;150,7,3;160,5,-2;175,13,-9;180,-3,7;185,25,-8;187,-6,-1;190,-10,8;195,20,-6;198,-10,8;205,14,-10;210,-25,14;215,39,-10;220,-33,8;221,67,-19;225,31,9;227,-50,-3;235,17,4;240,-62,7;250,4,0;260,1,-1;265,66,-7;270,-59,7;275,63,-11;280,-61,10;295,74,-6;305,14,3;310,-51,6;315,50,-5;320,-50,6;321,59,-6;325,8,-2;330,-60,13;340,2,-6;350,7,4;370,19,-1;390,10,-3;400,7,1;440,31,2
rua||jose joaquim saldanha|santa cruz|35521456|108,-1989039,-4497538
rua||jose moreira dos santos|boa vista de minas|35529000|307,-1983084,-4496115;317,-10,11;318,-1,-3;327,-7,11;328,-2,-7;337,-3,12;338,-4,-7;347,-1,13;348,-8,-8;357,-6,15;358,4,-7;367,-1,7;368,-6,-1;377,1,7;378,-8,-1;387,-6,15;388,-3,-7;418,-13,5;437,-20,30;438,8,-10;447,4,-3;448,-11,6;458,-5,3;468,-2,8;478,-12,6;528,-30,27;538,-4,6;548,-10,7;557,4,13;567,-14,6;577,-3,5;578,-9,-4;588,-4,6;597,-2,11;598,-2,-6;610,-8,8;628,-16,11;637,-3,10;638,-2,1;657,-7,16;667,-4,-3;677,-3,9
rua||jose pedro da silva|francisco lucas|35524282|65,-1986572,-4500024;125,40,-118;145,-60,215;150,3,-7;155,3,-23;166,-3,19;170,5,-25;200,15,-46;255,-6,-4;345,33,-95
rua||jose pedro da silva|park dona gumercinda martins|35524118|20,-1986631,-4499797
rua||jose rodrigues da silva|francisco lucas|35525340|126,-1986626,-4500786;136,0,-21;146,9,-6;156,2,-5;166,2,-12;176,3,-6;186,-4,-11;192,3,-3;196,1,-6;206,9,-6;210,7,-14;256,14,-53;259,-9,-4;266,11,-6;286,-1,-32;289,4,-2;292,0,7;295,6,-10;296,-2,3;299,5,-18;306,-3,13;308,5,-7;309,-2,-12;319,1,-7
rua||jose rodrigues silva|francisco lucas|35524314|26,-1986654,-4500694;36,3,-11;46,3,-7;56,7,-10;66,10,-13;76,-8,-5;86,10,-8;96,0,-14;119,2,-36;129,-1,1;139,5,-18;149,7,-14;169,13,-21;175,4,-7;179,-5,2;189,0,-6;199,1,-13;219,-1,-9
rua||jose valeriano de azevedo dos santos|maria jose do amaral|35521368|348,-1988797,-4498293;443,-18,-106;453,6,9;460,-4,-15;463,6,25;472,59,-53;473,-56,55;480,-5,-10;490,3,15;492,0,-4;500,-5,7;513,14,51;523,3,2;530,-7,-21;533,8,29;540,-2,-3;543,4,15;550,-1,-19;553,-1,27;555,5,6;560,-6,-17;563,4,24;565,-1,-2;573,4,14;580,2,-17;582,4,-1;583,-13,28;585,5,-8;590,7,-1;592,-14,-3;600,6,6;610,1,4;612,0,0
rua||jose valeriano de azevedo dos santos|nossa senhora do carmo|35521368|423,-1988818,-4498454;425,3,1
rua||jose vicente da silva|amaral|35525008|112,-1986733,-4498556;755,34,-109;757,5,2;807,22,-27;842,-45,111;847,0,-18;857,2,-7;865,4,-8;867,4,-3;874,-34,16;877,34,-28;888,12,-3;899,-18,16;900,18,-21;901,-30,17;905,36,-36;936,3,-5;937,-7,-19;940,15,8;948,-5,0;949,-19,-16;960,36,14;961,-18,-19;972,18,9;976,-8,-6;984,8,-14;985,-2,-16;988,-2,19;989,0,-18;993,-5,14;996,6,-10;1004,38,-82;1037,-19,35;1044,-4,17;1056,3,-8;1057,8,-51;1059,-3,29;1068,5,4;1069,7,-67;1079,-2,43;1080,-3,20;1081,9,-60;1082,11,70;1092,-17,-19;1093,14,-39;1094,-13,37;1095,7,-30;1116,0,14;1128,7,-15;1153,-2,-19;1161,11,-31;1163,9,1;1164,13,30;1165,-15,-21;1176,-3,-1;1177,4,-9;1188,6,1;1189,-15,10;1200,21,-24;1201,-11,0;1212,12,0;1224,0,0
rua||joviano saldanha da silva|novaes|35528899|144,-1983723,-4506104;311,-8,-2;321,-4,-12;512,-4,-1
rua||longuinhos antonio dos santos|buritis|35528899|9,-1992058,-4496427;10,-39,-10;11,-38,27;14,48,-69;135,-100,-57
rua||maisa sally|cidade jardim|35522240|216,-1989440,-4499785;227,-14,-9;256,14,-31;296,-12,-37
rua||manoel jose dos santos|santa cruz|35521442|2,-1988855,-4498223;4,-5,-8;12,-3,16;20,-5,-8;56,15,30;58,-15,20;62,8,0;64,8,26;70,-7,-4;420,8,149;500,24,93
rua||manoel jose dos santos|serra dourada|35521442|11,-1988836,-4498253;15,0,-1;17,-10,23;19,-10,-1;21,-1,24;31,1,-17;41,-16,48;47,6,4;51,0,5;53,-6,-8;61,13,19;479,37,231
rua||manuel custodio da silva|dona zeli iii|35520002|344,-1987852,-4501567;354,-1,-6;364,3,-6;395,0,-19;437,15,-33;443,3,-11;473,4,-34;479,5,-10;485,-1,-4
rua||manuel custodio da silva|monte verde|35520002|384,-1987847,-4501587;390,2,-19;392,9,5;400,-4,-9;416,6,-21;424,0,0;430,5,-16;436,-1,-3;442,6,-12;448,-5,0;454,6,-8;464,-1,-7;474,1,-8
rua||maria aparecida dos santos|maria jose do amaral|35521350|463,-1988552,-4498621;473,10,19;483,-1,9;493,2,13;506,-4,-32;526,3,9;538,-2,10;546,1,12;553,3,66;563,13,7;566,-7,-59;573,9,63;583,-1,16;606,-12,-44;616,4,19;623,12,74;626,-8,-66;633,8,72;635,1,-28;636,-3,-34;643,10,74;653,-3,7;663,6,14;667,-5,6;673,4,32;676,-15,-79;683,19,86;686,-12,-73;693,13,79;694,-12,-70;696,7,-2;703,3,88;706,-3,-88;711,5,90;723,6,3;725,-7,11;733,9,-2;742,-9,-60;746,8,4;753,-1,83;756,-2,-76;763,2,87;766,-5,-77;768,0,0;773,3,81;776,-8,-74;780,3,16;783,6,65;786,-8,-61;790,3,2;800,8,11;804,-15,-1;810,22,14;816,-4,12;820,-4,5;826,6,19;830,-9,-15;840,1,9
rua||maria aparecida dos santos|nossa senhora do carmo|35522156|433,-1988546,-4498664
rua||maria conceicao da silva|cidade nova i|35520570|191,-1989658,-4495377;219,59,74;229,1,-3;338,63,183;348,-1,-2;358,14,28;368,-3,13;378,3,0;388,9,16;398,3,6;408,-1,3;418,10,15;428,12,13;438,-5,-6
rua||maria conceicao da silva|cidade nova v|35520570|137,-1989529,-4495119;147,6,12;157,7,9;167,3,8;177,3,13;187,6,4;197,3,5;207,7,0;217,2,18;227,1,13;237,6,11;247,8,6;257,6,9;267,6,14;277,5,4;287,3,12;297,6,11;307,2,6;317,6,6;327,1,3;337,9,13;347,3,10;448,-52,-87;458,6,12;468,6,15;478,6,3;488,4,7;498,2,10;508,5,13;518,3,3;528,5,8;538,3,8;548,2,15
rua||maria conceicao da silva|jardim europa ii|35520570|185,-1989575,-4495229
rua||maria de lurdes santana|santana|35527868|414,-1987564,-4497091;424,10,4;432,14,-3;434,0,0;444,6,2;454,6,-1;464,11,0;474,14,1;504,9,3;524,22,1;534,8,-3;544,10,3;554,12,-4;564,5,5;574,13,1;584,8,-3;593,-20,1;614,56,-2;624,3,0;626,3,5;634,11,-3;636,2,-5
rua||maria de lurdes santana|santana|35527870|633,-1987378,-4497077
rua||maria de lurdes santana|sao jose|35527868|334,-1987637,-4497091;344,5,2;354,14,-1;374,18,0
rua||maria marciano da silva|capao|35528518|5,-1989047,-4493151;16,36,12;26,9,-11;34,9,-3;66,24,13;76,-1,2;86,11,0;96,22,15;115,-29,-17;119,-4,1;125,7,-5;137,11,6;145,5,2;226,41,22;689,157,70;709,11,5;768,45,18;818,57,23;828,6,0;829,-3,5;839,13,-3;889,43,13
rua||maria marciano da silva|capao|35528564|207,-1988866,-4493106;251,104,56;554,-94,-43;558,-8,-1;599,59,20;619,-14,-6;718,103,43;726,0,8;734,12,5;918,144,50
rua||maria marciano da silva|capao|35528580|638,-1988786,-4493067;1638,-1,1
rua||martinho alvez da silva|cidade nova i|35520748|314,-1989083,-4495134;354,19,41;365,7,2;395,13,24;404,0,14;460,-43,-89;475,78,156
rua||martinho alvez da silva|cidade nova v|35520748|635,-1988927,-4494856
rua||martinho alvez da silva|nova londrina|35520748|1107,-1988755,-4494528
rua||mato grosso do sul|planalto|35526766|1,-1986580,-4497593;3,-11,5;201,20,-9;202,2,-1;301,-12,10;302,-12,-7;401,9,2;403,-22,7;531,-273,-87;541,10,-2;561,7,5;600,33,16;601,3,-5;610,7,3;611,3,-15;620,1,17;621,4,-5;631,7,1;640,9,8;641,5,-6;650,8,3;651,4,-1;660,5,11;661,-1,-17;670,2,14;671,9,3;675,12,-4;680,-7,3;681,-4,-8;690,10,6;700,15,2;721,16,-5;729,12,11;731,2,2;741,3,1;751,16,7;761,3,-3;771,6,-1;780,11,8;781,10,-5;791,2,4;801,12,11;811,1,-7;821,13,2;841,17,10;855,15,-11;859,6,0;860,-5,21;861,11,-17;865,7,1;870,-11,-1;872,0,24;874,0,-14;880,2,-5;890,7,2;891,5,-4;895,5,1;899,-2,2;900,3,3;901,6,-2;910,1,15;911,0,-12;912,5,2;918,14,2;920,-11,-2;921,9,-4;922,-4,4;930,8,-22;931,2,25;932,1,-5;940,6,8;941,2,-4;943,-2,-6;945,5,7;950,6,6;951,-5,-4;960,13,-3;961,2,6;981,20,-6;990,7,8;994,8,-5;1000,-4,8;1010,12,6;1016,11,1;1020,-3,2;1021,-7,-11;1023,6,2;1027,8,2;1031,-1,-2;1034,5,9;1035,0,-11;1038,4,9;1039,-13,-8;1040,19,7;1041,-11,3;1042,11,-3;1044,0,0;1050,5,3;1051,3,-2;1052,0,2;1060,4,0;1061,8,0;1063,-4,-2;1070,6,1;1071,1,7;1072,1,-11;1080,18,8;1081,-13,-3;1085,2,6;1090,12,11;1123,25,-7;1130,-5,6;1131,9,-3;1132,-4,12;1134,17,-5;1136,-10,-5;1137,-1,-3;1140,5,2;1141,-1,-2;1150,7,10;1151,4,-5;1156,7,1;1158,1,0;1161,-2,-3;1170,1,6;1171,6,-3;1180,15,6;1181,-33,-6;1190,33,7;1191,4,-2;1200,22,7;1210,11,0;1211,-8,-8;1221,7,4;1230,3,6;1231,10,0;1237,4,6;1240,-4,-11;1241,5,2;1242,-3,12;1243,8,-13;1244,-3,8;1251,7,-5;1253,-2,-1;1254,1,4;1260,3,3;1261,8,-6;1270,-1,6;1271,6,0;1280,0,1;1281,3,4;1290,13,-4;1291,-9,-2;1293,2,11;1294,11,-6;1300,6,4;1310,5,1;1311,-3,-7;1319,8,1;1320,1,9;1331,7,-8;1341,5,4;3130,-644,-120;3141,441,84
rua||mauricio silva|fausto pinto da fonseca ii|35523270|377,-1988322,-4500195;379,-6,1;388,17,0;389,-29,-22;432,43,-9;434,-2,-14;440,0,-1;446,0,-10;452,-3,-4;589,43,-154;606,11,-22;612,6,-8;618,-7,-9;628,24,-7;638,9,-3;688,-4,-65;694,5,-2;700,-4,3;706,-1,-12;708,4,-5;710,10,-2;718,1,-10;724,-2,-5;728,-4,-14;748,10,-13;760,3,-3;768,-110,353;785,102,-351
rua||mauricio silva|francisco lucas|35523270|469,-1988298,-4500277
rua||messias augusto da silva|adalberto ferreira do amaral|35520162|19460,-1987380,-4497870;19510,53,-1
rua||messias augusto da silva|beija flor|35520162|60,-1987619,-4497882;70,-10,7;78,-2,-2;82,-36,-13;90,-15,2;94,2,2;104,-6,-1;159,72,5;189,-7,-13;199,-39,12;202,-3,-2;209,-10,-7;219,-17,11;229,-9,-5
rua||messias augusto da silva|bela vista|35521278|508,-1987967,-4497892;510,-5,-14;684,-132,12;694,-3,6;698,-12,5;734,-27,-13;755,-36,0;765,-5,2;775,-6,11;785,-11,-11;796,38,2;805,-53,-1;809,-5,2;813,0,-10;815,-3,5;823,-21,19;825,9,-23;827,-8,22;829,-1,3;850,117,-18;887,-131,3
rua||messias augusto da silva|centro|35527798|19311,-1987542,-4497886;19341,46,-4;19401,55,4;19441,40,-2
rua||messias augusto da silva|laranjeiras|35520162|414,-1987863,-4497890;418,-33,0;459,9,8
rua||messias augusto da silva|laranjeiras|35520204|399,-1987821,-4497891;497,-199,19;499,92,-10;509,-9,-1;519,-19,-6;529,-9,6;539,-6,-3;549,-15,-1;569,-37,-5;579,2,0;635,-36,2;645,-16,18
rua||messias augusto da silva|santa luzia|35527798|19300,-1987561,-4497882;19310,14,-4
rua||messias augusto da silva|vila andre de freitas|35520204|140,-1987727,-4497892;150,-12,12;154,-1,-3;158,16,-9;160,-21,10;170,-17,-9;200,-34,10;202,5,4;313,65,-17;321,-12,11;323,-4,-9;333,-8,1
rua||messias augusto da silva|vila operaria|35521278|574,-1988010,-4497890;580,-2,-7;634,-35,5
rua||milton rodrigues da silva|jose rodrigues|35525344|934,-1985022,-4499365;942,1,3;950,0,0;958,-6,9;966,9,9;974,6,11;982,-3,-1;990,3,10;998,-1,16;1006,2,1;1014,2,7;1022,3,6;1036,5,17;1040,3,2;1056,-1,20;1066,7,6;1070,-4,4;1076,1,6;1084,4,9;1092,0,8;1100,0,2
rua||moacir antonio da silva|romeu duarte|35524186|20,-1987242,-4500513;21,-3,-10;30,11,-7;31,-12,7;41,6,-19;50,11,-4;61,-3,-24;70,-9,-5;81,6,-10;90,2,8;100,15,-33;101,-11,29;105,14,-25;107,-2,1;109,0,-3;111,-13,-22;120,18,10;121,-8,-5;129,17,-8;131,-1,-10;141,-6,-1;144,5,0;150,-4,-20;153,5,22
rua||monte siao|monte verde|35520002|109,-1988743,-4500830;268,-1,-151
rua||monte sier|monte verde|35520002|375,-1988865,-4500968;445,-72,-4;485,-34,2
rua||nair pinto da silva|cidade nova iii|35520610|102,-1989713,-4495274;132,13,24;142,7,9;162,15,21;273,53,84;343,27,66;353,5,5;363,3,5;373,2,12;383,-2,7;393,13,9;403,6,10;413,2,5;423,7,9;433,4,10;443,-4,10
rua||nair pinto da silva|cidade nova iii|35520638|352,-1989605,-4495065;432,21,31;571,-12,-36
rua||nair pinto da silva|cidade nova v|35520574|453,-1989547,-4494975;463,3,10;473,6,4;483,12,10;493,4,10;503,0,11;513,3,8;523,5,8;533,5,7;543,7,9;553,0,7;563,5,9
rua||olinda pinto da silva|dona zeli i|35523350|401,-1987954,-4501074;501,-88,-22;511,-6,-20;514,0,2;521,-8,14;631,-105,-46
rua||olinda pinto da silva|dona zeli|35523350|250,-1987836,-4501036
rua||olinda pinto da silva|santa maria|35523350|181,-1987706,-4500999
rua||oscarina joana dos santos|francisco lucas|35528899|11,-1986457,-4500974;13,-1,-1;23,-10,-3;33,-8,-10;43,-2,-7;53,-13,4;63,-2,-18;73,-3,-1;83,-11,-12;93,-13,-4;103,-2,-7;113,-1,-4;123,-5,-8;133,0,-10;143,-8,-3;153,-24,-8;155,16,1;163,-15,-10;193,-10,-23;195,0,1
rua||oscarina joana dos santos|mont serrat|35524363|538,-1986802,-4501352;588,-19,-46;658,-19,-67;708,-15,-43;728,-3,-4
rua||oscarina joaquina dos santos|mont serrat|35524363|37,-1986945,-4501422;963,-3,93;983,2,-10;1007,-3,-5;1047,-1,-37
rua||otavio soares siqueira|cidade nova i|35520562|69,-1989435,-4495171;79,5,5;89,3,13;99,9,3;109,2,8;119,9,15;129,1,8;139,5,11;149,9,4;159,-4,13;169,4,0;179,12,20;189,3,5;199,2,12;209,7,8;219,7,14;229,4,5;239,-2,10;249,3,16;259,6,-4;269,6,11;279,8,3;289,4,13;298,707,-3416;706,-19,-129;710,7,12;716,1,11;726,-1,2;732,3,2;736,0,0;738,0,0;746,5,15;776,0,40;786,2,5;796,4,9;804,-2,21;826,0,4
rua||otavio soares siqueira|cidade nova v|35520562|82,-1989440,-4495153;92,5,-6;102,3,9;112,1,3;122,11,10;132,3,10;142,7,6;152,1,9;162,-4,-9;172,11,19;182,5,17;192,13,13;202,7,3;212,-1,17;222,7,7;232,-1,8;242,12,11;252,0,9;262,3,7;272,0,3;282,9,12;292,2,11;302,8,10;352,27,49;392,17,33;406,6,13;412,7,2
rua||otavio soares sirqueira|maria jose do amaral|35528899|683,-1988640,-4498512;693,-1,7;701,1,4;703,2,2;713,6,11;723,-5,4;753,8,43;763,1,16;773,-2,1;783,8,14;793,7,10;803,-1,14;833,4,29;843,2,20;853,-2,12;859,-11,16;861,5,-9;863,1,-4;865,2,-7;873,3,7;877,1,10;885,2,6;887,-3,3;889,4,11;893,-1,-3;907,2,11
rua||patricia lacerda dos santos|centro|35520142|56,-1987779,-4498220;60,2,39;64,7,5;70,-3,-23;80,2,9;86,3,9;89,-8,19;92,4,1;103,0,8;105,-1,7;113,7,15;123,4,7;128,-10,9;134,3,-14;139,-11,27;141,13,-4;143,3,5;153,-7,-1;156,1,0;158,7,4;160,-2,9;163,-9,8
rua||patricia lacerda santos|beija flor|35520142|183,-1987769,-4498066;188,1,-13;194,-5,16;196,6,4;206,11,-1;210,3,-6;215,-16,14;216,-11,2;225,12,12;226,5,-8;230,19,-11;234,-7,19
rua||patricia lacerda santos|centro|35520128|19,-1987791,-4498235;39,10,10;59,7,9
rua||patricia lacerda santos|laranjeiras|35520172|396,-1987777,-4497703;418,9,-32;570,-2,57;576,-5,12;586,2,17;588,3,22;590,-6,0;592,-4,-19;594,4,5;601,10,51;626,-1,-10;629,-1,-47;634,0,55;636,-3,5;689,-3,9;693,2,-3;697,8,14;699,1,-2;700,-9,-4;712,8,17;715,-2,1;763,-3,-77;769,2,4;773,-3,-1;777,5,6
rua||patricia lacerda santos|sao geraldo ii|35520198|1079,-1987756,-4497146;1080,-3,-7;1085,5,20;1100,-4,0;1110,12,4;1130,-28,32;1134,16,12;1135,-1,-3;1140,0,10;1145,13,3;1150,-11,3;1155,-1,5;1160,-4,1;1162,2,-22;1165,2,26;1166,-8,9;1170,14,17;1175,-11,-18;1178,9,17;1185,-5,-6;1190,-5,15;1195,9,-10;1200,-6,15;1210,7,15;1217,0,-7;1220,-21,14;1225,21,-3;1230,1,12;1232,16,4;1235,-18,-4;1240,-16,17;1265,13,22;1280,-6,17;1290,-17,23
rua||patricia lacerda santos|vila andre de freitas|35520142|254,-1987761,-4498000;255,-14,0;258,12,-15;259,-4,27;264,-2,-23;274,-4,17;279,7,30;288,-3,-16;307,2,69;308,-6,-41;315,6,3;317,-3,-5;318,-5,5;323,6,31;325,0,-23;328,-5,13;332,1,10;336,4,18;337,9,5;338,-11,0;357,3,46;367,-7,-24;405,5,48;437,7,36;447,9,2
rua||paulo de castro e silva|frei ambrosio|35526604|22,-1986412,-4497829;24,37,-6;37,-26,-8;47,9,1;50,6,-13;52,0,7;57,6,0;62,0,-30;64,11,-4;67,-16,20;71,7,-7;92,0,-36;102,4,-12;107,-7,3;112,9,-10;117,-18,-6;121,19,10;122,6,-2;127,-31,-11;129,20,-1;137,8,-8;139,-6,-1;142,12,-11;147,4,4;149,-3,-5;151,1,-3
rua||policena eneas sofonoff|araguaia|35522102|201,-1988534,-4499530
rua||rafael dos santos|francisco lucas|35524302|334,-1986674,-4500444;336,17,-6;364,6,-3;660,-42,-22;670,-11,-8;690,7,-17;718,11,-24;720,1,-12;765,5,-34;773,13,-10;775,-3,0;785,-1,-10;810,10,-41
rua||rafael dos santos|jeferson batista de freitas|35524208|312,-1986785,-4500204;368,46,-137;370,-35,134;401,69,-258;420,-62,201;460,16,-48;465,-16,26;475,4,-6;485,-1,-17;490,18,-27;495,-19,14;502,26,-30;510,3,-13;535,4,6;565,-1,-28;595,9,-4;597,-1,-11;599,-7,-2;617,13,-33;619,3,-5;620,9,-10;621,-7,4;635,0,-3;675,11,-41;685,4,-7;687,1,-9;755,16,-58
rua||rafael dos santos|jeferson batista de freitas|35524302|290,-1986795,-4500158
rua||rafael dos santos|park dona gumercinda martins|35524208|10,-1986982,-4499503;35,2,-36;45,3,-3;55,8,-15;65,3,-2;69,6,-14;75,-4,-9;85,-1,-2;115,10,-14;210,49,-213;235,25,-65;265,15,-60;315,16,-53;340,12,-37
rua||raimundo francisco solano|boa vista de minas|35529000|30,-1982606,-4495941;70,34,47;80,4,3;90,8,5;100,-1,4
rua||ricardo teixeira de souza|serra dourada|35521440|28,-1988802,-4497752;41,0,5;58,-7,24;68,4,-23;69,-4,25;88,-11,17;99,3,10;119,-6,21;128,-7,5
rua||rio grande do sul|lincoln nogueira|35525170|785,-1985596,-4497629;795,8,-6;805,2,0;815,10,3;825,11,-7;835,3,-2;845,8,-1;855,7,-2;865,9,4;971,83,-37;975,14,-6;985,3,-5;1105,122,-68;1115,7,-6;1125,5,-2;1135,19,4
rua||rio grande do sul|planalto|35525170|60,-1986881,-4497696;560,1,-16;3060,-24,110;3070,-6,-2;3080,15,-25;3160,11,-61
rua||rio solimoes|amazonas|35522274|50,-1988371,-4499737;61,-22,-23;71,-3,0;81,-9,-13;121,-28,-45;123,3,-4;130,17,12;140,-20,-13;151,-12,-14;161,-8,-14;171,-4,-2;180,1,-6;181,-10,-13;191,-3,-3;201,-8,-9;210,8,-3;211,-18,-4;214,14,2;250,-21,-35;251,-9,-3;260,1,-5;261,-6,-6;262,3,3;271,-18,-16;278,12,1;286,-6,-7;291,-8,-17;293,-6,2;294,8,6;300,-4,-5;301,-13,-6;310,9,-5;320,-7,-9;330,-8,-15;340,-9,-5;361,-42,2;371,-4,1
rua||romeu de souza|fausto pinto da fonseca|35523212|157,-1987867,-4499719;448,-201,-69
rua||safira|frei ambrosio|35526648|6,-1986174,-4497801;9,6,-19;16,0,10;19,2,-14;26,-2,5;36,7,-10;39,-3,-1;46,4,-5;49,1,-9;54,3,2;56,2,3;59,-3,-7;66,4,2;69,-1,-15;76,5,3;78,3,-11;79,-3,-1;80,1,1;84,1,-3;86,7,-7;96,-2,-5;99,-8,10;106,15,-23;108,-4,4;109,-9,15;111,15,-13;113,1,-9;115,-4,8;116,3,-14;117,1,2;119,0,3;129,5,-10;136,-2,1;138,1,-8;139,-2,0;142,9,-12;146,2,-2;147,-5,-2;149,0,6;152,-2,-13;154,0,-3;156,6,0;159,7,9;162,3,-12;170,-8,-5;176,10,-11;179,0,-2;186,-2,2;189,10,-9;196,-3,-1;199,4,-15;206,2,9;209,-2,-10;216,0,-2;218,5,9;219,1,-15;226,-6,1;229,5,-13;236,-5,-12;246,8,1;256,-1,2;259,12,-11;266,0,-5;269,1,-5;276,0,-5;279,3,-7;286,-4,1;289,10,-10;296,-2,-6;297,6,5;299,4,1;301,-1,0;306,10,-10;309,-15,-2;316,15,-8;319,-7,-10;320,5,0;326,0,-1;329,-1,-2;336,11,-8;339,-8,3;346,8,-7;347,-13,-7;349,7,3;356,6,-5;359,-12,-2;366,18,-5;369,-5,-5;376,5,-3;379,-3,-6;385,4,-5;386,8,0;389,-5,-6;396,6,-6;400,7,-1;401,-12,-2
rua||salinas|concesso elias|35525148|1198,-1985717,-4499006;1200,-1,-5;1214,18,6;1216,-2,-1;1218,147,75;1228,-140,-69;1248,8,5;1256,4,0;1258,8,4;1268,6,2;1278,7,5;1288,3,-7;1290,4,4;1308,11,10;1314,1,-4;1368,55,30;1370,-3,-1;1378,8,1;1380,6,3;1388,2,-3;1410,19,11;1418,9,6;1428,0,0;1436,16,10;1438,0,0;1448,5,2;1452,0,2;1458,9,3;1462,3,5;1468,6,-4
rua||salinas|concesso elias|35525290|1104,-1985789,-4499044;1114,12,3;1124,3,6;1140,9,5;1148,4,2
rua||salinas|mariana martins|35525290|1014,-1985864,-4499104;1034,29,12;1055,8,11;1059,0,0;1064,19,7;1065,-4,-8;1074,9,8;1075,-6,-6;1085,10,7;1195,101,62;1217,20,11;1225,12,3;1235,6,1;1255,18,10;1265,9,4;1273,5,5;1353,75,34;1361,2,3;1369,6,5;1395,39,15;1475,84,38;1505,3,-1;1515,17,4;1535,19,13;1545,17,7;1555,4,-3;1575,20,15;1585,12,-1;1595,6,9
rua||sebastiao candido da silva|gamas|35527372|10,-1987804,-4491232;58,-205,2;68,8,-16;71,7,-12;75,343,73;80,-341,-62;94,12,1;105,347,85;110,-334,-91;115,341,87;116,-324,-88;120,339,90;125,-6,6;130,-158,-45;131,-173,-60;132,4,6;135,336,100;137,-336,-108;138,46,14;140,295,107;141,-341,-120;143,8,5;144,4,8;145,329,102;150,7,9;151,-317,-138;155,317,134;160,18,9;165,-5,1;170,12,9;175,-5,-3;180,8,12;184,-331,-133;190,-32,-9;196,9,-1;200,6,1;202,198,77;204,-163,-59;212,338,129;214,-327,-132;222,336,135;232,6,5;234,-309,-130;241,-13,-6;244,16,5;251,-7,-6;261,16,3;268,-14,0;274,51,14;275,-28,-7;284,37,5;294,7,4;308,12,3;324,8,3;325,-34,-14;331,-69,-7;334,106,19;337,-31,-13;343,16,-17;345,2,-1;349,-9,21;356,51,13;357,-40,-12;364,38,6;367,-18,-7;371,1,2;377,19,2;381,-100,-11;383,99,11;384,29,6;397,-20,-7;414,65,54;423,-56,-54;441,3,3;467,30,15;469,0,2;477,10,7;487,8,3;497,3,7
rua||seis|areias brancas|35528899|66,-1980694,-4501471;67,-4,-13;137,-102,-554;150,23,36;157,20,119;162,-27,-131;204,39,226;205,4,22;209,15,105;212,8,59;213,6,30;214,-1,2
rua||seis|areias|35528899|190,-1980758,-4501846;191,5,40;192,5,18;193,2,22;195,8,55;196,4,15;200,15,102;949,-7,-37
rua||seis|capao|35528528|55,-1988645,-4492817;60,-6,-11;70,7,2;90,-154,-58;100,-14,4;105,128,51;110,-128,-49;113,121,47;145,-37,-14;155,-6,-1;160,-60,-16;181,-2,11;197,0,-20;210,-115,23;211,303,45;213,-201,-69;221,191,70;251,14,5;290,-394,-59;340,-71,53;344,2,1;400,-42,26;449,196,-85;462,28,-9;477,-76,16;479,-2,-1
rua||seis|jardim padre liberio|35523182|342,-1987354,-4500060;361,-17,-1;382,-21,-18;387,23,8;392,-9,0;397,-21,5;402,-3,-17;405,57,17;422,-113,-38;428,16,22;432,-20,-10;437,9,0;447,-1,13;457,12,-10;512,67,32
rua||seis|messias pinto azevedo ii|35528528|267,-1988859,-4492869;351,-97,16
rua||seis|sao luiz|35524486|166,-1986059,-4501307
rua||sergipe|lincoln nogueira|35525152|635,-1985639,-4498247;639,0,7;643,-6,5;657,4,6;665,-4,6
rua||setenta e seis|cidade nova iv|35520658|215,-1989904,-4495027;225,12,0;255,12,33;265,7,3;305,17,27;555,-55,-69
rua||sete|areias brancas|35528899|70,-1980629,-4501511;84,1,-58;86,-6,-67;88,-1,-48;89,-8,-6;93,-15,-109;94,24,98;101,-44,-186;102,0,-8;103,-6,-37;141,-27,-152;142,3,43;144,-3,38;219,58,261;775,-19,-102;1100,39,142
rua||sete|capao|35528524|245,-1988739,-4493021;249,8,-20;253,-10,23;261,0,2;269,-6,10;277,-2,4;278,6,2;285,-6,3;288,2,-6;293,2,16;301,-8,5;309,-4,9;311,0,0;319,0,3;329,-2,8;339,9,12;349,-3,-4;359,-12,20;369,-1,3;378,-8,9;379,-2,5;389,0,7;399,-5,11;404,2,11
rua||sete|capao|35528536|458,-1988805,-4492840;468,-3,1;477,-1,8;478,-1,0;488,-7,9;498,1,5;507,0,28;508,-3,-21;518,-4,8;528,-4,10;538,-7,9;548,1,7;558,-3,5
rua||sete|eldorado|35522068|229,-1988314,-4500034;239,-4,10;329,-62,44
rua||sete|industrial|35526840|2451,-1986990,-4496908
rua||sete|ipiranga|35523008|50,-1987253,-4498814;77,-41,34;80,63,-44;81,-41,38;87,-18,2;90,6,5;96,7,-4;99,-6,-6;100,9,-1;101,-9,-20;102,-5,0;103,5,-7;107,6,21;126,38,-13;133,-7,-7;147,4,-2
rua||sete|jardim padre liberio|35523178|340,-1987354,-4500000;346,-26,-16;347,22,9;355,-15,3;357,-11,-10;358,-10,2;359,11,4;367,-13,-2;371,6,-7;400,-62,-13;410,-30,-3;420,5,1;430,3,8
rua||sete|mangabeiras|35522242|496,-1989660,-4500293
rua||sete|mont serrat|35524372|338,-1986672,-4501256;342,-1,-1;428,-7,-44
rua||sete|santo antonio|35526840|286,-1986868,-4496870;290,-18,-10;300,-16,4;304,37,9;310,20,0;312,2,4
rua||sete|santo antonio|35527072|200,-1986923,-4496892;285,35,6;295,9,-1;355,65,17;360,7,10;369,-3,-8;400,68,19;2375,-26,-9
rua||sete|sao luiz|35524484|214,-1986006,-4501326
rua||suica|novo horizonte|35525400|512,-1985675,-4499779;513,2,4;522,1,2;527,3,2;572,42,17;705,42,25;722,78,37;732,2,3;752,-39,-30;753,11,9;755,-1,-11;772,38,32;822,79,30;823,-3,7;1140,-128,-70;1190,81,40;1191,7,3;1193,8,6
rua||tatiana edna da silva|jardim do lago|35522010|32,-1987968,-4498801;85,25,-48;91,7,-10;95,-3,-2;390,53,-69;415,-21,18
rua||tatiana edna silva|jardins do lago|35522010|268,-1987817,-4499041;270,-4,7;280,5,-12;285,-22,40;288,23,-43;292,-1,29;309,1,-5;321,4,-19;323,1,-6;333,7,-4;345,15,-24;369,0,-8
rua||valdemar goncalves de souza|novo horizonte|35525420|230,-1986034,-4499742;234,-3,-1;236,3,1;240,2,-1;250,2,7;290,27,17;300,15,5;330,26,12;340,2,1;360,6,7;364,-3,4;404,50,15;406,5,-1;440,36,16;495,39,26;535,34,15;540,13,0;545,-1,-5;549,-94,-40;550,-3,1;551,121,65;559,-128,-68;569,3,-3;580,97,138;601,45,-70;605,9,0;621,-31,80;625,46,-69;635,4,13;650,-86,-47;655,104,54;680,37,8;684,-123,-56;687,-36,-18;691,42,21;700,123,57;710,-2,-5;711,-5,0;720,-100,-35;740,131,57;750,11,-12;751,5,18;754,-1,-9;761,1,0;780,22,17;781,-3,-2;790,5,2;791,6,1;801,14,1;805,1,3;810,-11,2;816,10,7;822,-99,-51;830,122,60;831,7,-3;841,4,2;851,5,5;870,20,7;911,15,4;981,-31,-23
rua||vicente magela dos santos|dom bosco|35523144|420,-1987474,-4499458;430,52,-154;432,0,1;434,-5,17;450,6,-5;460,13,19;462,-3,-3;470,4,11;472,-4,-7;480,2,16;490,-6,7;500,7,12;510,2,9;520,6,8;530,-2,17;550,-6,15;560,17,0;570,8,10;580,-12,9;590,29,9;596,0,14;600,-24,7;610,4,0;620,0,-2;630,0,27;640,9,2;660,15,3;670,-16,40
rua||victor sudano|francisco lucas|35524240|2,-1986797,-4500859;3,-3,6;4,12,-1;5,11,10;6,-3,-12;7,-16,-18;8,-1,6;10,18,2;11,-15,-10;13,-6,-21;14,6,19;15,-12,-18;16,-3,1;17,-7,2;18,29,9;19,-1,-6;20,-14,-22;22,-11,0;25,-14,-2;35,61,6;36,8,-2;37,1,21;38,10,-3;39,4,12;40,-14,-2;41,-28,-20;44,0,-29;700,-1,63;701,32,32;710,-50,-20;730,-16,-4;731,10,6;736,-15,-4;741,0,-3;743,2,5;746,-4,1;751,0,-6;756,-7,2;758,0,-1;760,-3,0;761,2,-1;765,-4,-2;770,-2,4;771,-5,-6;781,-10,1
rua||victor sudano|jeferson batista de freitas|35524240|791,-1986876,-4500874;793,-8,0;801,-1,-5;810,-1,-7;811,-5,8;812,11,-3;820,-8,-8;821,-12,2;830,-5,-10;831,1,13;840,-7,-3;841,-10,10;850,-6,-13;860,-6,-12;866,9,9;870,-9,-12;880,-16,8;881,5,-4;883,-1,2;890,-12,-5;891,3,10;900,-7,-5;901,-3,-5;904,1,0;910,-12,-1;912,-16,-6;914,24,-4;930,-33,-10;931,-12,-2;940,0,4;941,0,-4;942,0,4;946,2,0;950,-9,0;951,-9,-1;957,-4,-3;960,9,3;961,-21,-7;970,21,7;971,-21,-7;973,10,1;980,-11,-8;981,-12,6;990,11,-13;991,-11,13;1000,2,-12;1001,-16,10;1002,8,-7;1010,-5,-2;1011,-13,8;1017,1,1;1020,5,-8;1021,-4,3;1027,-19,-6;1030,15,-6;1031,-15,6;1040,3,-11;1041,-11,10;1050,-2,-10;1051,1,6;1060,-27,-10;1061,17,13;1070,-18,-10;1080,-9,-1;1082,3,-5;1090,-6,-1;1100,0,0;1102,-9,-6;1110,-7,-3;1120,-5,-1;1136,-4,0;1138,0,0;1140,-17,-4;1450,80,25
rua||victor sudano|santa maria|35523420|123,-1987175,-4500977;1091,30,13;1105,-11,-4;1115,-11,-3;1143,-17,-6;1145,-11,3
rua||vinte e seis|santa maria|35523414|31,-1987221,-4501142;51,-11,-1;71,-9,20;91,-20,-28;230,12,13;234,-21,-21
rua||wanderson paulo de sousa|maria jose do amaral|35528899|20,-1988912,-4498440
rua||wanderson paulo de sousa|nossa senhora do carmo|35522170|568,-1988945,-4498558;658,15,1
rua||zizina marta pereira da silva|santa maria|35523430|187,-1987393,-4500941;191,7,-7;200,4,3;203,-7,-9;208,12,-26;210,-1,20;220,-1,-15;223,-11,16;230,10,-7;569,-54,-12
sitio|sao|sebastiao|areias|35520001|73,-1979620,-4502922
travessa||sete de setembro|centro|35520034|18,-1987555,-4498439;34,0,25
travessa||sete|cidade nova i|35520572|141,-1989641,-4495300
