alameda||das figueiras|jardim serra verde|35661281|25,-1988977,-4460094;30,1,-31;46,-3,12;58,-5,10;70,-4,4;73,-10,45;75,15,-29;77,-15,35;94,6,-26;97,-11,42;106,2,-16;109,-7,31;118,3,-28;121,-7,42;130,5,-35;133,-5,40;145,-4,10;154,1,-27;166,-1,8;169,-1,42;178,-10,-30;181,2,44;193,-3,12;263,169,-464;266,-11,7;286,10,-33;287,-7,44;324,8,-24
alameda||fuji|sao luis|35661864|68,-1987569,-4459309;88,26,-15;93,13,11;110,0,0;128,6,20
estrada||da floresta|povoado de floresta|35664899|76,-1982049,-4450729;90,-187,-9
estrada||tavares a florestal|corrego do barro|35660001|13,-1979244,-4452920;16,70,-682;17,-155,-135;18,26,5
estrada||tavares a florestal|corrego do barro|35664899|1,-1977488,-4451406;2,-234,-7;5,469,-1374;10,-1377,-77;13,100,-180;16,-671,134
fazenda||fruteiras|meireles|35664899|2,-1986543,-4466338
povoado||floresta|floresta|35660001|1,-1982758,-4448366
povoado||floresta|povoado de floresta|35661183|14,-1982567,-4450216
povoado||floresta|povoado de floresta|35664899|21,-1982678,-4450487;29,-60,85
rua|doutor|joao bosco grassi ferreira|senador valadares|35661036|73,-1985128,-4458461;418,66,-24;590,111,-21;909,-136,37;955,57,-27;962,3,10;1075,89,-33;1100,36,4;1125,3,-13;1160,48,6;1212,49,-16;1232,14,-1
rua|expedicionario|assis alves ferreira|padre liberio|35660884|20,-1983386,-4460327;22,-11,6;30,0,-9;36,-2,-6;40,3,-6;47,1,-9;50,-2,14;52,-2,-17;56,-7,-6;62,5,-3;67,-10,-10;70,8,2;80,-3,-11;90,-1,-15;478,17,76
rua|expedicionario|edward basilio ferreira|padre liberio|35660430|5,-1983261,-4460344;15,-1,-7;25,-1,-7;35,-2,-9;55,-5,-15;65,3,-9;75,-8,-7;85,-1,-13;95,-4,-16;105,4,16
rua|juiz|de fora|nossa senhora de lourdes|35660161|35,-1985222,-4461161;43,-2,-5;161,-21,-42;173,-1,-21;177,-8,-7;189,-13,-10
rua|juiz|de fora|nossa senhora fatima|35660161|12,-1985209,-4461147;26,0,-17;170,-26,-64;180,-7,-4;184,0,0;186,3,-6;224,-20,-39;228,1,-1;232,-7,-7;236,3,-4;243,-2,11;253,-14,-20;260,17,1;263,11,22;269,-17,-11;274,-3,-17;309,-23,-28;310,13,-6;319,-13,-9;320,6,-11;321,-10,7;324,4,-12;330,3,1;333,-6,-1;345,-6,-9;346,71,164;350,-67,-165;388,-4,-40;389,-18,15;403,-5,-18;412,5,-16;415,-12,4;421,-2,-13;422,10,16;426,1,-19;427,-21,5;428,24,10;433,-21,-16;620,81,172
rua|major|fidelis|centro|35660104|285,-1986038,-4461036;307,-5,-7;321,-8,-9;333,-7,-9;345,-5,-10;353,-26,-35;361,25,5
rua|major|fidelis|centro|35660109|4,-1985863,-4460819;6,-5,0;17,-4,-9;19,-3,0;23,-6,-12;26,5,2;27,-9,-5;39,-6,-10;44,3,-6;46,2,5;51,-5,-3;59,-11,-6;66,1,-2;69,-15,-14;72,11,6;79,-13,-12;80,14,10;88,-15,-19;91,-16,-4;100,17,3;110,-14,-12;114,0,4;118,0,-3;125,-12,-12;136,6,5;141,-10,-20;145,-5,3;150,3,-1;153,5,10;164,-7,-20;169,-42,18;177,25,-25;185,-3,-6;195,-4,-6;200,0,-6;237,-20,-28;244,-25,-22;252,7,9;255,-5,-5;276,1,-10;286,-7,-5;304,-8,-11;320,-8,-9
rua|sao|feliciano|juscelino kubitschek|35660214|15,-1984314,-4461860;20,-3,4;24,13,23;34,9,13;35,-21,-31;49,19,16;63,-12,-12;66,18,31;499,23,11
rua|sao|francisco|carioca|35662820|2,-1982026,-4476919;3,-115,-10;7,9,0;18,-98,37;20,73,-28;29,51,-16;32,42,91;36,-32,-70;41,0,-24;47,-159,65;56,179,-50;58,-204,54;66,90,-40;68,-80,37;75,199,-62;76,-130,31;90,130,-21;94,-219,62;99,76,-33;100,13,11;101,183,-44;149,14,6;159,22,11;169,28,12;171,-30,-5;173,38,8;177,9,6;194,-32,-5;291,72,31;295,-16,2;301,33,17;303,20,-10;305,20,-6;320,-45,21;323,56,-27;324,-41,36;336,16,-13;348,8,-4
rua|sao|francisco|tavares|35661776|9,-1983744,-4451984;11,-202,172;13,202,-161;15,3,-1;20,-70,118;21,-145,50;26,155,-33;29,56,-115;30,-50,128;31,-83,12;34,-104,26;40,166,-77;43,-152,70;44,159,-57;48,-165,53;49,218,-160;59,-13,12;69,-4,16;70,-251,157;73,24,-7;81,220,-150;91,-13,11;93,-215,146;101,-19,1;102,-8,9;109,223,-148;113,-274,192;145,264,-175;152,-243,150;167,222,-141;170,-229,150;179,124,-76;182,-131,77;186,-12,5;200,-7,0;203,228,-136;204,-220,137;205,-48,33;220,31,-27;221,227,-130;231,-262,163;232,16,-17;233,233,-139;247,-10,2;271,-256,156;277,238,-140;292,-246,139;294,15,-6;306,-23,9;324,-13,1;336,-19,4;340,-10,1;341,-5,6;354,-3,-8;364,-10,0;367,0,10;381,-8,2;391,-25,2;400,9,-4;411,-25,10;432,-16,-15;435,6,17;444,-5,-8;449,-7,13;461,-4,12;463,-24,3;470,7,-6;549,-68,27;670,-100,-35;687,-2,7;690,1,-7;694,-9,-8;701,1,7;711,-5,-11;712,-3,0;723,-3,-6
rua|tenente|joao bosco de oliveira ferreira|sao jose|35660590|40,-1986853,-4461778;56,-3,0;70,-22,-5;125,-39,-2;128,8,8
rua|tenente|julio de melo franco|sao francisco|35661317|30,-1986684,-4459170;42,3,28;66,-20,-2;110,-42,7;117,-24,21;143,-28,5;155,-9,6;165,-10,7;177,28,-8;191,-48,14;203,0,7;213,-17,14;225,-7,7;237,-9,1;249,-8,11;261,6,30;283,-28,-11;295,-1,5;307,-18,11;321,-10,19;335,-8,-5;341,-17,9
rua|tenente|julio de melo franco|vila maria|35661317|142,-1986791,-4459118;154,-62,-40;273,-230,248;369,98,-49;371,-2,-2;373,-6,3;375,7,-3;377,-5,5;379,1,4;441,-36,20;453,-18,1;487,-35,19;525,-22,9;541,-10,6
rua|tenente|julio de melo franco|vila maria|35664899|50,-1986849,-4459085;246,-29,17;250,-8,8;262,-9,5;274,-5,13;286,-13,12;294,-6,0;300,0,0;308,-7,4;330,-22,-4;340,1,20;346,-13,12;350,-6,9;376,-9,10;380,-6,10;390,-8,9;429,-32,14;452,-18,11;466,-11,7;482,-4,0
rua|vereador|acacio fernandes|santos dumont|35660313|10,-1983914,-4460731;20,-18,9;30,0,7;40,-16,7;45,-42,24;50,38,-22;59,30,33;60,-45,-36;65,-7,19;70,2,-13;80,-20,3;81,10,9;103,-11,8;131,-33,6;134,60,-175;135,-62,176;145,-27,14;155,9,0;165,4,-2;624,117,-128;628,-5,13;640,13,16
rua|vereador|alvaro firmiano|vila maria|35661323|14,-1986773,-4459290;26,-15,-3;38,-9,-1;50,-12,-4;62,-11,-2;72,-10,-4;75,-2,10
rua|vereador|bernardino alves ferreira|padre liberio|35660432|11,-1982550,-4460406;72,-14,-91;82,6,10;92,-6,10;98,2,8;102,4,15;172,7,50;196,16,28;214,-3,31
rua|vereador|ildeu alves ferreira|dona tunica|35661016|25,-1986186,-4459497;28,-181,-205;41,10,-7;57,10,11;60,-8,5;70,10,14;76,-1,-6;88,21,5;112,19,22;115,12,0;125,-2,5;131,4,1;144,9,12;158,10,15;171,10,-2;185,7,12;194,3,18;207,12,1;210,-1,13;215,-1,-18;241,23,35;257,-9,8;260,-15,-5;271,19,16;347,42,61;381,0,36
rua||abilio soares da fonseca|centro|35662714|26,-1987934,-4475110;31,-17,-18;38,13,-16;45,-17,10;46,10,-26;56,4,-5;71,-11,-29;74,11,18;75,-10,25;76,10,-39;90,-6,-22;114,0,-7;126,-6,-7;136,3,-6;152,-10,-10;162,-2,-21;187,-12,-18;191,-2,0;199,-14,-17;214,16,11;220,1,-2;221,-22,-21;230,10,-17;231,-20,-10;260,28,-113;300,16,-42;332,29,-25
rua||afranio quirino de faria|sao jose|35660578|90,-1986934,-4461759;101,5,-14;113,-5,-7
rua||amadeu lopes flores|santos dumont|35660314|14,-1984019,-4460876;34,-47,-6;44,8,6;54,12,0;64,-2,-4;74,24,7;84,4,2;90,7,1;94,6,-5;104,2,7;114,16,0;124,0,12
rua||andre afonso alves franca|eldorado|35661420|48,-1986373,-4457237;60,-11,-9;72,-10,-8;73,-3,8;82,1,-10;86,-7,-1;92,-5,-8;95,-9,5;96,7,-9;109,-16,-3;110,6,8;120,-6,-14;121,0,6;132,-4,-13;133,-10,-1;144,-2,-7;147,-10,3;161,-6,-5;176,-5,-17
rua||antonio alves pereira filho|residencial capanema|35663466|23,-1982758,-4460895;24,-12,24;35,24,-29;36,8,8;47,6,-13;48,-5,11;59,9,-10;60,3,5;71,8,-14;72,1,4;83,7,-14;95,2,-3;96,6,5;107,10,-14;108,0,9;119,9,-12;120,-1,6;131,11,-16;132,0,10;143,3,-13;144,6,5;155,5,-7;156,2,2;167,4,-8;168,15,1;179,-1,-6;180,2,3;191,8,-17;192,3,6;203,3,-8;215,11,-6;227,12,-13;228,3,15
rua||antonio fabiano|santos dumont|35660326|12,-1984057,-4460811;21,11,15;26,-14,3;35,10,7;36,-10,14;45,13,-1;46,-11,7;56,-8,13;57,12,-8;65,-4,10;68,-9,3;75,10,-19;76,-8,32;85,7,2;88,-14,-5;96,0,22;105,13,4;106,-15,10;112,-3,3;115,21,-6;125,-6,12
rua||antonio felipe|sao jose|35660105|18,-1986331,-4461021;26,-7,-10;50,17,-37
rua||antonio inacio de faria|prefeito walter martins ferreira|35663506|12,-1982625,-4460141;24,6,-9;36,12,-13;45,-1,-13;48,3,3;57,3,-11;60,3,3;69,4,-16;72,0,14;81,4,-26;84,5,9;93,8,-14;96,-1,10;105,3,-22;108,2,15;117,2,-18;120,4,7;129,1,-13;132,5,3;141,4,-13;142,5,3;156,8,-9;168,5,-11;180,9,-13
rua||antonio lopes de faria|sao luis|35661212|11,-1987068,-4459531;26,-5,-12;41,-17,4;44,11,-4;65,-31,-5;77,-9,-4;89,-7,2;101,-21,0;113,-6,-3
rua||beija flor|ascensao|35660199|70,-1978102,-4456430;72,30,-23;85,-1,-20;2456,-81,119;2520,29,-42
rua||beija flor|ascensao|35665000|54,-1978920,-4456895;81,13,-22;83,-9,32;127,-13,29;149,-3,15;152,-83,164;179,74,-146;199,-9,18;234,-28,59
rua||beija flor|esplanada|35664899|12,-1984514,-4462100;25,-13,3;34,17,-5;48,9,-13;96,9,-14;102,28,-27;116,16,-14;132,7,-16;133,-9,2;145,-7,16;155,-18,15;160,51,-59;165,-90,100;168,90,-99;171,1,-5;174,2,7;186,8,-12;204,9,-14;205,0,0
rua||bernardino de melo franco|santa edwirges|35661457|11,-1988132,-4457499;21,5,-4;31,-1,7;36,-4,0;40,2,18;41,12,-5;50,-1,14;51,3,-12;60,2,16;61,6,-1;70,2,12;71,-1,-7;80,1,19;81,8,-6;90,-3,13;91,7,-12;100,-8,9;101,14,8;110,-8,7;111,0,4;120,7,-1;121,9,3;130,-3,14;131,5,-12;141,7,18;180,-5,3
rua||das flores|centro|35662726|5,-1988238,-4474493;8,18,4;15,-54,-18;18,-3,-10;30,-4,-4;31,-17,9;42,1,-7;43,-14,3;54,8,-6;141,68,16;170,-35,2
rua||do campo de futebol|trindade|35665200|400,-1975141,-4452240;576,12,20
rua||dos flamboyants|dona flor|35661555|40,-1986227,-4462282;115,78,4;140,5,7;165,43,-25;180,21,11;225,33,-22;230,-17,11;245,31,-19;252,6,3;265,9,-8;285,13,-22;290,9,17;321,42,-18;326,0,6;353,35,-21;373,18,-7;408,23,1;413,7,-13;424,3,7;438,26,-6;459,12,-13;464,24,1
rua||faisao|sao cristovao|35660381|9,-1984845,-4460347;10,-3,3;21,-8,4;22,2,-8;33,-19,9;34,-1,-10;45,-3,15;46,3,-11;57,-15,3;58,-2,-5;69,-15,7;70,4,-6;81,-16,14;82,0,-18;93,-8,13;94,-2,-6;105,-5,6;106,1,-10;117,-17,12;118,2,-2;129,-17,1;130,4,-4
rua||falcao|ascensao|35663680|337,-1978963,-4456301
rua||falcao|ascensao|35665000|5,-1978736,-4456821;45,22,-49;55,12,-29;128,-45,98;195,-21,43;248,-33,63;278,-6,12;279,1,16;300,1,0;338,-23,28;413,-27,98;615,-66,143
rua||firmino cabral da fonseca|residencial capanema|35663470|32,-1982716,-4460579;35,-6,0;44,-3,-10;47,-2,-4;56,-2,-9;59,-4,2;68,-6,-12;71,1,7;80,-6,-18;83,1,10;92,-3,-14;95,-9,3;104,3,-14;107,-11,1;116,5,-10;119,-13,2;128,7,-12;131,-9,5;140,4,-13;143,-7,1;152,0,-14;155,-7,1;164,2,-10;167,-10,1;176,5,-10;179,-10,0;188,4,-8;191,-8,1;200,-4,-21;203,-2,11
rua||florestal|vila raquel|35661006|2,-1986046,-4459873;12,-23,137;31,54,-151;37,-24,24;38,-10,-10;51,16,16;64,-1,22;71,10,7;83,-9,-29;95,7,49;96,-7,-1;107,12,11;110,-16,-1;119,3,8;124,-15,5;131,23,5;136,-24,-2;145,4,8;148,-7,14;149,-2,2;169,-1,7;170,-2,-133;215,-22,171;218,-11,0;231,2,19;233,3,-10;236,-8,-1;246,-9,13;247,-3,3;249,2,9;252,5,-7;255,-4,6;259,-5,15;262,-8,8;271,5,6;274,-14,9;280,-4,5;283,15,-8;287,-9,13;290,-18,12;298,-8,19;307,17,-19
rua||formiga|independencia|35660085|65,-1987112,-4460953;75,-8,-9;364,-2,-26;365,19,-16;382,-10,33
rua||formiga|vila sinho|35660085|28,-1987109,-4460923;33,-8,-85;38,5,12;40,5,73;60,0,-17;72,-2,-14;146,0,-65
rua||fortaleza|sao jose|35660144|28,-1986097,-4461523;35,-1,-8;42,14,-10;77,9,-24;95,6,-11;100,11,-9;111,-7,-1;157,28,-38;160,13,-4;169,-4,-2;184,8,-1;229,28,-51;243,1,-2;280,20,-20;299,6,-19;311,10,-19;318,17,-1;327,-4,-12;345,1,-1
rua||fragata|conjunto habitacional jose pereira campos|35660379|306,-1984694,-4460247;318,11,4;330,8,10;342,17,-13;354,9,0;366,16,2;378,4,-1;390,15,-7
rua||fragata|sao cristovao|35660379|6,-1984812,-4460247;8,-31,-7;12,-54,14;32,36,-12;44,-13,1;56,-15,1;68,-7,6;79,1,1;80,-13,-5;81,-1,4;92,32,-6;93,-44,9;104,-13,-9;105,-1,11;116,28,1;117,-40,2;128,-12,-16;129,4,13;228,183,-9;265,45,4;317,52,-6;329,8,-3;341,15,0;353,11,-2;365,14,0;377,2,0;389,9,-4;401,17,0;412,6,8;413,6,-1;424,11,1;425,13,-3;436,-1,2;448,4,5;460,19,-11;472,8,1;520,14,4
rua||goncalves ferreira|santo antonio|35661192|159,-1986810,-4459782;175,0,-2;183,5,-14;197,-1,-11;207,-6,-33;477,1,2
rua||goncalves ferreira|sao antonio|35661192|49,-1986709,-4459698;52,-27,-16;57,12,13;65,-17,-6;68,-11,-20;87,-6,5;95,-10,-14;98,14,6;104,-23,-6;109,-3,11;114,4,-13;119,-10,-7;133,-6,-3;134,2,-4;137,-11,-1;144,7,1;151,-14,-9;204,6,-49;212,5,-8;274,18,-40;276,-1,-9
rua||helio de melo franco|belvedere|35661302|16,-1987290,-4460921;20,-4,8;22,-6,-5;28,-1,-1;35,2,-3;40,-11,7;55,-16,2;64,-4,-13;71,-9,12;76,-1,-11;81,-6,10;83,-8,1;88,5,-8;98,-17,-3;109,-12,5;110,2,-8;113,-6,13;124,-6,-11;125,-10,35;138,9,-40;140,-3,-2;148,-8,5;151,-3,3;152,3,-2;166,-45,-1;178,8,-4;187,-16,9;199,-13,3;202,3,-24;211,-2,16;214,-15,-14;223,-6,19;224,13,-8;235,-17,13;236,0,-42;238,2,27;245,-14,10;248,7,-12;250,-3,2;255,-17,7;264,6,-12;267,-12,11;276,-1,-8;279,-21,6;281,8,-3;288,4,-5;293,-11,7;296,-2,-9;303,-9,10;304,0,-12;315,-14,14;316,9,-8;327,-22,10;328,10,-16;339,-9,6;340,-4,-6;363,-25,8;364,2,-9;376,-15,-13;405,-71,19;417,-15,0;424,40,-6;429,-47,2;433,42,3;441,-52,-7;442,46,1;454,-8,-3;457,-46,1;461,-5,5;465,-6,-3;466,45,-4;478,-13,-1;489,-53,6;490,48,-8;499,-60,10;502,44,-13;511,-60,11;514,50,-7;522,-10,-5;550,-15,-3
rua||heraclita coutinho melo franco|alto sao luis|35661204|180,-1987241,-4459471;181,4,16;190,-7,-9;191,1,10;200,-13,-7;201,-1,11;211,-5,8;212,-6,-18;223,0,7;224,-6,0;235,-10,12;236,-4,-14;247,3,17;248,-15,-12;282,-39,12;283,23,4;295,-12,5;296,-10,-8;308,-17,7;320,-10,8;321,13,-13;332,-22,13;333,12,-5;345,-4,12;348,-19,-4;357,-2,-4;369,-2,17
rua||heraclita coutinho melo franco|sao luis|35661204|21,-1987098,-4459468;22,13,-8;35,-20,4;36,6,-6;46,-8,-2;53,-15,7;56,0,-11;65,-8,6;68,-3,-9;77,-14,8;78,4,-8;91,-17,9;92,-3,-12;101,-16,7
rua||inacio alves franco|alto sao luis|35661607|21,-1987161,-4459268;106,-68,52;158,-31,0
rua||inacio alves franco|sao luis|35661607|105,-1987238,-4459257
rua||joao torres de faria|jardim castelo branco|35660530|110,-1985326,-4460840;116,8,16;130,14,20;140,1,9;161,-17,21;180,26,-3
rua||jose fonseca|padre liberio|35660285|21,-1982744,-4460235;39,9,8;53,7,8;59,2,7;75,11,10;94,-4,4;104,8,13;116,7,8
rua||jose fortunato de almeida filho|jardins|35660795|36,-1987336,-4461347;48,11,-1;71,23,-12;74,-2,15
rua||jose gomes ferreira|grao para|35660456|8,-1983326,-4462682;26,10,-15;38,9,-20;74,23,-31;86,-1,-2;96,13,-13;110,10,-4;120,5,-17;132,5,-5
rua||jose guimaraes faria|recanto|35661088|8,-1986852,-4457637;18,-7,4;25,-7,4;30,0,0;37,-14,3;42,1,-3;49,-12,9;54,4,-4;61,-8,6;66,-2,-8;73,-5,4;78,-10,1;85,-2,8;86,-6,-7;97,-1,9;102,-17,-2;109,-7,5;114,7,-5;121,-17,12;126,3,-9;137,-19,9;181,-28,8;193,-21,2;200,-1,-3;205,-3,6;212,-2,-5;222,-15,-3;227,-11,16;230,17,-14;237,-11,17;238,-6,-1;247,22,-7;249,-26,18;250,-4,-14;262,-12,0;274,-6,0;275,-1,15;286,-7,-6;297,-14,11;302,6,-13;310,-19,9;317,-13,7;322,7,-7
rua||jose marinho fonseca|santo antonio|35661193|85,-1986886,-4459745;88,15,-3
rua||jose marinho fonseca|sao antonio|35661193|51,-1986844,-4459740;79,-26,-2
rua||jose mendes de faria|dom bosco|35661350|15,-1987364,-4459903;18,12,-2;20,-19,-7;44,3,5;45,13,5
rua||juiz de fora|nossa senhora de fatima|35660161|465,-1985353,-4461481;479,-13,-19;493,-10,-14;532,3,-32;540,6,-6;547,-17,9;548,15,-7;560,-6,-18;561,-22,11;570,11,-15;571,-8,-10;586,1,-29;600,-9,-21
rua||juiz de fora|sao jose|35660161|585,-1985411,-4461605;601,9,13;631,-13,-32
rua||juliana grassi pinto ferreira|morada cores de minas|35661537|24,-1987278,-4457069;47,-1,29;48,-2,-15;61,-4,27;62,-4,-17;73,-4,29;88,-12,-3;101,3,13;118,-11,6;125,-2,27;165,-17,35;213,-16,34;225,-8,15;261,-13,29;273,-8,10;312,-22,13;324,-5,11;350,-5,18
rua||lagoa formosa|santos dumont|35660334|19,-1983930,-4460275;23,-13,2;55,31,-23;70,8,12
rua||leandro ferreira|sao cristovao|35660383|80,-1985181,-4460630;90,7,5;95,-7,-8;107,19,2;112,1,12;119,12,0;122,-4,3;130,5,6;131,2,-14;132,5,16;133,-4,-14;142,15,16;149,-10,-11;157,13,9;162,6,7;169,9,-3;174,3,8;182,10,7;199,9,-7;200,-1,14;202,1,-5;211,17,-3;212,-8,7;222,23,12;223,-13,-19;265,62,30;282,171,80;286,-176,-59;295,27,-10;299,33,9;306,-25,8;320,10,8;326,7,2;328,14,4;335,-25,-23;336,34,30;340,3,-1;346,13,5;356,12,8;360,11,3;368,18,11;369,-79,-49;380,81,66;391,-71,-66;399,14,13;404,70,42;409,-61,-45;416,76,47;417,-64,-39;423,11,6;428,8,18;441,2,-12;449,15,7;459,13,6;466,62,39;471,-50,-32;483,3,2;490,65,36;496,10,5;502,8,9;514,3,0;526,14,6;538,8,3;539,-49,-31;553,12,2;565,13,9;577,8,0;589,18,6;592,26,48;601,-12,-40;606,37,32;613,-47,-33;618,59,38;634,14,7;648,14,5;664,6,7;669,41,5;680,-42,8;683,-20,-36;684,43,30;698,5,1;707,-38,-27;710,54,38;719,-41,-33;720,55,42;731,-46,-35;743,8,9;748,56,31;755,-39,-31;769,5,8;793,55,17
rua||luis de souza peixoto filho|ipes|35660001|31,-1984866,-4462118;62,-8,-24;65,-6,2;85,-9,-10;105,-10,-22;123,-9,-16;132,-4,-19;143,-1,6;195,-26,-48
rua||luiz henrique campos filho|sao luis|35661601|435,-1987402,-4459622;456,-16,-8;459,-21,28;471,-9,8;479,-5,5;493,-8,3;504,-10,0;505,7,7;516,-16,1;517,7,7;528,-11,-3;540,-5,6
rua||marcionilo martins filho|dom bosco|35661221|49,-1987717,-4460254;59,-7,-1;85,-25,0;99,-7,-1
rua||marcionilo martins filho|dom bosco|35661352|42,-1987692,-4460262;54,-10,-3;66,-1,4;78,-11,-6;80,-9,2;84,-12,-9;102,-5,7;120,-12,-4
rua||maria da consolacao viegas fonseca|padre liberio|35663476|12,-1982782,-4460416;24,0,-3;36,-8,-10;191,-515,-97
rua||maria da consolacao viegas fonseca|residencial capanema|35663476|52,-1982802,-4460443;64,0,-6;76,-3,-13;88,-8,-7;100,-10,-16;112,-4,-5;124,-5,-14;136,-12,-7
rua||maria da consolacao viegas fonseca|sao paulo|35663476|207,-1982895,-4460579
rua||maria da piedade ferreira|gorduras|35660564|5,-1983481,-4464651;6,25,-6;10,-11,3;80,76,-9;83,-12,6;85,3,3;90,31,-14;134,-52,15;220,105,-21;500,-5,4
rua||maria das dores ferreira|vila maria|35661321|21,-1986919,-4459140;31,-11,-28;40,2,5;42,6,18;43,-8,-18;52,-4,-13;55,-6,4;64,2,-1;65,-9,-9;67,0,-3;90,-3,-17;93,-4,6;102,-2,-13;105,-7,6;115,-4,-18
rua||mercedes ferreira|santos dumont|35660328|35,-1983927,-4460652;54,20,-22;63,-41,36;75,6,13;84,-7,-20;93,-9,17;96,-9,-5;105,0,11;112,-11,-3;117,-1,13;129,-6,0
rua||nair guimaraes ferreira|recanto da lagoa|35660074|357,-1986960,-4457544;397,1,3
rua||nair guimaraes ferreira|recanto|35660074|131,-1987020,-4457784;157,7,29;195,11,35;205,2,20;217,3,0;241,3,24;253,5,19;265,0,0;287,4,22;293,-1,1;299,-2,6;315,14,35;325,-8,5;335,12,15
rua||nair guimaraes ferreira|recanto|35661074|3,-1987050,-4457920;7,4,25;12,-12,10;14,4,3;16,2,4;17,-1,-4;20,4,11;28,2,7;43,5,-8;60,12,35;69,-7,-5;70,6,3;71,-4,5;80,-5,17;82,0,-2;95,7,-12;101,4,7;106,-2,18;116,0,1;130,5,28;154,13,20;156,0,0;185,19,119;196,-23,-79;206,6,16;218,5,0;242,-11,16;266,14,31;286,19,24;324,4,37;330,4,-4;344,-15,14;356,21,17;402,20,34;414,-16,-10;430,10,37;433,5,-4;444,-7,11;445,12,6;456,-6,11;457,9,0;479,-8,29;480,1,-16;490,3,25;491,9,-5;501,5,9;502,-24,7;524,19,7;525,7,9;536,-4,9;537,3,-2;549,7,10;567,6,23;572,-20,13;579,21,1;586,-11,-8;596,0,22;611,9,14;625,-1,12;628,-20,-12;635,20,21;642,-17,5;654,6,4;665,1,15;666,2,2;680,2,5
rua||nair mendes ferreira|padre liberio|35660300|11,-1982808,-4459853;21,-13,-5;26,-33,-20;31,26,17;41,-7,3;50,-38,-27;70,-11,-4;71,17,11;80,-24,-13;81,16,10;90,-27,-18;91,24,18;100,-30,-16;101,20,11;110,-24,-20;120,-7,1;130,-6,-9;140,-18,-4;141,21,17;150,-31,-23;151,39,24;160,-41,-25;161,14,15;170,-20,-14;171,11,12;180,-24,-16;181,19,15;190,-26,-20;191,18,14;200,-24,-18;201,16,15;210,-27,-18;211,17,14;212,-23,-18;220,-7,1;230,-4,-5;231,18,8;240,-24,-12;241,17,12;251,-12,-10;260,-21,-10;261,16,14;270,-29,-14;271,20,9;281,-7,-4;291,-4,0;321,-24,-10;331,-14,-4;341,-13,-5;351,-6,-2;352,-20,-19;361,7,12;362,-13,-15;371,8,13;372,-22,-19;381,14,17;382,-18,-19;391,7,12;392,-14,-12;401,14,13;402,-23,-18;411,9,12;412,-16,-16;421,5,12;422,-13,-21;431,8,14;432,-16,-14;441,8,12;442,-25,-18;445,26,17;451,-5,-4;452,-24,-14;461,16,14;462,-22,-18;471,7,13;472,-17,-17;481,16,14;491,-14,-2;492,-16,-18;501,11,14;502,-32,-22;511,20,22;521,1,-5;531,-13,-16
rua||olimpio de melo franco|distrito industrial ii|35661705|400,-1989088,-4458287;402,-44,211;20000,44,-191;20040,-2,23;20090,-22,60;20140,-5,27
rua||osvaldo de moraes fonseca|sao jose|35660587|33,-1985832,-4461763;45,6,1
rua||paulo pereira fonseca|jardim serra verde|35664899|32,-1989241,-4458481;45,-135,-28;180,33,-89;390,-46,169
rua||paulo soares da fonseca|centro|35662754|199,-1988177,-4474277;203,8,4;205,11,0;208,-25,1;219,47,-4;220,-41,4;231,65,-2;234,-42,-13;280,29,18;300,13,0
rua||pedro de melo franco|belvedere|35661303|20,-1987214,-4460996;22,-16,7;23,-4,11;43,-11,-2;49,-25,0;56,30,-9;65,-42,4;66,20,-4;71,-6,8;75,-9,-2;76,8,-8;86,-16,-1;95,-10,10;98,5,-12;107,-18,6;110,15,-4;129,-17,12;139,-13,-5;148,-13,-11;151,-8,6;159,8,7;160,-3,-14;161,-12,9;162,11,-12;164,-5,4;176,-17,-1;188,-10,-2;191,8,11;202,-12,-9;210,-3,-4;215,-19,12;220,4,-11;226,-12,5;232,0,-5;253,-28,4;260,-8,-9;264,18,3;271,-29,8;272,3,-12;287,-10,18;296,-16,-18;299,-2,13;308,-4,-16;311,-6,18;324,-2,-17;328,-7,-3;333,-7,17;336,-1,-11;344,-9,-3;345,-7,8;348,1,-11;356,-11,-1;357,4,13;368,-12,-14;369,-4,9;380,-5,-10;398,-16,-1;405,2,12;406,-15,-17;417,6,17;430,-27,-12;440,1,3;454,-11,-4;491,-48,12;515,-15,-3;518,-3,-11;527,-7,10;530,-3,-12;539,0,13;542,-8,-16;551,-13,12;554,3,-9;563,-11,8;574,-30,-12;575,20,9;625,-32,-7;655,-15,-3;685,-31,4
rua||ramiro amaro ferreira|eldorado|35661421|23,-1986407,-4457392;33,-5,8;176,-92,77;188,-11,14;320,-290,357;451,115,-205
rua||raquel ferreira|vila raquel|35661008|2,-1986022,-4459703;6,-14,-5;7,-2,5;12,-15,-19;48,-46,-28;52,14,12;59,-29,-13;65,15,12;68,-14,-13;91,-36,-26;132,-1,1;144,1,-6;147,-3,2;155,-12,-5;156,10,6;202,-49,-34;205,16,14;206,7,-4;215,-46,-6;220,16,-9;231,-22,-5;244,-4,-5;270,-47,-24;283,14,16;299,-6,-7;302,-5,-15;321,-2,2;324,40,18;334,-58,-34;361,-32,-17;377,-9,-5;383,-11,-4;399,-13,-4;415,-5,-11;425,-5,3;436,-5,-15;441,-34,-7;443,18,4;450,-23,-17;464,20,12;470,-13,-6;474,-12,-9;483,-9,-5;486,3,1;490,-11,-7;493,2,1;503,-13,-7;515,-11,-5;530,1,-2;537,-12,-1;542,5,-4;559,-20,-18;566,3,-2;571,-7,9;581,-10,-5;582,15,0;586,-9,-2;598,-9,-6;599,-9,-1;600,11,1;603,-18,2;609,1,-1;614,-6,-15;615,6,15;620,-7,-15;632,-8,-6
rua||tobias jose da fonseca|centro|35662756|31,-1988172,-4474374;41,4,-8;44,6,-4;49,-3,-3;54,7,-6;68,-2,-22;69,-8,12;72,5,-9;81,-10,0;90,9,-15;95,-3,1;110,-3,-23;128,0,-15;136,1,-4;152,2,-21;168,-13,-14;199,-6,-19;200,14,-18;203,-23,7;210,24,-6;212,-2,-4;214,4,-5;215,-14,1;226,4,-12;227,-7,2;255,0,72;267,-7,-6
rua||totonho da fonseca|providencia|35661734|272,-1986428,-4457661
rua||totonho da fonseca|recanto|35661075|15,-1986489,-4457632;275,79,-26
rua||totonho da fonseca|recanto|35661734|16,-1986783,-4457534;32,15,-1;44,16,-4;80,48,5
rua||totonho da fonseca|vila ferreira|35661734|73,-1986716,-4457546;88,17,-3;132,-24,-12;146,3,17
rua||valdemar alves ferreira|esplanada|35664899|393,-1984466,-4461798;395,6,-14;401,1,-17
rua||vicente heleno filho|gorduras|35660568|12,-1983337,-4464709;19,-167,37;20,114,-37;33,-91,18;50,69,-17;62,-27,48;70,19,-46;72,67,-12;159,-49,8;179,24,0
rua||vicente leite freitas|santa edwirges|35661454|7,-1988139,-4457431;11,-3,4;21,5,1;30,0,11;31,5,-4;40,-7,14;41,9,-6;50,-9,9;51,15,2;60,-8,2;61,13,10;70,-2,6;80,5,5;90,1,7;141,5,-8;1370,0,14
rua||vicente porfirio de oliveira filho|padre liberio|35663542|191,-1982638,-4460106;203,1,-9;215,0,-15;227,-1,-7;239,-4,-8;251,1,-19;263,1,-5;275,-2,-11;287,2,-19;299,-3,-8;311,-1,-9;323,1,-12;335,-2,-13;347,-2,-16;359,2,-6;371,0,-10
rua||vicente porfirio de oliveira filho|prefeito walter martins ferreira|35663542|47,-1982629,-4459962;59,-3,-12;71,1,-23;83,0,1;95,1,-10;107,-2,-15;119,-1,-10;131,0,-12;143,-2,-17;155,-3,-12;167,2,-6;210,14,-50
rua||waldir roberto franco|jardim america|35660474|20,-1985255,-4459822;21,15,-3;25,-4,-2;26,-3,4;37,-4,-9;40,-11,4;68,-22,-10;71,-8,-6;86,-12,0;87,7,-12;91,-1,6;95,8,-1
rua||wilson de melo franco|independencia|35660075|19,-1987302,-4460825;29,-26,3;41,-4,13;51,-2,15;63,-4,10;69,1,2;79,-7,11;83,-3,-1;91,1,18;101,-4,4;106,1,-26;110,-10,26;115,3,15;118,-8,-6;133,6,9;141,0,13;170,-3,-36;250,-14,31;364,-21,26
rua||zico ferreira|nossa senhora de fatima|35660169|53,-1985689,-4461149;59,12,-8
rua||zico ferreira|nossa senhora de lourdes|35660169|6,-1985736,-4461129;12,12,-8;16,4,4;19,0,-1;20,7,-3;22,66,-31;25,-69,30;32,8,-1;37,7,-15
sede||fazenda jose pereira campos filho|joao dias|35664899|1,-1988343,-4472359;420,168,75
sitio|sao|francisco|aparicao|35660001|8,-1974916,-4463551;9,11,14;17,-13,-29;19,18,27;28,-141,150
