aglomerado||pinhalzinho|pinhalzinho|37660000|21,-2263294,-4593162
avenida|doutor|geraldo ribeiro de carvalho|doutor geraldo|37660000|205,-2255132,-4578426;215,3,-1;219,5,-5;295,74,-35
avenida|doutor|geraldo ribeiro de carvalho|dr geraldo|37660000|348,-2255013,-4578490;425,32,-50;435,2,-12;459,20,-15
avenida|guarda|mor carneiro|centro|37660000|6,-2254922,-4577873;10,16,-10;20,7,3;21,-6,-5;34,13,11;37,-4,2;41,14,-11;48,1,5;57,11,-8;64,4,15;65,3,-12;70,3,7;75,3,-6;84,8,0;90,14,14;104,1,-5;105,2,-12;110,-1,18;112,12,-5;118,5,2;126,6,-4;136,7,6;162,26,8;168,-5,-4;170,16,-6;188,10,3;200,9,2;208,13,-3;214,3,-2;216,6,-1;218,3,5;234,7,0;244,24,4;272,4,-4;289,-69,-13;310,109,18;318,1,5;328,16,-10;332,8,1;350,11,14;378,12,-2;380,14,1;384,15,-1;388,-4,1;396,12,-3;416,19,3;418,-6,-1;423,8,-9;428,6,9;438,12,0;441,5,-9;446,2,14;451,3,-13;452,1,11;468,16,-1;469,3,-7;475,11,-3;476,-5,14;487,15,-19;493,6,2;499,6,-6;500,12,-3;505,-4,-6
avenida|sao|vicente de paula|alto da gloria|37660000|445,-2255823,-4578206;450,-4,-29;469,-11,20;479,-10,-3;493,-13,-2;499,3,-21;505,-16,16;508,10,-18;511,-14,15;517,-3,-5;518,4,-16;540,-21,-9;546,6,-4;569,-59,60;600,23,-73;606,-15,-4;630,-11,-7;660,-44,-14;680,-13,-5
avenida||25 de janeiro|vila frei orestes|37660000|10,-2254456,-4577945;13,-8,-19;15,55,21;20,-23,2;21,-25,-15;26,112,41;31,-109,-41;40,58,26;41,-46,-26;49,12,1;50,1,4;53,1,-1;54,1,4;55,47,15;56,-45,-6;58,55,18;60,5,-3;73,-48,-24;80,-1,8;96,12,5;100,21,1;105,-4,1;115,34,13;133,15,9;140,-3,8;148,2,2;150,1,7;154,-6,-21;156,-9,2;485,-18,-15;520,-47,-14;646,89,66;1440,-39,-52;1480,-14,-6;1490,-23,-10
avenida||adelino dias de carvalho|boa vista 1|37660000|80,-2254305,-4577444;81,-5,7;91,-12,1;95,0,-2;100,-1,-7;111,-20,13;120,8,-20;131,-21,6;141,-17,8;146,12,-12;150,-7,-2;151,-5,17;160,-3,-16;161,-3,15;171,-31,-9;204,-15,-7;210,-7,0;230,-11,4;243,-24,11;249,-2,-4;250,7,-5;253,-14,8;261,-9,0;269,-3,5;273,-4,5;281,-6,-7;291,-15,3;301,-6,2;305,-1,-1;311,-10,5;370,-47,0;390,-13,4;396,-1,0;398,-11,3;400,-3,2;406,-3,-1;407,12,6;410,-19,-3;415,-1,2;419,-3,2;426,-5,1;455,-29,14;494,-24,7;498,-7,2;512,-16,-3
avenida||adelino dias de carvalho|centro|37660000|632,-2254742,-4577402
avenida||alfredo machado de carvalho|residencial paraiso|37660000|12,-2254960,-4577410;21,44,-23;25,-21,-1;55,-33,23;65,-29,14;75,-6,13;85,-13,-1;127,-56,34;251,-59,69;274,6,-26;276,1,10;355,-29,70;365,-31,69;371,-3,11;377,-3,0;551,-19,46;560,-4,22
avenida||avelino ribeiro filho|centro|37660000|12,-2254931,-4577508;900,-454,580
avenida||avelino ribeiro filho|residencial paraiso|37660000|8,-2255013,-4577212;10,27,7;20,-18,-3;28,35,16;30,-4,3;31,-127,-66;36,133,73;40,5,18;42,-8,-7;70,16,29;71,-117,-108;74,112,101;81,-93,-97;94,103,109;110,0,8;114,2,11;120,-14,-157;125,-54,32;128,70,137;130,-31,-333;140,-8,76;144,50,294;151,-65,-168;154,78,172;160,-78,-358;161,8,189;164,73,171;165,-60,-169;169,21,2;170,-66,-183;174,109,371;175,-50,-185;182,51,185;184,2,6;194,-1,1;200,-112,-392;204,126,401;205,-60,-201;206,-89,-175;230,150,412;235,-49,-204;238,61,209;245,-57,-199;248,-79,-106;252,133,313;253,-53,-200;255,1,0;260,54,199;263,-47,-192;265,3,10;267,1,9;268,-55,-24;269,62,26;271,-5,5;272,50,177;275,-45,-164;278,-51,-4;279,53,4;288,-72,-29;292,120,224;298,-165,-290;299,126,116;305,3,12;312,41,184;315,-46,-200;318,50,201;322,1,-1;327,-38,-165;328,42,169;340,0,8;355,-31,-146;365,5,6;385,4,17;390,45,179;404,6,12;410,-2,-2;424,6,17;430,-369,-393;442,-22,60;464,414,376;472,-3,13;476,-270,-270;480,-138,-135;482,408,413;485,-50,-214;489,4,12;500,-368,-196;506,2,5;512,423,410;515,-39,-167;569,25,47;589,3,15;590,33,164;599,-28,-156;603,17,43;604,19,121;605,-16,-119;609,-20,-35;610,34,165;615,-12,-118;619,-13,-39;639,7,19;679,31,89;729,-15,-36;733,4,7;759,9,21;769,3,10;775,6,12;779,0,6;785,0,-2;791,5,6;795,2,6
avenida||egidio dias de carvalho|goiabal|37660000|51,-2254785,-4577400;55,16,2;75,-17,23;105,3,16;135,10,13;147,7,19;157,3,11;185,-11,75;219,-5,38;225,5,9;247,-3,18;267,1,12;277,6,2;305,-5,15;315,7,7;369,104,264;377,-92,-205;407,14,16;417,3,16;439,7,19;463,5,26;479,3,28;485,10,18;493,-5,-15;505,11,34;519,5,-7;525,3,8;545,13,18;555,4,4;557,0,13;571,7,6;589,6,2;594,0,6;617,14,19;631,10,13;639,187,874;647,-191,-870;655,18,14;665,-4,4;667,7,6;675,0,12;700,5,44;717,14,-6;727,13,-4;737,3,25;747,-1,6;751,3,1;763,2,9;773,1,13;779,5,5;780,36,71;786,10,9;787,-35,-77;788,26,75;794,2,10;797,-27,-83;800,29,82;801,-28,-72;803,7,-2;806,25,87;809,-27,-78;816,29,88;836,2,17;846,1,13;858,-22,-90;863,-3,-11;869,-5,-9;870,34,134;871,-28,-128;877,-10,-14;880,38,148;892,3,7;895,-52,-170;905,57,203;915,1,9;916,-7,-12;925,10,14;936,-4,15;967,7,17;979,3,10;1000,-4,9;1018,5,20;1023,7,-4;1025,6,11;1027,1,-1;1028,-9,5;1031,4,9;1032,-4,-7;1036,4,5;1037,13,36;1043,-2,-25;1046,-10,1;1055,15,8;1057,5,58;1067,0,-47;1073,-3,7;1081,-4,11;1083,5,13;1089,5,-12;1090,3,8;1097,-1,4;1098,6,3;1107,2,8;1117,2,7;1120,1,13;1123,5,3;1151,4,15;1165,5,11;1171,2,7;1173,-2,6;1180,8,6;1187,0,11;1193,-2,0;1201,8,7;1340,31,175;1345,0,-17;1490,-17,-93
avenida||joao de paula cabral|baleia|37660000|20,-2255409,-4578656;46,-13,-33;60,-3,-9;70,-36,-110;80,37,101;100,-8,-8;140,-15,-50;144,-2,-9;850,50,141
avenida||joao de paula cabral|loteamento jose verissimo|37660000|47,-2255435,-4578698;85,-19,-62;97,-8,-14;109,-7,-12;211,-49,-102;217,-8,-8;229,-8,-16;245,-6,-8;287,-16,-31;295,-8,-22;321,-27,-14;337,-4,-13;371,-14,-27;379,-10,-3;405,-17,-20;431,-16,-14;443,-14,-9;473,-30,-6;501,-14,-38;517,-8,0;527,-3,-3;535,-6,2;645,-101,-18;671,-26,0;705,-10,6;965,423,411;975,-8,-23;977,-9,-24
avenida||joao xxiii|centro|37660000|4,-2254741,-4578163;11,164,102;87,-114,-66;95,5,3;105,7,9;141,35,23;149,7,1;157,8,8;171,20,10;181,13,9;195,9,6;215,12,12;230,31,6;231,-16,-5;235,1,0;249,13,10;264,22,7;267,-19,-1;271,-3,10;278,27,-6;283,95,43;285,32,13;286,9,5;288,-127,-58;290,140,62;292,-138,-60;296,139,63;298,-133,-61;300,140,70;304,-118,-66;310,7,6;316,9,6;320,-1,-8;342,22,12;352,11,3;366,17,8;368,5,0;370,7,5;378,-53,-19;389,32,19;391,28,8;571,-14,-6;1027,-228,290;1031,-14,-5;1080,-55,-4;1092,-6,4;1101,-11,7;1105,-84,34;1107,154,-35;1269,-142,26;1288,-19,160
avenida||joao xxiii|vila frei orestes|37660000|16,-2254355,-4577728;205,45,-117;303,-159,144;335,68,-10;350,54,-40;440,33,-49;450,1,-2;455,-1,-39;456,4,35;460,1,-9;505,-169,115;544,167,-166;561,-7,25;562,10,3;570,-3,7;580,-60,102;598,63,-123;600,-9,59;616,-4,7;630,-2,7;648,-12,23;660,-5,0;685,-20,5;690,8,10;691,-5,-7;692,1,11;702,-20,16;705,-43,15;732,29,-11;758,-22,7;770,-8,2;778,-12,4;825,-66,-5;830,-10,13;835,-5,-12;840,-8,12;919,-48,-2;946,7,10;1035,-26,-7;1043,-8,-1;1047,-3,0;1300,-205,54;1500,-12,87;1567,501,-276
avenida||jose pereira de souza dias|centro|37660000|51,-2256093,-4577520;63,13,12;65,11,7;67,-5,-1;75,8,10;114,5,6;117,88,45;121,-81,-35;162,33,26;182,8,7;194,22,12;265,49,21;456,164,54;457,5,4;459,5,1;500,34,10;511,5,7;539,-37,-13;545,5,0;546,6,2;686,179,71
avenida||jose pereira de souza dias|novo horizonte|37660000|127,-2255340,-4577158;941,-117,-49;945,2,0;1011,100,43;1045,57,25;1065,48,9;1069,5,7
avenida||luiz rezende|distrito de costas|37660000|3,-2265797,-4591853;21,-25,-5;32,-14,-3;37,-9,-4;42,-4,-5;52,-10,-11;62,-9,-10;76,-6,-20;86,-2,-2;89,4,-12;103,-1,-14;139,-12,-17;169,-19,-38;362,-8,-12;374,-8,-10;400,0,-6;409,-10,-39;410,0,12;417,-4,-20;418,-2,8;420,1,-12;444,-47,9;459,47,-43;472,-31,15;478,22,-10;479,-1,-11;489,-3,-12;494,-6,-6;500,-20,-41;523,22,36;530,-5,-24;532,-1,-1;550,-18,-31;570,-1,-4;599,-11,-19;608,-15,-1;611,5,-7;620,-15,2;632,-7,-5;641,-11,-17;669,-17,-11;681,-4,-5;700,8,27;740,-42,-48;748,-28,-15;750,48,23;760,-9,-7;780,-39,-29;950,235,362
avenida||rio branco|centro|37660000|540,-2254444,-4577892;561,-9,-7;565,-2,-7;587,-35,-37;603,-3,-4;641,-30,-20;651,-4,0;684,-25,-36;690,-5,8;706,-13,-14;719,-18,3;728,2,-16;729,-8,14;742,-4,-16;745,-19,8;759,-3,-1;768,4,-16;771,-11,4;776,-11,-14;785,2,8;795,-14,-3;812,3,-23;826,-11,-5;844,-8,-6;866,-29,4;871,-3,-6;877,-8,-7;878,6,-11;881,-8,9;883,-3,1;893,-19,-8;909,-5,-5;910,20,-4;913,-28,2;914,13,-13;951,-12,12
bairro||das areas|areas|37660000|20,-2257071,-4571597;1007,-745,-1155
bairro||pinhalzinho|pinhalzinho|37665000|38,-2263344,-4593121;90,-1,-5;123,7,5
beco||da diolina|centro|37660000|1,-2254868,-4577664;2,14,7;3,6,-2;104,-18,2;112,-8,-3
beco||sem denominacao|centro|37660000|4,-2254958,-4577789;5,-8,-12;19,-10,-6;22,10,17;49,-8,-16;173,-5,-8;243,33,40
entrada||do cunha|bela vista|37660000|386,-2249753,-4577987;430,-74,23
estrada||bairro dos carneiros|carneiros|37660000|264,-2253222,-4575216
estrada||bela vista|bela vista|37660000|8,-2249698,-4578989;200,300,511;220,-4,-6;407,-7,-6;870,-742,-623;944,-69,-144;973,30,124;981,-47,-217;994,14,94
estrada||cambui|distrito de costas|37660000|951,-2266081,-4592448
estrada||coqueros 2|coqueiros|37660000|10,-2260157,-4576935;33,-182,27;35,338,-69;40,-291,99;50,147,-47;90,-239,-41;95,-32,-3;220,324,83;230,43,-27;240,-7,11;254,141,20;612,-346,36;624,10,6;676,-57,-52
estrada||da capela de sta luzia|bela vista|37660000|56,-2249431,-4578028
estrada||da grota|uruguaia|37660000|33,-2252276,-4579542
estrada||de paraisopolis a consolacao|uruguaia|37660000|590,-2253455,-4580263
estrada||do funil para ribeirao|funil|37660000|55,-2263487,-4589978
estrada||do viveiro bona|bela vista|37660000|610,-2248667,-4577496
estrada||dos costas para pedra chata|distrito dos costa|37665000|11,-2265793,-4593400
estrada||dos inacios|inacios|37660000|3,-2258680,-4577121;9,-18,-35;11,-7,-14;13,0,-3;15,3,-9;17,-10,-9;19,14,-24;21,-12,-17;24,-56,223;26,21,-19;28,161,-128;29,-148,-156;30,15,109;32,12,51;36,-5,-26;40,-4,-96;42,-11,18;43,10,-4;224,-1275,393;999,1257,-417
estrada||dos inacios|jacintos|37660000|26,-2258742,-4577031
estrada||moradores novos|moradores novos|37660000|58,-2253633,-4573237;88,386,189
estrada||moreiras|moreiras|37660000|2020,-2250795,-4584463
estrada||mundo novo|mundo novo|37660000|25,-2261238,-4585928
estrada||paraisopolis a conceicao dos ouros|campo do meio|37660000|610,-2247193,-4577189
estrada||pedra branca jacintos|jacintos|37660000|565,-2256668,-4587665;600,98,-45
estrada||pinhalzinho ao recoco|recoco|37665000|79,-2260752,-4593907
estrada||sitio santa luzia|goiabal|37660000|5521,-2254217,-4576136
fazenda||nossa senhora aparecida|fazenda nossa senhora aparecida|37660000|130,-2260977,-4576202
largo|sao|benedito|centro|37660000|5,-2255243,-4577767;21,-3,0;25,-4,2;27,1,-2;29,-13,1;33,12,0;73,-40,2
praca|coronel|jose vieira|centro|37660000|19,-2255148,-4578070;25,4,-1;27,-6,12;51,9,20;61,-6,15;63,0,5;83,7,11;85,-9,0;87,-1,4;95,-6,-2;111,-13,6;113,-1,6;119,-7,-13;122,-62,-57;125,31,34;126,-24,-28;136,-9,6;139,51,48;156,-46,-23;159,33,21;161,-12,6;167,-8,-6;176,-11,-10;229,91,-40;505,4,47
praca|monsenhor|dutra|centro|37660000|114,-2255420,-4578069;120,-1,-1;132,-1,-3;134,-15,-34;136,5,18;150,-14,18;208,-1,55;238,2,-10;248,2,-2;250,0,-9
praca|presidente|getulio vargas|centro|37660000|9,-2255312,-4578063;17,-2,10;27,0,10;38,-40,-27;47,41,36;55,1,12;63,4,7;66,-66,-53;69,63,60;74,-66,-62;86,-8,-4;96,-7,5;99,77,59;101,-11,6;103,-6,-2;111,-1,4;121,-10,-4;131,-8,5;149,-12,7;157,-14,-3;173,-7,4;175,-1,9;179,-26,-21
praca|sao|benedito|centro|37660000|70,-2255247,-4577793;78,-19,21;84,8,-28;96,-17,-11;102,0,13
praca|sao|joao|distrito de costas|37660000|2,-2265831,-4591701;4,0,0;7,-9,-6;16,24,-14;19,5,-48;23,-18,68;31,2,-67;37,7,1;48,35,0;56,-3,10
praca||almey de barros|dr geraldo|37660000|21,-2255010,-4578504;31,-6,-12;41,13,-7;51,-17,-12
praca||centenario|centro|37660000|5,-2254940,-4578084;26,-22,36;35,18,-21;50,10,27;64,-46,-45;74,0,14;108,1,32;118,2,1
praca||consolacao|centro|37660000|30,-2254754,-4578126;50,-38,-21;243,-19,15;968,37,-5
praca||tiradentes|centro|37660000|60,-2255630,-4578152
praca||wenceslau braz|centro|37660000|26,-2254869,-4578196;32,-7,-13;135,-14,10
rodovia||mg 173|bela vista|37660000|20,-2249289,-4578312
rodovia||mg 173|coqueiros|37660000|5,-2260315,-4576622;88,447,-189;90,-4,-8;518,-286,14
rodovia||mg 173|lavapes|37660000|164,-2253834,-4577514;683,-201,-37;703,34,22;711,17,1;717,4,-1;761,36,7;787,19,2;1587,35,2;1607,8,5;1647,29,-2;1657,24,1;1667,20,-5
rodovia||mg 173|santo antonio|37660000|32,-2250187,-4577927;34,-1367,633
rodovia||mg 295 paraisopolis a brazopolis|serrinha do tunel|37660000|32,-2251839,-4571902
rodovia||mg 295 paraisopolis a consolacao|bomba|37660000|13,-2252658,-4580893
rodovia||mg 295 paraisopolis a itajuba|centro|37660000|2005,-2255595,-4577105
rodovia||mg 295|carneiros|37660000|40,-2255171,-4576439
rodovia||mg 295|serrinha do tunel|37660000|33,-2252161,-4572225
rodovia||mg173|coqueiros|37660000|80,-2259875,-4576816;84,-17,9;92,21,-5;94,3,-3
rua|capitao|anardino candido de almeida|centro|37660000|6,-2254916,-4577762;22,19,17;23,-2,-21;35,-1,9;36,15,1;43,2,0;44,6,5;53,16,0;54,-5,-1;67,5,-1;68,3,7;78,4,-4;79,7,-3;99,6,7;101,5,-8;104,-2,7;110,11,0;111,1,-12;114,8,17;118,6,0;142,18,5;143,-4,-8;176,48,13;184,11,2;196,8,5;206,1,-8;210,-3,-13;213,10,9;215,-39,0;216,58,15;218,-3,-7;222,-6,-6;229,-33,-10;241,8,8;267,16,-2;268,17,8;273,1,4;285,19,-14;294,1,13;295,2,-11;298,0,5;311,13,-2;312,2,3;323,5,-3;324,2,12;325,17,-1;326,-12,-9;342,15,9;345,-16,-5;406,62,7;409,13,-10;410,-8,7;423,17,-4;429,0,0;432,16,13;435,4,-14;460,2,10;463,-7,-4;470,22,6;475,4,4;480,5,-5;487,8,-14;500,-2,13;510,12,-4;513,8,0;514,-4,3;517,6,2
rua|capitao|antonio augusto de almeida|centro|37660000|8,-2255088,-4577936;22,3,14;29,13,-8;36,2,8;41,-1,9;44,6,2;49,5,3;56,11,-2;57,-2,-1;70,0,15;94,16,21;100,11,-9;108,1,17;111,3,9;112,-11,-30;114,3,23;125,9,13;132,2,7;133,11,0;137,-3,8;140,0,-2;145,27,13;158,-20,-4;162,5,13;170,4,3;172,6,6;176,-5,7;196,5,13;198,0,2;202,3,3;206,0,-1;214,1,24;220,5,-14;228,0,18;240,3,0;260,2,26;262,-1,-7;270,-2,3;290,2,32;299,5,-20;309,0,14;313,1,15;319,2,29;325,-1,6;330,-5,-1;343,10,14;345,5,7;355,-1,10;363,7,11;373,9,6;379,7,3;381,9,-8;383,5,-10;396,-13,44;417,19,15;432,3,35;521,52,39;522,-19,9;533,22,-3;537,7,5;542,-12,11;545,16,2;555,5,7;566,-10,19;583,22,-4;585,17,6;590,-12,9;595,18,2
rua|capitao|rafael tobias goulart|jardim vale do sol|37660000|84,-2255664,-4577743;255,-134,-65;256,-11,-6;271,1,-4;283,-8,1;327,-33,-22;333,-15,-2;345,100,46;355,-114,-57;357,136,66;364,18,11;374,8,6;409,14,11;417,8,3;427,11,-1;437,14,7;467,25,12;477,4,5;485,4,1
rua|capitao|rafael tobias goulart|vila sao luiz|37660000|202,-2255757,-4577794;210,-3,4;212,4,0;216,-12,-7;298,-68,-35;318,-7,-4;328,-13,-10;336,-4,2;350,125,63;356,7,5;366,9,2;400,25,9;412,18,12;424,-44,-23;448,42,24;462,28,9
rua|coronel|francisco granado|alto da gloria|37660000|41,-2255836,-4578151;1291,16,0;1311,-13,-2;1312,2,-3;1345,-32,-6;1346,-7,-8;1348,10,8
rua|coronel|francisco granado|centro|37660000|160,-2255706,-4578099;211,275,113;873,-38,-2;887,-12,-2;893,-5,-2;907,-14,-8;910,-2,-8;915,-1,4;929,-16,-3;932,4,2;943,-10,-9;944,-6,1;947,-11,-5;957,-6,5;958,20,-4;972,-16,-6;975,-10,2;981,-4,-1;984,3,1;988,-1,1;990,-4,-11;994,-6,2;1011,-19,-2;1025,-22,-14;1026,17,-1;1030,-11,6;1040,-3,-10;1043,-24,-5;1048,18,8;1052,-5,-7;1054,-5,6;1056,0,-7;1058,-2,-4;1063,-18,-2;1078,-8,-5;1080,11,2;1081,-15,-4;1086,26,7;1087,-31,-10;1090,12,8;1092,-7,-5;1094,1,-2;1098,-3,-12;1102,-7,4;1103,-7,6;1112,3,-7;1115,-10,2;1123,-5,-13;1125,-6,-4;1126,6,7;1135,-7,-1;1144,-5,-9;1148,0,5;1149,-17,6;1152,14,-4;1157,-18,3;1160,1,-14;1167,-18,-14;1168,16,8;1169,3,5;1177,-22,4;1225,-28,-21;1240,-18,-12;1251,-3,-11;1252,-4,10;1261,-7,-4;1270,9,3;1272,-10,-1;1273,-2,-5;1277,-10,-3
rua|doutor|antonio geraldo de almeida|centro|37660000|16,-2254984,-4577476;22,35,-8;40,-34,11;42,27,-4;44,-12,8;74,-75,-15;112,20,8;122,-11,2;128,-9,-3;138,-7,-4;146,-14,5;152,-4,-10;172,-15,4;182,-16,-4;192,-8,3;202,-18,-3;204,-14,0
rua|doutor|antonio geraldo de almeida|novo horizonte|37660000|5,-2255036,-4577472;65,62,24;99,-46,-17;101,-4,3;120,48,-4
rua|doutor|benedito de barros castro|loteamento jose verissimo|37660000|27,-2255487,-4578817;31,-17,-11;37,-4,-6;41,10,12;45,-23,-25;55,-5,-4;59,-5,-13;65,-9,-6;67,-2,-1;71,-2,-3;73,-8,3;74,13,-7;75,-15,-3;85,-14,-11;100,-56,-68;103,50,58;109,-25,-18;125,-17,-27;127,-8,4;130,-31,-53;145,17,31;155,-4,-7;170,-64,-68;176,-2,-4;180,-7,-6;212,-36,-26;225,53,47;240,-82,-67;255,41,42;256,-69,-40;319,-2,10;341,-11,-5
rua|doutor|bueno de paiva|centro|37660000|15,-2254759,-4578106;27,-18,6;84,-45,-4;88,-6,-4;171,-77,10;176,6,6;178,0,-6;179,-21,1;180,7,5;181,0,-4;182,-1,-2;189,1,-1;630,-18,23
rua|doutor|celso canelas kassab|centro|37660000|14,-2254801,-4578325;19,2,-1;20,5,4;26,2,5;29,5,-4;30,1,9;35,2,-2;39,11,3;40,-15,-2;47,26,3;49,-2,1;50,-11,0;51,14,6;54,-7,1;59,14,3;65,3,-4;66,-5,8;69,1,-7;70,-4,9;80,12,2;92,9,10;102,5,6;110,3,3;114,3,6;122,8,4;126,3,5;161,27,18;163,0,6;179,8,15;180,-4,2
rua|doutor|francisco pinto de carvalho|lavapes|37660000|800,-2254635,-4577482;810,28,-10;815,-5,6;819,5,-2;823,11,-8;827,12,1;835,1,-3;843,13,4;853,7,-1;865,7,-3;887,9,-1;893,10,-5;901,17,-2;935,21,-4;941,6,0;961,12,-4;996,27,4;1019,32,-9;1035,16,2;1046,12,5;1050,6,-7;1055,4,2;1056,4,2;1057,-21,-2;1060,23,5;1074,1,3;1081,13,1;1090,5,-1;1100,10,-1;1101,-5,-6;1108,13,10;1120,14,16;1169,-11,-20;1173,5,1;1184,9,4;1193,14,-9;1194,4,12;1198,6,-3;1207,5,-7;1234,40,14;1240,38,4;1241,-29,-20;1251,13,6;1261,4,4;1271,12,2;1275,16,7;1283,23,5;1284,-16,33;1291,21,-31;1297,2,3;1304,10,6;1305,2,-3;1313,1,3;1322,5,13;1333,25,-5;1335,-11,-4;1355,11,2;1358,5,6;1365,15,-2;1371,7,0;1381,22,1;1398,5,8;1409,6,-2;1414,0,5;1430,8,3;1449,21,-8;1459,0,2;1470,13,1;1473,14,-8;1477,6,0;1486,-2,5;1491,5,-4;1492,15,21;1495,-4,-26;1497,7,-3;1498,-1,-1;1499,10,1;1508,-3,2;1509,19,-7;1512,-11,40;1517,13,-40;1518,-7,5;1522,11,8;1538,16,-13;1549,9,-8;1588,26,0;1600,16,-10;1612,8,-1
rua|doutor|geraldo ribeiro de carvalho|doutor geraldo|37660000|11,-2255240,-4578407;20,-59,10;26,7,3;45,11,-2;49,10,-10;55,10,8;75,8,-9;100,23,32;110,11,-7;140,43,9;150,-2,-15;358,100,-46;362,66,-40;368,10,2;410,25,-40
rua|doutor|joubert guimaraes|centro|37660000|26,-2255007,-4577735;33,24,-5;42,-34,12;47,5,-13;52,-8,13;60,-4,4;62,-6,-2;65,1,-13;69,-10,-2;77,-6,11;78,2,8;79,0,-12;93,-14,3;99,-4,12;100,-2,-4;144,-39,16;152,-7,-9;162,-17,3;167,3,1;169,-7,4;179,-20,-5;185,3,4;186,-1,7;200,-4,1;215,-25,4;218,11,-7;235,-26,-13;248,-5,20;252,-5,5
rua|doutor|pedro rosa|centro|37660000|16,-2255102,-4577659;26,-13,6;36,-6,-3;46,-10,7;52,-8,3;56,-8,-3;66,-12,-4;86,-9,6;90,-11,1;160,15,-2
rua|doutor|simoes de almeida|centro|37660000|9,-2255442,-4578063;11,-1,-7;15,-11,11;19,-6,-1;22,-4,-6;31,-178,-81;36,169,77;56,-22,-11;69,-11,-15;77,-2,8;78,-3,-2;80,-2,-2;94,-9,-1;95,1,5;114,-19,-20;118,-2,9;125,-7,1;126,-6,-8;146,-8,-10;147,1,1;150,-12,-5;151,7,1;153,-12,5;160,-7,-7;161,5,5;169,-13,8;174,6,-17;181,-8,6;184,-4,-10;190,-8,0;197,0,-4;198,-4,3;207,0,-2;209,-12,4;211,-4,5;215,2,-10;225,-7,-14;278,-47,-14;291,-12,-4;292,0,-5;293,-3,7;303,-13,-10;304,9,2;309,-10,0;314,4,-7;317,-13,1;326,8,1;334,-12,-10;337,-2,6;340,-4,-5;343,-6,2;348,0,-4;351,-13,-4;355,-5,-1;357,2,4;365,-2,4;366,1,-10;370,-3,-8;371,-14,12;374,7,-16;379,4,14;381,-14,-7;384,-2,-9;389,-3,4;397,-4,3;400,1,-11;403,-9,6;412,-4,-8;420,-6,-1
rua|doutor|walter de lima brandao|centro|37660000|294,-2255311,-4578102;298,0,21;304,9,-20;308,-11,-9;318,-3,-13;338,1,-15;354,0,-4
rua|duque|de caxias|centro|37660000|5,-2254913,-4578168;6,-349,2;7,437,0;8,-418,-24;12,-395,27;18,-3,2;20,-12,-4;24,814,-9;34,-7,2;37,-5,7;42,-12,-11;56,-14,-2;66,-77,15;75,66,-4;76,-80,-1;89,29,-2;90,-43,-3;100,-19,0;101,6,30;120,-13,-17;140,-74,-7;151,35,-1;177,-17,4;196,-20,-8;201,1,9;223,-19,2;225,-16,15;235,-7,-20;246,0,-4;255,-4,2;268,-21,-5;273,-3,7;280,-12,-4;286,1,5;290,48,-13;296,-58,15;300,-2,-6;304,-27,2;322,-1,-5;328,4,8;347,-19,-4;374,-25,-4;378,-18,4;390,-5,4;395,16,7;402,-24,-13;403,9,11;411,-19,10;412,17,-18;426,-19,-2;433,-15,0;437,-27,2;441,25,12;448,-14,-23;460,-4,12;464,2,2;477,-18,1;478,5,6;481,-7,5;483,-3,-18;485,-5,1;495,-5,0;509,-19,-2;519,-11,9;520,3,-5;533,-11,3;535,-6,-13;550,-7,9;551,-2,-1;560,-17,7;580,-10,-4;585,6,-1;595,-9,0;606,-17,-3;609,7,2;618,-23,-6;624,-3,2;633,-6,7;641,-5,-3;642,-6,7;646,0,-4;647,-16,21;655,1,-23;670,-6,1;684,-22,-1;689,1,2;705,-19,1;706,7,0;709,84,-3;712,-95,3;722,-5,5;725,-3,-8;730,-6,5;734,-6,-3;742,-8,1;753,-8,-2;767,-11,-2;770,-4,2;776,-5,-1;781,-8,7
rua|marechal|deodoro|centro|37660000|15,-2254692,-4578047;16,3,3;20,-1,4;29,-17,0;41,-15,-2;50,2,-2;60,-14,3;61,-16,3;72,0,-4;76,-5,3;92,-7,-1;103,-187,9;104,177,-5;106,-3,7;245,-122,-1;320,-101,12;330,-2,4;331,22,-5;332,-21,-6;340,-12,6;347,13,-2;363,-9,5;386,-25,-3;390,-5,3;401,-5,-7;402,-6,14;408,9,-9;421,-23,-6;428,-3,6;429,3,6;430,-4,-4;432,-4,2;433,0,-7;438,-8,4;448,-4,10;449,-4,-1;459,-5,-16;460,5,12;467,-17,-8;469,-1,10;479,22,-4;484,-27,6;486,-19,-10;487,6,6;501,-8,2;623,-110,2;626,-12,9;627,17,-12;631,-17,4;635,-4,-4;636,2,0;638,-11,13;640,6,-3;643,2,7;650,-18,-2;665,-7,-5;668,-14,5;669,1,-2;685,-11,-2
rua|monsenhor|dutra|alto da gloria|37660000|1,-2255821,-4578197;2,-4,-6;13,3,9;16,-9,4;19,2,0;20,3,6;27,-6,1;30,-1,2;31,0,3;38,-1,6;41,0,1;54,-14,18;65,5,10;68,-4,-3;73,-5,3;74,0,5;83,-4,11;86,4,-5;93,-10,9;95,-2,5;96,6,-5;100,-6,10;110,2,4;137,-11,30;140,4,0;152,-7,7;156,-8,4;170,2,8;174,-10,12;179,4,2;182,-5,2;189,1,10;190,-1,-3;195,-1,14;202,-5,9;208,-2,-3;211,24,12;214,-21,-5;222,-1,-2;228,-10,12;234,-1,7;244,-2,10;252,-6,3;260,11,-17;264,-12,30;270,-3,3;271,3,9;279,-1,10;280,-2,-11;284,2,9;286,-3,8;299,-6,10;302,3,-8;309,-7,24;310,-5,-20;312,0,26;314,5,-15;320,-3,9;334,-8,15;338,0,3;349,-7,9;352,3,-1;356,-8,7;362,-1,6;370,-4,7;378,-6,-2;384,-10,9;385,5,7;392,-4,6;396,-7,1;408,-12,0;416,3,13;422,-6,2;443,0,7;992,19,-31
rua|nossa senhora|aparecida|alto da gloria|37660000|15,-2255797,-4578189;20,1,-1;24,-5,13;27,-1,-6;32,2,8;37,-4,2;40,-3,1;70,-8,17;79,7,4;89,-13,17;100,0,0;106,-5,5;111,2,9;114,-5,1;121,-3,10;122,6,0;134,-3,2;135,-4,4;140,-4,9;151,-3,14;167,-1,11;168,0,-7;169,-5,12;173,-3,15;179,3,-13;181,-8,10;182,-2,-10;196,8,12;202,-14,14;212,0,-3;213,-1,4;215,2,7;217,-1,8;218,-7,-11;221,-7,16;232,0,1;233,-2,11;236,6,-8;244,-6,11;252,-6,5;257,0,10;262,0,2;289,-5,26;292,9,-5;299,1,12;302,-12,5;308,3,4;311,0,13;314,-3,-6;328,-3,10;332,-6,5;333,3,1;341,2,11;342,-4,-5;349,-3,12;356,-5,5;357,-4,13;373,-5,14;381,-2,0;384,-8,-2;403,-6,14;404,-16,-11;423,0,27;424,-1,5;440,-7,-9;447,-12,24;455,-1,4;461,-2,-2;466,-3,0;476,-6,2;486,-12,6;487,6,4;495,-4,1;500,-6,7;507,-1,1
rua|presidente|juscelino kubitschek|centro|37660000|16,-2254956,-4577891;17,-24,15;18,25,-14;33,-25,12;38,20,-5;48,-20,-2;49,3,3;51,-7,5;53,-5,-8;63,-12,-1;66,3,-11;80,-8,16;92,-18,-4;99,14,-1;144,-53,7;145,-2,13;157,-14,0;166,9,-15;176,-9,3;181,-16,13;192,-21,-12;195,9,10;199,0,-1;200,-22,-8;208,-3,-2;209,8,13;210,-7,-7;215,1,5;220,-10,-7;221,-4,12;222,5,-12;224,0,2;235,-9,7;247,-13,4;248,0,-9;254,-10,2;255,0,2;260,1,-3;266,-10,-6;267,-1,9;272,-3,-4;281,-11,6;282,1,-5;286,0,-3;293,-8,18;296,-4,-20;304,-2,6;311,-16,7;327,-6,-1;336,-11,-4;341,-3,-7;344,-4,5;351,-2,-11;352,-51,-3;360,42,15;361,-4,5;366,-9,-3;377,-8,6;384,11,-5;385,-13,7;413,-22,-2;415,-11,-9;416,-3,2;423,-2,9;430,-8,-7;435,-9,6;437,-2,-1;440,0,-7;448,-5,1;449,1,11;454,-6,-10;459,3,2;462,-9,0;470,-7,2;473,-8,6;478,-3,-9;486,-5,-5;487,0,10;493,-4,2;503,6,-7;515,-31,6;525,-3,2;531,-9,-4;534,-7,3;535,2,0;544,-8,1;551,-8,0;552,-2,0;555,4,3;564,-15,-5;565,5,6;566,-5,-9;575,-1,-2;580,-7,-5;585,-14,31;591,0,-18;594,-1,-6;597,-2,9;598,-2,-10;606,-3,-2;607,-3,5;615,0,0;631,-6,-7;639,-8,-1;651,-10,-8;657,2,-6;660,8,11;663,-8,-20;668,-2,-11;673,0,4;677,-2,-2;682,2,-4;692,-8,-8;693,14,-6;694,-9,4
rua|santa|barbara|alto dos fernandes|37660000|80,-2254490,-4576920;99,1,-3;103,3,-3;108,24,7;109,-20,-9;115,8,1;121,2,-4;122,20,13;127,-14,-12;128,16,10;134,7,-8;137,-6,1;140,14,1;141,-5,-1;145,2,4;150,2,2;151,9,-6;159,1,0;165,6,-1;171,2,7;177,13,-5
rua|santo|antonio|centro|37660000|30,-2255466,-4578349;31,-8,-1;38,-12,-11;41,2,11;71,-19,-12;72,2,-15;81,-11,19;84,2,-2;132,-24,-13;139,-10,0;140,1,-5;152,-4,-2;154,-5,-7;165,-6,6;166,-6,-22;173,2,11;190,-25,-13;191,3,26;193,6,-21;195,-1,-2;199,-8,19;203,-10,-18;204,3,-10;209,-1,2;214,-6,-4
rua|sao|benedito|vila sao luiz|37660000|1129,-2255568,-4577920;1141,-8,-5;1161,-13,-5;1171,-5,-2;1181,-15,-6;1193,-8,-3;1195,-30,-28;1200,25,27;1207,-14,-12
rua|sao|joao|alto dos fernandes|37660000|21,-2254483,-4576811;31,1,10;41,18,6;44,-18,4;50,2,3;51,13,24;70,-12,-12;74,3,6
rua|sao|joao|jardim sao jose|37660000|8,-2255484,-4578624;15,2,14;21,-4,5;22,-4,6;27,-5,7;32,-7,0;33,6,1
rua|sao|jose|centro|37660000|6,-2254894,-4578069;43,-20,24;130,-101,-13;135,30,5;148,-15,-3;149,2,-2;152,-38,-1;156,-203,25;157,194,-23;159,21,3;161,-23,-8;162,4,10;172,-12,5;175,-3,-5;178,-2,9;187,-11,-6;188,18,-7;199,-20,3;200,-12,2;209,8,-1;210,-5,5;211,8,-3;213,-9,-1;217,-10,-2;220,7,10;222,-13,4;228,-1,-9;231,-12,-4;246,-16,22;247,6,-20;248,-9,18;253,3,-8;257,-4,-11;391,-117,14;393,-9,-4;397,-3,-2;398,-2,6;400,-3,1;403,10,6;409,-15,-12;414,4,4;415,-7,4;422,-6,4;425,0,-5;430,3,-6;431,-11,3;432,11,-6;436,-19,9;437,-6,-3;438,6,0;441,-10,2;443,3,-5;444,12,1;452,-1,-13
rua|sao|pedro|jardim sao jose|37660000|15,-2255445,-4578583;16,1,2;21,1,1;22,-8,-2;28,-6,12;31,8,-3;34,-7,7;39,4,-1;46,-6,14;53,1,-1;58,-7,9;61,-2,-5
rua|vereador|miguel cristiano da silva|vila sao luiz|37660000|3,-2255626,-4577852;4,1,-3;18,-5,26;22,-4,16;34,-7,0;41,-4,5;43,1,4;44,-7,31;47,6,-24;50,1,0;53,-4,7;54,-3,12;66,-3,20;76,16,-45
rua||01|condominio vila rica|37660000|52,-2256138,-4577634;84,-60,50;100,-17,7;132,-34,24;161,34,-24
rua||03|condominio vila rica|37660000|61,-2256187,-4577675;81,12,-7;91,31,-40;121,-26,-8;123,13,-42
rua||04|condominio vila rica|37660000|52,-2256221,-4577766;78,-9,14
rua||05|condominio vila rica|37660000|58,-2256235,-4577711;90,-2,47
rua||1|recanto das palmeiras|37660000|727,-2256315,-4578225
rua||25 de janeiro|vila frei orestes|37660000|85,-2254274,-4577819;464,1,-10;512,-23,-36;513,12,23;515,4,0;526,5,31;530,2,11;535,-4,-1;540,6,2;542,-1,-1;552,4,18;730,-10,120;770,3,-2;780,6,-2;800,-18,74;830,2,15;832,-13,5;1300,40,-115;1310,20,-21;1320,-16,11;1330,4,-39;1336,-2,-11;1340,-7,-35;1350,4,16
rua||2|recanto das palmeiras|37660000|727,-2256232,-4578141
rua||3|recanto das palmeiras|37660000|727,-2256068,-4578057
rua||abel luiz de souza|distrito de costas|37660000|298,-2265982,-4591546;320,-6,4;323,38,-8;330,13,-11;340,-66,20;343,42,-9;358,-3,-2;368,-6,0;391,-23,13;408,-14,-3;409,-8,8;422,-8,-4;429,1,14;432,-15,-18;441,1,12;451,-17,3;461,-10,7;475,-7,-2;525,-44,39;5661,164,-71
rua||adelina carvalho|residencial santa fe|37660000|21,-2256119,-4577814;31,6,-9;61,5,-25;151,24,-81;182,10,-19;242,15,-50
rua||adolfo de paiva|alto da gloria|37660000|381,-2255780,-4578335;390,-8,-7;399,-7,6;405,-5,-5;409,-11,1
rua||adolfo de paiva|centro|37660000|120,-2255540,-4578327;124,-3,1;138,-7,7;148,-1,-7;154,-23,-4;160,-14,2;180,-6,0;194,-14,-1;206,-8,-1;220,-19,0;230,1,-4;234,-12,0;271,-22,-5;276,-13,7;277,1,-1;283,-9,4;286,5,-4;289,-14,-6;290,1,2;294,-4,5;295,0,0;302,-15,-25;305,0,22;312,-3,0;327,-11,3;337,-10,0;347,-6,1
rua||adolfo paiva|centro|37660000|16,-2255443,-4578319;22,1,0;34,-13,-4;50,-14,1;55,-11,2;60,1,-2;70,-10,0;79,-31,2;82,21,-7;88,-7,4;98,-15,-2;102,2,1;115,-29,0;161,-31,1;171,-8,-1;181,1,3;187,-18,1;195,-8,-4;205,-8,-2;213,-2,2;219,-7,-3;227,-8,-2;233,-3,0;243,-14,5;388,199,3
rua||alcindor de barros|residencial paraiso|37660000|36,-2254824,-4577251
rua||alcino pereira da rosa|boa vista 2|37660000|70,-2254005,-4577330
rua||alexandre marcontes da silve|residencial paraiso|37660000|10,-2255076,-4577006;18,48,8;19,-72,-14;21,0,1;30,36,9;31,-29,-6;50,49,7;61,-21,-10;70,41,12;71,-29,-13;76,39,14;80,8,1;92,16,5;100,10,3;106,14,11;110,-9,-9;121,-34,-22;131,12,8;143,6,-1;145,3,4
rua||almerinda rosa de jesus|distrito de costas|37660000|2,-2265705,-4591621;10,-7,-13;16,-10,-48;27,4,30;30,4,8;59,-24,-113;76,12,53;98,-4,-18;108,6,28
rua||amador luiz da silva|agua ferrea|37660000|5,-2255234,-4578302;23,13,-4;24,-3,6;25,-14,10;27,23,-18;29,-1,-1;33,4,-20;34,12,17;50,2,-6;54,4,6;60,7,-8;68,9,-10;69,-4,-3;74,-3,9;77,14,-19;89,1,-2;90,2,-2;98,12,1;107,-2,-3;109,7,-3;110,3,-4;111,-3,-1;115,11,-4;116,-5,5;124,4,-1;127,9,-9;142,10,1;145,0,-11;146,3,10;152,8,-2;155,-3,-10;167,9,1;168,-2,4;175,6,-11;176,5,13;181,6,-14;188,2,7;196,0,-3;197,13,-13;211,10,-1;212,11,-5;214,-10,4;219,3,-6;229,14,-6;232,3,7;243,-2,-5;252,7,-3;253,4,-6;255,5,0;262,6,0;271,3,-5;277,1,-4;278,6,10;290,17,-12;293,-15,-4;295,15,-4;304,10,2;305,1,-12;317,6,-2;322,12,12;325,-8,-10;326,4,2;331,2,-9;343,1,-10;349,11,-5;350,-4,18;356,9,-10;357,-2,-10;369,2,-7;370,6,3;376,10,-8;381,-9,-8;392,13,-14;409,-8,-15;421,15,-1;427,0,-6;431,-4,-10;435,7,2;436,6,7;439,3,-28;440,-1,5;441,3,-11;447,2,-6;449,0,23;465,6,-15;481,7,-23;500,-9,-4;501,20,-8;505,1,-18;509,1,-5;526,12,-6;538,-6,-11;550,11,0;558,6,-9;585,29,-43;614,37,-12;620,18,15;622,-2,-2;626,0,0;627,-30,-25;630,44,34;637,-37,-41;650,54,52;670,20,13
rua||amador luiz da silva|centro|37660000|760,-2254568,-4578561;770,10,-18;780,0,14;800,18,-26
rua||amor perfeito|jardim vale do sol|37660000|83,-2255961,-4577507;171,-8,47
rua||amor perfeito|vila maria amelia|37660000|40,-2255953,-4577586;50,-2,0;52,-4,14;68,0,9;78,-2,13;86,-3,14;92,0,4;104,-3,50;108,2,-46;114,-14,51;116,14,-33;126,-5,2;128,1,12;156,0,24;168,-7,7;174,-2,10;184,4,8
rua||ana simoes de almeida|centro|37660000|15,-2254911,-4577810;20,16,-5;25,-10,-4;34,19,4;38,-8,-9;39,5,11;44,0,3;51,21,-15;58,3,14;63,1,-3;71,14,4;80,-5,1;81,4,3;83,9,-2;86,-6,1;90,6,5;93,10,-7;104,7,-5;114,5,17;117,2,-15;126,15,16;135,2,-6;178,21,6;183,22,-6;186,6,24;202,15,-15;214,6,-4;221,-22,4;222,34,-2;223,-5,-10;229,12,7;233,-20,-6;238,29,16;241,5,-11;248,4,6;249,-3,1;259,7,-3;262,1,1;272,17,2;275,-5,2;285,8,-4;292,-246,-15;298,261,24;299,2,-17;301,-1,7;307,8,4;317,1,-7;325,13,-11;330,-7,20;365,34,1;367,12,-2;370,1,8;373,8,-11;378,5,5;379,-1,-3;387,-1,-6;390,6,13;394,8,-2;397,3,-2;400,7,5;405,1,-3;414,8,5;417,0,-10;425,8,-1;427,-1,2;430,8,10;432,7,-1;435,2,-6;444,-1,10;450,8,-4;451,5,-5;454,9,7;455,-10,-5;475,20,3;480,3,3
rua||anardino ribeiro de almeida|distrito de costas|37660000|22,-2265692,-4591980;34,-98,10;42,119,-17;101,-9,1
rua||andorinhas|novo horizonte|37660000|22,-2255372,-4577206;30,2,-6;35,2,-9;40,9,-13;41,-7,8;60,8,-14;61,-7,2;70,9,-6;80,4,-12;90,3,-12;100,4,-6;128,24,-58;132,-7,24;139,-5,2;140,9,-15;149,-6,4;150,10,-10;159,-5,-3;169,3,-8
rua||andre matheus|centro|37660000|8,-2255646,-4578372;26,12,-10;44,7,-9;54,11,-3;74,-8,-4
rua||anita pinto de carvalho|doutor geraldo|37660000|11,-2255224,-4578474;25,-144,-16;28,11,10;38,4,0;50,13,-5;58,1,4;70,12,0;88,14,5;98,13,0;108,30,5;118,14,2;128,14,5;138,9,-4;148,22,-4;158,15,13;168,22,-1;178,4,-1;188,27,6;198,0,-1;208,8,4;218,12,4;228,5,0;675,-203,-29
rua||antonia maria ferreira|porto belo|37660000|5,-2253899,-4577162;28,-267,20;38,9,-1;78,30,-2;138,37,4;159,19,-9;199,26,-3;228,17,3;278,38,4
rua||antonio benedito lopes ribeiro|residencial paraiso|37660000|21,-2255026,-4577186;31,6,13;51,5,20;61,7,8;71,0,11;81,3,8;91,6,8;99,-1,11;101,0,-1;111,8,5;125,2,3;131,9,19;147,15,49;151,-5,28;161,-1,-50;165,-2,1;171,6,7;174,25,160;175,-25,-156;184,43,171;195,-36,-148;205,-2,-8;215,-15,-33;219,23,49;231,14,37;249,6,20;259,4,8;265,-10,-24;269,9,29;289,8,17;299,5,7;319,6,21;323,3,9;327,4,4;328,15,55;336,32,84;346,1,10;363,-35,-112;366,44,126;386,7,20;429,-37,-116;435,6,8;455,8,28;460,39,122;465,-31,-109;466,37,124;470,4,2;475,-40,-123;480,43,130;481,-36,-100;485,-8,-26;511,22,60;516,3,8;531,2,1;540,-12,-26;561,25,58;563,-2,1;573,4,10;581,7,8;585,1,3;600,-64,-137;651,22,25;653,-1,6;655,-1,-5
rua||antonio bernardes de faria|boa vista 2|37660000|2,-2254004,-4577264;11,-3,2
rua||antonio felix teixeira|loteamento jose verissimo|37660000|3,-2255895,-4578977;26,5,-19;44,-9,-26;61,-1,-14;75,-5,-17
rua||antonio goulart|centro|37660000|4,-2255298,-4577723;15,-13,-9;16,0,3;22,-5,7;29,-3,-11;30,-5,5;33,6,-4;39,-7,4;42,-9,9;52,-8,1;53,0,-11;63,-45,-4;70,28,10;82,-11,1;85,-122,0;88,119,-2;93,5,-2;100,-15,1;125,-26,-1;126,9,0;130,-15,4;136,-6,17;159,-11,-25;190,-42,10;200,-6,-2;215,38,4;223,-7,5;225,-1,2;229,-6,-12;230,-43,-3;235,35,3;236,-59,-3;239,57,5;240,-66,-5;243,59,4;245,-9,8;281,-33,-12;321,-13,5;327,-10,-7;330,1,6;331,-1,2;335,-9,-2;338,-2,-6;341,-4,2;345,-9,6;350,-9,-5
rua||antonio inacio dos santos|residencial paraiso|37660000|6,-2254681,-4576726;10,1,6;11,-4,-10;15,3,0;20,8,3;31,4,-6;340,13,-5;342,-14,3
rua||antonio lopes teixeira|boa vista 2|37660000|50,-2254146,-4577422;60,2,-11;93,-2,55;104,-5,5;105,4,4;109,0,2;115,-6,-1;116,3,13;125,0,5;127,0,4;129,0,4;134,-8,0;135,7,10;137,0,2;140,-6,-4;141,0,6;142,0,-1;146,-2,7;151,15,6;157,-9,-7;1336,9,-120
rua||antonio lopes teixeira|lavapes|37660000|29,-2254138,-4577446;55,-4,28;59,-4,10;65,0,14;1358,7,-43
rua||antonio mota da silva|distrito de costas|37660000|2,-2265790,-4591822;14,3,19;38,4,26
rua||antonio pereira lopes|novo horizonte|37660000|9,-2255510,-4577355;29,14,1;112,-22,0
rua||antonio pinto ribeiro|distrito de costas|37660000|123,-2266003,-4591926;131,79,-29;140,-41,9;145,18,2;153,-85,26
rua||antonio pinto ribeiro|distrito dos costa|37660000|191,-2266016,-4591915;221,-38,19
rua||armando soares braga|jardim sao jose|37660000|50,-2255485,-4578710
rua||armando soares braga|loteamento jose verissimo|37660000|21,-2255439,-4578657;35,-14,-10;51,-7,-6;77,-32,-23;103,-4,-2;105,1,-1;107,-10,-6
rua||avenal justino ribeiro|residencial oliveiro jose de carvalho|37660000|14,-2255249,-4578851;15,19,2;24,-20,7;30,3,10;40,-2,3;50,1,13;60,4,9;70,4,7;80,2,9;83,5,-73;105,10,93;110,-3,11;115,6,-5;120,-6,7;125,7,1;130,4,14;135,-1,-8;150,-2,32;155,9,-12;160,-9,10;165,10,-4;170,-3,17;175,10,-2;180,-2,11;185,2,-5;190,-3,12;195,6,-6;200,-6,12;205,8,-3
rua||bambuira|centro|37660000|19,-2255430,-4578392;20,-7,4;23,-4,-9;24,-11,7;27,2,-6;28,-5,1;39,-2,-4;41,-8,-8;48,0,7;53,-21,13;55,-2,-22;57,15,-1;58,-2,4;59,-1,-7;60,-20,15;61,-4,-1;62,25,-5;63,-6,-17;67,-14,19;68,-4,11;71,18,-9;74,-27,16;77,13,-26;79,10,-12;81,7,-5;85,-24,30;91,-3,4;97,-4,5;99,37,-47
rua||barnabe rezende de souza|distrito de costas|37660000|32,-2265986,-4592242;40,3,-4;44,5,-6;58,6,-12
rua||beija flor|novo horizonte|37660000|4,-2255422,-4577245;18,-1,19;21,-5,-7;22,9,3;32,0,-10;42,9,-7;51,-3,-10;52,5,-9;61,-5,-1;65,0,-1;79,6,-11;121,17,-46;140,21,-23;141,-7,-4;148,5,2;150,10,-12;160,-3,-2;161,-7,-5;181,10,-17;201,22,-43;220,1,10;221,-6,-1;238,15,-19;241,-9,-7;251,5,-1;252,9,-4;261,-24,0;262,26,-5;264,-1,-8;300,21,-16
rua||bela vista|distrito de costas|37660000|61,-2265845,-4591766;77,-22,8;93,-11,2;118,-16,7;125,-4,-4;126,-5,11;137,-7,-11;147,-24,3;150,11,9;157,-16,-4;162,2,9;167,-15,-8;177,-12,3;186,6,10;225,-19,-5;245,-20,3;250,1,10;258,-66,-22;271,49,16;290,-39,15;370,-46,13;377,12,-2;380,-28,8;428,-59,43
rua||bem te vi|novo horizonte|37660000|12,-2255352,-4577490;30,9,4
rua||benedito da mota silveira|alto da gloria|37660000|5,-2256011,-4577935;9,17,-3;30,-29,0;40,-4,8;50,-12,-7;60,0,-6
rua||benedito pereira goulart|lavapes|37660000|30,-2254085,-4577434;31,5,-2;40,-5,16;41,1,-9;50,-3,17;51,2,3
rua||benedito simoes de almeida|centro|37660000|6,-2254911,-4577705;29,21,-12;37,4,1;49,7,-2;50,4,4;57,14,4;68,4,1;71,6,-5;77,1,1;82,-8,10;85,18,-15;94,5,13;99,12,-5;111,2,-2;117,10,-8;124,7,15;127,3,-5;135,7,6;146,-1,3
rua||benedito valadares|centro|37660000|1,-2254810,-4578195;3,-30,-16;5,16,6;9,-21,-6;13,-11,0;19,-37,-32;64,-32,-12;84,-15,-10;94,-12,5;104,-14,-3;112,-4,1;119,-12,16;122,-9,-6;128,-15,5;132,6,-3;149,8,3
rua||benjamim simoes de almeida|centro|37660000|33,-2254615,-4577819;34,-3,-8;48,-3,18;51,6,-2;53,1,3;80,-8,35;90,1,-3;97,2,16;98,-14,-11;100,3,11;108,-1,-8;110,5,20;111,9,11;130,-12,16;140,1,10;150,5,4;325,5,-109
rua||bento pereira goulart|vila sao luiz|37660000|17,-2255740,-4577803;22,4,0;27,-1,-4;32,-1,-7;37,0,-4;38,3,1;44,8,-13;45,-5,5;47,14,-6;52,-8,-5;60,5,-12;66,6,-5;72,-4,-3;77,3,0;80,10,-22;81,-4,16;85,3,-5;112,13,-29;115,-7,7;125,8,-19;134,-5,-10;141,13,-12;149,3,-11;175,16,-43;300,-7,16;310,1,-7;320,0,9;335,-4,15;1239,10,-24
rua||braizina rezende ribeiro|distrito de costas|37660000|70,-2265700,-4591945;90,-9,37;211,25,-74
rua||bruno martinele dellosso|centro|37660000|35,-2254648,-4578488;119,46,27;121,12,-16;155,-110,-38;165,10,3;175,8,10;185,4,1;215,20,3;225,12,10;235,10,9;385,52,27
rua||bueno de paiva|centro|37660000|6,-2255150,-4578084;18,203,-7;26,-9,0;36,-52,5;38,-169,4;76,-24,0;78,-14,4;94,-3,11;98,2,1;250,240,-24;260,-4,-2;264,-11,2;276,-6,2;286,-12,-4;310,-26,1;314,-18,6;318,14,-5;324,-9,-18;332,-2,14;337,-8,10;354,-10,-7;355,-8,17;367,-8,-10;383,-20,4;388,21,-5;389,-25,7;392,7,-11;396,0,8;408,-29,-1;409,5,-4;426,-11,8;427,2,-8;428,-6,6;540,-104,-5;553,5,11;559,-13,-2;562,-17,-27;567,-9,20;569,9,-2;573,-9,1;575,-3,6;578,1,1;591,3,0;592,-8,6;594,-9,0;596,-11,1;597,17,-11;598,-19,11;600,15,-1;601,-19,-6;603,12,5
rua||caete|jardim eldorado|37660000|8,-2254560,-4576965;60,18,85;66,7,-7;68,-9,-9;70,-3,2;78,2,-2;84,1,-6;92,-5,-10;102,2,-5;106,-3,-6;112,1,-11;116,-12,-7
rua||canario|novo horizonte|37660000|21,-2255304,-4577340;53,16,0;91,9,-11;116,-60,-50;120,0,10;140,10,28;142,-5,-3;164,16,16;180,4,2;190,17,4
rua||carolina ferreira|centro|37660000|12,-2254724,-4578614;21,-11,27;22,15,-18;23,-11,13;32,2,-8;42,-4,10;50,-3,2;53,-7,16;60,1,2;61,0,6;69,-6,-4
rua||carolina rodrigues soares|vila frei orestes|37660000|70,-2254332,-4577728;80,4,3;90,8,-3;330,35,-20;376,-10,0;560,20,-12;570,-5,4;572,-2,4;575,-7,1;578,-32,18;580,-17,7;585,1,3;600,7,-5;637,34,-16;638,3,-4;645,-5,5;650,30,-15
rua||ceara|doutor geraldo|37660000|10,-2255339,-4578429;20,-3,-7;30,-14,0;40,-1,0;46,-11,0
rua||celso de almeida|residencial santa fe|37660000|17,-2256231,-4577981;60,-22,41;61,9,-4;70,-7,9;80,-5,13;81,7,-4;90,-3,10;120,-17,36;121,8,-15;130,-11,11;131,12,1
rua||christovam chiaradia|alto da gloria|37660000|5,-2255817,-4578232;30,5,-21;35,12,-24;40,2,3;44,2,0;47,-3,-8;51,5,-14;56,8,7;65,1,-21;70,8,8;102,13,-27;118,8,-27;120,4,-2;123,1,-10;125,1,6;134,12,-13;136,2,-4;141,-3,-6;143,6,10;146,0,-11;161,-2,-9;163,7,-12;164,4,7;172,2,-2;183,0,-11;192,3,7;193,-3,-12
rua||cincinato caetano da silva|vila sao luiz|37660000|21,-2255680,-4577820;27,-2,6;34,6,2;37,-4,1;43,-8,6;44,10,-8;52,-7,20;54,-6,0;55,1,-3;67,-10,15;72,5,-6;77,-3,13
rua||claudina ferreira dellosso|centro|37660000|5,-2254596,-4578526;7,-13,38;9,2,5;10,3,-21;15,8,-24;17,-123,-16;20,117,22;22,-109,-28;30,5,-6;45,4,4;47,-1,-12;60,38,23;93,13,7;100,31,10;125,-2,-11;161,-23,0
rua||congonhas|jardim aeroporto|37660000|20,-2255618,-4577448;210,51,-5;211,-20,-11;220,25,15;230,-24,-11;280,-12,-5;290,-15,6;295,-91,-24;325,32,1;330,6,9;334,-4,-3;335,3,-5;338,-11,1;346,24,6;362,-51,-9;370,-1,4;393,105,9;403,-106,-18;409,107,20
rua||congonhas|novo horizonte|37660000|12,-2255428,-4577398;26,-4,-16;65,-26,-16
rua||cumbica|jardim aeroporto|37660000|10,-2255669,-4577603;20,15,1;26,6,0;36,20,1;46,4,4
rua||curio|recanto dos passaros|37660000|41,-2254821,-4578870;44,-12,-20;120,-45,-58;140,-11,-6;220,-51,-62;222,8,4;230,-5,-7;240,-13,-5
rua||da gloria|alto da gloria|37660000|22,-2255867,-4578205;27,6,0;30,-7,8;36,-4,14;37,7,-9;43,-6,6;47,1,-7;51,-4,24;56,-4,-1;64,-3,9;65,-2,7;74,-1,-3;78,-2,9;79,1,0;80,-3,1;87,2,7;93,-4,7;98,-5,0;99,4,9;130,-18,22;138,0,4;141,1,9;146,-8,0;152,-1,9;162,-3,12;172,-1,4;173,7,8;175,-7,2;186,-7,2;191,4,4;195,0,0;196,-7,5;205,5,11;217,-1,5;218,-12,2;226,1,4;227,4,5;230,-7,8;231,5,-2;241,-3,8;245,-3,7;247,0,3;248,-3,-4;253,1,11;254,-8,-5;256,4,2;259,0,8;264,-5,0;267,-2,10;270,3,-7;271,6,-14;277,-8,26;278,-7,1;279,5,0;284,-5,-1;294,0,8;295,2,10;299,-8,5;304,-2,-3;307,1,10;310,-16,2;311,17,-5;326,-19,15;336,4,13;339,4,-9;341,-3,3;343,-5,8;349,-3,1;354,0,3;357,-1,7;360,-5,1;365,5,2;367,-5,3;369,4,7;376,-11,2;381,0,13;384,-5,1;393,10,20;394,-8,-18;402,1,12;422,-8,18;423,4,-12;440,-4,27;450,0,11;460,5,13;470,-4,7;480,1,5;496,2,9;505,-1,-29
rua||das acassias|boa vista 1|37660000|200,-2254376,-4577249;300,32,6
rua||das acassias|boa vista 2|37660000|20,-2254214,-4577178;30,0,-4;40,-2,-5;44,-3,0;70,-33,-10;80,-3,-4;90,-4,-2;110,-24,-9;140,-18,-8;150,-12,-7;160,-13,-4;170,-1,0;182,-64,-20
rua||das dalias|jardim vale do sol|37660000|8,-2255750,-4577785;15,-6,16;18,-1,6;23,-5,6;31,-2,9
rua||das goiabeiras|goiabal|37660000|10,-2254501,-4576380;29,-14,14;35,-2,-6;36,-4,2;41,-6,7;42,5,-3;46,-5,6;56,-17,4;64,-1,4;65,1,-3;68,-39,17;70,41,-18;76,-17,6;77,4,-2;78,-16,12;82,-1,-2;86,-3,5;90,-14,4;117,2,-1
rua||das hortencias|jardim vale do sol|37660000|15,-2255866,-4577747;23,4,1;35,8,5
rua||das paineiras|boa vista 2|37660000|10,-2254186,-4577222;20,-17,-8;21,10,10;31,-3,-2;40,-15,-11;41,-1,4;50,-11,-11;51,5,6;61,-6,4;70,-14,-14;71,4,8;81,-10,-6;91,-11,-7;101,-6,0;110,-6,-9;111,2,6;121,-14,-6;130,-10,-7;131,1,7;140,-6,-10;141,-2,4;150,-8,-12;151,10,8;160,-23,-7;161,9,5;170,-14,-12;175,2,7
rua||das rosas|jardim vale do sol|37660000|30,-2256022,-4577687;31,11,6;40,1,7;41,3,0;50,8,6;51,-10,-6;60,10,10;70,6,2;74,-2,-11;75,1,5;100,8,13
rua||das tulipas|jardim vale do sol|37660000|28,-2255845,-4577793;38,-9,0;46,-3,7;48,-3,7;51,-2,1;65,-6,5;72,-4,2;78,-5,13;83,-13,12;88,3,-21;92,-24,29;93,15,-6;94,4,-8;96,-2,6;102,-18,23;103,2,-8;112,-17,7;115,1,8;120,-10,7;126,10,-1;129,-3,-3;130,-11,11;133,0,7;142,-8,-5;152,-1,8;155,0,8;160,-2,4;162,-2,-5;164,-10,3;192,-2,16
rua||das violetas|jardim aeroporto|37660000|131,-2255739,-4577517
rua||das violetas|jardim vale do sol|37660000|55,-2255706,-4577601;63,3,-21;65,-6,21;71,-5,8;100,39,-129;105,3,-16;109,0,22;117,-4,-10;125,0,10;128,-2,3;137,-2,6;139,-10,9;140,8,-3;141,-5,5;147,-4,4;150,-1,15;153,3,-7;173,-10,26;215,8,-12;218,-6,-3;220,5,3
rua||diamantina|alto dos fernandes|37660000|9,-2254466,-4576783;20,12,-5;21,-8,-2;25,2,-2;26,10,4;30,6,-2;39,-6,-8;40,16,-1;46,4,-1;47,-7,1;50,12,-6;51,-5,1;60,13,-6;61,-12,3;71,9,1;74,8,-5;75,-6,1;80,22,-2;81,-14,-1;91,10,-1;100,13,-7;101,-3,-1;110,9,0;111,0,-3;114,9,0;120,5,-4;130,12,-4;131,-3,-3;141,6,-1;161,26,-5;165,-1,-4;171,2,-2;175,6,-5;181,4,0;193,5,-3;211,25,-12;217,2,-2;230,-17,21
rua||dinah carvalho barros|residencial paraiso|37660000|5,-2254811,-4576894;11,5,-6;27,18,-6;31,0,0;35,18,-8;41,-15,3;51,13,-6;71,32,-10;75,-65,30
rua||dorvalina maria de jesus|distrito de costas|37660000|22,-2265970,-4591524;32,8,13;45,2,69;46,-3,-52;71,12,19;73,-1,6;78,-8,-8;100,4,13;353,0,-30;365,-14,-47;369,9,22
rua||dos anturios|jardim vale do sol|37660000|138,-2255787,-4577784;229,5,-14;409,-13,33
rua||dos cravos|jardim vale do sol|37660000|109,-2255710,-4577751;110,9,0;118,-8,4;121,-6,11;125,1,12;133,1,2;138,-8,-9;149,1,19
rua||dos girassois|jardim vale do sol|37660000|20,-2255864,-4577720
rua||dos ipes|boa vista 1|37660000|80,-2254292,-4577450;130,-3,-14
rua||dos ipes|boa vista 2|37660000|20,-2254290,-4577481;22,-1,12;25,-1,8;137,-9,53;140,-1,-5;177,-14,62;187,1,2;197,-3,7;217,-5,30;237,2,16;240,-6,-10;250,-1,9;260,-4,11;262,2,-5;278,-6,19;284,-2,8;290,-1,5;1230,47,-240
rua||dos lirios|boa vista 1|37660000|15,-2254544,-4577356;23,2,5;31,1,9;39,2,6
rua||dos salgueiros|boa vista 1|37660000|203,-2254343,-4577324;209,-3,3;215,-3,-1;219,-9,-6;225,-5,-2;231,-6,5;237,-6,-1;245,-3,0;261,-27,-3;293,-23,3;297,-7,4;305,5,-8;311,-18,7;327,-18,4;337,-5,2;343,-2,-2;371,-23,4;381,-9,-1
rua||dos salgueiros|boa vista 2|37660000|10,-2254178,-4577260;20,-6,-13;21,6,6;31,-15,-7;41,-10,-2;42,2,-8;50,-6,0;51,-2,7;60,-7,-12;61,-3,7;70,-8,-6;97,-15,-5;101,-7,-7;110,-11,-2;111,2,2;121,-5,-4;130,-16,-11;131,8,9;140,-11,-10;141,-3,7;151,-9,-8;160,-8,-6;161,4,3;272,-110,-13;288,-16,0;292,-4,-1;310,-12,7;336,-24,4
rua||emilia soane gomes|centro|37660000|41,-2254557,-4578084;72,23,-31;81,-2,-12;87,9,-7;91,-2,-3
rua||expedito valentim silva|vila frei orestes|37660000|43,-2254452,-4577665;53,-1,15;210,3,16;220,-2,-11;232,4,4;290,-14,-54;300,2,2;308,-1,5;310,5,9;312,0,-4;320,5,1;322,-5,-12;704,-2,18;706,1,18;710,6,-4;715,-1,2;1050,5,31;1060,0,5;1070,1,-12
rua||felizinda silva pereira|centro|37660000|11,-2254551,-4578108;12,-1,-8;16,-11,-6;21,7,0;26,-9,-11;31,-1,13;40,-29,-16;47,40,18;51,-27,-8
rua||fernando soane gomes|centro|37660000|1,-2254742,-4578149;8,-4,-22;10,-7,1;38,-23,-20;72,-10,-18;98,-17,-21;179,-37,-43;180,9,-4;196,-25,-27;212,-11,-17;225,-12,0;235,-16,-10;240,58,81;242,-34,-80;244,-8,1;250,-2,-13;260,-12,-7;261,-14,-5;263,5,11;271,-8,-13;280,-1,-10;283,-11,-8;286,6,4;298,-24,-19;303,7,11;314,4,-15;326,-15,-10;336,2,1;340,-7,-8;344,-6,-22
rua||flamboyant|boa vista 1|37660000|130,-2254393,-4577310;149,6,26;159,0,6
rua||flauzina honoria pereira|porto belo|37660000|64,-2253866,-4577222;104,9,-28;154,11,-36
rua||floriano de carvalho vasconcelos|loteamento jose verissimo|37660000|25,-2255709,-4579075;26,-5,-5;50,-11,13;51,11,-5;132,-58,90;155,-11,30;158,-2,-20;190,-18,38;207,12,2;208,-16,6
rua||francisco carvalho|residencial paraiso|37660000|10,-2255167,-4577182;20,7,-6;30,14,2;40,5,-3;50,13,-1;60,7,-5;70,9,6;100,34,-9;120,13,-6;124,4,3;130,5,-4;136,7,0
rua||francisco de paula silva|centro|37660000|11,-2254974,-4578287;21,32,-2;49,5,-2;53,20,-7;57,7,5;63,-6,16;73,14,2;81,12,5;93,9,2;101,8,9;103,-4,-5;113,12,3;123,15,6;133,10,6;143,6,8
rua||francisco pereira de souza|vila maria amelia|37660000|3,-2256032,-4577469;6,-5,-17;11,5,12;15,2,-6;16,-4,-6;19,2,4;25,2,-4;28,-1,-9;35,10,3;36,-9,-11;41,10,3;45,2,-3;47,0,-3;50,-7,-5;51,17,-2;60,-12,-12;61,9,9;67,1,-6;68,-8,-5;75,9,-2;83,5,-11;90,-10,-5;98,9,-12;100,12,-32;103,-2,30;105,2,-1;106,-10,-4;112,-11,28;113,22,-30;118,-8,-6;119,14,-1;124,-11,-13;133,17,1;135,-4,-4;144,-8,-11;148,6,-4;180,6,-16
rua||francisco sobrinho|centro|37660000|74,-2254502,-4578045;75,16,-5;110,30,14;221,126,14;231,10,3
rua||francisco tertuliano ribeiro neto|centro|37660000|85,-2255500,-4577712;95,-3,5;99,-5,9
rua||gaivotas|centro|37660000|19,-2255240,-4577684;301,-120,161;429,41,-85;439,2,1;467,18,-29;469,11,-11
rua||gaivotas|novo horizonte|37660000|20,-2255474,-4577252;30,6,-11;50,9,-17;60,2,-10;100,20,-43;106,3,-10;110,4,-9;140,14,-30;150,8,-16;151,-20,34;155,7,-18;160,14,-16;163,-15,6;170,20,-17;180,5,-9;200,2,-19;210,8,-13;222,1,0;230,-1,-3;240,9,-25;241,-3,4;243,4,-5
rua||gaivota|centro|37660000|2,-2255224,-4577692;428,-85,93;440,2,-15;444,6,-3;454,2,-8;490,21,-17;500,11,-12
rua||galeao|centro|37660000|310,-2255575,-4577694;311,-5,2;317,1,-8;320,5,-2;340,-4,-3;355,1,2
rua||galeao|jardim aeroporto|37660000|140,-2255592,-4577610;190,-10,60;210,-3,-21;220,18,-12;226,-11,-5;232,1,-10;252,7,-16;258,1,-14;262,1,-5
rua||genova|residencial terras de italia|37660000|31,-2254594,-4578942;76,-12,-34
rua||geraldo ferreira de souza|boa vista 2|37660000|36,-2254092,-4577336;42,1,1
rua||geraldo machado carvalho|residencial paraiso|37660000|6,-2254692,-4576713;33,-69,-171;37,1,10;40,-1,-2;43,9,6;50,-5,1;53,7,7;60,-8,-4;62,4,5;63,4,6;64,-6,0;70,3,3;99,19,31;100,-13,-12;103,13,17;104,-10,1;109,9,0;110,-7,0;117,6,4;120,-4,0;123,13,6;127,1,3;130,-4,6;133,4,0;140,-7,-8;147,18,29;150,-29,-15;157,31,24;160,-13,-14;161,17,19;169,2,8;170,-17,-18;172,5,6;173,10,13;177,2,0;179,4,10;181,-2,-1;183,2,-5;185,-1,10;194,-12,-12;200,4,1;204,13,33;214,-15,-18;218,12,14;220,0,-1;238,8,13
rua||geraldo ribeiro mendes|residencial paraiso|37660000|9,-2255098,-4576935;15,18,-6;41,4,5;51,9,-2;57,6,2;61,8,0;71,23,1;97,21,5;139,20,5
rua||geraldo vitorino|residencial santa fe|37660000|21,-2256217,-4577870;30,11,0;41,5,-13;51,-5,-15;70,11,-11;100,5,-24;120,5,-22;121,-2,-4;130,2,-3
rua||glycia pereira|porto belo|37660000|32,-2253925,-4577190
rua||goias|doutor geraldo|37660000|11,-2255161,-4578413;21,3,-14;31,-1,-7;41,0,-10
rua||guarani|jardim eldorado|37660000|28,-2254550,-4577005;36,1,-4;58,5,-12;62,0,-8;68,5,-9;73,-15,26;76,15,-33;81,-3,21;82,7,-31;89,-14,23;90,16,-25;98,3,-16;103,-15,30;132,156,-39;147,-100,-15;155,206,15;197,-187,-15;221,16,3;229,11,4;237,5,-4;245,6,-1;269,24,2;277,1,-1;299,16,4;307,13,4;315,-22,-8;323,-29,1;331,71,6;347,5,-5;363,22,4;371,5,-1;387,13,-1;395,7,3;403,12,2;411,4,-1;427,12,1
rua||imola|residencial terras de italia|37660000|22,-2254556,-4578924
rua||izidoro monteiro|novo horizonte|37660000|61,-2255425,-4577542;67,-9,2;77,-8,1;83,-3,0
rua||jacaranda mimoso|boa vista 2|37660000|10,-2254162,-4577299;11,6,7;20,-6,7;21,0,9;25,2,4;31,3,3;41,-9,8;58,-5,14;60,-2,9;61,4,0;66,0,7;71,-1,5;81,-1,9;91,-4,8;101,1,4;107,-1,9;111,-1,9;121,-3,4;141,-7,18
rua||jessia de carvalho|ribeirao vermelho|37660000|1,-2257698,-4577365;3,-14,15;12,-67,15;23,-94,42;26,-81,21;28,-77,50;32,37,-13;35,32,-25;37,-26,12;40,-51,33;41,40,-19;42,-45,31;43,28,-17;44,-33,18;45,11,-8;46,-19,17;48,-28,23;49,1,5;50,80,-69;51,-84,73;53,-4,13;180,370,-200
rua||joao cortes dos santos|residencial paraiso|37660000|10,-2255132,-4576833;11,47,80;32,-47,-77;40,4,5;50,6,10;58,5,20;62,4,3;88,-7,-19;96,20,53;101,12,-10;108,-3,13;112,0,7;114,5,10;136,6,17;149,12,3;163,2,13;171,3,6;177,5,5;186,0,19;198,2,2;201,1,-7;211,1,4;221,7,14
rua||joao galdino de goes|distrito de costas|37660000|10,-2265778,-4591700;55,0,0;70,-8,-54;101,4,40;102,11,-8;182,18,70;185,-15,5;192,20,17;195,-20,-2
rua||joao lopes de paiva|loteamento jose verissimo|37660000|16,-2255880,-4578975;47,35,5;69,0,2;87,-8,7
rua||joao soares da silva|vila frei orestes|37660000|20,-2254261,-4577726;35,-22,11;51,-124,37;65,72,-25;101,-16,4;107,1,12;145,-34,5;151,-3,-4;155,120,-33;160,-21,1;172,-114,34;320,-40,5;321,8,1;655,154,-40;660,-34,7;665,-3,11;668,-8,-1;676,-11,0;683,-17,6;685,-14,0;695,-41,9;700,-10,7;704,0,-1;720,20,-7;730,6,0;740,-43,12;750,5,-1;753,14,0;760,8,-2;765,6,-4;770,9,2;780,6,-5;800,18,-1;810,7,-3;826,22,-4;830,1,-4;840,9,1;850,10,-7;860,7,-6
rua||joaquim costa|distrito de costas|37660000|255,-2266075,-4591857
rua||joaquim de paula nogueira|residencial oliveiro jose de carvalho|37660000|10,-2255231,-4578824;11,-3,-16;21,13,5;28,-9,9;30,1,-2;40,18,0;50,2,-2;60,11,-6;70,8,-2;80,7,-1
rua||joaquim goncalves dias|loteamento jose verissimo|37660000|20,-2255594,-4578806;30,-4,6;31,5,-3;40,-13,5;41,8,7;50,-13,6;51,11,-2;60,-14,9
rua||joaquim pedro da rosa|vila sao luiz|37660000|13,-2255786,-4577934;14,18,-46;16,17,-38;25,3,0;28,-7,13;30,0,-2;31,-2,-4;33,-42,119;34,9,-24;41,-9,31;44,-1,-1;50,-25,45;53,17,-30;54,20,-50;55,22,-59;60,-52,128;62,8,-24;63,4,15;67,35,-104;74,-44,107;79,38,-100;83,-38,114;91,31,-100;95,-27,88;97,-4,12;99,29,-100;101,-35,114;119,29,-88;121,3,5;132,-7,15;144,0,-5;147,-2,0
rua||joaquim pereira de toledo|novo horizonte|37660000|30,-2255472,-4577386;32,-14,-8;36,21,11;42,1,2;62,11,3
rua||joaquim pereira lima|dr geraldo|37660000|10,-2255026,-4578690;11,68,115;15,-8,-15;20,-13,-17;22,12,5;25,-5,11;33,-16,-2;40,2,-12;41,-3,6;50,-6,-5;51,-10,-1;60,5,-1;61,-10,1;65,-5,2;70,5,-6;71,-15,4;72,14,-5;74,-12,-2;76,-3,4;80,-7,-2;81,3,11;90,-3,-10;91,-9,7;97,-6,-4;101,-6,-2;110,-5,-2;111,-19,7;120,13,-4;121,-20,10;126,-1,-13;130,4,3;131,-10,8;141,-5,3;142,4,-11;146,-3,1;147,-19,8;148,-179,-12;151,185,16;161,-10,3;171,-7,-2;181,-6,12;191,-15,-7;201,-11,-1;230,-22,-7;302,-89,-7
rua||josaphat de pinho ribeiro de toledo|novo horizonte|37660000|62,-2255540,-4577314;72,12,-6;114,12,-49;122,5,-11
rua||jose albano de siqueira|boa vista 2|37660000|33,-2254059,-4577370;70,0,-8;93,-4,88;94,-3,4
rua||jose benedito pereira|centro|37660000|20,-2254587,-4578151;31,-1,0;33,-5,-7;36,20,0;37,-10,4;40,10,-17;41,-6,7;61,8,-8
rua||jose caetano da costa|residencial paraiso|37660000|21,-2254895,-4577445;26,6,2;30,20,5;52,3,14;84,11,20;86,3,6
rua||jose carlos da silveira|centro|37660000|10,-2255502,-4577666;16,8,17;22,7,15
rua||jose custodio coimbra|residencial paraiso|37660000|10,-2255055,-4577359;16,12,-3;20,12,1;21,18,-2;25,5,3;28,-21,-3;32,5,4;38,7,3;48,16,-2;57,3,-7;60,-1,13;61,4,-11;62,-2,11;68,3,0;72,9,0;76,3,4;77,3,-8;93,41,12;105,3,-9;109,-10,1;115,24,14;131,19,5;132,-17,1;137,20,4;140,-11,5;144,-8,-5;145,14,0;146,-8,28;155,22,-16;160,60,125;161,-54,-123;165,7,6;190,3,19;192,3,0;195,17,10;205,-1,1;207,-1,7;208,5,5;209,-15,-33;212,13,43;219,-9,-38;228,-2,7;230,22,48;238,-15,-28;253,13,9;258,-8,8;263,15,0;274,-4,20;280,3,2;292,5,10;298,-6,7;302,5,3;312,5,6;320,15,58;322,-11,-45;332,0,7;338,0,5;344,2,0;352,5,14;362,5,14;376,4,13;378,-1,10
rua||jose dino dias|centro|37660000|31,-2255061,-4577776;41,8,-9;85,12,-11;87,3,-13;96,6,22;98,6,-8;106,-8,-13
rua||jose geraldo ribeiro|centro|37660000|10,-2254385,-4578042;41,1,-14;47,0,-5
rua||jose hugo dias da rosa|centro|37660000|24,-2254716,-4578225;57,20,-37;61,4,-1;66,8,-1;71,-15,2;77,12,-6;78,4,-4;83,3,-6;91,-12,17
rua||jose lazaro carvalho sobrinho|residencial paraiso|37660000|16,-2255151,-4577056;17,-63,-10;20,84,70;21,-6,124;25,41,-108;27,-106,-80;30,95,135;33,-84,-129;40,80,-16;50,28,139;60,16,-1;64,-38,-140;66,3,-6;70,24,74;74,-13,-70;85,-66,12;87,32,160;90,83,-24;91,-83,29;92,91,-32;95,-113,-137;102,121,140;110,-50,-156;115,-40,5;120,54,52;124,34,-47;125,-76,-6;126,111,164;130,-88,-161;138,50,81;142,-28,-82;143,-33,-5;145,1,1;146,38,6;152,4,4;164,50,-4;165,-71,-11;170,28,8;176,2,0;180,7,5;197,-7,-10;198,28,8;200,-138,10;202,146,0;215,-132,-4;227,111,-10;234,-142,20;244,-9,5
rua||jose leandro de souza|centro|37660000|20,-2254445,-4578053;21,-10,-1;30,21,-20;31,-22,24;40,20,-21;51,7,-5;61,1,-22;71,-1,3
rua||jose lopes palma|residencial paraiso|37660000|20,-2254798,-4577089;26,-3,0;30,-11,24;40,17,-8;80,47,100;111,93,189;126,-91,-176;128,2,3;131,94,186;140,-90,-183;162,19,32;170,-2,6;171,68,160;174,-63,-151;186,5,4;200,0,4;204,5,11;210,-1,2;211,24,34;214,-20,-24;221,28,35;222,-27,-27;231,29,40;232,-25,-38;234,11,32;238,-2,-21;241,17,33;251,3,8;261,2,5;262,-20,-37;271,23,43;272,-19,-22;281,21,23;290,-8,-7;291,12,15;298,-8,5;301,9,5;302,-4,0;306,11,24;312,-6,-21;321,3,1;341,4,7;351,-3,9;440,2,-12
rua||jose lourenco de almeida|distrito de costas|37660000|20,-2265783,-4591861;40,13,15;70,26,6;116,57,10;147,15,14
rua||jose maria goncalves|residencial paraiso|37660000|10,-2255199,-4577120;11,12,-2;19,146,-13;20,-144,18;31,25,-9;40,-5,0;41,15,-3;60,-1,4;66,3,0;70,13,5;77,13,-18;78,-12,11;81,22,-11;84,-22,11;88,8,-3;91,19,-9;101,6,-2;104,-22,6;109,26,-7;113,6,0;118,-3,6;120,5,2;121,4,-11;130,-3,4;131,-4,0;137,16,-4;138,-94,18;151,112,-19;154,3,6;158,-6,-3;159,6,0;163,9,5;174,-6,0;184,24,2
rua||jose pereira da costa|distrito de costas|37660000|19,-2266114,-4592328;49,-26,-23;200,-62,-44
rua||jose ribeiro de carvalho|doutor geraldo|37660000|71,-2255066,-4578535;93,-5,1;95,-14,12;121,-8,-8;135,-19,8;165,-17,7
rua||jose ribeiro de carvalho|dr geraldo|37660000|10,-2254992,-4578530;20,-5,-3;26,5,7;30,-16,-9;40,0,3;50,-14,-4;60,-8,-3;65,-5,3;70,-4,-4;76,-6,-1;80,-14,4;90,-14,4;100,-5,-1;110,-7,2;120,-6,9;130,-17,-2;146,-15,-7;150,0,7;160,-8,-8;170,-9,10
rua||jose rodrigues froes|residencial paraiso|37660000|17,-2254876,-4577382;21,-46,-23;30,-3,11;35,-5,-7;36,9,-2;40,6,5;43,-1,5;45,1,-9;48,8,7;49,10,2;50,-7,-6;55,6,14;58,-6,-7;70,13,11;100,12,1;102,31,4;121,-29,-4;124,13,8;126,6,-4;130,7,22;132,1,-8;136,8,14;138,4,9;142,7,4;144,3,8;152,0,5;162,9,12;166,2,1;170,12,0;172,-3,8
rua||jose rosa de carvalho|centro|37660000|51,-2254824,-4578319
rua||julio cesar lopes|novo horizonte|37660000|33,-2255515,-4577310;45,19,31;55,7,-9;67,12,11
rua||julio pereira de faria|novo horizonte|37660000|2,-2255204,-4577333;21,154,-131;30,-62,20;31,53,-20;41,-8,9;51,-1,-3;61,-8,10;63,-6,-3;65,2,-1;70,-20,6;75,4,-1;80,-26,8;89,18,3;90,-30,3;91,22,-3;95,-1,5;97,-2,2;100,-36,14;105,23,-12;110,-22,8;120,1,3;130,-8,10;135,-5,16;136,-11,-6;151,0,16;156,-10,-6;157,8,11;163,-5,11;170,-21,12;171,20,-9;173,-6,9;176,-6,-5;191,9,7;194,-31,23;196,-4,18;211,19,-25;215,-11,20;221,-10,6;249,-13,47;253,0,9;269,11,-45;274,2,-10;278,-4,8;280,1,9;281,-17,57;284,11,-55;285,-18,64;288,18,-63;301,-21,69;311,-7,10;315,6,7;326,-7,-67;328,18,14;333,-1,19;344,-20,22;347,-2,30;348,10,-49;352,9,-8;354,-14,33;358,4,-13;360,-8,15;365,16,-40;366,-16,43;370,0,9;372,1,2;377,-2,9;400,-15,27;440,0,10
rua||julio silveira neto|residencial santa fe|37660000|110,-2256175,-4577976;151,86,38
rua||kaiapo|jardim eldorado|37660000|44,-2254349,-4576996;52,0,-6;55,-10,0;60,9,-6;68,-1,-11;71,-8,-1;76,6,-6;79,-1,1;87,-1,-6;95,17,-12;100,-10,-3;103,-9,-1;108,10,-10;111,-12,18;116,27,-26;119,-25,24;124,9,-29;133,-10,-4
rua||karaja|jardim eldorado|37660000|46,-2254274,-4577012;59,1,23;67,6,-5;75,2,-7;91,-4,-18;99,0,-6;115,0,-10;139,3,-26;147,1,-9
rua||lava pes|centro|37660000|598,-2254801,-4577426;613,43,-20;632,-22,14;642,8,0;650,11,0
rua||lava pes|lavapes|37660000|31,-2254678,-4577474;43,26,-13;53,12,0;65,-1,-13;71,10,2;91,17,-13;99,8,-5;113,4,-2;123,24,-14;137,-4,8;139,79,-16;146,-66,20;279,64,-22;280,37,-3;301,11,-4;310,38,-4;360,52,0;380,20,3;400,4,8;412,12,-9;436,16,1;437,-137,-1;456,160,8;540,132,-8;550,6,3;656,-590,113;680,20,-7;698,698,-86;710,-684,84;722,14,-4;740,8,2;750,5,-4;758,9,-7;760,-2,1;770,10,-9;784,5,-10;1000,527,-81;1276,371,49;1649,217,-4;1660,-38,4;1670,-237,2;1684,11,-6;1699,301,-17;1708,-284,20;1710,10,3;1712,-7,2;1714,-5,-5;1735,28,1;1736,11,9;1737,280,-38;1740,-248,42;1752,-30,-12;1754,14,5;1774,44,14;1780,6,16;1800,15,10;1818,-11,82;1860,14,-87;1884,-32,129;1890,121,-132;1900,-6,-6;1924,-22,9;1972,50,-37;1974,4,5;1978,10,-7;1982,-4,76;1986,-8,0;2076,97,-103;2083,-6,2;2096,17,-8;2106,16,6;2132,9,-2;2142,60,23;2200,33,25;2227,45,34;2240,-110,-75;2330,132,109;2400,120,25;2500,-89,-30;2521,24,25;2527,6,0
rua||lazaro ferreira|distrito de costas|37660000|90,-2265846,-4591532;100,23,1;363,-50,3;373,-2,24;385,-1,15;435,0,57
rua||leonidas pereira dias|residencial paraiso|37660000|22,-2255060,-4576786;34,8,0;41,0,-10;45,-7,4;48,26,11;51,-7,-17;61,-7,3;62,25,23;76,7,14;96,7,7;100,4,14;110,-3,7;120,10,3;130,5,15;140,-3,6;143,4,-20;144,1,4;150,-2,21;153,5,-18;159,4,8;160,1,24;167,-5,-13;169,1,4
rua||leonina rosa|vila frei orestes|37660000|27,-2254332,-4577865;35,-84,-45;45,11,4;53,5,4;71,4,2;72,9,6;78,7,4;79,-4,-7;80,22,15;82,-5,-8;91,-2,8;98,11,3;100,-22,-13;104,34,18;106,-4,-7;121,1,2;131,-5,1;135,16,4;136,-89,-40;140,-3,-2;145,97,46;160,-111,-44;161,122,49;185,-44,-19;262,43,23;272,6,2
rua||leopoldina|alto dos fernandes|37660000|25,-2254489,-4576867;31,-1,-7;36,7,-3;37,-1,-1;43,-5,-5;44,4,-3;51,-6,-7;52,1,1;58,4,-8;59,-7,2;63,-3,-13;66,7,9;69,-5,-5;75,-3,-5;80,3,-5
rua||luiz pereira da rosa|distrito de costas|37660000|3,-2265871,-4591966;36,4,-1
rua||luzia braga dias|residencial paraiso|37660000|14,-2255101,-4577315;16,3,1;21,-13,-12;26,115,32;31,-86,-23;39,7,3;41,-3,-1;43,10,9;46,-10,-3;47,18,5;51,6,0;60,-34,-7;70,20,4;81,38,3;91,5,-4;96,6,9;100,7,7;101,-4,-4;107,6,4;108,4,1;113,-30,-11;115,32,8;116,-3,5;126,11,0;144,17,3;154,11,6;175,31,2;186,-16,-6;206,23,22;213,-18,-22;216,24,27;223,-19,-23;229,36,29;233,-23,-27;240,20,40;243,-11,-28;246,11,35;253,-7,-26;256,17,39;259,-5,-27;263,-6,-2;265,1,-5;269,26,47;270,-6,-1;273,-1,-16;275,-2,7;276,11,15;277,-225,-117;279,222,126;280,1,0;281,-6,-22;282,6,30;283,-18,-45;289,25,42;293,-27,-54;296,22,64;308,-2,5;309,13,8;310,-7,-5;318,1,12;319,8,3;323,-1,8;325,-18,-64;333,16,74;341,14,1;343,-12,2;348,12,-7
rua||mal me quer|jardim vale do sol|37660000|13,-2255918,-4577667;19,26,-46;22,-30,36;29,19,-43;41,0,10;52,-3,4;64,-5,9
rua||malvina teixeira faria|boa vista 2|37660000|4,-2254134,-4577387;8,-38,-10;10,15,1;19,-85,-30;22,114,40;25,-118,-42;27,87,32;32,-17,-8;36,-82,-29;37,95,38;41,-96,-35;42,-2,-6;50,-10,-2;58,71,21;60,-81,-21;67,88,31;68,-10,-8;71,-4,24;73,0,1;75,-3,10;77,-2,2;80,-7,-42;81,8,7;91,-6,-5;97,58,24
rua||manoel ribeiro da costa|distrito de costas|37660000|10,-2265950,-4592219;28,0,0;60,12,-14;70,-5,-11;100,5,-32;104,26,1;115,-2,-18;120,9,-147;122,3,133;135,-5,-5;136,6,2;140,2,-21;141,-15,1;155,14,-16;171,3,-20;205,0,-62;2038,15,-29
rua||marcelo vieira carneiro|residencial paraiso|37660000|13,-2255186,-4576695;65,24,35;71,1,8;75,3,0;93,8,19;95,10,5;105,-3,14;115,-5,-1;135,10,22;139,2,5;145,5,2
rua||maria andrelina goulart|boa vista 2|37660000|61,-2254076,-4577407
rua||maria andrelina goulart|lavapes|37660000|5,-2254112,-4577413;11,4,2;50,5,-3;80,65,12;82,4,5;100,16,-1
rua||maria antonia dias monteiro|novo horizonte|37660000|45,-2255440,-4577498;55,-13,-10;74,-3,4;80,-5,8;81,-2,0;84,1,-4;85,-4,7
rua||maria braga cabral|distrito de costas|37660000|26,-2265638,-4591654;60,-38,-239;76,35,197;85,8,-340;91,-18,353;110,11,-33;111,-11,2;126,12,34;130,-9,-50;133,-3,2;142,7,-28;145,-10,17;149,-3,-145;206,26,100;208,2,-8;213,-22,-11;214,32,-6;224,-29,-29;232,-3,-33;248,13,18;277,-21,-49;287,1,-13;288,3,-6;293,-4,-11;308,6,-8;332,-3,-16;348,0,-20;371,-4,35;379,0,-20;403,0,-8;622,8,252;640,1,20
rua||maria cecilia de goes|distrito de costas|37660000|12,-2265767,-4591760;34,15,2;54,10,-14;56,-31,20;66,58,-18;80,-47,13;86,72,-16;132,24,-5
rua||maria conceicao de almeida|distrito de costas|37660000|7,-2265753,-4591881;26,-12,-9;40,-26,-6;60,68,19;64,7,3;65,-131,-22;80,107,15;136,68,23;222,54,4;228,86,-6;232,-70,15;243,-17,-19;244,47,7;251,-33,-4;260,57,-3;263,-35,4;265,6,-3;280,18,4;284,37,0;297,-40,-2;306,14,5
rua||maria conceicao de almeida|distrito dos costa|37665000|90,-2265462,-4591846
rua||maria cristina das gracas fraga bizarria|residencial oliveiro jose de carvalho|37660000|31,-2255159,-4578833;43,-38,-25;53,16,2;90,13,22;93,-85,-36;103,-7,1;113,-10,-1
rua||maria da fe carvalho|residencial santa fe|37660000|30,-2256086,-4577799;60,6,-33;80,-1,-18;100,5,-25;120,1,-12
rua||maria dagmar kazze|residencial santa fe|37660000|100,-2256103,-4577751;150,-1,-9
rua||maria imaculada santos|jardim sao jose|37660000|16,-2255409,-4578564;22,-4,0;25,-7,10;28,7,1;31,3,3;34,-5,3;37,-6,8;40,-1,-5;51,-8,19;52,8,-9;58,-5,9;64,-4,7
rua||maria jose carvalho|residencial santa fe|37660000|10,-2256067,-4577986;50,-33,18
rua||maria ribeiro da silva|porto belo|37660000|207,-2253883,-4577335;237,-2,-23
rua||maria teixeira floriano gomes|centro|37660000|20,-2254503,-4578075;41,7,-13;43,-6,8;51,9,-15;70,18,-13
rua||mariana|alto dos fernandes|37660000|11,-2254533,-4576808;30,-10,28;31,9,-1;35,1,1;40,-7,2;50,11,5;51,1,2;55,8,1;60,-12,4;61,16,-1;65,1,10
rua||miguel albano|lavapes|37660000|50,-2253490,-4577497;1990,80,2;1999,-111,3;2002,-14,-11;2069,67,0;2071,6,3;2075,-19,-1;2085,31,1;2120,28,16;2125,-3,-15;2145,25,2;2148,3,11;2154,8,-3
rua||miguel de souza|distrito de costas|37660000|485,-2266086,-4591497;495,3,37;500,-7,-38;510,3,18
rua||milao|residencial terras de italia|37660000|57,-2254579,-4578653;104,27,-14;136,23,-23;175,7,-38
rua||milton cortes dos santos|jardim sao jose|37660000|7,-2255473,-4578617;8,11,6;44,37,14;76,-29,-11;90,-8,-7;96,-10,-4;102,-4,5;120,-12,-13;126,-5,-5;132,-4,0;150,-13,-8;153,4,8;162,-15,-9;170,-3,-8;178,-6,7;186,-9,-8;194,-2,-7;200,-9,-7
rua||napoli|residencial terras de italia|37660000|23,-2254573,-4578782;31,5,14;131,-18,8
rua||onofre silviano silva dias|centro|37660000|13,-2255548,-4577737;21,-3,-8;26,9,-5;32,-1,-6;34,-3,-5;42,1,-6;43,-4,-11;65,-1,25;281,3,-37
rua||orquideas|jardim vale do sol|37660000|87,-2255754,-4577377;530,-42,12
rua||otavina pereira de andrade|loteamento jose verissimo|37660000|8,-2255754,-4578879;30,21,-59;38,-3,8;48,-8,12;63,-3,7;73,0,12;81,-3,7;100,-13,2
rua||ouro preto|alto dos fernandes|37660000|10,-2254590,-4576799;26,19,-1;29,1,-7;30,6,-9;40,5,10;95,57,-35;96,1,8;99,4,-7;109,6,-7;112,9,8;116,9,-2;126,4,-9;129,-5,0;136,11,2;137,-1,-4;150,9,-2;153,5,-2;154,4,1;158,5,0;159,-2,-13;165,12,5;166,-1,4;172,4,-2;173,-8,-4;178,12,4;179,-5,-11;183,13,1;184,-6,9;187,4,-8;188,4,0;191,1,-7;192,2,9;196,3,-4;197,-3,-4;205,10,-8;215,14,-4;222,12,4;226,0,-1;227,1,-2;236,3,0;238,4,-2;243,2,-5;251,9,-5;252,4,7;258,3,-2;259,1,-11;273,25,-9;278,-12,16;280,3,-2;284,0,-1;295,13,-17;305,4,-2;317,16,-6
rua||pampulha|jardim aeroporto|37660000|11,-2255708,-4577549;15,4,0;21,9,-1;43,23,6;61,16,5;80,9,9;95,17,6;100,11,-4;105,-4,-4;114,3,18;120,12,0;132,9,-5;423,-61,-17;439,-25,8;487,44,-7;537,48,19
rua||paraiso|distrito de costas|37660000|19,-2265832,-4591704;74,-33,10;84,-39,39;88,21,-3;90,5,-11;104,-9,9;146,-17,35;170,-78,48;180,13,-4;186,-62,17;190,-44,29;208,127,-52;210,-96,29;218,110,-34;230,9,2;248,11,-7
rua||pataxo|jardim eldorado|37660000|10,-2254440,-4576978;18,-8,-9;19,2,-6;26,-1,0;27,3,-13;34,1,6;35,-2,-15;42,0,3;50,3,-8;51,-3,-3;58,5,-4;59,-9,1;67,5,-11;75,1,-3;82,2,-2;83,-5,-4;90,4,-8;91,-4,0;98,4,-9;114,1,-9;115,-5,-3;123,2,-10
rua||pedro sebastiao de faria|loteamento jose verissimo|37660000|41,-2255633,-4578923;70,33,-24;80,11,0
rua||perez benigno toledo|residencial paraiso|37660000|23,-2255151,-4576761;25,-5,-14;42,9,37;55,9,-10;72,9,34;75,4,-14;85,-3,19;95,3,3;96,1,16;106,5,11;114,-12,-19;115,6,-4;123,7,8;127,0,1;128,4,24;129,1,-11;135,3,1;138,-5,9;145,9,7;155,0,6;160,7,11;175,2,5;185,1,-3;195,17,14;306,-31,-32
rua||pouso alegre|centro|37660000|5,-2255001,-4578283;6,-1,-5;11,-4,5;22,1,5;28,-19,-8;38,-15,9;46,5,-5;56,-10,-4;68,-23,3;80,1,-3;92,-14,-1;102,-4,3;118,-22,2;146,-20,-3;170,-26,2;180,-9,-4;181,0,6;197,-19,-1;201,-14,0;206,23,-3;207,-25,4;222,8,-3;223,-27,0;230,17,-4;233,-22,11;236,18,-3;260,-22,-6;263,-6,2;273,-18,2;278,-8,-5;292,-7,3;297,4,4;298,-13,-6;313,-6,7;321,-12,8;322,3,-18;324,0,0;336,-13,2;344,-11,-3;368,-23,4;371,-11,6;386,-4,-9;406,-14,2;414,-16,3;422,-2,-3;432,-12,1;448,-19,0;470,-15,-4;473,93,15;474,-110,-8;494,-3,0;499,4,-3;516,-26,2;517,15,2;526,-22,-2;536,-14,0;545,3,5;550,-18,-4;555,2,2;556,-7,-1;560,-10,-2;565,15,4;567,-6,-2;568,-6,-2;573,-3,5;580,-5,-7;598,-15,2;600,-15,2;601,16,1;609,-13,-4;610,-3,-2;611,-5,-2;621,-7,8;622,-3,-3;626,0,1;627,-5,3;635,-10,-2;638,5,-2;640,1,0;642,-5,-2;652,-12,0;660,-8,-3;680,-16,5;681,0,-2;684,-4,3;726,-47,-4;729,-7,5;746,-3,-4;749,-1,5;754,-6,-7;759,-6,8;763,-6,0;774,-10,-6;775,5,7;781,-11,2;790,-1,-9;791,-11,10;799,-1,-1;806,-3,-8;810,-5,-2;813,-14,5;816,-1,-4;825,-5,5;829,-3,-4;834,-4,-2;839,-6,3
rua||projetada|residencial paraiso|37660000|21,-2254631,-4576757;177,10,-4;377,-24,17
rua||quaresmeiras|boa vista 1|37660000|230,-2254322,-4577385;240,-6,2;270,-47,-7;320,-27,-4;328,-7,1;331,-3,7;336,6,-4;339,-8,6;340,-5,-12;341,2,12;348,-9,-6;351,-3,8;354,4,-7;360,-11,3;361,-5,2;364,-2,-5;369,-7,3;370,0,-1;371,-1,3;390,-15,0;405,-17,6;409,-6,0;410,4,-3;416,-3,2;417,-2,6;421,-5,0;430,-2,-6;434,-2,-1;441,-17,7;460,-7,0;470,-8,0;500,-14,1;531,-44,13;541,-7,3;551,0,-1
rua||quaresmeiras|boa vista 2|37660000|21,-2254172,-4577313;31,-12,-9;41,-1,1;51,-7,-6;61,-13,-5;70,12,-2;80,-16,-3;81,-18,-6;90,14,2;91,-18,1;92,14,-2;101,-13,1;111,-13,-8;113,5,-1;121,-19,-6;131,-7,-4;141,-8,-5;146,111,49;147,-117,-56;151,-1,0;160,-2,-3;200,-5,-1
rua||quero quero|recanto dos passaros|37660000|50,-2254845,-4578820;51,1,11;81,-18,-15;120,-22,-40;194,-53,-63
rua||quinze de novembro|alto da gloria|37660000|325,-2255934,-4577902;417,13,10;423,-5,-7;435,-13,1;458,29,30;492,-40,-47;525,-12,-4;535,-12,-9;612,48,31
rua||rafael pereira goulart|loteamento jose verissimo|37660000|15,-2255485,-4578784;25,3,8;55,-22,27;60,-16,15;65,8,-7;70,-14,15;80,-6,11;90,-7,3;100,4,6;110,-10,11;127,5,-2;129,-4,5
rua||raul de oliveira alves|centro|37660000|2,-2255107,-4577816;3,6,-12;19,-13,0;29,-12,-2;32,-7,-3;41,-3,4;48,-33,-1;50,25,-6;53,-1,6;54,-39,3;58,22,-14;62,-27,12;63,32,2;65,-26,-1;69,18,1;77,-28,5;85,18,-2;109,-25,5
rua||rodrigo augusto almeida custodio|porto belo|37660000|79,-2253977,-4577209;109,1,-20;119,-2,-7
rua||roma|residencial terras de italia|37660000|10,-2254613,-4578677
rua||rondonia|doutor geraldo|37660000|10,-2255191,-4578400;20,-5,-18;21,2,3;30,8,-15;31,-5,0;40,4,-11;41,1,3;50,2,-9;51,-6,1
rua||rosalvo simoes de almeida|residencial santa fe|37660000|20,-2256162,-4577836;80,19,-58;120,5,-38;121,0,-3
rua||rouxinol|centro|37660000|145,-2255214,-4577559;151,-6,-10;161,3,-8;171,5,-7;191,-4,-27;201,-1,-13;311,1,-15;321,3,-21;333,-3,-3;392,-7,-8;415,6,39;425,7,36
rua||rouxinol|novo horizonte|37660000|11,-2255268,-4577364;17,11,-22;20,7,5;28,-5,-6;31,1,-2;37,3,-15;40,12,-6;43,-9,3;50,11,-6;60,2,0;61,-12,-19;70,14,10;71,-3,-16
rua||sabara|alto dos fernandes|37660000|160,-2254410,-4576920;170,4,10;200,-3,4;201,14,4;225,9,29;235,5,17
rua||sabia|novo horizonte|37660000|20,-2255321,-4577184;26,1,-7;29,-9,10;30,12,-22;39,-6,8;40,3,-4;44,15,-53;48,-4,40;49,-9,5;53,-2,3;54,17,-18;60,-11,-2;61,1,7;63,-1,1;65,8,-9;70,2,-5;78,8,-19;84,2,-10;90,-2,5;100,11,-6;150,15,-39;160,1,-7;170,12,-11
rua||salim boutros kazze|residencial santa fe|37660000|11,-2256234,-4577849
rua||santos dumont|centro|37660000|5,-2255300,-4577799;8,-10,4;11,-7,-2;19,-9,-1;23,-1,0;27,-7,-2;28,-2,-14;35,-1,20;38,-4,-4;43,1,0;50,-8,3;53,6,4;54,-26,5;59,9,-2;67,-7,-8;74,-8,3;78,4,9;79,-8,-10;87,-5,-2;95,-8,3;107,-11,2;124,-21,-8;125,8,7;128,-7,-10;133,-6,13;134,1,-7;151,-17,6;152,5,-1;154,-8,-3;164,-1,-8;171,-14,7;172,2,-1;182,-2,-16;186,-8,5;189,-14,7;190,3,2;192,3,-2;196,-3,2;198,-9,0;201,-12,-7;202,8,1;211,-17,4;212,14,-4;230,-12,-1;242,-9,-4;244,-7,-4;248,-10,-5;249,7,10;252,-17,-14;253,6,2;260,-8,-8;281,24,17;282,-28,-25;286,-9,-6
rua||santos soane gomes|residencial paraiso|37660000|11,-2255068,-4576742;21,8,-1;31,3,1;41,11,8;51,8,7;55,-17,5;61,15,10;68,-4,0;71,13,3;80,-5,5;81,1,10;91,14,5;101,0,10;111,1,3;155,-34,-49
rua||sebastiao batista de paula|vila frei orestes|37660000|18,-2254369,-4577643;55,-64,-1;60,122,-31;66,37,-17;80,-94,50;94,21,-24;96,2,11;113,-11,-10;120,-20,1;129,6,-2;130,-3,8;137,-9,-4;197,-49,10;255,165,-45;456,-6,-3;890,-22,8;930,13,-3;940,-28,13;945,-14,5;950,-14,-3;960,-11,13;972,-14,2;980,-10,-2;990,-21,9;998,-7,0;1000,0,3;1002,-9,6;1005,-7,-7;1009,-12,7;1080,-8,0;1085,8,1;1090,11,6;1120,9,-9;1122,7,4;1123,2,8;1125,-2,-12;1130,9,-6;1139,4,1;1145,20,5;1150,1,5;1180,2,-20;1182,18,10;1190,-1,0;1215,20,-13;1222,1,-3;1227,-68,14;1230,77,-18;1245,11,11;1250,6,-2;1253,-3,4;1260,4,-19;1265,2,0;1270,14,-6
rua||sebastiao bras sobrinho|centro|37660000|22,-2255362,-4578382;23,4,-6;30,-2,12;41,-2,9;46,-2,9;51,1,-2;54,5,6;62,-5,12;67,2,8;70,-4,-2;78,-5,-7;98,9,12;108,1,5
rua||sem denominacao 01|agua ferrea|37660000|583,-2254876,-4578731;627,-14,-78
rua||sem denominacao 01|centro|37660000|1928,-2254519,-4578825
rua||sem denominacao 01|distrito de costas|37660000|228,-2265544,-4591899;230,-1,6
rua||sem denominacao 01|residencial oliveiro jose de carvalho|37660000|123,-2255285,-4578858;133,1,12
rua||sem denominacao 02|distrito de costas|37660000|48,-2265962,-4592445;239,36,-2
rua||sem denominacao 02|residencial oliveiro jose de carvalho|37660000|70,-2255309,-4578894;80,2,8;90,2,8;100,6,12;110,1,0;120,2,16;130,3,6
rua||sem denominacao 03|distrito de costas|37660000|334,-2265606,-4591951
rua||sem denominacao 05|distrito de costas|37660000|63,-2265927,-4592149
rua||sem denominacao 1|residencial paraiso|37660000|230,-2254863,-4577236;273,-23,19
rua||sem denominacao 4|distrito de costas|37660000|334,-2265605,-4592010
rua||sem denominacao|novo horizonte|37660000|32,-2255288,-4577454;43,6,2;280,-2,1
rua||sem denominacao|residencial paraiso|37660000|100,-2255119,-4577132;125,3,45
rua||sergipe|doutor geraldo|37660000|10,-2255332,-4578411;16,-4,-1;20,-6,5;28,-6,-6;32,-3,5;33,6,6;36,-12,-10;39,-9,6;42,11,-9;44,-5,4;49,-12,5;50,5,-9;59,-20,0;664,9,-4
rua||sete de setembro|centro|37660000|15,-2255673,-4578145;27,-13,-4;31,-2,6;37,-7,4;62,10,-10;68,-6,1;74,-8,0;82,-5,7;92,-5,2;95,-1,1;97,-7,9;101,22,-13;108,-16,0;111,-6,19;120,-6,-11;138,-30,20;157,-17,4;158,9,-2;159,1,6;161,-7,2;166,-1,-2;169,-4,3;174,0,3;177,-8,2;180,-9,-14;187,7,21;190,2,-4;192,2,3;194,-5,2;199,-4,2;201,-4,10;202,17,-17;212,-18,18;219,-12,5;227,10,5;238,-12,21;244,-1,11;250,-5,0;254,0,3;256,-4,-1;263,0,9;264,-19,-2;270,16,4;272,-2,6;273,1,7;274,1,-6;276,-3,-1;277,5,11;290,-13,8;294,-2,-2;302,-4,20;304,1,5;306,-4,-5;308,1,2;311,8,12;312,-6,-10;328,-4,7;331,12,20;336,-16,-8;339,18,19;341,-9,-17;354,-13,6;359,-6,9;364,13,13;367,-13,3;379,-3,8;380,-4,6;388,0,-7;389,1,12;398,-4,0;402,-2,5;405,3,1;407,-1,5;408,-3,-4;411,1,6;415,-1,2;425,-5,17;434,-17,8;449,12,7;458,-14,-3;459,5,6;464,-18,2;469,10,13;470,-8,-12;482,0,4;484,-10,12;499,-1,9;505,-9,5;510,-4,0;513,1,6;514,-8,1;516,2,-5;528,-11,12;529,6,4;540,-78,65;543,70,-56;544,-2,-8;548,-15,11;556,-7,11;561,16,-9;564,-21,5;578,-2,12;579,5,0;586,-5,-2;591,-5,14;596,-22,12;601,18,-4;608,-11,-1;615,6,3;619,-5,6;623,-4,-1;629,3,23;639,-17,-6;642,-15,-1;649,3,15;656,-15,8;659,12,-3;662,-21,13;679,0,11;697,-5,7;699,1,3;701,-7,3;702,1,-21;709,0,25;719,-8,10;720,-3,-13;721,5,7;733,-14,25;736,-4,-12;739,2,9;743,-5,6;778,-9,24;811,-14,24;821,7,23;823,43,23;831,-19,-40;832,-80,47;845,28,-18;872,-45,42;882,-17,17;893,28,-3
rua||silviano brandao|alto da gloria|37660000|137,-2255861,-4578086;1449,45,17;1500,-65,-29
rua||silviano brandao|centro|37660000|15,-2254558,-4577969;16,5,-10;22,-15,4;34,-2,1;37,-1,3;40,-4,-3;47,-7,4;50,-1,-5;51,-10,11;60,-9,-8;65,-2,7;80,-6,-5;82,-9,-1;90,1,-1;102,-19,2;116,-9,-4;120,-2,1;130,-10,5;148,-17,2;170,-23,-10;180,-5,11;200,-18,-2;211,-12,16;218,-12,-14;238,-14,3;253,2,6;319,-76,4;337,-8,0;350,-18,-4;357,-7,7;371,-15,1;379,-4,-1;382,-3,-4;391,-10,2;395,-2,10;415,-4,-16;423,-23,7;456,-32,2;465,3,11;475,-14,-3;476,5,-7;484,-3,-3;492,-18,2;495,1,7;499,-3,3;502,-6,-9;505,-5,6;518,-1,-7;519,-6,10;533,-16,-2;534,-17,-4;537,9,-4;541,-5,9;548,-6,-5;551,2,7;558,-5,-6;563,-6,6;568,5,-3;587,-21,-7;588,-5,12;590,4,0;594,-11,0;600,12,1;606,-32,7;610,4,-3;618,6,-6;633,-26,-8;639,-1,9;650,-17,-5;660,-3,2;661,-5,1;671,-6,-2;677,-3,7;678,-2,-3;679,1,2;687,-11,6;688,-7,0;690,-1,-6;698,-9,9;699,3,-5;709,3,3;712,-10,-2;720,-12,-4;725,-5,3;727,-2,-5;730,2,3;731,-15,-3;736,2,-1;737,-1,7;739,-9,-5;751,-5,7;765,-10,-1;776,-8,-6;777,-7,10;782,5,-6;785,-16,-1;795,-6,4;796,3,-10;809,-5,12;811,-6,4;816,-6,-6;817,11,9;821,-13,-9;826,-13,0;837,1,5;850,-15,-7;856,-4,4;859,-6,3;862,-6,-6;868,4,0;875,-1,6;882,-22,-7;883,5,7;893,-8,8;901,-15,-7;904,2,-4;906,-8,4;911,-1,1;914,2,2;921,-10,-3;926,-9,-7;927,9,8;941,-15,3;953,-14,-6;963,-14,8;971,0,-1;975,0,-2;987,-7,3;994,-9,10;1007,-18,-13;1015,-7,0;1018,1,-7;1025,-16,18;1032,1,-16;1035,-2,3;1043,-16,-9;1053,0,-6;1063,0,4;1066,-6,-5;1074,-11,-4;1076,20,18;1080,-22,-17;1083,1,0;1090,-5,-2;1120,-30,-13;1129,-11,-2;1132,2,-2;1141,-17,-6;1147,-3,3;1148,4,-4;1157,-6,2;1161,-5,-6;1165,-3,-1;1169,-6,0;1183,-8,-2;1187,-9,-17;1203,-7,0;1211,-11,5;1212,-1,-4;1214,-5,1;1221,-11,-2;1224,-4,0;1242,-10,-6;1247,-16,-13;1258,5,3;1272,-5,4;1282,-11,-5;1315,-39,-19;1335,-5,-4;1345,-13,2;1375,-28,-14;1385,-8,-7;1408,-6,-4
rua||silvio de souza dias|dr geraldo|37660000|20,-2254983,-4578568;21,-2,13;30,5,-4;31,-16,-8;34,2,6;40,3,-7;41,-16,4;44,7,-2;50,0,-1;51,0,-4;55,-15,-2;56,3,-3;60,-4,2;61,-4,18;65,0,-2;66,2,-14;70,-4,2;71,-8,-1;80,-3,-2;81,-2,3;90,-7,-6;91,-2,-1;94,0,4;100,-6,-6;110,-22,0;111,-1,10;115,-7,4;120,4,-13;121,-14,20;130,4,-16;133,-10,12;140,1,-12;141,-14,14;146,13,-8;150,-12,-3;151,-9,16;160,12,-6;161,-17,12;164,17,-12;170,-17,-6;171,-12,9;180,10,-7;181,1,9;183,-22,5;190,2,-11;193,-12,11
rua||siriema|agua ferrea|37660000|709,-2254789,-4578707
rua||siriema|recanto dos passaros|37660000|381,-2254806,-4578755;701,74,-57
rua||tapuia|jardim eldorado|37660000|20,-2254396,-4576981;29,-5,-8;36,4,3;37,-6,-9;44,4,-5;45,1,0;51,-4,-10;52,6,-1;59,-7,-1;60,7,-4;67,-8,-3;68,7,-5;76,0,-12;81,-8,-2;84,7,-1;89,-5,-6;92,6,5;111,-8,-28;116,10,6;119,-7,-16;124,8,6
rua||tarquineo ferreira de oliveira|loteamento jose verissimo|37660000|30,-2255561,-4578768;40,-7,4;50,-10,11;61,26,-23
rua||teodoro floriano|centro|37660000|15,-2254996,-4578289;21,18,-4;29,3,-7;37,-3,0;45,23,-6;57,-5,-21;61,-2,4;63,-4,-15;89,20,-2;99,11,-4;100,-1,1;107,9,-6
rua||teotonio ferreira|centro|37660000|44,-2254708,-4578612;130,23,18;144,11,12
rua||terena|jardim eldorado|37660000|11,-2254311,-4576982;21,1,-8;28,5,-4;31,-4,-5;55,-2,-18;58,6,4;68,-2,-10;84,0,-14;92,-3,-9;103,1,-12;111,4,0;119,-7,-15
rua||tucano|recanto dos passaros|37660000|72,-2254792,-4578833;82,4,-11;115,4,-29
rua||tupiniquim|jardim eldorado|37660000|10,-2254483,-4576983;11,-11,0;18,21,-5;26,-10,-6;35,-7,-8;42,4,-12;43,-6,6;51,1,-9;57,-2,-6;58,7,-2;66,3,-2;74,-7,-9;75,-4,-8;81,-2,-6;87,0,-13;90,9,13;93,-2,-15;98,2,7;108,0,-8;114,2,-6;127,-10,-8
rua||ursulina teixeira|centro|37660000|15,-2255115,-4578339;16,7,3;19,159,-46;30,-144,66;31,-9,-20;33,4,-10;39,139,-33;40,11,-3;42,-13,-2;47,-120,37;48,119,-34;49,-7,2;54,-8,1;55,-100,31;59,105,-28;60,-5,-11;64,-1,11;67,-4,0;69,3,13;72,-5,-14;75,1,4;76,-9,-5;92,-2,13;94,-7,-6;98,-9,1;99,7,1;101,-7,-2;102,-4,10;111,2,6;121,-4,-2;126,-21,-2;132,5,-2;134,-8,2;137,3,-7;144,-17,13;152,-1,3;158,-10,4;181,-10,7;186,-17,-6;204,5,8
rua||veneza|residencial terras de italia|37660000|106,-2254561,-4578749;131,-9,-8
rua||verissimo jose de carvalho|baleia|37660000|22,-2255420,-4578731;28,10,-8;120,93,-18;220,69,-9;240,-89,10
rua||verissimo jose de carvalho|residencial oliveiro jose de carvalho|37660000|70,-2255348,-4578779;125,26,-3;135,15,18;145,16,-2;155,0,-3;231,71,-12;241,-2,-7;251,11,-4;261,7,-1;271,9,1;281,7,-5;291,12,0;301,9,-2;311,4,-2;321,10,-2;331,14,4
rua||viracopos|jardim aeroporto|37660000|1295,-2255646,-4577712;1303,1,1;1313,-5,16;1319,-4,1;1325,0,12;1415,-20,41;1425,-6,69;1435,6,-46;1439,-4,12;1443,3,5;1449,1,-14;1450,-2,32;1451,-2,-4;1455,-6,5;1459,2,7;1497,-4,42;1510,0,21;1517,-3,-8;1519,1,13;1520,6,4;1523,-9,6;1527,-3,-9
rua||vivaldi de paula barbosa|centro|37660000|1,-2255292,-4577652;2,3,-5;4,-8,-13;5,5,13;8,-9,-13;10,-38,-10;12,13,-1;14,-10,-1;15,-5,-2;19,-17,4;20,9,5;38,-22,0;48,-12,-5;63,-10,13;78,-32,-2;80,-21,1;84,-12,-3;86,-7,7;90,-1,2;91,46,-4;96,-13,-2;98,-47,17;99,35,-15;102,-41,-3;105,58,4;108,-62,-19;113,29,8;116,-37,10;138,-38,-1;142,-1,3;152,-1,-5;162,-12,-1;165,37,1;171,-8,8;172,-42,-10;179,41,5;182,-46,4;185,36,-3;203,-12,1;213,-4,4;233,-9,1;242,-43,-5;248,-10,1;266,-22,1
rua||wenceslau simoes de almeida|loteamento jose verissimo|37660000|10,-2255600,-4578842;21,76,65;22,-2,-3;26,-5,-8;31,-4,9;41,-7,-7;50,30,23;60,-35,-39;70,-4,-6;71,-5,2;81,-8,-9;91,-24,1;120,-3,-33;130,-10,-4;131,-3,4;139,-15,-12;140,10,-6;143,-18,-10;151,-35,-7;162,-16,-52;183,14,41;189,0,-12;193,1,-4;197,-3,-7;213,-18,-3;221,-7,-15;224,27,17;229,-20,-15;247,-40,-10;290,-21,-60;385,-93,-24;403,-37,-5
rua||wolfigango brandao|residencial paraiso|37660000|8,-2255090,-4576855;10,-25,9;25,-13,-20;31,26,-4;35,-3,6;51,27,-25;53,-3,24;55,10,3;60,16,21;66,11,-16;70,10,13;99,-2,-25;111,12,2;114,44,40;120,5,7;134,3,7;140,-19,-23;142,27,22;148,4,8;154,4,4;158,3,4;164,3,14;170,3,14;172,1,1;178,9,11;180,-31,-53;183,-3,-12;188,39,65;193,-41,-67;198,44,83;201,-27,-69;203,-9,-5;206,39,84;211,-26,-72;214,28,77;221,-26,-67;224,24,76;225,-23,-72;240,29,84;246,4,5;249,-21,-70;250,24,71;253,-20,-64;259,15,33;266,10,42;275,-31,-92;299,20,46;301,-1,3;350,10,64
rua||xavante|jardim eldorado|37660000|11,-2254546,-4576975;18,-1,6;19,3,-6;26,1,1;27,10,0;28,251,-2;35,-242,-2;42,2,4;43,4,-1;50,-3,2;51,7,-3;58,2,6;74,15,-1;82,8,-1;98,11,2;105,23,-3;122,-2,2;130,5,-1;138,4,1;146,12,1;169,21,-3;192,26,1;200,5,8;216,12,-4;224,4,-1;232,8,2;240,12,3;248,4,-3;256,10,6;264,6,-10;272,9,-4;280,11,6;288,3,0;296,1,-14;320,29,12;328,10,11
serra||dos pereiras|serra dos pereiras|37660000|1,-2255008,-4569809;2,24,11;110,-112,-47
travessa|capitao|antonio jose lopes ribei|centro|37660000|26,-2254792,-4577900;37,-10,-11;38,9,-10;46,3,-7;98,-3,-51;120,-5,-25;132,-2,-8;144,3,-9;162,-2,-14;178,-2,-18;182,-3,-8;194,5,-30;273,9,141
travessa|conego|benedito proficio|centro|37660000|3,-2255538,-4577946;11,72,-390;18,7,-10;20,-66,363;21,14,5;29,-17,9;37,8,-7;80,14,-47;88,-4,-12;91,10,11;95,0,-12;172,28,-64;173,-3,-6;175,5,-4;192,4,-16;193,-5,-5;200,8,-6;215,-3,-14;225,3,-9;260,-1,-56;273,-2,20;279,1,-10;287,4,-8;296,-105,354;300,105,-370;303,2,-8;310,-1,-2;329,-6,-17;359,-1,-12;370,6,-28;375,-2,2;378,4,-4;383,-2,-3;388,7,-8;389,-6,6;504,0,9;1071,-86,363;1087,-10,12;1104,4,20;1106,0,1;1120,12,-33;1126,-7,5;1134,-2,1;1140,-3,10
travessa|conego|benedito proficio|vila sao luiz|37660000|1103,-2255562,-4577900;1113,-1,3;1163,-28,58;1168,9,-6;1172,-6,6;1185,-10,6;1186,8,-1;1191,-6,8;1196,-4,4;1198,8,4;1209,-9,3;1210,-2,10;1217,-6,3;1219,-4,4;1220,10,5;1230,-1,3;1235,-7,2;1239,-1,3;1240,5,3;1247,-11,10;1257,0,2;1260,-5,28;1262,6,-12;1263,-9,-1;1269,-2,7;1280,-2,20;1290,1,5;1298,-4,8;1320,-9,40;1322,-5,-10;1324,-1,-9;1330,-1,24;1429,-8,1
travessa|doutor|alvaro augusto de almeida|centro|37660000|76,-2255102,-4577954;81,-4,58;82,8,-4;84,-8,-61;91,-1,56;96,0,-70;101,-11,-141;108,12,133;111,-4,-1;146,4,-38;147,-4,7;155,10,-4;156,-4,-6;159,6,1;179,-3,-52;181,-17,21;182,19,167;187,-8,-171;188,1,-10;222,-7,-37;226,-5,-2;234,3,-10;237,-1,-1;242,5,0;250,-2,-13;251,-7,3;277,1,-28;313,2,-40;322,0,0;328,7,-12;349,-11,-18;359,4,4;371,-8,-21;428,3,-58;436,1,-10;444,-3,-6;461,-5,8;469,8,-25;471,-5,-7;473,2,12;475,-2,-6;480,6,5;487,4,332;494,-9,-347
travessa|doutor|walter de lima brandao|centro|37660000|303,-2255308,-4578106;319,-3,-14;333,-8,-18;347,6,-2;351,-4,-12;355,9,6;394,-14,-52;396,4,9;399,0,-7;403,2,-1;406,-5,-2;407,0,-4;414,1,-8;419,4,-3;422,-1,-5;429,-2,-9;436,2,0;451,-1,-10;453,0,-9;461,-7,-16;464,7,8;473,-8,-11
travessa|doutor|walter de lima brandao|doutor geraldo|37660000|633,-2255321,-4578411;644,4,-5;653,-2,-28;656,3,8;663,-10,-22;666,10,14;676,0,-5;686,0,-9
travessa|frei|caetano|centro|37660000|5,-2255398,-4577804;6,-4,2;14,-10,-12;15,15,-4;16,7,41;22,-13,-42;23,7,-2;26,7,56;29,-8,-68;31,-4,3;36,9,74;39,-8,-84;41,1,86;46,5,7;58,2,13;65,0,-4;67,-12,-130;70,6,-4;74,13,172;83,13,-174;85,-30,-11;86,13,179;90,-5,-187;97,-8,-17;98,3,9;141,3,233;142,-8,-287;151,14,311;156,3,-2;157,-4,6;161,-3,12;166,13,4;169,-9,6;170,8,-10;273,-36,-451;293,-8,-30;296,13,15;306,7,-11;312,16,-4;320,-22,-5;324,2,0;327,-3,-12;332,1,-2;334,2,2;337,2,-10;338,-6,2;356,4,-15;395,-3,-37;397,-4,-15;407,9,3;411,-8,-17;418,0,1;421,0,-8;428,0,-3;436,0,-8;437,-4,-2;447,6,-8;448,-1,4;456,-2,-9;457,5,2;462,-8,-9;468,1,-8;476,-4,-1;505,2,-33;510,-3,-5;531,-1,-25;536,5,-3;545,6,-5;546,0,-4;551,-3,-17;558,5,8;561,-7,1;566,0,-15;571,-7,4;574,10,-12;581,-11,1;591,-14,-19;592,22,14;600,3,-13;603,-15,-6;611,7,-11;620,7,6;634,6,-13
travessa|frei|caetano|doutor geraldo|37660000|1,-2255399,-4578554;7,0,-8;13,18,54;646,-26,71;654,1,-7;662,-1,-3;665,2,-2;668,6,-2;674,14,8;676,-13,-15;679,1,-11;680,5,9;682,11,9;684,-12,-20;692,7,-11;701,1,-3;704,3,-7;747,-5,46;755,4,-100;765,6,2
travessa|frei|caetano|loteamento jose verissimo|37660000|851,-2255408,-4578624
travessa|madre|canisia kandsior|centro|37660000|35,-2255025,-4578303;36,1,-6;47,2,-6;48,1,1;58,-1,-7;68,-6,-15;85,4,-12;102,-4,-26;122,-6,3;127,5,-9;128,-3,-9;132,3,-9;246,-3,8
travessa|madre|felicitas wender|residencial paraiso|37660000|20,-2255030,-4577267;22,5,-12;28,-8,9;33,-3,2;43,-4,8
travessa|major|joao pereira|centro|37660000|18,-2254681,-4577987;23,-2,-4;27,-1,-5;28,10,6;29,-8,10;32,6,-18;41,-5,-8;46,0,-3;52,-5,-8;57,4,-10;60,2,-5
travessa|padre|omar cirillo|residencial paraiso|37660000|11,-2254924,-4576999;50,87,-22;60,-7,-7;70,2,19;73,-23,-13;75,7,2;79,33,-14;80,-10,10;83,-17,2;85,4,-3;90,18,-1;94,3,0;95,-10,1;105,5,-6;110,24,-6;114,-3,4;115,-8,-4;120,14,0;125,8,-5;127,1,0;130,8,-9
travessa|padre|tulio cintra de oliveira|vila frei orestes|37660000|37,-2254337,-4577859;39,-5,7;47,-3,8;48,4,-9;51,-3,13;93,4,-18
travessa|professor|jose morais noronha|residencial paraiso|37660000|11,-2254830,-4576957;20,10,-4;33,11,-7;40,3,2;41,0,-8;43,7,2;50,-4,10;51,4,-16;52,11,8;60,0,-2;61,2,-9;62,-1,10;70,9,-5;71,-15,-6
travessa|sao|vicente|alto da gloria|37660000|58,-2255891,-4577976;59,-16,12;65,-8,0;70,13,-15
travessa|sao|vicente|centro|37660000|34,-2255879,-4577964;42,-5,1
travessa||alvaro augusto de almeida|centro|37660000|2,-2255094,-4577822;3,-12,7;12,10,-19;18,-5,1;22,3,-17;23,0,-4;40,12,196;56,-15,-145;129,42,80;162,-29,-86;166,-1,38;172,-2,-20;173,-5,5;180,2,-1;181,-4,-74
travessa||alves de lima|centro|37660000|10,-2255016,-4577898;11,-4,-14;22,4,-4;37,-5,-4;39,4,-7;67,-4,-31;80,10,-7;91,-8,-13;92,7,2;101,-9,-17;102,6,8;159,-6,-51;187,4,-31;230,0,-43;237,1,-20;239,-7,-8;240,6,20;245,-2,-17;273,5,-15;276,-8,-9;304,1,-34;305,-2,106;310,7,-110;324,0,-12;330,-4,-11;363,9,219;366,-6,-239;374,-4,-13;379,-1,239;380,5,-248
travessa||alvino de souza dias|centro|37660000|8,-2255615,-4577992;21,10,-5;26,4,-9;27,-5,4;33,2,-8;38,8,-4;51,-1,-13;78,14,-29;83,6,1;92,-10,-9;99,13,-2;104,-3,-8;105,2,-4;111,-1,-7;116,9,-1;121,-3,-8;154,7,-24;156,5,2;157,6,-4;160,-7,-1;163,6,-2;166,5,-6;169,-8,-2;194,10,-11;201,8,-16;207,1,2;255,1,-63;258,-3,14;268,3,-10;276,0,-7;285,-5,-7;286,3,-9;290,2,-2;295,0,0;296,0,-1;302,2,-5;305,-4,-8;308,3,-2;313,1,1;314,2,-7;322,0,-5;329,-5,-2;330,0,-3;354,5,-25;363,-7,-5;364,5,-7;369,19,-21;377,-14,-24;408,-5,29;414,-4,-29;416,-2,-1;420,4,12;426,4,-6
travessa||amazonas|doutor geraldo|37660000|10,-2255214,-4578414;11,-8,2;20,-3,0;21,1,-16;30,2,0;31,-4,1;40,10,-16;41,-10,3;50,0,-10;51,4,-4
travessa||ananias simoes de almeida|centro|37660000|135,-2254788,-4577715;161,6,-106;170,6,105;332,-10,-129;336,-12,7;348,14,3;357,-9,23;403,11,29;404,-7,15;406,-1,-4;407,9,-4;409,-3,6;415,-2,10;420,21,-19;422,-7,10;430,-7,24;435,162,-54;468,-152,85
travessa||antonio bueno caldas|centro|37660000|29,-2254986,-4578345;30,5,-29;31,-7,35;39,6,4;42,-2,7;44,3,-6
travessa||antonio lopes lima|residencial paraiso|37660000|30,-2254879,-4577074;32,7,-6;40,5,1;48,6,-2;50,4,3;60,3,-7;70,9,-6;95,16,-13;101,14,-8
travessa||antonio nogueira de carvalho|centro|37660000|19,-2255448,-4577766;20,2,0;30,-2,11;40,-3,9;58,2,14;151,-3,-46;165,2,-12
travessa||arnobio dantas|centro|37660000|30,-2254847,-4577525;435,-14,-23;436,15,-8;521,-9,44
travessa||bueno brandao|centro|37660000|4,-2254923,-4577592;11,22,-12;20,-3,10;23,6,-12;33,4,-1;43,4,-13;47,-23,-267;50,29,283;53,-5,-4;55,-5,-12;56,18,8;79,10,-25;82,5,4;177,-61,-57;181,-6,-15;195,-3,-8;203,4,-21;208,11,1;217,-10,-7;225,-5,-10;226,7,16;228,2,-20;237,-5,-7;248,0,-14;251,-4,0;258,13,-2;261,-12,-13;266,4,8;276,0,-16;281,-1,-5;292,-2,-1;293,-6,-10;303,3,-10;310,4,-3;313,-2,-4;322,8,-13;323,-11,-1;329,1,-1;340,5,-5;343,-10,-3;363,0,-21;390,4,-23;393,-5,-4;403,7,-10;413,-5,-21;418,4,8;453,-8,-43;455,-1,26;458,5,-24;466,0,0;477,-5,-23;482,13,5;491,-8,-13;496,3,-6;504,-1,-8;617,-5,-107;621,2,-7;630,-2,3;641,5,-3;649,7,-44;653,-14,29;657,-9,-19;713,1,-61;723,-2,-6;733,1,-11;755,-5,-13
travessa||cid barros|centro|37660000|10,-2255287,-4577717;11,-10,3;25,-6,-111;28,13,99;32,-16,-117;35,7,4;50,33,3;69,-30,80;72,-8,-127;73,2,122;79,21,-12;81,-42,-6;90,31,80;92,-14,-186;93,4,48;105,2,-70;113,-4,-3;114,-2,21;116,-2,-61;127,0,9;137,3,0;138,-2,3;139,-2,-12;140,5,12;141,-6,-14;142,6,12;143,-3,-10;146,1,2;147,0,-14;155,-2,-3;156,0,5;161,3,-9;163,-1,-1;169,4,-11;679,9,-17
travessa||dandalo muniz barreto de carvalho|residencial paraiso|37660000|18,-2254943,-4577383;20,-21,79;24,1,4;25,-6,-9;28,19,-54;29,-16,45;45,10,-47;55,6,-21;65,10,-5
travessa||dinah carvalho barros|residencial paraiso|37660000|10,-2254760,-4576914;16,-28,12;20,2,-4;50,32,-15;64,10,-2
travessa||espirito santo|doutor geraldo|37660000|16,-2255128,-4578473;26,2,-1;36,-3,-12;46,-9,-14;56,-1,-5;66,0,-9
travessa||espirito santo|dr geraldo|37660000|76,-2255151,-4578530;80,3,-1;96,-11,-38
travessa||fernando soane gomes|centro|37660000|10,-2254934,-4578440;36,-10,-20;42,23,24;48,9,-4;56,-24,5
travessa||francisco tertuliano neto|centro|37660000|10,-2255486,-4577786;30,-17,20;39,5,5;42,-5,7;49,15,0;52,-18,10;53,7,-6;58,-19,40;92,7,6;132,0,15;134,3,7
travessa||goias|doutor geraldo|37660000|16,-2255153,-4578435;20,1,0
travessa||idalino mendes carvalho|residencial paraiso|37660000|21,-2255029,-4576810;31,2,-10;64,21,-37;70,14,-13;75,-10,-10;76,11,-2;81,-3,-4;84,4,-1;85,-2,-9;119,21,-43;125,-1,-1
travessa||joao braga|centro|37660000|27,-2255705,-4578018;34,18,-33;45,5,-11;77,-5,14;79,20,-51;84,-1,-1;87,5,-8;95,0,-4;100,7,-2;105,-5,-8;106,0,-7;110,-2,-4;115,-29,100;119,35,-97;125,-27,80;128,32,-98;1105,-38,81;1109,9,-4;1123,-2,12;1126,14,-31
travessa||joao braga|vila sao luiz|37660000|3,-2255748,-4577898;7,-6,12;13,-2,7;15,2,1;29,0,4;33,-9,9;43,0,10;51,-10,5;63,2,15;66,1,-5;75,-6,28;81,0,-7;86,-6,9;178,22,-63;186,4,-11;194,8,-10;196,-6,7;198,3,-3;218,2,-10;222,10,-18;232,-3,0;233,5,5;237,20,-52;240,-20,39;250,7,-5;252,0,-11;253,-2,22;264,5,-27;270,-1,9;276,7,-26;293,8,-15;295,4,-3;296,-6,3;297,-10,11;306,11,-17;313,18,-11;317,-43,75;318,30,-77;322,0,-3;326,-58,145;328,63,-152;338,-62,162;361,22,-54;373,-37,92
travessa||joao pinheiro|centro|37660000|98,-2255238,-4578099;363,0,-60;418,-8,42;421,4,9;425,-7,-22;429,19,-3;433,-10,12;437,-3,-12;438,8,-8;444,0,-7;449,-5,2;457,2,-2;465,3,-10;493,-10,-19;499,12,-11;508,-3,-14;509,-9,2;514,-10,-15;520,21,-5;521,-15,13;529,-3,-145;530,1,131;533,10,2;536,-3,-8;544,10,-6;553,-7,-1;554,3,-2;558,10,-14;560,-8,0;565,-6,7;570,3,-16;573,-6,9;575,0,-29;577,2,-17;585,-5,-13;595,-2,-15;615,2,-16;620,8,30;628,-3,-13;629,-5,-23;636,2,16;644,2,-6;645,-10,-30;652,8,21;655,-5,-39;660,0,34
travessa||joao remo de faria|novo horizonte|37660000|11,-2255240,-4577344;20,71,11;21,8,4;23,1,0;30,-14,5;31,4,-10;35,-5,-6;55,-48,-3;65,-19,-4;68,31,5;84,-11,-3;94,-20,-17
travessa||joaquim domingos|centro|37660000|7,-2254923,-4577675;23,-33,-17;31,5,-7;36,1,-5;39,-12,-11;49,-3,5;58,10,-13;59,-15,-5;60,13,12;70,-13,-20;119,85,86;131,-8,-6;141,-14,-7;147,-9,-7;151,-3,-1;157,-2,1
travessa||jose dias de medeiros|alto da gloria|37660000|2,-2255842,-4578259;4,-7,12;17,5,-9;26,3,-5;29,5,-3;38,-2,-10;43,1,-9;53,3,-6;58,2,0;63,1,-9;75,5,-12;85,3,-7;90,0,-2;93,5,-11;102,-3,-8;103,-15,-4;105,17,-6;122,14,-10;133,-3,-20;142,1,11;168,9,-21;178,5,-7
travessa||maria de lourdes damasceno|vila frei orestes|37660000|16,-2254318,-4577762;89,6,7;365,-9,-4;366,5,1;370,6,12;380,0,-10;400,-12,-10;620,10,33;630,17,8;632,-8,-2;870,5,21;875,2,7;880,0,7;900,2,-9
travessa||minas gerais|doutor geraldo|37660000|10,-2255038,-4578482;16,-7,1;20,4,-13;21,-4,20;26,3,-24;29,-8,13;30,7,-14;31,-4,-5;34,-1,-4;35,15,18;40,-12,-25;41,-2,11;44,-9,-20;51,1,5;61,2,-7;65,-2,0;67,11,-3
travessa||minas gerais|dr geraldo|37660000|76,-2255051,-4578544;84,-5,-16;91,-6,-10;111,7,-25
travessa||parana|doutor geraldo|37660000|20,-2255286,-4578426;21,1,-6;30,1,-9;31,5,-3;40,-3,-4;41,1,-9;50,1,-2;51,0,7
travessa||pedro ciriaco|residencial paraiso|37660000|10,-2255127,-4577050;16,-15,-3;20,15,17;36,-9,-7;42,-6,7
travessa||piaui|doutor geraldo|37660000|20,-2255249,-4578424;30,-4,-2;31,-2,-9;40,5,-7;41,-7,-4;50,10,-9;51,-5,-3
travessa||rio de janeiro|doutor geraldo|37660000|10,-2255102,-4578459;11,-5,-29;17,-3,11;21,3,-4;26,9,10;28,-3,9;30,-5,-9;31,-6,-22;32,10,11;36,0,5;41,-11,-24;42,3,14;46,2,1;50,-1,-14;56,1,-13;60,-2,3;61,-1,11;65,-4,-11;66,-4,-9
travessa||sao paulo|doutor geraldo|37660000|16,-2255072,-4578467;20,-2,-4;21,-2,-1;25,2,1;28,0,-4;30,3,-12;31,-4,9;34,3,-11;35,-8,2;38,3,-9;41,-5,9;45,2,-9;46,1,-2;50,-11,-14;51,13,21;55,-3,-7;59,-6,-12;60,5,2;61,-2,-2;65,-7,-12
travessa||sebastiao apolinario|residencial paraiso|37660000|21,-2254854,-4576674
travessa||sebastiao jose de barros|centro|37660000|5,-2255228,-4577742;10,14,-34;20,-2,-9;25,-6,53;30,5,-59;36,-4,-16;37,-1,71;77,-6,-10;84,10,-3;111,-8,-63;121,5,-12;122,3,1;125,-8,1;129,0,-11;130,7,100;137,-10,-104;138,6,5;145,-8,-14;146,9,-6;175,-5,-27;182,-1,-8;191,0,0;199,-1,-10;200,-4,-4;204,0,-12;206,8,-22;208,-2,-8;210,-5,-5;212,12,1;218,-12,-5;228,5,-2;241,-6,11;245,5,-12;248,-13,-39;261,12,34;269,-10,-18;271,4,11;277,1,-8;283,26,3;285,-10,0;287,-13,-7;327,3,126
travessa||sem denominacao 01|centro|37660000|5,-2254842,-4578590;507,-6,3;509,-6,4;511,-12,19;523,25,-12
travessa||sem denominacao 01|vila frei orestes|37660000|1100,-2254415,-4577640;1103,-1,9;1108,1,-2;1110,1,2
travessa||sem denominacao 02|lavapes|37660000|1732,-2253777,-4577518
travessa||soledade|centro|37660000|7,-2255664,-4578176;18,12,-10;49,-7,-38;57,3,-16;73,2,2;95,-4,-33;133,-10,-36;137,9,4;138,12,1;141,-13,-12;146,17,1;147,-19,-5;157,3,-6;170,8,-17;171,-11,3;180,3,-14;181,-1,9;189,0,-7;190,5,4;193,-8,-14;194,14,-22;196,-8,42;200,3,-43;211,-7,4;230,0,-23;237,-3,0;244,3,1
travessa||walter de lima brandao|centro|37660000|505,-2255320,-4578291;515,0,-10;519,-1,-15;525,-1,4;529,-3,-9;530,1,-5;541,1,-7;542,3,-1;554,0,-11;565,-2,-6;575,-2,-19;585,4,-20;586,3,17
viela||cinco|residencial paraiso|37660000|11,-2254693,-4576790;149,-10,6
viela||da esperanca|centro|37660000|121,-2255043,-4577822;131,-14,-9;136,3,-2;156,-26,1
viela||dias|centro|37660000|39,-2255273,-4577737
viela||jair procopio santos|centro|37660000|306,-2255709,-4578362
viela||joao augusto simoes|centro|37660000|10,-2255204,-4577771;15,-1,2;25,2,-6;30,13,12;35,0,-5;40,12,6;45,2,-2;50,5,2;55,2,4;60,1,-4
viela||manoel machado de castro|novo horizonte|37660000|10,-2255435,-4577302;70,-9,-7
viela||projetada 1|boa vista 2|37660000|28,-2254190,-4577386;36,-3,14;47,-7,23;48,6,-24;52,-2,13;59,9,-32
viela||projetada|dr geraldo|37660000|140,-2255284,-4578639;144,-4,-16
viela||quatro|residencial paraiso|37660000|134,-2254954,-4577089
viela||sao benedito|vila sao luiz|37660000|1187,-2255653,-4577946;1237,-2,8;1251,1,9;1347,3,-6
viela||seis|residencial paraiso|37660000|333,-2254742,-4576766;717,-19,9;719,15,-11
viela||sem denominacao 01|centro|37660000|123,-2254591,-4578481;125,-7,18
viela||sem denominacao 02|centro|37660000|48,-2254582,-4578495;131,-5,39;411,4,-33
vila||cristo rei|alto da gloria|37660000|14,-2255999,-4577911;20,-14,-1;23,14,-4;25,-11,2;26,-14,0;31,6,-3;32,-4,7;36,0,-2;37,1,-7;43,-11,3;46,-5,1;49,0,-1;55,-1,-4;56,-1,3;59,-8,-5
vila||torre|alto da gloria|37660000|10,-2255984,-4577938;11,-1,-5;15,2,-5;20,-1,-1;21,2,-5;23,2,-1;29,-2,-4;30,-4,0;33,6,-11;34,-3,0;35,-3,0;39,2,-2;43,-2,-3;47,-8,-10;56,9,-6;62,-2,5;66,1,-11;71,-4,-1;73,5,9;100,2,-5;311,-6,20
