beco||do temaia|santa luzia|37900540|20,-2071336,-4660254;30,-5,8;40,-5,4;50,-2,2;60,-3,4;70,-6,6;80,-3,5;90,-4,4;100,-5,2;110,-2,3;120,1,2
beco||trovador|novo horizonte|37901180|15,-2073474,-4660080;26,-13,14;28,2,-6;34,11,-8;80,46,101;84,-20,2;86,12,-10;232,-25,-91;246,-4,6;250,10,9;260,15,31;330,6,-14;340,-4,11;360,-2,3;370,-6,10;380,-3,7;390,-9,6;400,-3,8;410,-8,9;430,-2,4;440,-7,4;450,-5,5;460,-6,10;470,-5,7
estrada||do tanquinho|tanquinho|37904899|1,-2088810,-4658126;25,138,3106;26,-136,1352
estrada||estrada mumbuca tamakuan|mumbuquinha|37904899|26,-2088151,-4661746;348,1396,910;349,-1570,1017;1920,83,-2116
estrada||taquaracu|mg 050|37902407|15,-2070035,-4644728
estrada||taquarucu|areias|37904899|8,-2076317,-4651705;11,-322,696
estrada||taquarucu|taquarucu|37900001|12,-2077354,-4646746;22,1476,-1137
estrada||toledos|toledos|37900233|7,-2050295,-4676964;29,-1786,-1069;38,1583,2267
praca||trindade|penha|37903006|110,-2071548,-4661584;120,-4,-17;128,-4,0;140,-4,-15;148,-2,-1;156,-5,-22
praca||trindade|santa casa|37903006|10,-2071652,-4661573;16,9,-7;36,29,13;44,9,-3;104,45,-7
rua|engenheiro|jean regis de souza silveira teodoro|jardim florenca|37904708|71,-2069375,-4661064;81,1,6;91,3,10;101,5,10;111,-1,14;121,0,11;131,-8,6;151,3,11
rua|maestro|jose terra|cohab iv|37903489|6,-2072153,-4663616;20,48,14;30,-12,-3;40,-7,-8;50,-7,8;60,-22,8;63,-18,-10;73,6,-57
rua|santa|tereza|centro|37900156|5,-2072052,-4660544;16,27,4;32,-2,-5;42,12,11;49,11,1;54,2,-12;72,8,19;75,4,43;85,20,-30;86,-20,-11;100,8,-7
rua|santa|terezinha|sao francisco|37902082|19,-2072631,-4661755;30,-8,-11;35,-16,18;40,-15,-16;45,10,12;48,-1,-6;52,-10,-25;58,-7,15;59,10,23;63,-10,-8;65,1,0;70,4,-6;75,-5,9;77,-23,-15;83,7,21;91,-9,-5;92,6,-6;98,-7,5;120,-26,-13;130,-13,1;133,5,11;150,-20,-30;153,27,25;157,-24,4;160,-12,1;165,-6,4;172,-9,-18;180,-3,3;181,3,10;184,-4,2;193,-5,-2;197,-5,-13;204,-9,9;209,-11,5;211,1,-3;215,-6,6;225,-15,4;269,40,-36;314,178,28
rua|sao|tome|sao francisco|37902056|8,-2072633,-4661573;10,-2,-3;12,1,-9;14,4,-3;22,-1,-7;27,-3,-11;30,3,4;38,2,-10;39,-3,-5;42,2,3;48,6,-6;50,-5,-6;54,5,-12;66,2,-6;67,1,-6;78,0,-14;79,-9,1;81,4,-11;84,5,0;85,-6,3;89,2,-9;91,1,7;96,3,-8;97,-6,-6;98,6,1;101,-2,-12;106,2,2;327,-8,82
rua||alameda dos tucanos|vila romana|37901791|35,-2074476,-4661243;36,2,-7;45,-5,7;46,-4,-8;55,-16,36;56,2,-37;70,-11,7;71,8,25
rua||das tulipas|california|37904118|61,-2070710,-4661464;71,-14,-12;85,-8,-11;95,-8,5;107,-6,-2
rua||das tulipas|jardim panorama|37904118|26,-2070695,-4661449;36,0,-13;42,-13,-1;48,2,-1;72,-9,-12;84,-18,-8;100,-9,0;108,0,-12;336,-133,-78
rua||dos tapajos|nossa senhora aparecida|37901524|651,-2074112,-4660836;1634,-18,36;1690,-5,4;1700,-8,-2;1742,-45,14;1744,1,0;1754,-9,-9;1755,4,14;1760,-7,-1;1766,-10,-1;1767,6,14;1778,-8,-7;1779,-1,5;1785,-8,3;1790,0,-4;1791,-2,7;1800,-16,2;1803,4,2;1804,-2,-4;1814,-15,6;1815,11,-3;1823,-10,8;1826,6,-8;1827,-10,7;1831,-8,2;1838,2,-2;1839,-7,2;1841,-3,6;1845,-3,-12;1848,-7,6;1850,3,-6;1875,-26,23;1885,-11,4;1887,-3,1;1890,2,-11;1897,-2,7;1898,-8,-11;1899,-5,23;1911,-4,-2;1912,-3,-5;1921,-3,6;1923,-8,1;1935,0,-2;1947,-19,9;1949,5,-4;1959,-11,4;1965,-1,4;1971,-16,0;1984,-20,-3;2003,-4,14;2007,0,10;2019,-14,-14;2031,-16,16;2043,-4,-3;2055,-8,9;2067,-14,1;2070,-3,-5;2079,0,9;2080,-11,-8;2082,-2,3;2083,-11,8;2087,9,-5;2091,-11,2;2095,2,4;2101,-8,2;2141,-36,10;2148,-1,2;2151,-18,9;2152,12,-7;2155,1,0;2163,-19,4;2174,-10,2;2175,-4,6;2186,0,-2;2187,-10,8;2194,-3,-7;2198,-6,1;2199,4,4;2211,-13,6;2212,8,-15;2218,-15,8;2222,-7,5;2223,7,2;2235,-7,6;2237,-6,4;2250,-2,-9
rua||dos tocantins|nossa senhora aparecida|37901530|124,-2074201,-4660962;131,-16,10;134,10,-8;141,-18,11;144,4,-11;151,-10,12;154,4,-9;155,-9,7;161,-3,6;164,6,-8;171,-14,12;174,3,-12;181,-14,15;184,3,-12;191,-9,15;201,-14,3;202,10,-8;211,-16,10;214,4,-10;217,-9,9;224,7,-5;228,-10,-1;230,-2,2;231,-2,12;243,-5,-2;244,0,-10;247,-10,13;255,-4,4;256,3,-6;265,-10,8;270,-17,-9;294,-15,12;307,-9,11;314,-12,-8;315,0,11;318,-7,-2;326,-4,-4;327,7,6;338,-18,-1;339,-2,10;348,-5,-8;351,-2,10;352,-4,-9;363,-8,12;364,2,-10;370,-5,0;375,-6,15;376,4,-12;386,-14,7;387,7,7;388,-27,-8;435,-32,26;439,12,-7;447,-22,7;459,-10,7;460,0,-2;471,-13,8;480,4,-5;483,-6,5;484,-4,-6;488,-1,-1;490,0,-6;496,-15,12;505,-7,10;506,3,-8;507,-5,6;542,-35,-8;557,-12,23;567,9,0;581,-25,-2;585,-5,7;591,0,-1;592,-4,0;594,11,1;596,2,-4;598,-4,4;602,-20,-5;603,-7,12;604,3,-5;610,-1,0;611,12,2;615,-20,4;616,-1,0;617,1,0;622,-5,1;627,-3,2;628,-3,-3;633,-3,6;640,-9,-6;641,-6,10;651,-1,5;652,0,-4;664,-12,-2
rua||dos tupinambas|nossa senhora aparecida|37901534|517,-2074498,-4660581;527,2,0;538,-5,-10;539,-1,8;540,0,-10;551,-4,3;587,-9,-44;591,-6,-23;593,0,5;594,10,-1;599,-12,-6;606,11,2;623,-15,-14;635,-5,-13;644,3,-13;647,-10,-5;659,-1,-8;666,8,-7;683,-18,-26;695,-6,-20;706,7,-5;707,-8,6;730,-9,-22;731,6,-4;742,3,-13;746,-6,-3;747,-7,-1;753,2,-5;754,1,1;755,-11,-7;767,1,-7;778,8,-3;790,-3,-22;802,-3,-16;809,-10,-10;814,8,3;815,-3,-7;826,0,-3;827,-8,5
rua||dos tupiniquins|nossa senhora aparecida|37901526|5,-2074116,-4660842;19,-8,4;20,-11,-24;23,3,6;30,-15,-2;40,-8,3;46,-3,-1;50,-13,10;76,-16,8;89,-20,10;90,8,-11;97,-11,4;103,1,7;113,-11,3;125,-10,1;137,-10,8;140,-5,-39;150,-3,32;151,-8,7;162,-10,0;168,-1,-1;171,10,-2;174,-12,-1;175,-3,5;186,-8,0;196,-10,3;199,17,6;232,-49,5;238,-12,6;239,2,10;245,-14,4;246,0,-25;257,-5,23;258,3,-15;278,-25,15;414,-128,44;415,-22,11;426,16,-13;427,-6,12;475,-51,15;476,-1,-7;485,-8,9;486,5,-6;490,-1,0;497,-18,15;498,5,-11;510,-4,4;514,-5,2;521,-17,8;522,13,-6;528,-7,0;534,-15,4;545,-5,13;546,1,-9;557,-14,12;558,4,-9;569,-9,12;570,-3,-4;571,-10,8;580,9,-14;583,-18,21;595,-11,2;596,14,-19;606,-5,5;607,-16,13;616,9,-12;619,-23,15;632,7,-13;671,139,-45;680,24,-4
rua||elvira mattarelo toscano|jardim florenca|37904714|40,-2069448,-4661173;60,-21,44;100,-4,19;230,-53,120;240,0,4;250,2,12;260,5,8
rua||onofre rodrigues teixeira|coracao eucaristico|37903362|27,-2071397,-4662900;39,-12,-5;44,5,-7;51,-16,4;52,8,-6;60,-6,-1;63,-18,5;68,5,-6;73,-11,6;76,7,-4;83,-16,2;84,10,-3;92,-7,-4;93,-8,10;100,-2,-11;103,-10,8;108,1,-8;113,-7,3;116,3,-7;124,-14,0;132,2,4;140,-8,-6;143,-4,9;148,0,-9;153,-8,10;156,-3,-4;160,-8,-10;163,7,8;173,-13,-2;174,1,-3;183,-3,5;192,-13,-11;193,0,5;202,-9,-8;203,1,9;210,-6,-9;213,-5,9;217,11,-3;220,-13,-9;223,-2,8;230,-11,-3;233,-4,0;243,-4,8;246,0,-10;247,-9,2;253,-2,0;254,2,-3;262,-6,-2;263,-17,3;270,6,-8;273,-17,1;278,12,-2;283,-21,3;286,19,-5;292,-20,3;293,-11,4;294,7,1;295,-6,1;313,-25,-8;320,6,-9;324,-6,2;328,-8,1;336,-8,-6;344,-7,6;352,-10,-9;360,0,-1;368,-9,-2;376,-10,-2;382,-7,6;390,-4,3;398,-11,-3;406,-9,-3;414,-5,-3;430,-10,-6;438,-15,5
rua||rio tiete|jardim harmonia|37900552|1108,-2070398,-4659677;1118,9,5;1128,6,7;1138,5,9;1148,14,7;1158,-1,2;1168,15,8;1176,3,11;1184,8,-5;1192,-6,11;1200,16,8;1208,3,4;1216,7,10;1224,4,0;1232,6,10;1240,6,6;1248,7,2;1256,6,12
rua||rio tiete|jardim harmonia|37900630|940,-2070520,-4659815;950,4,7;954,7,14;958,3,2;962,10,6;972,0,8;982,13,3;992,7,9;996,4,5;1002,1,1;1012,8,7;1022,5,8;1032,7,3;1042,8,13;1052,7,-1;1062,12,23
rua||rio tiete|santa luzia|37900552|69,-2071136,-4660453;79,1,6;80,-1,4;81,1,-6;82,6,16;85,0,-5;99,24,17;105,2,9;117,9,7;118,-14,-3;120,4,4;129,18,4;130,-4,-1;134,3,7;141,9,6;142,2,2;153,6,2;154,-5,6;165,18,5;166,-8,7;176,4,7;177,6,-11;180,3,10;190,1,-3;201,18,12;202,-11,6;213,21,3;221,-7,12;231,7,7;233,-1,3;235,16,1;274,2,15;276,14,13;279,0,-4;280,9,9;281,-1,-7;283,3,1;289,8,11;311,8,12;312,-11,-3;314,2,-1;316,7,-1;323,11,9;324,-12,-8;329,10,7;335,4,9;336,-3,4;337,7,0;346,-3,7;347,11,1;356,-2,1;359,9,0;360,-9,5;365,9,0;370,-6,4;371,17,0;383,0,4;384,-3,11;389,8,-8;390,2,11;401,9,1;403,0,11;460,27,34;469,13,-2;470,-9,3;481,19,9;482,-12,-1;493,17,8;494,-12,8;496,6,-4;504,7,7;505,10,8;506,-2,-13;510,7,8;512,-5,6;514,2,0;529,7,1;530,4,9;540,0,1;553,19,10;554,-10,2;560,10,8;563,4,1;620,34,33;630,7,3;639,7,7;640,-3,3;648,5,2;650,6,6;651,1,2;663,7,1;664,-5,3;670,3,7;675,9,1;676,-1,-4;687,10,17;688,-7,-5;691,7,2;700,0,2;702,2,5;703,11,0;712,-5,5;717,20,5;723,-1,7;724,-15,-2;731,27,16;732,-15,-10;734,5,4;735,1,-4;738,6,3;760,9,28;770,12,10;776,10,8;785,1,-5;788,8,14;795,7,-1;797,4,0;798,-11,1;799,15,4;800,-8,4;808,-9,9;815,22,-3;818,3,-3;819,8,9;825,9,-3;847,1,18;857,6,5;859,4,2;869,10,11;879,7,5;895,9,7;911,1,7;915,7,5;919,9,10;921,4,5;931,29,28;937,6,5;941,4,2;943,6,5;949,4,9;955,7,5;959,4,8;961,2,2;969,16,-11;979,-3,24;989,5,0;999,9,8;1019,6,6;1029,11,9;1033,-1,2;1037,8,12;1039,0,-14;1045,9,22;1055,5,5;1129,32,32;1139,2,1;1149,8,14;1159,9,4;1169,0,8;1171,7,3;1179,8,1;1189,7,11;1199,4,7;1209,24,-4;1219,0,11;1229,-13,6;1239,4,8;1249,7,7;1259,10,5;1275,22,31;1347,-482,-495
rua||sebastiao teofilo|nova california|37904567|10,-2070292,-4662000;11,2,-5;20,9,-6;21,-3,-2;30,9,-3;31,-7,-2;40,10,-3;41,-3,-6;50,6,2;51,-2,-3;60,12,-13;61,-7,3;70,9,-8;71,-5,1;80,14,-7;81,-8,-4;90,7,-6;91,-2,1;100,8,-9;101,-1,-7;110,5,0;111,1,-3;120,9,-7;121,-5,-8;130,10,2;131,0,-14;140,-1,13;141,4,-19;150,3,10;151,-8,-1;160,22,-8;161,-9,-4;170,12,-6;171,-7,2;180,12,-12;181,-6,1;190,7,-5;191,0,-14;200,3,11;201,1,-7;210,10,-4;211,-2,-6;220,5,-3;221,1,-6;230,6,-5;231,-2,2;240,7,-10;241,2,-7;250,4,2;251,-3,-5;267,11,-11;270,11,-7;271,-1,-3;280,2,-8;281,2,1;290,7,-7;291,64,-56;300,-53,49;301,6,-19;310,4,14;311,-3,-10;320,9,6;321,-7,-8;330,12,0;331,-15,-1;340,24,-7;341,-6,0;350,11,-4;351,-8,2;360,12,-3;361,-3,-7;370,15,-3;371,-6,-3;380,8,-5;381,-2,0;390,13,-5;391,-6,-3;400,8,2;401,-13,4;410,23,-17;411,-3,1;420,8,4;421,1,-16;430,7,6;431,-5,-8;440,15,0;441,-7,-4;450,6,4;451,1,-12;460,9,1;461,0,-9;470,10,0;471,4,-3;480,2,-1;481,-1,-8;490,15,-5;500,12,-3;501,-12,-2;510,12,-7;511,-7,0;520,14,-10;521,-3,3;530,6,-6;531,0,-1;540,6,0;541,-3,-9;550,11,-2;551,-3,-4;560,14,-1;561,-4,-5;570,8,-5;571,0,0;580,9,-3;581,0,-4;590,5,-3;591,4,-2;600,4,-5;601,5,-6;610,1,1;611,4,-1;620,4,-2;621,-3,-7;630,12,1;631,-5,-9;640,12,-3;641,-5,-2;650,6,1;651,2,-9;660,8,0;661,-2,-5;670,16,5;671,-11,-20;680,14,8;681,-6,-3;690,14,-3;691,-6,-4;700,16,-2
rua||tabajaras|nossa senhora aparecida|37901525|15,-2074456,-4660705;23,-2,-4;35,-5,-13;39,1,-3;50,-11,-46;71,-3,21;83,9,-12;95,-11,-15;107,-4,-11
rua||tamareira|recanto dos pinheiros|37904614|131,-2069894,-4660803
rua||tamares|nossa senhora aparecida|37901527|12,-2074372,-4660732;22,-5,-13;34,-1,-4;46,-6,-11;80,-1,-38;94,-3,-15;98,-5,-4;106,-1,-4
rua||tamoios|sao francisco|37902066|10,-2072458,-4661633;19,6,5;20,-7,-2;26,-5,3;58,-30,-10;70,-2,9;80,-14,-3;88,-65,3;108,40,-12;110,-5,-4;120,-9,4;121,1,9;130,-8,0;133,7,5
rua||termopolis|muarama|37902346|20,-2073230,-4661553;27,-12,-10;30,10,-3;39,-12,-6;40,9,-2;50,-3,-14;51,-1,15;60,0,-24;63,-7,6;70,4,-15;87,-11,-12;109,-2,-22
rua||terrace|jardim canada ii|37901614|27,-2075183,-4660968;37,-6,-4;47,-6,-1;67,-16,-22;77,-6,-1;87,-6,-5;97,-5,-12
rua||texas|jardim eldorado|37902110|11,-2073251,-4662368;12,9,1;23,-8,-7;35,7,-11;36,11,8;59,6,-33;71,4,0;72,4,7;84,5,-6;95,-1,-26;111,8,-7;119,6,-13;120,6,4;132,13,-9;156,4,-19;167,1,-12;168,8,2;178,4,-7;187,-8,-5;188,14,-5
rua||texas|sao francisco|37902110|245,-2073147,-4662536;249,0,-7;250,4,11;310,31,-37;320,4,-6
rua||tico tico|nossa senhora das gracas|37902394|16,-2073584,-4660767;20,-1,-2;27,-11,-4;28,2,-6;31,-8,6;37,-5,-16;40,7,8;51,-15,-6;52,10,-3;87,-31,-26;91,-16,-9;100,7,-7;112,-5,-2;124,-3,-7;125,-26,-12;128,17,0;130,-8,2;136,7,-1;148,-11,-8;160,-8,-7;172,-7,-13;184,-9,-3;186,2,-1;188,-3,-6;194,-15,-2;198,7,-9
rua||timoteo|cohab|37903206|7,-2071068,-4662676;11,6,-2;18,7,7;28,0,-13;33,-4,-9;37,10,-14;38,1,5;47,-6,-12;48,8,7;57,-1,-23;58,5,9;67,-5,-13;68,5,10;77,1,-26;78,7,6;87,-1,-12;88,-1,7;97,6,-23;98,-3,5;107,4,-4;108,5,-2;117,-2,-17;118,9,2;127,-3,-9;128,5,-1;137,-1,-12;138,6,4;157,-10,-19;167,1,-2;177,8,-13;187,14,-21;197,3,-7;207,14,-26;217,-4,-2;227,4,-1;237,12,-25;247,0,0;257,5,-14;267,3,-13;277,-9,-26;297,18,-8;307,10,-6;317,2,-11;327,4,-17;337,6,-9
rua||timoteo|coimbras|37903206|158,-2071003,-4662829;164,3,-8;168,3,-4;178,6,-12;188,2,-4;198,6,-11;208,2,-13;218,3,-14;228,7,-10;238,4,-11;248,6,-7;258,0,-16;268,8,-10;278,8,-23;298,7,-2;308,3,-15;318,1,-1;328,0,-15;338,13,-9;360,5,-26;366,5,-11;370,0,-13;372,3,5;384,0,-12
rua||tiradentes|canjeranus|37900526|121,-2071271,-4660594;139,17,22;145,4,5;151,-2,4;153,-2,5;159,3,11;189,-1,10;211,0,29;233,-5,20;247,25,22;249,34,10;257,-23,-2;263,-19,7;269,14,-2;333,-18,88;338,-14,1;342,11,8;350,0,7;364,2,7;371,-4,-29;372,7,36;384,1,11;390,0,16
rua||tiradentes|carmelo|37900526|204,-2071267,-4660512;206,-1,-1;230,-4,35;250,11,16;262,0,18;272,-2,-1;276,3,-1;280,2,16;290,3,7;308,0,20;310,1,-1;316,-1,5;322,0,12;323,-3,-6
rua||tiradentes|polivalente|37900181|7,-2071362,-4660798;9,12,4;21,7,27;29,-6,-14;32,47,114;35,-39,-66;37,52,77;41,-9,-20;47,9,25;57,1,4;67,3,8
rua||tiradentes|polivalente|37900526|10,-2071364,-4660797;20,7,16;26,50,113;28,0,0;36,8,8;50,5,9;60,-1,8;110,12,37;112,17,16;148,-11,18;150,0,4;174,10,22
rua||toledos|sao benedito|37900204|2,-2072274,-4660221;4,-3,10;8,3,5;10,-4,3;18,1,7;19,3,4;28,-9,0;32,8,20;44,18,112;50,-24,-190;54,20,172;60,-4,-151;66,-13,-1;67,17,83;69,-5,0;70,-10,-75;80,-8,75;83,24,7;84,-1,6;85,-7,-1;93,6,-1;149,0,56;161,1,12;177,5,16;179,2,7;181,-7,-5;190,-1,14;191,1,0;199,-1,-4;202,2,25;205,-1,-12;211,8,10;212,-1,6;218,5,20;219,-3,-13;229,-5,12;230,1,0;236,3,13;247,4,-6;253,-1,11;290,2,22;295,7,-4;296,0,-5;300,11,10;306,-11,14;307,0,-12;309,-1,17;316,5,7;320,17,7;329,-18,-8;333,3,8;339,13,0
rua||topazio|aclimacao|37901724|17,-2074986,-4659868;27,1,11;29,-1,2;30,-8,-2;42,-2,9;54,2,14;65,8,16;66,-10,0;77,6,16;89,4,9;90,-17,5;101,18,4;102,-11,-5;114,-2,15;137,12,27;138,-9,-2;144,0,9;149,5,-1;162,-8,9;166,1,9;174,0,7;180,0,2;199,7,-2
rua||toquio|muarama|37902436|21,-2073487,-4661417;33,-1,-11
rua||toronto|jardim canada ii|37901646|6,-2075083,-4661397;15,3,11;16,-3,0;19,5,7;25,-4,1;26,-6,-3;29,3,8;35,-8,9;36,0,-7;39,0,7;45,0,0;46,-6,0;55,3,9;56,-4,-4;65,-2,15;66,-8,-3;75,1,9;85,-6,5;86,-12,-6;96,-1,18;106,-2,11;135,-7,13;145,-7,9;146,1,6;156,-6,6;160,-11,2;165,3,6;166,1,-17;176,-8,21;186,-7,3;195,7,7;196,-9,-5;206,-1,18;216,-8,1;225,-1,16;226,-9,-9;235,-6,18;246,-9,-3;256,1,13;356,-59,75;366,-6,8;385,-3,18;386,-4,1;396,-16,4;405,10,17;406,-9,-6;415,4,10;416,-12,-7;425,12,14;435,-10,9;436,-6,0;446,-10,1;455,4,15;456,-5,-2;465,0,6;466,-6,4;475,0,2;476,-8,-1;486,-4,6;495,4,15;496,-4,-2;505,0,9;506,-9,-5;515,-11,15;516,6,-10;555,-23,47;575,-6,11;585,-7,9;596,-9,6;600,-2,-6;606,-8,11;615,3,11;625,-6,13;635,-4,5;636,-6,-7;646,-6,9;668,-14,14;675,5,6;676,-8,1;685,0,12;695,-3,11;696,-9,-8;705,-2,15;709,0,1;715,-4,7;726,-14,0;738,-8,7;745,3,16;755,-7,5;766,-11,-3;778,-8,9;785,-1,13;790,1,-13;795,-6,21
rua||traira|jardim vila rica|37901020|41,-2073234,-4659831;94,-50,25;95,-4,20
rua||tripoli|libano|37903706|95,-2073158,-4661753;110,6,10;114,3,-1;119,-7,-6
rua||trovador|novo horizonte|37901180|3,-2073289,-4660153;5,-131,93;17,-6,18;27,-12,16;29,131,-120;37,-129,123;38,125,-127;39,-5,6;40,-2,-4;44,-5,-1;48,-5,1;53,0,8;55,-6,-3;68,-122,134;69,108,-131;72,10,-9;76,-12,0;77,9,7;78,-116,141;81,102,-141;93,-10,-2;95,-8,3;108,-7,-4;109,-9,5;110,0,-5;112,-1,4;151,-13,14;157,-7,10;160,-3,-2;161,0,11;175,-9,12;178,-5,-11;196,-7,16;212,-10,16;415,-19,80;425,-2,3;435,-3,4;455,-8,12;465,-10,3;475,-1,13;485,-8,1
rua||tulipas|jardim panorama|37904118|130,-2070763,-4661505;136,-8,-7;142,-12,-3;154,-12,-12
rua||tupis|sao francisco|37902002|20,-2072104,-4661621;26,2,-1;28,3,-6;38,-10,-9;58,-4,-10;68,-4,-11;86,-3,-6;90,-2,-8;100,-6,-18;112,-3,-10;119,-107,-244;120,106,239;123,-108,-256;130,104,245;138,-5,-11;148,6,-8;158,-7,-4;159,-4,-4;162,-3,-7;169,-1,-8;184,-4,0;187,4,-5;188,-6,-6;195,-4,-6;208,1,-12;209,0,8;214,-3,-15;219,2,0;224,-6,-9;244,-3,-17;252,-11,-29;257,19,47;261,-45,-77;262,14,9;271,-16,-5;272,12,0;283,-19,-23;295,-9,-1;299,9,-5;300,20,8;308,-14,-11;313,-18,-7;314,19,4;326,-12,-5
rua||turmalina|aclimacao|37901704|1173,-2075486,-4660409;1183,-2,11;1201,-19,11;1202,18,-3;1213,8,10;1220,-8,6;1225,5,13;1226,-2,-1;1237,-1,14;1238,-2,-8;1249,7,18;1250,-7,2;1261,9,8;1262,-8,-4;1273,3,19;1274,-4,1;1285,-2,2;1286,0,5;1291,4,5;1297,2,3;1298,-5,7;1309,11,7;1310,-8,6;1321,2,12;1345,-1,27;1357,0,1;1358,-7,6;1361,10,2;1369,-1,6;1370,-10,-1;1382,7,-21;1393,-5,49;1394,-4,-6;1405,12,20;1406,-11,-8;1407,7,4;1417,1,19;1418,-7,-10;1429,0,20;1430,2,-4;1453,4,25;1466,-6,7;1472,-1,12;1477,6,3;1484,-7,0;1489,6,5;1490,-3,5;1495,0,8;1500,-2,-5;1502,-1,8;1509,7,4;1513,0,13;1514,-1,-12;1526,-6,9;1556,-4,38;1567,8,4;1568,-6,-4;1573,3,6;1580,-5,3;1592,3,18;1604,-2,11;1615,7,19;1616,-6,-7;1627,6,14;1628,-7,-2;1640,1,10;1651,6,20;1652,-9,-2;1663,7,2;1675,1,21;1676,-6,1;1687,7,6;1688,-10,1;1699,5,13;1700,-3,-1;1711,4,15;1721,2,14;1724,-5,-9;1793,9,69;1794,-10,-3;1805,4,16;1806,-4,-6;1817,3,20;1818,-5,-11;1830,-2,15;1841,8,21;1848,-6,3;1853,2,7;1854,-2,2;1865,5,4;1866,-5,-4;1868,2,9;1875,4,2;1878,-6,3;1881,4,4;1887,2,5;1890,-9,8;1898,3,4;1906,-2,5;1910,-2,8;3361,9,-131;3386,-11,-30
rua||turquesa|aclimacao|37901702|1275,-2075541,-4660324;1287,-1,24;1295,1,3;1299,0,7;1310,-4,-6;1311,7,20;1316,-12,-6;1320,1,10;1323,9,9;1347,1,10;1348,-12,10;1359,9,13;1367,-1,7;1372,-8,-3;1373,8,9;1383,-5,16;1384,-1,-15;1390,1,14;1395,5,2;1396,-7,4;1402,2,5;1407,4,1;1408,-2,4;1410,-3,8;1414,0,5;1426,-2,4;1432,0,13;1434,0,0;1438,0,4;1444,-2,6;1446,1,6;1448,3,6;1452,-1,16;1453,3,-20;1467,0,4;1479,1,17;1480,-5,10;1491,5,-3;1495,2,11;1504,-7,3;1511,5,17;1513,-1,0;1516,-4,-2;1527,7,15;1557,-3,19;1569,3,107;1581,2,-86;1593,-1,15;1605,-3,7;1617,0,16;1629,-1,7;1641,2,13;1653,-1,15;1660,-5,12;1665,3,-2;1669,4,-93;1700,-15,115;1713,10,24;1725,2,15;1791,0,66;1799,1,-275;1803,0,279;1815,-6,20;1827,2,11;1839,0,14;1851,-4,6;1863,3,9;1874,-3,5;1875,6,3;1879,-7,6;1881,1,13;1887,-4,7;1899,6,-5
travessa|sao|tome|sao francisco|37902060|52,-2072658,-4661637;300,15,-17;309,-15,21;310,5,-8;319,-16,1;332,8,-3;342,-15,2;352,-5,2
travessa||rio tiete|santa luzia|37900566|20,-2070632,-4659892;30,-3,4;40,-8,11;50,-1,5;51,-1,5;828,34,-41
travessa||trovador|novo horizonte|37901180|4,-2073398,-4660143;5,-30,-23;7,1,6;8,43,149;12,-33,-144;18,0,6;28,-7,-4;32,39,134;49,4,10;59,-24,3;60,-3,-4
travessa||trovador|novo horizonte|37901184|5,-2073421,-4660052;17,-13,17;19,26,-7;27,-22,6;30,14,-19;36,3,13;37,-25,21;38,29,-8;41,0,-21;48,2,30;49,-35,12;50,26,-49;57,-6,68;61,-4,-85;185,-2,-10
