avenida||jk|bela vista|37900251|12,-2072023,-4659680;24,-10,-10;34,1,-4;56,-13,-8;86,-21,-11;90,-8,-25;100,-2,6;124,-10,-13;130,-4,-5;140,-13,-10;150,-9,-1;160,-8,-12;170,-14,-11
avenida||jk|belo horizonte|37901000|720,-2072627,-4660135;850,-224,-23;852,-27,1;854,-5,1;1042,-113,27;1052,-26,6;1058,10,1;1062,-10,-2
avenida||jk|belo horizonte|37901503|670,-2072546,-4660085;672,-7,-3;678,-10,-12;686,-7,-1;690,1,-2;696,-29,-15;700,2,4;728,-95,-57;738,-2,9;746,-23,-8;748,0,6;770,-8,-7;774,12,1;782,-19,2;798,-1,-5;800,-21,7;820,-7,-5;842,-35,3;1300,-842,412;1974,-59,5
avenida||jk|jardim colegio de passos|37901000|13,-2072035,-4659678;15,-4,-1;27,-7,2;31,1,-11;41,-3,-4;51,-15,-10;67,-3,-5;79,-17,-14;91,1,-7;103,-10,-11;125,-8,-5;151,-15,-19;163,1,-11;190,-24,-26;193,-4,18;204,1,-21;205,-14,4;219,-8,-9;220,7,0;222,-9,-8;224,7,-4;226,-36,-26;233,21,24;234,13,-6;242,-10,-4;245,-7,8;250,2,-13;257,-4,-11;259,-11,2;270,39,40;282,-34,-51;284,-3,0;286,1,-8;296,-14,-10;316,-13,-2;317,-70,-40;322,68,36;327,-11,0;337,-62,-21;347,-1,-18;367,-28,-6;379,-3,-13;581,-80,-44;864,332,270
avenida||jk|jardim vila rica|37901000|1425,-2073308,-4659949;1431,-16,24
avenida||jk|novo horizonte|37901000|35,-2073386,-4659894;305,110,-94;317,-12,3;349,-35,40;413,-33,27;425,5,-9;435,-14,20;437,-6,2;479,-32,27;513,-21,18;1332,374,-266;1334,-4,10;1340,-7,11;1342,-3,-7;1356,-10,9;1370,-1,-2;1376,-258,165;1400,255,-161;1420,-16,6;1442,-9,11;1452,-14,-3;1462,5,6;1472,-7,6;1478,-8,-3;1486,-17,4;1490,1,-3;1494,-11,11;1500,-7,6;1510,-10,4;1560,2,6;1570,-14,4;1580,-10,-1;1590,-9,4;1620,-29,15;1630,-15,12;1636,-8,8;1640,-5,4;1648,-6,9;1660,-10,7;1700,-18,14;1710,-10,7;1760,-33,36;1770,-5,3;1802,-31,23;1815,-7,7;1818,-10,2;1836,-11,15;1842,-12,7;1844,0,2
avenida||jk|novo horizonte|37901503|1050,-2073018,-4660141
avenida||jk|sao benedito|37900199|330,-2072237,-4659893;350,-3,-8;360,-8,-1;380,-11,-8;500,-28,-26;544,-31,-10;548,-16,-6;552,-4,-12;560,-1,-7;570,-44,-14;580,-13,-5;586,-8,-12;618,-10,-5
avenida||jk|serra das brisas|37901503|2001,-2073700,-4659716;2245,-97,49
avenida||jk|vila rica|37901000|633,-2072503,-4660046;739,-191,-121;747,-8,4;753,-17,-1;759,-11,-2;761,11,7;771,-18,-3;773,3,-1;779,-17,-7;783,1,10;795,-6,-3;807,-14,3;819,-17,-2;851,-13,0;889,-74,19;899,-6,0;925,-29,5;953,-9,0;965,-12,2;977,-12,8;989,-8,-2;1001,-15,0;1009,-8,-4;1025,-10,4;1035,-14,5;1055,-16,5;1067,-16,9;1079,3,-1;1091,-11,5;1103,-7,4;1107,-8,1;1119,-7,3
avenida||jk|vila rica|37901229|665,-2072645,-4660137;671,-4,-2;687,-8,-3;701,-7,1
avenida||jupiter|california|37904052|770,-2070827,-4662125;794,21,-3;802,6,-3;810,5,-5;818,24,5;836,-3,-30;840,4,-15;852,0,-7;862,4,-3
avenida||jupiter|cohab|37904052|895,-2070763,-4662231;900,11,-7;905,-1,-5;910,1,-12;915,8,1;920,1,6;925,2,-11;930,3,3;935,7,-8;940,0,7;945,4,-9;950,1,-4;955,5,-10;960,2,4;975,18,-12;980,1,-2;985,11,3;990,-1,-1;995,-2,-22;1000,3,10;1005,-3,-13;1010,10,5;1015,-1,-14;1020,7,8;1025,9,-19;1030,5,9;1045,-4,-19;1050,7,7;1055,1,-10;1060,21,-1;1065,-12,-7;1070,11,3;1075,-5,-11;1080,2,0;1085,1,-7;1090,9,2;1095,12,-18;1100,-8,7;1115,9,-13;1120,-3,9;1125,13,-12;1130,6,-2;1135,1,-8;1140,-1,-3;1145,6,-5;1150,1,8;1155,5,3;1160,7,-11;1165,-1,-9;1170,7,4;1185,13,-24;1190,0,8;1195,3,-12;1200,4,5;1205,5,-5;1210,1,1;1215,12,-7;1220,-11,1;1225,16,-17;1230,-12,9;1240,7,-12;1255,15,-15;1260,-25,39;1265,29,-48;1270,7,9;1275,3,-11;1280,-14,23;1285,15,-29;1290,8,6;1295,-4,-9;1300,11,-8;1305,1,-3;1310,3,-4
avenida||jupiter|jardim panorama|37904101|348,-2071258,-4661647;360,21,-40;384,3,-7;396,14,-22;420,9,-12;432,1,-5;456,15,-9;480,29,-30;488,-5,-6;504,7,-12;520,8,-6;528,6,-15;540,3,-7;550,13,-11;596,22,-35;604,6,-6;688,157,-222;728,47,-17;736,14,-7;744,10,1;880,-14,0
avenida||jupiter|jardim satelite|37904052|29,-2071522,-4661585;39,9,-8;49,7,-3;59,9,3;85,23,-7;99,10,-6;115,16,-11;127,8,-12;151,20,-13;163,8,-6;175,7,-1;189,14,-8;203,11,-3;371,125,-33;383,10,-15;395,12,-12
avenida||jupiter|maria augusta|37904052|613,-2071047,-4661975;629,16,-21;637,0,-14;661,26,-39;833,210,-100;845,7,3;859,5,-14;867,9,-18;869,2,-15
avenida||jupiter|santa casa|37904101|40,-2071510,-4661580;50,6,-3;60,7,-1;80,24,-12;90,7,-7;100,6,-7;110,11,-6;122,8,-2;136,16,-7
estrada||da julieira|nova passos|37903535|101,-2069978,-4662842;371,162,-223;381,9,-7;411,16,-25;421,4,-4;431,4,-11;471,24,-29;541,74,-100;581,-23,30;591,16,-26;621,18,-20;695,-65,94
estrada||da julieira|vila sao jose|37903535|1302,-2070193,-4662462
estrada||julieira|bananal|37901115|2,-2060678,-4678326;36,2400,-1946;39,-826,-220
estrada||julieira|cohab|37903535|1311,-2070323,-4662365;1317,2,-3;1319,4,-3;1327,-1,-8;1331,3,-1;1341,7,-11
estrada||julieira|fazenda bom sucesso|37900001|253,-2068397,-4664240
estrada||julieira|fazenda estrela do garrafao|37904899|1,-2067549,-4666636
estrada||julieira|julieira|37900233|27,-2051562,-4680330;29,-681,2474;30,382,-5054;31,825,1255;32,1864,-967;37,-675,-1026
estrada||julieira|julieira|37901115|1,-2055673,-4677913
estrada||julieira|julieira|37904899|1,-2056321,-4675144;2,-11259,8480;4,-69,-96;5,-5,-4
estrada||julieira|mironga|37904899|14,-2063134,-4669029
estrada||julieira|tarimba|37901115|20,-2059048,-4674718;24,3255,-1613;25,-690,-13;32,-280,-2675
estrada||vicinal da juleira|morro do cafe|37904899|9,-2064205,-4665631
largo|sao|jose|california|37900034|1,-2070732,-4661371;3,11,-5;5,11,-15;7,-29,-42;13,41,28;15,-4,-9;41,9,-2;51,-1,-9;67,8,-11;178,23,-15
largo|sao|jose|coimbras|37900034|102,-2070631,-4661389;112,-11,-39;118,1,2;122,-4,7;128,7,4
rua|doutor|randolfo lemos vasconcelos junior|vale verde|37900455|26,-2072509,-4658874;40,-11,22;47,18,6;54,-13,8;61,6,5;70,-13,10;82,0,14;95,5,15;98,-14,-3;105,13,21;114,-14,-7;121,7,25;130,-17,-6;146,3,12;151,17,22;209,-14,58;222,-17,-6;223,4,22;232,-11,-7;246,2,12;260,-1,11;269,1,25;287,3,24;290,-7,-24;304,-7,16;317,4,27;331,10,9;360,-26,20;391,5,35
rua|sao|jorge|bela vista|37900219|108,-2071586,-4660324;178,-49,40;395,49,-38;403,-2,3;412,-12,4;415,5,3;424,-10,2;425,-6,7;436,1,4;437,-11,3;444,-3,0;456,-6,5;463,-1,0;473,-4,6
rua|sao|jorge|carmelo|37900501|17,-2071314,-4660557;27,-6,1;31,-6,7;66,-22,9;78,-11,17;82,-1,1;90,-6,5;113,-12,21;114,1,-2;128,-20,10;137,8,3;138,-10,9;148,-11,5;149,6,-2;158,-17,10;161,11,-7;173,-8,12;191,-26,25;196,-10,1;202,-4,4;207,0,-2;271,-26,33;277,-6,3;291,-9,5;319,-31,23;325,-9,5;327,15,-11;336,-12,9;353,-4,4;354,8,-11;355,-15,22;360,2,-9
rua|sao|jose|bela vista|37900505|394,-2071616,-4660374;399,8,2;400,-12,5;405,10,-3;412,-16,9;413,4,0;426,-20,3;429,18,-3;436,-24,9;448,-8,13;457,12,-8;460,-24,16;465,16,-7;472,-21,11;477,8,2;482,-13,3;489,11,-5;492,-29,1;501,19,9;511,-4,9
rua|sao|jose|carmelo|37900500|12,-2071344,-4660606;14,-5,0;30,-4,9;32,-2,6;56,-5,3;62,-199,169;69,184,-151;70,8,-13;79,-22,20;82,9,-14;88,-5,6;89,-9,14;94,6,-10;99,-9,16;111,-9,8;123,-19,9;125,-4,4;131,-15,11;133,-6,2;161,-10,2;168,10,-6;170,-2,5;174,-8,0;190,-26,32;201,-7,11;208,-8,5;209,1,3;212,-10,0;243,-13,15;248,-4,0;249,3,10;251,-7,8;258,-5,-16;315,-19,29;317,-12,7;323,0,0;326,-8,6;333,0,2;338,-3,0;343,-8,3;352,3,-2;353,-1,5;363,-11,14
rua|vereador|marcos joeli|cohab iv|37903462|230,-2071972,-4663854;240,-43,-11;250,1,-4;260,24,-8;270,20,-20;280,-8,24;290,8,6;300,9,1;310,-28,-33;320,2,2;330,45,35;340,33,-40;350,-14,47;360,12,-5;370,6,-3;380,0,0
rua|vereador|marcos joeli|cohab|37903462|10,-2072227,-4663904;20,11,-8;30,12,5;40,8,-3;50,7,3;60,16,7;70,2,-3;80,8,3;90,10,5;100,12,0;110,10,2;120,6,0;130,8,3;140,9,-1;150,9,2;160,9,2;170,9,1;180,10,0;190,11,7;200,6,3;210,14,-6
rua|vereador|marcos joeli|parque tropical|37903462|21,-2072208,-4663910;35,20,-5;49,7,6;63,12,-1;77,7,0;91,19,12;105,6,2;119,12,-2;131,14,1;155,28,10;169,6,-1;181,16,1;195,5,1;205,20,5;229,19,2;243,8,3;255,16,4;267,6,0;283,9,1;297,12,0;311,17,4;325,15,6;339,13,2;353,7,0;367,12,-1;381,12,2;395,13,-1
rua||adonira maria de jesus|california|37904350|209,-2069827,-4662175;219,1,-4;229,11,-7;239,3,-2;249,9,-5;259,6,-7;269,3,-3;279,9,-8;289,7,-4;299,6,-9
rua||adonira maria de jesus|nova california|37904350|9,-2069970,-4662057;10,11,2;18,3,-7;19,-6,-4;28,9,1;39,3,-6;49,9,-9;58,14,-3;59,-6,-2;68,15,-4;69,-11,2;76,12,-9;79,0,1;86,7,-6;89,0,1;96,5,-2;98,6,-10;99,-7,3;108,12,-7;109,-3,1;119,6,-8;128,13,-1;129,-12,2;139,11,-12;148,19,-2;149,-6,-5;158,12,-1;159,-11,-3;168,16,-1;169,-6,-4;178,14,-4;188,5,-6;198,9,-4;208,7,-8;218,6,-7;228,9,-2;238,7,-6;248,8,-6;274,11,-17
rua||ana candida de jesus|aclimacao|37901558|350,-2075173,-4660629;360,3,5;364,-5,4;374,5,9;380,-2,3;390,-6,14;400,2,7;410,-4,10;420,0,7;440,-7,22;444,0,2;448,4,4;456,-10,11;460,53,88;470,-55,-80;476,2,4;480,2,6;486,2,4;490,0,1;494,-13,19;496,0,20
rua||ana candida de jesus|jardim canada|37901558|56,-2075125,-4660878;76,-4,19;86,2,7;96,-1,6;106,-6,12;116,2,5;126,0,14;136,0,3;146,5,-41;156,-9,37;166,-7,36;176,0,14;186,-1,4;200,-2,11;214,-4,8;228,-1,16;242,5,9;254,-9,14
rua||ana candida de jesus|jardim italia|37901558|341,-2075160,-4660640;351,-7,10;361,0,11;371,2,13;381,-6,6;389,-7,1;391,5,8;401,-2,4;411,3,10;421,0,15;431,2,12;441,1,11;451,9,11;457,-28,-6;461,-1,8;467,-2,4;471,-3,9;481,2,1
rua||ana candida de jesus|nova suica|37901558|487,-2075172,-4660476;491,12,11;505,2,1;509,9,9;521,9,14;531,2,2;535,5,7;537,7,5;543,2,3;549,14,17;561,32,33;565,0,-8
rua||daude jabur|jardim satelite|37904154|55,-2071360,-4662212;59,4,9;60,-4,-1;69,11,5;70,-5,2;79,15,6;80,-5,4;89,12,4;90,2,5;99,11,11;100,-10,-5;110,6,5;119,12,6;120,0,-5;129,9,6;149,15,16;150,-9,-3;159,15,11;160,-9,-5;169,16,9;170,-12,-7;180,19,10;189,7,9;199,11,8;664,62,55;676,-5,-10;688,-6,-4;700,-6,-7;711,-8,2;712,-2,-8;721,-10,0;724,-5,-10;729,-2,5;736,-3,-8;739,-4,1;748,-2,-14
rua||dos jacarandas|parque tropical|37903419|181,-2071949,-4664228;190,-3,-16;191,0,12;220,-13,-14;240,-19,-15;251,-13,-3;260,-4,-10;261,30,30;290,-62,-52;300,-2,-1;301,8,6;311,-15,-6;320,-8,-13;351,5,12;370,-57,-49;371,23,15;380,-26,-17;390,-4,-4;411,-3,0
rua||dos jequitibas|parque tropical|37903409|311,-2072002,-4664071;331,-14,-2;341,-13,-2;350,-45,-15;351,35,15;361,-3,3;400,-24,-14;430,-36,-7;441,-16,1;450,8,-5;460,-8,0;470,-5,-3;471,-23,5;481,-9,-2;491,-10,-5;500,15,-4;501,-21,4;530,-9,-11;540,-10,2;550,-10,-3;560,-1,-8
rua||genaro joele|bela vista|37900573|7,-2070572,-4659188;23,-24,-17;30,28,4;70,-25,-16;73,-49,-47;100,-142,-153;160,116,111;180,-12,-13;200,-90,-88;222,73,77;240,-22,-37;274,-26,-14;305,-37,-23;380,-73,-20;400,-10,-12
rua||gleisson da silva jacinto|parque das aroeiras|37903120|12,-2072147,-4662610;22,18,-179;32,3,32;42,-21,-19;52,-10,5;62,-3,-9;71,-18,-1;81,-9,7;92,-3,4;112,-28,11;131,3,16;132,-11,0;142,-14,-35;151,-4,38;152,4,-25;161,0,12;162,-20,10;171,0,1;172,-2,-17;181,-4,20;182,-14,-4;192,-4,-4
rua||honoria francisca de jesus|cohab|37904184|10,-2070430,-4662586;20,6,3;55,25,13;65,9,11;75,7,-1
rua||jacaranda|serra das brisas|37901220|32,-2073737,-4659506;50,-87,23;57,14,-10;64,0,5;79,8,-7;92,18,-1;93,1,-8;107,13,2;120,-6,12;121,20,-15;122,-21,10;125,68,-25;130,-62,12;135,14,-1;290,51,-18
rua||jacui|sao francisco|37902006|2,-2072154,-4661566;3,3,0;4,-10,-1;10,2,-13;15,-6,4;31,0,-9;35,-6,-2;38,7,-4;39,-12,-9;40,11,-2;42,-3,0;45,-9,-7;53,4,-7;59,2,2;62,-3,5;67,-4,-18;77,-10,0;82,11,-2;83,-11,-16;90,2,13;96,-3,-13;104,7,-3;105,-11,-9;106,2,-6;115,1,-1;116,-2,-12;120,-8,-14;125,0,15;129,4,-3;133,-7,-5;149,1,-16;161,-4,-5;163,2,-14;166,2,13;168,-12,-3;170,4,-16;175,0,7;176,-2,-10;178,-7,-5;179,2,8;184,-4,-25;185,3,14;190,-8,-20;193,6,14;196,-10,-24
rua||jacutinga|muarama|37902330|20,-2072801,-4661549;25,10,15;37,4,-14;48,-5,8;49,-16,-9;85,-23,-15;97,-6,-2;121,-6,-11
rua||jade|aclimacao|37901730|7,-2075289,-4660250;31,-7,4;65,-38,-6;67,-7,0;68,0,-2;69,-3,4;79,-12,-1;168,-38,-3;169,2,3;171,-13,7;175,-7,-4;178,3,-8;253,-45,6;272,-26,1;295,-19,-7;297,-7,4;300,-1,-12;302,8,1;307,-18,3;327,-5,8;360,-50,-9;363,4,15
rua||janauba|cohab i|37903204|185,-2071026,-4662901;195,4,-11;205,3,-5;215,6,-25;225,4,-11;235,5,-10;245,-1,-4;255,11,-22;275,4,-11;285,6,-13;295,0,-8;305,2,-13;315,9,1
rua||janauba|cohab|37903204|4,-2071088,-4662704;6,-4,-4;16,2,-8;26,0,-10;36,6,-15;46,-2,-4;56,9,-18;60,9,-40;66,-11,33;76,10,-15;86,0,-6;96,5,-14;106,-2,-4;116,11,-16;136,12,-18;146,5,-18;156,3,-4;166,-2,-10;176,6,-6;186,8,-15;196,-1,-12;206,8,-15;216,2,-7;226,4,-10;236,4,-10;246,10,-18;256,4,-12;276,8,-15;286,1,-14;296,5,-6;306,8,-16;320,1,-3
rua||jangada|novo horizonte|37901178|19,-2073270,-4660138;30,-8,2;31,3,5;32,-9,-1;34,-2,3;35,5,2;36,-11,1;37,-3,10;39,-18,20;41,-23,22;45,-13,13;48,50,-54;85,-56,62;91,-4,6
rua||jangada|novo horizonte|37901501|27,-2073372,-4660064;28,4,10;29,-7,-24;33,-5,-7;35,-2,-7;38,1,-1
rua||japao|novo mundo|37901090|13,-2072951,-4659083;19,19,3;24,1,10;36,13,1;37,-1,-9;48,4,6;60,14,7;72,14,0;84,11,6;98,0,-1;108,26,8;120,8,-7;132,9,-5;144,8,15;156,15,2;168,9,-11;180,8,12;215,37,10;227,10,-2;228,-2,4;240,9,0;250,22,-3;251,-7,5;261,8,0;262,1,5;271,9,-3;272,-1,6;281,9,-2;282,0,-1;288,11,2;291,-2,2;301,8,-2;302,0,9;312,4,-5;321,19,5;322,-3,0;331,7,-2;332,1,3;341,10,-2;342,-6,5;351,15,-2;352,-1,3;361,11,2;362,-9,-2;371,19,-3;374,-12,6;381,22,-1;382,-10,6;391,17,-2;392,-10,0;404,15,2;432,-6,-1
rua||jaragua|penha|37903334|10,-2071795,-4662449;22,-2,-5;25,-9,6;34,-4,-15;35,-10,6;46,6,-8;47,-15,4;58,5,-8;59,-15,-4;60,2,-5;61,-6,3;72,-3,-9;73,-11,-1;79,0,-1;84,-4,8;85,-1,-12;88,6,-2;95,-24,-1;135,-17,-27;144,-5,-1;154,-11,-11;155,-6,-1;166,-7,-11;167,2,12;178,-6,-12;179,-4,2;190,-6,-12;191,0,3;201,-22,-13;202,16,8;203,-10,6;214,-1,-21;227,-15,4;239,-13,-5;285,-35,-19;297,-5,-7;309,-12,-8;451,125,80
rua||jaspe|aclimacao|37901714|10,-2075263,-4660231;46,-4,37;57,1,15;58,0,-2;63,3,10;70,-3,4;81,4,8;82,-7,-3;87,6,9;88,-5,-5;93,5,15;100,-4,-6;106,3,13;117,1,9;118,-7,5;130,2,1;153,2,13;177,3,37;179,0,-4;201,-1,30;213,1,19;225,-3,7;237,1,16;251,3,12;261,-4,8;262,-6,1;265,-1,3;273,6,9;274,-8,4;285,10,0;291,1,88;309,0,-59;310,-8,-3;315,4,10;321,-1,4;322,-5,-2;334,-1,21;337,8,-13;341,1,10;345,-3,13;346,-5,-5;357,18,12;358,-19,5;386,2,-84;398,-1,16;430,8,124;431,-2,1;436,0,1;439,0,20;440,-6,-5;451,7,14;452,-8,-1;462,1,9;468,-6,4;475,13,8;476,-10,-1;487,8,14;488,-6,-1;499,4,14;500,-7,-7;505,7,15;510,-6,0;511,9,6;512,-10,-4;518,3,4;523,5,4;524,-10,2;529,13,5;535,-2,10;536,-10,-7;547,10,17;548,-9,-2;559,7,18;560,-7,-9;566,-1,16;570,1,2;571,9,-5;581,-1,11;582,-12,7
rua||javari|vila rica|37901036|20,-2072809,-4659767;39,4,7;40,-3,-3;51,-1,20;52,-3,-13;63,0,26;64,-4,-6;75,-2,14;76,3,0;87,2,13;88,-7,-7;99,2,20;100,-4,4;111,-2,3;112,1,-1
rua||jorge jabur|joao paulo ii|37901376|27,-2074604,-4659636;37,-8,5;47,-5,7;57,-12,-4;67,-11,3;77,-8,8;87,-9,4;88,-2,-10;97,-1,8;98,-2,-6;107,-9,12;117,-10,1;118,1,-7;120,-4,3;126,-7,1;137,-3,8;138,-2,-7;147,-11,12;148,6,-2;157,-13,4;158,-3,-3;167,-2,10;168,2,-5;177,-14,8;178,0,1;184,-8,-1;187,-2,7;197,-3,2;205,-6,9
rua||jose maria alves de jesus|mirante do vale|37900400|31,-2072200,-4658017;41,16,0;51,6,1;60,7,10;101,38,-11;120,19,10;181,54,-12;231,45,1;358,97,-51;381,18,-24;391,2,-7;420,37,-16;450,20,-13;460,2,0
rua||jose mauricio silveira moraes junior|vale verde|37900454|11,-2072565,-4658878;25,8,7;39,-15,23;53,0,14;67,-5,18;83,11,7;99,-18,13;115,2,17;129,-10,24;225,-19,85;253,-6,25;267,0,13;281,-12,14;295,4,12;309,-8,24;323,1,12;337,-4,8;351,-1,13;365,-6,12;379,6,17
rua||maria francisca de jesus|jardim canada|37901807|28,-2075298,-4660680;32,-2,0;33,16,4;42,-21,-14;43,12,6;52,-19,-4;53,14,-2;62,-20,-11;63,18,5;72,-26,-12;73,17,-1;77,-7,3;82,-14,-4;87,14,4;92,-19,-19;93,6,7;103,5,2;112,-23,-21;113,9,7;122,-17,-14;123,13,9;132,-18,-13;133,8,5;142,-18,-12;143,8,13;152,-14,-16;153,11,6;162,-14,-14;163,8,4;172,-22,-16;173,13,11;182,-15,-14;183,8,9;192,-9,-14;193,5,9;197,-3,-3;202,-15,3;203,13,-6;207,-2,-5;212,-13,8;213,3,-14;1174,144,130
rua||rio de janeiro|bela vista|37900246|127,-2071933,-4659977;148,-14,6;158,13,-4;163,12,9;165,1,-1;167,3,10;170,-8,-4;177,16,4;187,6,12;188,-13,-5;194,7,5;201,15,6;204,-13,-2;208,6,6;216,21,7;221,-4,3;230,-2,8;231,6,-3;240,4,18;244,3,-4;245,9,-1;246,-8,7;248,3,-3;260,3,5;261,4,-7;262,-3,9;263,8,12;266,6,0;273,2,-9;299,40,35;310,-38,-6;318,22,8;320,7,13;339,11,-4;340,-6,6;351,22,4;354,-13,2;358,9,6;362,10,8;377,-1,-7;380,3,11;384,5,14;397,-4,-17;400,3,22;406,10,3;407,-1,-13;409,11,1;410,-7,17;411,14,-18;413,-1,4;415,-3,12;421,9,1;422,-11,7;427,16,0;437,6,6;438,-13,-3;441,21,17;493,10,5;494,4,27;496,5,2;497,-5,-25;499,15,15;503,1,7;507,4,7;512,-12,6;520,16,12;526,10,5;531,-5,-19;535,10,7;539,1,12;541,10,-2;544,-10,15;553,6,0;554,3,7;564,7,4;565,9,-12;574,-8,19;575,12,-10;581,-3,13;584,1,2;590,5,13;591,5,-17;592,1,15;601,2,-4;603,12,3;619,7,1;620,-13,9;675,27,16;687,13,9;709,6,9;715,7,2;727,5,10;739,17,20;751,3,-3;769,10,13;859,62,68;871,5,6;883,8,9;895,8,4;907,8,7;919,7,6
rua||rio de janeiro|sao benedito|37900246|13,-2072015,-4660068;18,-10,6;23,19,12;26,-9,-8;35,24,8;38,-20,5;45,14,3;48,-5,12;54,-1,-5;61,5,-17;66,3,28;73,13,-3;75,6,5;78,0,7;79,1,-7;87,16,5;91,-14,2;94,3,7;101,5,10;104,8,-2;115,1,-5
travessa|sao|joao|centro|37900070|11,-2071708,-4661061;23,4,14;33,8,15;40,0,-13;59,5,45;91,15,8;100,2,-2;101,-17,20
travessa||genaro joele|bela vista|37900573|100,-2070626,-4659272;140,7,-32
