rua|santo|onofre|carmelo|37900504|29,-2071262,-4660365;38,-17,-9;39,9,11;48,-16,-6;49,-5,8;51,-3,1;63,-16,19;68,20,-27;98,-41,48;108,-16,-1;167,-27,41;168,1,-10;174,-3,1;177,-6,17;186,-6,-2;187,-1,6;198,-10,3;210,-3,9;213,8,1;223,-3,1;237,-10,11;238,2,-8;248,-12,10;249,2,4;258,-10,5;259,4,7;268,-3,-6
rua|santo|onofre|santa luzia|37900504|93,-2071329,-4660333;103,-6,11
rua|sao|jose operario|belo horizonte|37900146|3,-2072613,-4660174;9,-12,-8;10,1,-3;21,-9,1;28,-7,-8;31,-8,4;45,-15,-5;65,-6,-21;79,-10,1;101,-13,-1;106,11,-8;108,-6,-5;109,-14,1;110,-1,-6;121,-12,5;122,-4,-1;130,0,-14;131,2,5;132,-6,4;133,-8,-3;135,3,-9;138,0,-8;610,47,28
rua|sargento|jose emidio de oliveira|jardim satelite|37903396|18,-2071352,-4662037;27,-14,-6;30,8,0;37,-14,-5;52,-2,-12;62,-9,-8;67,-10,4;76,4,-10;86,-8,0;87,-10,-4;96,3,0;97,-8,-7;107,-7,-4;116,-5,-7;117,0,-2;126,-6,-6;127,-4,4;131,-14,-7;142,6,-9
rua||conceicao aparecida freitas de oliveira|vale verde|37900465|12,-2072240,-4658499;24,-76,-165;38,107,-29;49,4,21;52,-9,2;66,-7,10;79,4,16;80,-2,3;105,-2,33;119,3,0;133,-7,20;140,-8,1;147,10,10;154,-19,28;161,22,-15;168,-20,6;182,-2,9;196,-4,20;210,-7,17;224,-4,14;238,1,12;252,0,11;266,-5,17;280,-2,12;429,9,8
rua||das orquideas|jardim panorama|37904098|20,-2070876,-4661654;32,-16,-13;42,-18,-3;48,0,6;120,-56,-36;180,-56,12;192,2,11;197,-14,-5;202,-4,5;216,-13,-4;219,0,5;243,-9,-2
rua||dos operarios|exposicao|37902368|161,-2073101,-4661015;189,-16,-14;201,-10,-2;215,-12,-11;225,-5,-9;229,-4,-5;339,-49,-23;351,-5,-9;359,-2,1;361,-7,-2;373,-14,-17;375,-16,0;433,-20,-23;435,-13,0;499,-27,1;547,-49,-56;557,-13,-8;559,4,9;569,-4,-15;584,-15,-4;585,-5,-2;603,-6,-5;604,0,0;605,-3,-4;627,-6,-3;669,-39,-25;693,-17,-7;717,-21,-11;727,-8,-2;729,-9,-4;743,-5,-1;755,-11,-3;775,-27,5;807,-23,-10;827,-24,23;851,-41,-4
rua||dos operarios|muarama|37902368|188,-2073120,-4661031;200,-3,7;212,-17,-22;220,0,1;224,-1,-11;230,-6,8;350,-52,-40;360,-11,-3;374,-10,-6;397,-17,-16;424,-16,-11;434,-11,-6;446,-8,-7;458,-9,-5;470,-7,-13;532,-39,-17;536,-11,-8;540,-13,-15;542,3,9;554,-10,-8;566,-13,-12;578,-5,-3;580,-7,0;710,-69,-48;730,-38,-15;740,-5,-1;746,-19,-3;750,-2,0;790,-47,-5
rua||guida borges de oliveira|vale verde|37900453|55,-2072604,-4658503;294,325,83;333,-61,-24;443,106,23;457,13,6;471,11,-6;485,10,9;517,17,4
rua||henrique amelio de oliveira|joao paulo ii|37901360|10,-2074601,-4659819;20,15,15;21,-6,-11;30,10,18;31,2,-11;40,0,20;41,7,-11;45,1,12;50,-5,4;51,9,0;60,-10,7;70,5,12;71,8,-6;76,-1,11;80,-4,4;81,10,3;90,-2,11;91,5,-6;100,-3,10;101,3,-1;110,-1,10;111,7,-2;120,-2,9;121,5,-2;130,-4,14;131,6,0;140,-1,10;141,5,-3;150,-3,22;151,3,-6;160,3,6;161,3,2;170,-2,-2;171,4,6;180,-9,-14;181,13,30;190,-5,5;200,3,6;210,1,13
rua||jose antonio de oliveira|cohab|37904188|20,-2070463,-4662726;31,2,5;32,2,0;40,13,11;41,-4,-1;50,3,8;60,11,3;61,-4,5;70,3,8;71,6,-5;80,4,9;81,3,2;90,0,9;111,9,6;506,-62,-68
rua||jose peres de oliveira|coimbras|37904338|7,-2070587,-4661288;13,6,9;19,107,90;22,-92,-89;25,-5,6;37,19,5;49,-1,2;61,8,1;70,19,18;73,-12,-3;85,8,-5;97,10,16;107,2,-4;136,43,36;139,-11,-18;145,18,16;157,17,13;181,13,-3;193,10,3;202,30,6;205,-19,-4;208,33,-1;217,-22,1;228,25,4;229,-18,-6;234,33,6;241,-24,-5;253,10,1;265,5,2;277,14,-2;289,7,1;295,8,1
rua||lucas vinicius meneses oliveira|villagio d italia|37901133|55,-2073335,-4659172;105,-32,34;205,-66,69
rua||olinda|cohab i|37903228|172,-2070924,-4663044;182,-17,2;194,-12,-6;204,-12,4;214,-4,-9;224,-5,-3;234,-11,0;244,-11,-7;253,0,7;263,-7,0;388,-108,-48;402,-9,-8;430,-33,-2;436,-1,-6;439,-11,1;440,-2,-7
rua||olinda|coimbras|37903190|1,-2070858,-4663002;396,42,9
rua||olinda|coimbras|37903228|52,-2070806,-4662995;72,-4,-3;82,-34,-15;94,-15,2;111,-50,-14;130,16,-3;140,-12,0
rua||olinda|coracao eucaristico cohab|37903228|419,-2071251,-4663150;432,23,3;470,24,5;475,-4,4;480,-4,-4;510,-40,-15;515,-17,2;520,3,-7;530,-4,-2
rua||oliveira|penha|37904002|10,-2071814,-4661403;20,-9,-11;32,-10,-10;50,1,-6;90,-8,-10;100,3,-9;120,-8,-18;136,-4,-16
rua||oliveira|sao francisco|37904002|19,-2071820,-4661404;35,-9,-10;101,-8,-10;165,-1,-6;175,0,-9;181,-5,-1;183,1,-1;185,-5,-1;195,4,-5;207,-4,-8;225,-8,-25;239,-7,-16;245,-2,-9;255,-10,-20;301,5,-21;321,-16,-21;325,0,2;329,-1,-4;345,1,-23;357,-5,1;369,-7,-1
rua||onix|aclimacao|37901722|11,-2075042,-4659850;20,-9,10;31,0,16;32,-3,-1;41,0,5;44,2,4;47,5,3;55,1,5;56,-4,3;62,3,4;67,0,11;68,-3,-7;69,3,18;70,-4,-7;81,2,15;82,-4,-3;93,5,26;94,-5,-13;99,1,10;103,3,4;106,-4,-6;116,0,9;117,5,5;122,-5,2;126,0,11;129,-66,-119;130,63,119;138,2,6;141,5,7;154,-3,7;174,-1,14;176,1,4;178,-18,4
rua||opala|aclimacao|37901732|30,-2075168,-4660053;36,1,2;38,-12,-2;51,-5,1;53,28,15;55,-24,-12;89,-58,-1;90,-7,-8;100,-5,0;107,51,4;108,-29,-3;280,-176,-3;291,-7,5;321,-40,3;330,4,-10;340,-12,1;341,2,5;350,-16,-5;360,-16,-3;380,-68,22;391,27,-17;410,7,-5;418,-50,2;420,-18,-9
rua||orquideas|cohab|37900001|13,-2071143,-4665592;17,-296,157;24,127,-84;70,-29,13;72,0,0;87,-102,58;98,41,-34;122,3,-4;170,57,-21;218,39,-17;255,-5,3;296,88,-47;331,27,2;333,-24,5;344,36,-21;347,-22,19;355,36,-14;357,-36,14;392,65,-41;416,44,-41;444,-20,29;495,20,2;497,19,11;499,9,-14
rua||ottawa|jardim canada ii|37901610|10,-2074839,-4661055;21,-23,9;31,11,2;41,-19,0;51,3,3;61,-6,7;81,-19,7;91,-20,5;111,-11,2;121,-5,1;131,-17,9;191,-45,12;471,37,-12;501,-22,8
rua||ottawa|jardim canada|37901610|261,-2075059,-4660971;271,-9,-2;281,-9,7;291,-10,1;301,-5,5;311,-9,2;351,-37,13;361,-11,0;371,-6,-1
rua||ourinhos|cohab i|37903230|21,-2071080,-4663141;31,14,4;51,22,3;61,5,5;86,20,13;101,1,-6;107,14,5;111,7,-1;122,0,14;130,15,-3;140,12,5;141,0,5;146,2,-2;150,7,2;160,3,1;170,11,8;180,11,1;190,11,7;200,11,6
rua||teofilo otoni|cohab|37903218|29,-2070892,-4662425;30,5,-1;41,3,-12;42,-1,4;46,1,-3;53,3,-14;54,6,-2;65,-2,-9;66,4,4;77,1,-19;78,5,11;84,-3,1;89,1,-18;90,3,2;101,-2,-13;102,7,13;113,0,-22;114,0,11;119,2,-18;125,5,-9;126,0,16;134,8,-12;138,-1,-3;148,4,-7;157,-7,-14;215,15,-38;216,12,4;223,-5,-21;224,6,12;235,-1,-20;236,5,6;246,3,-6;247,-5,-5;248,7,2;251,-3,-13;259,3,-15;260,5,15;264,7,22;271,-11,-38;272,9,5;283,-2,-15;284,8,1;295,-5,-11;296,6,8;307,4,-23;308,0,9;311,3,-17;319,-1,2;320,1,8;331,4,-19;332,2,6;343,1,-18;403,14,-42;406,8,6;415,-4,-13;416,-4,50;427,6,-64;428,8,8;439,-2,-18;440,8,0;451,-6,-3;452,12,-1;454,0,-7;463,-29,44;464,29,-48;469,-2,-18;475,1,0;476,8,7;487,-3,-18;488,6,3;500,1,-3;506,5,-8;511,-3,-12;512,5,6;516,0,-5;517,-4,-4;520,9,-3;521,-5,-1;531,3,-17;588,17,-21;596,5,-13;607,0,-18;608,6,4;612,0,0;619,-2,-9;620,-1,7;631,6,-24;632,5,10;643,3,-17;644,1,5;650,1,-11;655,-4,-8;656,7,10;659,4,-15;662,-3,10;679,3,-28;680,-2,21;691,5,-28;692,6,0;703,-2,-3;704,9,-5;713,-8,-9;714,8,5;797,-53,113
rua||vicente damasceno de oliveira|recanto do bosque|37900368|6,-2072491,-4658444;15,8,14;26,-12,6;45,2,26;46,-4,-7;56,-1,9;66,-3,17;76,-1,1;86,-6,15;125,-2,35;135,3,12;146,-12,11;155,2,9;175,-1,18;176,-4,-3
sitio||mumbuca jose onorio|mumbuca|37901506|366,-2091966,-4657092
