avenida|sao|lazaro|calafate|35537000|21,-2064104,-4450315;23,-52,250;28,3,-3;35,-11,0;44,16,-10;56,11,-13;66,0,-7;91,39,-258;96,-45,241;107,-7,-20;113,6,-11;120,8,-6;128,6,-8;135,-13,-24;160,15,6;174,-1,-6;175,-8,-26;192,12,8;200,16,-86;202,-18,76;213,-25,-50;240,36,26;244,1,-37;247,-20,-14;257,13,12;260,18,-38;267,-33,13;277,0,-3;280,11,74;287,-7,-91;290,5,84;300,10,-12;305,-13,-92;307,1,-2;326,30,1;330,-11,-14;333,-14,5;337,1,-14;340,16,3;342,17,3;350,-3,-18;357,-34,-10;362,43,-1;367,-32,-17;372,30,12;384,0,-9;387,-26,-16;396,33,0;397,-38,-14;406,37,1;421,-27,-23;424,28,20;428,2,-12;441,-29,-31;460,34,-9;488,13,-7;500,5,-4;510,14,-12;528,10,-11;536,4,-9;546,17,-18;556,2,-4;567,-30,-28;580,39,-25
avenida||donato andrade|centro|35537000|5,-2065237,-4449533;11,-10,-6;15,-50,-30;43,-49,43;75,35,2;93,-13,11;101,-5,-1;111,-15,12;121,-14,-5;145,-7,2;165,-27,12;185,-10,2;195,-6,2;205,-12,8;223,-12,3;239,-15,4;249,-7,6;263,-11,2;275,-15,12;295,-14,0;305,-11,5;315,-6,6;325,-13,-2;337,-7,2;341,-4,8;450,-134,23;460,-1,0;470,-11,3
avenida||eunice leite|centro|35537000|46,-2065105,-4449481;55,9,-1;56,-1,11;66,16,-6;76,15,-3;85,15,2;103,9,-12;113,10,-3;115,26,-13;122,-14,26;133,22,-40;190,19,7;209,-6,-12;210,16,-4;219,-7,-25;229,2,-1;230,9,9;240,9,-12
avenida||francisco costa paz|sao sebastiao|35537000|21,-2065726,-4449346;41,-42,41;51,-4,5;91,-71,37;115,-31,28;121,9,0;131,-27,5;141,-17,27;151,-4,-11;152,-13,-4;181,-17,29;191,-11,9;201,-19,9;210,-4,-2;241,-1,12;251,-6,4;300,25,-30;445,303,-209;457,-14,4;463,-7,-2;483,-11,18;493,0,5;507,-11,9;517,-11,6
avenida||gabriel andrade|centro|35537000|6,-2065115,-4449137;15,-110,-374;20,-10,-4;25,32,-3;46,-24,18;51,9,0;61,10,8;70,-7,27;75,-16,-23;80,19,31;87,0,-2;101,2,23;107,-1,2;112,16,-4;126,-4,14;134,3,2;154,8,26;159,10,-4;167,-4,14;175,0,0;180,-6,4;185,24,22;187,-6,6;189,-8,14;196,-6,-28;198,5,2;208,3,13;222,9,9;238,0,19;260,11,58;276,6,8;286,-9,-11;302,2,16;318,13,18;347,-4,-11;350,7,36;360,0,1;370,0,5;386,30,42;402,-13,-7;416,6,10;455,-100,52
avenida||geraldo morais rangel|centro|35537000|20,-2065108,-4449808;21,-23,-34;31,23,13;34,22,-1;40,-40,-30;78,8,-60
avenida||mg 270|tijuco|35537000|22,-2059899,-4454356
caminho||sem denominacao|arcadas|35537000|31,-2055972,-4451326
caminho||sem denominacao|mato dentro arcadas|35537000|48,-2057727,-4448994
estrada||aguadinha|aguadinha|35537000|1,-2056904,-4456153;6,358,-277;10,-1127,209;13,-50,-379;14,827,-391;15,1286,210;16,-1555,1309;17,2443,-257;19,-2329,10;20,189,50;22,-756,-1139;24,569,1084;25,11,420;28,-14,-424;30,879,-6;32,-1081,-226;38,-627,-25;40,96,-261;41,374,292;44,-237,-50;47,92,-338;51,-300,336;54,406,-195;58,-1186,-277;63,1302,120;102,33,222;110,17,55;120,556,0;137,-556,0;139,885,-616;141,-1462,654;145,-1,31;155,367,-309;167,-69,91;171,-305,231;200,514,-51;235,518,138;240,-231,-212;250,-354,46;280,606,174;300,-551,-499;335,45,-20;340,538,447;390,-643,-181;410,-68,-135;440,728,278;460,-784,-203;560,315,-29;620,576,167;700,11,-94;1000,410,-598;1100,-42,17;1124,-1303,-127;1160,-232,517;1161,-16,-23;1180,-28,-16;1270,16,-63;1280,1568,-291;1400,149,-29;1600,-1682,450;1680,-60,-220;1751,397,214;1969,-92,112;2160,42,-779;2180,-22,-16;2260,-79,247;2280,117,-273;2668,-210,383
estrada||babilonia vau lagoa|vau|35537000|4,-2069425,-4454411
estrada||bambu|bambu|35537000|86,-2064622,-4449591
estrada||boca da mata corrego cachoeirinha|boca da mata|35537000|9,-2072969,-4454538;13,336,-822
estrada||boca da mata vau|fatima|35537000|4,-2071803,-4454761;9,-28,-58;13,141,744;19,310,183;25,218,-750;60,-105,518;61,1,2;66,-99,188
estrada||colonia|colonia|35537000|45,-2057134,-4441576
estrada||da cachoeira dos forro|dornelas|35537000|15,-2053253,-4452972;40,703,40;45,-749,-62;46,-5,-1;48,601,-42
estrada||da cachoeira dos forro|mato dentro arcadas|35537000|1,-2053322,-4452224;3,-32,191;4,67,-195;5,-485,249;6,253,-131;7,-111,3;8,341,250;9,-70,-106;10,22,1373;13,-16,-1862;17,59,223;18,-213,-349;19,-167,383;20,228,-469;23,127,680;24,-26,-3;25,-213,-212;28,67,-389;31,72,1713;34,-102,-1307;35,75,-198;37,134,212;38,25,-62;39,-92,-115;40,-86,1998;43,438,-2392;45,-305,58;49,-152,461;50,140,-59;51,-20,-78;52,4,-29;54,74,86;55,-64,57;56,5,114;57,70,-94;62,-84,427;63,66,-6;64,9,-102;66,120,1;68,-23,-149;70,-125,575;80,-10,-240;85,35,-512;87,-46,-189;90,-2,666;91,-57,240;93,-108,-689;97,137,-26;98,23,184;99,-114,-177;100,240,55;103,-274,-18;107,-19,-32;129,-225,-53;162,563,-400;165,-15,-105;166,17,-25
estrada||da capela|cerrado|35537000|1,-2071394,-4445415;7,-146,280
estrada||da fazenda beira rio|beira rio|35537000|1,-2064566,-4441177
estrada||da fazenda brinquinhos|patrimonio|35537000|10,-2066217,-4443393;11,-3,9;14,611,582;19,-102,302
estrada||da fazenda nova conquista|rio dos bois|35537000|2,-2070190,-4443125
estrada||da fazenda serenata|fartura|35537000|4,-2065905,-4446183;25,166,-42
estrada||da malicia|malicia|35537000|15,-2064530,-4451497;20,72,-45;23,-121,-194;33,-292,-146;34,-368,-4;90211,616,427
estrada||da mata|mata|35537000|16,-2059098,-4447883;18,-34,-500;19,-191,1013;28,2482,-3097;271,-2397,1977
estrada||da usina|aguadinha|35537959|9,-2054686,-4456007
estrada||da vargem grande|vargem grande|35537000|8,-2067061,-4449340;20,-192,-52
estrada||das arcadas|arcadas|35537000|2,-2054884,-4452935;3,496,1159;4,-377,-353;5,-710,-125;7,-152,159;8,-3,-28;9,-471,41;11,324,103;12,210,-176;14,-254,247;16,-7,-1;17,-225,-82;18,80,-154;31,-838,669;49,-13,-438;50,410,-158;51,-315,881;52,89,-675;55,-216,862;57,520,-1294
estrada||de jacarandira|jacarandira|35537000|10,-2067202,-4447926;43,-642,1794
estrada||do campo de aviacao|paldas|35537000|12,-2062637,-4445286;19,-321,177;24,247,-71;25,63,-75
estrada||do corrego areado|corrego areado|35537000|7,-2070892,-4449117
estrada||do macaco|macaco|35537000|1,-2062684,-4450687;2,1295,1999;3,260,71;6,-238,-532;7,1866,-1628;8,-2744,-648;9,955,-24;11,459,-242;19,-994,808
estrada||do morro do ferro|cachoeirinha|35537000|1,-2072799,-4451992
estrada||do ouro fino|ouro fino|35537000|8,-2075534,-4447101;9,2,-479;11,-1078,1436;14,470,-26
estrada||do ouro fino|serrinha|35537000|4,-2073016,-4450241
estrada||do rio dos bois|rio dos bois|35537000|3,-2069126,-4442808;4,-936,-667;7,1392,892;10,394,716;14,462,1353
estrada||do sitio santa fe|bangues|35537000|20,-2067235,-4446241;21,-1,1
estrada||do sitio sao jose|rio dos bois|35537000|6,-2066894,-4442544;8,-532,-72
estrada||dornellas|dornelas|35537000|5,-2054143,-4452850;7,78,-508;9,-57,803;10,28,247;11,-12,-1092;14,291,-375;15,1,4;16,-769,-364;18,-40,151;19,550,16;20,62,663;27,-574,-831
estrada||dos pinheiros|pinheiros|35537000|1,-2072465,-4444272;2,-450,-883;6,-737,202;12,-776,781;16,1761,-350;17,-259,-645;18,309,-305
estrada||mato dentro|mato dentro arcadas|35537000|19,-2055565,-4450941;24,326,39;26,-383,2;32,-1219,426;36,226,175;54,-828,1008;55,-1,1
estrada||para a fazenda casa branca|fazenda primavera|35537000|15,-2069572,-4452201
estrada||para a pedreira|calafate|35537000|150,-2063280,-4450562
estrada||para fazenda ouro verde|invejosa|35537000|13,-2060719,-4452558;17,401,-792
estrada||para jacarandira|bangues|35537000|12,-2067378,-4447083
estrada||para mirante|geraldo lara|35537000|100,-2064719,-4450348;436,32,102;438,16,-4
estrada||para o cerrado|cerrado|35537000|14,-2070878,-4446767;18,800,910
estrada||para o pari|arcadas|35537000|5,-2052699,-4453041
estrada||para o pari|dornelas|35537000|9,-2052701,-4453039;82,152,102
estrada||para o pari|mato dentro arcadas|35537000|70,-2052681,-4452650;76,-67,113;77,-101,-37;78,177,-75;79,68,-97
estrada||para passa tempo|bangues|35537000|2,-2067377,-4447082
estrada||para pedreira|calafate|35537000|90,-2063320,-4450605;100,12,36
estrada||para povoado do ribeirao|calafate|35537000|12,-2064262,-4451217
estrada||ponte do trigo|invejosa|35537000|1,-2057840,-4454589
estrada||recreio|recreio|35537000|2,-2058641,-4457247;3,-37,-7;7,185,394;10,-296,137;11,309,-189;12,580,-185;15,-1157,915
estrada||ribeirao lagoa|mata da chamine|35537000|13,-2067807,-4456124
estrada||santa maria agua santa|ponte pedra|35537000|67,-2064476,-4457599;69,13,13;95,-20,-5
estrada||santa maria agua santa|tombador|35537000|15,-2064025,-4456801;35,-6934,-793
estrada||sem denominacao 1|sao sebastiao|35537000|96,-2065864,-4449208;106,-2,12;126,-4,19;134,14,2;140,7,9;150,-7,19
estrada||sem denominacao|arcadas|35537000|10,-2058532,-4450507;34,2183,-1779;52,-289,421
estrada||sem denominacao|canjica|35537000|761,-2064283,-4444049
estrada||sem denominacao|dornelas|35537000|14,-2053760,-4454089;15,-152,8
estrada||sem denominacao|fartura|35537000|10,-2065318,-4443968;19,-205,-1247;21,-26,363;23,-248,-456;36,-360,-1596
estrada||sem denominacao|mato dentro arcadas|35537000|43,-2057051,-4449550
estrada||sem denominacao|rio dos bois|35537000|16,-2068791,-4444108;17,2,63
estrada||sem denominacao|sesmaria|35537000|9,-2063572,-4445933;10,0,0;31,-1102,-1029
estrada||sesmaria|sesmaria|35537000|2,-2061920,-4446504;3,0,0;4,-444,986;7,-4,829;8,78,113;22,-476,-523;29,343,-1041;33,558,570;34,208,79;36,165,71;38,-15,-364;39,-1939,-1384
estrada||tamboriu|tamburiu|35537000|3,-2060474,-4451779
estrada||tombadouro x morro do ferro|tombador|35537000|14,-2070564,-4458052;15,-77,1;16,-268,190;17,-53,263;27,511,-439;44,-510,438
estrada||usina|cachoeira dos batistas|35537000|3,-2054091,-4455846;7,146,-744;9,-735,-174;13,-3,759;18,350,-750
estrada||virgulino|virgulini|35537000|5,-2059725,-4454058;7,-194,94;21,620,178
estrada||vista alegre|fazenda vista alegre|35537000|23,-2060546,-4446310;24,-229,1;26,-16,-1;27,210,-87;29,263,-26
fazenda|santo|antonio|cachoeira dos peixotos|35537000|12,-2064870,-4438194;14,-10,13
fazenda||beira rio|beira rio|35537000|10,-2064474,-4441172
fazenda||beira rio|brandao|35537000|28,-2063777,-4441699
fazenda||campo grande|fazenda campo grande|35537000|10,-2062593,-4443396;11,4,37;12,-1,-36;28,0,-3
fazenda||do retiro novo|cachoeira do carvalho|35537000|9,-2059047,-4440035
fazenda||do retiro novo|cachoeira dos peixotos|35537000|10,-2064765,-4437877
fazenda||do segredo|tijuco|35537000|32,-2062258,-4451824
fazenda||dos bangues|bangues|35537000|3,-2067375,-4447078;7,-1090,1212
fazenda||floresta|floresta|35537000|2,-2058932,-4439878
fazenda||olhos dagua|colonia|35537000|17,-2059377,-4444130
fazenda||palestina|colonia|35537000|19,-2058748,-4444348;21,-2281,5579
mata||grande|mata grande|35537000|8,-2058913,-4458895;10,-1118,-533;13,-58,-290;21,-1131,1769;23,193,-843
ponte||do tijuca|calafate|35537000|80,-2063389,-4450620;110,-37,-35;112,-1,-1;181,-81,-53
povoado||alto da vargem grande|vargem grande|35537000|32,-2068067,-4449139;33,-242,425
povoado||alto dos pinheiros|alto dos pinheiros|35537000|18,-2077874,-4444906;20,4086,-1012;23,-1770,2191;26,-1074,154;135,495,-2598
povoado||bangues|bangues|35537000|7,-2066479,-4447669;8,-721,-49;10,-237,323;11,473,-296;12,81,-263;32,-805,1576;33,-130,-102;34,-114,55
povoado||brandao|brandao|35537000|1,-2062330,-4439337;3,1750,779;7,-639,-527;8,720,-417;9,-134,888;10,134,147;12,-445,43;13,445,-155;14,-265,96;15,258,14;18,136,202;19,-132,1;23,-558,-498;24,45,132;25,69,31;30,80,64;32,480,-902;33,-404,1023;34,-635,524;35,110,-388;36,129,-258;37,-142,136;38,-50,61;39,58,52;40,1017,47;41,-1016,-278;42,-107,226;43,7,6;44,929,-1229;45,-866,1342;47,42,-117;48,-826,2002;49,676,-1559;50,-380,1346;51,-695,-2118;100,1744,140;135,132,32;195,-1,109;450,-681,-299;550,-190,212;600,339,-810;601,814,939;655,-371,-390;670,-656,-584
povoado||cachoeira dos pinheiros|cachoeira dos pinheiros|35537000|3,-2073811,-4445014;4,-172,-276;7,332,1708;15,239,230;16,29,36;21,-325,-515
povoado||corrego areado|corrego areado|35537000|1,-2070407,-4447814;2,-1431,-1043;5,1014,1342;6,-1859,-1230;7,1308,-253;9,170,-415;14,-42,874;22,-942,1235
povoado||da chacara|calafate|35537000|84,-2063738,-4450933;85,-179,246;99,66,-188;105,11,17;520,-99,-159;570,27,-89;814,-246,-87
povoado||da colonia|colonia|35537000|1,-2057719,-4441092;4,549,-183;5,1,3;8,-55,552;9,-277,40;12,344,-135;13,6,7;14,-19,-182;15,-9,-1;17,-199,-529;18,-401,-5;19,-148,-1042;20,-3099,3778;22,3643,-2731;23,34,583;25,175,-55;26,17,178;28,15,-246
povoado||do tijuco|tijuco|35537000|26,-2063131,-4450589;105,-61,-1;143,84,3
povoado||do vau|vau|35537000|217,-2069946,-4454366
povoado||estiva|estiva|35537000|45,-2065026,-4450733;440,209,249;847,2146,-7904
povoado||fartura|fartura|35537000|12,-2065901,-4446183;15,163,-39;98,-1316,654
povoado||fatima|capela de fatima|35537000|2,-2073759,-4454303;3,443,847;4,231,1670;5,-249,-1698;6,268,120;12,274,1368
povoado||fazenda primavera|fazenda primavera|35537000|13,-2067981,-4450123;14,346,-410
povoado||lagoa seca|lagoa seca|35537000|1,-2073145,-4448204;7,662,1474;20,-704,-595;21,-229,-151;22,63,53
povoado||malicia|malicia|35537000|50,-2064942,-4451881
povoado||ouro fino|ouro fino|35537000|7,-2074607,-4448303;9,8,166;11,-1187,-579;13,-509,1722;15,29,-961;16,20,83;105,1470,-589
povoado||paciencia|paciencia|35537000|2,-2062609,-4457982;3,-146,145;6,-13,370;17,877,-921;21,-613,391
povoado||palestina|colonia|35537000|4,-2060681,-4444375
povoado||papudo|colonia|35537000|9,-2057156,-4440814;10,-269,-710
povoado||papudo|papudo|35537000|15,-2057647,-4440654
povoado||ponte pedra|ponte pedra|35537000|17,-2064371,-4457642;19,58,-326;27,-179,428;32,-170,-455;34,6,45;40,600,-486;43,-1,-354;44,-65,523;63,-358,650;65,12,-3;67,-1,27;73,-36,-39;105,-45,118;107,-1,-25;267,12,-273;443,167,-8;638,244,-511;733,7,67;751,-4,-347;783,-53,401
povoado||recreio|recreio|35537000|1,-2059479,-4456586;2,1321,-1056;6,-1040,334;7,613,-908;13,-931,536;20,-760,211;21,-39,68;22,-62,57;23,-41,8;24,-6,-355;29,-141,1253;51,1512,-826;121,-160,-42
povoado||ribeirao|ribeirao|35537000|1,-2062083,-4455072;3,792,606;6,-829,-429;10,-97,-84;12,22,-146;13,-21,146;17,-526,-781;20,-127,-52;21,-52,682;22,109,-320;24,66,-314;27,2405,1500;30,-2957,-755;34,177,89;36,287,-498;42,458,430;45,-1112,-273;46,-34,-103;411,1126,170
povoado||rio dos bois|rio dos bois|35537000|4,-2068780,-4440866;6,1211,-1064;9,673,-618;10,-3327,-560;11,1175,512;14,407,2823
povoado||serra da bandeira|capela de fatima|35537000|3,-2073060,-4450369
povoado||serra da bandeira|serra da bandeira|35537000|1,-2074405,-4448865;3,-638,-461;4,2026,-924
povoado||serrinha|serrinha|35537000|12,-2072544,-4451486
povoado||sesmaria|sesmaria|35537000|14,-2063205,-4445306;22,-690,-363
povoado||vargem grande|vargem grande|35537000|2,-2066720,-4449211;5,-247,-16;23,-290,3;26,2,-105;31,-441,237;64,364,-113;85,375,-4;86,-146,-87;89,-176,-99;150,3,73
praca||americo oliveira|centro|35537000|3,-2065101,-4449118;7,-6,0;31,22,-3
praca||bolivar andrade|centro|35537000|3,-2065060,-4449626;5,-11,-21;6,-8,15;7,15,66;10,-32,-70;15,29,21;20,-33,-9;31,46,23;35,-35,32;39,20,-37;40,-49,-30;43,55,25;50,-50,15;53,59,6;55,-45,52;63,44,-42;76,-75,-25;100,-14,35
praca||colonia|colonia|35537000|12,-2057140,-4441046;21,-368,365
praca||crispim gomes de morais|centro|35537000|30,-2064937,-4449562;40,-11,2;101,-16,-41;105,9,-2;107,-5,4
praca||fabio jose da silva|centro|35537000|29,-2065199,-4449025;506,-22,-44;512,8,36;513,15,-14;523,-4,16;524,-8,0;534,8,15;548,0,7
praca||francisco sales|centro|35537000|7,-2065148,-4449466;22,76,-27;23,-76,47;26,96,-9;40,-134,15;45,0,-2;65,10,25;85,-1,-36
praca||gabriel leite|centro|35537000|9,-2064953,-4449738;18,65,-46;20,-4,-10;21,-54,51;26,49,-77;34,-8,53;46,17,20;53,-45,-11;70,30,22;75,-14,-41
praca||raul leite|centro|35537000|65,-2065111,-4449559;75,-22,-4;85,-1,2;95,0,3;105,-15,2;107,-4,10;117,-9,-11;125,-11,15;137,0,-18;140,-10,-22;142,-4,10;145,-1,18;150,-42,-1;153,38,4;154,-12,-26;157,10,37;158,-14,-37;160,-3,0;164,-11,-13;165,13,51;170,6,-26;175,-15,12;180,-17,-13;185,4,21
praca||waldemar urbano|centro|35537000|6,-2065415,-4449342;10,-21,66;20,4,-57;36,-10,-8;46,-15,15
regiao||barreiro|barreiro|35537000|11,-2062014,-4453580;13,53,-14
regiao||bau|brandao|35537000|11,-2057181,-4441168
regiao||da fazenda do romeuzinho|floresta|35537000|1,-2062323,-4439345;2,129,-442;3,-25,-2;4,-623,472;5,-34,6;6,1494,1064;7,-818,-1530
regiao||da fazenda floresta|floresta|35537000|3,-2061928,-4439403
regiao||marfim|brandao|35537000|2,-2063979,-4436666
regiao||marfim|marfim|35537000|9,-2063704,-4436787
regiao||patrimonio|patrimonio|35537000|11,-2066218,-4443394
rodovia||mg 270|alvorada|35537000|8,-2059225,-4456086;10,-2573,3538
rodovia||mg 270|barro branco|35537000|27,-2063783,-4441701;28,74,774;30,328,118;31,311,137;32,2,-2;34,-633,-294;35,-12,37
rodovia||mg 270|calafate|35537000|3,-2064390,-4449943;96,101,-13;181,729,-848;570,-1036,898;574,22,-1;634,106,6;660,138,-22;684,-14,6;696,77,31;700,-17,-60;710,18,-22;720,-3,3;745,39,-47;750,26,21;765,-5,-31;775,16,-4;785,16,-10;865,75,-40;884,-38,37;885,58,-53;894,-20,27;905,35,-34;906,-7,23;915,14,-28;925,3,-1;945,19,-12;955,16,1;965,2,-3;971,12,-2;1036,61,13;1047,9,-15;1057,24,8;1060,-17,12;1070,12,5;1100,35,9;1142,26,11;1149,7,-11;1180,-53,9;1190,13,-12;1220,149,38
rodovia||mg 270|campo grande|35537000|51,-2064673,-4445701;53,-180,852
rodovia||mg 270|centro|35537000|64,-2064833,-4449005;70,-7,-16;90,-2,-10;91,-8,15;100,6,-22;114,-1,3;122,-8,-31;130,-5,-10;141,-4,23;151,-8,-23;156,9,-18;161,-17,10;169,4,-5;170,7,-7;175,-15,-4;182,7,-24;189,-10,10;191,3,-5;200,5,-20;203,-13,10;209,42,54;213,-41,-69;216,10,-5;222,-2,-14;223,-22,1;245,1,-6;255,-8,-27;260,45,-223;267,54,-193;272,-87,413;275,70,-456;277,7,58;282,17,-71;291,-120,438;292,20,2;294,88,-454;302,-87,457;309,62,-356;310,-61,341;320,58,-341;322,50,-124;332,10,-26;340,-66,176;342,109,-175;355,-65,-14;360,-38,210;365,-84,266;371,0,-10;386,131,-200;397,-135,225;441,1,-43;443,-6,-16;445,3,-20;449,-7,12;458,42,-32;460,0,-1;465,-28,28;474,18,-70;475,-4,22;485,4,8;515,-13,160;585,29,-242;591,2,14;595,-3,12;607,-9,-43;609,24,8;616,22,-58;617,-33,51;627,7,-5;635,5,-3;645,9,-63;648,8,-14;649,-17,56;657,12,-35;659,-4,22;661,2,-18;667,0,12;718,-21,96
rodovia||mg 270|geraldo lara|35537000|515,-2064640,-4449928;519,10,15;525,7,-1;593,122,-5;603,11,0;615,3,-5;625,22,7;653,21,7;655,8,3;669,6,-11;675,118,-38;685,7,-8;705,12,6;715,20,-14
rodovia||mg 270|ouro verde|35537000|1,-2062416,-4453074;17,1695,-1006;25,-1348,1121;26,-416,58
rua|alferes|rosendo|centro|35537000|7,-2065194,-4449410;15,-24,10;22,6,-5;25,-13,10;26,-1,-1;35,-6,4;45,-7,1;54,-4,-5;57,-11,13;66,-3,-35;76,-14,35;121,-39,6;131,33,-2;142,-46,2;153,-16,5;161,-10,2;199,-31,6;201,155,-28;210,-161,31;220,-8,-3;221,2,3
rua|carmelita|faleiro|centro|35537000|25,-2065696,-4449418;33,-5,-9
rua|delegado|calistro|sao judas tadeu|35537000|87,-2065632,-4449931;95,17,-4;96,72,-18;97,-65,16;107,6,-5;116,72,-26;117,-54,26;120,54,-34;121,-50,30;125,13,1;126,51,-33;136,-6,-9;137,-32,36;144,44,-49;149,-4,13;153,-2,-24;157,-2,-7;160,20,6;161,-10,-10;170,-8,8;177,14,-14;180,13,-2;190,16,-6
rua|padre|elpidio rosa|centro|35537000|26,-2065356,-4448840;50,-31,-18
rua|padre|elpidio rosa|vale das flores|35537000|9,-2065339,-4448838;21,-21,0;45,-29,-4;65,-5,-3;75,-8,-7;89,-14,-6;97,-9,1;105,1,-7
rua|padre|virgilio|vale das flores|35537000|14,-2065268,-4448828;27,15,19;45,6,19;80,3,26;84,6,10;100,11,24;345,-45,-115
rua|professor|joaquim pereira|centro|35537000|50,-2065383,-4448924;64,-7,-9;69,-1,5;76,-3,10;84,-5,8;85,6,-9;99,-9,14;100,-4,8;110,-8,3;115,8,7;125,-33,-13;130,18,20;140,-11,-11;142,-4,-3
rua|santa|rita|centro|35537000|13,-2065547,-4449422;17,9,14;31,4,13;53,11,9;61,12,-8;69,-26,15;75,10,7;85,4,22;95,-6,7;100,5,1;110,6,15;119,-11,-5;120,16,18;130,-3,11;136,5,1;140,11,16;150,-12,-3;152,4,13;164,2,5;170,2,2;180,1,16;190,12,3;200,4,14;216,4,13;220,1,1;242,9,13;245,36,1;254,-5,14;257,56,26;270,-50,-26;284,11,22;288,7,12;298,0,0;300,0,1;310,19,23;320,-3,27;350,-4,12;406,26,10
rua|santo|antonio|centro|35537000|22,-2065178,-4449281;23,-16,8;34,3,-7;43,-12,10;54,-3,-18;55,-8,28;60,-3,-8;65,22,81;77,-30,-73;86,-8,1;116,-27,15;126,-30,12;150,-4,3;155,3,4;165,-37,17;167,28,-7;171,-10,1;205,-33,7;219,-21,6;220,8,-10;294,77,-17
rua|sao|geraldo|sao sebastiao|35537000|9,-2065658,-4449087;10,-55,-72;11,63,111;12,0,-4;13,4,2;14,-3,-14;15,-2,6;16,3,-3;17,-6,-24;18,7,18;19,-14,-30;23,-1,-20;27,-16,-14;122,3,-41;124,14,20;131,-26,-15;132,10,-5;140,-46,-54;142,2,12;145,29,38;148,-23,-30;152,18,8;162,-11,9;185,-30,-53;195,-16,1
rua|sao|joao|calafate|35537000|10,-2063720,-4450454;15,-12,-8;30,0,-17;35,-5,2;40,1,-8;43,-8,-2;45,-4,-15;47,-41,57;70,36,-75;80,11,-7
rua|sao|jorge|calafate|35537000|24,-2063681,-4450514;27,4,12;41,-16,-14;73,-8,-35;74,7,-11;85,-10,-1;175,21,92
rua|sao|jose|calafate|35537000|40,-2063637,-4450573;41,12,41;46,2,-9
rua|sao|jose|centro|35537000|43,-2065140,-4449042;50,-7,-10;53,8,3;54,-38,30;71,41,-20;75,-8,-2;85,-4,3;95,-12,10;103,-11,17;104,-2,-14;121,-12,38;155,-17,15;167,-16,20;170,15,-22;180,-5,7;190,-13,8;193,3,6;203,-6,6;204,-3,-9;215,-3,14;225,-8,8;233,-2,7;257,-16,22;260,-5,-9;268,-13,7;273,10,15;284,-10,5;293,-4,7;296,-6,-6;307,0,12;308,-2,-3;311,-3,10;320,-7,-4;321,6,7;327,-9,8;328,-1,-6;335,-1,9;340,-6,-2;360,-15,20;408,-67,83;470,-21,22;480,-9,17;490,-4,7
rua|sao|jose|vale das flores|35537000|364,-2065337,-4448800;368,-14,7;370,-4,4;390,-18,17;392,-2,4;394,-7,0;395,29,-22;405,-3,2;409,-8,7;425,-10,16;435,-20,22;489,-5,8;493,-9,7;509,-4,3;555,-17,29;561,-20,23
rua|sao|lucas|centro|35537000|61,-2065290,-4448802;71,2,-1
rua|sao|lucas|vale das flores|35537000|60,-2065275,-4448806
rua|sao|sebastiao|vale das flores|35537000|7,-2065279,-4448731;70,-16,-36;94,27,53
rua|vereador|agenor santos de souza|geraldo lara|35537000|30,-2064732,-4449947;40,-29,11;50,3,-6;60,15,-6;70,5,-7;80,7,-6;85,113,-109;90,-107,100;100,-1,-5;109,155,-141;110,-69,66;140,-57,50;215,47,-32;255,24,-28;270,15,-29;310,15,-8;320,22,-12;330,2,-18
rua|vereador|alcides campos lara|calafate|35537000|16,-2064064,-4450448;22,8,2;32,10,-1;39,322,97;46,-309,-87;64,7,0;70,16,7;77,-14,-18;80,22,21;91,190,95;111,11,11;114,-42,-1;124,36,3;131,29,5;134,-16,-4;135,-136,-101;141,159,107;144,0,16;145,-156,-124;150,166,115;154,-4,-4;165,1,4;174,16,4;175,-145,-97;184,151,100;190,5,9;197,-132,-106;200,-28,0;205,33,6;214,145,109;215,-135,-110;218,-5,8;221,71,63;224,-59,-63;225,114,76;226,-107,-74;236,12,3;245,125,74;255,-142,-83;269,-8,-4;280,33,20;300,33,12;315,17,-21;320,-9,23;325,-5,-6;330,26,10;340,8,4;380,21,-4;390,14,10;396,4,37
rua|vereador|moacyr vieira de souza|centro|35537000|10,-2065928,-4450071;31,2,24;41,-1,10;121,-46,76;145,1,19;165,-6,18
rua||abelard amorim|centro|35537000|17,-2065296,-4449889;25,11,8;30,13,-24;33,-7,30;38,-1,-25;48,4,0
rua||adalberto goncalves faleiro|centro|35537000|20,-2064836,-4449915;36,-52,94;42,6,-17;46,2,-4;56,3,-1;65,2,-7;75,-16,-17;80,21,17;81,-7,-21;85,13,-2;95,2,-3;105,6,-11
rua||adelino aloisio da fonseca|centro|35537000|4,-2064881,-4449228;6,12,17;26,3,15;38,4,22;58,-10,37;85,31,16;95,1,10;105,5,9;110,-1,10;240,-272,7
rua||afranio expedito rangel|centro|35537000|11,-2064992,-4449912;40,-11,4;45,-19,0;47,-26,17;50,34,8
rua||alipio alves de morais|calafate|35537000|13,-2063984,-4450142;40,36,-29;56,7,-11;66,7,-9;120,22,-24;121,-3,-2;130,10,-6;131,-2,0;140,9,-6
rua||ana maria de sao jose|calafate|35537000|9,-2063914,-4450311;20,8,-6;25,2,-4;37,-3,-6;40,11,-10;41,-11,-4;59,-9,-18;77,18,-16;92,12,-16;95,-11,7;102,15,-29;112,-1,-16;147,0,1;157,4,-1;158,4,-9;167,-5,-10;177,1,-12;209,11,-33;210,8,-7;215,-16,26;226,-32,171
rua||antonio carlos de oliveira|hidelmano amorim|35537000|10,-2065117,-4448928;15,9,6;24,0,7;33,10,4;36,0,9;46,2,4;50,5,5
rua||antonio de souza faleiro|centro|35537000|12,-2064927,-4449025;20,1,6;30,1,7;36,2,13;42,-2,8;48,2,3;51,2,-6;54,-8,13;60,5,7;66,-2,3;70,-5,9;80,11,4
rua||antonio gurgel|centro|35537000|7,-2065042,-4449580;19,5,4;25,14,-7;65,24,3;77,30,-3;80,-24,10;87,14,-1;90,7,4;159,57,-12;161,-1,-18;166,15,17;167,-3,-7;176,14,8;180,1,-2;181,-3,-20;195,13,4
rua||antonio monteiro resende|centro|35537000|33,-2065160,-4448994;34,-3,7;46,4,-2;59,116,-18;72,-92,38;76,3,1;82,9,8;107,56,-16;115,-12,12;120,-20,24;128,11,10;133,-4,-18;138,8,19;141,7,-1;148,-3,6;154,8,10;167,5,-1;168,-1,7
rua||antonio monteiro resende|hidelmano amorim|35537000|128,-2065110,-4448818;138,2,2;148,-4,0;154,4,0
rua||antonio pedro de souza|centro|35537000|9,-2065060,-4449112;10,-13,-7;27,22,15;34,-11,-6;45,19,20;47,-15,-19;55,24,21;71,23,20;151,-57,152;368,19,-226
rua||antonio rocha pereira|calafate|35537000|7,-2063938,-4450126;13,1,1;19,6,-14;20,0,10;25,4,-11;26,-1,3;31,4,-3;32,3,-3;35,1,-5;38,8,-2;56,4,1;61,-5,-3
rua||arminda maria de jesus|centro|35537000|9,-2064957,-4449038;14,4,-12;15,-4,2;20,0,-6;21,-3,7;27,1,-6
rua||avelino inacio|centro|35537000|30,-2065346,-4449714;33,2,-2;40,-3,-6;42,-7,-4;49,-4,-13;59,-18,13;60,26,-9;72,-9,-17;75,-6,11;80,6,-15;92,-5,-1;111,-23,-17;124,5,-6;129,-4,9;132,4,-18;156,-33,-21;166,5,-1;178,-11,4;196,-15,1;200,-13,-3;208,3,22;218,-17,5;228,-24,14;241,-10,12;251,-9,3;254,7,1;260,-12,8;270,-8,-7;277,5,6;280,-24,15;287,25,-10;290,-49,-6;297,32,14;298,-41,-15
rua||avelino inacio|sao judas tadeu|35537000|225,-2065580,-4449751;245,-8,-15;255,-8,-9;275,-3,-17;281,-8,-15;295,-10,-11;305,-5,-19;405,-3,-18
rua||belmira candida de morais|vale das flores|35537000|19,-2065328,-4448792;20,-7,0;40,8,7;50,13,10;55,8,5;60,1,1
rua||boa vista povoado dos pereiras|bela vista|35537000|140,-2066091,-4450421;142,4,-11;221,266,-14;251,-87,-69;252,56,-55;254,-3,-1;257,-82,111;258,101,-134;270,-153,97;287,56,9;300,-33,5;307,-7,10;313,-31,36;335,-36,-28;351,-40,12;410,-26,25;412,-12,-50;422,-6,6
rua||bueno brandao|centro|35537000|17,-2065346,-4449018;19,-75,-440;23,85,427;26,-89,-419;31,3,0;35,95,419;38,-96,-411;39,4,-4;45,5,18;48,-8,2;55,11,3;58,-10,6;59,7,5;74,-5,6;77,3,8;85,4,4;86,-3,3;92,0,9;120,2,12;124,0,13;135,5,11;141,1,-3;151,0,17;163,-4,8;181,8,15;189,6,9;200,8,20;225,-1,15;228,-1,12;242,-1,10;254,0,7;260,1,4;261,5,0;264,-4,14;272,0,9;292,5,15;301,5,8;302,-6,1;310,1,11;315,10,-6;323,-2,10;326,-6,8;335,10,6;340,-7,6;345,8,9;348,-9,0;350,-1,7;351,11,-2;354,-10,-8;356,3,13;359,23,11;360,-23,0;361,11,6;389,-1,10;398,17,14;399,-15,3;416,-2,10;425,7,17;433,3,3;438,-16,-1;445,14,9;448,-9,1;456,-1,7;457,11,5;459,0,6;460,-8,0;474,0,3;484,-1,11;494,4,7;500,4,12;515,11,6;516,-9,1;543,7,15;550,-11,7;553,28,-3;559,-15,8;563,0,9;564,-2,5;577,0,4;580,-6,16;582,6,4;585,30,-6;590,-34,2;600,5,18;601,10,-6;607,0,3;610,-9,14;617,24,-11;621,37,-42;631,-45,70;644,-11,-1;645,12,12;654,-16,4;655,13,1;660,-10,-4;664,4,20;665,5,0;684,0,31
rua||carlos gomes|centro|35537000|26,-2065395,-4449464;41,16,15;42,-6,-1;60,-2,13;71,12,7;76,-7,3;81,12,18;82,-11,-7;90,2,7;100,6,18;109,9,16;110,-2,9;139,6,9;140,-6,14;145,3,-7;151,9,12;165,-22,-74;170,20,86;182,1,11;184,-1,7;185,136,157;188,-133,-168;189,6,11;209,3,15;210,0,32;211,1,-15;215,2,6;218,-10,-6;225,18,11;248,-13,12;254,0,-8;255,14,18;260,0,-3;266,33,154;268,-35,-130;273,6,-13;309,15,45;325,-23,-26;337,29,46;346,-25,12;356,27,8;361,-3,9;369,8,1;370,-5,16;380,1,5;381,6,-11;390,63,13;393,6,2;400,-71,21;403,-1,-6;415,6,9;422,-5,0;425,11,5;432,-4,13;437,10,-7;455,-3,18;460,-4,-2;463,80,-36;525,-52,81;526,38,-48;531,-44,57;538,-6,13;545,15,3;546,-8,0;556,-3,9;565,11,7;570,-6,8;574,5,9;575,8,-10;584,-6,9;585,11,1;590,-9,9;595,9,-4;596,21,-46;608,-26,77;638,10,31;646,1,-8;650,6,18
rua||carlos gomes|hidelmano amorim|35537000|619,-2065240,-4448916;625,3,6;633,-1,10;649,6,9;659,1,9;785,46,88;799,5,2;805,7,4;815,5,5;819,2,11;829,5,5
rua||carlos gomes|vale das flores|35537000|716,-2065234,-4448860;726,5,1;730,7,6;736,2,9;746,10,10;752,6,6;802,23,40;814,1,8;834,9,11;846,10,11;858,11,15;868,3,5
rua||carlos joaquim vieira|sao judas tadeu|35537000|159,-2065587,-4449678;171,-10,7;175,4,-3
rua||carlos leite|centro|35537000|294,-2064937,-4449602;301,-7,-13;333,-1,-17;334,11,5;342,8,-10;343,-20,-15;350,13,2;353,-5,-5;364,11,-18;371,-6,-22;372,11,5;382,1,-4;392,2,-4;406,-5,-27
rua||carlos pinheiro chagas|centro|35537000|5,-2065104,-4449111;11,-247,89;16,11,5;17,-12,-1;19,94,-45;23,91,-52;26,-155,94;35,165,-95;36,-169,101;42,-27,-4;48,39,-7;51,2,-15;59,-20,8;60,35,3;78,6,-3;101,207,-96;102,1,9;103,-179,52;120,-5,22;137,16,-18;154,31,3;158,-20,7;163,-12,0;182,39,-16;190,17,-3;194,10,-14;202,105,-34;208,-99,40;211,4,-14;232,19,-1;235,-9,-19;239,12,13;240,3,8;247,-5,-14;249,15,-6;254,2,14;255,5,2;357,69,-38;365,13,-6;393,21,-14;405,15,-3;413,8,-3;431,34,-10;467,-2,-1;480,33,-10;485,-15,-4;495,26,-1;500,4,-4;505,-3,-3;515,11,-18
rua||carlos r teixeira|centro|35537000|16,-2065596,-4449666;18,11,6;25,-4,17;26,5,-7;32,-14,0;35,8,8;41,7,11;42,7,-17;51,-7,23;61,7,7;81,16,26;82,9,6;96,11,14;103,-5,12;120,13,-3
rua||cicero belizario|centro|35537000|5,-2064942,-4449037;6,-5,3;7,11,-2;8,10,1;15,29,-7;25,13,-9;30,-5,9;35,12,-3;40,3,5;141,12,-22
rua||cicero ferreira|centro|35537000|9,-2064921,-4449548;20,-16,10;23,20,-1;34,-29,8;37,35,-2;44,2,9;45,-10,20;47,22,-14;67,-18,8;97,0,30;107,-5,14;127,3,18;130,-28,3;137,21,11;140,-8,4;147,1,1;154,-8,11;165,3,8;187,2,15;197,-18,16;207,-2,1;210,-16,6;217,13,13;220,-11,-7;230,-5,11;252,-17,42
rua||cinco|calafate|35537000|30,-2064015,-4450461;33,-5,-6;35,-11,14;37,23,-9;42,2,-6;47,-8,-4;52,22,-20;59,-11,-2;62,15,-3;71,-9,-5;81,7,-10;90,10,1;95,-1,-4;100,2,-1;105,5,-20;110,21,13
rua||da colina|sao sebastiao|35537000|39,-2066012,-4449064;107,16,78;185,-5,88;186,5,-13;196,-10,4
rua||da colina|vista alegre|35537000|80,-2065985,-4449013;90,-4,13;110,-2,16;120,-3,19
rua||das goiabeiras|sao sebastiao|35537000|1,-2065734,-4449329;2,-14,23;4,5,7;5,1,6;6,0,1;7,4,26;9,0,-32;13,2,36;23,1,12;33,2,3;40,1,31;50,-4,6;60,2,12;61,4,3;63,3,12;70,-20,0;73,23,6;80,-8,14;83,11,-1;93,-11,30;111,13,30;121,2,9;127,9,15;133,4,18;140,-17,-39;150,2,23;170,0,21;180,5,-2;190,1,9;200,-2,4
rua||das laranjeiras|geraldo lara|35537000|12,-2064382,-4450022;70,21,16;78,-44,-79;137,-50,-54;333,64,85
rua||dez|calafate|35537000|11,-2063854,-4450460;15,-2,-3;56,17,21;58,-2,-21;64,10,6;79,-66,-8;80,74,15;83,-101,-32;122,-8,0;128,28,8;130,143,51;135,16,-7;136,-11,8;140,11,0;145,14,-17;146,4,3;155,25,-21;165,8,-8;166,-19,21;172,11,0;180,-85,-17;194,100,-1;196,7,-5;268,48,-44;286,40,-32;290,29,9;300,-6,-21;326,3,-6
rua||diva amorim silva|geraldo lara|35537000|73,-2064918,-4450029;106,9,-30;113,-2,-10;125,3,-9;169,12,-29
rua||do contorno|centro|35537000|5,-2065467,-4449190;12,-11,5;35,-8,34;45,-6,12;248,31,-57
rua||do contorno|sao sebastiao|35537000|10,-2065949,-4449252;40,-28,178;98,370,24;108,-12,1;118,-2,-3;171,-359,-68;214,302,82;224,-59,1;225,3,14;234,-9,5;235,7,-10;237,-21,-6;238,-3,8;242,-41,8;251,38,-9;271,-12,14;272,-77,3;275,61,-7;282,-65,19;285,44,-7;295,-3,-3;305,1,2;400,-162,-189;410,12,-21;425,74,222;432,-98,-130;435,122,116;444,-92,-57;445,37,55;446,-34,-52;455,10,22;469,8,-1;475,-13,-1;495,-7,-19;505,-16,-3;516,-24,-78;566,29,-88
rua||do contorno|vista alegre|35537000|125,-2065625,-4449041;135,-16,-2;145,-11,11;155,-13,-9;165,-11,11;175,-5,0;185,-9,10
rua||do rosario|centro|35537000|41,-2065488,-4449428;59,3,18;63,0,5;69,12,16;75,0,10;81,4,12;93,-3,5;107,7,10
rua||do rosario|vale das flores|35537000|30,-2065495,-4449441;40,3,7;50,2,12;64,2,23;68,11,12;70,-3,3;74,0,2;90,3,11;102,8,13;122,-1,15
rua||dois|bela vista|35537000|100,-2065887,-4449962;120,-9,28
rua||dois|calafate|35537000|25,-2064154,-4450243;60,-19,-7;70,-9,16;86,-17,-18;90,-1,2;97,-12,11;100,-4,-19;103,-8,11;109,-20,-6;115,4,-1;125,-11,-7;128,16,2;138,-14,-5;141,-11,-3;150,-18,-23;160,-2,-8;171,-138,-212;187,132,223;195,-5,-12;199,2,4;202,-1,-3;268,-36,-79;403,-54,-111;421,-1,-8;440,44,81;445,-61,-97;505,-28,-10;511,-20,-3;533,-19,-11;543,-3,-4;555,-18,-52
rua||donato andrade|centro|35537000|96,-2065334,-4449524;106,-6,-2;120,-10,2;148,-37,5;222,-53,11;246,-31,7;256,-10,7;268,-10,5;284,-10,-1;296,-7,4;310,-13,7;320,-3,-7;328,-9,8;336,-7,6;354,-16,10;362,-8,4;368,-11,6;372,-5,0;382,-9,1;388,-10,6;402,-3,6;408,-15,7;418,-13,-2;430,-8,8;484,-72,30;486,-3,-1;490,2,-13;494,-7,18;496,12,1;506,-6,0
rua||dorvelino rabelo costa|centro|35537000|59,-2065066,-4448941;107,-2,-36;115,-9,10
rua||dorvelino rabelo costa|hidelmano amorim|35537000|150,-2065182,-4448896;160,-10,2;168,70,-34;170,-86,40;171,82,-34;199,-16,10;200,6,-4;204,-20,6;215,-10,7;219,9,-4;230,-9,1;235,-7,8;261,-19,10
rua||dorvelino rabelo costa|vale das flores|35537000|330,-2065254,-4448866;335,2,5;350,-13,7;359,-3,2;361,-11,-3;370,-1,4;371,-4,6;377,-5,2;385,-47,42;391,26,-25;415,-18,7;425,-14,11
rua||dos aracas|geraldo lara|35537000|15,-2064524,-4450113;21,5,-4;29,-51,59;49,-80,90;50,47,-57;53,-37,49;60,-52,47;71,199,-224;78,19,8;82,-169,163;85,177,-172;86,-33,26;88,-136,129;92,24,-16;93,46,-37;100,-15,7;104,14,-14;109,24,-16;111,2,-12;117,-3,-15;135,97,-114;933,-132,180
rua||dos araujos|vale das flores|35537000|15,-2065243,-4448742;40,-13,9
rua||doze|calafate|35537000|4,-2063908,-4450527;6,12,1;8,14,14;10,38,-10;20,2,5;28,-78,-9;29,76,4;38,-89,-8;40,111,14;41,13,0;45,-86,-113;55,54,108;56,28,13;58,16,3;59,0,-3;64,-3,6;125,-27,-106;142,16,18;566,-178,38
rua||elias simao|vale das flores|35537000|25,-2065111,-4448805;26,-287,164;46,-14,-16
rua||elmira de morais|centro|35537000|10,-2065169,-4449958;11,-23,118;40,21,-89;45,-20,18;50,20,-9;90,-15,91
rua||elpidio|geraldo lara|35537000|15,-2064204,-4450162;21,-644,176;70,2,-5;80,-11,14
rua||evaristo batista de souza|centro|35537000|6,-2064950,-4449036;220,20,-57;272,-64,-191;293,12,7;303,9,17;308,-5,15;313,-1,-15;325,10,17;334,5,32;335,6,-18;347,-3,13;358,-13,14;361,17,1;421,14,49;426,22,74;431,-21,-63;441,19,2;443,6,76;446,-22,-55;453,9,-5;455,20,81;460,-8,-8;463,-10,-70;471,-1,17;480,20,76;483,-17,-73;487,27,77;490,-7,1;495,-14,-64;496,13,72;504,-3,5;510,2,7;520,1,16;521,-4,-70;528,5,73;531,-2,-66;534,-3,69;540,3,12;548,3,15
rua||flavio ribeiro da silva|vale das flores|35537000|10,-2065304,-4448675;20,-17,23;30,-7,2;307,10,-13;555,66,-127
rua||francisco chagas|centro|35537000|5,-2065083,-4449642;23,28,-10;42,16,-4;51,-12,1;55,10,-10;58,182,-114;63,-174,113;66,14,0;77,-6,-8;82,14,0;97,17,-29;101,0,-7;104,4,24;111,6,-24;114,164,-99;121,-159,104;131,9,-13;136,-1,16;142,18,-4;153,1,-22;291,94,-59;349,42,-31
rua||francisco gabriel|centro|35537000|23,-2065264,-4449581;31,-1,-3;36,9,-6;41,-16,8;44,10,-10;64,-19,-8;65,-7,-2;67,0,-2;69,6,1;78,-4,-8;92,-4,-6;93,-8,-7;96,6,0;101,-15,3;102,5,-14;117,43,55;138,-71,-75;140,35,25;145,-43,-26;147,-5,-2;155,-102,-88;161,88,78;184,-1,-5;185,-8,-2;188,128,119;190,-134,-133;199,-3,1;200,-7,-2;203,-1,-2;213,-12,-10;227,-9,0;230,-2,-12;243,-3,0;266,-12,-20;305,-33,-18;319,-10,-4;320,9,-2;325,-15,-2;360,-25,-25;364,7,-6;370,-13,-7;376,1,-2;386,-8,-9;444,-63,-34
rua||francisco gabriel|sao judas tadeu|35537000|341,-2065516,-4449800;345,17,16;404,-46,-53;412,-10,-3;444,-12,-18;445,-30,-17;451,-7,-3;454,-3,-9;464,-30,-29
rua||francisco goncalves rios|centro|35537000|215,-2065774,-4449079;221,-3,10;251,5,18
rua||francisco goncalves rios|sao sebastiao|35537000|51,-2065802,-4449268;63,3,7;71,1,6;80,-10,5;81,11,7;90,-6,7;100,-2,17;110,5,0;111,3,-9;121,8,26;131,-3,5;141,3,10;160,-8,34;161,14,-11;170,-12,11;171,12,8;180,-4,-17;186,2,25;240,10,42;248,-5,5;268,1,22;272,-2,10;274,7,10;276,3,13
rua||francisco lucas pereira|bela vista|35537000|11,-2065791,-4449992;56,-21,22;126,-61,22
rua||francisco lucas pereira|centro|35537000|340,-2066008,-4449955;366,-2,-38
rua||francisco pereira duarte|calafate|35537000|30,-2064136,-4450370;50,-54,1;61,31,-6
rua||francisco resende|geraldo lara|35537000|13,-2064803,-4449958;16,15,-20;34,-24,39;41,42,-59;44,-41,55;51,42,-46;54,-14,52;64,-18,-24;74,9,-9;104,24,-18;126,5,-9;136,25,-17;138,14,-21;140,10,-9;146,-21,16;150,41,-10;158,-6,-18;166,17,-15;178,3,-4;196,17,-14;201,-11,1;210,17,-9;211,-9,1;216,13,-4;220,9,-4;221,-9,-3;226,14,-3;236,-4,-12;240,17,0;251,-18,1;253,-2,4;257,26,-13;259,2,-7;261,8,-7;271,7,-5;281,-1,-19;431,-28,38
rua||francisco teodoro|centro|35537000|5,-2065294,-4449517;14,-11,10;26,7,9;35,7,11;36,-6,-4;50,-3,19;62,4,13;65,18,4;90,-25,18;91,12,-1;99,22,12;104,-32,25;111,1,-9;116,0,23;121,1,-9;126,-3,6;128,-1,7;131,2,0;151,7,18;186,-4,13;194,6,23;199,9,-4;210,-9,13;211,11,-1;220,-14,11;225,13,-1;230,-6,17;235,6,-1;245,3,10;248,2,9;265,6,9;270,-4,-75;280,-2,92;294,14,42;316,-3,-18;321,0,7;322,6,10;326,-4,18;335,14,-4;346,-12,16;348,10,5;357,1,-14;367,8,15;370,-17,-21;376,20,28;395,-1,20;396,-6,-11;412,7,11;415,8,14;420,4,10;430,1,5;445,2,9;464,-3,26;465,8,-11
rua||gabriel andrade|centro|35537000|291,-2065137,-4449280;305,-1,12;321,-1,20;353,4,31;385,16,24;401,-4,46;415,23,-8;435,-21,-6
rua||geni maria de jesus|calafate|35537000|3,-2063926,-4450292;10,-180,26;12,10,-2;18,12,3;26,-2,-5;31,8,-13;34,8,4;45,15,-7;61,10,-7;71,7,-4;101,21,-4;120,14,2;125,4,-10;141,19,2;160,11,9;165,16,-17;172,1,17;179,16,-27;182,-10,30;194,24,6;226,14,3;227,18,19;238,5,-11;250,10,13;264,14,21;286,3,0;323,48,51;333,-18,-23;380,23,30;423,45,13;449,29,3;451,5,-4;535,57,0;565,38,-25
rua||geraldo a morais|centro|35537000|3,-2065143,-4449971;5,27,23;41,-11,125;68,13,-89
rua||helia rosita oliveira nunes|centro|35537000|48,-2065168,-4449178;51,-9,7;52,-9,-6;61,1,0;68,-7,4;71,-3,6;74,-10,-1;82,-10,0;85,11,6;92,-21,0;95,15,-2
rua||helio rangel silva|geraldo lara|35537000|20,-2064432,-4450042;21,-15,14;30,11,-11;31,-12,2;48,-2,-19;68,-15,-26;71,26,71;84,-32,-79;128,-18,-19;130,-20,-10;171,68,107
rua||ibraim abrao uba|vale das flores|35537000|1,-2065276,-4448770;3,16,-13;4,4,-5;5,-33,25;7,78,-12;8,-55,-12;10,-13,8;15,-37,45;20,21,-24;30,-15,13;35,-10,11;45,-25,14;80,-2,22;85,-19,27;95,13,-24;100,-12,12;120,-11,17
rua||iracema oliveira|centro|35537000|9,-2065205,-4449576;15,9,-18;25,-5,-3;70,-2,-54;75,5,8;80,5,-25;85,-14,10;86,17,-11;98,-16,-14;139,-14,-7;149,-24,3;161,20,-28;162,-38,-75;171,40,76;173,-15,-30;178,-26,-39;189,16,30;192,-3,-20;203,0,14
rua||jairo rodrigues teixeira|centro|35537000|20,-2065506,-4449571;34,0,-9;48,-11,-15;49,15,25;58,-22,-43;59,7,25;61,-8,-21;68,0,-6;73,-5,-8;75,20,52;81,-32,-58;91,-2,-8;101,-2,-11;117,-10,-1;127,-5,-7;137,-5,-12;168,28,36;178,5,4;180,-8,-14;192,-5,-9;214,-10,-19;228,-5,-4;242,-6,-14;260,-4,-7;270,0,-9
rua||jairo rodrigues teixeira|sao judas tadeu|35537000|165,-2065572,-4449688;177,-6,-17;226,-11,-167;227,0,60;237,-6,-30;240,4,-34;247,-1,24;284,-3,-48;294,-5,-10;300,6,-5;307,-4,1;327,-4,-49;337,-7,-8;341,-3,-8;347,2,-6;351,0,-19;361,-8,3;374,12,32;376,5,-12;380,2,-8;381,-15,-32;382,10,17;384,-6,-12;391,-10,-17;400,9,8;401,-6,-19;410,7,-4;421,-10,-2;427,1,-7;430,6,-10
rua||jandira freitas silva|geraldo lara|35537000|4,-2065005,-4450009;19,3,-15;40,13,-15;48,4,-4;49,10,-38;58,-7,36;59,12,-39;68,-14,34;69,16,-46;79,4,-5
rua||joao sousa filho|geraldo lara|35537000|7,-2064616,-4449916;41,16,-12;112,65,-34;121,3,-9;131,14,-9;140,6,8;150,19,-8;151,-16,-12;155,20,1;165,48,-9;171,15,4;174,-56,12;183,66,-18;192,-48,13;200,6,-3;210,3,1;213,47,-11;226,-32,8;246,26,-7;379,112,-29;391,19,18
rua||joao souza|calafate|35537000|401,-2064246,-4450012
rua||joaquim de souza|centro|35537000|10,-2065529,-4449829;20,-5,-9;30,1,-17;36,-4,-10;46,-2,-9;56,-2,-32;66,0,-13;76,3,-10;80,-8,-13
rua||joaquim de souza|sao judas tadeu|35537000|25,-2065541,-4449859;35,-4,-3;45,3,-27;55,-4,-3;65,5,-2;151,-17,-96;158,8,-14;161,-8,3;170,-1,-26;171,-1,22;180,3,-36;181,-12,27;191,10,-13;193,-3,-5;195,-3,-37;197,-3,15;200,10,-12
rua||joaquim evangelista de oliveir|hidelmano amorim|35537000|15,-2065130,-4448891;18,-12,-11;25,12,9;35,3,5;38,-6,-3;42,8,11;45,3,5;48,-3,-1;49,6,5;60,-17,-25;199,-1,-6
rua||joaquim faleiro|bela vista|35537000|19,-2065868,-4450047;29,-8,12;36,-27,2;55,-92,32;66,93,1;106,-20,38;153,-24,54
rua||joaquim sales|centro|35537000|5,-2065380,-4448962;15,-4,-3;25,-5,-7;28,1,-6;35,-1,0;38,-2,-12;45,-8,-3;48,-5,3;55,0,-6;58,-5,-6;65,-1,-8;68,0,-4;75,-5,3;78,-1,-16;88,-11,-6;98,-4,-5;105,-6,-2
rua||jorge marcal rodrigues|centro|35537000|70,-2065511,-4449831;93,5,-9
rua||jorge morais rodrigues|sao judas tadeu|35537000|10,-2065562,-4449763;22,2,-7;32,6,-21;40,5,12;42,0,-9;50,12,-13
rua||jose antonio morais rangel|hidelmano amorim|35537000|8,-2065180,-4448897;16,3,9;22,18,34;25,-10,-26;30,1,7;31,8,-9;38,1,16;39,-2,3;44,40,47;48,-37,-49;49,6,-3;57,3,15;58,-3,3;70,5,4
rua||jose gumercindo de rezende|bela vista|35537000|135,-2065903,-4450054
rua||jose luiz gomes|centro|35537000|5,-2065048,-4449553;6,-79,75;25,69,-54;45,5,4;65,-15,2;70,0,6;80,-8,4;85,-5,-1;95,-14,17;105,6,3
rua||jose mansur|vale das flores|35537000|18,-2065409,-4448691;25,-2,4;28,7,0;35,6,14;38,-1,-7;45,27,24;48,15,15;50,11,4
rua||josefino antonio de morais|centro|35537000|65,-2064932,-4449826;75,-29,17;115,-45,-6;120,4,-16;130,-11,0;144,-28,17;161,-17,8;162,1,-8;190,-38,16;200,-23,4;227,8,4;231,13,-4;237,3,-1;277,-71,26;308,-72,4;314,72,-13;328,-45,2;348,36,-9;370,5,11;380,31,-3
rua||jucelino gomes de morais|centro|35537000|180,-2065218,-4448783
rua||jucelino gomes de morais|hidelmano amorim|35537000|25,-2065130,-4448872;32,51,-7;40,-6,13;50,-14,4;56,-9,-2;57,5,6;60,-11,-3;71,4,10;83,-9,6;86,0,-5;93,-5,10;94,3,-7;99,-6,14;102,-8,-11;113,1,32;115,-14,-10;119,0,4;129,-8,5;130,3,-11;139,-14,13;140,-1,-5;594,34,4;719,-88,-51;735,4,9;737,4,6;739,5,9;745,4,4;755,7,9;767,4,10;775,8,-1
rua||jucelino gomes de morais|vale das flores|35537000|169,-2065209,-4448784;179,-3,10;189,-5,2;199,-14,4;790,35,-26
rua||julieta flor|sao sebastiao|35537000|20,-2065957,-4449486;30,34,246;56,1,10;84,3,30;85,5,7;94,-5,36;95,1,-26;105,6,14;111,-5,24;112,-9,-24;115,15,23;125,4,8;140,-10,-3;151,16,59;158,-8,-50;171,11,69;180,-23,-39;186,13,10;190,4,17;200,1,11;201,9,43;210,-12,-37;244,7,20;254,-1,8
rua||lindorifo faleiro|centro|35537000|31,-2065589,-4449564;41,-3,15;51,6,2;71,-9,10;81,-15,5;91,0,5;101,2,11;121,-16,12;125,-13,6;131,-4,3;133,-31,28;137,23,-16;141,-33,36;151,-47,57;157,8,-36;159,-9,4;490,-40,46;500,-6,-31;570,13,47
rua||magna uba morais|geraldo lara|35537000|10,-2064812,-4449958;13,3,-25;15,-11,29;31,16,-49;34,24,-36;35,-20,25;38,6,9;45,1,-20;48,6,11;106,12,-38;116,3,-14;126,6,-4
rua||maria l teixeira|centro|35537000|25,-2065552,-4449622;26,-11,-1;31,-16,17;35,-33,-2;45,15,20;48,-19,9;50,12,-13;58,-5,13;60,16,-19;65,-12,0
rua||maria luiza rangel amorim|centro|35537000|10,-2065225,-4449886;21,0,11;30,22,-6;40,2,10;41,-16,-1;50,32,-2;51,-16,1;53,23,6;100,48,-3;141,72,32;160,-12,-50;170,0,26;180,26,20;220,31,-30;235,-25,21;240,46,-12
rua||maria raimunda de morais|centro|35537000|7,-2064951,-4449030;8,2,4;11,3,7;16,-4,2;17,4,-4;21,-12,-31;23,13,44;28,-1,-7;29,0,16;34,-4,-8;35,5,14;40,-4,-9;41,4,10;48,-2,-8;49,3,18;54,-8,-11;57,6,19;60,-3,-10;66,-1,5;69,4,10;72,-6,-7;75,-4,-36;78,4,56;81,7,3;84,-6,-3;86,1,1
rua||maria trindade|sao sebastiao|35537000|31,-2065678,-4449132;43,-28,-5;50,28,-4;60,-17,3;70,-13,-3;100,-48,15;110,9,-6;120,-13,8;150,-44,0;160,-13,-2;180,-18,-1;191,67,2;195,-39,6;210,-65,5;215,40,2;220,-44,2;230,-11,-5;240,-13,6;245,23,8;250,-27,-17;285,-29,24;300,-17,-10;310,-10,2;330,-14,4
rua||moacir moreira dos santos|calafate|35537000|30,-2063874,-4450339;38,-162,-21;40,68,5;45,-48,-30;48,-20,-5;49,184,51;50,-4,7;52,-221,4;55,96,-66;57,-99,63;59,17,2;61,215,-9;62,-222,7;64,39,-61;67,252,75;75,-271,-11;85,110,-146;90,-11,21;91,62,119;94,66,11;100,-132,-137;110,136,136;111,-82,-6;112,-96,-31;114,187,40;115,-167,-84;117,-14,37;121,200,48;124,-12,2;125,-160,-113;131,185,119;134,-11,-1;141,21,-5;144,-2,8;150,-2,1;154,13,1;165,-4,-6;174,16,12;184,1,10;190,10,-7;225,3,-2;245,23,10;273,2,13;279,-261,-133;396,250,119
rua||nivaldo resende lara|centro|35537000|10,-2065509,-4449309;18,11,4;21,26,-10;31,-22,3;32,6,1;41,-16,1;44,25,-1;55,10,-8;60,7,-1
rua||nove|calafate|35537000|16,-2063818,-4450344;66,23,-53;74,0,-1;75,-22,-12;84,2,-7;85,5,-4;94,1,5;95,-5,-10;105,4,-19;110,12,15;115,-4,-39;120,-6,20;140,13,-12;160,8,-22;190,7,-30;191,-5,-3;195,63,-51;197,10,-11;201,-61,51;211,8,-7;228,65,-45;230,11,0;231,-64,29;233,72,-44;235,6,-3;241,-60,41;255,89,-52;265,16,-7;273,23,-9;275,-10,5;278,7,10;295,20,-25
rua||oito|bela vista|35537000|24,-2066020,-4450013;64,43,5
rua||oliveira|centro|35537000|7,-2065346,-4449670;32,24,-3;33,2,-13;49,-5,-12;58,15,1;71,-7,-12;76,7,0;79,-6,-5;97,17,-27;105,-4,1;106,13,-4;109,3,8;116,5,-19;119,-14,-9;124,16,3;125,-25,26;135,22,-49;136,-1,16;174,18,-28;184,10,-15;192,5,-1;198,-3,-13;201,-25,-3;207,6,4;208,25,-12;211,-17,-1;223,7,-2;225,-2,-23;230,6,16;242,17,-12;249,-20,-8;259,9,-12;264,9,-12;279,-3,-13;288,7,-5;291,-9,0;297,8,-8;305,-4,-7;313,-13,-10;314,26,5;325,-11,-19;339,11,-15;353,6,-10
rua||oliveira|geraldo lara|35537000|1,-2065327,-4450149;463,70,41
rua||onze|calafate|35537000|11,-2063817,-4450527;21,0,-13;28,7,-6;41,2,-17;72,90,-218;81,-38,76;119,-14,27
rua||osvaldo solto|centro|35537000|20,-2065502,-4449186;35,-7,-21;45,-2,6;55,11,21;60,-24,-27;65,17,18;75,-13,-1;85,27,21
rua||osvaldo solto|vale das flores|35537000|30,-2065511,-4449211;40,4,0;50,-10,5
rua||panorama|geraldo lara|35537000|12,-2064801,-4450089;21,-4,-1;41,40,3;50,23,10;90,13,1;95,5,-4;105,12,-4;110,10,4;115,-2,1;121,10,0
rua||pedro abrao uba|vale das flores|35537000|7,-2065404,-4448771;11,33,32;14,-33,-31;20,38,35;21,5,-1;25,10,12;30,-9,-5;34,3,7;35,3,-3;45,31,28;66,-14,-6;74,-12,-8;76,21,19;86,5,2;95,17,8;96,-6,1;97,9,3;105,4,4;427,-80,-72
rua||pedro antonio moreira|calafate|35537000|11,-2063709,-4450197;31,18,-51;33,-1,5;38,4,16;48,-5,10;51,-1,-15;58,3,33;68,0,-2;104,16,-119;380,-127,132;423,35,8;425,19,6;449,16,-2;470,74,29
rua||plinio morais rangel|centro|35537000|104,-2065308,-4449918;110,2,3;121,-9,0;128,14,-17;131,-9,-2;138,35,0;142,-3,17;143,-40,-33;148,20,0;151,-5,-6;158,13,7;170,7,-17;181,-10,-21;182,10,14;192,4,-8
rua||quatorze|calafate|35537000|25,-2063717,-4450228;27,-7,0;28,3,7;40,-13,1;45,-40,-26;55,-9,1;65,-15,-7;70,28,17;75,-34,-19;85,-8,-2;115,-5,0;125,-18,-5
rua||quinze|calafate|35537000|19,-2063673,-4450249;80,-6,2
rua||riachoelo|geraldo lara|35537000|1,-2064980,-4449984;2,-10,-6;3,-9,-6;4,-22,-6;6,256,116;10,-340,-148;20,275,122;80,51,15
rua||riacho|geraldo lara|35537000|10,-2064756,-4450024;25,-2,4
rua||sem denominacao 11|centro|35537000|430,-2066028,-4450085;523,-27,-9
rua||sem denominacao 12|centro|35537000|5,-2065952,-4450077;35,-14,19;36,-9,8
rua||sem denominacao 1|centro|35537000|25,-2064947,-4448872;27,0,4;383,-1080,-1114
rua||sem denominacao 1|hidelmano amorim|35537000|44,-2064968,-4448897;74,-33,-8;82,-63,55
rua||sem denominacao 1|sao sebastiao|35537000|24,-2066067,-4448984;33,7,16;43,5,5;44,-15,-2;54,1,18
rua||sem denominacao 2|calafate|35537000|60,-2063711,-4450953
rua||sem denominacao 2|sao sebastiao|35537000|10,-2066065,-4448909;20,139,24;25,-134,-27;30,144,26;35,-130,-23;40,276,44;60,-254,-78;62,274,78;79,16,14;90,-259,-38;128,25,-4;133,17,0;140,-5,-3;150,6,11;175,30,-5;195,16,8;205,13,-6;218,-2,2;225,12,-1;255,27,15;266,12,0;278,11,5;304,15,-1;305,3,-8
rua||sem denominacao 2|vista alegre|35537000|143,-2065686,-4448855;149,0,1
rua||sem denominacao 3|calafate|35537000|76,-2063763,-4450776
rua||sem denominacao 3|geraldo lara|35537000|10,-2065765,-4448908
rua||sem denominacao 3|sao sebastiao|35537000|34,-2066040,-4448951;57,282,42;73,-261,-50;110,311,55;116,4,4;132,19,1;142,-268,-42;152,14,2;158,-4,2;160,276,39;164,-262,-34;165,-88,-17;170,89,26;182,16,-9;210,18,-1;220,15,4;230,11,-10;300,59,24
rua||sem denominacao 3|vista alegre|35537000|145,-2065950,-4448941;153,10,-2;159,9,0
rua||sem denominacao 4|calafate|35537000|30,-2063774,-4450604;34,-16,-131;70,44,114;80,7,-10;90,-49,39
rua||sem denominacao 4|geraldo lara|35537000|60,-2064930,-4450017;76,4,-15;180,43,-82
rua||sem denominacao 4|sao sebastiao|35537000|78,-2065388,-4448928;95,-380,122;235,-107,-19;246,2,0;266,-21,-6;345,-45,-9
rua||sem denominacao 5|calafate|35537000|80,-2063660,-4450776;90,-130,82;100,-13,-10;150,-44,-17
rua||sem denominacao 5|centro|35537000|30,-2064929,-4448923;60,21,19;70,7,8;101,-134,66
rua||sem denominacao 5|geraldo lara|35537000|10,-2064955,-4450127
rua||sem denominacao 5|sao sebastiao|35537000|100,-2065737,-4448954
rua||sem denominacao 5|vista alegre|35537000|111,-2065739,-4448964
rua||sem denominacao 6|calafate|35537000|25,-2063768,-4450612;50,8,5;70,22,-9;80,-1,-3;85,36,-32;90,-77,59;95,108,-62;114,-224,-62;130,205,72
rua||sem denominacao 6|centro|35537000|134,-2065908,-4450070;144,3,-4
rua||sem denominacao 7|calafate|35537000|55,-2063706,-4450735
rua||sem denominacao 7|geraldo lara|35537000|7,-2064995,-4450066;15,-7,0;35,-10,3;62,-804,1134;72,-1,-5;81,766,-1156;102,-755,1123;150,711,-1156
rua||sem denominacao 7|sao sebastiao|35537000|22,-2065821,-4448882;32,-3,-10
rua||sem denominacao 8|calafate|35537000|65,-2063863,-4450685;70,21,18;85,1,-6;90,3,11;100,6,15
rua||sem denominacao|calafate|35537000|10,-2064192,-4450232;11,-4,70;20,0,-38;30,-9,35;35,6,-31;55,12,-12;87,-12,-23;190,108,-497;300,-329,-280;470,-221,362;605,-73,-25;625,11,-40;635,-21,-77
rua||sem denominacao|sao sebastiao|35537000|52,-2066031,-4448975;60,5,-7
rua||sem denominacao|vale das flores|35537000|30,-2065212,-4448730
rua||severino de morais|centro|35537000|9,-2065221,-4449682;10,346,-99;12,-321,49;15,19,-7;22,-29,9;25,9,7;29,-17,20;42,-17,1;62,-16,7;72,-10,-5;85,8,30;99,-27,2;100,-14,-5;117,7,17;130,-18,-5;131,47,6;160,-56,1;177,-22,18;219,-42,22;226,3,3;236,-14,1;248,-9,-1;249,2,22;256,-5,-17;260,-7,11;272,-11,-3;284,-7,5;296,-17,8;306,-4,6;326,-23,8;329,0,-3;339,-5,12;355,-11,6;358,-4,-3;361,-6,8;367,-4,2;376,-4,-2;384,-9,2;385,-1,7;388,-10,0;399,-1,9;407,-10,4;412,0,-13;415,-2,12;420,-17,-20;424,2,22;425,0,8;436,-6,2;454,-9,9;460,-15,8;476,-3,3;480,-3,7;483,7,0;488,-28,16;493,18,-6;501,-9,6;504,-7,-1;510,-2,6;513,9,-2;522,-19,9;530,-5,-1;536,-8,3;544,-3,9;560,-8,13;570,-7,0;588,-10,8
rua||treze de maio|centro|35537000|35,-2065433,-4449538;39,-1,-12;45,2,-12;47,-1,6;63,-1,-6;91,-10,-32;101,0,-17;111,1,-12;116,-1,4;120,0,-7;121,-2,-1;130,7,-11;133,-4,0;141,3,-11;142,4,6;151,-1,-17;154,-2,1;159,161,-132;162,-157,124;167,-4,-21;171,-2,-2;174,0,0;175,1,-1;181,8,-9;211,3,-10;241,-8,-34;260,15,-13;271,-2,-9;282,9,4;287,-4,-20;292,9,7;296,14,-7;326,18,-19;331,15,-12;343,0,-7;346,4,10;355,5,-9;360,2,15;370,14,-1;377,7,-3;386,-1,15;404,21,4;405,-5,-5;410,6,3;417,15,-5;418,-7,13
rua||trindade resende|geraldo lara|35537000|25,-2064866,-4450000;30,13,-17;33,-10,12;35,8,-11;40,14,-15;50,-2,-6;60,11,-15;65,-12,9;75,2,-10;85,0,-14;90,12,4;100,7,-12;101,-7,-1;109,11,-19;115,-4,1;140,31,-42;415,-83,153
rua||tripui|sao sebastiao|35537000|36,-2065877,-4449296;46,5,14;56,-2,4;60,6,-16;61,5,58;81,4,16;101,-8,-2;141,16,56;151,3,13;159,4,45;160,38,8;170,-39,6;177,4,1;183,5,12;186,-4,-3;190,2,4;194,-2,7;195,7,7;205,0,8;210,-23,13;215,22,-5;220,-11,1;225,10,-4;229,8,25;230,-12,-16;240,5,23
rua||vicente moreira|centro|35537000|20,-2064831,-4449821;50,-12,-14;60,-9,-9;80,-18,-4
rua||walter veado|centro|35537000|15,-2065099,-4449306;28,-28,24;55,107,191;57,-87,-174;58,-16,4;69,6,10;79,16,11;93,4,8;101,4,5;145,21,33;146,-3,7;156,8,7;157,-2,-11;165,7,15;193,23,19;210,13,44;466,-26,227;476,-8,-6;548,-33,56
rua||walter veado|hidelmano amorim|35537000|14,-2065090,-4448846;249,75,-234;271,5,17;281,0,4;283,9,5;303,-1,26;306,-5,-9;320,2,8;321,7,23;326,-4,-9;347,2,16;357,-1,6;358,4,7;367,4,12;376,-10,4;386,-2,8;394,-7,5;397,-2,12;406,-7,-1;407,-2,11;416,0,-5;424,-7,5;432,-1,10;446,-7,6;447,-3,14;457,-3,-6;466,-68,92;467,59,-59;476,-5,-12;497,-6,32;507,37,-71;517,-46,72;525,-9,10;537,-10,21;538,4,-16;548,-5,4;558,-11,11;567,3,19;570,-9,-16;575,4,15;578,-11,5;585,3,7;594,-4,-3;599,-3,11;607,-2,8;608,1,-12;614,-2,4;617,-10,10;618,4,-5;630,-4,13;631,-1,-3;636,-3,7;641,-8,11;643,3,-2;649,-1,5
rua||ziquita veloso|centro|35537000|30,-2064828,-4449515;35,10,-1;40,-4,7;66,29,17;67,-4,-39
sitio||cangerana|cachoeira do carvalho|35537000|13,-2057658,-4440650
sitio||marfim|barro branco|35537000|11,-2062869,-4439318
travessa|dona|chiquita|centro|35537000|15,-2065143,-4449402;20,-1,-6;25,-2,2;30,16,0;40,3,11;45,6,8;50,-7,2;57,9,12;70,4,-7;110,29,48;115,2,2
travessa|professor|joao pereira|vale das flores|35537000|53,-2065427,-4448880;119,4,-4;125,-15,-16;140,9,20
travessa|professor|joaquim pereira|centro|35537000|122,-2065432,-4448895;132,-9,-10;136,-6,-9;138,-2,3;146,0,-3
travessa||alipio alves de morais|calafate|35537000|35,-2063898,-4450185;54,13,19;65,10,14;87,9,-3;110,-58,-46;120,14,10
travessa||carlos leite|centro|35537000|10,-2064801,-4449652;20,-3,-1;26,31,6;30,15,1;40,13,-9;45,-130,-33;50,-13,3;55,15,5;60,-9,9;65,9,-6
travessa||da rua dois|calafate|35537000|2,-2064363,-4450300;16,106,5;20,-65,9;30,71,-17;31,-41,-8;35,46,-6;40,-91,38;44,92,-34;45,3,-19;54,4,3;55,2,-13;62,1,14;72,5,-16;80,-4,-15;115,16,-66;125,0,-5;126,-14,61;135,20,-81;136,-5,66;146,0,-28;148,5,-5;150,-3,-32;160,7,14;171,3,-39;211,-132,169
travessa||dadico de morais|centro|35537000|35,-2065087,-4449665;37,-3,12;55,-1,-19;56,-7,-27;57,-1,22;66,-3,-23;72,-7,0;76,18,-8;88,-8,-12;95,2,-10;100,-13,6;105,-4,3;115,-5,-6;136,3,-19;143,-20,-8;235,17,-12
travessa||joao de souza filho|geraldo lara|35537000|6,-2064474,-4450002;14,5,-13;20,-6,-5;30,-5,-17;45,-359,-564;55,354,555;67,-6,-11;70,-2,-17;80,-4,-9;107,-22,-2;110,-24,-23;117,2,1;173,63,76;190,-190,-254;208,100,144;210,6,-1;241,-153,-46;440,-94,-293;443,24,43
travessa||luiz caldeira|centro|35537000|55,-2065100,-4449514;56,-6,1
travessa||na avenida sao lazaro|calafate|35537000|40,-2064133,-4450466;60,-25,-4;70,-14,-5;80,-7,8;120,-55,-1;130,-6,-2;140,-15,-6
travessa||vicente gonzaga|centro|35537000|15,-2065038,-4449520;20,16,16;30,-17,-16;113,5,4
trilho||sem denominacao|mato dentro arcadas|35537000|46,-2056615,-4450301;51,35,195
