avenida||araci soares pascoal|maximos|39765000|6,-1841127,-4286283
avenida||araci soares pascoal|novo horizonte|39765000|1,-1842266,-4286825;2,7,20;4,5,0;8,3,24;12,16,26;13,9,-22;15,849,478;16,-620,-288;17,-217,-175;18,12,53;20,-11,-18;21,6,11;22,8,18;26,10,-1;29,16,0;30,-10,19;32,10,12;34,11,11;36,4,-1;37,26,2;43,19,29;44,-12,13;45,18,-8;49,11,14;51,8,7;52,-8,10;53,18,-8;54,-9,21;56,-2,5;62,30,31;64,11,3;66,8,9;68,4,10;69,21,-5;70,-18,3;71,24,7;72,-7,10;73,13,-1;74,-10,6;76,14,11;77,11,-8;78,-8,17;79,23,-5;80,-15,12;82,12,1;85,34,12;87,2,5;88,-9,9;91,27,4;92,-17,2;94,15,5;95,25,5;98,-13,5;100,14,14;101,27,3;102,-10,5;103,20,-3;113,43,39;115,7,2;117,3,4;500,-486,-474;527,-4,-10;529,7,6;531,-4,-5
avenida||raimundo nogueira da costa|nogueira|39765000|9,-1843628,-4287513;22,-61,5;1031,0,0
avenida||suburbana|centro|39765000|19,-1843236,-4287395
beco||sem denominacao|alto do cruzeiro|39765000|109,-1842409,-4286966;111,-2,3;113,11,17;119,26,-4;125,30,21;135,-49,-10;136,60,18;138,-20,-3;140,-9,-8;142,7,1;223,-31,2
corrego|pai|paulo|cana brava|39765000|1,-1839915,-4281324
corrego|pai|paulo|corrego pai paulo|39765000|2,-1840345,-4282115;4,122,9;5,364,-36;6,92,-6
corrego||barra lagoa|corrego pedro matias|39765000|2,-1846588,-4283784;4,-807,407;39,119,828;40,-123,-176
corrego||barro amarelo|barro amarelo|39765000|9,-1844785,-4282746;15,-70,92;17,-24,21;18,11,91;19,0,16;20,-34,64;21,-99,37;22,49,-78;24,-14,144;29,-26,-241;30,-184,-23;32,89,-17;33,-14,0;35,-14,-39;36,-95,83;39,-20,3;41,-24,19
corrego||barro amarelo|cana brava|39765000|54,-1844790,-4283684
corrego||bom jardim|corrego ze de carmelia|39765000|5,-1846177,-4290279;6,-150,-34
corrego||borrachudo|borrachudo|39765000|1,-1852138,-4285426;5,148,-85;15,-1594,587;17,-7,-82;30,1812,-130;32,-129,-422;34,0,0;62,76,123;63,16,47;65,47,194;67,-24,61;70,-197,-378
corrego||borrachudo|corrego do borrachudo|39765000|17,-1853652,-4284812
corrego||cana brava cor do retiro|cana brava|39765000|31,-1845565,-4281212
corrego||cana brava cor do retiro|canabrava|39765000|37,-1845639,-4281224
corrego||cana brava cor do retiro|corrego palmito|39765000|20,-1845320,-4281223;21,-13,-19;22,17,-279;25,74,-40;28,190,-81;29,-145,-86;30,-40,-139
corrego||da onca|canabrava|39765000|54,-1845478,-4283291
corrego||da onca|corrego da onca|39765000|57,-1845335,-4283052
corrego||das pedreiras|cana brava|39765000|23,-1846238,-4282550;24,-2,-182;26,-95,-266;28,-8,-10;30,122,144;31,-43,-241;32,46,252;34,51,-509;36,24,6
corrego||das pedreiras|corrego pedro matias|39765000|6,-1847043,-4281384;20,-15,89;40,-102,-81;43,19,-17
corrego||do curriao|corriao|39765000|9,-1844599,-4284966
corrego||do palmito|corrego palmito|39765000|26,-1845065,-4281595;27,74,-9
corrego||do retiro|corrego do retiro|39765000|9,-1850616,-4284610
corrego||dos afonsos|corrego dos afonsos|39765000|8,-1841092,-4282007;10,121,-290;11,50,-182;12,127,-116;14,28,-29;15,-349,303;17,-105,-116;19,-114,-98;20,6,-15
corrego||dos campanhas|cana brava|39765000|4,-1846658,-4285203;5,-1142,-402;7,-236,407;8,-71,-334;9,144,344;15,-237,-335;16,-186,-548;17,230,-100;18,-49,72;19,-168,-77;20,-249,68;22,-381,-372;41,-112,-469;43,-48,52
corrego||dos carvalhos|corrego dos carvalhos|39765000|8,-1844575,-4285290;10,-100,179;11,-44,-63;14,-134,-49;15,-18,-37;17,5,-119;18,-126,-108;19,98,181;21,-100,-573
corrego||dos eustaquios|corrego dos coelhos|39765000|1,-1844156,-4289332;7,-720,-872
corrego||dos eustaquios|corrego dos eustaquio|39765000|5,-1843868,-4292420;8,25,72;12,1199,178;13,-1912,-78;14,1315,-112;16,-644,-102;18,-1245,306;19,130,-665;23,-345,588;26,-135,163;27,-29,3;28,-63,59;31,112,-107
corrego||dos eustaquios|corrego dos nazarios|39765000|3,-1840686,-4291935;5,-1055,1020;6,877,-1113;7,-605,738;9,4,-212
corrego||dos matias|corrego dos matias|39765000|11,-1850194,-4291268;14,-70,-366;15,-22,12;18,22,-260;19,-24,-58;21,6,-87;22,-33,-9;35,47,784
corrego||dos pereiras|cana brava|39765000|24,-1845398,-4284288;26,-900,1481
corrego||dos pereiras|corrego dos pereiras|39765000|11,-1844879,-4284091;13,-33,7;16,-347,-260;18,1064,-1257;19,-1143,1180;20,6,1;22,-15,-5;39,-555,-79;41,-62,-413
corrego||dos pereiras|corrego dos pereira|39765000|6,-1844776,-4284334;23,-603,-101;27,-141,-76;28,-38,-31;29,-102,9;30,-8,-11;31,-19,-42;32,-76,8;33,42,10;34,-39,-2;37,-42,7;40,-32,-33;43,-55,-86;44,7,-19;46,-30,-18;47,-31,-26
corrego||dos teixeiras|cana brava|39765000|5,-1848263,-4283972;7,-214,36;8,-690,-368;11,-328,-462;12,-57,43;14,-58,-412;16,-18,-112;18,-135,-158;20,-107,-148;22,1447,1677
corrego||dos teixeiras|corrego pedro matias|39765000|17,-1849773,-4285463
corrego||frio 2|corrego frio|39765000|23,-1844296,-4286704;24,87,111;26,389,74
corrego||frio|corrego frio|39765000|2,-1838587,-4280909;5,-46,-1009;6,22,47;7,73,10;9,-17,23;10,14,24;11,-4,20;12,121,-11;13,6,-13;14,-9,-15;15,18,-10;16,-7,-13;17,10,-48;18,87,80;19,10,-21;20,22,18;21,11,3;22,41,-12;23,95,0;24,-37,55;25,48,-120;27,140,-100;28,141,117;29,-100,28;30,-24,7
corrego||grande|corrego grande|39765000|22,-1844066,-4282851;23,14,-190;24,-20,-99;25,-48,-281;26,6,-131;27,-17,-40;30,98,-7
corrego||lopes|cana brava|39765000|19,-1845047,-4281173
corrego||lopes|canabrava|39765000|1,-1843008,-4281605;2,-636,201;3,-55,12;4,-114,-54;7,-720,-45;8,330,38;12,-609,209;13,-47,-9;14,-9,16;16,-85,-17;17,-66,16;21,3874,-605;23,-1472,403;31,-2973,226;32,39,-16
corrego||lopes|corrego palmito|39765000|31,-1845384,-4281269
corrego||pedreira|corrego da pedreira|39765000|1,-1845891,-4281505;2,-21,-87;4,-20,-110;5,-40,168;6,-43,23;7,35,-231;8,17,-19;10,-62,-57;12,2,-37;13,19,5;14,37,-60;15,25,-120;16,46,-217;17,27,-18;19,-26,-48;31,-201,-210;32,43,116;33,-10,-227
corrego||pedro matias lado 2|cana brava|39765000|6,-1847032,-4281380;8,184,172;13,-97,80;16,-74,14;18,-15,-78;23,-36,-136;25,14,0;28,-45,-40;35,4,-160;36,146,-292;37,-115,-4
corrego||pedro matias|cana brava|39765000|11,-1846797,-4281160
corrego||pereira|corrego dos pereiras|39765000|12,-1844897,-4284087
corrego||pereira|corrego dos pereira|39765000|41,-1845839,-4284660;48,-38,4
corrego||quebra cangalha|ribeirao dos bernardes|39765000|2,-1848649,-4288723;3,-6,0
corrego||quebra cangalha|sobrado|39765000|12,-1848537,-4288063
escadao||sem denominacao|alto do cruzeiro|39765000|102,-1842499,-4287022;106,1,-9;107,2,25;191,-3,-16
estrada||almeidas a escola sara kubistcheck|corrego dos almeidas|39765000|7,-1836965,-4281640;8,-73,116;10,-47,-66;11,6,-342;13,130,197;14,-191,79;16,-78,-327;18,45,82;19,4,37;27,71,-263;28,55,115;29,-76,60;30,41,-2;31,239,-267;32,-411,221;33,122,42;34,9,-7;35,91,133;66,114,220
estrada||borrachudo a ribeirao dos bernardos|ribeirao dos bernardes|39765000|6,-1853099,-4286053;18,-1897,-1513
estrada||cana brava a lagoa|corrego agua quente|39765000|5,-1848804,-4283024;6,52,-120;7,42,-97;8,61,-102
estrada||cana brava barro amarelo|barro amarelo|39765000|5,-1844706,-4282845;7,-40,12;8,-30,-38;10,-63,34;11,-19,69;14,-19,72;25,-33,0;26,-30,30;27,-44,-19;28,-49,-40;30,31,115;56,268,-212
estrada||cana brava barro amarelo|cana brava|39765000|54,-1844794,-4283686
estrada||cana brava corrego do bau|corrego do bau|39765000|1,-1851410,-4283372;2,-49,36;4,-92,-360;5,-151,-102;6,-245,-190
estrada||cana brava corrego do retiro|corrego do retiro|39765000|8,-1850518,-4284295;9,-68,-93;11,-96,-447;13,-277,-177
estrada||cana brava corrego dos jeronimos|cana brava|39765000|14,-1847479,-4281392
estrada||cana brava corrego dos jeronimos|corrego dos jeronimos|39765000|1,-1850462,-4283332;3,6,1;6,1503,873;8,-70,-499;9,-2304,397;10,2114,-598;11,-2563,743;12,1750,-871;13,-113,74;14,-106,-70;15,-178,144;16,-56,-165;17,-212,27;18,0,0;23,179,-62
estrada||cana brava corrego tremedor|corrego dos jeronimos|39765000|16,-1852885,-4283382;17,-322,-112;18,57,44;19,0,0
estrada||cana brava corrego tremedor|corrego remedor|39765000|18,-1853670,-4283628
estrada||cana brava curriao|corriao|39765000|25,-1844073,-4284985;30,319,-19;32,-278,41;34,170,23
estrada||cana brava ii|cana brava|39765000|1,-1844362,-4282874;2,-423,-1066;4,84,-320;5,27,-20;7,28,-106;8,-18,-408;43,243,1783;45,3,-34;46,-5,4;48,-67,-43;50,-216,-497;51,-11,-32;52,-25,-4;53,-19,-22
estrada||cana brava ii|canabrava|39765000|44,-1844421,-4283061
estrada||cana brava ii|corrego grande|39765000|32,-1844257,-4283046
estrada||cana brava vargem alegre|vargem alegre|39765000|3,-1842916,-4281970;4,-14,-78;5,165,-43;6,-183,9;8,332,-269;9,298,-394;10,-637,478;11,-277,77;13,165,-383;14,200,-220;15,-529,462;17,-264,1;18,-107,-82;19,-155,-118;20,-19,-42
estrada||cana brava|barro amarelo|39765000|12,-1844818,-4282743;21,-151,191
estrada||cana brava|cana brava|39765000|3,-1844723,-4284188;5,-121,115;6,0,-1;8,-27,10;10,7,-15;49,316,617
estrada||cenibra paulistas|ribeirao dos bernardes|39765000|20,-1854161,-4288354
estrada||cenibra sobrado a paulstas|sobrado|39765000|17,-1853137,-4290473;18,-450,-93;20,991,54;22,-105,81;23,-608,356;25,-382,-77;26,11,-98;27,493,297;30,-495,-307;31,82,-219;33,9,-201;38,7,206;40,-47,-119
estrada||corrego carvalhos a paulistas|corrego dos carvalhos|39765000|13,-1844737,-4285214;16,-67,-125;19,1954,-1546;20,-1974,836
estrada||da cenibra para sabinopolis|ribeirao dos bernardes|39765000|1,-1848473,-4288600
estrada||da cenibra para sabinopolis|sobrado|39765000|4,-1851037,-4290288;5,30,1;6,17,-23;14,-476,-537;15,22,-230
estrada||da lagoa|cana brava|39765000|7,-1848496,-4283934;44,1542,2113
estrada||da lagoa|corrego pedro matias|39765000|6,-1848423,-4283865;30,1212,1102;48,-269,33;84,199,162
estrada||do bau ao borrachudo|corrego do bau|39765000|3,-1851463,-4283599
estrada||do corrego frio|corrego frio|39765000|9,-1840406,-4284219;13,-27,-28;14,-50,7;15,-60,-24;16,-23,44;20,-310,-243;23,-51,-31;24,-189,-24;25,-411,-260;28,-75,-50;29,-81,-94;30,-44,0;31,-11,13;34,-182,4
estrada||esquinao a trevo de divino|corrego dos felipe|39765000|50,-1845963,-4285957;53,-691,-495
estrada||estrada da cenibra ribeirao|borrachudo|39765000|6,-1853095,-4286052;9,-123,-16
estrada||estrada da cenibra ribeirao|ribeirao dos bernardes|39765000|2,-1853691,-4288876;3,2917,487;4,-539,321;5,-2007,-675;11,-337,746;12,-3,8;22,-251,-973;23,-123,-2
estrada||para campanhas|cana brava|39765000|8,-1847993,-4285269;12,-906,-308
estrada||para campanhas|corrego dos pereira|39765000|52,-1846571,-4285359
estrada||para o corrego fundo|corrego dos ratos|39765000|27,-1838372,-4283916;28,27,-78
estrada||para prensa|barro branco|39765000|4,-1837490,-4287961
estrada||para prensa|corrego prensa|39765000|5,-1838131,-4288378;7,-1763,-574;8,-856,429;10,1266,-447;12,10,-276;13,-83,-176;15,-952,264;16,-515,220
estrada||para suacui|corrego dos coelhos|39765000|11,-1838356,-4287025;17,-1422,307;18,-170,109;19,-4,22
estrada||para suacui|corrego dos ratos|39765000|10,-1837512,-4283643
estrada||para suacui|fazenda ponte nova|39765000|1,-1836160,-4286271;2,-1339,-829;3,-150,344;4,-93,-256;5,-191,15;6,-194,15;8,-83,433;9,100,-41;13,-724,-450;16,-799,62;20,-424,502
estrada||paulistas a baguari|corrego frio|39765000|1,-1838943,-4282452;39,-5,154;40,0,-27;41,-28,-77
estrada||paulistas a coluna|maximos|39765000|95,-1840745,-4286248
estrada||paulistas a materlandia|fazenda boa vista|39765000|9,-1844002,-4288339
estrada||paulistas a materlandia|fazenda nova esperanca|39765000|12,-1842398,-4289844
estrada||paulistas a sabinopolis|ribeirao dos bernardes|39765000|2,-1845592,-4289416;6,-4091,97;11,4659,313;13,-1728,-180
estrada||paulistas a sabinopolis|sobrado|39765000|1,-1851078,-4290132;2,17,-77;4,2379,1377;7,-1512,-1083;9,-974,-365;10,12,10;11,-228,-155;15,73,-780
estrada||paulistas baguari|canabrava|39765000|1,-1838652,-4280944
estrada||paulistas baguari|corrego frio|39765000|1,-1839158,-4283062;2,-9,10;3,283,869;4,-263,-543;5,-630,-723;6,-81,-155;8,-459,-627;35,-295,-844;42,1705,2624;43,-55,-302;45,-71,-50;46,356,-195;47,-66,-87;48,-316,-317;49,-9,-139;50,-88,47;51,10,-91
estrada||paulistas barbosas|almeidas|39765000|15,-1834799,-4282962
estrada||paulistas barbosas|corrego dos ratos|39765000|3,-1837519,-4283690;20,1607,704;21,-4860,-4243;25,1328,950;26,-1374,-1200
estrada||paulistas barbosas|corrego sao domingos|39765000|3,-1838498,-4285280;4,-8,-61
estrada||paulistas materlandia|corrego grotao|39765000|1,-1839899,-4291652;10,-1982,1357
estrada||paulistas materlandia|corrego novo|39765000|1,-1843300,-4290250;3,-274,-690;4,264,1453
estrada||paulistas para sabinopolis|ribeirao dos bernardes|39765000|9,-1844431,-4289104;10,-42,168;11,-361,-183
estrada||paulistas para sabinopolis|sobrado|39765000|5,-1849190,-4289174
estrada||paulistas para sao joao|rodovia 117|39765000|2,-1845610,-4288674;6,706,827;7,80,-69
estrada||pedro ao tremedor|corrego dos jeronimos|39765000|14,-1852885,-4283382
estrada||principal barro branco|fazenda ponte nova|39765000|1,-1837009,-4287281
estrada||principal paulistas almeidas|almeidas|39765000|35,-1836593,-4281431
estrada||principal paulistas almeidas|cabeceira dos almeidas|39765000|1,-1835961,-4281866;3,-43,381;4,-856,-203;5,1165,-24;8,183,-206;9,-488,-202;10,1122,-232;11,-15,-8;12,66,-16;14,-2260,491;15,-9,-2;18,-86,-75;27,169,64;36,251,501;37,117,-20;39,74,15;40,267,-55;41,372,-115;43,-1008,377;44,576,-241;45,110,-35;46,21,-4;47,-1466,987;48,567,-510;50,1036,-483;51,11,27;52,43,-19;53,-36,-10;54,31,-14;56,-413,86;58,436,-75;59,-5,-14;420,-105,30;423,-108,18
estrada||principal paulistas almeidas|corrego dos almeidas|39765000|3,-1837007,-4281776;34,354,328;37,8,7;41,336,-17
estrada||rm8 corrego do correiao|corrego correiao|39765000|1,-1844788,-4284217;27,423,-871;28,40,-10;29,97,50;30,160,-46
estrada||rm8 corrego do correiao|corriao|39765000|30,-1844068,-4285094
estrada||sobrado paulistas|sobrado|39765000|8,-1849660,-4289303
fazenda||aguas claras|corrego dos nazarios|39765000|9,-1841136,-4292348
fazenda||de quintico|fazenda nova esperanca|39765000|6,-1842976,-4288837;7,700,786
praca|conego|davino|centro|39765000|10,-1842733,-4286927;85,12,8;89,-11,-12;91,-15,13;94,-10,-18;95,-21,2;97,-10,-5;99,-11,-3;100,8,20;101,0,-22;105,-17,19;108,0,14;110,-3,26;113,10,-9;116,13,-6;117,6,28;118,1,-14;119,7,-7;120,23,0;123,1,6
praca|padre|joao clarimundo|centro|39765000|2,-1842764,-4286991;7,25,-8;25,-52,-47;29,-8,13
praca||antonio argueles nunes|gruta de lourdes|39765000|75,-1842587,-4286702;77,-4,14;84,8,-19;141,17,25;145,-9,-28
praca||tabatinga|tabatinga|39765000|236,-1843205,-4286529
ribeirao||dos bernardos|ribeirao dos bernardes|39765000|3,-1845734,-4289408;6,-9735,-155;13,6103,945;14,-5516,1207;16,-58,766;18,7839,-2438;20,25,661;22,-421,-585;25,-6357,9;26,6025,-598;28,-322,-525;29,395,684;30,87,255;31,-12,7;32,-87,-133;33,44,77;37,-325,-703;40,-276,-285
rodovia||br 117 borrachudo|borrachudo|39765000|6,-1848404,-4287523;10,-15,-49;11,-49,53;13,-23,-19;14,-94,82;16,29,-24;23,-178,39;24,85,-34;25,-13,6;50,77,-28;67,2287,-121;191,-1228,352
rodovia||mg 117|borrachudo|39765000|3,-1850309,-4286574;5,-2313,1190;6,-272,62;7,5,-7;10,1869,-915;11,-2439,1026;18,-475,41;20,2481,-719;21,-1282,383;24,1105,-330;27,-2745,741;28,1273,-294;33,2129,-1061;35,-157,359;39,-889,467;44,1559,-1333;48,-560,735;51,-1377,879;53,1021,-479;57,-239,25;61,-149,88;70,1348,-1148;72,-1647,1183;91,725,-363
rua|mestra|gabriela|nilo pinto de carvalho|39765000|10,-1843510,-4287863;12,-10,6;14,-9,11;16,-14,11;17,-5,25;18,2,-16;20,-2,9;22,-2,39;24,0,4;26,2,10;28,-2,17;30,1,13;32,3,12;35,6,-1;37,-3,20;41,6,26;44,-8,60;47,5,-16;51,3,29
rua|padre|sampaio|centro|39765000|1,-1842734,-4286877;10,-1,-13;23,9,12;29,26,7;43,-10,-4;52,63,35;59,-43,-29;71,6,11;72,20,17;75,-9,-16;91,15,17;94,-6,-1;112,38,9;123,-107,-58;140,121,62;151,-21,-20;152,38,19;173,1,3;188,54,4;194,17,-3;197,-28,5;206,62,5;207,-63,-9;218,61,14;220,19,-10;234,27,5;235,-68,-5;239,8,13;251,35,-16;287,22,137;299,-20,-132;308,30,13;313,-16,-30;314,41,19;334,15,-5;337,-41,-17;340,44,18;345,-34,8;357,68,-52;465,-59,54;470,24,4;477,-11,-42;479,12,22;485,20,-14;764,-5,12
rua|padre|sampaio|novo horizonte|39765000|480,-1842353,-4286844;500,13,-6
rua|prefeito|gabriel de carvalho santos|nogueira|39765000|3,-1843681,-4287570;10,2,10;1039,-114,-51;1043,-18,-12
rua|prefeito|jose pereira dos santos|nogueira|39765000|5,-1843650,-4287495;7,17,49;8,-49,-49;11,13,-2;15,-49,1;799,68,31
rua|sagrado|coracao de jesus|alto do cruzeiro|39765000|16,-1842652,-4287006;18,53,-27;19,-97,47;20,72,-29;21,-61,20;22,75,-34;24,-34,14;25,-32,16;26,36,-19;27,10,-3;29,9,-10;31,6,-6;35,13,-9;37,7,-7;39,10,-9;41,9,-6;50,-23,35;95,11,-17;99,34,-32;103,-24,20;105,22,-21;107,-5,6;129,33,-36;157,-27,28;203,-19,19
rua|sao|francisco|centro|39765000|2,-1843233,-4286603;6,387,-309;10,-412,333;12,-11,1;24,-8,10;26,-8,9;30,-13,15;32,-7,2;38,228,-179;40,-244,189;44,-28,26;46,-2,4;48,-8,8;54,-8,16;56,-9,6;58,-21,17;60,-4,11;64,3,8;70,-9,36;72,-1,14;74,-6,13;76,0,8;84,5,-59
rua|sao|francisco|sol nascente|39765000|5,-1843251,-4286579;19,-15,10;43,-141,181;45,-1,11;47,57,-106;53,-19,15;57,-17,19;59,563,-445;65,-581,477;67,56,-73;75,489,-391;77,-552,517;79,600,-545;80,-603,567;81,5,-14;83,584,-557;86,-22,28;92,-5,-29;96,-600,582;98,606,-575;103,-425,345;104,-205,226;107,198,-221;109,-7,0;111,-11,11;114,-195,201;115,151,-155;124,-155,157;134,-4,-3;135,98,-50;144,-103,49;146,660,-559;148,-681,525;167,128,-23;239,37,-74
rua|sao|jose|centro|39765000|1,-1843210,-4286634;15,74,-92;19,-8,11;20,15,-20;26,-3,9;29,-4,35;32,-5,-33;33,-12,25;35,-9,6;37,-2,12;60,11,-32;73,-24,52;77,-14,13;103,-18,9;106,43,-51;108,-8,1;112,0,4;118,-14,-2;148,-2,11;156,-14,8;160,-14,14;162,-17,3;176,27,-11;385,82,-72
rua||alcides pereira marques|tabatinga|39765000|2,-1842936,-4286091;24,-4,0
rua||antonio lourenco de morais|nogueira|39765000|4,-1843625,-4287496;1031,0,0
rua||antonio soares ferreira|gruta de lourdes|39765000|1,-1842566,-4286729;3,-5,8;4,-13,-5;6,10,4
rua||bias fortes|centro|39765000|1,-1842812,-4286870;7,-11,-11;8,3,-25;23,-4,20;30,-19,3;35,-1,10;44,-10,-9;47,9,-8;48,-28,21;49,16,10;51,-10,-20;52,-21,5;61,28,14;63,-14,-13;80,-39,-3;96,-9,1;111,-34,31;120,60,-32;134,-52,21;151,-29,23;154,49,-32;155,-51,53;157,-26,1;161,0,6;171,-2,1;174,44,-51;193,-69,69;195,-5,7;215,-4,0;222,82,-63;225,-106,68;240,97,-66;245,-104,67;246,93,-59;252,-13,8;257,-96,56;260,-9,95;267,2,-76;268,88,-60;270,-15,3;271,-79,53;272,75,-58;274,0,15;282,-43,39;290,-19,-8;294,-9,9;300,-17,13
rua||b|nilo pinto de carvalho|39765000|8,-1843608,-4287858;10,7,10;11,17,4;12,-14,-2;13,15,9;14,-7,2;15,16,9;16,-8,4;18,-1,7;20,8,12;22,11,12;24,0,4
rua||c|nilo pinto de carvalho|39765000|10,-1843618,-4287789;12,21,27;14,3,14;16,3,7;18,7,7;20,2,9;22,3,10;24,4,12;26,4,12;28,3,10;30,4,11;32,4,14;34,6,4;38,-3,-29
rua||da alegria|tabatinga|39765000|69,-1843444,-4286297;72,38,-3;80,-2,-33;85,9,12;89,-6,23;90,-11,99;91,10,-95;92,12,93;93,-11,-72;95,6,21;96,9,68;97,-14,-52;98,9,51;99,-7,-27;100,21,43;101,-18,-39;102,31,63;103,-16,-42;104,17,57;105,-14,-46;106,13,47;107,-2,-30;108,-6,8;109,7,3;111,4,12;129,-5,-9
rua||da tabatinga|tabatinga|39765000|111,-1843359,-4286123;113,1,3;115,9,14;116,-9,7;117,12,1;118,19,37;119,-16,-29;120,58,76;121,-49,-64;122,17,29;123,-12,-25;124,-6,7;125,15,3;131,3,6;133,5,6;135,11,16;137,16,12;143,15,8;147,14,13;172,-11,-9;174,7,8;178,-34,17;180,22,21;181,33,-11;190,71,-14;194,-57,24;197,12,16;199,11,6;201,6,-4;203,12,14;205,3,-9;213,44,27;215,-13,-32;221,13,8;225,9,-16;227,1,-9;230,7,-25;316,-196,-49;318,4,-3;330,31,32;340,8,6;405,37,28;409,11,12;413,34,12;419,27,0;429,18,0;435,34,-64
rua||eliezer pereira dos santos|centro|39765000|8,-1842628,-4286698;9,-9,2;10,-2,3;11,-5,-6;12,-3,10;13,-15,-1;15,-7,-14;17,-5,2;20,9,14
rua||espirito santo|nogueira|39765000|797,-1843626,-4287431
rua||francisca damas de farias|centro|39765000|181,-1842913,-4287085;183,6,14;185,3,12;187,0,7
rua||geraldo andre de souza|centro|39765000|5,-1842605,-4286701;28,20,-94;45,-19,26;62,0,27;64,-25,1;72,40,-27;79,-9,-18;87,-2,64;91,-7,4;100,-4,39;110,1,0;120,0,10;130,-2,15;168,-12,27;170,2,16;174,-11,7;180,10,10;184,-11,20;188,22,-9;194,18,9;232,-24,-70;392,32,79;400,6,-7
rua||geraldo andre de souza|gruta de lourdes|39765000|51,-1842586,-4286783;53,-21,32;61,13,10;73,11,2;79,-8,16;87,-17,59;91,10,3;99,-4,21;103,-5,8;109,-10,6;111,-2,20;121,33,40;123,-3,-19;180,5,-230
rua||herculano ferreira da mata|centro|39765000|9,-1843196,-4286597;15,35,-11;18,-5,7;19,18,-10;20,-22,31;23,28,-37;30,-14,16;35,30,-25;45,8,0;54,-18,15;62,12,-4;65,15,-22;71,10,-2;74,-9,12;78,13,-13;81,9,-10;95,0,1;97,19,-16;100,-14,15;116,4,-2;118,39,-27;120,-22,13;132,0,21;165,3,-30;173,13,-9;182,17,-8;185,-11,4;201,13,-14;207,17,-6;209,-6,2;211,6,-4;233,10,-7;237,11,-10;247,10,-10;253,37,-29;255,-19,18;261,33,-20;263,0,1;265,11,-9;267,13,-14;269,-2,-33;294,-95,107;296,14,4;300,21,-27;344,10,-9;360,7,-3;362,1,-2;378,17,-13;380,2,-5;390,6,-5;392,41,-19
rua||herculano ferreira da mata|sol nascente|39765000|9,-1843232,-4286598;10,6,14;12,8,5;14,-2,-33;16,9,25
rua||ismar costa do nascimento|tabatinga|39765000|31,-1843169,-4286105;152,-58,73;158,23,-31;160,4,-5;166,11,-17;167,3,-9;168,7,-5;172,20,-8;176,10,-3;177,13,-9;351,-112,120;353,13,-3;359,13,-8;361,8,-42;363,-5,34;365,31,-58;367,-32,32;369,40,-47;373,-24,31;375,63,-46;377,-16,3;395,56,-3;631,-94,33;860,100,-26
rua||joao pimenta de miranda|gruta de lourdes|39765000|4,-1842569,-4286658;5,-15,-20;8,12,31;9,0,-15;26,6,12;36,-1,14;37,11,18;38,-11,9;40,2,6;42,18,16;44,-27,-51;48,25,-8;50,3,71;52,-8,-53;58,4,7;60,14,62;64,-4,13;66,1,9;72,1,-22;86,-13,-51;88,3,5;90,7,16;94,18,12;98,-13,29;100,6,15;104,-2,23
rua||joao ulisses alves|centro|39765000|10,-1842697,-4286929;11,-7,1;15,15,-1;17,24,1;42,-23,3;45,4,-1;63,27,6;83,13,4;84,-31,-6;88,16,7;89,-58,-22;95,84,25;96,-20,-6;105,26,3;106,-4,6;127,52,-11;156,-11,14;158,16,-6;171,1,-11;187,-56,14;191,82,-18;200,-31,17;201,34,-22;204,-34,17;206,20,-8;210,9,0;216,3,-10;230,21,9;246,24,10;270,20,0;271,-42,-19;275,19,10;277,14,2;279,-27,-5;300,77,17;331,-29,-5;491,15,7;493,12,-8;495,7,7;497,13,8;498,62,13;499,-53,-14;507,35,36;509,27,-17;511,5,4;513,15,8;550,-8,-6;600,-6,5
rua||joaquina nogueira da costa|centro|39765000|807,-1843475,-4287567
rua||jose barbosa de almeida|gruta de lourdes|39765000|23,-1842486,-4286786;28,-62,83;30,26,5;32,16,-28;40,9,-47;82,4,18;85,4,-4;90,-4,-4;91,3,22;95,5,14;97,-13,2;98,-41,24;99,29,-13;100,-40,7;104,42,-6;105,-4,4;110,-45,-13;112,-3,16;114,22,0;119,22,-6;135,-28,4;139,-2,35
rua||jose barbosa pinto|tabatinga|39765000|2,-1843039,-4286038;6,17,-17;7,-8,-11;9,8,-21;10,8,24;14,-3,-27;16,0,-1
rua||jose barbosa serpa|novo horizonte|39765000|4,-1842308,-4286885;5,5,9;6,-10,-14;8,0,-28;9,-1,-13;12,-7,-14;14,-10,-3;16,-7,-18;18,5,18;19,-9,-43;20,-6,11;22,-7,-9;24,-7,-5;26,-5,-11;27,6,8;28,-11,-17;30,-6,-4;32,-5,-8;34,-4,-8;35,2,4;36,-10,-11;38,-4,-1;39,-1,-5;42,-13,-21;44,-7,-8;46,-2,-7;49,2,1;56,-32,-30;59,171,112;65,-78,9;129,34,53;133,21,36;517,-11,37
rua||jose maria dos santos|tabatinga|39765000|2,-1843002,-4286117;8,33,80;16,-16,-55;17,-1,42;27,-1,-46
rua||juscelino kubitschek|centro|39765000|3,-1843264,-4287329;6,20,-14;12,434,389;32,-20,-30;90,-16,-20;172,-6,-18;220,-72,-87;222,-28,30;242,-100,-163;246,114,115;272,-7,-9;278,-13,-4;286,-9,-22;288,0,0;292,-10,1;298,4,-11;318,-21,-2;320,-11,-5;326,-20,-38;340,-13,-9;346,28,32;348,-49,-51;350,-6,-9;366,-3,-3;380,-7,-2;382,-6,-9;386,-136,-4;398,114,-16;422,-11,-9;436,-6,-3;480,-17,-6;490,-23,-9;498,-11,-1;504,-16,-11;506,-2,-16;507,-32,-5;604,-7,2;606,-14,-4;608,-10,-17;700,-16,2;703,-59,23;999,-147,-158;1001,-27,-4;1003,1,-19;1007,-19,-25;1008,-2,-2;1009,-13,10
rua||juscelino kubitschek|nogueira|39765000|1031,-1843647,-4287608
rua||juscelino kubtischek|centro|39765000|1,-1842798,-4286945;3,-5,-5;5,-7,-8;49,-8,-6;101,-27,-44;141,-11,-9;151,6,-8;171,-21,-17;199,-204,-232;207,186,207;227,-17,-24;237,6,-26;281,-22,-2;291,-7,-3;293,-7,-10;305,-12,-13;307,0,-4;315,-32,-37;317,-2,-8;339,-10,-14;345,-15,-9;381,0,0;393,-17,-21;405,-12,-3;409,-25,-22;429,27,-39;431,-47,22;433,16,14;435,-23,-21;487,-16,-9;497,-11,-9;499,-2,-3;501,-11,-1;505,-16,-12;509,-5,-5;519,-10,-2;537,-25,-19;545,-20,-3;547,-8,-8;549,-6,1;555,-6,1;601,-77,-68;795,-119,-72;801,-27,-15;805,-30,-18
rua||leonor sales coelho|centro|39765000|4,-1842842,-4286910
rua||natalicio nogueira da costa|tabatinga|39765000|1,-1842948,-4286152;2,-125,64;3,4,8;4,-3,0;6,-1,10;7,10,14;8,-9,1;9,11,8;11,157,-93;12,-159,96;13,9,6;16,6,10;17,152,-85;18,-122,-8;19,122,-5;20,-144,96;22,18,15;26,2,0;28,22,-3;30,9,4;32,8,-8;34,8,-3;38,15,-11;58,59,-58;76,-9,-75;96,-116,44;98,42,-12;100,-26,10;101,-37,27;102,10,-12;399,-19,12;920,20,2;980,-6,3
rua||sacrotildes|gruta de lourdes|39765000|4,-1842435,-4286773;6,17,8;8,-3,10;9,8,-34;11,0,16;12,-5,17;13,5,-20;14,-15,39;16,-4,3;17,0,-5;18,-3,20;19,22,-26;27,0,-14;29,-23,89;33,8,-52;37,-23,92;39,-5,9;41,3,-16;45,13,-29;49,-5,-15;82,9,-18;85,-3,-11;86,-3,0;92,0,22;94,4,2;96,1,26;104,-23,25;106,-38,-53;109,4,-1;110,36,58;111,-44,-29;112,26,36;166,-1,-70;169,5,4
rua||sebastiao a pascoal|alto do cruzeiro|39765000|95,-1842512,-4286973;104,51,-51;106,14,14;109,29,38;110,-52,-84;112,-16,-12;115,51,75;116,-70,-81;117,64,73;118,-83,-75;119,76,67;120,-78,-70;121,75,62;122,-86,-72;123,82,70;125,-25,19;127,-3,41;129,0,-48;141,-9,-70;143,-5,-1;145,18,9;147,8,9;157,-4,-3;209,16,111;211,22,-32;219,-14,23;231,8,-28;251,-4,-3;280,-14,3;309,3,-7;315,-6,-12;339,1,-33
rua||sebastiao alves pascoal|alto do cruzeiro|39765000|99,-1842442,-4286956;101,9,-6;103,5,-2;110,24,18;111,-50,-9;115,32,12
rua||sem denominacao 10|maximos|39765000|109,-1840879,-4286270
rua||sem denominacao 13|novo horizonte|39765000|69,-1842345,-4287070;137,-33,-38
rua||sem denominacao 8|maximos|39765000|10,-1841271,-4286403;13,-54,100
rua||sem denominacao 9|maximos|39765000|9,-1841223,-4286471
rua||sem denominacao|nogueira|39765000|3,-1843774,-4287358;4,9,22
rua||tome pinto de carvalho|alto do cruzeiro|39765000|52,-1842579,-4287024;54,4,-6;56,9,-9;60,11,0;62,19,11;96,17,-12;97,-53,-3;99,16,0;103,14,0;106,48,1;107,-38,6;108,51,-8;111,-30,0;114,27,-7;115,-9,3
rua||wilson ribeiro de miranda|centro|39765000|2,-1843240,-4286518;3,32,-27
rua||ze de rosa|tabatinga|39765000|5,-1843351,-4286006;9,0,19;86,-24,-52;89,-8,-15;110,18,-62;112,-8,20;114,3,0;118,9,68;122,-21,-19;128,5,28
sitio||do andrelino|ribeirao dos bernardes|39765000|6,-1852232,-4287740
travessa||ribeiro|centro|39765000|3,-1842852,-4286884;8,8,-1;12,-5,-1;15,-11,-13
