acesso||fazenda brejao|pilar|38717000|105,-1831265,-4688480;130,1388,822
acesso||fazenda de baixo|pilar|38700030|100,-1830922,-4690680;106,685,182;110,1802,-5673
alameda|dona|serafina pereira borges|centro|38700045|21,-1858738,-4651222;37,-1,-12;44,4,24;53,-20,-34;65,14,29;71,-1,9;83,15,-1;100,-15,-33;112,6,31
avenida|deputado|binga|jardim itamarati|38701628|1131,-1855631,-4652474;1132,-21,11;1133,17,-13;1141,7,15;1142,-20,3;1151,26,-1;1152,-18,12;1162,6,12;1172,2,3;1191,24,4;1201,6,12;1209,4,8;1211,-2,-4;1212,-14,12;1220,2,9;1221,17,-9;1222,-16,10;1231,20,22;1232,-15,-18;1233,8,-10;1240,-2,22;1241,12,11;1242,-12,-11;1250,5,10;1252,0,0;1261,9,19;1271,18,-5;1281,8,-5;1301,-31,48;1310,-7,-1;1320,1,11;1330,-6,11
avenida|deputado|binga|nossa senhora de fatima|38701628|6,-1855690,-4652604;11,51,89;16,-75,-95;25,8,42;26,-7,-42;30,-2,-4;35,5,42;36,-5,-42;38,0,0;45,4,40;50,-12,-46;54,11,-26;55,-7,64;56,10,-68;68,-63,-76;75,51,123;85,-8,-4;95,-7,-11;105,-7,-5;115,1,-3;121,65,85;125,-35,-53;135,-43,-61;145,-7,-10;155,2,-11;165,-3,-2;170,15,-10;175,-23,5;178,20,-14;181,-23,-1;185,0,5;195,-2,-13;200,14,-4;205,-26,6;206,29,4;245,-59,-43;247,12,-3;249,-5,-3;255,-2,-15;260,28,11;265,-34,-12;267,-2,-4;275,0,-5;285,-5,-16;295,-4,-5;325,-1,-14;333,-10,-8;345,-3,-15;415,-39,-55;417,-7,1;419,-12,-37;421,9,37;425,-20,-62;431,19,52;435,3,-4;441,1,-16;453,-11,4;475,-4,-20;485,-8,-7;505,-6,-8;523,-1,-15;525,1,3;530,17,-28;535,-16,18;537,-7,-8;555,-40,-43;559,14,2;601,4,14;603,-18,-33;605,10,22;607,4,-5;617,-18,-28;619,-3,-5;629,3,-2;639,-13,-10;641,-13,-26;645,6,0;649,6,27;654,19,-7;655,-30,-25;659,9,21;665,-11,-34;666,26,19;670,-8,-1;675,-30,-24;676,35,21;682,-11,-27;685,-26,-1;695,-7,-4;705,-4,-19;715,21,-13;725,-24,7;735,-8,-5;742,35,7;752,-15,-9;762,-2,-12;778,-5,-3;790,-2,-9;1059,357,655;1081,13,15
avenida||brasil|antonio caixeta|38705166|23,-1859430,-4651141;37,0,22;99,17,46
avenida||brasil|boa vista|38705166|15,-1859442,-4651130
avenida||brasil|brasil|38700385|1000,-1859578,-4652114;1026,-9,-16;1048,-10,-15;1058,4,-8;1070,-1,-11;1072,-4,-10;1084,-4,-7;1092,-2,-1;1102,1,-21;1122,-7,-14;1130,-2,-7;1141,-19,-5;1145,3,-16;1148,14,8;1150,-2,-12;1164,-1,-10;1181,-14,3;1184,13,-13;1189,-15,2;1191,-3,-9;1198,13,-6;1199,-19,-6;1205,-3,-3;1210,22,4;1227,-25,-51;1231,-8,-15;1236,22,40;1239,-25,-49;1243,0,0;1245,0,0;1250,17,34;1254,-3,-3;1258,-4,-9;1269,-3,-46;1270,6,46;1271,-16,-55;1278,12,44;1282,-4,-4;1285,-24,-67;1310,22,40;1320,12,-7;1329,-27,-17;1332,10,9;1334,-5,-11;1336,3,3;1350,-5,-11;1367,-19,-18;1370,14,-10;1372,-5,-2;1381,-17,0;1385,-11,-2;1386,23,-3;1388,1,-2;1390,-4,-3;1394,-3,-3;1395,7,-1;1396,-1,1;1398,4,-6;1399,-3,-4;1401,-4,10;1408,19,-18;1409,-20,7;1412,6,0;1413,-9,-2;1415,-7,-6;1416,8,-1;1418,-13,-5;1419,4,3;1420,3,1;1427,0,-12;1430,1,3;1431,-4,-3;1433,-9,15;1434,14,-18;1438,-2,1;1439,6,3;1444,-7,-10;1445,-7,-9;1449,-2,0;1454,6,-3;1457,-2,4;1459,-4,-12;1460,8,6;1461,6,-11;1465,0,0;1468,5,11;1469,-14,-19;1470,-2,6;1471,-4,-2;1481,-10,-9;1484,7,1;1487,-7,-4;1488,5,-4;1491,-5,-1;1493,0,-4;1497,-1,0;1499,-5,0;1500,2,0;1501,-7,-14;1528,16,-12;1546,-12,-17;1578,-14,-48;1580,6,15;1600,-4,-17;1604,-4,-6;1612,-8,-3;1616,0,-3;1620,7,-8;1631,-16,-20;1633,-1,-3;1638,6,-7;1641,-24,6;1649,13,-13;1650,14,15;1655,-23,-24;1658,19,7;1666,-3,-5;1675,-17,-7;1678,18,-4;1682,-6,2;1683,-31,-2;1686,27,-1;1692,1,-8;1699,-19,2;1700,21,-12;1703,-22,8;1705,7,-13;1709,-3,-8;1712,15,4;1720,-13,-8;1721,-2,0;1727,2,-3;1728,-1,-5;1729,0,2;1740,3,-18;1741,-5,6;1742,1,18;1746,-3,-17;1747,-5,-5;1759,-15,-16;1765,4,-13;1766,22,9;1781,-26,-21;1783,-1,-3;1790,18,5;1800,1,-8;1804,-11,-4;1805,-18,-1;1810,19,-6;1812,0,-5;1813,4,1;1818,-10,-8;1819,-8,-10;1822,12,8;1830,-4,-7;1833,-11,0;1842,13,-11;1843,-19,-2;1846,9,-5;1853,-12,-2;1854,13,-10;1880,-13,-20;1882,3,-12;1893,-6,9;1898,0,1;1900,2,-9;1902,3,-12;1906,-1,2;1907,-33,7;1912,31,-8;1924,-3,-15;1935,-14,-3;1941,-3,-7;1951,-1,-4;1952,16,-7;1954,-5,3;1956,-1,-8;1959,-15,-3;1970,6,-9;1971,0,1;2000,-1,-21;2007,-13,-5;2010,5,1;2012,11,-11;2016,-59,-14;2017,34,4;2027,-1,-6;2030,10,-5;2031,-11,4;2035,6,-6;2036,4,0;2038,-2,-2;2039,-6,0;2043,-6,-11;2065,-12,-13;2076,9,-5;2081,-4,-3;2091,-3,-7;2096,9,-9;2101,-2,2;2105,-6,-14;2106,-3,5;2113,-5,-15;2130,1,-5;2133,-27,5;2140,28,-21;2141,-10,-2;2150,14,-10;2151,22,16;2160,-10,-31;2161,-32,5;2170,15,-7;2171,-27,5;2180,20,-12;2181,-15,3;2188,10,-13;2191,-11,0;2200,11,-11;2206,-11,-2;2207,-5,-2;2211,3,-6
avenida||brasil|centro|38700188|320,-1859477,-4651512;371,-11,-43;374,4,13;383,-5,-8;386,-1,-4;387,-1,6;395,-8,-18;420,14,-14;430,2,-8;510,-23,-74;527,-17,-20;528,18,6;534,-3,-5;548,-2,-18;560,0,-17;570,-5,-24;576,-6,-8;604,-5,-8;612,3,-21;666,-3,-5;681,-29,-11;688,23,-6;690,-3,-5;704,0,-8;707,-6,-9;710,3,-1;715,-4,-13;719,0,-4;725,-3,-2;727,0,-5;732,6,1;753,2,-25;761,-3,-6;765,1,-6;766,-5,-13;767,-2,12;769,-3,4;771,0,-5;783,-8,-11;786,19,19;811,-20,-34;816,11,2;820,-3,-10;829,-5,3;830,-1,-18;840,3,-15;845,0,20;852,-4,-31;855,7,7;879,-4,-15;896,-9,-16;941,-6,-35;947,-3,-7;950,28,-29;953,-29,21;965,-9,-17;966,13,-6;976,-3,-8;981,-8,11;982,7,-19;988,-3,-7;989,8,72;994,-8,-77;997,-7,10;1025,-2,-22
avenida||brasil|conego getulio|38700188|49,-1859455,-4651242;55,1,-7;56,8,-18;57,-10,11;90,14,8;94,-2,-9;97,-14,-7;113,-3,-28;131,-3,-16;133,0,-11;135,-6,-5;138,26,39;150,-7,-20;160,-1,-3;171,-19,-38;172,15,23;188,5,-15;189,-20,-29;195,-4,2;200,22,24;210,-3,-19;215,-23,-33;222,16,-1;229,-19,-13;251,0,-15;252,11,-1;258,4,-21;260,-6,9;262,-11,-10;265,1,17;271,2,-16;304,-11,-22;454,13,6
avenida||brasil|nossa senhora aparecida|38700385|2234,-1859906,-4653214;2236,-14,-20;2284,9,-29;2291,-23,41;2294,12,-51;2300,7,33;2301,-26,-36;2306,5,-10;2315,-6,1;2320,11,-11;2327,-1,0;2400,18,48;2460,-22,-62
avenida||dos buritis|alto da colina|38703664|3,-1857321,-4649005;9,9,59;18,-45,-228;66,12,40;116,4,56;218,22,84;310,21,95;320,-1,2;325,1,10;330,5,4;340,1,22
avenida||maria de fatima borges|eldorado|38705350|241,-1860080,-4649617;247,9,2;261,9,10;273,5,1;285,10,4;299,12,2;311,11,0;321,6,8;333,18,-1;361,6,14;375,13,-7
avenida||maria de fatima borges|jardim panoramico|38705350|246,-1860088,-4649603;256,16,-7;266,-39,4;276,40,25;286,16,-5;296,39,18;304,-25,-15;316,11,0;324,11,-7;336,9,13;348,-6,6;376,65,27;380,-24,-20;400,17,9;416,11,9;424,13,-1;434,7,-1;450,10,4;454,10,5;468,9,4;478,9,5;488,3,3;492,0,-2;496,14,-4;510,1,6;514,17,5;524,4,-1;532,10,6;542,3,2;566,19,9;574,4,-4;584,7,6;590,16,8;608,7,4;612,9,-1;626,0,0;632,15,8;642,2,2;652,21,0;662,10,1;692,26,18;702,4,-4;722,17,7;732,12,1;742,5,3;752,10,1;762,7,9;772,10,2;782,7,-1;792,12,4;802,6,6;812,11,7;822,6,-4;832,7,7;842,6,2;852,9,2;920,61,24;930,11,1;950,9,1;960,11,8;970,16,-9;980,6,4;990,15,8;1000,-1,9;1010,24,-5;1020,2,1
avenida||maria de fatima borges|sebastiao amorim|38705350|533,-1859858,-4649538;555,13,4;565,9,4;573,8,0;595,13,6;605,18,9;615,4,1;625,8,0;639,16,12;643,5,-2;645,10,-1;657,0,0;665,5,4;667,5,2;729,50,13;737,8,8;753,5,2;757,10,-1;771,9,6;773,1,0;779,0,-1;789,16,7;793,13,5;811,4,1;815,11,4;875,56,19;947,56,16;959,13,3
beco||do badala|santo antonio|38700545|30,-1858746,-4653153;36,1,1;48,-9,1;49,9,0;50,-10,-1;51,-10,6;52,31,-7;55,10,-4;416,-7,1;418,-5,3
beco||francisca candida braga|centro|38700064|29,-1859141,-4651245;315,7,-13
comunidade||baianos|baianos|38715000|9,-1856234,-4625870;10,-291,381;13,-1586,-1939;14,-10,-12;1256,1662,2058
corrego||barrerinho|boavista|38709899|12,-1868936,-4672641
corrego||bebedouro|bebedouro|38709899|1,-1869773,-4675588;2,704,87
entrada||patos boassara|alagoas|38702267|4002,-1860788,-4657640
entrada||patos boassara|corrego rico|38702267|15,-1852212,-4661568;17,662,-207;18,238,-861;3879,-614,1308;4216,11,-2323;4254,-474,827;4255,-113,-304;4316,366,235;4317,7,341;4320,177,-387;4621,-200,-18
estrada||alagoas barreirinho|alagoas|38702267|146,-1858779,-4668574;149,769,-659;150,-2697,1664;151,210,-1773
estrada||alagoas barreirinho|corrego rico|38702267|3,-1853881,-4663404;4310,-1264,-4710
estrada||alagoas barreirinho|restinga|38702267|149,-1859249,-4668795
estrada||barreiras|barreiras|38702267|1,-1893363,-4657803
estrada||barreiras|barreiras|38711000|1,-1891849,-4656829;2,-5386,-227;7,4339,583;9,-3431,-3164;13,-1571,239
estrada||barreiras|santana de patos|38700107|1,-1895917,-4654803;4,4919,-2056;7,-3955,-1262;10,-818,-612
estrada||barreirinho|corrego rico|38702267|2,-1851472,-4665076;4,1028,845;5,-187,-371;6,-2371,-2448;7,1687,2537;16,-3385,-1712;3185,2168,-76;3193,595,269;3195,156,104;4217,-171,2989;4222,-1151,-2548;4231,1503,1677;4232,53,-3;4233,-61,-1734;4237,-924,-754;4250,-525,-1325;4266,-301,-465;4267,-287,-235;4268,-240,518;4269,15,-130;4270,-20,-161;4309,-1121,-237;4314,868,247
estrada||da boassara|patos de minas|38700001|3113,-1845806,-4667729
estrada||do bebedouro|capela das posses|38702267|10,-1840917,-4663597
estrada||do bebedouro|patos de minas|38700001|1,-1842629,-4662607;2,-269,-2243;3,-1602,234;4,3069,2151;6,-2397,132;7,1766,-2000;8,1388,773;9,-108,946;11,-1445,-1094;16,1400,-278;18,-643,-799;34,-711,3697;36,-34,-32;3099,-3352,-4543;3105,-1128,-46;3108,-623,-489;3115,1414,151;3126,2802,2705;3128,291,335;3129,113,305;3155,-1632,-604;3156,412,-211;3159,-96,-368;3160,-1007,-639;3794,-3669,-2192
estrada||do bebedouro|sao luiz|38702267|1,-1846601,-4665478;3103,1059,-88;3109,2047,1411;3122,71,818;3124,-297,-473;3157,-1305,-602;3178,791,-3371;3789,-4969,1149
estrada||patos brejo|barreiras|38711000|3,-1895102,-4661432
estrada||patos brejo|santana de patos|38700107|1,-1896445,-4660550;2,3046,-1221;12,-3907,959;13,-326,610
estrada||pindaiba sentido buracao|pindaibas|38715000|1,-1868434,-4624368;2,-121,1370
fazenda|sao|bento|pindaibas|38715000|24,-1866884,-4629751
fazenda|sao|bernardo|sao luiz|38709899|2,-1840286,-4669270;3175,1029,-732;3316,-984,1300
fazenda||alto da boavista|boa vista|38700001|12,-1872385,-4671796
fazenda||baianos|chumbo|38709899|16,-1857363,-4625253;18,1,2;19,-2,-3
fazenda||barbosa|pindaibas|38715000|17,-1867502,-4620601
fazenda||barreirinho|curraleiro|38702267|14,-1853098,-4665488
fazenda||barreiro|alagoas|38709899|2147,-1867988,-4669342
fazenda||barreiro|barreiro|38701821|6,-1862349,-4656980
fazenda||barreiro|barreiro|38709899|2,-1865120,-4661156;3,-589,170;4,-87,-242;5,2644,4477;6,-1483,-404;8,-1495,-3458;9,-219,16;10,2174,3548;11,-3635,-7825;12,635,4486;13,3362,-716;14,-779,2448;18,-1176,311;19,-144,175;22,-309,130;24,-168,212;25,339,-964
fazenda||barreiro|corrego dacota|38702267|3973,-1861680,-4656672;3998,414,-116
fazenda||barreiro|pilar|38717000|7,-1831600,-4685324
fazenda||barreiro|santana de patos|38711000|5,-1877107,-4672668;2413,1140,496
fazenda||batatas|major porto|38710000|1,-1867904,-4608385;2,-364,-815;6,-584,460;10,-167,918;14,-384,1011;1096,-613,655;1102,1330,-1802;1103,202,343;1104,-88,-532;1107,-318,-603;1298,-1075,615;1300,777,-969;1301,-886,513
fazenda||batata|major porto|38710000|6,-1868861,-4608745;13,-1069,3708;1098,640,-2341;1101,183,-530;1106,-6,-350;1108,777,-88
fazenda||bebedouro|bebedouro|38709899|17,-1869185,-4674883
fazenda||bebedouro|chumbo|38709899|21,-1858103,-4626063;22,-32,-43;1254,169,-291;1255,-202,398
fazenda||bebeduorozinho|bebedouro|38709899|4,-1867306,-4675318
fazenda||bertioga|alagoas|38702267|4351,-1858119,-4671952
fazenda||bertioga|bertioga|38709899|17,-1860678,-4671084;4519,-649,3480;4523,-41,-757;4524,65,-557
fazenda||bertioga|patos de minas|38700001|4350,-1858048,-4671816
fazenda||boavista|boavista|38709899|13,-1870241,-4671345
fazenda||bossara|boassara|38709899|12,-1844833,-4670125;17,256,545;20,81,216;21,51,57;3181,213,85;3838,-1077,1018;4723,411,-1475
fazenda||bossara|sao luiz|38709899|16,-1845511,-4669476;90,1007,1136
fazenda||brejao|boassara|38709899|3843,-1845532,-4670022
fazenda||brito|boavista|38709899|16,-1871949,-4671046
fazenda||buracao|pindaibas|38715000|22,-1870708,-4623269;23,3106,3338;1369,-707,-623
fazenda||chumbo b|major porto|38710000|32,-1859531,-4601005
fazenda||de baixo|pilar|38700030|1,-1828880,-4694045;5,-1261,-3837;12,2761,2278;18,-987,-892;100,-2954,3546;106,1799,346;110,305,-3260;3721,-1623,5622
fazenda||do bininho|pilar|38717000|15,-1836479,-4674238
fazenda||do brejo|pilar|38717000|15,-1832827,-4688546;3542,2100,969;3544,-128,-108
fazenda||faz bucaina|pindaibas|38715000|13,-1869008,-4626830
fazenda||fazenda bau|pindaibas|38715000|20,-1866896,-4624395
fazenda||fazenda do bolao|br146 3entada a direita depois do treinho|38700001|26,-1878850,-4662013
fazenda||fazenda dos brito|arraial dos afonsos|38702267|2,-1857684,-4641877
fazenda||fazenda sape bd|pindaibas|38715000|1654,-1864562,-4625909
fazenda||mata do brejo|mata do brejo|38700001|7,-1851694,-4670550;10,2122,1161;11,-3450,-1500;12,3036,1327;13,-3073,-1306;16,947,1208;3064,-302,-956;3161,554,107;3864,2313,1121;4246,-2583,-271;4260,-75,-926
fazenda||mata do brejo|mata do brejo|38709899|2,-1854893,-4671401;15,1221,-35;17,266,126;18,156,-88;19,3536,-1364;24,-1623,1014;28,-233,-127;29,-148,-177;33,-135,9;45,857,-1659;3046,-338,758;3048,-20,593;3054,415,728;3056,-330,-4;3069,-2049,306;3071,-354,-115;3851,4209,-876;3852,150,-181;4151,-1543,-855;4152,-276,317;4198,1190,91;4220,-909,1512;4240,-723,-424;4298,-3322,490;4315,4376,-2117
fazenda||no buraco|pindaibas|38715000|2,-1866500,-4626528
fazenda||pilar gordura de boi|comunidade sao miguel|38717000|2,-1835021,-4679609;6,348,146;3455,224,-305
fazenda||sape bc|pindaibas|38715000|1655,-1864631,-4625892
fazenda||sape bh|pindaibas|38715000|1661,-1863458,-4625888
fazenda||sape bk|pindaibas|38715000|1643,-1864139,-4626597
fazenda||sape bt|pindaibas|38715000|1671,-1863679,-4626352
fazenda||serra da mata do brejo|mata do brejo|38700001|3073,-1854210,-4670688;4247,2087,1032
praca||bandeirantes|centro|38700358|13,-1859482,-4652101;15,15,6;17,0,-2;29,-17,-12;601,32,20
praca||dos bandeirantes|brasil|38700358|65,-1859482,-4652148;77,-3,15;81,4,-12
praca||dos bandeirantes|varzea|38700358|8,-1859456,-4652144;26,-3,2;36,-10,-9;42,-22,5;44,20,4
regiao||barreirinho|baixadinha|38709899|2,-1862969,-4657187;4,-185,447;9,-3363,-4278;13,-688,2559;14,2242,-1717;18,-1492,-747;25,-333,2317
regiao||barreirinho|barreiro|38709899|80,-1864079,-4657969
rodovia||patos de minas boassara|patos de minas|38700001|3789,-1848940,-4666628
rua|barao|do rio branco|centro|38700170|5,-1858966,-4652082;9,-3,0;11,-7,0;19,-5,4;46,-23,-2;47,2,-3;55,-4,-10;64,-28,9;67,2,6;151,-65,18;159,-3,1;211,-49,8;216,-10,-4;222,-8,-1;595,-316,65;650,-84,8;760,532,-84;784,-787,135;949,5,-7;951,-7,-7;955,7,12;971,621,-108;1034,-552,90;1134,730,-124;1190,-53,21;1205,-1,-16;1207,-16,-3;1212,-5,-1;1224,-16,6;1232,-3,4;1235,-3,7;1240,-15,-5;1242,10,6;1247,1,0;1264,-13,-9;1267,4,10;1270,-19,-9;1333,-63,25;1338,8,-8;1341,-7,9;1348,-5,1;1355,-3,1;1358,-1,-5;1365,-6,-1;1375,-23,-6;1378,4,-14;1379,-5,33;1383,7,3;1388,44,-21;1395,-61,14;1412,0,-6;1413,-16,14;1416,8,-10;1420,-16,7;1423,-3,4;1429,-3,2;1430,-21,-5;1439,18,15;1442,-20,-9;1447,15,13;1460,-23,-17;1468,-12,0;1535,-61,11;1542,0,0;1543,-6,5;1550,0,-1;1555,-11,6;1556,-6,-9;1565,-7,9;1570,-10,-8;1575,-19,13;1586,19,-10;1613,-29,18;1620,0,-11;1629,-15,13;1630,6,-10;1642,-20,3;1662,2,-2;1667,-16,20;1669,7,14;1675,-15,-22;1678,5,-8;1679,-1,3;1689,-25,6;1691,13,-1;1694,-17,2;1698,4,-7;1702,-2,2;1704,0,2;1746,-46,9;1759,-6,6;1760,-5,-2;1778,-11,3;1785,-1,1;1786,-10,1;1797,12,11;1811,-30,-3;1818,-11,-4;1825,-23,10;1838,1,-16;1839,31,6;1855,-40,11;1863,-8,18;1864,6,-28;1896,115,-24;1916,-177,38;1934,-6,-5;1940,-5,0;1948,-6,16;1964,-17,1;1965,16,-2;1976,-36,-7;1977,26,17;1994,-41,-10;2007,17,3;2019,-14,1
rua|barao|do rio branco|cristo redentor|38700170|111,-1860536,-4651814;115,-20,-4;117,-9,-6;118,-9,8;119,-8,3;152,101,-11;154,-4,-3;155,5,3;161,-8,5;164,21,-9;196,-32,3;200,-182,38;210,4,-2;297,-113,-17;300,177,-2;307,-197,34;317,359,-51;365,-243,38;375,-12,3;395,-3,0;412,4,-4;453,107,-20;455,-20,2;459,-10,-1;461,-153,39;482,6,-11;491,-15,14;513,-12,1;535,-8,0;665,147,-35;775,-74,16;1551,375,-63;1776,-228,35;1782,62,-5;1790,0,0;1810,-85,8;1844,-27,3;1882,-35,7;1890,-7,0;1908,-12,4;1990,-38,6;1999,-7,9;2033,22,-5;2048,-87,-7;2449,70,7;2569,369,-61;2751,-101,25;2797,-22,1;2824,-62,1;3006,-138,25;3232,-130,18
rua|barao|do rio branco|lagoa grande|38700170|203,-1860010,-4651892;1007,152,-32;1045,-61,7;1141,-65,5;1157,-9,1;1165,-14,11;1169,-2,2;1223,-47,0;1225,-2,-8;1241,-20,6;1245,-14,0;1251,5,-2;1255,1,4;1273,-3,0;1449,-174,42;1455,-6,8;1469,-17,-1;1515,-25,12;2075,455,-89;2095,-25,6;2115,-3,-2;2119,-10,4;2205,-74,13;2207,-4,-7;2269,-49,20;2270,-42,-8;2273,42,4;2282,-90,11;2288,3,-1;2391,-94,24;2425,21,-6;2426,-15,2;2457,-62,10;2477,-17,-10
rua|barao|do rio branco|lagoa grande|38700196|1064,-1859952,-4651916;1068,12,-4;1084,-24,7;1090,-5,2;1120,-30,6;1124,-1,-5;2180,14,4;2200,-31,7;2204,61,-15;2234,-23,4;2250,-29,5
rua|dom|inacio de brito|santana de patos|38711000|7,-1883646,-4658859;25,39,23;31,-10,-6;41,-9,-1;55,-12,-9
rua|dona|bina|major porto|38710000|9,-1870399,-4603996;48,1,-27;49,13,84;53,-19,-107;72,21,103;83,-2,-17;133,-34,-161;149,19,113;150,-8,-75;170,-6,-14;494,33,187
rua|doutor|afonso correa borges|nova floresta|38703550|11,-1857435,-4649717;20,-3,6;29,2,10;30,-2,-2;40,-3,8;41,5,6;51,-3,5;52,-6,1;64,-2,9;65,7,2;74,-8,12;84,-2,0;85,3,4;95,4,10;98,-9,3;105,10,9;110,-14,-5;116,-2,10;117,5,9;127,-2,4;130,-3,-4;137,0,14;140,-7,1;195,-1,54;202,-8,6;209,7,-3;214,-10,8;222,-2,14;225,5,6;230,-8,0;244,1,11;249,0,12;256,-5,-1;261,7,13;266,-10,-4;273,7,19;282,-8,-11;285,5,15;288,-6,-6;294,0,10;303,-5,9;316,2,3;322,-5,8;324,2,0;333,10,34
rua|doutor|dolor borges|planalto|38706325|4,-1863255,-4649659;11,-115,12;14,108,-19;28,-8,6;40,-14,0;52,-14,5;61,-111,11;64,102,-14;65,-109,12;76,101,-9;86,-12,-1;90,-3,-5;100,-9,5;110,-15,2;125,-5,8;141,-20,-9;150,-3,-3;156,-12,-1;159,-12,7;162,1,-2;180,-3,-5;190,-15,5;191,5,12;200,-12,-15;201,6,16;208,-4,-16;210,-8,5;211,-3,12;220,-7,-16;221,1,18;230,-7,-11;231,-5,13;240,-14,-14;241,3,7;250,-9,-9;251,-3,10;260,-6,-9;270,-5,2;280,-11,0;290,-11,5;300,-8,-11;308,-7,1;314,-11,6;344,-30,1;354,-6,0;364,-9,4;384,-19,-2;394,-4,0;404,-9,9;414,-16,-5;424,-6,3;454,-28,-7
rua|doutor|fabio helvecio ferreira borges|jardim panoramico|38705395|10,-1860256,-4648498;22,13,-1;29,11,-2;36,8,-1;46,-5,5;58,8,-1;60,4,2;84,27,1;100,20,-5;103,23,-2;124,-7,4;160,6,-1;170,30,2;180,12,-2;195,23,-5;202,-7,7;205,17,-8;211,12,0;214,-18,9;223,25,-8;225,13,-1;226,-17,8;234,6,-2;238,2,1;239,17,-6;247,17,1;250,-28,7;262,11,-2;272,16,1;286,6,3;292,-10,-1;300,41,2;320,21,-4;336,16,1;348,3,0;349,4,-8;360,7,11;372,15,-2;396,8,-1;408,16,4;425,50,-12;427,15,-1;502,170,14;556,-100,0;557,-13,-10;572,12,-3;584,3,0;596,16,6;608,22,4;610,9,2;631,32,-6;632,-22,8;634,11,-1;646,11,1;653,-3,-7;663,27,-1;670,-5,3;677,20,-4;682,-9,8;694,10,-4;708,17,3;750,21,-9;759,13,-10;773,7,2
rua|doutor|joao borges|nova floresta|38703460|1,-1857407,-4650090;9,0,3;19,10,13;29,8,10;41,10,22;49,-2,3;55,4,6;65,6,9;85,7,17;89,-4,-8;119,11,31;135,3,10;143,6,12;146,-2,4;153,-271,432;158,275,-428;170,4,14;177,10,5;189,4,11;201,6,12;236,68,166;246,6,20;261,-60,-149;271,12,14;280,-17,-11;281,23,15;287,-1,13;291,3,19;310,5,13;325,13,7;326,-11,1;333,13,12;341,3,3;348,62,153;365,-56,-146;410,49,129;420,-6,-17;426,-28,-55;492,56,122;508,-24,-51;515,10,-3;525,6,13;526,13,55;530,8,7;533,-19,-49;535,-1,-4;547,7,7;551,5,11;556,26,76;560,2,9;561,-22,-68;571,1,0;573,-1,7;574,35,86;579,-31,-87;581,-1,0;591,4,16;605,5,2;665,21,50
rua|doutor|jose belluco|nova floresta|38703468|29,-1857551,-4650059;30,-3,-2;40,6,9;41,14,-6;50,-2,5;51,10,-10;60,-7,15;61,13,-7;62,-9,8;70,147,32;72,-135,-33;75,4,-3;81,6,-1;84,-3,8;86,5,0;92,13,0;93,-7,-8;94,6,9;106,7,-2;107,1,0;113,26,2;118,-19,4;120,4,1;127,6,-4;128,1,6;140,7,0;141,6,-2;150,3,5;159,10,4;161,10,-3;163,-6,-10
rua|doutor|jose olimpio borges|centro|38700080|25,-1858339,-4651517;35,4,-18;46,-9,7;51,-5,-24;52,5,17;60,8,-13;73,-15,-16;80,17,2;98,3,-23;111,-16,-9;112,18,-3;119,-6,-7;122,8,-3;125,-2,-6;133,-2,-14;134,3,10;191,7,-57;192,2,1;199,-12,-3;204,16,-7;211,9,0;218,-5,-20;221,-8,2;238,8,-10;246,4,-33;256,-7,15;257,2,-13;267,0,-2;333,12,-58;343,-8,-16;357,3,-20;360,5,-6;444,-1,30;448,1,-2;460,2,-13
rua|doutor|olivio borges|nova floresta|38703558|23,-1857503,-4649910;30,-8,0;31,2,14;41,-4,13;42,-4,-3;51,6,12;52,-10,-1;63,5,17;64,-5,-6;73,-1,6;74,-5,0;85,8,15;86,-5,-10;95,5,18;98,-13,-9;107,9,21;108,-5,-5;117,8,14;118,-8,-12;128,-4,19;129,3,3;137,2,12;139,-1,1;140,-8,-10;151,8,9
rua|doutor|paulo do prado brandao|residencial barreiro|38701832|18,-1855260,-4653621;75,27,39;82,-3,8;85,9,1;94,5,7;95,0,-2;105,5,8;130,9,22;140,1,14;150,6,10;190,15,28;200,9,12;210,59,106;220,-52,-94;236,4,7;260,14,35;284,5,18;286,11,5;367,22,14;400,20,58;460,30,56;476,9,15;526,14,37;534,25,37;550,-12,-19;570,30,53;595,3,-9
rua|doutor|theofredo borges|sebastiao amorim|38705274|8,-1859312,-4650034;13,70,-214;17,-5,16;39,-5,8;43,-1,14;82,-11,12;86,-2,18;89,1,1;91,6,-10;99,-7,22;102,-8,1;103,4,11;121,1,3;125,-5,12;127,-1,1;141,-2,10;144,-8,-12;145,3,23;148,0,-8;152,-2,1;161,0,12;162,-6,1;165,3,10;181,-1,9;183,-9,15;185,6,-7;200,-4,-1;214,-5,6;218,-5,12;238,-7,19;251,-2,22;253,2,-1;260,-5,4;261,4,2;265,-3,8;271,-3,12;272,-1,-11;281,8,-9;285,-10,31;303,-2,7;307,-3,12;308,-1,-24;311,-2,22;318,0,-11;328,-1,2
rua|maestro|augusto borges|centro|38700106|3,-1858767,-4651897;25,20,81;27,-1,-14;28,-3,1;39,3,20;40,10,0;53,-7,2;56,4,12;65,2,11;260,-17,-93;355,-2,-31
rua|padre|brito|centro|38700172|7,-1859044,-4651882;11,-8,4;22,-1,-8;33,-7,11;43,0,0;53,-29,-8;71,-6,-4;89,-15,-8;99,-11,1;102,-2,-10;107,-10,3;116,-9,0;117,21,9;123,-12,-2;127,9,0;134,-45,-5;150,-4,-7;154,-5,2;178,-28,-1;190,-7,-17;192,-1,2;193,0,13;194,2,-16;208,-23,9;221,4,-2;222,-17,4;230,-6,-6;233,16,6;241,-11,-5;245,-2,-6;249,-9,9;250,-15,11;252,1,-7;254,0,-16;256,4,6;264,-7,-8
rua|prefeito|binga|pindaibas|38715000|12,-1867816,-4625184;13,-3,15;15,2,-3;25,-2,-15;34,-1,-14;35,2,4;45,0,-6;50,2,13;85,-9,-56;95,-5,-6
rua|santa|barbara|nossa senhora aparecida|38700404|10,-1860080,-4653174;28,1,-19;47,8,10;50,2,-19;55,-11,3;56,6,-10;61,-1,-1;66,3,-8;67,-3,11;70,1,-12;79,-2,-10;82,4,-7;84,5,0;85,-9,-6;95,-1,-4;96,4,2;110,3,-13;114,1,0;115,-7,3;122,9,-15;125,-8,3;129,-1,-2;136,8,-7;137,-3,1;139,4,-10;145,-1,-1;149,-7,1;151,5,-8;155,10,4;163,-3,-16;260,-46,102
rua|sao|benedito|nossa senhora aparecida|38700422|30,-1860219,-4653344;38,0,2;55,18,-37;57,-1,-5;63,7,-11;65,-22,51;99,4,-19;120,20,-26;130,7,-4;140,-1,-11;141,-8,-1;148,7,-9;150,2,1;151,-14,1;155,-20,27;157,16,11;160,26,-47;193,-9,-4;217,-7,-5;225,-7,-12;237,-2,-3;245,-19,17
rua|sao|bento|vila garcia|38703192|5,-1857817,-4650924;10,-10,6;22,2,12;25,8,-6;33,8,11;36,-13,6;45,13,5;50,-6,-2;51,5,11;55,4,11;57,1,3;63,-13,8;85,14,19;86,-10,-4;87,28,166;100,-29,-150;105,15,1;114,-14,6;117,13,-2;121,-2,4;123,-1,3;128,-7,3;132,5,15;170,-6,36;180,8,4;190,-4,12;195,19,6;200,-19,2;210,20,48;211,-4,-35;216,-20,8;217,20,-43;219,1,45;220,-7,-6;221,11,-3;223,-8,-39;229,1,-9;230,-5,56;240,4,11;249,6,6;250,-5,11;257,6,8;264,-5,2;265,2,-3;268,-5,10;270,8,0;285,3,4;619,-2,9
rua|sao|joao batista|nossa senhora aparecida|38700406|7,-1860109,-4653139;17,7,-15;26,-11,-7;33,-3,-17;44,7,-12;48,-1,1;62,-2,-6;64,5,-26;70,-6,11;80,3,-8;81,-4,6;85,2,-7;110,8,-26;594,-10,92;596,7,5;2091,-11,-4;2101,2,-23;2119,7,-58;2120,-3,-1;2121,5,30;2123,-9,-1;2131,6,-38
rua|tenente|bino|centro|38700108|2,-1858757,-4651504;16,-1,-5;22,0,-11;32,1,-9;39,-25,-8;49,15,-6;56,0,-3;59,-3,-4;69,-1,-19;83,-2,-22;86,10,38;88,-4,-35;113,-13,-15;115,4,12;120,4,-15;122,-7,-7;126,4,-7;141,-7,-19;173,2,-25;181,-2,-4;202,3,32
rua||adao basilio de brito|novo horizonte|38703574|49,-1858631,-4649556;88,-5,8;95,52,-26;107,6,0;110,-2,10;119,9,-19;120,-6,9;128,11,-3;129,8,-6;140,1,4;141,13,-5;151,6,-10;152,-6,13;161,15,-14;164,-12,11;170,6,0;173,19,-17;176,-12,13;184,10,-1;185,8,-11;197,6,-6;208,7,8;211,7,-13;220,-5,11;221,9,-15;229,14,2;233,0,-1;240,-5,8;241,13,-16;250,0,10;253,10,-13;260,2,13;270,8,-4;277,6,-13;280,-1,7;289,14,-11;299,-199,73;309,212,-80;313,4,-2;351,40,-13;357,-11,7;367,20,-7;375,12,-7;387,11,-7;399,5,-5;411,11,-2;418,-49,27;428,10,-4;433,54,-28;440,-43,23;443,59,-29;455,8,-3;458,-62,32;467,72,-37;468,-51,30;480,4,-3;490,10,-2;491,57,-33;500,-50,31;510,9,-17;512,4,6;513,60,-28;521,9,-3;525,-60,29;530,66,-26;531,8,-8;534,-67,33;540,66,-26;543,6,-10;546,-55,33;555,60,-33;572,19,-2;577,6,-9;584,5,2;587,2,-7;596,3,3;601,8,-4;608,4,1;620,13,-1;621,3,-7;628,7,2;633,8,-7;640,3,9;643,-6,-13;652,13,9;653,4,-11;663,11,-3;664,-5,7;673,17,-9;676,-9,4;683,17,-7;686,-5,4;693,10,-8;698,-1,7;703,10,-12;715,9,2;754,34,-13;764,9,-4;773,-5,-5;785,10,-2;795,7,-5;851,52,-23
rua||ailton pedro de barros|nova floresta|38703512|21,-1857680,-4649503;30,7,5;33,-2,-6;42,6,11;45,7,-7;52,5,5;64,18,3;74,3,2;75,3,-6;84,12,12;85,-3,-9;95,13,2;96,-3,7;108,10,4;120,6,-1;130,13,4;144,6,1;154,13,0;159,1,-3;164,11,5
rua||alfredo alves barcelos|centro|38700040|2,-1858577,-4651247;5,2,18;31,5,-10;34,-8,4;43,12,17;45,2,7;46,-12,1
rua||alfredo borges|centro|38700092|6,-1858620,-4651726;17,31,6;26,5,-21;27,4,16;32,11,-15;39,7,15;42,4,-2;45,4,9;63,11,5;67,2,-2;71,12,-1;115,22,17;120,13,-1;121,-11,0;330,188,62;337,8,-17;340,1,18;341,1,-11;348,1,10;353,22,-2;355,-5,-12;360,-9,14;363,20,-7;369,10,-3;382,-2,8;394,7,2;396,1,0;404,9,0;412,15,-4;420,11,3;430,9,-3
rua||alfredo borges|centro|38701008|209,-1858418,-4651666;213,3,-8;217,-2,8;225,-49,176;245,88,-174;257,20,-3;265,-4,7;278,8,9;283,4,-3;290,0,2;308,10,4;309,-4,-3;405,99,9;419,12,-10;427,7,1;435,16,7
rua||alfredo borges|rosario|38701008|485,-1858165,-4651640;487,-6,-2;489,5,4;494,-6,-4;498,11,5;504,6,-3;514,20,-11;518,2,10;519,1,4;520,-17,-3
rua||alvaro borges|eldorado|38705014|8,-1860004,-4650859;9,71,-19;10,-26,16;11,14,-10;14,-34,23;17,25,-16;22,-9,3;29,0,5;41,-4,8;53,-8,6;61,0,-2;77,-26,11;81,2,16;97,-5,-2;107,-15,6;119,-11,13;124,-60,3;125,61,-5;137,-12,6;140,-23,0;149,20,1;154,-37,-2;159,-3,-7;162,134,-75;169,-113,88;174,-31,-11;184,-8,-1;185,28,4;190,-39,-2;195,61,-2;199,-35,0;201,1,-1;210,-32,1;213,14,0;216,-26,-1;218,-8,-1;223,29,1;235,-14,1;245,-8,-5;292,-67,-6;305,17,2;306,-27,-8;314,-12,1;315,26,6;323,-12,-4;328,-24,-4;339,12,2;340,-20,-8;349,21,11;350,-37,-8;360,-18,-2;361,36,7;367,-7,3;374,-19,-9;383,4,5;389,-7,-3;395,-10,-2;406,95,4;419,-116,-7;450,-55,-19;467,15,10;470,-20,-8;477,10,13;480,-9,-11;493,3,6;501,-12,0;502,-16,-12;513,11,9;514,-21,-9;523,9,7;524,-21,-7;536,-2,-3;545,11,4;557,-17,3
rua||america candida de brito|nova floresta|38703544|9,-1857340,-4649884;10,0,-36;17,-6,47;31,-7,13;43,1,19;60,-2,-6;69,-1,19;75,-7,40;77,2,-30;80,10,-56;91,-10,69;120,1,-17;127,-6,44;128,1,-33;132,-2,16;139,-2,34;149,-3,18;152,-8,-99;163,11,106;168,-5,-42;172,-4,1;182,-4,11;194,7,9;206,-4,22;209,-1,33;211,-3,16;221,7,5;229,-12,10;241,-3,7;254,0,-32;255,1,39;265,-9,14;275,4,14;276,2,-47;278,3,-11;285,-2,59;290,-4,-38;295,-1,51;300,0,-41;309,-9,52;310,6,-38;319,-4,54;322,2,-52;334,-4,18;344,-7,10;354,2,15;364,1,5;479,24,-107;617,-22,116
rua||ana maria campos bueno|cerrado|38701293|5,-1857605,-4652762;15,0,0;27,0,0;32,3,34;37,10,13;44,-10,-13;49,10,13;58,-3,11;61,4,-4;71,0,0;77,6,30;95,0,0;111,8,25;121,1,11;133,0,0;147,6,20;178,3,16;190,0,0;210,9,34
rua||ana maria campos bueno|nossa senhora das gracas|38701293|183,-1857568,-4652602;195,9,14;205,2,5;215,4,9;239,-2,16
rua||ananias pinheiro borges|alvorada|38701470|25,-1856301,-4652467;34,8,-2;35,-9,0;44,8,-10;45,-9,1;54,4,-14;57,-5,4;64,-4,-9;74,4,-15;75,-7,3;84,5,-12;85,-6,6
rua||antonio barbosa|major porto|38710000|7,-1870213,-4604226;22,-19,0;59,-26,18;70,-20,-4;77,1,10;90,-12,-6;98,-174,53;110,149,-45;185,-133,32;194,67,-15;254,-48,14;280,-31,-3
rua||antonio bernardes|nossa senhora das gracas|38701232|20,-1857473,-4651787;36,0,-22;56,-7,7;96,-19,-57;120,-5,-5;121,-3,-13;146,-1,-35;156,-1,-25
rua||antonio bernardes|rosario|38701232|31,-1857486,-4651802;47,-3,-22;55,0,4;64,-7,-24;65,2,6;81,-7,-14;91,-1,-8;95,-2,-1;340,1,-7
rua||antonio candido borges|jardim floresta|38703168|2,-1857962,-4650469;4,7,7;29,-151,-106;37,18,13;39,-9,-8;61,18,13;134,52,43;144,7,-1;150,9,6;206,39,14;212,9,16;318,-112,-67
rua||argemiro borges|alto caicaras|38702199|14,-1856487,-4651336
rua||ari barbosa|morada da serra|38706731|111,-1860387,-4647028;130,-67,-34;143,39,22;155,-7,0;160,-2,-10;165,-7,5;170,-9,-13;180,-9,-4;187,-4,10
rua||arlindo andre barbosa|novo horizonte|38703580|33,-1858154,-4649552;45,10,-6;48,5,9;57,2,-7;60,4,1;67,5,-8;72,5,5;77,4,-7;82,2,5;85,4,-7;91,17,-7;94,-10,8;99,19,-8;106,-5,4;111,6,-7;120,2,4;123,4,-8;133,14,-1;144,6,8;147,2,-14;150,4,4;156,13,-11;159,-13,-5;183,11,11;193,25,-14;207,5,-3;212,7,9;219,2,-14;224,0,20;231,10,-22;244,18,-3;248,4,6;252,2,-5;264,13,-2
rua||augusto da silva barao|centro|38700090|9,-1858218,-4651572;19,-12,0;32,-10,-8;36,-4,-2;45,-10,-1;55,17,-1;57,-26,5;58,3,-11;69,-19,7;70,11,-6;82,-19,-1
rua||augusto gomes branquinho|jardim centro|38703004|6,-1858873,-4650796;9,-29,-2;40,28,-19;62,16,-19;67,-34,20;74,33,-28;79,-26,28;88,41,-30;98,9,-6;111,-147,-83;114,150,73;121,-28,14;133,11,-8;145,10,-5;157,5,-8
rua||b2|boassara|38702192|5,-1844301,-4668978
rua||b3|boassara|38702192|5,-1844315,-4668958;46,-24,209
rua||b4|boassara|38702192|20,-1844446,-4668844;50,-22,-8
rua||b8|boassara|38702192|18,-1844450,-4668916
rua||bandeirantes|boa vista|38705162|35,-1859598,-4650708;36,-10,-10;49,8,16;50,-7,-6;59,3,22;62,-3,-10;63,6,11;70,-14,24;77,11,-10;80,-8,-5;104,-2,23;111,2,1;112,-1,12;122,1,3;128,0,10;160,-2,23;225,-21,271;430,-9,-13;440,-1,14;450,-4,12;464,0,8;474,-1,10;477,11,2;490,-11,7;491,11,-3;507,-1,17;521,-2,15;533,-1,12;536,-12,3;545,10,12;566,-12,15;578,1,3;596,-4,36;604,-2,7;612,-1,3;624,1,15;625,8,6;639,-2,7;648,-11,11;655,11,5
rua||baturites|caicaras|38702160|40,-1857378,-4651231;51,22,22;67,-10,-21;71,-2,40;81,0,8;93,-4,11;105,-12,4;119,18,23;131,-2,10;132,-2,-18;142,-6,-7
rua||berilo|alto caicaras|38702204|61,-1856814,-4651625;87,23,0;111,22,2;125,15,5;145,12,0;157,23,0;229,59,-7;230,19,10;240,0,2;254,6,-4;266,15,4;280,10,-2;333,-3,-8;342,42,13;363,-134,-5;371,0,-1;382,186,5;383,-185,-3;393,3,2;405,0,0;417,0,0;465,259,-9;470,6,7;474,7,3;475,5,-12;476,-8,13
rua||bertioga|bertioga|38709899|147,-1858823,-4671705;4346,46,-358
rua||betania|aurelio caixeta|38702060|19,-1857889,-4651373;28,10,4;29,3,-5;41,12,2;42,1,-6;53,6,5;54,7,3;64,13,1;89,19,-5;92,1,7;96,9,-1;101,-1,-5;104,16,7;113,-5,-10;123,64,6;125,-47,-6;135,-2,2;147,16,2;165,17,-1;189,28,6;213,5,-5
rua||betim|santa terezinha|38700316|25,-1860419,-4652567;26,5,0;34,-6,-5;35,-6,0;44,0,-7;45,-6,9;54,-2,-18;55,-5,4;65,-9,-11;68,7,3;93,-22,-8;103,-13,-10;115,-6,-9;127,-3,-7;140,-7,-17;154,-1,-15;525,34,47;582,53,52
rua||brasilia|nossa senhora das gracas|38701274|25,-1857422,-4652224;69,26,-46;73,-12,4;75,-53,81;101,-95,144;235,87,-135;288,41,-36;380,-144,206;404,56,-72;414,-23,28;416,39,-66;418,-41,71;426,45,-57;446,2,-23;447,-34,46;459,10,-13;467,12,-16;485,10,-21;487,1,-11;501,4,0;508,112,-147;546,-107,151;549,50,-89;557,-19,28;569,9,-12;580,6,27;581,1,-32;589,-1,-8;592,-3,20;606,10,-10;607,4,-20;619,3,-10
rua||brauna|alto boa vista|38703800|9,-1857020,-4648024;21,10,2;22,9,4;33,-2,-1;36,16,7;45,-5,-10;46,14,16;56,14,0;57,-11,-7;66,17,11;69,-8,-8;81,11,2;83,-5,-4;93,13,5;94,15,11;101,-10,-10;105,9,2;106,8,10;117,-2,-8;118,17,13;129,-12,-10;130,21,7;142,9,2;190,10,6
rua||brisa|jardim panoramico|38705361|7,-1860011,-4649404;9,33,-17;10,34,-12;20,-27,-1;21,-25,19;30,-4,-4;33,3,17;40,-10,-11
rua||brumadinho|santa terezinha|38700336|25,-1860153,-4652946;29,-2,-1;34,2,-6;35,-11,5;36,8,-24;40,0,0;43,-17,10;48,4,-3;52,-12,-2;54,11,5;57,-8,-13;63,2,1;65,-14,10;81,-2,-5;85,1,-1;93,-13,-21;104,-7,7;527,-3,-10;620,25,23;770,-5,-10;870,-10,-2;1228,51,34
rua||b|alagoas|38700001|7,-1863130,-4666524;15,237,58;23,-129,16;25,251,-131;29,135,-3;40,-125,90;45,-222,41;60,116,1;70,-30,46;184,-18,-74;837,170,-111;7149,115,-13
rua||b|centro|38700002|94,-1900896,-4660975;96,-3,-1;106,-12,0;116,23,2;128,13,-3;141,20,17;145,-8,2;171,-52,-18;740,-34,-7;750,-3,-2;760,-14,-3;770,-6,-2;780,-10,0;790,-8,-3;800,-12,-3;810,-2,-1;820,-14,-2;830,-10,-2;840,-11,-3
rua||castelo branco|sao francisco|38702010|15,-1858291,-4650895;17,6,5;20,4,-2;30,9,-10;33,-4,-9;47,15,-11;54,0,3;60,11,-6;63,-11,-2;83,0,-11;111,17,-32;112,15,-9;121,-7,1;134,19,-15;135,-9,-5;143,10,-20;145,-16,-23;164,13,-23;166,15,47;170,-1,7;176,0,-8;198,83,11;205,-95,-21;225,14,-14
rua||chiquinha do be|jardim panoramico|38705392|31,-1860005,-4648756;45,10,10;91,23,28;98,11,12;138,29,30;139,4,-4;150,-1,12;151,5,-5;159,10,9;160,-5,9;200,20,23;210,8,12;220,7,8;250,12,11;260,10,6;264,-92,-111;271,106,118;272,-4,6;275,4,-6;328,16,28;330,2,-2;340,19,22;345,-172,-186;352,180,194;389,24,22;401,6,7;440,-2,47;441,8,4;443,-2,-16
rua||cornelio benfica|major porto|38710000|3,-1870400,-4604718;16,5,-8;100,-82,-11;150,-39,-20;279,-132,-150
rua||da bahia|santa luzia|38700272|30,-1860757,-4652700;147,-96,36;148,-8,-2;160,-11,2;168,127,-32;170,-140,25;190,-318,66;206,261,-40;219,42,-3;260,-47,11;278,165,-55;280,-180,57;281,-10,19;282,181,-74;283,-174,74;288,169,-71;289,3,16;291,-183,74;308,-26,-22;318,-4,-21;377,227,-42;418,-329,50;468,256,-37;491,-21,15;497,-16,4;573,-54,48;637,-54,-14;639,-7,8;677,-7,1;1370,100,-29;2588,26,-35
rua||da bahia|vila rosa|38700272|373,-1861052,-4652589;375,-5,1;383,-305,101;385,296,-101;483,-70,28;538,-64,17;543,9,-7;545,-8,8;550,-23,-17;556,2,13;584,-42,30;586,-26,-20;614,28,7;632,-16,-8;660,-20,18;661,89,-20;674,-101,22;681,9,-3;691,-52,30;701,-21,7;702,162,-59;707,160,-51;749,-201,67;823,212,-68;860,-117,28;870,-11,5;876,-5,-2;880,-11,-18;882,-2,-9;890,3,35;1252,101,-27
rua||daniel alves beluco|cristo redentor|38700214|12,-1860674,-4652183;15,6,23;30,-6,-40;35,0,5;40,-1,-14;47,-1,-9;49,-16,21;54,14,-19;57,4,-8;62,-9,-2;67,-2,-11;74,1,0;77,-3,-12;81,4,-9;86,-6,7;87,5,-1;92,-6,-5;95,-3,-6;96,14,0;106,-15,-8;107,-3,-5;114,-2,-3;118,-2,-7;140,0,-9
rua||deiro borges|centro|38700100|16,-1858602,-4651671;22,-6,-18;23,-4,45;34,-1,-61;43,17,62;59,-11,-11;75,3,-15;89,-6,-15;96,-5,-87;101,7,6;125,-14,23;144,9,-50;145,10,60;154,-3,-71;162,-10,-31;164,7,4;171,-7,4;176,10,3;183,-13,-15;188,9,2;193,-9,-13;201,-6,-58;222,13,21;242,-2,-16;254,-2,-11;268,4,-3;280,-7,-21;283,6,49;287,-13,-12;291,7,-1;299,-2,-3;301,-3,-1;311,2,-2;401,-4,0
rua||domingos de melo borges|jardim california|38703602|18,-1858658,-4649709;76,25,56;109,8,22;139,-4,-21;149,-6,-9
rua||domingos de melo borges|novo horizonte|38703602|44,-1858534,-4649327;71,-85,-282;77,5,28;81,4,-1;85,6,11;88,47,141;89,26,132;94,4,30;115,-13,-58;119,-1,-2;130,-77,-253;150,95,310;208,-83,-269;213,18,10;232,-8,5;253,44,153;254,-36,-125;267,14,21;270,-8,-10;277,9,11;282,-5,1;294,8,14;306,59,235;336,-54,-197;348,3,3;769,4,-8;779,4,15;789,-1,6;803,4,14;804,-5,1;815,10,8;816,-10,-2;861,19,39;884,1,28;895,3,8;896,-1,-1;907,9,15;937,-9,-33;949,14,73;950,-5,-6;963,10,19
rua||dorvalino basilio de brito|nossa senhora de fatima|38701590|15,-1855829,-4653222;25,8,-10;26,-5,17;32,9,-5;33,-1,-21;41,9,14;42,-1,2;43,4,-7;45,6,-8;50,-1,13;53,2,-12;56,4,7;63,4,-11;64,-3,8;67,6,-8;73,4,-5;74,5,6;84,2,-4;85,8,-12;87,-8,4;89,0,0;94,9,5;104,8,-5;105,2,-13;114,3,10;115,-4,-10;124,18,-5;125,-3,0;134,7,-2;135,-1,-7;144,10,5;145,-1,-7;151,8,-9;154,0,4;155,1,0;164,8,1;174,2,-2;175,2,-7;184,31,6;185,-17,-13;194,11,3;195,-6,-9;204,9,6;205,0,-10;215,13,-4;222,6,4;224,-7,-1;225,6,-8;234,8,4;235,1,-10;244,6,6;254,11,-5;255,-8,-6;264,10,3;274,10,-3;282,6,-8;284,12,8;294,-7,-16;295,-2,0;304,12,-6;305,4,-5;314,4,3;324,5,-2;325,4,-8;334,8,5;335,-1,-12
rua||dos balsamos|jardim esperanca|38703707|22,-1857321,-4648698;66,-516,20;76,7,1;80,465,-17;84,-460,16;86,446,-15;87,-441,11;96,6,2;106,8,-1;116,8,1;126,12,0;136,12,2;146,6,1;156,9,0;160,337,-11;164,-308,7;166,-20,3;168,1,-5;209,44,-4;221,12,1;232,7,5;235,5,-4;258,21,-3;276,-43,7;278,56,1;284,8,2;314,-191,-6;349,-42,11;350,3,-9;363,-11,9;364,0,-9;375,-16,12
rua||dos bariris|cerrado|38701310|25,-1857433,-4652472;29,2,-2;35,11,-3;45,5,2;55,10,-3;67,4,-3;79,6,0;89,13,-7;99,13,-2;695,17,-3
rua||dos bariris|nossa senhora das gracas|38701310|30,-1857416,-4652460;38,-8,-8;48,16,17;98,53,-25
rua||dos bariris|padre eustaquio|38701310|139,-1857324,-4652504;149,4,-2;164,13,4;173,0,-8;176,11,9;184,6,-8;185,-7,-9;212,38,15;221,-4,-25;225,5,4;226,6,22;229,-1,-18;245,10,7;325,62,-44;333,7,10;338,-14,13;343,21,-17;347,14,5;348,-12,5;351,12,-5;419,48,-17;431,12,9;439,-12,-8;441,23,-7;451,14,-10;457,4,1;463,8,-6
rua||dos boiadeiros|brasilia|38700484|36,-1859865,-4653494;44,-8,-10;601,0,0;1464,17,25;2080,4,42;2082,-11,-8;2090,9,-19;2100,1,-9
rua||dos boiadeiros|nossa senhora aparecida|38700484|14,-1859956,-4653572;45,-52,-67;55,7,5;59,-15,-8;61,122,124;62,2,6;70,-12,-21;75,-4,11;77,-4,-4;93,-5,-1;94,3,-11;102,-8,3;112,-7,-7;119,-8,-7;136,-5,-9;137,-37,-17;146,24,-1;148,-2,-1;149,-4,-3;152,-10,-12;159,6,15;161,-18,5;164,14,-19;172,-6,-2;176,3,-1;185,-4,2;191,-6,-11;201,-4,-6;202,1,5;208,-3,-8;211,-8,-1;215,-2,-9;222,9,6;234,-10,-11;237,-5,8;238,4,-10;250,-4,-3;278,-17,-20;288,-9,-7;322,32,41;1032,77,93;1510,26,9;1549,-42,-18
rua||dos britos|arraial dos afonsos|38702267|2,-1856190,-4642064;3,-756,-158;4,-371,424;5,1362,-793;7,-720,357;17,-711,555;21,-245,-295;24,479,-250
rua||eduardo alves de oliveira bicudo|jardim esperanca|38703818|20,-1857315,-4647976;100,-69,19;110,-8,-1;180,-62,20;190,-5,6;200,-8,0
rua||eduardo alves de oliveira bicudo|santa clara|38703818|10,-1857562,-4647896
rua||entrada motel veraneio br365|cabeceira aragao|38700001|14,-1865090,-4643047;21,-1125,-484;27,-545,-3061;304,273,3352;324,-1180,-1079
rua||euclides goncalves de brito|guanabara|38701160|19,-1858188,-4652372;39,6,-9;42,7,-3;54,5,-12;55,-6,-4;67,4,-18;68,4,10;80,6,-10;90,6,-12;91,-10,-2;100,10,-8;111,-3,-12;112,5,0;162,13,-43;163,-7,-7;166,6,7;174,5,-10;175,2,-5;185,-2,-12;186,2,5;197,6,-18;204,1,7;256,7,-49;274,-12,-21;286,5,-6;298,-8,-14;322,-5,-22;334,-4,-11;354,-1,-11;366,-5,-12;372,-3,-6
rua||euripedes barsanulfo|cristo redentor|38700264|15,-1860870,-4652313;22,-11,4;26,-19,5;34,13,-6;37,7,2;41,-16,6;53,-27,9;56,14,-6;68,-7,2;76,-21,9;81,7,-7;82,-5,3;88,-7,3
rua||francisco lourenco braga|afonso queiroz|38705440|43,-1860281,-4648365;46,8,7;58,3,9;68,16,9;77,-10,-7;80,18,11;90,-10,15;92,8,-1;98,-3,9;110,3,14;120,21,0;121,-19,-16;140,24,27;141,-4,-12;153,3,8;164,14,18;168,-2,9;180,18,5;197,4,5;200,3,6;222,12,14;223,12,-3;231,7,-15;243,-14,13;266,23,37;273,2,8;276,8,3;295,12,4;305,-7,16;316,10,2;317,16,2;327,-8,12;328,-7,-6;339,19,12;393,31,46;405,9,7;415,-6,4;427,11,14;437,8,4;463,4,20;471,47,-19
rua||geraldo banzete|major porto|38710000|40,-1870502,-4604727;57,-3,5
rua||geraldo dias de bessas|jardim itamarati|38702316|82,-1855594,-4652505;87,11,7;92,-3,2;102,2,6;112,2,8;117,11,7;122,-2,7;127,8,2;132,-5,6;137,9,5;152,-1,15;162,6,5;167,-3,-15;182,11,30;197,13,10;202,-1,11;207,15,-7;212,-9,13;217,-21,-43;222,20,53;227,11,-5;232,-2,16;237,2,3;242,1,1;247,7,2;252,-5,2;257,7,5;262,-1,8;271,10,0;279,-1,5;299,8,18
rua||geraldo dias de bessas|nossa senhora de fatima|38701629|10,-1855628,-4652562;30,10,19;31,7,-7;32,-9,13
rua||geraldo magela borges|planalto|38706331|22,-1863518,-4649286;26,3,15;30,1,10;34,-1,2;42,-2,11;56,7,12;81,7,21;84,-5,4;95,8,1;96,-1,12;110,-8,4;124,9,18;138,-5,19;140,-2,-2;152,2,15;161,5,1;163,12,11;166,-18,-6;180,3,17;190,-1,-135;194,5,150;198,0,0;201,1,5
rua||getulio borges|aurelio caixeta|38703176|496,-1857571,-4650650;531,-93,-106;567,3,5;573,3,1;585,9,10;595,-8,-2;603,16,9;613,37,33;615,2,1;625,-1,10;639,6,1;659,16,16;669,2,8;677,13,12;693,4,6;697,0,2;699,-10,-16;721,32,41;727,1,1;731,0,7;735,8,-1;741,1,1;745,8,10;753,7,10;761,2,-3;763,1,-5;765,10,11;767,4,3;769,-11,-10;805,21,13;831,-136,-133
rua||getulio borges|vila garcia|38703176|11,-1858113,-4650855;18,-51,-3;30,12,-1;33,57,6;49,10,11;70,-35,-12;75,48,11;80,-108,-21;91,89,20;94,-16,-3;99,482,172;100,-466,-162;126,22,0;149,75,10;160,-49,-7;167,60,8;168,-55,-6;175,92,13;184,-74,-9;185,52,6;192,-50,-8;212,25,9;213,36,-3;219,20,9;222,-49,-2;261,85,10;271,8,2;278,-41,-8;290,6,4;297,60,7;305,5,-1;313,8,3;327,11,2;329,-35,-6;345,45,9;351,5,-3;354,19,7;355,-9,-1;357,1,3;387,-262,-49;390,224,44;405,85,4;411,5,10;421,9,6;425,15,-5;435,-46,-5;437,38,6;459,13,5;468,-39,-3;473,55,7;478,-45,-2;480,10,2;483,42,1;486,-32,1;490,-4,-3;504,14,0;506,7,5;514,2,1;569,63,29;590,-7,-7;602,-208,-54;604,-1,3;612,227,66;624,6,7;646,12,12;650,6,1;654,-183,-69;658,191,79;660,-5,31;674,23,-14;680,7,5;700,3,11;708,-22,-24;714,40,28;720,0,2;724,-5,10;726,0,-15;738,5,33;740,16,-14;756,12,17;766,-1,3;770,6,10;774,-173,-142;820,203,172
rua||hermelino braz|jardim california|38703616|10,-1858465,-4649786;12,13,11;479,17,7;500,5,40;507,4,-15;512,13,33;519,-6,-22;526,-8,28;531,10,-11;545,2,7
rua||hermelino braz|novo horizonte|38703616|331,-1858375,-4649593;340,59,258;550,-101,-348;562,4,12;583,5,-1;620,15,58;629,2,-19;632,1,22;646,5,21;670,8,17;682,5,10;687,7,-1;699,4,15;702,-4,9;711,9,1;744,-1,29;755,5,8;760,2,1;770,-1,4;780,0,22;790,2,11;806,0,14;812,-1,-5;820,7,19;843,10,6;847,2,10;855,5,8;867,1,6;879,-1,14;903,9,21;917,4,13;931,3,10;941,2,12;960,-5,21;970,6,14;990,3,16;1000,0,10;1007,1,-29;1010,5,36;1020,2,12;1030,2,11;1040,2,7;1050,0,7;1060,6,9
rua||ildefonso bernardes|guanabara|38701102|489,-1858056,-4652346;493,0,10;497,-2,-16;515,-6,-9;523,14,-4;525,0,-4;543,2,-6;545,-3,5;555,3,-10;559,6,-9;563,2,-19;565,-1,-10;569,0,0;573,-2,-2;601,17,-33;643,-2,-11
rua||ildefonso bernardes|jardim america|38701102|21,-1858074,-4652290;29,-270,252;41,7,-5;47,7,-4;65,12,-8;69,22,-8;75,71,-48;85,-14,9;96,-73,55;108,38,-8;109,-23,-8;122,29,-15;130,10,-3;175,-16,-12;185,17,0;189,-39,30;193,43,-31;201,36,-25;211,16,-5;245,25,-15;249,1,0;267,3,-14;311,36,-38;315,-24,-9;319,5,30;321,26,-27;333,10,-16;343,3,-8;363,7,-11;367,0,-3;411,19,-30;415,12,-9;421,-14,15;423,13,-16;453,6,-21
rua||ildefonso bernardes|lagoinha|38701102|5,-1858031,-4652394;8,19,-79;22,4,-8;30,0,-11;40,15,-5;50,6,-16;94,-63,160;100,-64,154;116,71,-167;346,-62,151;360,-6,-1;368,6,-4;376,9,-6;590,68,-198;628,9,-15;722,-30,129;732,-7,-6;742,2,-14;778,12,-34
rua||ildefonso bernardes|rosario|38701102|166,-1858235,-4652098;176,11,-7;188,9,-4;214,17,-13;228,20,-24;238,16,8;258,-2,-12;264,4,-4;280,-18,19;282,21,-25;288,-1,-1;290,10,-16
rua||ildefonso borges|jardim floresta|38703166|4,-1858104,-4650545;7,8,1;18,-15,5;19,7,8;30,-11,-1;31,3,7;40,-10,3;45,4,12;52,-3,-1;64,-11,9;67,3,13;77,-5,11
rua||jacinta caixeta borges|alto da boa vista|38704026|46,-1857058,-4647502
rua||jacob benfica|major porto|38710000|6,-1870551,-4605140;15,30,3;20,-65,83;25,51,-91;101,32,48;122,-55,-60;134,7,4
rua||joao belmiro|major porto|38710000|17,-1870496,-4605112;67,-17,78;71,9,-41;81,-4,8;138,19,-37;148,-4,7
rua||joao de barros|alto caicaras|38702212|155,-1856972,-4651890;180,144,10;200,-96,-16;201,4,-2;210,6,1;213,4,-2;222,13,-9;225,-2,14;234,12,0;246,17,-4;258,4,4;264,13,2;265,-7,-8;269,26,1;275,14,9;276,-25,-2;284,15,-3;287,-15,0;351,95,4;377,18,-1;378,-16,-6;388,26,3;396,42,3;479,33,-7;491,9,9;505,4,-4;517,15,-8;527,3,-11;530,-12,20
rua||joao eustaquio borges|caramuru|38701389|10,-1856662,-4652233;19,-9,-5;21,-1,-16;73,-8,-31;76,7,-8;86,-10,-7;96,1,-7;103,-9,-8;106,10,-5;113,-7,-9;116,9,1;123,-12,-7;126,4,-1;133,-4,-7;136,6,-8;143,-8,-6;146,4,0;153,-4,-4;156,-2,-9;170,-2,-6;191,-13,-15;203,-5,-21;213,-2,-11;229,-2,-13;253,-3,-20;256,5,4;266,-3,-15;267,-6,3;271,-6,-27;274,12,12;275,-6,10;286,3,-21;530,-5,-2
rua||joao pereira braga|laranjeiras|38701332|25,-1858017,-4653132;26,0,6;38,1,4;41,11,-8;49,6,-4;50,-6,8;55,24,-8;58,-6,7;63,16,-13;70,-3,12;78,48,-24;81,-27,4;84,-19,21;87,13,-14;98,1,10;109,15,-16;127,25,-4;134,6,8;143,-2,-12;158,5,13;159,16,-14;169,6,-7;181,10,-2
rua||joaquim basilio|sao francisco|38702011|8,-1858028,-4651010
rua||joaquim bueno|nossa senhora de fatima|38701594|5,-1855997,-4652954;6,11,12;14,11,-13;18,-7,3;23,-3,-4;30,16,0;37,2,-9;40,2,5;47,-2,-3;52,19,-4;59,-4,-13;64,4,8;69,2,-10;76,10,2;145,58,-45
rua||jomar vaz borges|santo antonio|38700213|12,-1858926,-4652809;120,-102,38;154,-24,19;160,-9,3;170,-8,1;182,-6,0
rua||jose agostinho braga|guanabara|38701165|27,-1858354,-4652500;30,3,11;41,3,-24;106,22,-52;118,2,-6;130,11,-48;142,-5,21;450,2,-30
rua||jose alvaro borges|cidade jardim|38705216|19,-1858956,-4650540;32,-13,8;41,-5,19;50,-293,48;56,287,-66;81,-31,29;91,-9,4;100,-8,-7;103,0,8;110,-19,-2;115,6,2;127,-12,11;138,-9,-3;150,-12,3;151,0,9;163,-9,-1;174,0,-4;186,-15,4;201,-31,18;216,17,-11;238,-46,7;241,12,3;253,-16,4;262,-16,-4;265,16,11;276,-4,-5;277,-8,-4;288,-19,0;289,5,-2;300,-23,4;301,-1,3;312,-3,-6;313,2,-2;326,12,6;335,-44,8;403,-22,-2;406,-24,-7;415,-13,3;439,-22,-1;442,28,38;451,-34,-37;454,-4,5;463,-6,-3;466,-60,17;563,50,-21
rua||jose baiano|residencial sorriso|38701651|9,-1856548,-4653268;14,30,-17;21,-8,-8;30,11,6;31,-5,-14;40,17,9;41,-5,-10;50,13,5;51,-6,-12;54,11,4;61,-8,-3;71,15,-7;81,-14,6;91,92,6;100,-77,-10;101,20,-14;134,7,3;138,12,1;140,1,1;155,24,-36;165,0,9;167,8,-8;170,-17,14;175,28,-19;180,-33,21;185,43,-30;195,8,-7;205,8,-4;215,5,2;225,8,-14;227,-4,3;235,11,-4;245,11,-9;249,1,0;255,6,4;265,7,-9;275,14,-11;287,5,3
rua||jose batista|major porto|38710000|9,-1870399,-4603982;52,33,-22;70,-14,3
rua||jose broca|major porto|38710000|30,-1870287,-4603984;41,3,4;66,54,4;116,-74,8
rua||jose burgo|sebastiao amorim|38705300|25,-1859364,-4649911;27,14,2;28,-1,4;31,3,-3;32,-3,3;48,12,0;49,6,-3;52,5,6;53,4,-6;63,8,1;68,-6,3;72,15,2;74,1,2;88,10,4;92,0,-4;108,16,0;109,-5,-6;111,11,1;112,-2,8;120,10,0;125,-4,-8;129,16,1
rua||jose manoel de brito|jardim california|38703105|45,-1858671,-4649735;121,28,8;135,8,3;145,16,6;157,8,3;169,5,4
rua||jose miguel barbosa|alto da serra|38704034|25,-1857945,-4646824;30,-1,-21;35,-2,-3;40,2,-2;45,-5,11;50,-1,-17;55,-7,0;60,1,-10;65,-6,-5;70,4,-1;75,-13,-3;80,7,-5;85,-8,-4;90,8,-3;95,-5,1;100,-9,-22;105,4,10;110,-4,-8;115,-16,0;120,9,-9;125,-1,13;130,-3,-31;135,-10,8;140,8,-17;145,-12,6;150,6,-10;155,-6,9;160,4,-15;165,-13,2;170,2,-14;175,-1,12
rua||julio bruno|aurelio caixeta|38702090|7,-1857671,-4650859;18,23,18;19,-14,-13;33,12,-2;40,22,17;54,15,1;57,-15,-11;69,8,2;72,18,5;75,-2,0;114,57,12;136,22,4;140,-13,0;149,-7,-12;159,13,1;162,18,12;169,-6,-9;174,14,12;185,-9,-11;192,22,12;201,-6,-6;204,14,7;215,2,1
rua||laura lopes braga|laranjeiras|38701339|26,-1857734,-4653148;31,-4,5;38,0,-6;46,-16,-74;50,24,44;51,-19,5;62,21,-19;63,-24,9;75,2,-7;86,6,-19;98,-6,12;100,20,-46;119,-28,11;122,0,11;129,0,-25;135,2,-3;136,6,14;146,-10,-17;147,3,0;158,-4,-10;168,3,-23;230,-16,-53;242,-1,-11;266,-5,-19
rua||laurindo borges|jardim paulistano|38706081|14,-1861584,-4651913;34,-17,25;44,-6,-24;48,-2,4;60,-6,-4;81,-16,-31
rua||lenaide borges|planalto|38706329|38,-1863420,-4649276;50,-6,-1;60,-8,6;98,-34,12;104,-7,18;108,-5,-6;118,-4,1;128,-2,10;158,145,-184;160,18,16;189,-17,-7;193,8,12;245,55,36;252,-91,-91;334,-186,-211;418,182,220
rua||lico beijo|jardim vitoria|38705524|22,-1858618,-4648670;25,-1,11;32,4,-10;35,2,25;42,-28,-3;45,23,5;52,-7,-2;65,2,19;88,-5,17;91,5,12;98,-2,-4;101,5,12;111,-1,12;120,0,2;123,-3,8;133,5,12;144,-11,-34;147,5,42;167,-4,26;179,3,5;180,-12,-3;188,6,7
rua||lucy caetano barao|cerrado|38701321|41,-1857546,-4653012;120,10,26;134,-4,-9;135,-4,2;147,-1,-11
rua||lucy caetano barao|laranjeiras|38701321|198,-1857553,-4653066;211,-5,-10;224,6,-5;225,-14,5;233,-10,-9;234,21,-10;244,15,14;255,-25,-29;256,2,-13;268,3,0;277,-12,-9;278,7,-5;328,-10,-46;340,2,-1;358,-21,-8;378,16,-39;388,-6,-6;407,-14,-10;416,7,-6;425,-8,-19;428,5,2;443,-4,-20;448,1,-6;450,-3,6;452,10,-7;461,-9,-10;462,-3,5;507,-12,-19;516,5,-36;519,-6,-11;531,5,-7;540,-2,2;543,3,-14;554,-9,2
rua||malvina borges benfica|jardim ceu azul|38706177|10,-1861192,-4650364;15,5,24;19,0,-17;31,3,8;38,-10,2;45,7,7;50,-4,8;57,7,2;62,-13,9;67,9,-3;76,-7,12;88,-5,20;91,9,1;100,-6,3;103,3,10;115,1,9;127,1,9;136,-7,4;139,1,14;148,-4,-1;160,5,8;163,2,7;165,-5,14;325,-3,-5
rua||manoel simao borges|jardim itamarati|38702322|6,-1856203,-4652384;506,36,-10;516,12,-2;526,-3,-7;536,18,-3;546,12,-3;556,5,-2;566,11,0;576,6,-4;586,12,-4;596,5,-4;610,21,1;624,6,5;647,29,-4;648,1,11;660,4,5;661,6,-13;670,-5,12;671,17,-8;680,3,11;681,0,-14;690,5,15;691,11,1;700,-3,2;701,7,-3;710,-1,8;711,6,-10;720,2,11;721,10,-4;730,3,12;731,7,-11;740,-1,13;741,13,-11;750,-3,10;751,6,-6;762,6,10;763,-1,-6;787,25,7;796,9,18;806,10,-3;816,9,6;817,-5,-11;837,22,8;847,7,-3;856,2,11;857,11,-5
rua||marcelos simao basilio|eldorado|38705011|7,-1859929,-4650957;11,-321,-46;15,308,43;18,-2,-6;27,-12,6;28,6,-6;35,-12,4;38,12,-8;45,-21,6;55,-11,-5;68,-5,1;77,-4,0;89,-9,0;90,10,2;103,-24,-7;110,0,-5;111,-1,2;120,-13,-4;121,-3,10;130,0,-10;133,-7,0;136,-2,-2;140,-5,3;145,-2,0;150,-9,-3;157,-2,4;162,-7,-6;171,-13,-7;180,-6,1;183,-1,2;190,-10,0;193,2,0;205,-11,-2;212,-13,-2;215,5,2;257,-40,2;267,-13,-1;277,-10,-3;278,2,-4;287,-13,4;288,4,-8;300,-11,-6;307,-9,9;321,-14,4;347,-20,-4;357,-12,-1
rua||maria da conceicao borges|guanabara|38701096|15,-1858052,-4652642;27,1,0;31,8,-2;35,10,-2;45,8,-7;71,17,0;91,8,3;99,16,-7;103,9,-3;119,5,-6;129,6,-6;139,12,1;154,6,8;161,14,-11;166,1,2;169,6,-8;176,4,6;179,5,-8;181,1,-2;184,-1,6;191,13,-2;194,-1,1;203,13,-9;204,-3,10
rua||maria da conceicao de melo borges|planalto|38706320|5,-1863428,-4649764;6,-1,-3;16,-11,-3;25,5,9;26,-15,-6;35,6,8;36,-12,-6;45,0,2;46,-10,-3;55,1,5;56,-12,-5;65,5,9;66,-9,-9;75,-18,5;76,10,-6;85,1,9;86,-12,-11;96,0,0;101,-7,12;105,-14,-1;106,10,-9;115,-12,19;116,-4,-15;125,-13,7;126,6,-4;135,-12,7;136,4,-14;151,-21,8;165,-13,5;166,2,-4;175,-8,5;176,-1,-5;185,-10,4;186,-5,-6;195,-1,7;196,-5,-5;205,-4,6;215,-6,0;216,-11,-5;225,-3,7;226,-2,-9;235,-2,13;236,-8,-13;245,-8,9;246,2,-3;255,-14,7;262,5,-9;263,-12,9;272,3,-8;275,-14,7
rua||maria dores borges|jardim itamarati|38702324|7,-1856140,-4652305;17,12,-6;23,74,-12;27,-66,9;37,9,2;47,11,-6;57,-2,2;67,8,-7;88,23,4;89,14,-6;98,-2,14;108,10,-3;109,6,-10;118,3,9;119,10,-1;128,6,10;129,3,-5;138,-9,13;139,14,-8;148,4,4;149,1,-4;158,10,6;159,4,-5;168,1,18;169,6,-15;178,-2,10;179,13,-7;188,-8,7;189,9,-3;200,6,11;201,11,-8;249,45,21;259,6,0;269,9,3
rua||maria jose da cruz dona branca|alto da serra|38704092|10,-1857938,-4646512;15,-14,-22;25,-14,-10;35,-11,-1;45,-7,-4;55,-8,-4;65,-3,1;75,-8,-6;85,-4,-10;95,-4,-6;105,-17,-9;115,0,-3;125,-3,-5;135,-3,-13;145,-11,-12;185,-13,-34;195,-5,-9;205,-5,-9;215,-4,-10;225,-4,-7;235,-6,-6;245,-5,-7;255,-5,-6;265,-7,-12;282,-10,-21;287,5,5;292,-9,-12;297,3,2;302,1,-13;307,-7,1;312,6,-5;317,-6,1;322,-3,-11;327,-3,-1;332,-2,-4;337,-1,-1;342,-2,-10;347,-3,2;352,-2,-17;357,-5,2;362,4,-1;367,-9,-1;372,-3,-16;377,0,9;382,-3,-13;387,-4,-2;392,0,-4;397,-6,-2;402,1,-5;407,-3,-5;412,-3,-7;417,-2,2;422,0,-7;427,-6,-2;432,0,-7;437,-1,2
rua||miguel americano bicalho|cristo redentor|38700228|30,-1861095,-4651918;40,-6,-20;85,-10,-44;97,0,-13;103,-6,-11;119,1,-7;120,7,13;132,-1,-11;135,-8,-7;145,-5,-18;155,1,-5;181,-11,-37;192,7,2;194,-4,-10;204,0,-7;205,-6,5;215,-2,-13;218,7,-10;220,20,121;224,-33,-173;225,4,55;230,32,128;242,-50,-215;254,4,-11;272,-3,-11;276,-3,1;286,0,-18;300,-2,-12;304,-4,-13;310,19,81;311,-10,-4;321,3,-10;331,-1,-4;340,-5,-15;341,2,6;343,-3,-16;355,-2,-19;371,-6,-7;376,9,10;381,-9,-20;2965,66,319
rua||miguel americano bicalho|vila rosa|38700228|21,-1861223,-4652493;433,45,186;445,-7,-11;450,10,12;455,-8,-15;456,-21,-123;460,34,148;462,-7,-17;465,-9,-15;468,11,16;477,-11,-24;480,6,7;483,-13,-18;490,8,11;493,-7,-19;496,8,1;500,-2,10;501,-59,-259;502,60,248;503,-13,-10;517,-4,-15;520,11,6;527,-7,-13;528,7,-3;532,-2,4;534,-25,-111;542,24,99;546,2,5;551,-6,-7;555,-4,2;583,-21,-41;600,20,4;607,-10,-14;622,6,-4;624,2,-3;630,-6,-10;636,-3,-2;645,-9,-26;649,5,33;650,21,-34;652,-20,6;655,-8,-18;656,8,18;659,-5,25;667,-7,-49;669,9,30;670,-1,-24;671,0,25;672,5,-1;677,1,-37;679,-5,32;688,-2,-19;692,-4,-9;698,-2,-7;705,-7,-21;714,7,4;715,-13,-21;724,3,9;727,-3,-17;738,10,8;740,-11,-12;741,-4,-9;753,-6,-22;754,9,21;764,-1,-13;774,0,-8;787,-2,-4;789,1,28;790,44,86;800,-45,-121
rua||octavio borges|abner afonso|38702104|12,-1857459,-4650641;22,-2,-7;32,2,-4;42,-2,-6;52,0,-23;62,-1,-3;72,0,-11;82,0,-4;92,0,-19;102,1,-6;112,2,-11;122,-1,-11;134,-2,-6;138,-2,-11;148,2,-1;158,0,-8;168,0,-12;178,1,-11;188,1,-16;198,1,-10;208,1,6;218,-1,-26;238,2,-16;258,-7,-16;266,-1,-2;272,-1,-10;290,7,-12;308,2,-15;318,-6,-6;328,1,-14;338,1,-9;348,5,-9;358,-1,-6;368,1,-4;378,2,-18;388,-4,-14;398,-8,-3;414,3,-17;424,6,-10;434,-2,-5;444,0,-17;454,1,0;464,1,-15;474,4,-13;484,-3,-4;494,-3,-9
rua||octavio borges|aurelio caixeta|38702104|9,-1857477,-4650595;13,-2,6;15,9,-15;39,-4,-18;61,1,-6;227,6,-159;237,2,-8;311,15,-48;315,-13,-8;321,-2,-6;327,1,-6;347,1,22;377,-2,-74;391,-1,-3;401,-4,-10;405,2,-5;432,0,-39;436,8,-7;440,-8,-10;445,3,12;485,-4,-48;491,0,-5;493,2,-1;495,-3,-5;497,14,2;509,-8,-5;521,1,-35;525,-1,-3
rua||octavio borges|bela vista|38703104|4,-1857469,-4650610;6,-1,12;8,-7,22;10,4,-15
rua||octavio borges|caicaras|38702104|522,-1857404,-4651117;579,-57,-20;604,16,8;616,-13,-11;627,-8,-17;670,7,-73
rua||octavio borges|vila garcia|38702104|5,-1857477,-4650556
rua||olimpio borges|lagoa grande|38700166|30,-1859840,-4651872;34,-4,2;56,-36,9;64,5,0;66,-10,0;74,20,-13;78,-30,12;130,-34,2;131,-17,16;140,-2,-57;142,-3,41;145,-7,18;155,-18,0;158,4,-7;170,-5,1;180,-8,3;200,-7,3
rua||oscar bonfim|jardim california|38703064|514,-1858317,-4650246;526,10,0;550,15,17;562,16,10;582,12,13
rua||oscar bonfim|valparaiso|38703064|20,-1858716,-4650424;40,61,20;43,-37,-18;55,7,-1;77,14,18;78,6,3;79,-5,0;148,59,24;151,7,-5;156,251,113;160,-245,-100;163,1,-13;172,9,18;175,0,-8;187,9,-1;188,2,12;199,10,-13;200,0,16;257,59,16;270,0,8;281,23,2;282,-13,0;306,20,14;307,2,-6;319,12,1;327,3,5;361,26,9;376,26,16;379,-4,-8;393,5,2;400,13,11;405,4,-4;421,13,8;422,2,5;424,-10,-8;433,20,7;436,-34,-8;451,54,14;453,-2,-1;515,36,23;519,1,2;563,5,2;565,27,25
rua||ouro branco|distrito industrial ii|38706735|115,-1862684,-4647197;155,-45,24;285,107,-93;1055,271,-4
rua||pau brasil|morada do sol|38703672|2,-1857170,-4648694;9,2,12;12,-9,-10;19,-1,7;22,-8,-5;29,-5,6;32,-5,-8;39,3,8;42,-7,-7;49,-8,6;52,-8,-6;59,5,5;62,-9,-6;69,-8,8;72,2,-5;79,-5,4;82,-11,-4;89,-3,4;92,-6,-3;99,1,5;102,-11,-9;109,3,9;112,-6,-8;119,-6,5;129,-8,3
rua||pedro pereira braga|lagoinha|38701055|21,-1857840,-4652262;35,14,2;43,23,12;45,-19,-6;101,49,10
rua||rio branco|brasil|38700384|18,-1859799,-4653041;23,1,-5;25,-4,2;26,6,-2;37,-4,-4;38,3,-3;45,-3,-10;48,4,6;57,-3,-13;58,1,-2;65,-7,-10;68,3,3;71,-4,-7;78,1,-10;79,-3,-1;89,0,-4;91,-4,-15;92,4,15;102,-1,-6
rua||rio branco|sobradinho|38701110|30,-1858558,-4652018;33,-2,-8;108,56,-40;147,-26,10;184,75,-54;233,2,-9;261,6,-3
rua||romao goncalves borges|coracao eucaristico|38701716|6,-1856325,-4654204;7,-11,3;15,-5,-1;16,6,-7;25,-11,1;26,5,-4;35,-14,-7;45,-9,-1;55,-4,-4;59,-8,-4;65,-2,-5;66,0,-2;75,-13,-4;76,8,-1;85,-15,-2
rua||rufino caldeira brant|bela vista|38703244|3,-1857293,-4650563;15,20,5;27,3,0;36,19,9;39,-7,-9;50,15,5;53,-1,-5;61,10,3
rua||rui barbosa|conego getulio|38700196|72,-1859783,-4651250;121,-22,-48;125,-1,-2;129,-2,-13;215,-13,-46;220,1,-60;240,-11,-27;250,-5,-7;255,-1,2;261,8,35;277,-4,-19;353,30,173;467,4,3;646,-25,-145
rua||rui barbosa|conego getulio|38700327|166,-1859805,-4651335;184,1,-30
rua||rui barbosa|lagoa grande|38700196|321,-1859844,-4651538;363,-14,-22;367,-1,-20;405,0,-33;479,-27,-64;491,-1,-10;495,-2,-2;508,8,24;512,1,-29;516,-3,14;517,-4,-19;519,-2,-9;520,5,25;542,4,-27;550,-9,-25;568,-1,-13;569,-8,14;581,-3,-18;588,8,-14;593,-6,-10;595,-14,-54;598,16,57;601,-2,0;603,-19,-55;604,25,56;607,-28,-75;629,0,-30;651,-18,-13;669,-1,-54;689,0,12;705,-3,-14;709,43,152;733,-15,-79;746,1,11;756,-1,-4;760,-17,-19;770,-4,-4;774,12,-7;801,-18,-66;815,12,69;817,-17,-78;819,23,119;825,-7,-54;827,-19,-72;835,18,42;839,-32,-71;847,7,-10;849,-10,3;857,6,-14;871,11,40;875,-12,-47;876,18,52;881,-10,-13;1065,-41,-239;1071,-7,17;1077,3,-8;1187,-14,-44;1195,1,-2;1197,-18,-13;1207,25,38;1245,-10,-52;1246,6,6;1250,2,-6;1255,-15,-1;1260,11,-13
rua||rui barbosa|lagoa grande|38700327|897,-1859959,-4652071;898,86,10;923,-97,-21;925,-3,-6;950,7,-25;960,-3,-3;962,-1,-5;964,3,11;970,-5,-21;972,105,67;978,-105,-71;980,5,15;984,3,35;1019,-28,-98;1024,2,9;1040,-3,-20;1060,13,28;1089,-14,-18;1097,-1,-8;1100,6,-36;1122,11,43;1182,-19,-49
rua||rui barbosa|santa terezinha|38700327|1201,-1860021,-4652340;1209,-8,-16;1219,-2,-6;1297,-1,-15;1306,15,19;1309,-20,-27;1313,-16,-73;1320,33,97;1323,-32,-108;1325,15,76;1328,10,51;1330,5,-34;1335,-16,-33;1337,-3,-5;1339,-15,-62;1340,33,97;1345,-31,-103;1350,6,-3;1352,15,63;1354,-15,-60;1355,-10,-12;1362,28,86;1370,-10,-41;1375,-25,-73;1385,-3,-12;1387,0,-3;1389,-11,1;1400,35,62;1425,-17,-32;1453,-14,-74;1463,7,10;1470,-2,-12;1473,-7,-7;1477,-1,-12;1484,17,93;1495,-18,-93;1496,19,87;1506,2,-13;1532,-2,-67;1536,-22,-45;1544,8,42;1560,-2,-25;1561,0,-14;1591,-16,-10;1605,-2,-10;1606,3,-6;1609,-6,-4;1610,5,6;1614,-4,-60;1620,7,50;1624,-15,-64;1625,5,50;1627,-12,-45;1630,15,51;1634,-10,-62;1636,6,54;1637,-1,-6;1639,-10,-44;1644,3,-12;1690,-11,-46;1691,6,32;1700,-6,-41;1707,-4,-25;1718,1,18;1723,-3,38;1733,-2,-16;1745,-5,-10;1759,-2,-5;1773,1,-8;1801,0,-49;1807,-3,-3;1815,0,-17;1830,32,103;1833,-39,-125;1850,10,8;1910,7,44;1928,-1,-4;1932,2,-18;1936,0,0;1940,-9,-4
rua||sergio cruvinel borges|aurelio caixeta|38702084|18,-1857525,-4651000;25,-17,1;53,50,-1;60,-2,8;67,12,-6;80,3,6
rua||severino jose brito|residencial sorriso|38701662|10,-1856511,-4654068;114,-101,8;132,32,35;344,-78,226;364,2,-1
rua||severino jose brito|sorriso ii|38701662|235,-1856580,-4653927;257,-5,17;267,-7,7
rua||theodorico borges|planalto|38706323|116,-1863070,-4649619;162,-33,-26;164,-6,-12;166,-10,-9
rua||ziquinha branco|campos eliseos|38706278|19,-1861985,-4649309;22,4,-5;27,5,-2;29,1,-1;41,11,-9;50,17,4;51,-5,5;52,2,-1;55,2,12;60,7,-20;70,15,-1;71,-4,-3;80,8,0;90,13,0;91,-11,-11;95,0,2;120,36,1;121,-18,-20;131,21,12;134,7,9;145,4,-12;178,32,6;190,1,-6
sede||fazenda abelha b|pindaibas|38715000|29,-1867450,-4629954
sede||fazenda do bigode|posses e curraleiro das posses|38709899|23,-1845834,-4657026
sede||fazenda santa barbara|posses e curraleiro das posses|38709899|1212,-1855343,-4656941
serra||dos bento|bom sucesso|38709899|1,-1858757,-4597722
sitio||abelha de baixo|pindaibas|38715000|120,-1866595,-4628765
sitio||fazenda sao bartolomeu|campo alegre|38702267|1,-1888515,-4640358
subida||fazenda santa barbara|posses e curraleiro das posses|38709899|3949,-1854843,-4656817
travessa||joaquim sebastiao borges|vila garcia|38703182|29,-1858127,-4650786;30,-10,6;41,4,-16;42,-5,7;54,1,-18;55,-2,2;62,-2,-33;70,4,22;73,-4,-5;88,1,-8
travessa||victor barcelos|centro|38700138|17,-1859006,-4651856;29,6,-9;34,-1,5;44,11,-2;45,1,-5;48,26,3;54,-10,0;69,9,-4;88,16,2;111,23,-16
vila||b|cristo redentor|38700165|1423,-1860552,-4651625
