avenida||dos ipes|flores|36544000|1,-2087724,-4298439;103,-119,20;105,21,-7;113,74,-21;119,-66,21;123,-39,14;129,-56,42;315,368,-50;325,-1,-4;830,-98,-12
avenida||freitas castro|centro|36544000|1,-2087397,-4298126;2,-4,7;4,12,6;13,11,8;18,-32,-39;19,29,41;42,-25,-30;56,-14,-10;64,-2,-9;70,-1,1;76,6,15;78,-16,-2
beco||do inconfidente|sao sebastiao|36544000|6,-2087344,-4298552;7,40,6;53,-85,-16;60,97,23;70,-118,-23;110,65,14;130,-21,-4;135,-8,1;167,-32,-11;169,-7,5;188,60,17;261,56,-1;4450,0,-4
beco||sem denominacao 1|chacara|36544000|23,-2085996,-4296931;78,-9,1
beco||sem denominacao 1|sao sebastiao|36544000|25,-2087255,-4298563;33,-41,-5;35,10,6;69,-19,-8;71,19,9;72,7,1
beco||sem denominacao 2|chacara|36544000|72,-2086087,-4296879
beco||sem denominacao|capelinha|36544000|4,-2087453,-4297788;40,-2,-1;42,-8,-6;45,23,8
beco||sem denominacao|centro|36544000|40,-2087489,-4297903;230,22,3;244,-12,1
beco||sem denominacao|sao sebastiao|36544000|60,-2087286,-4298624
beco||tiradentes|sao sebastiao|36544000|6,-2087363,-4298449;14,-16,-8;15,-2,6;29,-8,-21;41,-2,0;87,11,11
comunidade||alto da serra|alto da serra|36544000|12,-2094005,-4294362
comunidade||do macuco|macuco|36544000|5,-2077661,-4302550;10,132,-660;12,-94,86;13,1343,1389;16,101,-512
comunidade||morro do jaca|morro do jaca|36544000|30,-2078856,-4303382
corrego||dos fagundes|morro do jaca|36544000|3,-2078585,-4302105
corrego||fundo|corrego fundo|36544000|8,-2078938,-4300064;17,1093,-438;19,-712,-352
corrego||pica pau|comunidade dos barros|36544000|3,-2083698,-4290919;195,-39,-20
estrada|agricultor|airoes para paula candido|cachoeira|36544000|4,-2082878,-4297670
estrada|sao|mateus de baixo|sao mateus de baixo|36544000|1,-2089245,-4293996;5,-442,1086;8,-460,-379;9,1232,-984;12,-1360,968;14,1521,-628;16,-92,73;17,-102,118;18,1,2;19,-59,48;25,-134,29
estrada|sao|mateus de cima|ribeirao sao mateus|36544000|1,-2090722,-4294482;10,136,-9;11,-76,-22;13,-96,-59;15,-45,-62;16,-43,-14;17,37,-49;20,7,-148;25,-216,-279;28,-15,66;29,-59,-20
estrada|sao|mateus|ribeirao sao mateus|36544000|16,-2091561,-4294681;21,733,-194;25,880,265
estrada||4b p entoncamento pau can cruz|quatro barras|36544000|10,-2082420,-4301517;17,336,223;18,60,78
estrada||aeroes para paula candido|retiro|36544000|2500,-2083174,-4296609;3000,-746,-125
estrada||airoes para o corrego do meio|corrego do meio|36544000|11,-2081695,-4295757;12,-17,2;17,-295,1339;18,1,0
estrada||alto da serra|alto da serra|36544000|2,-2091240,-4297697;10,-1337,1255
estrada||bela vista para cachoeirinha|bela vista|36544000|6,-2090716,-4303087
estrada||boa vista para macena|boa vista|36544000|8,-2092517,-4303524;13,-404,281
estrada||boa vista para paula candido|dona antonia|36544000|3,-2084581,-4299735;12,895,77;13,-3,4;18,-905,289
estrada||braga para paula candido|braga|36544000|2,-2079711,-4301565;11,-1299,633;28,1266,-606
estrada||bragas cruzes|bragas cruzes|36544000|5,-2080026,-4302349;7,-162,-8;8,44,-127;10,521,842;15,-40,-553;28,396,-1258
estrada||cabecudo para corrego fundo|corrego fundo|36544000|9,-2079576,-4300658;11,1270,606;12,170,-145;17,297,-320;18,-423,159
estrada||cachoeira para corrego fundo|corrego fundo|36544000|10,-2079916,-4298774;18,-68,228
estrada||chacara para mg 280 vicosa p c|chacara|36544000|23,-2085760,-4296865;24,-122,-77;26,92,106;30,10,-55;89,-339,-439;98,271,383;99,11,10;100,14,17;105,77,15;106,8,-12;112,45,32;2420,-83,11;2465,24,6;2488,37,17;2570,219,361;2585,13,8;2590,-1,18;2780,32,-46;2790,-220,-332;2830,-38,-18;2895,-9,-25;2945,-61,-6;2955,43,-14;3030,-104,-80;3980,-84,-54;3990,-1,3;4000,-9,-29;4030,-3,-13;4040,-4,-15;152942,185,207
estrada||comunidade do taquarasu|taquaracu|36544000|5,-2087037,-4291130;3280,-370,17
estrada||corrego dos mota|taquaracu|36544000|1,-2086670,-4291513;2,25,-21;5,-41,-119;6,36,-36;7,40,-51;9,15,-130
estrada||corrego fundo para lamin|corrego fundo|36544000|4,-2079450,-4299227;6,1150,-102;7,1146,-201;9,-2378,356;15,3059,-586;17,-1349,531;24,-572,-72;396,-1050,77
estrada||dentro do buieie|comunidade do buieie|36544000|222,-2082832,-4289345;22223,-4,4;1955050,356,-342
estrada||dentro dos barros|comunidade dos barros|36544000|3,-2084192,-4293279;6,113,737;9,223,-668;11,-9,-4;18,121,-133;23,426,1039;34,125,37;35,-21,-5;36,8,-9;38,-9,1;39,-93,-30;40,2,8;47,-617,-537;51,554,133;53,19,-17;54,-22,-27;56,-9,-75;66,-181,408;67,59,-85;72,-50,-68;82,211,-212;89,-300,240;90,2,61;91,-22,6;93,-327,211;94,329,-193;95,28,3;96,-1,0;97,-11,-19;98,30,20;99,4,-12;128,36,-640;205,-37,616;2550,49,-47;3738,271,260;3800,-441,-1325;4020,-120,628;4206,-21,-272
estrada||do asfalto para o corrego do meio|ponte santo antonio|36544000|4515,-2083551,-4294219
estrada||encadeado para paula candido|sitio da onca|36544000|20,-2087603,-4301426
estrada||encadeado|encadeado|36544000|12,-2084671,-4303802;24,3032,-645;25,34,126;26,22,54;28,-1135,-228;30,-143,90;32,658,772;35,-862,-532
estrada||estrada dentro do barros|barros|36544000|1190,-2083369,-4292244
estrada||estrada dentro do barros|comunidade dos barros|36544000|1,-2083831,-4291974;2,36,164;3,-22,-32;4,21,59;5,-40,-20;6,25,-226;10,137,-165;19,-36,508;57,270,-549;126,-103,25;1040,182,-27;1145,-12,1;1220,-8,-2;1302,-53,6;1623,-56,-50;1650,-12,0;1670,-21,7;1822,36,-8;1850,-373,332;2000,62,257;4589,256,-602;4590,-2,4;4601,-10,15;4645,-5,31;4750,-70,49;4751,3,-6;4795,-24,7;4958,-55,8;4959,4,3;4960,0,1;4970,-26,4;4971,9,2;4972,-3,-4;5000,-11,0;5030,45,1;5100,-99,23;5940,10,-1;6005,55,-23;6049,56,-6;6050,3,5;8035,135,-31;8040,9,-2;14600,-36,-61
estrada||fonseca para taquaracu|bandeirinha|36544000|2,-2087065,-4294484
estrada||fonseca|fonseca|36544000|1,-2086905,-4295592;5,402,-266;6,-19,12;7,8,-12;8,-392,260;12,309,-179;14,28,-31;23,-57,62;24,18,-30;28,-22,-3;29,-2,19;35,4,-17;60,91,-57;2040,-109,82;2100,-8,20;3050,38,-38;3200,35,-23;3201,-4,9;3202,11,-7;3350,36,-41;3470,44,-26;5500,-8,0
estrada||gueira deus a paula candido|queira deus|36544000|16,-2091681,-4300991
estrada||gueira deus para belem|belem|36544000|1,-2091550,-4301763;5,-593,-534;12,-901,-28;14,1087,676;16,-367,-13;17,113,-17
estrada||igreja corrego fundo pra braga|corrego fundo|36544000|1,-2078716,-4299671;3,0,-298;6,-1,-95;27,169,533
estrada||macuco para corrego fundo|chacara|36544000|17,-2077033,-4301335;22,-451,-165;23,-77,55
estrada||macuco para corrego fundo|macuco|36544000|3962100,-2077319,-4301468
estrada||macuco para cruzes|macuco|36544000|4,-2077578,-4302524;5,-88,-24;7,27,-53;8,6,-67;10,105,-543;12,-100,78
estrada||macuco para lamin|herdeiro|36544000|1,-2075725,-4299739;2,-548,-462;4,68,-101;6,-4,-245;7,-274,102
estrada||macuco para lamin|lamin|36544000|5,-2076858,-4298332
estrada||macuco para lamin|macuco|36544000|5,-2076091,-4300402;6,-118,-145
estrada||mata para 4barras|mata|36544000|22,-2083158,-4301682;24,-305,490;26,484,-354;27,-915,539;28,2,-1;29,482,-488;32,130,-223;34,-172,151
estrada||mg 280 barros|barros|36544000|5,-2082992,-4292927;6,27,46;10,-44,50;11,-124,718;12,19,-233;14,-26,148;16,15,74;17,95,-863;32,-131,623;34,204,-423;91,-190,616;105,226,-965;129,-232,930;131,6,57;133,20,72;195,1,-64;534,-15,3;1619,32,-320;3121,-48,204;5948,305,-687;5949,15,16;5950,12,14;5999,-6,-211;1955359,-542,746;1955363,3,-14;1955370,93,3
estrada||mg 280 bom jardim|bom jardim|36544000|12,-2082968,-4290066
estrada||mg 280 colonia|colonia|36544000|1,-2085043,-4294530;3,-32,-14;7,-879,960;10,439,-848;11,-654,977
estrada||mg 280 paula candido a vicosa|comunidade dos barros|36544000|17,-2083057,-4292915;195,-95,700;5795,214,-612
estrada||mg 280 paula candido a vicosa|fazenda rocio|36544000|1,-2084952,-4295027;2,-274,-9;3,16,36;4,-4,-2;26,831,51;95,258,36;1380,-8,1
estrada||mg 280 paula candido a vicosa|ponte santo antonio|36544000|13,-2083616,-4293954
estrada||mg 280 vicosa a paula candido|fazenda rocio|36544000|10,-2085706,-4295910;1000,-8,38
estrada||mg 280|centro|36544000|2,-2087479,-4297396;4,-10,4;11,-9,-39;20,0,-27;69,-6,17;81,10,15;105,7,21;361,-1,-80;379,12,110
estrada||mg 280|primavera|36544000|190,-2087312,-4297203;250,213,5
estrada||miranda para pinhao|pinhao|36544000|6,-2088862,-4302779
estrada||morro do jaca para paula candido|morro do jaca|36544000|20,-2079404,-4302775;26,77,-157;85,104,-103
estrada||morro dos correias para paula candido|correias|36544000|6,-2084826,-4299760;10,236,-1751
estrada||paiol forte|paiol forte|36544000|1,-2085481,-4292366;4,-77,-78;7,-48,-152;9,140,3;10,0,-7
estrada||para canteiro|sao sebastiao|36544000|31,-2087264,-4298879;45,-19,-11;325,-134,-137
estrada||para fazenda velha da reserva|airoes|36544000|287,-2081422,-4295868
estrada||para lambari|airoes|36544000|14,-2081036,-4296208
estrada||para presidente bernardes|sao sebastiao|36544000|11,-2087233,-4298768;78,174,-125;301,17,7;337,16,-29;514,29,1;2940,-32,50
estrada||para vicosa|fazenda engenho|36544000|13,-2086589,-4296212
estrada||paula candido a presidente bernardes|garapa|36544000|2650,-2086557,-4299668;2660,-3,-11;2670,-4,-12;2680,4,-4;2720,-7,-17;2730,-1,-23;2760,-5,-25;97250,119,-279
estrada||paula candido a presidente bernardes|ponte da onca|36544000|3,-2086425,-4300127;97800,898,8
estrada||paula candido a presidente bernardes|sitio corguinho|36544000|1,-2086634,-4299288
estrada||paula candido a presidente bernardes|tres pontes|36544000|4650,-2082269,-4298811
estrada||paula candido pr alto da serra|alto da serra|36544000|1,-2094309,-4294801;57,139,-454
estrada||paula candido pr alto da serra|graminha|36544000|12,-2092221,-4297554;14,-211,148;16,31,14;19,-318,379
estrada||pinhao para queira deus|pinhao|36544000|8,-2088796,-4301061
estrada||quatro barras paula candido|araca|36544000|17,-2082452,-4299873
estrada||quatro barras|araca|36544000|3,-2079746,-4301528;14,-1591,544
estrada||quatro barras|dona antonia|36544000|4,-2084661,-4299706
estrada||quatro barras|mata|36544000|31,-2083361,-4301706;34,-91,138
estrada||quatro barras|quatro barras|36544000|5,-2082244,-4301500;6,-9,-4;10,1131,12;11,-2002,-175;16,-206,-1488;18,1244,1859;27,-1991,-40
estrada||recua para airoes|recua|36544000|12,-2079159,-4295796
estrada||reserva ponte santo antonio|reserva|36544000|18,-2081527,-4292750
estrada||sitio bom jardim mg 280|buieie|36544000|1,-2082858,-4289923;2,4,-10;3,-19,-15;4,-7,-6;5,3,4;7,-62,-97;8,45,-288;10,-82,-482;11,2,-12;12,5,-7;14,-135,-539;1953751,54,530
estrada||sitio pica pau|comunidade dos barros|36544000|1,-2084010,-4290662;2,154,-141;2503,142,-142;2740,-271,216
estrada||souza|belem|36544000|10,-2092878,-4302326
estrada||tangue grande para bagaceira|bagaceira|36544000|1,-2092828,-4298360;12,-2669,1359;495,58,351;6255,304,812;650102,-305,-813
estrada||tanquin para macuco|macuco|36544000|13,-2076294,-4301724;14,13,-60
estrada||taquaracu|taquaracu|36544000|2,-2087428,-4293350;5,-434,1530;13,-404,54
estrada||timbo para braga|timbo|36544000|3,-2078586,-4302106;5,132,33;8,-997,583
morro||do cruzeiro|treze de maio|36544000|30,-2086996,-4298440
praca|doutor|celso machado|sao sebastiao|36544000|1,-2087260,-4298474;9,2,48;14,11,-28;16,-109,254;18,-5,-5;29,159,-308;36,-36,82;38,17,-13;40,-50,24;42,16,-23;43,-2,26;44,30,-18;58,8,-20;76,1,-15;84,0,-4;94,0,-6;104,10,-6;115,-50,-15;120,49,-4;149,-44,-21;152,30,7;168,-9,-1;172,-6,-1;188,-14,-7;526,-8,37;527,-4,3;565,27,-26;566,4,-14;571,0,36
praca|doutor|jorge teotonio teixeira|andorinha|36544000|5,-2087119,-4297996;11,2,2;23,22,-12;39,-2,25;55,22,6;65,9,8;142,-20,-13
praca|monsenhor|licinio fernandes de oliveira|centro|36544000|1,-2087384,-4298043;8,-3,20;10,-5,-70;18,8,87;26,12,2;30,7,2;42,-43,-65;50,0,11;72,-17,7;76,4,0;82,-12,10;90,3,14
praca|sao|sebastiao|sao sebastiao|36544000|262,-2087267,-4298777;272,6,-10;287,-18,11;343,5,-2
praca||do rosario|capelinha|36544000|39,-2087433,-4297792;183,-17,-30
praca||do rosario|centro|36544000|83,-2087392,-4297758;101,-19,-18;106,18,-12;235,-47,-39;243,11,11;261,53,-8;301,5,22
praca||nossa senhora das dores|airoes|36544000|8,-2081272,-4295718;14,105,-26;57,-47,31;135,-28,5;136,63,-26;147,30,-9;148,41,-17;236,46,-19;4030,-20,5;4040,2,-1
rodovia||mg 280 paula candido divinesia|graminha|36544000|13,-2091562,-4298346;493,-82,131;5450,-451,-129
rodovia||mg 280|graminha|36544000|5450,-2092098,-4298316
rua|capitao|joao lourenco|sao sebastiao|36544000|10,-2087273,-4298408;11,-4,-5;16,-1,12;19,0,3;22,-2,8;30,2,2;31,3,-28;32,-60,116;38,58,-80;39,1,3;43,2,-51;46,-11,57;53,15,-61;58,-20,70;63,19,-82;68,-25,86;78,-7,13;82,-5,5;89,21,-22;94,-29,27;104,-3,7;116,-5,6;122,-11,12;132,-1,1;140,-1,6;151,-6,6;163,-5,9;166,-15,-1;171,6,9;185,-7,-2;186,-19,-10;187,5,10;189,-9,-11;196,-2,-5;206,-14,-11;210,-5,-3;218,-9,-20;229,8,24;234,1,-25;239,5,20;257,1,-18;258,-13,-18;269,8,13;270,-13,-29;273,18,33;279,-5,-10;284,-13,-25;286,-2,-3;296,-4,-15;316,-5,-11;326,-4,-26;346,-8,-8;350,-1,-5;366,-5,-22
rua|capitao|jose maurilio valente|sao sebastiao|36544000|10,-2087272,-4298328;12,-10,9;14,42,-87;16,-116,205;18,-6,-7;19,76,-74;20,-7,1;22,-45,81;28,21,-2;30,83,-207;36,-6,-13;44,-50,116;46,40,-97;50,-83,207;51,-12,-14;71,5,6;78,58,-137;80,-23,137;90,11,-3;102,-2,-26;113,-12,24;128,13,-26;134,1,-6;135,7,9;143,-5,-20;154,4,-11;163,-17,-7;165,4,-9;170,13,1;180,-12,-14;183,19,-6;188,-11,3;189,5,13;194,4,-15;195,-4,-18;285,41,-61;286,-8,-2;292,0,-10;305,16,-5;315,23,-17;811,-50,38;5440,16,-15
rua|capitao|jose valente|flores|36544000|8,-2087370,-4298228;12,-7,16;14,28,0;16,-33,-20;17,9,8;32,-11,-19;37,6,1;45,-19,-3;65,-14,8;71,-4,-19;78,-2,1;94,-11,-14;106,-10,-14;117,-4,7;120,-5,-11;125,-3,-1;130,-4,-7;133,0,4;143,-12,-9;144,5,-4;158,0,-11;166,-12,-7;167,2,-13;174,-2,7;185,-15,-18;194,4,4;203,-4,2;206,8,-7;209,-12,-6;214,2,-2;226,-1,-12;229,-13,-12;234,8,-3;241,-15,5;244,8,-3;251,-4,-12;261,-4,-7;264,1,-8;283,-22,-5;284,10,-3;288,-13,-8;306,3,-3;822,34,58
rua|capitao|martinho|centro|36544000|10,-2087473,-4297560;20,55,-99;21,5,-2;22,-2,7;33,-27,44;35,-8,-18;93,52,-134;99,-5,22;110,-1,5;122,7,8;130,-9,6;133,-5,0;136,2,8;146,-3,13;156,6,9;157,-16,-16;163,-2,7;164,10,15;165,-17,-10;171,-20,-4;172,30,15;181,-28,-44;185,21,62;186,5,-1;210,-17,24;230,2,14;247,-7,12;252,-17,4;256,6,28;267,2,-13;268,0,22;276,-5,9;277,0,-15;280,0,15;287,0,-5;297,-17,5;311,-6,15;320,11,23;321,-12,-3;333,-5,14;350,9,7;351,-3,4;460,-16,54;1300,74,-188;2410,22,-89
rua|dona|clotilde de melo|sao sebastiao|36544000|3,-2087297,-4298472;15,-90,-33;37,78,35;59,5,-4;69,-37,-6;75,61,15;79,-60,-18;89,-13,4;101,-17,-4;108,6,-7;111,-12,2;131,-16,-1;137,-4,0;141,0,-1;142,9,-20;151,-8,19;152,0,-28;159,10,8;160,-1,-17;161,0,-8;162,-8,0;323,79,60
rua|maestro|jose izabel|sao sebastiao|36544000|32,-2087288,-4298763;54,-22,12;70,-11,5;90,-12,18;135,-21,29;140,-5,2;145,12,-15;148,4,8;155,-7,9;160,12,-2;167,-8,4;177,0,7;180,3,2;357,-114,27;388,97,-35;9610,71,-68
rua|monsenhor|lisboa|centro|36544000|7,-2087376,-4297826;25,-6,30;115,16,-293;131,5,11;137,1,14;145,-1,11;149,-3,11;167,6,4;179,11,11;189,-10,9;195,2,5;201,2,11;211,-2,5;251,8,23;261,8,10;271,-12,10;281,-6,19;291,1,0;309,4,10;323,-4,15;333,-1,10;349,-13,25;357,8,4;375,-11,22;385,13,10
rua|monsenhor|raimundo goncalves|centro|36544000|2,-2087260,-4297649;4,-71,208;11,90,-244;21,-12,44;87,-7,17;99,-22,55;100,0,2;105,9,-21;107,-1,2;124,-11,23;125,-1,9;138,-16,58;139,-8,-4;155,7,-14;156,53,-149;158,-39,116;215,-19,58;285,-18,58;295,-10,14;2450,42,-109;2470,3,-24;2472,8,-1;2540,24,-81;2600,9,-40;4280,-80,264
rua|nossa senhora|aparecida|capelinha|36544000|2,-2087463,-4297772;3,-5,-3;12,12,5;25,-143,-52;26,149,52;34,-28,-9;45,-14,1;52,12,-2;61,-19,-8;62,8,6;66,-8,0;72,-7,-2;73,-4,-7;76,-3,-2;82,-1,5;83,-3,-2;88,-10,-9;93,0,-3;98,-6,6;100,-3,-4;103,-6,-2;113,-7,4;114,6,-3;118,2,-2;125,-21,-2;132,5,-3;135,-11,1;141,-5,-5;142,1,8;151,-14,-11;161,1,-2;162,1,5;183,0,2;189,108,26;1541,-39,-15;3370,20,20
rua|nossa senhora|da consolacao|airoes|36544000|6,-2081062,-4295904;7,3,-7;8,0,1;9,7,1;10,3,4;13,113,-4;14,21,-3;18,-39,0;22,-148,2;23,0,0;30,195,-5;50,-17,3;58,-4,0;70,-9,2;86,-9,-1;104,-26,-1;120,-16,-2;132,-4,2;169,-41,5;190,-31,-13;207,-10,14;210,9,-5;222,-16,2;5500,121,-3
rua|padre|antonio mendes|centro|36544000|29,-2087279,-4297682;30,3,-18;73,-17,58;74,3,2;83,-4,1;85,-1,9;97,-4,8;110,2,-12;113,-8,22;144,-4,1;173,-12,57;177,1,-23;189,3,13;209,-16,39;211,-1,-6;213,2,-7;220,-8,22;221,0,8;233,1,7;244,-7,5;250,-3,18;253,8,-13;265,-4,19;275,-6,7;279,-5,6;285,0,14;300,-29,-8;312,20,7;325,4,12;335,-6,10;3800,13,-42;5160,61,-194;5280,-11,33
rua|padre|rodrigues tadeu|sao sebastiao|36544000|4,-2087247,-4298677;12,7,-17;18,-1,-3;20,5,-7;28,8,-15;34,72,-81;44,-67,65;45,55,-84;47,-59,102;50,115,-136;53,-47,47;57,-58,62;59,10,-21;64,53,-43;70,-56,59;78,113,-125;80,-111,116;88,5,-24;100,3,9;118,19,-9;121,-19,13;126,22,-17;128,-3,-15;140,4,-13;154,25,-36;159,-16,37;168,19,-41;211,9,1;214,-60,57;221,77,-60;225,18,-3;237,-16,6;239,-80,79;240,90,-84;259,3,2;2555,-11,2
rua|professor|samuel joao de deus|centro|36544000|15,-2087360,-4297885;16,27,0;29,1,3;30,24,-29;40,-20,32;46,0,10;49,9,-4;50,10,-14;59,6,12;60,0,5;71,15,-4;86,6,4;91,3,-4;180,80,8;655,-140,-15
rua|santa|barbara|airoes|36544000|6,-2081027,-4295660;7,-31,-53;8,21,38;333,3,11
rua|santa|cruz|airoes|36544000|6,-2081298,-4295604;22,31,-71;23,-22,50;27,32,-64;41,-8,17;49,6,12;71,-17,10;84,15,-39;85,-6,20;89,-18,44;94,-22,29;100,14,-14
rua|santa|luzia|airoes|36544000|6,-2080937,-4295681;7,4,2;8,-12,1;92,7,0;4510,-28,11;4545,49,-13;4550,8,-4
rua|santa|rita|airoes|36544000|1,-2081027,-4295773;3,-34,-90;8,-21,-36;11,78,181;15,-26,-72;16,-3,-13;18,26,69;20,-67,-159;27,7,13;149,46,106;179,5,22;189,3,11;190,-3,-6;225,3,5;235,18,62;239,0,-15;249,5,8;263,9,21;266,-10,-9;276,0,7;4210,-5,-24;4285,10,10;5255,-80,-196
rua|santo|agostinho|airoes|36544000|5,-2081037,-4295699;6,-2,1;8,81,-37;27,75,-25;78,-68,26;87,-20,4;88,-1,3;97,7,-8;108,2,8;117,11,-13;184,64,-15;206,21,-9;4825,-74,20
rua|santo|antonio|airoes|36544000|2,-2080893,-4295823;7,-14,5;17,-109,52;18,11,-10;20,13,-2;21,9,-6;22,4,4;23,15,-8;71,-15,-1;180,61,-22
rua|santo|expedito|primavera|36544000|56,-2087144,-4297294;83,80,-7;143,-66,4;179,-23,2;191,-35,-3;215,-3,-1;1300,15,-4;1301,-6,-1
rua|sao|bartolomeu|airoes|36544000|5,-2080887,-4295896;6,7,-7;11,0,0;20,-6,-4;35,13,24;91,3,72;111,0,39
rua|sao|bento|treze de maio|36544000|15,-2086969,-4298382;16,3,9;22,9,13;24,2,4;33,5,-18;39,13,20;49,11,-3;51,9,-1;69,2,9;79,11,4;91,18,12;178,-14,-4
rua|sao|francisco de assis|airoes|36544000|5,-2080887,-4295864;6,-90,23;8,8,-7;9,17,-6;10,-139,55;18,194,-70;21,-31,0;24,-100,34;26,2,4;28,-24,10;31,-33,14;32,-13,-11;36,-9,19;37,-5,1;38,47,-14;43,-117,48;48,-38,18;70,231,-93;145,63,-32;150,11,6;162,6,1;165,2,-7;172,-98,40;174,112,-33;183,-16,-3;235,63,-6;259,17,-3;366,-234,57;370,-13,4;378,-9,13;470,-74,26;500,-32,12;522,-19,12;556,-16,13;568,-9,3;576,-9,6;596,-20,9;5210,242,-117;8500,-234,111
rua|sao|joao batista|airoes|36544000|8,-2081251,-4295651;11,-10,1;20,-46,-15;37,103,32;59,-28,-7;71,-11,-3;83,-12,-4;150,-38,-11;1718,-8,-6
rua|sao|jose|centro|36544000|48,-2087376,-4297997;56,-6,24;66,-2,12;76,6,8;84,14,-6;92,-8,16;102,-9,19;118,14,1;122,-15,10;126,5,4;136,-8,10;168,-22,24;178,32,18;188,-9,6;198,3,1
rua|sao|luis gonzaga|airoes|36544000|4,-2081248,-4295581;35,-5,-4;90,23,29;106,28,-1;130,-69,-27
rua|sao|marcos|airoes|36544000|10,-2081248,-4295604;11,5,5;22,17,-5;38,19,8;62,-15,-3;63,5,4;73,-8,3;77,-12,-9;84,-12,-6;120,-25,-13;139,0,6;149,-33,-13
rua|sao|mateus|airoes|36544000|11,-2080868,-4295677;19,-8,-21;20,-7,-3;24,-23,-25;50,-39,-86;68,-13,20;110,30,30;175,30,62;207,-38,-85;4400,13,50;4580,47,30;4600,-32,-15
rua|sao|pedro|airoes|36544000|9,-2081285,-4295732;27,-6,-3;30,8,10;37,-17,-7;45,-6,-5;51,-15,-9;56,28,10;58,-35,-22;60,-5,-4;61,2,-105;64,18,123;65,-83,-116;66,0,-9;99,48,108;196,-43,-90;199,-9,3;217,-6,-10;977,13,6
rua||21 de abril|treze de maio|36544000|12,-2086931,-4298352;20,-16,54;30,8,-10;31,-5,-3;41,3,-5;51,12,-8;61,4,-6
rua||agenor ludgero alves|primavera|36544000|37,-2087090,-4297404;93,-8,15;154,-2,66
rua||alagoas|treze de maio|36544000|22,-2086878,-4298362;36,-38,-23;41,23,6;42,1,8;48,9,-6;51,-28,0;60,9,-10;65,21,31;111,11,-1
rua||alfredo potsch|centro|36544000|13,-2087429,-4298020;61,-6,14;71,-7,10;89,1,22;99,-3,13;109,2,1;110,7,-48;120,2,-4;121,-6,69;129,-1,7;130,2,-56;139,-2,63;140,6,-54;146,-2,7;149,-4,57;152,2,-50;155,-2,53;159,-1,0;160,0,-45;165,-2,53;177,0,14;178,5,-57;180,0,4;186,6,11;190,-10,2;191,-4,50;200,0,-48;201,3,57;207,-2,4;208,0,-49;213,-3,54;216,2,-47;219,-3,56;220,-3,-49;233,2,67;238,0,-61;244,0,11;254,-1,2;258,-1,12;266,0,10;270,-1,2
rua||almerinda alexandrina soares|andorinha|36544000|36,-2087185,-4297974;717,57,9;718,9,1
rua||almerinda alexandrina soares|centro|36544000|2,-2087299,-4297993;15,-30,10;25,7,-7;43,19,-4;45,-15,6;47,40,3;51,74,-11;65,-88,3;75,10,-2;700,-3,6;701,78,9
rua||americo dias norberto|centro|36544000|4,-2087380,-4298198;7,-40,23;8,37,-11;10,-50,21;16,35,-21;26,-1,0;38,-15,6;39,11,-5;50,-16,2;60,-8,12;74,-2,12;86,-11,5;98,-4,9;100,-14,-2;110,-5,6
rua||andorinha|treze de maio|36544000|211,-2086852,-4298014;237,4,39;989,-9,-35
rua||antonio cheker|sao sebastiao|36544000|5,-2087416,-4298528;9,-7,-16;15,-31,-54;21,50,74;30,-14,-132;35,4,128;40,-19,-125;46,3,94;53,4,5;96,-24,-39;185,27,51;221,-47,-86;230,-2,-11;350,30,59;360,-7,-67;362,3,5;365,-3,50;367,-5,-12;368,-3,-8;369,8,-15;370,1,-3;371,0,-4;372,19,-14;641,23,123;1048,-18,-19;1485,-23,-104;1500,-6,19;1700,-19,-13;1710,-1,7;1750,14,25
rua||antonio pacheco|primavera|36544000|21,-2087058,-4297366;181,-203,-29;191,8,10;1320,93,41;1330,6,-4
rua||antonio raimundo da silva|sao sebastiao|36544000|71,-2087448,-4298905;72,-16,-5;82,-2,15;92,-18,-1;102,-6,16;336,80,-22
rua||aurea da silva|andorinha|36544000|11,-2086678,-4297808;22,-31,-6;44,17,10;52,-30,18;82,-3,8;85,-12,4;95,-1,-6;96,7,17;120,-19,-1;126,-12,4;146,-10,8;160,-9,-13;166,-5,-12;214,-36,1;224,-20,9;235,-63,-33;260,37,24;286,-72,-34;295,-10,-5;296,3,19;301,-7,-24;305,-8,-4;306,13,-1;315,-18,2;316,14,-4;336,-27,4;346,-9,23;355,-24,-42;396,1,0;398,25,-6;406,-36,1;410,18,19;411,1,-20;415,15,18;416,6,0;423,-22,-15
rua||aureo da silva lisboa|sao sebastiao|36544000|5,-2087246,-4298537;12,-14,-6;18,11,-3;19,-10,-6;28,5,1;30,9,-7;44,-2,-14;46,3,1;55,-22,-11;56,17,6;66,-4,-23;67,4,37;68,-5,-33;74,4,-19;79,-3,2;84,4,-31;109,-6,5;112,-5,-104;117,12,10;118,-2,79;125,0,0;135,2,-17;136,-9,13;145,-6,-16;148,7,-104;155,-3,90;165,-1,-2;166,2,-4;171,2,-6;176,0,-7;177,4,-5;190,-4,2;196,0,-1;199,-7,-15;212,3,-11;222,1,-18;227,-6,6;234,14,-7;240,-9,-8;241,-12,6
rua||benjamim sotero de oliveira|centro|36544000|20,-2087397,-4298173;23,11,-4;33,-2,9;40,7,3;43,-3,15;50,6,-10;55,-6,10;69,6,17;79,4,10;89,-1,12;105,1,6
rua||bonfim|sao sebastiao|36544000|10,-2087280,-4298800;12,-14,1;14,-14,1;16,-7,-9;20,-26,-3;21,26,-5;22,-17,-3;56,-12,10;58,-4,-6;322,232,-44;323,-242,3
rua||brauna|flores|36544000|148,-2087888,-4298321
rua||ceara|treze de maio|36544000|20,-2086885,-4298276;30,5,-12;40,6,-12;50,-9,-11;51,14,7;80,14,-32;90,-1,4;100,1,-20;101,-15,26;106,3,6;120,18,-36;130,-2,-6;131,3,2;140,2,-19;141,0,-4;160,-8,7;169,-29,82;170,47,-96;179,-47,113
rua||djalma vitor dos santos|andorinha|36544000|19,-2087033,-4297942;175,-13,-10;179,2,6;190,5,0;191,0,7;205,18,-7;225,6,6;241,12,10;251,21,14;261,12,5;271,5,6;283,10,8;321,27,16;333,2,1;345,7,4;357,18,10;381,16,14;400,18,-3;416,7,21;417,0,0;420,10,1;451,20,20;463,9,5;475,7,-2;487,11,8;721,-149,-73
rua||domingos teixeira valente|andorinha|36544000|41,-2086952,-4298056;61,9,1;110,24,-57;155,-56,90;270,56,-104
rua||eliana lopes|treze de maio|36544000|1,-2086815,-4298058;20,-22,12;30,8,0;60,-11,9;100,17,-18
rua||encadeado|encadeado|36544000|29,-2082757,-4304378
rua||getulio vargas|treze de maio|36544000|13,-2087025,-4298332;14,-2,-8;15,18,-19;19,9,-47;27,12,9;30,-34,37;37,20,-39;42,-44,77;44,19,-18;54,23,-39;55,-17,-5;64,9,16;94,-9,13;105,-13,25;117,47,-83;119,-14,11;122,-15,38;250,30,-45
rua||jacinto batista reis|andorinha|36544000|15,-2087136,-4298079;32,-3,-23;33,-3,8;45,-21,-6;50,0,-5;55,-4,-1
rua||jair de oliveira|sao sebastiao|36544000|50,-2087111,-4298874;116,-21,0;121,-36,-10;126,26,11;134,-16,-5;138,5,-6;144,-9,0;158,-11,0;164,-6,-5
rua||januario ferreira de paula|treze de maio|36544000|5,-2087062,-4298344;7,-7,14;8,-10,1;12,11,-9;19,-31,3;20,49,8;28,-94,-36;30,8,4;35,5,-4;40,5,12;47,6,-11;56,4,16;57,8,-5;69,5,13;76,1,-4;86,12,6;100,7,13;128,36,-10;129,0,-46;139,-11,29;145,-89,-23;146,4,-11;148,90,39;149,-9,-17;180,19,-20;184,2,7;190,1,-23;218,15,-19
rua||jatoba|flores|36544000|1,-2087717,-4298458
rua||joao gomes barroso|sao sebastiao|36544000|11,-2087303,-4298738;15,-20,230;20,15,-226;21,2,9;26,5,18;27,-8,-7;32,2,-19;38,-53,391;39,61,-378;41,-5,20;44,-34,329;47,2,-8;48,2,-14;56,28,-281;69,-25,202;72,23,-221;77,0,17;79,-3,-12;82,8,0;86,0,-4;98,-6,12;106,0,7;109,3,13;116,-2,0;119,5,8;126,-10,5;135,-1,14;137,4,-12;146,-8,11;156,8,0;167,2,12;190,-8,19;191,2,-10;195,-8,17;196,9,6;200,-2,8;203,-2,-9;206,2,-3;207,0,1;209,0,11;214,3,12;218,-7,13;219,1,-14;222,1,18;228,3,5;231,-6,-23;236,-8,29;246,5,20;247,1,-40;254,0,41;255,-4,-29;282,-2,146;285,9,-111;287,-1,10;288,0,-11;293,-6,20;309,1,57;310,1,-55;311,-19,129;313,2,1;314,13,-89;342,-6,35;352,8,-26;366,-3,11;368,1,20;378,-2,15;383,3,-19;413,-6,36;414,-5,0;416,5,-3;434,-18,22;436,5,-14;441,-6,23;444,-3,-3;635,26,-100;5200,7,-106
rua||joao teotonio teixeira|sao sebastiao|36544000|8,-2087196,-4298573;9,43,-203;12,-38,185;13,-2,-60;14,-13,116;15,-5,-7;17,10,-9;18,-11,23;25,11,-16;26,0,0;32,1,0;45,6,-60;46,1,42;52,-2,-7;53,117,-286;55,-117,290;65,-7,-17;80,4,-61;91,1,82;96,-12,36;143,10,-104;159,3,-23;165,-6,-5;175,7,-12;185,-2,-3;195,10,-22;205,4,-3;225,5,-12;245,9,-16;255,-2,-7;265,11,-26;275,2,8;281,7,-13;289,4,-9;293,-1,-2;301,107,-111;302,-2,1;305,-95,95;308,126,-110;317,-29,10;385,-51,38;475,62,-45;811,-141,182;1197,-6,24;1198,-6,-8;1641,-26,167;1646,-1,2;2680,143,-332;8111230,-96,136
rua||jose de oliveira duarte|capelinha|36544000|2,-2087618,-4297663;3,1,-2;24,21,-131;27,0,8;28,-9,-3;32,12,5;36,-10,10;42,3,20;43,-4,-10;54,-6,9;69,9,21;71,-8,16;76,-2,-11;85,-2,30;92,0,-22;98,-2,10;104,-2,11;107,5,1;108,-3,19;114,24,-120;116,-28,124;128,0,4;138,0,14;157,2,8
rua||jose de oliveira neves|sao sebastiao|36544000|1,-2087420,-4298460;12,34,97;41,62,115;50,-1,-6;51,0,4;71,-16,-18;72,-1,-6;76,-57,-122;131,35,85;150,2,6;151,-8,-36;152,0,20;155,-10,-26;158,8,-3;165,-17,-11;170,6,-3;174,14,-2;178,-17,-8;182,0,-4;185,0,15;190,-4,-20;193,-1,-9;205,-9,-8;210,2,0;217,-6,-15;227,-3,-1;257,-8,-35;268,-4,-5;278,1,-7;288,-1,0;300,3,4;3571,96,210
rua||jose de sales filho|treze de maio|36544000|1,-2086807,-4298043;20,17,54;40,-61,-256;80,23,15;276,29,210;280,-1,11
rua||jose ferreira do nascimento|centro|36544000|24,-2087335,-4297721;25,-1,13;37,-4,3;49,-2,17;54,-10,12;62,1,-9;72,-5,22;73,4,6;84,-4,1;85,-5,2;91,-5,3;96,5,4;99,-2,5;104,0,1;105,-5,2;109,-3,0;110,-4,7;117,9,13
rua||josias ludgero|centro|36544000|19,-2087415,-4297630;34,-2,2;45,27,14;98,-7,-9;112,58,27;113,3,-4;152,20,6;2090,-102,-40;5305,91,37
rua||joventino herculano de queiroz|centro|36544000|16,-2087207,-4297877;27,0,-15;31,21,-3;34,-10,3;36,-13,1;46,8,-20;54,15,0;62,-2,-10;72,13,-10;702,-14,-9
rua||levindo rosa da silva|andorinha|36544000|13,-2086698,-4297808;25,-431,-271;45,24,11;47,7,6;51,59,38;57,-51,-41;83,25,23;96,14,15;100,-10,0;125,167,103;127,-128,-74;131,-10,-20;137,26,10;144,-14,4;147,12,1;154,2,13;201,30,14;213,7,-2;219,3,4;220,20,10;239,-4,-2;250,11,18;271,20,2;295,15,10;328,42,38;339,8,2;350,15,6;359,11,7;367,-20,-15;373,33,19;389,23,24;390,-7,6;391,-35,-40;419,68,43;427,-35,-23;451,19,15;509,49,24;525,7,9;535,14,4;547,4,9;921,-216,-152
rua||limeira|bragas cruzes|36544000|10,-2080360,-4302754
rua||luiz gurdiano teixeira|primavera|36544000|16,-2087185,-4297541;17,-33,-123;61,15,31;70,5,-13;73,-8,15;77,5,-19;78,-7,16;81,-4,17;82,6,-13;94,3,8;95,-6,16;101,3,7;104,-1,16;119,4,-18;129,-1,22;138,0,12;150,-1,7;151,-6,-65;170,13,74;178,53,45;180,-41,-36;504,-15,-5;5610,-11,-121;5615,5,19
rua||maranhao|treze de maio|36544000|5,-2086843,-4298277;20,0,13;22,12,-58;27,29,-60;30,-21,21;31,-28,50;43,6,17;44,-5,14;50,8,-6;51,32,-64;64,-38,89;65,2,-31;70,0,-5;80,9,-13;90,1,13;100,5,-22;101,19,-1;110,-11,-12;140,11,-13;183,-12,5;193,1,-6;206,-3,16;210,4,-5;223,-25,72;250,-20,-5;5160,32,-39
rua||marcos antonio magalhaes|andorinha|36544000|3,-2086863,-4298103;10,-9,-139;13,-7,131;21,-6,-112;41,11,19;45,11,102;65,-5,-74;70,-12,-46;75,10,60;80,-5,-25;91,4,35;95,4,5;120,-3,-6;125,-3,47;175,17,50;300,146,166;400,-136,-78;416,103,71;8330,-120,-193
rua||maria francisca de oliveira|centro|36544000|3,-2087351,-4297916;23,20,6;30,4,-6;33,7,-2;35,14,8;53,10,-13;61,18,-4;62,-23,18
rua||maria jose duarte|centro|36544000|7,-2087342,-4297833;21,7,-1;27,7,-2;37,13,11
rua||maria luiza da silveira|primavera|36544000|16,-2087186,-4297332;101,-48,75;128,46,-70;202,-23,48;605,10,-32;1310,15,-23;1420,-26,65;1421,1,5
rua||maria rita alves|centro|36544000|17,-2087376,-4297750;20,0,5;23,17,5;89,36,8;90,-2,3;91,15,5;92,-5,0;102,13,3;107,7,8;112,3,-5;117,8,6;122,2,1;124,24,6;127,-20,-6;152,30,7;9820,-91,-30
rua||milton bezerra|capelinha|36544000|6,-2087593,-4297723;21,6,1;51,-4,-1;61,-5,-2;2250,26,-2
rua||monte sinai|airoes|36544000|10,-2081186,-4295506;22,14,-64;32,-131,-17;36,128,43;59,-30,34;132,-104,-80;139,139,109;140,1,-68;160,-81,-15;197,79,11;389,-15,83;402,3,0
rua||nelson rena|primavera|36544000|15,-2087294,-4297283;21,265,-90;30,-265,67;46,211,-108;79,116,71;81,-78,-53;85,25,24;93,-16,-25;201,-239,24;231,48,131;249,242,-55;325,-288,-48;345,214,101;416,-64,4;440,-30,-5;488,-42,-4;491,36,9;493,-64,-12;500,16,6;501,0,-4;511,10,8;537,-43,-6;600,-40,-71;620,4,-24;800,1,85;810,10,1;820,3,1;830,15,1;850,20,10;940,91,5;5800,114,-35;5810,-8,12
rua||odilon sotero de oliveira|sao sebastiao|36544000|10,-2087266,-4298842;11,-61,32;13,53,6;14,12,-15;15,9,-3;19,-7,6;20,-6,-58;21,-5,9;30,4,-11;31,-18,4;34,35,39;37,-7,12;39,-13,-54;40,6,-18;41,-19,48;45,3,-47;48,38,52;57,-5,7;61,53,-22;71,-13,29;81,-11,-28;99,-1,4;101,-11,-7;129,-40,9;233,-4,58
rua||oliveiros silva|capelinha|36544000|14,-2087441,-4297784;18,-7,15
rua||oliveiros silva|centro|36544000|21,-2087432,-4297766;27,-9,14;39,-3,11;44,-7,-6;58,-4,19;64,2,4;66,-36,104;67,38,-93;70,-3,-3;75,1,4;80,4,12;84,3,0;94,-9,1;101,-9,2;114,-9,26;115,1,-12;119,5,7;133,-2,17;136,5,0;146,-9,15;153,-3,5;162,-5,1;165,2,14;174,-7,5;179,4,5;194,-10,5
rua||primeiro de maio|treze de maio|36544000|16,-2087032,-4298318;29,120,35;30,-136,-15;32,28,-23;37,-2,10;40,11,-3;48,4,5;55,2,-3;63,9,7;68,3,4;73,2,-1;76,3,6;83,5,-6;86,2,3;89,2,-6;99,16,10;110,8,6;111,-73,-33;120,75,22;130,14,20;133,4,-16;144,8,14;162,15,2;172,15,-1;182,-8,-1;192,11,5;2900,-114,-27
rua||projetada 1|primavera|36544000|35,-2087189,-4297484;55,-7,16;80,-8,-1;84,-11,22;95,-5,12;107,3,8;121,-27,29;123,11,-9;131,3,2;138,-5,1;2030,9,-11
rua||quatro barras|quatro barras|36544000|5,-2082580,-4302295;13,-410,21
rua||raimundo da silva|sao sebastiao|36544000|22,-2087441,-4298912;31,19,-22;33,-9,0;325,16,4
rua||raimundo ludgero alves|centro|36544000|5,-2087392,-4297548;15,-14,44;19,13,-42;20,5,-44;29,-56,185;55,58,-143;82,-14,11;83,6,1;94,-10,4;106,-9,8;107,7,10;118,-7,5;130,-2,15;131,6,6;140,-5,4;154,-6,8;161,-21,62;165,23,-42;173,-18,53;175,4,-18;197,-11,22;200,11,-18;214,-4,1;236,-6,24
rua||ruth alves teixeira|centro|36544000|16,-2087368,-4297790;21,24,18;22,2,-5;38,-22,-16;45,17,17;48,-4,-3;59,14,13;68,10,-10;82,0,5;89,20,20;102,6,-3;114,12,2;119,-1,1;126,3,-6;135,17,19;138,1,-7;144,6,-2;145,6,6;628,-27,-9
rua||sebastiao francisco da silva|sao sebastiao|36544000|4,-2087356,-4298511;27,-9,132;30,0,-42;36,2,32;37,-4,0;41,2,-5;42,1,-56;45,-3,51;50,-9,3;55,9,-11;57,-1,-27;58,2,31;65,-1,-13;78,1,-4;92,0,-16;102,2,-6;120,0,-19;153,3,-48;161,1,5;176,-5,-10;201,4,-24;634,4,43;720,0,-53
rua||sem denominacao 1|centro|36544000|11,-2087351,-4297579;31,-7,16
rua||sem denominacao 1|chacara|36544000|2170,-2085993,-4296931;2200,-31,41;2240,-29,38
rua||sem denominacao 1|comunidade quilombola corrego do meio|36544000|2,-2081616,-4295801;3,4,-2
rua||sem denominacao 1|garapa|36544000|26,-2086569,-4299779;2800,18,8;3600,41,13;6010,-22,-9;6040,-22,-11;6060,-18,-7;6061,12,10
rua||sem denominacao 1|sao mateus|36544000|21,-2087519,-4297503;23,3,-5;24,-3,-3;25,0,1;26,-12,-1;50,-13,-2;2845,-63,18
rua||sem denominacao 1|treze de maio|36544000|41,-2086736,-4298070
rua||sem denominacao 2|chacara|36544000|4500,-2085906,-4296966;4990,-17,10
rua||sem denominacao 2|garapa|36544000|4,-2086531,-4299689;7,-1,4;10,4,-49;2820,-7,-23;2840,-8,17;2850,18,21;3010,-24,1;3067,3,24;3070,10,0;3500,4,-10
rua||sem denominacao 3|chacara|36544000|37,-2086038,-4296800;38,-43,35;40,22,-55;42,-45,4;2050,179,-77;2095,-51,58;2256,-185,39;2280,68,-8;2281,-5,13;2282,-26,22;2295,76,-49;2300,10,13;2319,14,-10;2320,-1,8;2325,8,-7;2360,39,-12;2370,13,-14
rua||sem denominacao 3|garapa|36544000|2700,-2086557,-4299701
rua||sem denominacao 4|garapa|36544000|39,-2086491,-4299717;40,-11,-66;41,5,9;43,-3,18;47,10,34;53,-2,37;3805,-2,-32;3820,-2,13;3840,-5,20;4520,8,-6;4560,18,6;4640,-16,-60;4650,3,-19;4720,-15,-25;5000,0,4;6000,-10,14
rua||sem denominacao 5|garapa|36544000|17,-2086532,-4299665;1520,5,1;1521,0,-6;2580,20,2;2620,-44,7;3850,41,-10
rua||sem denominacao|comunidade quilombola corrego do meio|36544000|3,-2081706,-4295801
rua||sem denominacao|sao mateus|36544000|94,-2087556,-4297338
rua||sem denominacao|sao sebastiao|36544000|18,-2087166,-4298847;32,-11,-15;33,-9,3;205,-13,-10;340,-172,71;374,9,-44;375,0,0;4442,-19,64
rua||sem denominacao|treze de maio|36544000|24,-2086726,-4297914;91,-45,-121;121,18,34;151,22,23;260,11,37
rua||sete de setembro|treze de maio|36544000|11,-2087002,-4298338;15,1,-8;18,-16,7;24,13,-9;33,6,6;50,15,6;60,11,2;61,-5,-8;67,10,0;68,7,15;77,-1,-9;78,-5,13;87,17,-9;94,0,6;2730,-45,-14;2740,4,3
rua||sinvalina fernandes valente|andorinha|36544000|77,-2087209,-4298030;78,19,-50;90,-1,7;100,-6,9;101,-2,6;120,-1,23;125,10,-51;151,2,-40;163,4,-10
rua||teotonio de oliveira|treze de maio|36544000|2,-2087099,-4298412;7,116,-15;28,-185,48;141,37,-17;147,-13,10;150,30,-12;158,-19,0;181,-7,3;202,49,-3;220,28,-14;222,44,-14;246,-26,11;250,55,-19;323,11,14;337,5,2;345,13,13;359,9,8;366,6,-1
rua||teotonio tito teixeira|sao sebastiao|36544000|15,-2087241,-4298783;16,-1,-1;25,3,-2;26,-4,2;31,14,-12;36,-9,12;47,18,-21;54,7,4;55,-5,-9;76,16,2;77,-4,-6;87,5,-10;94,-6,21;95,5,-14;104,6,-1;106,6,-10;112,7,-3;123,-1,-3;127,10,-11;244,-39,49
rua||tres pescadores|capelinha|36544000|34,-2087468,-4297855;35,-5,-1;36,5,2;37,-20,-1;47,-9,-4;55,-6,-3;65,-7,4;70,-3,3;90,-19,2;100,-6,6;109,-25,6;110,17,-6;120,-16,1;129,-6,6;134,-4,2;140,-8,-3;141,6,1;144,-14,0;150,-5,-3;158,6,9;162,-13,4;166,-20,3;180,-5,-6;184,-5,-6;221,2,14;280,176,-22
rua||venezuela|treze de maio|36544000|2,-2086886,-4298434;10,-22,14;142,27,-9
rua||vicente santana|capelinha|36544000|5,-2087543,-4297734;10,-13,47;11,18,-76;21,-40,225;33,40,-184;41,0,-31;42,-2,3;53,-2,10;60,2,-2;65,3,3;71,-5,9;136,-7,27;152,-12,51;153,9,1;220,-23,73;271,0,24;272,0,-11;300,-11,26;2710,22,-105;2745,0,41
sitio||boa vista|corrego fundo|36544000|11,-2083302,-4299408
sitio||trez barras|quatro barras|36544000|8,-2080843,-4301292
travessa|santa|rita|treze de maio|36544000|11,-2086912,-4298298;20,4,-1;21,-9,-1;31,10,-7;40,6,-1;41,-4,-11;48,12,-2;51,1,-6;3600,-18,33
travessa||12 de outubro|treze de maio|36544000|2,-2086967,-4298390;5,-6,14;15,11,-12;16,-9,0;33,7,8;43,-8,14;51,-4,4;54,-1,-3;55,-8,25;97,10,-44;101,1,17;102,-4,0
travessa||antonio teotonio|centro|36544000|12,-2087395,-4297890;22,-8,-1;32,-10,2;40,-10,-6
travessa||do firmino|andorinha|36544000|11,-2087100,-4298219
travessa||joao antonio santana|andorinha|36544000|25,-2086940,-4297915;39,5,-8;260,7,-15
travessa||joao batista alvim valente|andorinha|36544000|50,-2087045,-4297976;179,-1,6
travessa||jose lotti sobrinho|sao sebastiao|36544000|11,-2087422,-4298578;21,2,-5;31,0,-3;41,2,-14;51,0,-9;61,2,-8;71,5,-6;81,0,-12;91,4,-2
travessa||maranhao|andorinha|36544000|4,-2086783,-4298115;51,6,45;71,2,35;141,-43,-112;151,-10,-44;191,7,8;221,14,132
travessa||maranhao|treze de maio|36544000|55,-2086845,-4298232;67,14,-1;230,8,3
travessa||maria vieira de oliveira|andorinha|36544000|3,-2086764,-4297836;31,-9,13;32,-3,12
travessa||olavo bilac|sao sebastiao|36544000|6,-2087403,-4298422;9,9,1;12,-4,-1;15,26,-9;19,-12,5;34,5,-5;35,-3,3;38,-12,14
travessa||raimunda lisboa valente|andorinha|36544000|10,-2087130,-4297979;18,11,-34;21,-1,-2;28,3,-7;55,8,-34;58,-8,1
travessa||rodrigo duarte de oliveira|andorinha|36544000|360,-2086828,-4297873
travessa||sagrado coracao|centro|36544000|12,-2087414,-4297448;17,-42,-33;18,51,45;24,-62,-44;25,9,17;27,7,-14;28,-5,-2;46,47,38;57,-66,-44;167,61,40;221,109,57
travessa||sagrado coracao|primavera|36544000|33,-2087309,-4297394;130,62,16;158,-14,0;168,-16,-7;177,-39,-16;178,34,16;188,-17,-3
travessa||vicente santana|capelinha|36544000|16,-2087566,-4297778;26,-17,-5
