avenida|ministro|aureliano chaves|centro|37511000|4,-2252727,-4549783;8,-13,11;12,-3,-3;16,-5,3;20,-3,-10;28,-9,10;38,-8,7;50,-9,-9;52,-5,4;54,-7,0;61,11,4;67,-16,0;68,-14,4;75,15,-7;78,-7,13;85,-13,4;92,0,-2;115,-19,22;124,4,-4;136,-5,9;156,-22,17;160,18,-14;170,-26,22;184,-7,11;200,-25,8;203,11,22;220,-32,1;229,12,8;250,-28,2;252,7,-1;270,-8,12;282,1,0;292,-5,5;300,-21,-8;358,-68,15;366,3,8;374,-13,-20
avenida|santo|antonio|centro|37511000|11,-2253012,-4549465;22,-8,-17;27,4,3;40,2,-8;43,-7,-4;60,2,-9;70,-3,-8;71,-3,7;81,-17,-12;82,19,-1;95,-15,-7;98,-3,-3;103,-7,-2;111,-10,-10;116,10,-3;132,-19,-16;146,-1,-96;147,-1,96;159,-17,-23;162,7,3;175,-30,8;176,16,-17;185,-3,3
avenida||diamante|centro|37511000|35,-2253024,-4549954;70,17,-22;80,-5,11;120,26,-60;130,2,-7;160,17,-36;170,4,-4
avenida||getulio vargas|centro|37511000|3,-2253007,-4549256;5,13,-8;7,2,5;9,8,4;11,9,-6;13,8,1;14,-54,10;17,89,-10;19,4,-11;21,16,7;23,6,0;25,14,-2;27,4,5;29,16,-11;31,10,5;33,2,-1;35,12,0;37,10,4;39,10,2;41,15,0;43,7,9;45,11,1;145,-239,2
avenida||pedra do sol|centro|37511000|585,-2252918,-4550067;675,-80,-70
entrada||da isalina|centro|37511000|280,-2253317,-4549767
entrada||sobradinho|sobradinho|37511000|1,-2250478,-4549826;4,427,15;5,-7,9;6,-3,1;8,-15,62;9,-2,-40;10,-37,8;11,-77,-1;12,-572,-66;13,189,-655;98,531,639;246,-142,75;248,1,-2;252,46,1;331,53,6;345,18,-12
escadaria||jose antunes sobrinho|centro|37511000|45,-2252715,-4549567;51,10,-7;72,12,11;111,-79,13;125,-2,20;170,-2,0;184,8,-13;192,-3,20;196,1,-1;560,-304,69;570,-21,-6;1074,7,2;1085,-19,-11;1115,-15,6;1973,33,11
escadaria||sem denominacao|centro|37511000|126,-2252791,-4549571;130,8,11
estrada|sao|bernado|sao bernardo|37511000|5,-2256278,-4553880
estrada||antunes do canto|antunes|37511000|63,-2251659,-4552548
estrada||antunes do canto|dos antunes|37511000|1,-2251455,-4552262;3,-391,-133;4,0,-1;7,148,30;8,-4,-13;9,64,15;10,-22,-111;11,138,97;12,45,49;13,71,-7;14,63,50;15,-20,4;16,-16,21;17,-34,71;18,49,-42;19,57,-36;20,89,-132;21,-2,14;22,0,2;23,-65,89;24,20,47;25,-4,-1;26,-18,51;27,13,23;28,37,-77;29,12,5;30,43,15;31,18,1;32,22,71;33,0,-6;34,70,-242;35,313,64;36,583,-46;37,7,32;40,159,42;41,0,-1;42,28,89;45,100,-90;50,-1484,8;60,-429,-250;62,54,6;63,81,9;64,-2,-3;65,29,16;66,19,156;67,5,-2;70,1576,55;9999,-1156,91
estrada||antunes do canto|taquaral|37511000|4,-2252882,-4552004
estrada||antunes mouras|dos antunes|37511000|1,-2250989,-4553447;2,-434,-8;3,163,-70;4,3,-1;5,-5,-4;6,-86,170;8,976,631;9,1,2;10,-6,-9;11,748,90;12,409,194;13,-1421,-989;14,-23,-27;15,2,-7;16,-36,44;17,230,212;19,20,15;20,68,56;21,12,32;22,-125,-110;23,134,124;24,12,12;25,-18,-68;26,3013,1189;27,-2937,-1165;28,1,2;29,-18,25;30,-157,-216;31,170,252;32,-33,42;33,34,-1;34,3,-1;35,-1,0;36,-342,-586;37,-27,-22;38,-8,-29;39,139,172;40,380,83;41,-158,-24;42,18,5;43,14,-45;44,70,10;45,-195,14;50,60,325;60,2732,1138;65,-2801,-1456;66,7,-4;67,1,-2
estrada||antunes mouras|dos mouras|37511000|6,-2248684,-4552039;7,0,0;8,4,30;9,49,-101
estrada||b taquaral b antunes|dos antunes|37511000|2,-2252031,-4552522
estrada||b taquaral b antunes|taquaral antunes|37511000|1,-2252354,-4550174
estrada||b taquaral b antunes|taquaral|37511000|1,-2252753,-4551687;2,155,238;3,81,499;4,-287,-877;6,-73,-230;7,11,-14;8,-7,-28;9,161,-34;10,0,14;40,436,1992
estrada||bairro dos pintos|pintos|37511000|43,-2260708,-4548718;45,-63,-76
estrada||bairro sobradinho martins|dos martins|37511000|4,-2249408,-4549564;7,-97,-196;20,-9,-61;22,42,-49;25,-8,6;26,32,7;213,-14,72;351,-118,22;352,5,-3;353,-20,-12;355,-1,-7;377,113,34
estrada||bairro sobradinho martins|sobradinho melos|37511000|1,-2249065,-4549479;2,-120,-63;3,-172,-6;7,-132,-308;9,59,22;305,-5,0;393,-31,129
estrada||bairro sobradinho martins|sobradinho|37511000|3,-2250040,-4549828
estrada||bastiao maria|melos 1|37511000|1,-2249494,-4548881
estrada||bastiao maria|melos i|37511000|1,-2249472,-4548989;2,-39,186
estrada||bastiao maria|melos|37511000|1,-2249494,-4548881
estrada||boa vista|boa vista|37511000|12,-2253610,-4551002;45,-848,638;127,-48,-978;840,-4,954;863,-1,-17;1200,-496,-2184;1473,448,1547
estrada||fazenda joao veloso pereira|boa vista|37511000|10,-2254039,-4551115;12,277,-48;16,9,31;152,143,130
estrada||fazenda nossa senhora aparecida|fazenda jose siqueira|37511000|6,-2250638,-4550206
estrada||fazenda nossa senhora aparecida|sobradinho|37511000|1,-2250720,-4549985;2,14,-181;3,-22,137;4,5,-66;5,-86,-49;7,69,-199;10,219,-23;11,3,0;13,-60,-130
estrada||granja boa vista|granja boa vista|37511000|883,-2254396,-4550357;893,26,-35
estrada||lemes sentido luminosa|dos lemes|37511000|3,-2256334,-4555895;170,3,76
estrada||martins sobradinho|dos martins|37511000|1,-2249600,-4549751;2,129,108;3,-142,-94;4,328,200;5,-396,-184;6,-2,2;7,103,-32;10,105,161;12,-3,-105;41,77,114;111,48,12;312,-271,-165;320,31,-19;326,-6,4;351,-87,43;352,5,-4;353,13,2;354,70,-78;369,70,68;373,31,-44;385,29,32;441,58,167;449,53,17;777,7,-14
estrada||martins sobradinho|melos|37511000|1,-2248995,-4549451
estrada||martins|dos martins|37511000|20,-2249420,-4549859;21,6,-15;22,-49,21;23,-4,1;25,22,-66;26,-20,57;27,-7,13;30,14,17;31,19,19;229,2,-97;290,13,16;387,-42,186
estrada||martins|sobradinho melos|37511000|1,-2248949,-4549490;5,-474,-227;8,-9,-73;100,14,-61;148,-27,90
estrada||mouras|dos antunes|37511000|4,-2248875,-4552419
estrada||mouras|dos mouras|37511000|1,-2248052,-4552223;2,-50,79;3,124,-76;4,-14,-258;5,-188,315;6,-412,-203;7,330,-542;8,32,10;9,55,-39;10,-23,-221;11,16,26;12,0,0;13,-1,-1;14,-119,-199;15,-29,-36;16,-468,-475;17,0,0;18,0,3;19,-1,-2;20,797,936;21,-834,-986;22,-136,-19;23,-469,-425;24,-44,19;25,-51,-129;26,109,112;27,0,0;50,2250,2370;51,-16,4;53,21,36;54,4,-2;55,-10,29;56,-20,42;57,-158,45
estrada||para campos do jordao|boa vista|37511000|30,-2254571,-4551613;117,74,203
estrada||para campos do jordao|centro|37511000|241,-2265278,-4556000
estrada||pedra branca|pedra branca|37511000|145,-2253508,-4549367
estrada||pedra vermelha|pedra vermelha|37511000|1,-2250179,-4548696;2,-160,-53;3,-17,0;4,24,23;5,30,-6;10,138,471;160,-135,-390;500,117,97
estrada||pedro bernardo|sobradinho|37511000|300,-2250007,-4549862
estrada||pintos|pintos|37511000|3,-2260213,-4548490
estrada||pirangucu antunes|taquaral|37511000|1,-2252423,-4551364;95,125,422
estrada||pirangucu campos do jordao|boa vista|37511000|46,-2254420,-4551233;47,-11,-15;170,711,960;180,-23,9;190,-40,-51;191,7,7;192,-8,-1;194,-1,-13;200,-24,-32
estrada||pirangucu sao bernardo|pedra branca|37511000|77,-2254353,-4548710
estrada||pirangucu|centro|37511000|83,-2263263,-4554765
estrada||pouso frio|vera cruz|37511000|1,-2252171,-4548288;2,839,517;3,-1023,-279;4,280,-398;5,357,1375;6,201,113;7,-6,21;8,132,13;9,257,-20;10,240,-36;11,91,59
estrada||principal da pedra vermelha|pedra vermelha|37511000|1,-2250286,-4548674;2,39,130;3,-22,-77;4,-28,-58;5,-37,-79;6,7,48;7,43,77;9,-55,-165;45,-18,-70;90,8,6;126,16,109
estrada||principal de piranga|piranga|37511000|25,-2254903,-4553141;700,77,303;732,2,-51;936,-80,-259;999999,66,232
estrada||principal dos pintos|pintos|37511000|12,-2260399,-4548438;20,-46,-96;21,-1,13;22,-76,-84;23,-95,-80;26,88,130;37,-75,-232;39,-65,-30;41,-34,-31
estrada||sem denominacao 1|pedra vermelha|37511000|1,-2250376,-4548775;2,-9,29;4,47,1;55,-26,-93;89,7,94
estrada||sem denominacao 1|pintos|37511000|13,-2260473,-4548388;14,17,-12;19,-61,-29
estrada||sem denominacao 2|pedra vermelha|37511000|1,-2250352,-4548484;3,73,-70;4,16,-4;5,3,-1;6,13,-14;7,3,-9
estrada||sem denominacao 2|pintos|37511000|2,-2260130,-4548363
estrada||sem denominacao 3|pedra vermelha|37511000|1,-2250115,-4548284;2,8,-7;50,-25,-39
estrada||sem denominacao 3|pintos|37511000|34,-2260490,-4548621
estrada||sem denominacao 4|pedra vermelha|37511000|1,-2250136,-4548339;2,50,-42
estrada||sem denominacao 5|pedra vermelha|37511000|1,-2250038,-4548584;2,-101,-43
estrada||sem denominacao 7|pedra vermelha|37511000|1,-2250304,-4548426
estrada||sem denominacao 8|pedra vermelha|37511000|1,-2250293,-4548460;2,2,-2;3,2,1;4,-1,-3
estrada||sem denominacao|piranga|37511000|60,-2255213,-4553491;1579,137,80;1727,-739,-759;1969,838,835;1971,-2,-12;1973,-11,1;1988,-178,-114
estrada||serra dos vieiras|vieiras|37511000|77,-2254353,-4548717
estrada||sitio santa helena|dos martins|37511000|1,-2249423,-4549717;2,-9,1;3,-6,89;6,82,-187;7,-99,-344
praca||1 de marco|centro|37511000|62,-2252622,-4549653;66,1,9;70,-1,6
praca||joao pereira pinto|centro|37511000|6,-2252929,-4549571;71,127,-17;75,-10,5;111,-34,12;121,-12,4;131,-8,1;143,-13,7;153,-3,2;163,-17,22
praca||jose severiano cardoso|centro|37511000|6,-2253128,-4549642;14,-13,20;16,5,-24;56,-15,25;219,47,11;440,18,-18;458,-19,-6
praca||mario pereira mendonca|centro|37511000|8,-2252690,-4549782;15,-60,-1;21,44,5;22,3,0;32,-5,-2;35,-35,1;47,13,1;50,9,-4;51,-2,14
praca||paulo chiaradia|centro|37511000|91,-2252749,-4549698;301,-9,11;306,-19,18
rodovia||br 383|correinhas|37511000|37,-2251173,-4549323;559,-26,-64;730,103,68;740,39,-7
rodovia||br 383|melos 1|37511000|1,-2248481,-4548928;2,-382,-137;3,312,57;4,-4,-2;5,-3,7;6,185,47;7,11,-28;8,3,-21;9,-11,75;50,-31,106;70,7,-26;180,1,-16;200,21,-74;383,-367,-75;400,376,20;428,-5,-11;500,7,22;971,330,229;1001,-109,-22;1009,-15,-1;1019,-40,-5;1029,-21,0;1039,-23,-7;1049,-24,-2;1059,-129,-67;1069,76,60;1089,-41,-5;1099,-33,-12;1119,24,-136;1123,-38,131;1125,-13,-5;1131,-20,-14;1139,-27,-12;1159,-56,-24;1179,-82,-62;1229,-96,-56;1239,-10,-10;1249,32,27;1633,219,122;1900,-109,-48
rodovia||itajuba pirangucu km 13|centro|37511000|112,-2252242,-4549701
rodovia||itajuba pirangucu|correinhas|37511000|1,-2250709,-4549265;2,-3,5;9,-65,-60
rodovia||itajuba pirangucu|fazenda maratea|37511000|1,-2251725,-4549893;11,-41,22
rodovia||itajuba pirangucu|melos i|37511000|1,-2248844,-4549038;2,-217,-7;3,-562,-120;4,-1,0;5,-33,-3;810,-3,17
rodovia||itajuba pirangucu|pedra vermelha|37511000|1,-2250594,-4549172;2,-1,-13;3,-2,9
rodovia||itajuba pirangucu|vera cruz|37511000|1,-2251897,-4549073;2,105,-217;3,-5,-8;4,-3,-16;5,31,75;6,-1,40;7,-2,-21;8,19,108;9,-24,-255;10,11,73;11,16,52;12,9,6;13,15,8;14,48,117;15,120,-35;16,-79,-112;20,-77,438
rodovia||mg 383|centro|37511000|170,-2252130,-4549734;180,-28,56;182,11,8
rua|dona|vicencia|centro|37511000|8,-2253012,-4549668;11,7,35;15,-5,-10;27,0,-10;331,-4,-15;661,3,-3
rua|doutor|jose de sales dias|centro|37511000|35,-2252322,-4549685;41,37,26;45,-13,-16;46,-16,1;47,12,13;51,23,-1;53,-5,2;54,-26,-14;56,17,10;66,-1,2
rua|padre|arlindo gacomelli|centro|37511000|12,-2252848,-4549607;20,-26,1;30,-8,4;36,-8,1;40,-11,3
rua|padre|francisco mira|melos 1|37511000|1,-2248817,-4549008;2,-9,-6;3,-3,2;4,-7,2;10,26,-3;45,-3,5;57,9,-3;67,19,4;79,21,6;81,6,0;83,7,6;99,9,4;109,11,3;129,20,8;149,19,21;179,38,18;185,12,3;199,-32,40;1029,-46,-82;1559,18,10
rua|padre|laureano|povoado centro|37511000|42,-2263193,-4554814
rua|padre|laureliano marques|centro|37511000|15,-2252944,-4549265;46,6,-245;78,2,71;80,-2,35;82,0,14;94,-1,10;100,-1,33;104,-3,17;378,-3,-176;380,2,81;407,-1,-20;409,5,17;411,-1,6
rua|padre|mario penock|centro|37511000|10,-2252898,-4549526;20,-4,-4;25,0,20;36,205,-90;53,-16,15;55,-3,4;60,-1,-3;65,-9,3;69,-12,4;96,-26,9;99,15,-1;106,-19,2;116,-5,10;125,-13,7;128,-14,6;135,8,-5;145,-14,3;146,79,-30;150,-67,24;155,-17,4;165,-1,3;170,-16,6;175,0,-1;185,-8,6;211,-10,8;225,-9,-5;226,6,-6;244,-20,6;245,0,1;250,-9,-1;253,-8,8
rua|prefeito|carlos antonio pereira|melos 2|37511000|1,-2248189,-4549832;2,49,-36;3,-41,-37;4,27,33;5,-17,-32;6,11,12;7,-9,66;8,141,-114;9,-131,44;26,4,47;36,12,-21;106,-110,95;116,9,4
rua||ametista|centro|37511000|5,-2253073,-4549774;20,3,-10;25,-13,-4;30,1,4;75,-49,-17;115,-30,-17;125,-17,-8;150,-8,-12;165,-21,-5;170,9,-8;175,-13,5;180,3,-8;215,-37,-13;225,-7,-2;230,2,-7
rua||antonio alves|melos 2|37511000|1,-2248354,-4549678;2,-5,-2;4,-286,-125;25,336,154;26,-2,-5;87,-100,-34;110,251,27
rua||antonio alves|melos|37511000|14,-2248297,-4549646;47,-24,16;48,-11,-37;60,-17,-11;70,-6,0;75,53,33;87,-86,-55;104,-193,-127;114,-25,-14;151,326,180
rua||antonio antunes siqueira|centro|37511000|37,-2252661,-4549628;49,-113,29;57,97,-21;61,-6,3;65,-108,18;97,81,-18;113,-22,-1;115,0,-2;133,-6,4;137,0,-2;140,-2,0;143,-14,1;153,-2,2
rua||antonio paulo siqueira|sobradinho melos|37511000|1,-2249167,-4549536
rua||antonio tirelli|centro|37511000|5,-2252567,-4549646;33,-13,12;47,-14,2
rua||azurita|centro|37511000|30,-2253153,-4549884;45,-1,4;55,-14,-11;80,-16,-15;95,-17,2;105,4,-13
rua||benedita alves|melos 2|37511000|50,-2248426,-4549855;64,53,217
rua||benedita alves|melos|37511000|50,-2248432,-4549851;64,-13,102;74,-7,-7
rua||benedito pereira da silva|centro|37511000|31,-2252318,-4549700;42,-13,2;50,-6,7;80,16,-27
rua||braz mariano da silva|centro|37511000|10,-2252740,-4549468;41,-21,9;42,12,-4;51,-18,0;52,7,0;61,-19,5;64,-12,-8;66,-16,9;67,8,-5;108,-21,4;118,-3,8;120,80,-14;132,-108,8;135,2,4;140,-7,-12;146,-4,3;152,-2,3;204,-45,13;205,14,0;206,-28,-5;208,-3,2;209,8,4;370,-15,-4
rua||caetano lopes da silva|centro|37511000|3,-2252563,-4549922;4,42,-46;7,-183,213;8,146,-177;10,-13,3;11,7,7;15,-15,14;18,2,-6;21,-122,163;26,115,-157;34,-8,11;35,9,0;39,-14,10;44,-8,7;49,-9,22;50,5,-20;54,-11,18;55,15,-13;56,-24,31;59,31,-43;66,-45,49;71,11,14;75,-7,5;76,-11,-4;77,274,-279;104,-288,302;110,0,6;115,-4,14;116,-4,-2;117,3,0;208,-52,48;220,-11,5;305,-44,72;307,-10,-7;308,1,6;316,0,11;324,-8,15;331,15,-2;342,-7,-13
rua||candido pereira mendonca|centro|37511000|10,-2253143,-4549664;13,0,34;17,-12,-56;20,1,11;22,-11,-20;26,-1,-3;27,-29,0;28,14,2;37,-39,-6;42,7,-10;45,5,4;70,12,4;74,-27,-11;76,-16,-9;136,85,26;200,-119,-46;212,-94,-71;220,-10,-13;222,88,72;230,-146,-144;234,129,137;240,-119,-123;242,112,117;250,-6,-6;252,-93,-104;254,-27,-41;260,-3,-10;261,21,-22;262,-11,-4;266,103,174;268,-134,-166;270,-16,-24;271,66,14;286,75,164;288,-52,-64;290,-8,0;291,-9,-8;302,41,54;350,-24,-37;358,-74,-83;361,34,26;363,-8,-5;365,-27,-1;367,36,18;375,-20,-37;377,31,50;505,-98,-142
rua||carmo martins de araujo|centro|37511000|117,-2252823,-4549452;126,-15,149;226,-6,-106;320,14,109
rua||citrino|centro|37511000|35,-2253017,-4549777;70,25,55;75,4,-16;95,-4,22;105,6,3
rua||cristal|centro|37511000|35,-2253016,-4549844;465,-66,-41
rua||da peroba|centro|37511000|20,-2253064,-4549527;21,-7,8;23,13,-1;25,-24,10;52,-9,5;53,0,-5;60,18,24;70,1,-4;71,-10,12;105,16,7;115,34,-16;125,-12,7;153,-47,-5
rua||domingos antunes siqueira|centro|37511000|95,-2253132,-4549520;105,7,50;146,-7,9
rua||esmeralda|centro|37511000|25,-2252975,-4549866;30,4,-4;180,-126,-81
rua||expedita valentim antunes|melos|37511000|1,-2248942,-4549596;2,-63,-118;3,-3,13;5,113,-471;6,2,-2;13,-27,627;88,8,-3;100,-26,-62;103,-73,-96
rua||francisco antunes siqueira|centro|37511000|11,-2253006,-4549414;15,9,-4;25,27,4;35,1,-5;50,162,-7;73,-115,12;82,4,3;85,6,-5;86,-22,8;95,36,-8;100,-29,2;105,40,-2;112,12,-7;119,4,13;152,17,-1;155,-4,-3;160,-33,-12;213,38,6;219,12,0;235,8,1;236,4,7;237,33,-6;238,-17,0;240,28,2;241,3,1;242,-18,0;250,-65,-7;251,88,3;255,-1,-4;260,-23,0;265,32,5;270,11,1;296,12,5;300,6,-2;320,10,-9;332,13,6;344,6,2;358,16,0;380,-233,-2
rua||francisco braz filho|centro|37511000|106,-2252921,-4549307;110,14,-6;116,6,8;118,9,-4;120,-43,-3;136,69,5;140,-92,5;156,143,-4;173,24,30;175,-74,-48;184,-16,15;185,19,-5;189,-51,3;195,66,-4;245,-89,1
rua||francisco correa|centro|37511000|8,-2252722,-4549484;10,74,-111;71,27,-25;85,-2,-2;91,-10,16;105,-9,14;135,0,28;139,-30,42;145,13,-24;149,-47,62;151,-26,-7;155,-4,-9;159,-15,-14;212,56,6;222,-11,12;232,-1,-2;242,-10,10;258,-15,-5;330,44,82
rua||getulio antunes siqueira|centro|37511000|45,-2252636,-4549792;101,25,46;103,-1,-36;107,0,32;127,-8,-29;144,-444,91;178,196,-83;180,9,-5;187,178,-57;230,17,19;236,-18,-14;272,-406,145;280,364,-155;286,-12,-9;290,-7,4;305,-3,5;310,-25,-9;315,12,6;321,-13,3;331,-12,9;332,3,-12;338,-23,3;341,8,3;351,-16,8;370,-3,2;445,-30,33;455,-13,13;461,-31,41;477,11,-3;481,-19,12;483,7,-8;486,16,-23;493,-12,11;494,5,9;503,-4,-5;504,-9,9;513,-16,17;520,5,-5;544,-8,2;556,-17,10;560,-7,6;570,-3,-4;580,-2,15;582,-7,16;595,-18,-4;598,15,-11;609,-24,13;630,-17,12;640,-15,-3;650,-8,-12;665,-24,7;669,-34,60;725,-2,-65;730,1,-3;739,-26,-2;750,4,2;752,-18,5;756,-3,-4;760,-12,-2;770,-88,-3;780,67,-3
rua||granada|centro|37511000|25,-2252958,-4549916;55,-24,-21;130,-84,-66;145,16,18;160,-40,-41;185,15,17
rua||inacio leme da silva|centro|37511000|84,-2253032,-4549566;88,-10,10;89,8,-4
rua||jade|centro|37511000|15,-2252939,-4549964;55,-30,-22;80,-11,-10;135,-49,-39;145,-11,-10;155,-9,-2;170,-2,-10;190,-18,-22;195,-4,8
rua||joao antunes de lima|centro|37511000|32,-2252921,-4549525;40,-3,6;46,-15,8;49,-14,7;76,-20,6;79,-2,3;80,2,-5;82,-13,8;83,1,2;90,2,2;92,-13,6;95,-17,10
rua||joao antunes siqueira|centro|37511000|23,-2252343,-4549740;26,11,-1;36,15,5;48,-50,-34;56,-7,8;58,-31,19;70,126,6;78,9,2;100,-154,7;102,177,8;108,-203,-14;112,217,14;118,-219,8;122,236,3;132,1,5;133,-236,5;142,-17,-26;144,279,29;160,-294,10;166,301,-3;174,-300,1;183,-16,14;193,-6,3;215,-24,9;235,-10,3;306,-64,-15;334,-9,-12;360,-17,-19;363,-12,13;376,-8,-11;383,-10,-14;386,9,-12;395,-2,1;401,-10,-8;402,10,4;415,-14,1;416,9,12;420,-16,-28;432,-5,-7
rua||joaquim barnabe de melo|melos 1|37511000|1,-2249141,-4548898;2,130,-16;3,-21,58;4,45,27;5,-54,-93;10,177,-82;30,-176,126;40,108,-88;46,-10,2;60,-38,29;62,0,11;64,-16,5;66,-2,2;70,-9,8;80,-14,12;100,-21,18;120,-39,7;130,-17,18;140,-69,-12;145,21,19;150,-47,-1;185,-49,9
rua||joaquim jose ferreira|melos 1|37511000|1,-2248536,-4548836;2,-34,-27;3,-40,-41;4,-2,-10;27,46,61;37,53,19;57,15,73;170,-97,-123;197,-23,-36
rua||joaquim renno|melos|37511000|1,-2248658,-4549979;2,12,-75;3,-140,189;4,-17,82;5,-221,-239;6,239,292;7,-109,-447
rua||jose alves dos santos|melos 2|37511000|1,-2248381,-4549828;2,-5,28;3,10,-6;4,1,-37;5,41,-169;33,-60,233;51,18,-56;70,11,-34;189,14,-91
rua||jose antunes sobrinho|centro|37511000|46,-2252657,-4549581;48,-7,8;73,-12,20;84,-22,10;89,14,14;95,-19,-1;111,-7,-1;114,6,-10;120,-8,17;131,-13,-2;134,1,-9;147,-18,20;159,-8,0;160,3,-13;173,-12,12;183,-13,5;190,-8,5;200,-12,1;220,0,2;229,-20,6;240,-9,0;243,7,20;250,-23,-23;257,5,3;278,-13,-1;280,-11,1;291,-9,12;294,-8,-11;300,-9,9;303,11,5;313,-8,-1;329,-12,4;335,-18,4;336,3,-7;345,-2,7;352,-14,-4;355,4,7;367,-17,-4;370,-2,6;392,-14,-3;397,-3,9;398,-4,-2;402,-5,-5;409,1,11;425,-12,1;435,-1,-1;439,-19,3;440,4,-11;442,9,10;445,-26,17;450,8,9;453,-11,-20;473,-10,8;480,-41,-39;483,21,35;485,-37,-37;490,11,-4;495,15,35;500,-24,-24;505,15,28;562,-45,-33;1071,37,39
rua||jose bras da silva|centro|37511000|2,-2252917,-4549691
rua||jose chiaradia|centro|37511000|2,-2253150,-4549720;3,-1,-22;5,1,-17;15,5,-31;71,-11,31;75,3,-19;79,-1,-22;124,5,80;220,25,-129
rua||jose correia de carvalho|centro|37511000|30,-2252270,-4549715;40,-8,1;50,0,-5;60,-343,69;70,0,0;80,317,-71;100,34,10;110,-351,61
rua||jose francisco de siqueira|centro|37511000|5,-2252916,-4549362;6,41,-3;7,-63,5;11,16,-2;12,33,1;15,-15,1;19,27,-3;25,11,3;55,44,-3;105,-99,-1;135,29,-1
rua||jose h de siqueira|centro|37511000|5,-2252629,-4549561
rua||jose luiz dos santos|centro|37511000|5,-2252325,-4549640;11,37,16;15,-21,-7;20,13,2;21,-32,-24
rua||jose maria silveira campos|centro|37511000|3,-2252765,-4549746;5,0,9;13,-3,20;15,9,-11;17,-11,-3;19,70,90;54,-6,-36;60,-10,13;61,9,-2;63,-23,-15;64,19,6;76,-15,-12;116,-37,-19;159,-23,14;172,-10,-27;175,-14,21;180,22,-13;186,-6,-4;200,-32,37;203,15,2;226,-45,23;228,-6,1;230,-25,27;240,-13,9;260,-14,6;270,-13,9;280,-6,5
rua||jose valentin antunes|melos|37511000|10,-2248556,-4549491;285,4,-76
rua||lemes 2|sao bernardo|37511000|23,-2256122,-4554239
rua||marcolino luiz ramos|melos 2|37511000|1,-2248361,-4549575;2,23,25;3,-2,-5;4,-10,-6;6,-16,-31;7,-45,39;8,-19,8;17,38,-13;19,9,-8;37,13,-33;39,-5,-5;42,27,4;58,40,-31;67,6,-8;79,-140,111
rua||marcolino luiz ramos|melos|37511000|6,-2248522,-4549482;20,18,-2;21,-3,-3;29,135,-109;30,-121,113;40,11,-4;41,154,-140;43,-31,40;45,14,-21;50,-122,111;54,139,-118;57,2,-13;60,-127,123;67,150,-131;70,-145,123;72,150,-128;75,-2,1;87,-87,93;90,196,-141;115,-162,100;175,81,-142;191,43,11;220,151,102
rua||maria augusta|melos 2|37511000|1,-2248274,-4549516;2,13,12;3,-56,-75;16,2,3;26,6,8;32,6,8;41,-10,-11;42,12,18;44,-34,-40;61,24,39;101,39,45
rua||maria jose de jesus|melos 1|37511000|1,-2248962,-4548722;2,4,-55;3,24,26;4,0,3;5,-3,-3;8,-35,219;9,39,-211;21,-23,17;27,11,17;171,-17,-72;304,20,92
rua||maria piedade ignacio|melos 2|37511000|907,-2248915,-4549464;1007,-21,18
rua||mariana lopes de oliveira siqueira|centro|37511000|23,-2252250,-4549682;32,-10,12;33,7,-9;35,-5,9;36,1,-14;37,-7,25;39,0,10;44,2,-10;48,-14,19;85,6,16;87,-5,7;89,-5,6;91,-7,6
rua||maura antunes siqueira|centro|37511000|7,-2252617,-4549543;26,51,-39;50,21,-23;110,-103,102;120,-6,4;121,-4,15;140,-18,-4;150,-6,18;160,-6,12;170,-10,7
rua||onix|centro|37511000|25,-2252925,-4550014;40,-6,-15;50,-13,-2;55,-1,-3;100,-52,-42;110,-11,-8;140,-18,-16;170,-25,-16;180,-4,-4;185,7,9
rua||principal de correinhas|correinhas|37511000|3,-2251189,-4548976;20,-24,-348;26,29,363;30,2,-16;34,-2,5;35,128,143;40,-137,-235;50,-25,-184;57,182,-106;60,-164,121;70,10,38;75,35,99;80,-24,-71;85,22,54;87,-20,78;89,29,3;90,-31,-72;91,36,69;95,-2,7;120,-5,-39;122,-30,-98;127,40,125;137,1,3;157,-6,28;167,3,11;170,-1,15;177,10,4;180,-14,9;207,15,10;237,23,48;240,17,28;247,-2,-9;257,-1,16;267,34,21;298,19,59;301,4,-4;305,-7,9;307,1,10;310,-10,15;317,3,-4;407,-39,64
rua||safira|centro|37511000|40,-2252957,-4549844;60,-12,-20;145,75,-128;160,-27,41;185,23,-73;220,-3,20
rua||sebastiao antunes siqueira|centro|37511000|40,-2252694,-4549700;50,37,50;60,-41,-54;64,9,11;68,16,20;70,16,14;72,12,17;86,-33,-38;207,-37,-42
rua||sebastiao custodio renno|centro|37511000|1,-2253027,-4549274;12,18,-199;22,-11,40;23,6,6;25,3,-10;46,-7,46;63,3,8;94,-11,37;103,4,7;140,3,57;145,-21,26;147,-23,7;149,3,4;151,-12,5;153,-10,7;154,-16,11;155,9,-2;200,26,-33;210,-1,8;220,-13,9;230,-15,9;453,82,-212;900,-96,225
rua||sem denominacao 1|correinhas|37511000|100,-2251272,-4549183
rua||sem denominacao 1|melos 2|37511000|1,-2248389,-4549552;2,47,56;80,-10,-20
rua||sem denominacao 2|correinhas|37511000|208,-2251178,-4548935;210,35,-13;220,6,16
rua||sem denominacao 3|melos 2|37511000|240,-2248077,-4549609
rua||sem denominacao 4|melos 2|37511000|1,-2248379,-4549719;70,11,-15
rua||sem denominacao 5|correinhas|37511000|275,-2251020,-4548829;277,1,-1;278,1,9;397,0,69
rua||sem denominacao 5|melos 2|37511000|1,-2248492,-4549806;84,-2,18
rua||sem denominacao 6|correinhas|37511000|3,-2251137,-4548963;12,113,118;13,-83,-111;33,14,4;36,107,76;42,2,1;62,-77,-67;72,31,21;117,46,9;119,14,8;123,4,3;413,-95,-41;2174,41,93
rua||sem denominacao 7|correinhas|37511000|41,-2250946,-4548862;43,-8,-7;52,-11,11
rua||sem denominacao|correinhas|37511000|3,-2251240,-4549211;166,-23,86
rua||turquesa|centro|37511000|25,-2253009,-4549853;60,-30,31;70,-1,8;80,-4,15;140,-32,55
rua||virgilio tirelli|centro|37511000|32,-2252466,-4549741;42,-10,-11;45,-3,4;50,-4,-14;60,-10,-14;70,-6,-15;75,-51,-39;80,43,26;96,4,-3;103,-39,-39;109,-1,11;115,29,21;215,-53,-81
travessa||joao antunes de lima|centro|37511000|30,-2252893,-4549512;308,7,20
viela||orlando ramos|melos 2|37511000|77,-2248440,-4549673;86,15,-17
