alameda||do pinheiro|condominio residencial pitangueiras|37716009|68,-2179261,-4658562;69,-5,22;73,-11,-8;76,9,-9
avenida|vereador|eduardo paiva|vila menezes|37704050|10,-2178902,-4654605;20,-9,11;39,-5,-1;45,-17,9;49,8,-6;55,-50,-4;65,12,23;70,-27,-30;80,-8,-4;85,6,1;94,-13,-2;97,-8,6;104,2,-8;115,-9,10;124,-3,-1;131,-15,14;134,2,-15;140,0,0;141,-6,19;151,-1,-6;154,0,-5;164,-12,-2;174,-7,8;184,-10,-3;213,-92,11
avenida||fosco pardini|jardim quisisana|37701236|2104,-2179720,-4656759;2114,-4,-1;2120,-11,-4;2140,-13,12;2150,-10,-5;2160,-7,1;2170,-20,-4;2176,9,-8;2178,-19,-2;2200,-24,-10;2202,-13,-9;2212,-5,-4;2505,-218,-51;2525,-21,-1;2585,-58,0;2619,34,-55;2629,-65,45;2641,-16,-1;2647,-5,-1;2671,-35,-4;2683,-11,-3;2693,-8,-5;2703,-7,-3;2713,-18,2;2725,-5,4;2749,-22,-1;2755,-10,-6;2871,-33,-6;2881,-10,-5;2895,-9,-3;2907,-18,-13;2915,-6,1;2921,-56,-22;2925,-4,5;2955,-20,-7;2961,-18,-5;2967,-20,7
avenida||fosco pardini|jardim quisisana|37701608|2173,-2179789,-4656749;2175,-22,-9;2177,7,2;2193,-20,-10;2235,0,-5;2247,-16,-17;2257,-4,-14;2267,-10,-9;2292,-16,-7;2302,-5,-9;2306,-7,-6;2318,-5,-6;2325,-43,7;2333,10,10;2337,-29,-16;2374,12,-1;2381,-21,-1;2386,1,8;2393,-6,-12;2396,-8,10;2397,1,-14;2410,-12,3;2417,0,2;2420,-12,7;2425,2,6;2433,-7,-11;2444,-6,2;2454,-17,-9;2456,-18,-5;2464,1,-3;2476,-4,8;2500,-9,-8;2510,-15,-1;2520,-21,1;2526,4,5;2528,-11,-9;2530,-11,-18;2532,-22,5;2534,-17,-2;2536,-15,10;2538,32,4;2546,-44,-9;2650,-20,-2;2656,-17,0;2668,-5,2;2680,-6,1;2700,-4,-3;2770,-14,-8;2780,-12,3;2792,-11,-13;2804,-18,1;2810,-7,11;2816,-4,-8;2828,-11,2;2854,-20,-7;2880,-40,1;2920,-71,-38;2930,-59,28;2940,158,12;2950,8,-35;2954,-149,-13;2964,-14,2;3001,32,5;3006,68,13;3010,-8,1;3020,-6,0;3037,-141,-62;3063,-15,3;3079,3,-12;3131,-20,-16;3149,-17,54
avenida||fosco pardini|jardim quisisana|37704710|2059,-2179688,-4656762;2073,-15,7;2085,5,1;2097,-13,-6;2105,-7,13;2117,-11,0;2129,-15,0;2135,5,5;2141,-16,-2;2155,-7,4;2169,-16,-5
avenida||fosco pardini|sao jose|37701236|3030,-2180539,-4656980;3080,-36,-29;3335,-199,-106;3341,15,13;3343,-23,-8;3361,-15,-11;3371,-12,-2;3390,-5,-10;3391,-1,7;3415,-21,-12;3425,13,1;3494,-119,-52;3560,-123,-56;3596,68,29
avenida||fosco pardini|sao jose|37701608|3195,-2180642,-4657063;3207,-19,3;3215,5,5;3253,-40,-18;3259,-12,15;3271,-3,-21
avenida||fosco pardini|sao jose|37704710|3495,-2180864,-4657148;3505,-13,1;3509,-10,-12;3515,-15,-6;3525,16,3;3531,-36,-12
avenida||joao pinheiro|bortolan|37701386|3313,-2178087,-4660365;3335,17,-5;3437,475,98;3460,1,1;3474,-1,2;3475,-415,-148;3480,417,148;3500,-3,0;3515,-402,-208;3555,-10,-35;3567,-5,-19;3571,-7,-17;3597,-9,-26;3633,-10,-14;3665,-5,-11;3725,15,11
avenida||joao pinheiro|bortolan|37704720|5350,-2177821,-4662754;5501,263,924;5515,27,-186;5551,-6,-67;5631,-28,-121;5635,-38,-55;5638,36,-37;5650,-51,-35;5655,10,71;5670,-11,-69;5701,-10,26;5901,-150,-179;6180,46,40;6400,-92,-492;6500,-53,-121;6666,-15,-103;6690,-6,-15;6700,83,-34;6705,-154,-77;6710,55,32;6817,-65,-50;6855,16,-13;6870,-22,-79;6905,-2,59;6907,-4,-19;6911,-10,-26;6920,-1,-82;6931,2,74;6953,-18,-48;6965,1,-8;6971,-15,-18;6981,-5,-10;6991,1,-5;6992,16,-5;7020,-7,-22;7028,11,-21;7035,-42,3;7065,-16,-28;7081,8,-6;7090,15,-6;7110,-45,-70;7211,-23,-36;7228,104,141;7259,-125,-192;7285,-12,-26;7299,-6,-6;7309,-20,-15;7369,-50,-43;7374,-14,-25;7411,-7,25;7412,26,-27;7430,-19,0;7444,-14,-3;7447,-15,17;7468,-5,-27;7647,-153,-39;7659,-25,12;7703,-19,-32;7713,-22,4;7727,-12,-1;7734,-16,-16;7774,-20,-18;7830,-58,5;7850,-11,-17;7870,-17,18;7880,-11,2;7896,-9,1;8000,-85,-21;8590,-407,-151;8665,-24,19;8700,28,-18;8760,-20,-11;8770,-41,-18;8833,-117,-20;8842,20,-41
avenida||joao pinheiro|campo da mogiana|37701880|1349,-2178549,-4658555;1361,-1,-9;1375,4,-12;1383,-4,6;1387,4,-56
avenida||joao pinheiro|centro|37701386|138,-2178572,-4657321;142,-6,-11;146,6,-15;158,-2,-12;190,-1,-12;194,1,0;204,3,-4;208,-2,-5;216,21,-20;228,-19,-19;248,1,-17;258,10,-28;280,0,-8;300,4,-9;330,-10,-35;340,3,-11;354,6,-22;358,-1,2;360,-7,-28;364,6,9;374,-6,-10;404,9,-17;414,3,-10;420,2,-11;426,-4,-1;432,7,-28;436,-4,-11;438,-12,-8;440,10,1;450,-2,-22;452,7,-3;454,-17,11;456,10,-25;458,0,11;460,39,-36;464,-20,-5;500,2,-44;526,-18,-15;552,-1,-4;568,4,-4;580,7,-5;592,-1,-28;596,0,-2;602,2,-3;610,-3,-3;618,2,-16;628,6,-38;650,-10,7;680,1,-20;682,5,-4;684,10,-4;692,-15,-1;698,-2,-8;702,6,-4;710,8,-8;746,-1,-47;748,17,-2;760,-16,-8;772,8,-13;794,-5,-16;800,3,-10;840,-2,-33;850,11,-16;856,4,0;864,-14,-17;874,14,-126;924,-3,66;980,50,-244;1000,-53,163;1046,-9,211;1100,20,-234;1120,43,-144;1130,7,1;1176,-4,3;1190,-71,-16;1200,23,-12;1222,3,-6;1224,1,-12;1236,4,-11
avenida||joao pinheiro|centro|37701387|76,-2178637,-4657290;91,13,-33;99,3,-11;107,9,-17;109,2,-5;111,-1,-5;117,-6,-9;121,-6,-8;123,15,-3;133,5,1;137,6,-9;143,-2,-8;151,0,-12;155,-1,1;161,-12,-9;187,2,-20;201,4,-10;207,-1,-10;211,-3,-9;223,-8,-8;225,0,-13;235,-2,-3;251,1,-16;255,4,-3;265,-5,-9;267,10,-2;273,-2,-2;295,1,-19;303,-2,-15;1245,60,-910;1253,1,-3;1307,2,-44;1315,2,-9;1317,-5,-4;1323,2,-9;1325,0,0;1343,-5,-9;2765,197,-1350;2835,32,-64;2845,7,-12;2855,8,-7;2867,5,-5;2871,-6,-22;2893,18,-15;2917,-6,-20
avenida||joao pinheiro|centro|37701880|341,-2178605,-4657588;351,3,-12;353,7,-10;375,-5,-13;377,1,-2;389,-6,-15;415,5,-60;475,7,-20;487,3,-12;499,-2,-10;507,-21,-26;541,15,-25;551,5,-8;665,5,-101;711,-2,-41;753,7,-27;757,4,-28;777,8,-44;819,-7,-15;821,-3,-3;831,3,-5;833,4,-11;835,1,-4;845,-13,-13;877,35,-12;901,-19,-27;905,-4,-13;937,7,-11;955,-1,-24;959,-2,-18;981,8,-5;1009,-13,-31;1029,12,-19;1033,3,-10;1043,-4,-10;1071,-3,-11;1081,12,-27;1085,-6,-1;1135,-6,-35;1205,17,-38;1215,-12,-29;1225,2,-10
avenida||joao pinheiro|jardim country club|37701386|2539,-2178484,-4659709;2543,15,-35;2563,7,-11;2583,16,-13;2603,8,-18;2613,7,-20
avenida||joao pinheiro|jardim elizabete|37701386|2818,-2178331,-4659933;2828,6,-4;2838,9,-14;2848,0,-9;2856,8,-18;2864,3,-1;2876,-1,-17;2906,7,-17;2920,2,-18;2930,12,-7;2952,-6,-11;3000,12,-13;3038,16,-47;3056,16,-33;3080,10,-31;3092,8,-17;3140,33,-72;3190,4,-15;3202,6,-6;3232,16,-20;3264,29,-29
avenida||joao pinheiro|jardim santa margarida|37701386|2708,-2178373,-4659858;2720,20,-26;2772,22,-14
avenida||joao pinheiro|vila cruz|37701386|1248,-2178486,-4658477;1268,-15,-26;1288,-3,3;1340,-13,-57;1350,32,-29;1374,-13,-7;1470,6,-86;1480,2,-12;1650,11,-189;1672,3,-45;1777,-52,-56;1780,52,46;1786,11,-61;1789,-63,-19;1810,73,-24;1843,-75,18;1870,75,-150;1890,2,-97;1919,-54,127;1935,-27,-27;1940,87,-130;1945,-62,28;2025,4,-22;2055,7,-55;2075,-30,-27;2087,25,-73;2190,51,92;2210,8,-31;2222,1,-103;2224,5,-11;2240,-5,-11;2330,18,-48;2345,-64,17
avenida||joao pinheiro|vila olimpica|37701386|355,-2177995,-4660506;3470,7,111;3474,9,-342;3480,15,281;3540,-36,-56
avenida||joao pinheiro|vila togni|37701386|2496,-2178441,-4659686;2510,-1,2;2522,-29,-32;2536,3,-3;2548,6,-10;2570,14,-24;2574,-10,19;2582,17,-28;2614,14,-17;3015,149,-328;3025,8,-13;3037,5,-13;3049,6,-6;3061,4,-2;3073,5,-19;3083,5,-18;3121,15,-33;3123,7,-11;3127,-1,-3;3131,8,-14;3133,-1,11;3139,-1,-4;3145,3,-12;3147,2,0;3151,3,1;3155,-2,-8;3159,1,-3;3175,7,-14;3185,3,-14;3205,18,-15;3259,34,-41;3279,5,3;3285,23,-22
avenida||jose remigio prezia|jardim dos estados|37701102|1,-2178635,-4655783;3,1,17;9,25,21;15,96,175;37,-4,22;41,-2,11;45,0,15;49,-1,6;67,-10,24;79,-2,20;91,-2,6;110,-40,19;180,23,36;209,37,71;219,6,3;249,4,3;269,11,24;289,3,10;303,19,26;480,-6,106;482,-7,19;492,-4,44;498,-8,31;693,-31,110;707,-14,4;715,7,9;725,-1,13;733,11,14;747,-22,4;757,-2,11;771,0,4;775,-11,7;789,-3,11;795,-2,5;811,-4,12;815,1,19;861,-25,31;869,21,31;871,-49,-47;911,26,35;1137,-98,192;1145,-24,19;1159,-10,18;1169,-1,8;1183,-15,116;1185,8,-103;1195,0,8;1229,-3,22;1231,-11,1;1233,-3,18;1239,12,6;1249,2,8;1259,-21,8;1269,16,4;1279,0,28;1303,-3,12;1315,-6,17;1321,7,11;1331,-1,12;1351,-4,5;1363,0,16;1373,3,14;1399,-3,7;1417,-5,17;1427,4,19;1429,-1,14;1441,1,7;1503,-4,10;1543,-14,57;1547,-11,28;1560,-36,8;1637,-1,34
avenida||jose remigio prezia|jardim dos estados|37701782|499,-2178461,-4655161;549,-15,54;555,-10,19;575,-1,12;585,-1,7;619,-7,22;629,-4,39;720,-43,53;734,-5,1;740,-7,25;750,0,8;770,-10,12;788,-8,14;800,-2,15;816,2,6;822,-7,12;848,-4,8;868,-2,21;878,-13,13;894,-2,5;900,-4,11;920,1,23;936,-9,24;946,-6,14
avenida||julieta palhares|jardim novo mundo|37701345|1,-2178848,-4658772;11,-16,-7;23,-4,3;35,-13,6;47,-14,0;69,-21,-1;88,-6,-2;89,1,5;100,-11,-6;101,-1,7;110,-7,-9;111,2,6;120,-19,-4;121,6,6;132,-17,-4;140,-16,-1;141,11,7;143,-9,4;151,-2,3;158,-2,-11;161,-3,13;162,-16,-1;171,1,3;174,-4,-7;183,-7,8;188,-11,1;198,-8,1;205,-4,6;216,-9,-5;225,-6,6;226,1,-6;235,-9,13;236,-12,-8;246,-9,4;249,6,7;263,-8,1;264,-14,-5;275,0,13;280,-4,-18;285,-19,23;288,1,-4;291,-5,7;293,-11,-1;295,-3,3;300,7,-9;308,-19,2;315,-3,15;337,-17,2;345,-13,14
avenida||julio pelegrinelli|jardim victoria 1|37701524|250,-2180395,-4657665;280,-2,-24;300,0,-8;320,-5,-23;370,-10,-25
avenida||julio pelegrinelli|jardim victoria 2|37701524|185,-2180397,-4657585;195,5,-12;205,-4,-14;215,2,-5;225,0,-20;235,-8,-5;245,2,-16;255,1,-10;257,-17,1;271,14,-13;283,-5,-18;295,-3,-6;311,-10,-13;325,0,-2;335,5,-14;347,-3,-24;357,-9,-5;367,-5,-12;381,-10,-11;391,-16,-13;417,-8,-7;431,0,-20;441,-18,-6;451,-3,2
avenida||julio pelegrinelli|jardim victoria|37701524|15,-2180455,-4657498;20,12,-13
avenida||maria rita lopes pontes|jardim itamaraty 3|37710050|14,-2181640,-4649712;15,100,-110;71,-63,-7;181,-21,111;215,-11,35;219,-4,7;229,1,7;271,-8,39;279,-2,11;320,-11,44;321,14,-7;329,2,19;333,-2,2;345,-4,8;360,-10,32
avenida||paris|jardim europa|37716100|130,-2179541,-4658323;421,-309,-399;505,-11,-4;520,-8,9;539,7,17;544,-11,-3;561,18,14;568,-17,-2;588,6,19;610,19,12;632,-19,14;635,0,10;643,-1,16;646,-12,1;697,-12,66;700,-19,22;715,12,-3;777,14,36;814,-8,16;822,14,15;831,21,-7;837,40,-12;846,-35,22;849,49,-11;863,30,-20;888,2,30;903,40,4;934,-11,-7;942,5,4;960,29,16;963,6,5;978,24,24;996,12,34;1014,24,14;1032,6,6;1043,-27,-40;1050,38,46;1083,-18,-27;1113,36,17;1140,25,29;1150,20,10;1225,-24,-20
avenida||platina|jardim kennedy|37706287|10,-2184262,-4657514;12,18,-2;25,4,-30;27,-14,13;67,70,-28;70,4,13;77,-3,-12;87,-10,6;90,15,1;92,7,4;100,7,-5;127,40,-27;137,7,-13;140,23,10;170,50,-8;180,-1,1;201,41,-15;205,-2,15;235,-57,8;670,24,-28
avenida||portugal|parque das nacoes|37706189|51,-2184560,-4656389;61,17,-14;71,-1,-2;81,-2,-9;91,-3,-14;111,0,-19;121,-1,-5;131,-2,-12;500,-100,-207;510,-4,-1;520,-7,-3;530,-6,4;535,3,5;540,-14,-3;545,7,5;555,12,0;560,-30,-7;565,14,7;570,-22,-6;575,11,11;579,-8,-5;580,-8,-6;581,6,11;585,-14,6;590,0,-16;604,28,0;620,-35,-2;625,2,11;635,-9,4;640,1,-12;650,-6,-3;655,-14,19;658,4,-15;660,-2,3;665,-1,8;670,-12,-8;675,0,8;676,-2,-8;680,-16,3;685,15,3;690,-14,7;700,-21,-10;710,0,2;715,17,6;720,-23,-7;725,31,9;730,-64,-6;740,7,5;745,34,4;750,-54,-6;755,59,5;760,-60,-6;765,46,15;770,-54,-16;775,49,13;780,-57,-18;795,27,26;800,-36,-19;805,36,17;810,-39,-18;815,21,10;825,-11,8;830,-27,-14;835,33,18;840,-34,-19;845,28,22;847,-11,-10;850,-29,-13;851,20,17;855,-2,2;865,-9,0;895,-6,3;905,-1,2;915,-15,-3;925,-3,1;935,-11,7;945,-4,-3;955,-10,2;965,-7,-1;970,16,-22;975,-18,29;985,-7,-2;995,-9,0;1000,-25,-12;1005,20,15;1010,-34,-24;1020,-10,2;1030,-9,-1;1040,-6,8;1060,-6,-2;1080,-18,3;1090,-17,-7
estrada||chacara paraiso|sao domingos|37700001|11,-2177433,-4658175
estrada||da garganta duas porteira|corrego das laranjeiras|37700001|480,-2178689,-4646320
estrada||garganta duas porteiras|corrego das laranjeiras|37700001|11,-2178733,-4646478;285,1155,-802;470,-1330,859
estrada||pocos de caldas a palmeiral|corrego aguiar|37700001|7,-2174196,-4660723;58,-342,60;70,10,30;1050,392,-123;1112,106,-60;1555,-248,9;1599,-144,-12;2810,-226,9
estrada||pocos de caldas a palmeiral|estrada pocos a palmeiral|37700001|10,-2173167,-4660153;15,648,1595;99,-822,-1577
fazenda||pirapitinga|rio pardo|37700001|1,-2166413,-4652963;2,-9,-7;3,-18,20;4,45,-3;5,-52,0;6,4,4;7,134,19;8,-49,-16
fazenda||rio pardo|margem do rio pardo|37700001|17,-2166957,-4652176
praca||progresso|parque pinheiros|37706077|20,-2180668,-4649772
rodovia||pocos de caldas a palmeiral|corrego curitiba|37700001|1,-2174358,-4655548;3,-1,-3;4,-7,-10;5,-32,-29;6,-2,-4;7,-896,2210;8,884,-2234;9,-4,-12;10,-7,-22;11,-3,-2;12,-4,-11;13,-9,-21;14,-1,-5;15,-4,-13;16,-1,-7;17,-7,-14;18,2,-23;19,-5,-23;20,-2,1;21,23,37;22,3,21;23,8,9;24,2,14;25,1,13;26,5,22;27,68,140;28,83,79
rodovia||pocos de caldas a palmeiral|corrego dancas|37700001|1,-2173312,-4660502;2,78,10;3,70,14;4,6,-3;70,-382,-82;150,278,51;200,-49,9;455,-253,-91;462,-32,-15;466,13,-28
rodovia||pocos de caldas a palmeiral|corrego dantas|37701892|1,-2173748,-4660456;2,28,24;3,4,1;4,84,35;5,-23,27;6,210,61;7,-137,-50;8,136,30;10,-28,-111;12,29,19;13,-15,126;14,14,-170;15,-62,133;16,62,-29;18,3,-31;20,-47,5;21,38,-47;22,-110,105;23,78,12;25,-9,-51;26,-90,28;28,13,7;29,109,7;30,-38,-85;34,-120,66;35,86,124;36,-57,-119;37,83,-121;38,-98,118;39,-12,9;42,33,-46;43,-45,-44;46,-92,-5;47,95,32;48,139,-142;49,-137,232;50,-11,-110;51,51,88;53,-41,-134;54,-2,33;55,56,107;56,-51,-126;57,40,66;59,3,-58;60,86,-187;62,-101,194;63,49,-3;65,30,6;67,-25,-4;70,52,-122;71,1,-30;72,-97,148;73,76,2;77,26,-136;79,-5,12;81,1,20;82,-14,104;88,-4,-14;90,15,-125;92,-16,145;94,-5,-4;95,51,-201;99,-47,8;110,18,-2;118,-40,189;120,17,-190;130,33,-1;150,-53,100;172,-5,95;460,18,-45
rodovia||pocos de caldas a palmeiral|estrada pocos a palmeiral|37700001|200,-2172369,-4658835;210,-12,65;289,-289,-1050;2471,-3931,-430
rodovia||pocos de caldas a palmeiral|ribeirao das antas|37700001|2,-2175228,-4659653;5,-1267,-752;6,1219,148;7,-566,321;8,27,-10;9,-643,-466;10,643,469;11,-7,-99;14,591,325;16,-15,-76;20,250,72;22,3,-6;23,-192,91;29,960,-1082;58,-295,68;69,263,-62;78,-32,-2;80,-224,82;90,31,6;100,18,4;110,8,5;111,-18,-56;118,91,-37;128,1,-1;130,-38,25;140,-35,-4;159,109,-18;160,-123,32;180,1933,891;820,-2000,-948;1200,513,27;1480,-182,-84;1490,-10,-10;1500,-33,-1;1545,-45,-25;1565,-59,30;1570,0,6;1580,-17,-3;1590,-20,7;1595,-14,-5;1600,-41,-2;1605,-1,-7;1611,-19,14;1620,-7,4;1830,-103,-7;2800,-37,-31;2810,-28,-1
rua|capitao|fausto de paiva|centro|37701267|10,-2179613,-4656857;11,9,6;25,-6,11;26,-5,-2;27,7,4;33,-2,10;48,-1,-4;57,10,21;58,-13,-6;59,5,12;68,-6,-3;72,3,9;73,1,3;77,-3,5;82,-5,1;87,4,6;90,-3,-2;95,5,10;105,0,4
rua|coronel|procopio|centro|37701032|101,-2178392,-4656200;111,1,9;119,11,-10
rua|coronel|procopio|jardim dos estados|37701032|36,-2178451,-4656206;50,8,4;70,14,1;80,16,4;118,27,7;138,32,5;255,92,13;270,-23,-2;280,27,3;300,20,3;336,40,6;339,2,-5;346,50,12;347,-54,-13;349,22,4;366,18,10;369,26,-5;386,-1,13;406,-45,-13
rua|doutor|mario de paiva|vila nova|37701104|164,-2178698,-4655781;169,10,2;172,-1,8;186,7,10;187,6,-7;193,-7,8;202,8,4;203,1,3;214,10,8;219,20,-5;220,-16,3;227,14,16;230,-13,-16;242,28,23;245,-13,-7;246,-2,14;247,-4,0;255,0,4;260,2,-1;263,-8,5;264,15,2;269,-9,14;274,1,-1;283,1,8;290,5,7;302,-4,17;329,-7,25;332,-7,4;338,-2,4;339,6,5;342,-8,3;348,2,2;349,5,-8;359,0,8;360,-8,11;363,10,4;368,-5,7;373,-1,11;384,-11,-2;386,6,7;395,27,7;400,-27,10;402,-9,0;406,-10,-2;407,22,4;408,-14,3;411,15,6;414,-12,-3;419,-4,22;422,4,-17;432,-3,11;444,4,16;445,1,0;451,-3,-5;457,-5,13;460,1,-7;465,7,9;468,-8,-4;471,10,-23;472,-6,33;473,-1,12;476,3,2;481,-3,9;487,1,9;505,-4,15;511,4,-2;521,6,7;531,-15,19;539,0,6;545,-2,-2;557,2,17;559,-15,1;563,9,9;572,-4,-5;575,5,13;584,-16,45;585,15,-32;587,-1,10;607,-5,3;609,13,0;612,-21,20;613,24,-12;619,-17,7;622,-12,0;623,21,14;634,-14,11;637,8,0;645,-4,-8;647,-9,-2;656,1,19;665,22,20;671,-12,-7;677,-4,2;679,-1,9;689,-5,1;691,0,8;697,3,9;700,-13,1;705,20,15;708,-20,-12;714,0,14;717,7,5;723,-5,5;724,-4,-4;727,0,10;728,-8,-3;730,0,10;732,-15,6;780,14,26;782,2,9
rua|doutor|nelson de paiva|nova aparecida|37704034|20,-2179288,-4654770;30,5,-3;40,16,-2;60,9,1;63,2,-3;111,82,-11;117,9,4;127,13,-1;141,21,0;151,5,-2;157,3,1;167,19,-7;216,39,2;228,62,124;240,-39,-125;254,12,-5;270,0,3;286,10,1;290,6,-3
rua|doutor|nelson de paiva|sao joao|37701020|269,-2179031,-4654800;271,37,-3;275,-5,3;277,-7,-2
rua|doutor|nelson de paiva|sao joao|37704034|78,-2179202,-4654784;82,3,1;96,15,0;110,16,-1;124,13,1;138,16,-1;142,14,-3;150,6,-3;211,43,-2;223,15,-3;235,9,-1
rua|doutor|waldir pereira|parque vivaldi leite ribeiro|37701190|11,-2179780,-4655782;25,-12,-13;33,-14,5;52,-6,-9;55,-8,4;64,-5,-7;67,-4,4;74,-12,1;77,4,-5;87,-3,-8;94,-24,-2;99,12,-1;103,-11,-14;104,-4,14;114,-18,-11;115,5,7;125,-15,4
rua|governador|israel pinheiro|santa augusta|37701318|8,-2179418,-4657187;20,4,-5;30,13,-21;40,5,5;61,-5,-7;71,5,-18;76,17,3;81,-1,-8;86,7,2;132,45,-26;141,10,-10;150,-1,0;153,5,-8;160,6,4;165,-2,-4;168,4,8;209,32,-18;219,24,11;220,-10,-1;282,47,12;292,17,5;301,4,-9;302,2,8;311,8,-20;317,9,-3;328,-12,10;351,19,-47;361,7,-7;363,3,-1
rua|nossa senhora|da penha|boa esperanca|37704100|11,-2179236,-4653966;12,8,-8;21,-7,-7;22,6,3;29,-7,-8;30,10,7;36,-5,-2;39,-17,-26;40,4,12;49,-7,-20;50,8,2;59,-7,-7;60,1,3
rua|padre|marino power|santa emilia|37704040|5,-2178913,-4654764;6,0,17;7,-17,11;8,-2,-2;9,-4,-2;10,-9,-3;14,-9,-4;19,35,-10;20,-34,14;23,6,-1;29,-25,-4;30,4,-2;35,-1,3;228,-26,3;252,-27,-5;261,11,5;263,-9,-5;264,-12,2;273,-4,5;276,-5,-8;291,-7,6;302,-17,1;305,-7,-1;312,8,0;321,-22,6;322,4,-7;367,-21,7;375,-10,3;387,-15,3;391,-4,-3;407,-15,1;415,-1,7;421,-14,-5;431,-4,4;445,-23,0;455,10,-3;461,-29,3
rua|padre|marino power|sao joao|37704040|370,-2179108,-4654742;380,-6,1;392,-9,0;402,-9,0;406,-8,0;410,-4,2;414,-12,1;424,-11,0;440,-15,2;450,-5,0;460,-10,3;470,-11,0;480,-8,2
rua|professora|maria diva de paiva|residencial santa clara|37710406|5,-2180298,-4651758;10,-12,6;15,-2,-5;20,-6,10;25,2,5;30,-7,2;35,10,4;40,-11,2;41,4,0;49,-5,10;50,1,-2;60,-5,8;65,-1,3;67,-6,5;70,3,-2;75,-5,10;80,0,-4;82,-3,3;83,-1,5;87,-4,0;90,-4,4;96,-6,2;99,0,7;106,0,-1;107,-1,11;111,-8,0;114,6,-3;122,-8,7;130,-4,0;131,5,5;138,-9,12;139,5,-5;146,-12,5;147,5,5;155,-5,10;156,7,-8;163,-8,14;171,-2,7;175,-4,2
rua|santo|peterle|37704230|37704230|10,-2180782,-4657021;20,1,4;42,-17,-9;52,-4,-2;74,-10,-5;84,-16,-4;110,-33,-18;114,21,11;116,-8,-6
rua|santo|peterle|sao jose|37704230|31,-2180786,-4657017;43,-7,2;53,-9,-11;63,-3,-12;73,-13,0;87,-15,-4;93,-11,0;109,-26,-12;111,7,3;113,15,1;115,-30,-6
rua|sao|paulo|centro|37701012|13,-2178646,-4656746;15,2,3;17,0,0;19,-5,7;25,-144,784;27,150,-786;46,-20,29;55,5,10;56,0,11;67,0,2;79,-5,5;83,-5,3;106,-4,38;109,5,-16;114,-7,17;115,6,-22;116,-8,22;118,5,4;121,-5,4;122,9,6;123,-10,-4;132,5,11;134,-2,2;136,1,-22;138,-1,22;140,1,11;142,-1,1;143,-5,-20;145,2,4;147,5,5;148,-4,10;150,-1,-2;155,11,1;192,-10,21;198,-5,7;205,-4,19;208,2,-17;212,-7,7;214,3,5;218,8,1;221,-7,7;224,9,0;228,-3,20;230,0,2;231,1,-13;232,-11,11;241,21,13;245,-2,3;249,-19,-2;250,3,-9;251,-2,12;254,4,-2;255,0,10;265,-8,4;270,4,-1;272,0,4;276,-2,6;285,-3,-3;302,10,22;315,-8,18;317,-2,1;319,1,4;329,2,5;333,-9,8;342,0,9;344,0,6;346,-1,8;348,-1,5;349,10,-7;350,-19,9;352,7,8;356,9,-5;358,-8,6;359,9,-10;362,-16,11;366,2,5;368,0,3;369,8,-19;382,0,22;388,-16,10;389,15,6;390,-11,-13;394,-2,1;396,0,5;402,-1,0;432,1,41;435,9,-8;445,-6,13;446,-9,-2;454,0,14;455,10,2;460,-9,4;461,1,11;470,-5,-2;477,-8,14;486,1,1;490,7,-2;492,-1,7;503,-9,8;506,9,-1;511,3,13;512,-2,-5;513,-1,14;545,5,22;551,-3,17;561,-10,-2;573,15,18;585,-9,8;591,-2,8;593,-16,6;597,-2,8;607,0,6;609,20,1;623,-5,-3;635,-20,4;642,8,46;653,8,-14;664,-16,16;674,-2,10;675,11,2;676,-14,7;683,10,2;686,7,-2;688,-9,-8;692,-16,9;693,12,15;698,0,2;699,1,4;706,2,1;708,7,-14;710,-33,66;711,17,-52;712,6,15;716,4,5;722,-15,14;753,10,5;760,-7,-3;761,3,21;763,-4,7;769,17,-11;770,-17,18;771,-3,0;772,8,-28;774,-3,14;776,-7,3;778,9,-6;782,-3,3;787,-11,16;789,4,15;797,-3,6;800,8,2;807,-7,6;810,25,-12;819,-30,24;830,15,9;841,-12,5;850,11,12;860,-33,10;862,8,-2;870,33,-149
rua|vereador|antonio pires|jardim campos eliseos|37706030|20,-2180000,-4650916;30,22,-3;40,23,-2;50,0,6;70,13,7;80,-10,2;100,30,4;120,9,-2;140,19,7;150,8,3;151,0,-8;156,11,6;164,9,5;176,3,1;185,33,-4;190,-24,6;195,29,-3;200,-24,8;210,18,0;230,5,4;234,-11,-3;238,57,13;244,-3,0;245,11,-11;248,-2,10;254,5,5;255,3,-9;264,2,10;274,17,0;282,10,2;285,3,-8;292,10,5;304,-1,5;319,19,-4;322,2,12;329,7,-3;334,1,4;350,2,7
rua|vereador|horacio de paiva|centro|37701269|20,-2179631,-4657147;26,1,-3;30,9,-8;44,-9,-9;50,-5,-12;56,-7,-8;60,0,-6;66,1,-24;76,1,-23;86,-10,-11;96,-8,-1;116,-5,-4;131,55,41
rua|vereador|horacio de paiva|santa angela|37701269|25,-2179648,-4657142;45,10,-25;55,4,-9;130,-46,-88;140,-13,-1;150,-11,9;151,67,44;160,-71,-48;170,-24,4
rua|vereador|joao narcizo pereira|jardim centenario|37704261|15,-2180463,-4656317;20,-6,-6;25,-11,9;30,0,-8;35,-2,5;40,-3,1;45,-5,5;50,-1,4;55,-14,-6;60,-3,0;65,-4,7;70,-2,-2;75,-3,3;80,-5,-1;85,-4,4;100,-19,3;105,14,2;108,-21,-4;115,17,0;120,-24,4;125,33,-6;130,-44,9
rua|vereador|rubens de paiva|santa angela|37701462|3,-2179750,-4657290;4,11,11;6,-8,-31;7,-5,-20;8,8,36;10,-1,-10;11,-34,-40;12,34,30;14,-10,-4;16,-4,-11;18,-1,-1;20,-3,-16;21,-28,4;24,17,-1;30,-131,32;31,105,-27;32,12,-7;41,-15,5;42,3,0;48,-2,0;51,-11,2;52,-10,-11;61,-12,14;70,-3,-10;78,-8,19;84,-2,-3;90,-12,1;95,-2,12;100,1,-9;105,-10,10;110,-1,-6;115,-41,1;122,17,6;125,7,6;134,-7,-11;137,-10,2;140,-3,-1;150,-4,-2;160,-6,-1;161,-13,3;170,0,-8;179,-15,2;192,13,-4;202,-13,3;203,-14,2;210,6,-2;217,-14,10;218,0,-13;228,-5,1;233,-15,15;238,5,-13;247,-12,16;248,8,-8;254,-11,2;261,-5,7;277,-18,20;285,1,-2
rua||abilio narcizo pereira|jardim sao paulo|37704002|4,-2179032,-4655412;6,-2,8;16,-14,4;30,-14,12;46,-2,6;51,-9,15;54,0,-8;66,-6,3;69,-8,16;75,4,2;76,-1,-9;95,-5,16;105,-20,18;117,0,3;129,-6,8;140,-8,-4;141,10,30;154,-18,-15;163,-109,348;231,98,-321;238,-8,9;240,-10,9;241,14,-11;249,-14,12;250,-10,8;253,4,2;255,1,7;267,-6,6;268,-6,-5;270,-22,27;276,16,-14;285,5,0;288,-16,12;300,-2,1;306,-9,13;356,-16,38;360,-1,18;362,-10,-25;372,-4,42;441,0,48;451,1,12;471,2,15;498,-15,62;537,18,48;547,3,11;557,14,8;567,6,11;579,2,10;587,1,8
rua||abilio narcizo pereira|nova aparecida|37704002|497,-2179246,-4655011;514,-16,55;526,18,5;538,26,32;546,-16,-13;558,16,14;568,6,4;588,12,20;600,20,26;618,-3,10;635,20,2
rua||abilio narcizo pereira|sao paulo|37704002|349,-2179219,-4655174;361,4,21;369,1,5
rua||afonso pena|sao jorge|37701428|15,-2178101,-4659123;24,-21,-7;29,23,16;34,-19,-21;39,7,-13;42,6,-4;51,2,5;58,-7,-7;61,14,13;65,11,-25;72,-10,5;86,16,-2;87,1,-12;90,9,15;95,-15,-32;100,26,13;133,28,20;138,-1,-13;145,6,24;150,-6,2;155,4,6;156,-7,3;176,6,3;184,1,7;185,5,-4;194,0,13;199,2,-3;201,30,6;202,-34,8;205,10,10;212,-8,4;220,-5,10;228,12,6;231,43,-13;233,-36,22;238,-8,-7;243,9,16;253,2,8;275,10,3;281,-4,16;284,-6,-3;289,8,12
rua||alexandrino pereira|vila ana pereira|37701260|11,-2179565,-4656936;23,-5,-1;31,-10,-4;40,-5,-5;60,-19,-8;70,-6,4;73,-9,6;80,1,-2;83,-8,-7;90,-7,0;93,-9,3;100,2,-6;110,0,1
rua||ana pereira|vila ana pereira|37701266|4,-2179599,-4656880;5,-18,-11;12,17,-4;15,-3,-2;22,0,-16;25,-1,6;32,3,15;35,-5,-34;42,2,4;45,0,-8;50,3,-2;55,-4,-6
rua||angelina acerbi pomarico|dom bosco|37704125|29,-2179442,-4653193;40,11,-11;43,10,51;53,-34,-30;65,-7,12;81,-4,2;90,-11,-8;100,-1,-1;101,3,10;110,-21,1;120,-2,3;125,-6,14;133,-21,4;140,17,-11;141,-28,25;151,-10,3;177,-9,5;180,-17,11;185,8,0;190,-9,0;194,-5,-3;204,-10,14;205,4,2;210,-12,2;212,-7,12;215,0,7;222,-21,-8;225,22,6;250,-35,0;252,-1,-3;255,16,2;256,-28,-2;265,8,5;270,-18,-1;275,14,4;280,-34,1;285,27,1;292,-89,0;295,69,3;305,-17,2;315,-48,7
rua||antonia margarida pedroso|sao jose|37704246|5,-2181005,-4656981;14,36,7;15,-16,-6;18,4,2;34,-2,-1;44,-10,-2;65,-15,5;224,29,4
rua||antonio luiz pinto|santa angela|37701275|33,-2179839,-4657161;43,8,11;53,10,6;60,5,-21;70,15,-10;73,-10,16;77,13,-18;78,-56,39;80,3,-5;81,58,-39;88,0,-4;91,11,1;101,2,4;106,16,-13;110,-1,-9;111,-2,-5;121,-3,-4;124,9,2;131,-2,-11;136,-3,-9;141,11,-6;151,7,-12
rua||augusto pomarico|dom bosco|37704124|3,-2179654,-4652894;20,142,96;29,-6,19;32,-5,-29;40,-13,22;49,1,17;50,-17,-15;61,1,10;64,-6,-12;73,-7,12;80,-18,-17;81,15,21;89,-13,-10;90,2,-30;101,-10,26;104,-16,-20;107,10,17;111,-4,-5;114,-14,-28;121,-4,12;124,2,-13;131,-7,3;139,0,-10;140,3,1;145,-8,-6;151,-5,-11;152,8,-56;157,2,-17;160,-5,61;161,9,-69;162,-1,11;164,-8,37;165,-4,21;171,-3,-21;172,30,-43;173,3,-11;179,-34,47;181,-28,-2;185,-23,-9;187,-5,-1;282,95,-24;291,10,-13;292,-3,8;301,9,-14;302,1,12;312,10,-6;320,5,-7;322,-1,0;332,27,0
rua||caetano peterle|jardim country club|37704281|171,-2178650,-4659633;200,-9,-37;210,2,-9;224,-42,-11;270,-17,-1;310,-25,-17
rua||cinco pyi|jardim bandeirante|37701000|45,-2181246,-4656438;85,-1,-9;95,2,6;195,66,60;260,42,61;270,3,2;280,9,7;290,3,3
rua||da paz|santo andre|37704066|5,-2179212,-4654413;12,-16,-21;18,-17,5;24,17,33;33,3,6;34,-30,-22;43,26,37;44,-22,-30
rua||das palmeiras|caio junqueira|37704770|67,-2180073,-4654988;77,-4,-5;87,-3,-4;97,-10,-4;100,-1,-13;107,-2,13;110,0,-21;117,-9,3;124,4,-8;127,-5,0;134,-8,-10;144,-5,1;147,-5,14;154,-8,-18;159,7,0;161,-9,-8;166,3,1;168,-16,-6;171,8,13;173,-4,0;178,-2,-18;181,-3,13;184,-9,-21;197,4,15;198,-11,-17;215,1,15;220,-27,-30;224,14,4;225,5,20;230,-25,-32;240,-12,-1;250,-8,-9;255,3,18;260,-7,-15;263,1,4;265,-2,-2;270,-10,-12;276,3,-7;282,-15,-13;285,-44,-19;290,41,14;300,-6,0;310,-11,-3;320,-4,-11;330,-12,0;340,-6,-7;350,-9,0
rua||das perdizes|jardim sao paulo|37704008|20,-2179370,-4655260;25,-32,24;30,13,-18;36,-9,4;40,-5,4;47,-16,19;52,1,-16;59,-4,19;115,-33,8;118,-23,-10;128,-9,16;138,-11,2;145,13,-3;155,-11,2;166,-9,1;186,-20,-7;190,-7,18;198,-10,0;202,-9,4;219,-1,8;222,-12,-3;231,-1,5;234,-8,-7;244,-14,7;253,24,-6;254,-30,7;265,17,6;277,-10,-1;287,-18,9;301,-11,1;309,-3,-3;313,-14,8;325,-10,-1
rua||diamantina xando de paiva|jardim del rey|37701211|9,-2179868,-4656033;19,-15,-29;29,-7,2;40,22,4;50,-5,-6;60,-10,-10
rua||divina providencia|maria imaculada|37701385|1,-2180116,-4660378;14,11,-2;22,-7,-6;30,-8,-7;38,-9,-2;46,-3,-4;54,-4,-6;62,-11,-4;70,-5,-1;78,-7,-3;86,-5,-8
rua||do parque|jardim santa rita|37701000|17,-2179097,-4655676
rua||domingos de parolis|jardim carolina|37716230|69,-2179536,-4659712;79,1,-17;89,-3,-11;99,4,-11;109,1,-20;119,-12,-7;159,13,-41
rua||domingos de parolis|village sao luiz|37716230|68,-2179527,-4659742;144,-3,-60;150,0,-6;158,1,-14;164,-2,-10
rua||eduardo vasconcelos pederneiras|chacara dos cravos|37701414|25,-2178300,-4658264;44,5,4;63,8,-22;66,1,8;73,-5,-32;80,40,-13;88,-38,-12;115,-4,8;131,-2,-21;138,11,-20;148,2,-14;151,-41,69;159,32,-71;160,10,-10;200,-4,49
rua||esther de almeida prata|jardim country club 2|37704315|225,-2178770,-4660495;240,3,-8;245,-17,-28;260,12,13;265,-24,11;270,20,-13;275,-7,-10;280,4,-9;283,-27,4
rua||esther de almeida prata|jardim country club|37704315|8,-2178695,-4660288;19,-12,-12;24,7,2;29,-13,-9;36,10,-2;45,-9,-11;48,3,3;50,-3,-9;55,-2,1;59,-8,-5;61,4,-6;63,2,-9;64,5,16;75,-17,-23;141,-10,-46;151,-5,-17;152,10,11;156,-2,-10;160,1,-3;161,-9,2;176,2,-16;180,-7,-21;188,-5,3;191,-2,-2;195,-7,-17;198,5,-4;208,0,-7;218,1,-5;240,33,111
rua||eugenio bernardes pereira|jardim philadelphia|37710314|7,-2180183,-4651648;17,-11,8;35,1,4;37,-4,10;49,-6,6;53,0,6;61,-11,6;69,0,10;77,-5,2;80,1,-11;85,-2,12;93,-10,15;101,-1,4;109,-8,9;117,-2,1;133,-7,15;140,-18,8;143,12,0;150,-17,9;390,3,12
rua||fabio alcantara prado|jardim itamaraty 3|37710056|18,-2181511,-4649573;19,-1,-1;26,-6,6;27,6,-5;34,-5,19;46,-8,7;47,6,4;52,-22,9
rua||fanny de carvalho prata|jardim sao paulo|37704001|12,-2179093,-4655234;22,-3,7;33,-10,7;36,-12,-17;42,-2,17;51,-24,14;55,26,-8;64,-24,-5;65,9,11;74,-14,-10;75,10,13;85,-17,3;86,-5,-8;97,1,10;109,-14,7;110,5,-14;119,-10,15;127,-16,4;137,-5,1;315,-150,51;325,-10,2;337,-1,7;357,-11,11;365,-17,1;377,-16,9;387,-12,-9;397,-4,24;407,-11,-18;417,-16,11;501,-43,30;511,-18,-16;521,-6,-1;533,-12,18;536,6,-21;547,-19,20;548,10,-11;557,-16,12;560,6,-11;569,-22,15;572,10,-14;581,-14,19;582,-8,-8;590,-1,3;597,-22,19;602,17,-22;632,-9,12;642,-17,-5;652,-1,2;659,-8,17;668,-17,-2;671,-6,3;678,-3,-8;691,-11,20;692,5,-14;700,-14,6;707,-3,3;710,-5,1;717,-4,7;720,-7,-4;727,-8,9;730,41,-23;737,-39,24;740,-6,-6;800,-49,14;806,-4,9;826,-22,9;836,-8,5;842,-7,4;856,-16,-7;859,19,3;861,-10,-2;871,11,20;874,-32,-11;883,0,18;890,-12,-7;893,11,21;902,-19,-22;904,-12,14;905,19,-9;908,-30,5;910,-2,3;915,16,4;930,-36,2;931,28,-8;940,-38,5;941,93,115;942,-75,-109;950,-22,6;960,-11,3;1016,-26,6;1020,6,1
rua||fanny de carvalho prata|jardim sao paulo|37704684|176,-2179216,-4655206;190,-21,23;200,-5,9;210,-7,4;225,5,-7;237,-12,13;249,-4,-2;261,-20,0;273,-8,8;278,-24,9;288,-22,-2;308,3,18;312,-22,52;322,-7,-55;378,-47,17;386,-10,10;392,-4,5
rua||francisca moreno ponce|jardim formosa|37704152|5,-2179985,-4653898;6,8,-6;10,20,-10;11,13,-3;20,-1,6;21,8,-7;30,-1,9;31,10,-5;40,2,10;41,14,-10;50,-17,4;51,24,-26;60,-7,32;61,13,-4;70,-9,6;71,11,-8;80,-2,10;81,16,-5;90,-2,4;91,11,-2;100,0,6;110,1,12;116,17,-6;120,4,20;155,-20,-33;165,20,3
rua||francisco de souza pinto|jardim esperanca|37713168|5,-2183382,-4656217;10,5,6;15,8,-7;20,4,8;25,5,-11;30,1,11;35,6,-12;40,0,7;45,7,-9;50,-3,12;55,8,-9;60,7,6;65,-2,-11;70,4,8;75,9,0;80,0,0;85,9,-4;90,-5,7;95,6,-9;100,0,8;105,15,-9;110,0,7;115,5,-7;120,-3,10;125,11,-13;130,-5,12;135,13,-9;140,-6,7;165,45,-8;175,2,-2;185,10,-8;195,11,10;205,2,-2;215,10,2;220,-29,-8;230,11,13;240,3,-6;250,10,0;260,15,-3;270,-1,5;280,11,-1;290,6,-2;300,6,1;310,13,0;320,9,-17;330,-1,14;340,-2,-3;350,17,0;360,4,-1;370,15,7;380,-2,-5;390,46,-26;400,17,-5;410,-31,30;420,-1,0;425,6,-8;427,-14,4;430,25,-10;440,0,12;445,15,-3;450,-4,-3;460,9,-4;465,-14,0;470,18,13
rua||francisco pasculli|jardim itamaraty 3|37710068|8,-2181607,-4649738;15,7,-6;16,-2,7;22,12,-2;23,2,-1;31,8,1;32,-5,7;39,7,-4;40,-12,4;47,18,-5;48,-3,7;55,9,0;56,-2,-2;63,11,4;64,-3,4;71,7,0;72,1,-6;79,4,7;80,8,1;85,9,0;88,-3,24;110,23,-7;113,9,-4;118,-2,4;121,7,0;129,11,2;137,3,1;145,-36,-1;153,49,6;161,3,1;169,7,3;177,5,-1;195,12,5;203,3,-1;220,43,23;225,-14,-8;228,13,14;233,-8,-14;241,3,1;244,8,14;252,11,0;257,-1,-6;260,4,8;265,3,-8;268,6,10;273,-21,-10;276,25,11;281,3,-3;284,-8,2;289,15,-2;292,2,7;297,8,-1;305,5,0;308,2,10;313,5,-8;316,3,10;325,7,-6;400,3,18
rua||iolanda lucas de jesus passos|village sao luiz|37714612|21,-2179275,-4659678;26,-1,0;33,-18,5;36,3,-3;42,-1,-2;45,-12,3;54,-5,-5;57,-3,8;69,-6,-2;70,15,3;81,-30,-1;103,-22,-12;114,18,2;134,-42,-5;156,-23,-4
rua||ivan pomarico|jardim filadelfia|37710320|12,-2180221,-4651362;15,0,4;20,-12,-8;23,7,7;28,-15,-12;36,-4,-7;39,3,10;44,-8,-11;47,-7,6;52,-2,-13;55,9,5;60,-15,-7;68,-9,-4;72,-8,-9;76,4,0;77,13,26;81,-10,-14;85,-3,2;87,-2,-4;92,-11,-13;95,-2,4;100,-4,-14;105,-5,14;108,-3,-13;116,-7,-3;124,-4,-6
rua||izabel aparecida payoletti|jardim esperanca|37713136|15,-2183232,-4656056;25,11,1;35,6,0;45,3,0;55,24,-2;65,8,3;75,13,-4
rua||joao batista pancini|aparecida|37701127|3,-2178833,-4656042;7,5,21;8,-12,10;10,-14,23;11,7,-3;20,2,-23;21,11,-4;31,3,1;41,-11,29;52,-8,-2;53,2,6;77,-3,18;177,-87,32;187,-2,6;195,-12,5;207,-8,2;215,-33,2
rua||joao batista pancini|nossa senhora aparecida|37701127|129,-2178885,-4655942;133,-16,-6;134,7,3;141,-7,9;145,22,-16;148,-22,10;151,-11,6;160,-5,-5;170,-13,2;176,-7,7;184,-29,2;198,0,1;200,-20,22;208,20,-22
rua||joao de almeida prata|jardim sao paulo|37704003|7,-2179076,-4655467;19,-4,4;29,-158,223;34,151,-241;36,-3,21;37,2,10;58,-14,11;66,-2,3;76,-2,4;78,-12,19;86,4,1;98,-21,12;109,8,10;110,-5,-3;119,0,8;121,0,2;122,-9,-1;134,-5,23;141,-5,7;163,-10,6;183,1,7;195,-17,20;202,-2,-7;214,-8,9;215,0,12;228,-17,4;240,-19,6;252,1,14;255,6,19;264,17,-29;287,-20,52;296,-21,-7;299,3,5;311,5,13;312,-5,-12;330,-16,14;335,-1,2;340,-6,0;347,2,10;350,-6,2;362,-1,19;365,-6,-14;369,-2,7;377,1,18;380,-12,-3;387,0,1;392,-5,11;416,0,16;426,-25,7;455,12,4;465,-7,5;475,-5,20;485,-12,6;488,-5,0;495,1,3;500,-14,15;501,3,-9;503,3,0;516,-23,17;530,6,11;542,-14,7;585,-19,34;591,-1,7;595,-6,2;605,-1,11;612,-13,6;615,11,0;624,-11,3;625,2,13;635,7,9;636,-16,-3;645,2,9;646,-12,6;655,5,10;656,-4,-3;665,1,11;670,-8,3;675,6,5;687,-6,6;692,-21,1;728,-3,26;739,15,4;749,-4,4;759,-5,9;769,-8,12;772,-8,-4;779,0,17;782,-4,-2;789,-3,12;792,-3,0;799,3,8;800,-5,0;809,2,0;812,-14,8;819,15,8;822,-19,9;829,15,0;832,-19,-8;839,5,13;840,-9,0;844,-9,6;849,15,3;850,-16,2;859,14,14;860,-16,-1;869,9,4;872,-12,0;879,17,18;880,-22,-7;889,9,-2;900,-21,4;911,-5,26;923,-12,-9;935,-10,2;943,-6,-2
rua||joao de parolis|jardim country club|37704308|10,-2178745,-4659993;20,-6,-5;21,-7,-4;25,-8,-5;27,-10,-9;31,2,1;32,20,6;61,-32,-11;62,21,8;64,-5,-5;65,-10,-10;66,3,1;71,-15,-5;72,17,-3;80,-15,2;85,-6,-2;104,-20,-19;115,-15,2;116,20,4;125,-26,-3;128,4,-12;135,-9,14;140,-11,-20;143,-1,5;149,-8,3;155,-5,-3;158,0,-10;163,-10,3;168,3,-4;175,-9,4;178,-4,-8;182,-11,-5;183,-3,10;195,-4,-7;212,-8,-21;222,-9,-14;245,-29,12;248,7,13;250,-7,-18;257,-20,3;258,6,-7;262,-5,-2;268,-14,-6;269,9,12;270,-17,-30;279,2,23;280,-10,-14;289,3,13;293,-6,-6;303,-123,-55;317,107,50;325,-10,-4;326,15,1;334,-8,-5;340,-15,-7;360,-31,-15;370,-8,-5;380,-19,-5;381,5,10;390,-18,-12;391,16,6;401,-16,0;414,4,-9;415,-7,7;425,-6,0;430,1,-6;440,-12,-5;449,-9,5;454,-1,1;466,-12,-17;469,-8,2;472,1,-14;479,-6,7;482,-9,0;491,-23,-8;501,-15,-4;502,26,-2;517,-39,16;522,15,-18;527,-14,17;530,12,-20;535,-20,6;540,12,-8;542,-318,169;545,297,-165;548,1,-9;555,-16,39;556,14,-45;565,-7,7;570,-5,-11;575,-2,7;579,12,4;580,-18,-16;587,-10,10;590,-6,-10;595,18,17;600,-274,170;610,220,-199;620,-3,-2;630,-4,-10;645,-22,-7;646,8,5;650,-2,14;659,-11,-15;660,6,-3;666,-9,-3;670,-10,-9;680,-7,-10;685,-5,10;690,8,-19;695,-22,14;700,10,-8;730,-13,-12
rua||joao sabino pereira|jardim ginasio|37701407|23,-2178374,-4658143;35,4,23;95,0,-12;105,8,-17;115,5,-11;125,2,-12;137,5,-7
rua||joao sabino pereira|marcal santos|37701407|20,-2178404,-4658090;44,-30,-47;56,42,33;70,9,-12;80,16,-11;106,3,0
rua||joaquim de parolis|parque primavera|37704144|10,-2178907,-4653602;19,11,15;20,-17,2;29,7,2;36,-14,12;39,15,2;46,-16,6;51,13,-7;63,-4,27;75,-1,-11;76,-4,23;93,1,5;111,-2,-2;125,-10,32;137,1,13;147,-17,0;179,0,45;191,-4,3;196,-8,-10;205,4,25;208,-1,-5;217,0,16;220,-8,1;229,1,7;236,-10,7;239,8,6;250,27,-119;258,-34,129;259,2,2;265,-4,8;270,-8,4;275,8,12;284,-13,-4;285,5,11;294,-12,15;295,13,-8;309,-3,14;321,-5,14;333,-2,-4;340,-14,12;343,9,11
rua||joaquim pereira|santana|37701097|21,-2178562,-4654841;23,10,4;36,5,12;39,6,9;57,13,-13;58,-17,21;67,21,-13;68,-19,26;76,4,-3;79,15,-5;86,3,13;91,10,-7;98,-13,25;101,19,-10;106,-9,4;117,16,6;118,-6,-2;121,11,13;130,1,-5;132,-1,4;134,5,8;171,36,16;182,-8,14;185,9,-14;189,17,0;192,-7,20;220,23,-12;226,4,5;236,12,9;246,11,-7;255,7,-7;258,-1,11;271,-88,-35;272,99,25;284,4,0;287,-4,-1;292,23,0;302,-9,-5;330,35,-3;338,11,10;346,6,2;347,-3,-19;348,6,19;360,2,2;370,20,4;375,8,-7;376,-7,5;385,17,-9;386,-8,9;396,1,-2
rua||jorge palmerio pereira|santa angela 4|37701298|140,-2179858,-4657641;160,-13,7;170,-12,19;190,-7,7;240,-27,44;250,0,-2;260,-8,14
rua||jorge palmerio pereira|santa maria|37701298|10,-2179669,-4657697;11,-131,-43;21,-2,2;24,133,32;25,-2,0;30,-137,-15;31,-2,-7;32,141,18;55,-3,-17;60,12,-1;64,-9,-9;67,-7,-7;71,-210,98;74,214,-100;77,-9,-5;81,-5,-7;84,10,1;87,-23,-12;91,-200,143;94,220,-140;97,-36,-7;104,36,-1;109,-33,-24;114,29,15;119,-39,-24;121,-124,132;129,123,-128;135,-21,6;145,-122,165;161,-8,19;189,117,-169;199,14,-10;211,-157,209;213,135,-185;231,-145,200;241,0,10;255,-5,12;279,-8,13
rua||jorge picolli|jardim esmeralda|37700486|15,-2177880,-4659844;20,5,5;25,3,-24;30,-2,4;40,6,-2;60,10,-19;80,8,-21;90,-3,-10
rua||jorge rodrigues pereira|jardim centenario|37704263|11,-2180424,-4656298;23,-32,-20;40,21,-9;60,-8,-20;91,-29,-3;110,-20,-27;119,-15,-23;131,6,-30;143,-25,13;153,-14,-22;182,19,-4;190,-1,-21;193,-17,-18;200,15,-7;205,-13,1;215,-2,-3;225,11,-10;235,2,-6;245,3,-11;255,2,-5;260,18,14;280,2,-32;285,-16,-1;290,2,-6;300,0,-9;320,-7,-20;330,-9,-12;340,3,-8;350,-4,-1;370,-3,-23;375,-14,-22;380,9,9;390,-2,-9;400,-5,-1;449,-26,-71;450,10,12;455,-27,-13
rua||jose egidio pereira|jardim esperanca|37713130|10,-2183145,-4655874;30,9,-13;35,-7,-5;40,6,3;45,-5,-13;50,6,3;55,-2,-13;60,3,10;65,-5,-12;70,11,0;75,-13,-6;80,10,-3;85,-14,-11;90,16,6;95,-8,-11;100,13,-2;105,-7,-11;110,1,10;115,-6,-4;120,12,-8;125,-7,-15;130,6,12;140,0,-15;160,7,-21;165,-7,-2;170,6,2;179,-8,-23;180,14,11;185,-12,-8;190,11,-2;195,-8,-12;200,7,9;205,-5,-6;210,10,-6;215,-7,-4;220,6,-8;225,-2,-2;230,3,-7;235,-7,0;240,6,2;245,-10,-17;250,10,11;255,-7,-15;260,9,2;265,2,-5;270,-4,1;275,-13,-15;280,17,8;290,-1,-12;300,9,-5
rua||jose pavesi|jardim ipe|37704198|10,-2180410,-4654366;20,-1,-10;30,2,0;40,-11,-20;49,-34,-58;50,39,54;60,-8,-15;76,-6,-7;79,-36,-62;90,33,54;100,-4,-9;101,-34,-63;110,30,49;119,-35,-66;120,26,59;130,0,-18;136,1,-3;140,-31,-57;150,22,47;160,-2,-28;169,-25,-63;179,-11,6;189,-5,0;199,-1,-21;205,20,69;209,-29,-74;215,27,73;219,-29,-82;225,26,72;226,1,-25;229,-39,-52;235,32,59;236,13,0;239,-39,-70;249,-4,-9;250,28,49;252,15,36;259,-45,-93;260,40,87;270,-25,37;275,-17,-134;280,23,40;285,-27,-48;291,-5,-6;300,23,36;310,-2,-9;320,-2,-18;329,-35,-58;339,-7,-12;340,28,51;344,5,10;349,-34,-68;369,-8,-9;372,31,45;375,-31,-54;379,-5,-9;380,22,47;389,-24,-57;394,22,48;399,-23,-51;405,1,-12;409,5,-15;410,6,52;420,-1,-7;430,5,-10;439,-1,-48;440,3,14;449,2,-23;460,9,10;475,11,-15;485,2,-6;505,8,-6;515,6,-4;519,10,-2;520,13,3;525,-36,-11;530,42,19;535,7,-17;540,8,8;545,0,-10;550,2,7;555,8,-13;560,3,12;565,3,-17;570,-2,16;575,10,-24;580,3,12;590,11,-8;595,-8,-4;600,19,6;603,-9,-12;605,2,2;610,9,8;615,3,-9;620,5,0;625,-1,-10;630,15,11;635,1,-15;640,-7,15;645,12,-35;650,18,29;660,-7,-3;670,18,-6;680,13,1
rua||jose piffer|cascatinha|37701222|31,-2179429,-4656216;45,-3,-6;49,-9,-8;57,-3,-5;65,-10,-3;71,0,-5;73,-11,-4;75,6,1;87,-2,-11;99,-44,2;109,21,-10;119,-6,-7;127,-6,-4;139,-4,-15;143,-8,-6;177,-23,-9;187,-1,-17;195,-4,-6;207,-11,-4;225,-19,-22;247,-13,8;257,10,-23;284,-1,-32;285,-8,-12;294,2,-3;304,0,-5;307,-7,-6;309,-4,-6;316,6,2;334,-6,-22;335,-11,-4;345,-6,-2;348,8,-8;358,-1,0;361,-19,-15;363,-6,-11;372,12,12;375,-27,-29;380,24,13;384,6,14
rua||jose piffer|centro|37701222|10,-2179406,-4656193;20,-9,-4;26,-9,-20;34,-12,-3;42,-9,-5;52,0,-6;60,16,-33;68,-21,22;70,6,-21;72,6,-3;84,-23,12;92,-10,-10;104,-2,5;112,9,-29;116,-21,10;122,1,-1;130,-8,-7;136,-3,-5;142,-3,-7;154,-9,-5;162,-3,-3;168,-10,-14;180,-2,3;184,-4,0;188,-11,-8;194,7,-3;196,-12,-14;200,-6,-4
rua||la paz|jardim novo mundo|37701372|8,-2179440,-4658904;12,19,14;15,-2,0;20,-12,2;29,8,23;35,0,-4;36,-6,0;45,13,13;48,-20,2;57,11,10;60,-17,8;69,12,10;70,2,7;87,-2,-7;98,-11,20;107,12,15;110,-19,-9;117,8,13;133,-2,-2
rua||luiz pomarico|sao jorge|37701447|5,-2178070,-4659408;10,3,5;15,8,7;20,-4,-1;30,10,10;39,5,4;42,-1,-6;51,10,9;54,-4,4;66,4,6;67,10,-3;77,5,11;80,2,8;91,1,-2;92,1,5;97,12,3;104,-4,3;108,0,4;111,12,-4;116,-2,6;121,17,3;128,-20,16;139,22,-7;140,-2,9;149,10,1;156,-9,2;161,17,5;166,-6,7;173,11,-2;177,11,12;184,-10,0;185,9,4;194,-8,-2;195,18,8;200,-13,30;201,13,-13;211,-5,8;217,-6,16;235,-5,13
rua||maneco pereira|jardim sao bento|37713320|20,-2183599,-4657093;25,11,-5;30,-9,18;40,2,11;45,16,8;50,-16,1;60,4,10;70,-1,5;75,10,16;80,-9,-5;85,3,-40;90,1,50;95,4,4;100,-9,4;115,61,-58;117,-54,83;125,7,1;130,-10,4;135,13,-3;140,-11,21;145,13,-8;155,-2,12;165,5,0;170,-16,1;180,-2,14
rua||manoel torrezilhas perez|morumbi|37716315|20,-2180735,-4658106;30,3,15;31,-1,2;40,-10,8;41,7,0;50,-13,3;51,10,10;62,-15,18;63,13,-12;74,-13,13;84,-16,55;87,25,-44;99,-3,13;103,-9,7;137,-17,21;149,-9,2;154,22,-21;161,-34,27;173,-10,3;181,-5,8
rua||marcos ebenezer pezzi|jardim ipe|37704189|10,-2180014,-4654510;20,-6,-12;30,8,-9;90,18,-73;100,6,-11;104,-3,-20;110,10,-11;130,0,-15;140,11,-25;150,8,-12;160,7,-12;170,0,-6;180,6,-8;190,5,-9;200,-5,-6;210,12,-11;220,-4,-13;230,9,0;240,1,-14;250,9,-10;260,-3,-4;270,5,-7;300,31,-24;310,9,3;320,6,5;325,-1,-29;330,7,53;335,-1,-35;345,1,0;350,31,36;355,-22,-28;360,36,45;365,-32,-37;370,25,43;375,-17,-37;380,26,39;385,-16,-34;390,19,53;395,-14,-47;400,24,56;405,-24,-51;410,38,59;415,-24,-51;420,27,48;427,-21,-44;430,27,55;435,-21,-46;440,37,39;445,-23,-36;450,12,35;455,-12,-29;460,38,38;470,0,-1;475,-12,-18;480,17,27;485,-6,-21;490,29,22;495,-25,-23;505,12,6;515,8,4;525,6,-4;535,9,0;545,8,11;555,16,2
rua||miguel marques pereira|jardim formosa|37704156|13,-2179725,-4653828;19,2,-16;25,1,-3;30,6,3;35,-4,-10;40,5,1;45,1,-20;50,7,7;55,-10,-7;60,14,1;65,-13,-7;70,14,-8;75,-11,-6;80,6,3;85,-2,-14;92,14,-6;95,-12,-8;102,18,-3;105,-14,3;115,5,-11;118,17,4;124,6,-8;130,5,-9;140,6,-6;141,1,-8;150,8,4;155,-5,-16;160,9,8;165,-3,-13;175,10,-8;178,4,11;185,5,-18;190,4,14;195,1,-20;200,10,6;205,-15,-8;210,19,-1;220,10,-3;245,9,-36;255,-1,-22;265,0,-9;275,6,-8;285,-2,0
rua||miguel parini|village sao luiz|37716222|11,-2179440,-4659780;20,-8,-6;32,-12,-4;57,-17,12;68,-16,-9;69,0,8;73,-11,-2;80,-2,-10;92,-10,-6
rua||nilo pecanha|jardim cascatinha|37701476|11,-2179272,-4655891;23,2,0;33,9,0;41,7,2;55,11,3
rua||nilo pecanha|jardim santa rita|37701476|18,-2179274,-4655878
rua||nivaldo martins passos|jardim doutor ottoni|37704000|90,-2179442,-4660693;100,-25,1;120,-14,4;130,-3,1;180,-17,-1
rua||olesio marcondes de paula|jardim esperanca|37713189|60,-2183167,-4656348;165,77,-63;170,-6,-15;173,-3,23;180,-10,-9;181,7,10;189,-5,11;190,-6,-22;197,-4,27;200,-5,-17;205,-7,21;210,0,-13;213,3,25;220,-6,-20;221,-3,9;229,-3,9;230,-1,-12;237,-4,16;240,-2,-16;245,-8,28;250,-3,-17;253,-9,21;260,10,-25;261,-32,-7;277,14,40;285,-7,7;290,3,-19;293,-17,29;300,12,-21;303,-7,16
rua||oscar marcondes de paula|jardim victoria 1|37701289|25,-2180361,-4657230;30,5,8;40,4,-8;41,-4,-4;50,8,0;55,3,-13;60,13,5;65,-11,-2;70,19,-4;75,-5,-1;80,9,-5;81,-6,2;89,8,-7;90,0,4;99,6,-8;100,5,-4;109,11,-11;110,-6,11;120,12,-7;130,7,1;135,7,-12;145,7,-8;150,-2,9;155,6,-7;165,7,-11;246,-118,84
rua||oswaldo paiva|augusto almeida 2|37704460|9,-2179290,-4653123;10,-3,-22;15,-3,31;27,9,8;39,-7,9;48,-1,-36;54,-7,15;64,-8,18;71,8,22;74,-17,-8;84,-4,7;85,6,6;99,-6,6;100,-13,12;110,0,-3;111,9,-3;120,-16,20;121,10,-8;128,-17,20;130,1,4;135,6,-3;145,-5,12;155,-2,3
rua||ouro preto|centro|37701031|10,-2178547,-4656142;26,14,-1;36,-3,23;54,-1,9;66,-1,12;102,-3,37;136,-9,38;156,-4,10;166,1,11;174,1,6;186,1,10;196,-2,6;200,-4,1;216,6,23;234,-6,12;248,-11,12;276,3,28
rua||ouro preto|jardim dos estados|37701031|37,-2178527,-4656113;55,2,9;77,-6,15;83,10,6;117,-16,71;125,-1,7;175,22,19;189,-31,5;195,246,48;213,-255,-7;215,0,11;333,-8,81;350,0,10;355,0,0;366,-15,4;373,16,4;376,-15,5;384,-2,13;394,-1,15;404,-3,0;414,3,17;415,5,-5;430,-11,16;431,15,7;445,-2,6;451,-6,20
rua||pacaembu|dom bosco|37704107|12,-2179571,-4653360;18,207,204;28,-170,-160;31,-65,-58;38,-3,-6;47,-7,4;50,5,-6;59,-14,8;66,-1,-21;67,-4,4;76,2,-5;77,-25,-6;87,-2,-5;96,4,-7;97,-10,-3;110,6,0;111,-17,-4;120,14,-1;121,-19,-8;130,-2,-5;132,2,7;135,-7,-5;143,-13,-17;144,-14,-10;165,2,0;181,-20,-6;184,17,3;194,-7,-6;204,-5,-5;214,-3,-4;223,-12,-5;224,-9,-10;235,4,10;236,-31,-36;245,15,24;246,4,-6;266,-33,-24;278,0,0;282,-12,-7;290,-83,-40;291,69,45;300,-6,-15;301,1,11;312,-16,-12;315,-5,5;327,9,3;339,-13,-2;342,-7,-19;351,-7,8;364,-8,-11;369,4,10;375,-17,-10;376,6,-2;381,-15,6;388,11,-5;391,-15,7;396,-4,-20;400,-1,6;401,-4,6;410,-16,-18;411,5,9;420,-9,-12;421,-1,7;431,-20,-7;441,-7,-5;455,-13,-5;456,9,-15;466,-9,7;475,-15,0;492,2,-2;495,-10,4;499,-25,-12;502,20,-1;516,0,-1;519,-19,3;526,6,-10;531,-28,2;536,21,-2;541,-20,1;546,9,-7;551,-19,3;560,6,-7;561,-13,4;570,9,-5;571,-14,9;580,4,-13;612,-45,-13
rua||paissandu|dom bosco|37704025|10,-2179772,-4653456;15,-17,65;17,3,-16;18,16,-57;19,-15,58;23,-3,-11;25,5,-10;28,0,-1;38,7,-2;45,-3,-40;46,7,11;58,1,-5;59,1,-19;68,-1,9;69,-2,-28;100,12,-33;118,6,-11;134,-6,-24;144,1,-4;155,-11,30;165,5,-17;177,2,-2;179,3,-9;275,14,-59;289,0,-22;325,12,-27;326,15,7;333,-13,-25;336,11,8;345,-12,-9;346,12,-11;347,-3,3;353,-3,-13;356,8,-1;357,-9,2;366,10,-7;367,-9,-4
rua||paissandu|dom bosco|37704155|430,-2179683,-4653769;444,19,-23;450,11,-4;460,7,-11
rua||paissandu|jardim formosa|37704025|437,-2179688,-4653778
rua||panama|jardim bela vista|37701249|70,-2179749,-4656395;90,-11,-7;132,-29,14;150,7,7
rua||panorama|bortolan|37704400|100,-2178516,-4664022;127,-36,-167;128,34,149;200,-14,-63;201,-18,23;211,9,-17;220,6,-30;221,-3,7;241,-4,-32;251,-12,-25;340,-8,-73;350,3,-6;351,-14,0;356,3,-30;399,-12,-32
rua||paraguai|jardim quisisana|37701244|11,-2180026,-4656395;20,15,-4;30,-1,-11;31,7,-10;37,-15,2;50,13,-6;95,-16,-25;105,4,-24
rua||paragua|jardim filipino|37701259|150,-2179780,-4656971
rua||paragua|vila lider|37701259|10,-2179773,-4656837;30,-2,-12;35,-8,5;39,8,-24;42,0,5;50,-4,-15;55,-4,-2;64,5,-4;65,-4,-11;80,-10,-35;83,10,29;93,-4,-16;119,5,-22;127,1,-10;143,-7,-12;155,2,-9;169,-9,-20;179,-6,-1;193,-15,-10;199,3,-3
rua||paraiba|centro|37701022|13,-2178242,-4657251;49,-6,20;53,-2,15;67,1,8;95,-7,21;105,-2,11;119,-4,18;127,36,19;150,-52,-4;153,16,22;165,-2,21;166,7,-9;176,-6,13;182,9,-2;189,-18,15;197,-2,11;200,-8,-6;201,13,11;211,-7,11;212,-14,-9;218,3,6;224,3,2;227,8,17;228,-11,-2;240,-9,9;245,16,1;256,-16,18;265,16,3;288,-19,23;295,12,9;316,6,27;319,-14,1;320,6,-1;326,6,2;328,-1,3;329,-12,5;332,6,3;344,3,7;349,-5,8;350,2,-3;356,-1,-2;366,-14,13;374,11,8;375,-8,6;376,-5,-6;384,5,15;398,1,10;403,-1,10;412,-8,1;435,9,26;475,-10,36;485,5,10;487,-4,5;499,-2,9;500,-3,-34;504,-13,38;512,1,-7;513,17,11;522,-8,37;523,5,-29;529,2,19;537,-8,18;581,-11,35;582,8,-8;593,-8,20;595,-4,0;596,10,-21;609,-6,38;611,-9,8;616,3,-18;625,-2,20;626,-5,-1;636,4,11;647,2,14;650,-5,-17;657,7,25;663,-4,-1;672,-7,4;675,11,21;676,-9,-14;683,4,11;688,-18,5;689,16,6;697,-4,8;703,1,11;715,-5,6;719,-2,5;723,-3,16;757,-5,29;767,0,-1;770,11,-5;777,-29,6;778,17,15;779,-9,-9;784,8,13;790,-6,3;791,2,-8;794,-2,8;800,2,4;805,46,14;812,-44,0;813,35,-1;822,-43,13;835,0,13;838,-2,-5;843,-7,22;844,13,-5
rua||paraibuna|sao benedito|37701173|8,-2179322,-4656039;16,6,6;21,8,1;24,-4,20;44,-1,15;58,1,14;70,-3,6;80,4,9;94,-3,20
rua||parana|centro|37701043|15,-2178786,-4656906;33,4,-4;55,-36,-35;56,-17,7;63,3,-9;73,-3,-7;76,-17,-11;79,18,4;110,-17,-29;111,-1,9;130,-20,-35;131,4,4;185,-40,-52;196,7,-1;226,-5,-13;229,-24,-29;238,13,23;248,-1,-15;254,-2,3;259,-16,-16;272,4,-3;274,1,-1;278,-10,-6;291,-10,-7
rua||parana|da saude|37701043|38,-2179073,-4657211;220,-38,-115;304,156,193;318,-20,-11;338,-22,-12;360,-2,-3;370,-14,-9;380,-7,-5;381,0,0;390,1,-7;400,-17,-12;410,-2,-8;477,-48,-22;486,2,-20;487,-8,0;497,-1,-9;498,8,-4;507,-10,-6;509,2,-19;512,3,9;519,-1,-15;526,8,5;532,-10,-13;533,0,-2;545,3,-6;550,5,4;567,9,-32;572,1,3
rua||para|centro|37701026|2,-2177908,-4656631;14,-3,13;18,-3,1;26,-1,7;30,4,3;61,-1,17;66,-7,-4;77,6,6;84,-6,13;99,24,29;111,-17,-4;115,-3,18;121,0,0;125,-1,11;141,9,1;149,-9,7;151,2,-1;153,-5,15;162,-17,-2;166,-2,1;174,0,6;179,15,14;220,-16,35;223,-3,16;230,-1,-9;237,10,16;244,-11,-7;247,15,14;254,-1,-8;281,-4,40;284,-9,-23
rua||pardal|condominio recanto dos lagos|37706078|120,-2181424,-4647187
rua||pardal|morada dos passaros|37706078|1,-2181793,-4647383;5,225,139;10,-27,-15;27,-142,-2;44,-125,-227;108,91,118;160,-180,-275;170,-11,-24;203,386,419;233,6,5;243,-74,-27;265,1,-3;290,-385,-511;320,-13,-30;330,-7,-12;358,-79,-122;443,340,576;550,-381,-651
rua||paschoal pomarico|sao jorge|37701449|6,-2178143,-4659342;25,17,-25;47,1,-9;50,24,-11;67,-17,-1;72,26,-8;97,-26,-9;105,19,3;115,12,-8;125,-3,-22;143,18,-5;152,8,1;167,5,-17;180,12,0;220,12,-18;226,4,-7;238,9,-12;248,7,-10
rua||paulo xando de paiva|jardim esperanca|37713180|20,-2183522,-4656166;25,-11,-12;30,12,2;35,-17,1;40,16,-11;45,-27,-8;50,16,6;55,-7,-6;60,2,1;65,-2,-11;70,-2,-3;75,-13,12;85,-9,-34;95,-9,-2;105,-2,-3;115,-3,-2;123,-5,-15;131,-3,-12;137,-2,-7;145,0,-6;153,2,-12
rua||pedro de parolis|jardim contorno|37706169|3,-2182264,-4655663;9,-8,-9;15,-7,-2;25,-2,-8;30,3,-15;35,-10,8;40,1,-16;50,0,-5;60,-12,-10;65,1,11;68,1,-12;72,-5,-5;75,-3,11;84,2,-21;85,-5,7;95,-6,-5;96,3,-8;105,-11,-2;110,5,-9;115,-5,7;116,1,-13;125,-16,-11;168,-14,-36;178,-5,-7;195,-6,6;205,-20,-48;210,20,32;215,-9,-5;220,5,-4;225,-15,2;228,11,2;230,0,-7;240,-5,-10;245,7,24;250,-12,-37;257,-8,1;260,5,-13;265,-6,0;270,5,-7;275,-14,-2;280,10,-6;285,-20,3;290,14,-6;295,-8,-10;300,2,1;305,-10,-12;310,10,4;315,-12,-9;320,4,-5;325,-6,-6;330,6,3;335,-10,-8;340,8,-3;350,-6,-14;355,-11,-5;360,11,0;365,-12,0;375,-6,-8;380,4,-4;385,-2,-11;390,4,-3;400,-2,-6;405,-3,3;410,1,-14;415,-13,4;420,6,-10;425,-6,4;430,4,-7;435,-7,-3;440,7,-13;465,-15,-2
rua||pedro parisi|parque primavera|37704135|8,-2178897,-4653096;20,-5,-12;21,-6,-16;38,17,4;39,-9,-9;44,9,4;60,9,-20;69,-9,-3;100,14,-29;110,-18,-3;140,-24,-12;150,-8,-4;160,-12,1;170,-4,-7;232,-64,-23;244,-9,2;254,-16,-12;256,31,13;264,-35,-16;265,2,8;274,-9,-10;285,-9,10;290,2,-13;295,-15,11;306,3,-16;316,-9,-2;320,-21,-7;325,12,12;330,-15,-14;338,-8,-3;350,-16,-11;360,-11,-5;376,-13,-16;388,1,-5;450,3,-54;460,-4,-4;522,9,-20;542,6,-11;554,14,-30;558,5,-28;562,3,-8;566,-9,32;576,5,-13;590,9,-28;600,1,-10;605,-5,-9;625,16,-32;630,8,-2;640,13,-10;645,-7,-13;650,8,-8;655,-13,4;665,6,-16;670,4,7;675,-1,-13;680,13,-12;685,-6,-3;690,1,-3;695,1,-7;700,-2,2;705,4,-6;710,2,-3;715,1,-6;720,6,-8;725,-2,-8;730,-2,0;735,0,-10;740,-3,-2;745,10,-11;755,0,-9;760,-2,-3;765,3,-4;770,-2,-2;780,13,-16
rua||penha|jardim sao paulo|37704438|11,-2179089,-4655256;20,-13,-7;21,9,-9;30,-6,1;31,-3,-7;60,-2,-4;61,-10,-2
rua||pernambuco|centro|37701021|94,-2178381,-4657255;95,9,91;114,0,-70;140,1,11;155,1,61;247,-6,60;265,-6,17;280,-32,-68;291,22,91;299,-4,8;309,7,14;328,-5,-12;329,7,38;335,17,7;336,-27,-10;344,1,-4;345,5,9;347,4,4;352,-12,-3;353,15,7;359,-4,1;360,-11,4;385,-6,20;395,-4,10;399,3,5;403,2,11;411,3,7;425,-4,0;427,3,19;431,-12,9;433,8,0;441,-6,6;444,2,-13;446,-54,-74;447,55,91;456,-15,2;460,6,3;465,13,7;482,3,12;495,-9,22;500,-8,-7;524,-13,26;529,14,12;544,-15,8;555,8,11;562,-2,3;580,-14,30;615,8,33;673,-7,58;679,7,3;721,-8,35;735,-6,13;745,-5,11;751,-1,6;753,-5,0;761,4,14;771,1,8;775,1,5;779,0,3;783,4,4;787,0,4;789,-4,6;791,3,4;793,-4,9
rua||pernambuco|centro|37701728|835,-2178478,-4656530;842,22,8;844,-10,-3;848,5,8;853,-13,-4;854,17,13;860,-7,-5;861,-22,-6;864,23,6;869,-18,10;870,17,-2;875,-11,0;878,15,5;881,-10,11;892,1,1;894,-4,7;899,5,9;902,3,-11;904,-20,19;905,20,3;957,-18,30;960,-6,6;963,-1,-5;967,9,10;977,-8,2;978,12,8;979,-20,-3;981,-3,-3;983,13,7;988,2,12;1012,-15,19;1145,-8,126
rua||pernambuco|centro|37701730|664,-2178434,-4656693;670,-5,-2;674,-5,3;680,-9,29;682,-4,-10;690,7,-8;694,-1,5;700,1,8;704,0,2;706,1,13;710,-3,-4;714,-1,2;720,2,20;724,0,-1;730,-1,-5;734,1,2;750,-6,25;752,1,-6;756,-3,5;760,3,6;762,-7,0;764,0,1;768,3,3;772,2,-1;776,-10,8;782,3,4;784,2,-1;788,-2,4
rua||peru|jardim quisisana|37701231|15,-2179668,-4656724;34,32,-15;35,-10,9;43,3,3;55,-9,-3;63,-10,1;64,4,18;71,-16,-13;76,-3,1;77,-15,19;84,2,-3;90,-12,-11;95,2,17;100,-14,-3;113,9,4;127,-11,2;139,-4,5;146,4,-3;151,-23,9;160,4,-2;163,-7,14;168,-7,-11;173,1,14;180,-9,-9;185,-78,-2;190,65,11;191,-65,-10;200,65,11;209,-8,16;220,-12,5;226,1,-3;229,-8,9
rua||piaui|centro|37701024|2,-2178067,-4657052;6,-4,6;18,-3,2;20,6,47;40,1,-4;47,4,5;48,-14,1;51,13,-2;54,-15,5;57,14,0;62,-13,17;63,12,-7;74,-12,15;75,8,-6;88,-12,26;95,13,-10;105,-8,22;115,0,0;123,-1,2;129,0,17;138,-12,-10;163,10,40;164,-10,-14;169,7,18;172,-7,-7;175,10,13;178,-13,-6;184,-1,7;185,8,10;192,-14,-5;196,4,6;197,9,11;204,-7,-3;205,3,19;212,-5,-7;217,5,13;219,2,1;233,-3,-4;243,9,15;247,-10,8;252,-9,-9;588,-41,334;591,3,12;598,-19,1;603,29,6;604,-31,0;613,21,7;616,-14,9;619,23,8;625,-15,-3;629,-7,14;630,-8,-12;639,9,15;644,-8,1;654,-3,10;655,13,1
rua||piaui|centro|37701732|276,-2178108,-4656791;281,8,24;290,-11,-4;294,0,3;297,6,3;299,1,16;309,7,5;310,-10,-10;320,-9,23;340,1,8;348,-4,18;350,-3,8;360,6,-13;390,-17,47;400,10,11;410,-3,4;420,0,9;422,-5,7;430,-6,-1;444,7,13;451,7,16;454,-11,-6;461,13,7;468,-10,12;471,9,-5;474,-6,9;478,-13,1;479,13,-2;481,3,9;482,-33,-5;490,19,9;500,16,6;501,-5,-4;512,-11,11;513,-4,9;524,4,-1;529,6,18;530,-7,-11;536,2,18;544,-7,-8;550,0,15
rua||piaui|jardim dos estados|37701024|253,-2178172,-4656285;696,11,-78;701,-2,-7;703,9,2;714,-9,-1;715,5,4;716,-6,2;719,-10,-1;722,15,28;724,-9,-9;725,0,-8;729,-1,10;735,22,16;736,-23,-16;738,6,0;742,-4,23;766,-7,3
rua||pindorama|jardim esperanca|37704049|17,-2182802,-4655492;35,-1,-6;49,-5,-23;51,3,5;75,1,-37;85,5,17;95,-5,-26;107,-1,2;123,-1,-29;143,-2,-12;159,5,-9;171,1,-23;183,3,8;195,-6,-30
rua||pindorama|jardim paraiso|37704049|30,-2182795,-4655482;40,2,-13;50,-1,-4;60,4,-28;70,0,-11;80,-3,0;100,-5,-24;104,6,-11;110,-3,-17;190,-6,-46;200,1,-9;260,5,-57;270,-3,-8;310,-1,-45;316,-1,15;320,0,8;322,-1,-37;360,57,-157;410,-56,78;474,14,-54;477,-16,12;482,18,-18;486,13,1;496,7,0;497,-12,-4;503,30,-23;506,-7,20;516,4,-6;535,9,-20;536,2,8;537,-44,33;546,44,-31;554,8,-10;560,4,0;561,-42,26;565,41,-32;567,24,-21;569,-7,7;570,-6,16;573,-39,18;575,31,-24;576,8,3;577,32,-39;590,-19,33;600,8,-13;614,8,-6;624,5,0;634,3,-3;640,-31,23;681,30,-36;683,6,-4;696,0,10;700,8,-6;705,3,-13;708,3,9;717,278,15;728,-257,-32;729,290,30;738,-282,-35;739,393,-45;748,-393,43;753,443,-125
rua||pindorama|jardim paraiso|37706145|63,-2182805,-4655742;273,-1,-10;287,0,-7;295,-2,-12;335,1,-14;347,6,-10;355,0,-11;367,-4,-16;391,-1,-10;415,-4,-30
rua||pintassilgo|morada dos passaros|37706082|175,-2181940,-4647960;290,-128,58
rua||piracicaba|jardim dos estados|37701087|33,-2178267,-4655532;40,7,16;41,19,4;68,-7,8;73,22,-3;78,-4,14;87,0,-7;92,3,10;99,19,9;111,8,5;120,-6,-1;134,12,13;136,2,0;157,1,-10;163,19,10;164,2,14;176,4,4;202,13,15;250,40,21;265,30,6;282,-10,6;292,6,3
rua||pirita|jardim kennedy|37706271|15,-2184902,-4657270;20,35,-25;23,-11,1;25,3,1;27,-27,26;50,50,-43;57,-10,-2;61,15,-16;71,9,-8;75,-27,28;81,28,-29;100,-9,21;101,35,-46;111,9,-3;116,-3,8;120,15,-17;121,-9,0;130,11,3;131,2,-7;140,5,-6;142,8,-5;144,7,-9;145,-13,3;148,17,-4;150,2,-6;155,-12,7;250,38,-25;272,11,-13;281,5,-11;282,-1,4;291,8,-14;292,3,3;301,2,-5;302,6,0;312,9,-14;318,4,-1;321,-4,0;343,43,-40;353,8,-11;390,-5,13;394,1,-6;400,5,-2;410,6,-8;420,4,-12;421,-1,-2;441,11,-4;450,-9,7
rua||platina|marcal santos|37701395|4,-2178487,-4657747;20,20,5;38,4,-7;44,22,4;51,-3,-8
rua||polonia|parque das nacoes|37706183|5,-2184612,-4656338;10,7,-10;15,-16,15;20,10,-13;27,-15,9;30,2,-6;35,-8,11;40,7,-12;45,-14,11;50,-5,-4;55,-2,5;60,-2,-7;70,-2,3;75,-13,5;80,13,-5;85,-13,5;90,3,-5;95,-16,11;99,-4,-13;105,0,10;115,-8,4;125,-5,-1;135,-5,-3;150,-23,-2;157,7,8;160,11,-8;175,-21,5;180,5,-4;185,-11,9;195,-11,1;200,20,-5;205,-20,7;210,4,-11;215,-14,15;220,7,-14;230,-2,2;231,-16,13;232,9,-14;235,-12,14;240,14,-14;260,-40,13;270,0,-16;275,3,22;285,-8,-1;290,-1,-11;295,-3,9;300,-8,22;305,-3,-21;310,-8,0;315,3,5;320,-4,-8;325,2,4;329,-6,6;330,-5,-7;335,-4,5;340,0,-4;345,-6,7;350,-1,-11;360,-7,0;365,-3,12;375,-6,-2;400,-21,-3;410,-6,3;415,2,8;417,-10,-4;420,-1,-1;427,-15,14;435,11,-23;436,-11,13;437,-7,1;444,5,-5;450,15,0;460,-12,-1;465,-14,10;470,12,-10;490,-24,10
rua||ponta pora|jardim dos estados|37701055|17,-2178158,-4656250;23,16,-16;33,11,-6;34,5,9;40,3,-5;42,-1,0;43,2,1;44,3,1;53,18,-1;56,-5,0;96,3,-1;97,5,-6;109,15,-2;112,-14,3;118,18,7;120,10,8;137,24,-6;147,17,3;157,9,3;177,8,1;178,1,1;179,8,0;183,8,5;184,-18,1;190,12,21;197,14,-22;198,2,6;203,6,-1;215,10,0;239,16,3;251,22,6;281,9,-4;283,3,-7;285,8,5;290,14,8;297,16,-10;300,-4,9;312,14,1;329,20,-18;330,-8,13;360,14,-1
rua||potengi|jardim dos estados|37701083|11,-2178354,-4655798;34,-8,2;56,8,24;70,6,10;73,2,-5;78,-2,5;85,7,8;95,9,12;100,-3,8;105,3,6;110,4,6;117,6,6;143,12,11;155,-1,9;165,6,20;181,5,6;198,37,15;199,-31,0;210,3,22
rua||prata|vila lider|37701263|19,-2179698,-4656811;20,22,5;32,-28,-10;33,-8,4;45,-9,2;55,-12,-5;69,-8,17;70,7,-21;75,-17,4;76,9,-2;85,-15,1;90,2,-5
rua||primavera|nova aparecida|37704037|240,-2179297,-4654970;250,-14,1
rua||projetada|condominio sao conrado|37719000|53,-2186726,-4657481
rua||projetada|condominio sao conrado|37719899|49,-2186679,-4657483;51,17,24;53,-46,-5;79,-26,4;100,-14,-14;151,5,44;153,1,41;155,-31,-7;199,-2,14;348,-17,32;417,-20,52;423,2,7;437,-12,55
rua||projetada|dom bosco|37704077|60,-2180053,-4653457;70,-9,5;100,-17,72
rua||rio preto|dom bosco|37704117|90,-2179969,-4653484;99,2,-6;101,38,-105;105,-36,96;110,3,15;113,14,-46;116,37,-83;119,-11,4;123,-27,76;124,15,5;126,26,-104;133,-30,77;136,0,20;148,6,-20;360,64,-187;375,0,-12;385,-3,-8
rua||walter pomarico|residencial monte verde 2|37705321|19,-2179638,-4654542;50,-5,26;56,-1,14;80,4,11;92,-9,13;97,8,21;104,-4,-19;118,-1,17;127,7,14;140,-11,15;152,2,12;155,-4,-144;164,6,141;176,-4,26;188,6,7;200,-6,16
rua||zeferino jose pereira|augusto almeida 2|37704133|15,-2179201,-4653177;32,16,21;44,1,10;50,5,15;51,-5,-21;57,4,8;58,5,10;67,-4,-8;69,3,10;77,3,13;87,6,10
sitio||vargem do rio pardo|perto souza lima|37701970|25,-2174650,-4645797
sitio||vargem do rio pardo|rio pardo|37700001|55,-2174492,-4645779
sitio||vargem do rio pardo|souza lima|37701970|20,-2174600,-4645692
travessa||fosco pardini|jardim quisisana|37701237|10,-2180331,-4656917;12,-5,-8;18,-141,-109;19,26,14;44,6,9;49,99,65;59,3,0;65,-89,-70;69,92,40;71,-84,-35;75,3,-1;81,77,35;95,-48,-21;101,44,21;115,-55,-29;125,11,16;140,6,1;160,38,94;2950,0,-10
travessa||geraldo paulo|santa emilia|37704047|19,-2178982,-4654777;27,-13,51;36,7,0;42,-4,-13;48,4,-18
travessa||para|centro|37701484|33,-2177888,-4656546;42,10,12;43,-6,-2;52,-1,-10;59,3,22;60,2,-4;64,-8,3;69,-10,-7;103,7,-16
travessa||pinheiros|jardim dos estados|37701521|10,-2178199,-4655022;20,-13,-9
travessa||pixinguinha|estancia sao jose|37706010|594,-2180212,-4652403;600,38,51;612,7,9;626,-7,15;694,-46,-120;710,2,48
travessa||pixinguinha|estancia sao jose|37706013|15,-2179838,-4652354;25,-8,0;35,-21,-4;42,7,-4;47,-16,0;48,8,-2;55,-10,1;56,5,-3;63,-11,2;64,-9,-3;71,3,1;74,0,-4;82,-8,-1;85,2,3;92,-16,-4;95,2,0;105,-12,-7;115,-18,-3;120,15,-3;125,-17,1;130,10,0;140,-15,-5;144,-3,-3;158,-16,-3;168,0,-2;173,8,14;178,-12,-10;181,-6,-6;185,-3,4;188,5,2;195,-13,-9;198,7,-3;205,-12,16;206,10,-21;215,-10,4;235,-28,-6;245,-9,-3;255,-3,2
viela||fosco pardini|jardim quisisana|37701602|25,-2179783,-4656722;2171,3,-8
