estrada||para fazenda sete quedas|corrego aparecida|37700001|25,-2170281,-4655935
fazenda||sete quedas|corrego aparecida|37700001|1,-2170372,-4656527;2,722,6;3,-60,-47;4,-618,-65;5,-31,105;6,10,-69;7,22,-35;8,0,2;9,-18,34;10,367,-256;11,40,330;12,214,-68;13,47,60;14,-674,-75;15,5,7;16,365,-252
rua|santo|quirino|jardim victoria 2|37701291|5,-2180432,-4657530;12,2,-32;15,-4,21;21,0,-22;31,-6,-10;32,4,-14;35,-7,11;55,-5,-12;62,10,-8;67,-5,6;72,1,-24;73,-2,7;97,-4,-17;108,1,-20;110,4,20;119,8,-18;120,-16,-10;132,-4,-13;141,10,17;156,-9,-44;157,4,35;166,-7,-42;169,-3,29;175,-7,-34;176,5,-2;179,-2,23;209,-6,-33;211,4,-6;221,-17,-16;222,6,0;229,-11,-8;232,11,-5;239,-23,-9;247,-2,-4;252,6,1;261,-2,-7;266,-2,1;273,-15,-7;277,-4,-3;280,13,1;281,-19,-9;291,-2,-6;292,18,3;310,-33,-25;311,-29,52
rua||benedito quinteiro|conjunto habitacional pedro afonso junqueira|37706225|4,-2185586,-4656403;5,-260,148;12,247,-141;20,41,-12;22,-49,13;25,65,-23;28,-73,25;35,63,-21;36,-62,27;44,-9,2;45,65,-27;55,-4,1;65,-11,4;75,-6,8;102,-92,39;110,-8,5;118,-2,0;126,-12,8;134,-3,-4;142,-8,12;150,-8,2;155,-2,13;158,-3,-9;159,-5,12;160,70,78
rua||cleube quirino|residencial torre|37702010|10,-2178880,-4653825;20,-4,6;23,5,2;30,-13,12;33,2,26;40,-5,-17;50,-5,11
rua||das quaresmeiras|morumbi|37701000|15,-2180570,-4657938;184,-31,-156;230,-28,-20;238,-13,-8;250,-10,-5;262,-7,5;281,-34,4;283,-3,-6;286,16,-6;298,-12,-3;310,-11,-2;317,-4,9;329,-14,-2;334,1,-22;346,-10,2;358,-15,1;370,-17,-6;390,-20,-3;391,20,22;430,-40,-29;442,-21,-1;447,-5,10;449,-24,10;456,20,-25;468,-5,0;480,-20,-4;492,-15,-4;506,-8,-5;516,-11,0;530,-6,3;542,-19,3;551,-10,-2;557,-20,6
rua||das quaresmeiras|morumbi|37716303|25,-2180603,-4657905;41,10,-46;101,-7,-61;243,-50,-95;261,-18,4;499,-208,-59;505,-4,2;517,-5,-5
rua||jose francisco m quadros|jardim paraiso|37719899|8,-2182626,-4655813;19,-6,-4;21,45,-36;22,-34,39;27,-3,-6;35,0,-3;40,21,1;43,-9,-1;50,12,-6;51,-9,-1;59,7,-7;60,4,4;66,8,-6;67,-9,1;72,8,-2;75,-2,-6;84,4,8;94,7,-9;95,0,-8;104,11,-3;451,12,-17
rua||mario quinteiro|lote nova primavera|37703266|20,-2179016,-4653511;30,5,-3;40,1,-8;44,-4,-9;50,-1,8;60,2,-17;70,9,-15;90,8,-15;100,8,-14;110,-9,-14;120,10,-8;140,3,-18;150,9,-22
rua||mario quinteiro|loteamento nova primavera|37703266|35,-2179025,-4653519;45,11,-10;55,-7,-9;65,6,-13;75,3,-7;85,6,-14;105,2,-21;115,3,-10;135,5,-21;145,5,-14;155,-8,26;157,9,-37;165,0,-1
rua||quatro|belvedere|37701000|55,-2180190,-4659241;64,-9,-2
rua||quatro|bortolan|37704403|65,-2178667,-4664125;85,-31,10
rua||quatro|jardim bandeirante|37701000|40,-2181229,-4656502;50,-11,-7;190,110,106;195,9,-2;200,-9,2;205,16,-1
rua||quatro|vila brasil nossa senhora aparecida|37704510|10,-2184708,-4667765;40,-28,1;206,19,2;320,25,-1
rua||rachel de queiroz|jardim bandeirante|37706121|7,-2181108,-4656776
rua||wanda tramonte quinteiro|parque primavera|37704145|8,-2179040,-4653314;22,2,-6;27,-4,-10;37,14,-8;40,-5,4;47,-7,-18;56,15,-1;68,2,-3;77,-11,-18;80,16,-3;87,-8,-6;99,8,-18;108,34,5;117,-31,-18;118,10,2;132,5,-14;135,-8,3;146,10,-18;155,-8,-15;160,16,-4
