avenida|vereador|celso goulart vilela|residencial santa rita|37558718|80,-2226251,-4593162;180,-35,-136;260,-20,-129;360,82,-149;390,34,-54
avenida|vereador|celso goulart vilela|santa rita|37558717|20,-2226219,-4593056;37,-7,-552;335,-45,60
avenida||fabiano gilliar vilhena|parque real|37560243|30,-2228760,-4592213;34,2,1;38,0,0;40,4,-12;60,-1,-16;70,-2,-8
avenida||getulio vargas|centro|37550037|79,-2222899,-4593786;151,14,12;163,26,-35;169,6,-11;179,3,13;195,68,-41;197,-46,39;199,-6,-12;201,-1,-20;223,12,13;225,12,3;255,27,-9;257,5,2;259,-3,-7;267,10,-3;277,4,-1;291,18,2;301,11,-9
avenida||getulio vargas|centro|37550038|2,-2222988,-4593684;4,7,-15;8,2,0;14,13,-9;22,-20,6;72,38,-41;92,36,1;96,-3,-12;106,16,-14;108,-4,14;138,7,-30;144,20,8;146,-6,-10;148,7,9;164,23,-3;168,-6,-15;170,13,11;180,5,-10;182,2,-3;200,33,13;202,-36,-18;214,12,-1;224,13,-5;232,21,-1;250,0,-26;270,13,7;276,16,-20;280,-9,3;373,-223,166
avenida||luis carlos vilela|santa rita|37559501|515,-2226659,-4593298;635,-101,-125;675,-36,-29
avenida||luiz carlos vilela|santa rita ii|37557134|795,-2226879,-4593557;815,-9,-14;825,-12,-17;875,-30,-61;915,-8,-59;955,-11,-38;995,-11,-48;1005,1,-14
avenida||luiz carlos vilela|santa rita ii|37559502|600,-2226724,-4593397;610,-9,-6;630,-11,-24;690,-42,-49;770,-61,-76;800,-20,-29;830,-22,-28;850,-17,-18;960,-33,-135;990,-5,-28
estrada||velha|curralinho|37560107|210,-2227772,-4592590
estrada||velha|jardim aeroporto|37550001|110,-2227734,-4592553;210,-24,-21;218,-19,-18;220,-9,-4;221,-4,-10;320,-35,-43
rua|conego|vicente|centro|37550156|20,-2223401,-4593259;26,-1,3;38,-17,17;42,0,0;53,-13,-10;54,12,17;61,-10,-10;68,2,5;71,-8,-1;72,1,5;75,-3,-2;79,0,-2;80,-5,11;81,-3,-3;96,-7,21;103,2,-7;110,-5,7;111,-9,-4
rua|desembargador|ruy gouthier de vilhena|altaville|37553133|15,-2221825,-4593396
rua|irma|maria augusta vilela|residencial santa rita|37558704|20,-2226090,-4593142;30,4,-5;40,-5,-16;60,-10,-9;70,-17,-19;105,-33,-13;110,2,-27;115,-23,-15;120,15,4;134,-11,-1;135,-16,-23;140,14,9;162,-17,-32;190,15,-29;210,7,-20;220,1,-11;250,19,-41;255,0,-26;260,2,10;290,20,-32;295,-11,3;350,48,-80;355,-19,19;370,23,-33;380,12,-15;390,0,-7;400,6,-7;410,9,-13;420,4,-10;430,-1,-7;440,1,-6;450,13,-24;460,-3,2
rua|padre|vitor|cascalho|37553111|186,-2222143,-4592780;200,-1,-18;210,8,0;212,11,5;220,4,0;222,-1,0;226,2,2;230,6,0;232,-6,-3;234,14,4;240,14,-7;246,4,16;250,0,-7;254,14,8;255,42,-15;260,-40,18;275,26,-4;285,3,-3;288,8,-6;341,13,-15;343,12,-1;345,8,2;351,6,0;353,5,-11;359,4,-5;383,17,-9;389,7,-9;397,-2,-2;409,3,-13;419,18,-3;420,-16,4;430,6,-4;431,8,-14;459,21,-17;460,-7,4;467,9,-12;473,9,0;475,-6,-4;477,5,-10;483,8,3;497,-2,-9;505,3,-6;511,12,-19;525,4,-1;533,9,-7;541,4,-7;581,21,-29;591,4,-8;601,3,-4;625,25,-17;633,-4,-9;639,-4,-9;655,8,-10
rua|padre|vitor|nossa senhora aparecida|37553109|215,-2222088,-4592794;225,-16,0;229,4,0;231,0,0;239,16,7
rua|padre|vitor|nossa senhora aparecida|37553111|55,-2222248,-4592766;59,4,-2;77,7,5;81,7,-8;89,0,2;109,13,-11;111,5,0;117,0,-8;127,10,4;137,18,-7;143,4,-5;153,16,4;163,10,-1;183,-4,-10;187,8,2;189,1,0;193,1,-2;197,9,-8;205,6,-9
rua|padre|vitor|santa doroteia|37553111|209,-2222134,-4592810;215,-2,3
rua|vereador|antonio ribeiro de vasconcelos|centro|37550154|12,-2223348,-4593201;28,-16,1;32,4,1;36,-9,6;38,-2,-3;67,-19,17;75,-21,13;76,18,0;78,-2,-3;90,-14,3;96,-3,4;105,3,3;124,-18,19;140,-11,12;146,-10,-6;148,-1,8;151,0,4;153,-7,4;158,3,-4;161,-8,1;168,0,1;172,-10,5;175,5,-3;176,-9,6
rua|vereador|genaro vitale|jardim sao fernando|37556503|3,-2224378,-4588239;9,-22,7;95,-49,94;105,-9,-54;125,-25,84;135,0,11
rua||alfredo ribeiro do vale|guanabara|37554179|30,-2222493,-4592249;35,-19,7;48,-3,-7;52,-15,-14;54,-5,2;85,-32,-1;1130,-123,-35
rua||ana batista vieira|arvore grande|37557046|125,-2226073,-4592898;130,-25,-25;136,1,7;140,3,6;148,2,2;152,3,7;156,1,0;162,0,8;180,15,8;190,3,15;220,7,0;221,1,0;245,10,16;255,4,3;259,-7,-12;334,12,61;344,5,8;348,0,2;350,-1,7;360,2,3;402,-1,9;410,-2,5;416,5,7;423,7,-12;429,-1,4;430,-6,12;436,4,5;437,0,-6;440,-1,7;446,6,7;447,0,-4;450,-3,10;453,-2,-3;457,3,8;460,0,4;467,9,4;469,0,6;470,-11,-4;477,14,9;478,-12,-6;484,-2,8;495,15,7;500,-9,16;501,10,6;506,-6,-2;510,-2,-25;511,7,31;512,-6,0;518,13,0;519,-3,7;526,-3,4;528,-4,1;529,6,-1;530,-1,7;538,-2,13;539,5,-15;540,2,17;542,0,12;544,-3,-19;546,5,21;559,-3,-21;560,-1,37;565,2,-34;570,4,36;575,-2,-29;580,-3,36;586,8,11;589,-3,-40;591,0,9;593,2,5;596,1,38;597,2,-39;601,-6,7;603,5,8;606,3,35;607,1,-28;611,-2,8;612,0,30;615,0,-18;620,2,27;621,8,4;622,-7,4;624,1,10;625,4,9;630,-3,2;631,-2,-56;660,3,60;666,6,11;676,1,-5;681,9,26;686,15,2;690,-21,-7;691,10,15;700,-11,5;701,9,0;705,-2,4;710,-3,11;715,-4,-1;720,6,13
rua||antonio augusto vieira|morumbi|37561177|3,-2229167,-4590941;5,-5,-5;10,1,-5;15,-7,-7;20,14,5;25,-23,-38;30,14,15;35,-9,3;40,7,-3;45,-11,-7;50,3,0;55,-6,-13;60,11,7;65,-13,-12;70,8,1;75,-8,-10;80,9,2;85,-13,-12;90,8,3;95,-11,-12;100,11,5;105,-17,-19;110,13,5;115,-13,-4;120,-5,-46;125,4,45;130,7,-15;135,-10,1;140,8,-8;145,-16,-11;150,54,159;155,-54,-164;160,16,0;165,-21,-14;170,17,1;174,-6,-8;175,-28,-50;180,9,0;185,-13,-14;190,8,8;195,-8,-16;200,8,1;205,-11,-5;210,13,3;214,-9,-9;215,-7,-7;220,7,4;230,0,-12;240,-2,-5;250,-9,-13;260,-4,-13;270,1,-8;280,-3,-4
rua||bem te vi|sao joao|37550510|15,-2224055,-4596135;22,-4,14;25,11,-18;34,-6,9;35,17,-12;44,-12,4;45,15,-12;54,-9,9;57,15,-14;64,-11,5;65,15,-8;69,2,-3;70,-10,11;76,2,1;77,12,-17;86,-8,6;87,12,-14;92,-4,4;97,10,-4;99,1,-8;100,-5,5;103,10,0;108,-16,0;109,18,-9;111,6,-4
rua||benedita scodeler vasconcelos|bella italia|37555133|45,-2220279,-4590006;49,4,-5;65,-10,-17;69,-4,-4;75,0,-13;95,-4,-17;115,-4,-16;130,3,-13;135,-5,-1;140,-2,-16;145,-1,3;150,2,-18;155,-1,9;160,-2,-20;165,-4,10;170,3,-14;190,-3,-16;194,0,-3;195,-6,5;200,4,-16;205,-6,10;235,-46,-208;240,40,159;250,5,-5;260,-3,-12;295,-19,-43;300,11,10;310,-4,-8;315,-9,-14;320,4,5;335,-13,-28;345,0,-6;355,-2,-8;369,0,-16;375,-2,-7;380,21,7;385,-19,-14;389,0,-3;415,-12,-31;420,11,21;430,-1,-8;440,-9,-3;450,2,-13;460,-6,-6;470,1,-13;505,-25,-65;515,-5,-30;525,-1,-13;530,18,50;540,-1,-12;550,-4,-15;560,-1,-3
rua||braz vitale|santa lucia|37550138|16,-2223239,-4593057;17,-7,9;30,-6,4;40,-4,5;45,-8,2;47,-1,0;50,-1,0;51,2,9;53,-3,-3;59,-8,7;60,7,-3;67,-3,5;70,-7,0;71,3,13;81,-11,3;82,-6,-8;92,5,7;93,1,9;94,1,-4;99,-12,6;105,6,-2
rua||bruno vallias|belo horizonte|37556035|10,-2222970,-4589472;11,-41,28;12,-8,6;13,7,13;15,-8,2;16,55,-48;20,3,-3;21,-22,-7;22,26,4;23,-22,8;24,-38,39;25,1,16;26,59,-63;31,-18,-3;37,11,3;43,6,3;50,-60,52;60,-5,9
rua||das violetas|jardim yara|37550324|3,-2223994,-4594135;4,-1,-2;7,1,-7;8,-3,7;11,-7,-10;13,-11,-19;17,-4,-12;18,1,0;26,0,0;27,0,7;32,-7,-17;37,2,-15;40,-1,14;41,-8,-8;44,3,-8;45,-5,1;48,4,-1;50,-2,1;52,-3,-1;56,-1,-9;65,1,-6;68,-6,0;69,-3,-2;74,1,-1;82,-6,-3;83,-5,-3;91,0,-5;107,-4,-22;116,-15,-9;117,8,-4;120,-10,3;126,1,-8;132,-2,-3;135,6,7;137,-1,5;139,-1,-11;141,-3,-2;142,-4,-7;147,0,1;149,-1,0;151,-3,-1;156,2,0;165,-4,-12;166,-1,4;169,3,-12;170,-7,2;175,-1,-7;176,-7,-5;179,4,-4;185,-5,-3;186,-2,2;196,1,-3;197,-5,-8;239,-10,-19;240,-8,-9;245,3,2;246,3,-4;259,-10,-12;264,-5,-7;265,-2,6;268,3,-2;270,-2,-10;275,-13,-1;276,9,-7;281,-9,-2;282,-4,-14;284,4,15;288,0,-5;291,2,-1;292,-5,-10;303,-1,5;304,-2,-13;313,-1,7;333,-18,-34;340,4,3;343,0,7;350,-4,-15;352,-4,-5;353,9,27;362,-19,-32;363,6,-4;369,-6,1;370,10,-9;371,-8,1;373,-8,2;375,9,-20;378,-1,16;381,-12,-5;382,8,1;385,-7,-13;386,0,1;389,-4,6;393,-1,-11;394,6,6;400,-5,-7;409,-8,-8;410,7,6;418,-6,-8
rua||erico verissimo|pousada do sol|37552555|60,-2220866,-4593934;75,0,-19;80,12,-13;110,8,-16;1000,-3,5
rua||ernani rezende vilela|santa rita|37558722|65,-2226413,-4593311;75,8,-14;80,16,2;125,22,-34
rua||floriano do valle|esplanada|37552186|26,-2221686,-4593924;36,13,-4;46,7,5;56,10,-2;66,13,5;76,6,4;86,16,-4;96,7,-1;106,10,0;116,10,-1;125,17,7;126,-9,-11;135,14,16;136,-3,-7;145,11,-3;155,9,-4
rua||francisca nadir rios vieira|parque real|37560270|25,-2228952,-4592934;30,-6,18;40,0,10;46,-2,6;60,-3,16;70,2,2;90,-1,10;96,1,4;100,4,20;105,-4,-5;109,0,3;110,-5,10;115,6,-8;116,-2,18;119,2,-13;135,-6,21;140,3,14;145,4,-11;150,3,15;175,-15,28;177,4,9;179,0,8;190,-5,-1;195,4,11;196,-8,-5;197,13,10;200,-7,-5;206,-1,4;230,-1,25;236,-10,12;240,15,-4;250,-11,8;256,1,8;270,-1,13;280,0,13;286,-1,2;310,3,49;330,-6,20;350,-1,15
rua||geralda barbosa vilela|santa rita|37558721|55,-2226368,-4593301
rua||joao paulo vidal|sao geraldo|37558123|20,-2224288,-4592900;35,21,79;60,-10,-20;69,-9,-45;73,1,37;79,8,14;80,5,11;240,-20,-91
rua||joaquim venancio|primavera|37552017|40,-2222514,-4593665;45,1,-11;53,3,16;65,26,30;75,0,1;82,-2,-4;83,5,10;85,4,3;87,3,3;92,-6,-11;100,2,4;110,-11,-14;125,36,39;129,1,9;130,1,3;143,6,7;144,3,1;159,12,6;197,16,32;200,-5,-1;205,5,8
rua||joel veiga|pousada dos campos|37553664|30,-2221805,-4592721;35,16,-7;44,5,6;50,19,-2;55,-7,-12;65,32,3;70,0,7;75,-13,-9;85,15,2;100,-17,9;105,49,-2;115,9,6;125,4,-3;134,38,29;135,-32,-25;149,17,7;150,12,20;165,-1,-8;175,8,3;195,22,12;215,18,18;245,17,26;253,-12,-13;275,14,25;285,14,35;295,5,6;305,4,11;315,-2,11;325,3,11;335,4,13;365,-3,27;375,-9,20;420,-2,-67;430,5,11;440,8,5;470,-13,41;480,1,17;500,-16,27;510,-5,17
rua||jose fernando silva vilela|parque real|37560247|30,-2228855,-4592202;36,3,-4;40,0,-5;45,-8,0;60,10,-26;70,-2,-3;80,0,-8;100,2,-21;105,-7,1;106,7,-4;109,-7,5;110,6,-12;116,-1,0;120,3,-8;140,0,-19;145,-5,-2;180,11,-49;185,-3,8;189,2,-5;195,0,-6;199,-5,-6;200,7,-2;205,-6,-6;210,8,0;216,1,-7;220,-3,-9;225,-3,4;226,2,-9;265,-1,-32
rua||jose valias|bom jesus|37553440|6,-2222636,-4592930;10,-8,6;20,-4,11;40,-16,15;88,-30,24;96,-14,12;106,4,8;108,-10,-1;118,-4,9
rua||jose valias|bom jesus|37553463|45,-2222671,-4592899;61,-9,15;101,-20,32;103,1,5;105,-15,-6
rua||jose valias|nova pouso alegre|37553463|21,-2222643,-4592918
rua||luciano lo turco valim|nossa senhora do pilar|37553185|20,-2221442,-4593641;25,9,-13;35,-8,12;40,-7,14;45,12,3;50,-9,5;55,6,14;65,4,-57;70,-10,69;75,8,-5;80,-10,14;85,4,14;90,-7,-5;105,8,22;110,-10,6;115,11,-48;120,-7,54;125,3,19;135,-1,-25
rua||luis alberto turqueto veiga|las palmas|37550002|25,-2223087,-4589318;30,-31,-4;50,-3,24;130,-51,86
rua||luiz carlos vilela|jardim mariosa|37557134|20,-2226236,-4592409;25,8,-7;30,-9,10;35,5,-1;45,3,9;50,-11,1;55,4,8;65,7,5;70,-7,-5;80,2,18;85,-5,-10;90,3,41;91,4,-29;96,-4,35;97,12,-19;101,-9,11;102,2,5;105,-3,1;108,-2,8;114,0,6;117,1,6;120,-1,7;126,4,3;131,-4,-10;132,3,12;133,3,-2;137,-6,-12;138,-4,24;144,5,7
rua||republica da venezuela|jardim america|37551026|4,-2223098,-4594494;5,-6,-5;7,2,-9;8,0,10;10,-5,-3;15,1,-19;120,8,-82;137,3,-31;143,2,-3;144,-5,35;148,-5,-7;150,9,-32;153,-1,-12;158,-12,50;160,19,-46;161,-9,-6;168,11,1;169,-8,-4;170,-11,88;177,3,-18;187,22,-112;205,-24,77;214,30,-80;215,-27,150;216,-13,-5;218,4,-15;221,8,26;222,14,-153;232,15,-9;297,-8,-54;303,-3,-12;309,-7,-6;319,-3,-1;344,13,12;355,-32,-58;452,20,37
rua||roberto pereira do vale|parque real|37560291|15,-2229401,-4592872;25,-3,0;40,4,-19;44,1,1;50,-12,9;55,-14,34;59,-2,2;60,19,-32;63,-24,49;65,-6,-14;66,28,-42;80,-11,19;85,-19,41;89,-7,-2;105,-9,18;109,12,2;115,-8,7;119,0,2;120,14,-36;125,-20,45;126,15,-44;130,1,10;135,-27,33;136,15,-27;140,-4,-1;145,-15,42;146,14,-37;149,-15,43;150,9,-39;155,-15,41;156,16,-39
rua||v2|conjunto habitacional doutor custodio ribeiro de miranda ii|37561081|140,-2228728,-4591655;145,0,3;150,-4,11;155,0,2;160,1,7;165,1,4;170,2,6;175,-1,-1;180,3,13;185,2,2;190,-8,-2;195,6,5
rua||varese|faisqueira|37555102|20,-2221483,-4591035;65,55,-61;74,-18,42;76,1,2;80,4,-2;100,19,-7;120,10,-6;130,14,8;201,44,-38;250,-11,15;345,128,-70;420,-43,25;430,10,-4;450,11,-9
rua||varginha|sao joao|37550487|8,-2223962,-4595853;15,3,-24;18,-1,20;21,9,-27;26,-3,19;30,2,-9;35,6,-57;36,-6,52;40,11,-53;42,-9,50;45,5,-55;50,-1,27;54,2,-3;56,-2,-9;61,-4,-30;65,2,-1;70,0,0;72,2,-13;75,-3,11;76,3,-8;80,-9,-9;81,4,2;88,-9,-17;89,9,4;93,-16,13;98,8,-16;99,6,-4
rua||vicosa|sao joao|37550424|16,-2224139,-4595836;22,-3,8;30,-6,5;35,0,4;50,-4,-8;52,-6,9;69,-1,10;70,-3,-5;90,-2,8;100,-5,3;110,-7,2;116,-8,8;124,-4,1;131,1,1;134,-9,9;135,7,-3;137,-3,6;139,-7,2;144,-1,-4;149,-3,7;154,-3,-2
rua||virginia|sao joao|37550435|9,-2224073,-4595791;11,3,-1;20,0,1;21,6,2;28,8,18;30,-14,-12;40,7,-1;50,5,4;55,-9,-9
rua||wenceslau pereira valim|medicina|37553032|200,-2222215,-4593180;203,18,7;220,-33,-35;230,30,30;240,-30,-46;245,24,-17;248,9,-1;250,-15,9;265,-3,-26
travessa||evaristo da veiga|centro|37550112|8,-2223344,-4593374;12,15,5;23,6,11;26,-4,6;32,7,8;35,-5,-4;36,-5,-10;38,-12,5;40,-4,-33;43,27,47
travessa||geraldo vilela|sao camilo|37550141|146,-2223360,-4592841;150,0,0;156,-10,13;166,4,-8;176,0,3;180,8,-7
travessa||varginha|sao joao|37550489|9,-2223941,-4595934;15,9,2;18,7,2;25,1,1;26,0,0;35,9,1;36,5,0;44,-1,0;48,3,5;49,4,-7;53,8,4;58,5,7;63,6,-2;68,-4,5;71,11,-1;78,-8,1
travessa||venancio|sao geraldo|37558053|6,-2224647,-4593020;9,-1,-2;17,1,-12;18,0,17;20,-3,-17;32,1,0
