alameda||dos resedas|vale das acacias|33830075|20,-1975156,-4413973;25,130,-38;35,-29,10;37,4,1;40,-2,3;91,-25,5;95,-83,15;97,40,-9;121,19,-6;122,13,-3;130,-17,8;135,19,-17;142,-36,24;147,38,-16;160,-44,15;177,36,-10
alameda||dos rouxinois|vale do ouro|33833050|4,-1976660,-4412862;43,10,19;70,18,41;127,30,54;194,34,62;239,36,14
alameda||dos rubis|vale da prata|33825560|12,-1975579,-4414195;14,83,-74;27,-17,19;73,-25,6;75,1,-1;77,15,0;135,34,-32;139,9,-5;140,-14,10;145,6,-5;148,20,-21;155,13,-8;159,63,-55;165,-21,-290;167,-38,341;173,6,2;175,30,-345;177,-28,336;185,19,-349;187,57,282;201,-72,-286;203,18,332;215,8,-1;221,-26,-336;225,7,345;231,-6,-246;241,-18,-117;243,67,337;244,6,-1;251,-83,-339;264,63,357;271,-79,-361;279,104,327;281,-107,-347;291,-8,-7;294,138,338;295,-1,-4;305,15,-8;311,-170,-330;313,86,162;315,91,163;316,-37,40;331,-158,-374;341,-17,10;351,12,-14;353,-14,-1;355,215,339;361,12,-11;363,-239,-328;371,245,320;383,10,-5;406,-17,3;410,22,-11;412,0,10;424,11,-13;425,-1,-13;427,-1,5;439,15,0;447,6,-9;459,7,-11;461,3,4;469,4,-7;470,230,-229;475,-226,229;515,53,-52;533,7,-3;554,-2,3;564,59,-135;574,-44,125;576,4,-2;580,9,-9;605,16,-13;608,0,1;618,6,-4;644,11,-9;646,4,-6;650,10,-8;652,11,-7;675,9,-14;693,-45,37;695,7,-5;701,0,1;709,11,-13;717,13,-9;718,15,-13;719,-15,13;727,35,-29;735,7,-11;738,28,-37;745,-19,27;751,20,-38;754,-12,37;762,19,-38;771,5,-22;777,5,-11;787,6,-6;796,3,-14;802,-2,19;809,10,-49;810,3,20;822,8,-9;894,-18,35;898,2,-6;900,3,-8;918,12,-23;921,1,-18;922,3,6;924,3,-13;936,-1,-33;948,-4,-6;954,-8,-4;960,1,-4;970,-7,-8;982,-5,-8;990,-10,-14;1020,-16,-15;1021,6,10;1024,-60,-86;1031,44,71;1032,4,-5;1033,47,70;1034,-45,-68;1036,-74,-96;1041,76,106;1043,31,42;1044,-43,-66;1046,-70,-93;1048,71,95;1054,-12,-17;1056,-67,-83;1057,76,99;1061,2,7;1066,-15,-29;1076,-6,-11;1078,-2,0;1096,-65,-85;1123,-114,542;1124,175,-488;1126,-23,2;1130,1,-1;1154,-13,-23;1155,-19,-1;1195,-3,-26
alameda||peroba rosa|solar das palmeiras ipe amarelo|33830123|1,-1971842,-4413593;21,-259,94;23,27,-23;50,-22,18;72,203,-88;90,-173,66;201,48,-40
alameda||rolinhas|jardim colonial|33809099|26,-1978474,-4409671;41,20,-15;131,98,-60;171,-71,170;205,155,-223;300,0,0;350,48,-27;422,-178,106;425,-44,26
alameda||rouxinois|jardim colonial|33809050|161,-1978094,-4410273;170,-20,-18
alameda||rouxinois|jardim colonial|33809064|2,-1977804,-4410286;7,-134,-11;8,123,9;11,-119,-3;12,-35,0;13,-20,-7;15,-19,5;17,-20,-4;19,-45,-3;21,-9,9;25,-61,-1;27,15,-13;29,-10,2;31,-11,5;33,36,87;35,-44,-96;38,-13,14;39,9,-13;46,127,15;60,130,7;68,-108,-10;72,19,26;78,101,-6;80,0,-2;82,11,22;83,-144,-27;86,139,14;88,-68,47;93,-122,-75;100,196,108;103,-142,-101;104,164,99;105,9,23;111,10,20;113,-197,-144;119,200,149;120,-11,-4;129,16,16;130,-10,-8;137,-11,50;142,18,-22;143,0,6;155,-16,28;168,-5,-2;173,0,12;182,-279,246;184,113,-72;185,168,-173;199,-14,5;221,-21,22;231,12,-8;241,-28,26;251,-9,2;261,14,-5;273,41,-182;275,-43,238;293,42,-237;331,-101,234;333,114,-322;341,-124,330;363,-15,17;371,-7,16;385,1,4;397,0,-1;407,-17,25;417,-5,12;423,147,-162;447,-163,184;451,3,-12;459,-5,14;461,-5,3;499,-14,23;514,-73,35;535,39,-15;545,-17,12;555,2,4;565,233,-253;577,-265,261;587,16,-11;597,-45,20;659,-19,16;695,-28,14;697,-20,13;699,358,-316;700,-363,315;701,-2,6;702,102,-61;747,-147,88;771,-41,22;774,452,-366;778,-340,284;814,32,-2;826,-125,65;850,123,-68;859,-166,102;862,44,-36;869,-49,37;874,169,-102;875,-178,109;879,-10,4;889,-12,8;919,-18,10;929,-10,7;939,-16,11;949,0,0;959,-11,3;969,202,-115;1025,-268,154;1035,-23,15;1075,-18,22;1162,25,-24;1172,-9,4;1182,-6,3;1192,-13,13;1202,-5,18;1214,-12,2;1225,8,-2;1232,-15,14;1234,7,-6;1242,-12,12;1245,10,-3;1252,-14,22;1264,-6,-1;1265,-2,0;1274,-10,3;1275,5,4;1277,-5,9;1285,-13,18;1295,-7,12;1323,-17,24;1325,-3,3;1337,-10,14;1340,31,-49;1350,-14,18;1362,-7,10;1372,-3,2
avenida||denise cristina da rocha|centro|33900001|400,-1979920,-4401505;480,-13,-74;484,8,-17;502,-13,-21;510,-4,-42;512,-2,-3;556,-4,-14;615,3,-56;625,-7,-17;638,4,7;639,2,-2;641,-2,6;651,10,-21;673,-9,-12;678,-4,88;685,-7,-120;689,-25,-4;691,13,-17;707,2,-18;717,-2,-23;719,-2,13;729,3,-16;730,12,85;732,4,21;734,-1,-11;785,-5,-20;831,-14,-87;841,-5,-15;900,17,193;966,3,-109;1001,-10,-21;1080,-8,-158;1489,8,204;1522,50,351;1532,-11,-21;1542,-5,-14;1602,20,163;1604,-3,4;1660,-3,129;1680,0,-69;1690,1,-15;1696,3,-23;1716,-1,-7;1800,-47,-593;1850,-4,-4;2000,-2,-103;2095,0,75;2107,-1,5;2124,0,-41;2125,-4,23;2145,-5,-30;2155,-14,-26;2157,13,42;2225,-35,-208;16660,89,969
avenida||denise cristina da rocha|guadalajara|33900001|651,-1980271,-4400423;653,11,-42;657,8,-20;659,1,-10;661,-6,49;663,-6,12;665,10,-70;667,-5,55;671,-8,9;673,14,-67;675,5,-1;679,-13,61;681,14,-72;687,9,-11;689,-3,6;699,5,-14;711,8,-9;721,1,-14;735,12,-34;747,15,-48;755,5,-6;763,-6,-13;775,6,4;801,9,-17;805,29,-67;807,-6,11;811,-12,55;823,2,-11;857,78,-150
avenida||denise cristina da rocha|lagoa|33900001|473,-1980335,-4400110;475,48,-35;487,-2,-4;499,-7,-13;511,13,-5;521,-2,-11;533,-10,-17;545,16,-25;593,10,-75;595,-21,24;600,184,-502;612,-132,344;631,-43,121;637,-17,-4;660,201,-521;680,7,-14;690,-1,-13;700,12,-11;705,-193,528;717,-4,-13;719,2,-5;721,-16,-16;742,241,-564;748,14,-12;780,-2,-16;1440,32,-39;1460,6,-25;1480,19,-43;1492,-20,14;1558,56,-95;1720,-17,28
avenida||denise cristina da rocha|lidice|33900375|300,-1980285,-4400047;312,-6,-39;320,-3,-7;348,4,-31;356,-2,-6;428,14,-8;440,3,-10;444,-2,0;452,-5,-8;466,-3,-19;500,8,-41;530,4,-20;538,-7,-6;540,-3,-5;542,8,-1;544,-8,-5;550,7,-5;560,-8,-5;570,-4,-16;578,13,-9;580,-5,-4;581,-9,-11;590,2,10
avenida||denise cristina da rocha|papine|33900667|2255,-1980064,-4402279;2300,21,40;2315,14,36;2317,-16,-15;2555,-124,-7;2581,-50,-330;2657,35,49;2745,23,36;2757,-13,-6;2765,27,29;2781,-37,-59;2807,-2,-7;2819,-20,-21;2826,149,229;2846,-156,-246;2850,150,236;2865,-165,-241;2875,18,10;2881,-23,-21;2891,-3,-7;2895,-11,-13;2900,152,77;2915,-156,-82;2927,-21,-25
avenida||denise cristina da rocha|sao januario|33900001|911,-1980063,-4400909;935,-2,-15;1081,56,-110;1357,-21,56;1367,7,-12;1379,9,-7;1385,12,-22;1481,11,-36;1483,-2,-11;1491,10,-15;1496,3,-7;1505,4,-8;1509,9,-12;1511,-14,-8;1555,24,-10;1585,20,-54
avenida||denise cristina da rocha|sao januario|33900375|435,-1979945,-4401543;455,-58,-29;465,52,-65;471,-9,-44;503,8,43;505,0,-13;514,7,79;1501,12,57;1509,13,-2;1513,-15,-19;1514,-18,-6
avenida||denise cristina da rocha|sao miguel arcanjo|33900001|1201,-1979920,-4401390;1495,-11,-81;1507,-1,-14;1597,6,71;1599,-10,202
avenida||denise cristina da rocha|vera lucia|33900001|2222,-1979964,-4402149;2272,-43,-15;2282,-7,-28;2292,0,-11;2302,-1,-5;2310,4,-42;22302,-4,40
avenida||francisco bento rodrigues|alterosa|33821235|4,-1977554,-4413219;5,80,-79;20,-10,-9;30,-2,-7;35,7,5;76,-27,17;96,-27,11;129,37,-5;136,-56,24;140,-10,20;150,-11,12;157,22,5;160,-19,3;169,13,12;179,-3,7;195,-10,14;200,-1,-17;220,-10,26;280,-17,24;320,-32,64;353,-8,61;370,-32,49;381,18,-22;420,10,-48;440,-10,26;455,-13,51;465,-15,7;475,6,15;521,-12,69;529,112,-240;601,-119,310;631,-7,27;730,-31,71;735,149,-301;747,-119,332;801,-19,10;811,-4,-10;1035,269,-641
avenida||francisco bento rodrigues|jardim verona|33821235|555,-1977709,-4412920;564,-1,8;582,47,12;596,-65,17;614,6,11;628,2,17;646,-3,27;660,-3,-57
avenida||redentor|atalaia|33933330|190,-1979156,-4400507;292,0,-20;296,3,1;298,-7,25;300,10,-35;308,-2,32;310,3,-32;312,-30,108;314,12,-66;316,3,38;318,2,-14
avenida||redentor|botafogo|33933330|31,-1978992,-4400783;32,-27,16;41,17,0;42,-24,7;49,6,0;56,-22,3;59,19,11;62,-27,-1;63,17,0;69,-14,6;70,-12,-1;76,13,2;79,-10,7;91,-9,3;92,-4,-4;99,0,9;106,-4,-4;151,-25,29;161,-7,16;171,-5,1;176,0,-7;184,-11,25;185,12,4;187,-38,113;189,30,-113;191,-8,27;194,6,-16;210,-7,0;211,-1,29;213,-4,-6;220,-2,-10;223,1,34;226,-1,-35;230,-5,7;240,-1,12;250,-3,12;260,-8,2;297,4,80;301,1,14;309,-14,44;311,11,-43
avenida||walter dias ribeiro|viena|33944110|39,-1980493,-4402787;41,8,2;61,-10,-7;71,-7,-11;81,-12,2;85,-1,-4;91,-22,18;99,0,-32;101,0,13;121,-7,-17;127,2,-8;141,-14,-6;151,-9,-5;161,-8,-11;169,-10,-10;201,0,4;211,-7,-9;217,-6,-4;231,-16,-29;241,-8,-8;242,-8,-8;246,-17,-19;252,-69,-69;257,62,72;261,0,0;262,-11,-20;264,-34,-33;271,37,48;281,-5,-8;291,0,0;298,-98,-106;300,-10,-6;301,99,107;302,-97,-113;311,92,104;321,-9,-10;331,0,-5;351,-20,-15;371,-20,-14;381,1,-8;391,-5,-5;401,-6,-3;403,41,42;411,-53,-55;421,0,3;431,-10,-14;441,-8,-8;451,-1,-2;461,-10,-11;471,-3,-5;475,-12,-14;481,0,0;510,-2,-21;530,-13,-5;531,-25,-24;534,3,1;540,-6,-6;550,17,12
beco|santa|rita|vila bispo de maura|33938410|1,-1982771,-4401491;3,-4,-7;4,2,50;5,-17,-48;6,28,9;7,-32,-22;8,30,34;9,-31,-46;10,1,-4;11,-14,8;12,38,54;17,-15,-48;20,20,19
beco||das rosas|vila da hortinha|33860500|33,-1977503,-4406974;34,8,5;35,-4,-11;46,3,1;55,-1,15
beco||do radio|landi|33925220|1,-1978254,-4398903;54,1,-1
beco||extensao da rua maria do rosario|veneza|33820330|84,-1977001,-4414336;198,-3,-1
beco||ipe rocho|urca|33933470|22,-1980084,-4400384;168,28,24;217,-6,-10
beco||ipe rocho|urca|33933550|5,-1980076,-4400388;7,4,1;13,-21,4;33,7,12;40,3,1;215,15,-8;220,2,8;515,-26,-14;928,28,10
beco||redentor|vila bispo de maura|33938417|1,-1982826,-4401467;2,-28,34;3,-6,2;4,11,-14;5,-7,-17;6,-4,9;7,49,-26;8,-31,28;11,-29,9;13,38,-6;14,4,-14;16,-27,17;19,32,-22;20,-36,11;21,-14,7;22,28,-6;50,-8,43
beco||regina|santa fe|33935020|101,-1980773,-4400652;102,-5,4;103,16,5;104,8,2;105,-2,4;106,16,-12;108,-12,11;109,-21,-4;111,19,-6;112,-2,5;115,-10,-5
beco||santa rosa|santa fe|33900190|16,-1980663,-4400556;35,-4,0;37,5,-8;38,-22,-5;460,16,20
rua|coronel|rubiao|fazenda castro|33826194|175,-1974996,-4415712;177,-9,4;180,41,-11;181,2,-2;183,-22,2;190,33,-1;191,-20,-1;200,32,4;204,28,-4;210,-19,-1;220,2,1;315,28,0;319,-120,23;321,7,-2
rua|escritor|joao guimaraes rosa|belvedere|33821480|20,-1979295,-4412406;50,-3,29;51,4,3;60,-6,5;61,0,9;63,-6,76;110,3,-55;111,3,21;121,1,13;140,1,13
rua|escritor|jose lins do rego|belvedere|33821470|10,-1979146,-4412528;11,3,3;60,41,20;61,28,17;80,-15,-9;81,8,2;91,10,6;101,2,-1;121,22,12;131,5,1;140,3,10;181,-55,-35
rua|marechal|rondon|fazenda castro|33826114|20,-1975579,-4416216;30,1,-2;40,7,-6;41,5,-8;50,6,2;61,12,-11;79,3,-4;80,6,1;91,16,-17;100,-1,6;101,2,-5;111,14,-9;120,-6,10;131,23,-20;140,5,2;160,29,-14;161,-4,1;211,28,-23;230,4,-1;231,16,-7;240,-3,5
rua|nossa senhora|do rosario|centro|33902502|15,-1979930,-4401911;25,13,-3
rua|nossa senhora|do rosario|florenca|33823730|19,-1977213,-4414571;20,-3,2;21,23,-14;22,-12,5;23,18,-9;24,-14,11;25,27,-11;26,-21,4;27,21,-5;28,-2,0;30,10,-1;32,9,-3;33,59,0;35,-64,-1;36,24,-11;37,-10,7;38,11,-6;39,-20,9;40,29,-1;41,-1,-3;42,83,-2;43,-90,0;45,62,10;47,8,-2;51,-167,34;54,215,-46;1713,34,16
rua|nossa senhora|do rosario|landi|33902502|364,-1978502,-4399247;366,5,18;370,6,5;374,8,8;376,4,3;382,-53,-56;384,52,57;385,-203,-59;399,219,70;409,-1,14;471,-43,232;478,20,-195;480,1,7;620,-15,32;630,-6,24;640,-3,6;644,-3,4;650,-2,7;660,4,8;670,1,10;680,-9,12;690,8,16;700,-3,8;710,-2,18;720,7,10;730,1,6
rua|nossa senhora|do rosario|mantiqueira|33902502|485,-1978488,-4399138;495,7,-6;496,-25,61;503,17,-38;505,3,-9;510,11,-22;515,4,-12;629,-27,58;635,-7,13;649,-3,7;689,-1,48;695,-5,7;699,6,8;709,-1,7;711,-7,6;715,0,15;721,3,4;722,11,19;725,-11,-15;729,14,15
rua|nossa senhora|do rosario|maria helena|33902502|26,-1978810,-4399550;36,11,8;48,9,15;60,11,10;72,2,3;84,10,5;96,5,13;108,10,6;120,8,7;132,9,7;144,4,8;146,9,-4;160,4,15;170,22,33;180,19,-6;190,-6,10;200,12,8;202,-33,-24;204,47,34;206,-18,-11;228,30,33;240,5,1;252,9,14;254,3,21;256,7,14;288,9,-10;300,7,6;312,8,14;324,3,-4;336,13,5;342,7,10;348,-1,4;360,13,19;372,2,-3
rua|nossa senhora|do rosario|tropical|33902502|11,-1979852,-4402002;12,0,17;15,1,-3;19,-4,-16;21,-22,59;29,28,-79;31,-29,66;39,19,-64;43,6,68;49,-7,-88;53,8,86;80,3,-42;82,-10,-22;84,2,17;86,-4,-19;88,-1,-3;90,-10,-31;100,2,7;122,-5,-19;130,-3,-10;135,7,-2;141,82,101;161,33,-11;163,4,9;165,9,-4;167,12,3;171,-33,7
rua|nossa senhora|do rosario|vera lucia|33902502|91,-1979827,-4401962;121,25,6
rua|nossa senhora|rosario|maria helena|33930000|95,-1978747,-4399492;105,2,4;165,42,43;167,6,6;205,19,25;217,8,0;235,14,17;243,7,5;245,176,183;253,-150,-174;535,159,181;537,-2,2;539,-1,13;555,-21,-40
rua|nossa senhora|rosario|mizongue|33930000|53,-1978776,-4399529
rua|nossa senhora|rosario|mizongue|33930445|71,-1978196,-4399582;73,12,7;81,-24,-7
rua|padre|liberio rodrigues|vereda|33822532|10,-1982363,-4409586;16,-9,12;20,-44,126;21,39,-108;30,0,-12;38,-10,5;40,7,5;50,-2,3;60,-6,12;70,2,6;80,-6,22;84,3,-36;100,-24,62;110,12,-4;120,-7,7;130,-7,16;140,-3,3;150,5,5;160,-7,10
rua|padre|pedro cordeiro da rocha|centro|33805040|4,-1976669,-4408555;16,-7,0;21,-7,11;28,-215,102;41,183,-89;68,-328,163;78,-9,0;90,322,-164;94,-13,7;95,-12,14;97,-315,154;105,311,-149;123,-13,4;135,-12,4;155,-15,5;160,-11,2;167,-3,13;179,-5,4;195,-12,3;220,-197,95;235,174,-82;249,-4,7;285,-60,22;287,23,-8;307,-5,2;308,-3,-6;312,-24,13;323,-2,7;325,46,-27;355,-77,41;365,-14,7;375,-10,10;380,-15,-2;385,3,2;387,10,-1;390,8,-15;402,-49,29;403,26,-8;414,-4,-7;421,-9,18
rua|princesa|riviera|flamengo|33933160|18,-1978732,-4400848;21,36,57;28,-45,-65;36,-5,-2;38,-7,-6;40,-6,-9;45,-2,9;47,8,6;51,-14,-8;52,-2,-18;65,-12,12;68,10,-6;74,-12,-18;80,1,-2;143,-3,9
rua|sao|joao del rei|fazenda castro|33826144|28,-1974880,-4415968;29,-11,-2;30,7,0;40,21,5;41,-7,3;43,4,-1;51,2,3;60,18,-1;61,-7,5;70,41,16;71,-29,-14;81,4,2;93,14,2;101,16,9;110,16,8;111,-4,-3;121,-4,-2;131,5,2;140,7,7;141,0,-5;150,8,-2;151,1,12;160,12,-4;161,-32,-14;170,31,24;171,4,-1;174,14,10;180,8,5;190,11,5;191,-10,-11;201,7,5;211,5,0;220,-174,-68;240,216,87;241,-29,-13;250,36,18;251,-19,-14;260,22,18;270,10,0;271,-18,-12;280,27,13;412,-63,-20
rua|sao|joao del rei|sevilha b|33858200|36,-1975346,-4408738;38,10,0;43,-1,3;47,3,-11;50,-16,7;54,-16,10;59,36,-20;71,9,-6;82,198,-127;83,-195,120;98,24,-4;103,-14,-3;110,28,-5;117,-86,53;120,98,-54;144,4,-11;147,-29,14;161,23,-14;182,34,-16;183,-38,15;185,357,-278;187,-329,260;189,374,-277;191,16,-13;194,-372,281;197,-42,22;201,420,-305;202,-353,271;211,-9,-2;221,-23,16;225,401,-294;233,-385,284;240,52,-24;256,-93,50;265,115,-71;270,-4,-1;277,11,-15;279,23,-8;289,-16,11;300,5,-4;308,13,-5;320,19,-9;324,-5,-3;341,-15,9;348,27,-19;353,-20,15;362,35,-22;365,-16,8;370,16,-29;372,4,15;374,10,-6;376,11,-11;389,-35,22;400,20,-12;409,-6,-10;421,6,4;432,34,-21;433,-28,10;440,-76,72;444,120,-88;456,7,-10;464,-33,28;478,47,-37;479,-29,15;481,-18,19;483,29,-27;485,-22,17;488,43,-31;491,-2,5;503,8,-15;529,11,-4;531,3,-7;537,10,3;550,8,-2;551,-1,-16;561,13,-11;563,9,-23;565,-2,10;580,-4,24;586,13,-7;600,14,-11;608,5,-2;610,2,-1;618,8,-8;630,11,-11;646,12,-9;656,12,-10;668,7,-6;671,15,-17;680,-4,9
rua|sao|joao del rey|fazenda castro|33826144|91,-1974508,-4415718;301,-107,-134;310,9,13;311,5,1;314,23,30;320,-26,-23;321,5,-3;330,2,12;331,3,-4;337,28,32;340,-25,-26;380,19,28;381,6,7;382,-2,-7;400,5,11;401,24,24;410,-15,-19;420,6,6;431,18,25;441,60,75;470,-58,-69;481,34,33;490,-22,-15;500,10,7;530,10,20;531,9,-2;560,53,74;571,-15,-26;581,9,16
rua|sao|romao|sevilha b|33858280|15,-1975224,-4409177;25,-10,-15;41,-6,-16;44,6,1;54,-6,-9
rua||alda salomao resende|evereste|33943425|10,-1981070,-4401561;14,-4,-20;20,-1,-4;22,1,-8
rua||alda salomao resende|katia|33943764|11,-1981078,-4401562;17,0,-8;25,5,-7;37,-2,-24;666,-42,7
rua||alda salomao resende|sao joao de deus|33943425|15,-1981076,-4401831;23,16,21;31,-4,17;35,-1,10;47,-4,12;51,3,10;53,-4,8;59,2,8;71,0,0;72,-103,32;83,103,-13;87,1,23;89,-3,11;93,-1,3
rua||alexandre ribeiro|veneza|33820300|14,-1976703,-4413932;20,-1,-6;22,-10,-4;25,-1,1;31,-5,-1;34,4,-3;41,-16,-7;46,4,-1;56,-10,-3;61,-4,-2;63,-7,-8;68,-2,0;72,-3,6;75,-14,6;84,6,-21;87,-6,4;121,-3,-8;165,-54,-26;168,7,7;177,-28,-11;178,21,13;182,-8,-17;184,3,-6;185,-21,0;190,17,-4;195,-23,3;202,5,-4;205,-15,-9;214,13,-1;217,-35,-14;226,16,9;227,-32,-15;237,-8,-8;247,-10,-4;250,41,16;262,-5,1;278,-23,-16;286,-9,-3;302,-24,-17;330,64,39;342,5,5;364,-98,-68;368,72,48;375,-66,-29;385,-15,-5;406,203,109;417,-258,-142;420,4,-4;427,-13,-8;432,3,-5;441,-10,2;444,9,-4;447,-28,-1;456,10,-7;471,-19,4;473,4,-12;480,2,5;483,-13,-5;494,5,-19;495,-15,11;506,3,-5;507,-7,0;520,-15,-15;521,1,5;526,-71,-49;528,10,5;530,65,47;533,-8,-6;543,-13,-9;546,-26,-19;550,41,24;557,-25,-3;558,-50,-42;564,65,42;569,-25,-12;570,12,3;574,-6,-11;579,-8,11;586,1,-10;633,-56,-31;645,-19,-12;664,20,7;676,-22,-5;682,-6,-11;694,-16,-5;695,10,15;705,-15,-14;747,-37,-16;851,61,32;866,-16,-16;868,-25,-15;870,-6,-4
rua||antonio candido rocha|ribeirao das neves|33900670|5,-1980208,-4403105;10,-50,195;63,362,367;2800,-422,-198
rua||antonio pinto rocha|felixlandia|33943450|6,-1981101,-4402083;8,-53,-11;16,44,22;90,-59,-29;116,-21,-7;121,-53,7;128,51,-32;133,-56,14;135,-2,-11;140,41,16;145,-58,-14;154,116,40;157,-13,-18;163,-113,-19;169,92,24;181,-7,-4;182,-33,-14;185,23,0;191,-9,1;192,28,11;194,-45,-9;201,-4,3;204,-12,-8;216,-5,3;275,-53,-16;278,26,5;280,-7,-7;283,-7,0;284,29,9;286,-43,-13
rua||aremita resende|veneza|33820410|20,-1977732,-4413746;30,1,-10;41,4,-22;42,5,1;48,5,-16;53,-11,5;54,0,24;87,14,-67;88,-3,29;89,0,-42;96,6,5;181,-1,-41;182,16,0;189,-5,-32;191,0,-11;192,0,13;193,-5,4;204,15,10;216,-3,-15;221,-4,-27;228,0,5;231,-1,-20;241,6,-3;242,3,3;244,-3,8;251,-1,-22;254,5,-3;266,-3,-10;271,3,-9;272,7,-5;275,-13,16;281,11,-18;290,-5,-10;291,7,-62;301,-3,16;305,-1,6;311,4,-29;320,18,-27;321,-12,17;335,4,38;350,0,-14;355,0,19;357,1,-75;360,2,47;367,-3,-54;378,16,-20;379,-12,8;390,23,-22;432,2,-62;438,0,11;440,-19,100;442,0,-8;449,24,-170;451,-5,61;452,1,-2;463,-6,-16;464,10,2;487,2,-34;488,0,9;523,-6,-45;524,13,13;538,14,-12;547,-17,-13;552,-4,32;559,8,-47;568,3,13;569,-6,42;570,-3,36;574,2,-35;581,-91,467;593,1,-7;600,119,-552;605,-17,10;620,16,-15;628,11,-13;629,-10,1;638,22,-20;641,-5,-6;651,-40,68;689,70,-93;701,9,10;702,20,-7;703,-11,2;723,26,-21;726,0,6;738,25,-6;740,20,-7;742,1,-10;753,-34,7;773,38,-9;785,8,-8;788,11,6;794,-5,-5;810,13,-3;813,-8,-6;818,15,0;824,11,-7;825,-22,4;827,15,-9;949,6,0;951,9,-7;952,9,2;953,5,-10;955,7,-3;979,13,-5;986,26,-10;991,-25,6;993,7,-5;1115,-214,126
rua||argemiro rocha|santa paula|33880330|12,-1978145,-4407898;16,3,1;26,10,10;36,9,7;39,-5,-11;50,17,9
rua||armindo candido ribeiro|sao joao de deus|33943358|3,-1980847,-4401350;5,8,-14;8,-2,9;10,11,-3;15,-7,-16;35,7,-16;40,-3,24;55,-6,-47;70,14,36;75,-10,-49;85,-16,-24;90,25,64;100,1,3;104,-9,-27;105,4,-51;115,2,-9;145,4,-14;150,-4,53;180,-7,12;260,5,-24;270,9,-9;284,-1,-13;290,-4,-4
rua||bento ribeiro|botafogo|33902660|11,-1979066,-4402174;25,-7,14;35,11,8;45,1,8;100,21,52;105,209,-67;110,-240,-11;120,0,12;126,32,76;130,-21,-53;140,-8,-11;150,43,71;161,-2,31;162,-5,9;184,14,17;203,-4,-16;207,2,7;215,1,2;251,-12,-26
rua||bom retiro|botafogo|33933240|6,-1979071,-4401255;7,-4,2;8,2,-3;9,13,10;10,-10,-8;12,14,16;15,-5,-4;16,128,183;18,-112,-151;19,-5,-16;20,-4,14;23,6,-8;31,23,49;32,-12,-37;42,12,22;43,3,3;44,-8,-18;48,3,5;54,29,52;100,107,149;110,-6,-72;140,-104,-82;141,0,-15;146,19,32;149,-2,0;150,9,15;157,70,96;160,-72,-94;161,45,66;165,-44,-69;170,15,14;173,-20,-13;177,21,3;180,-7,13;210,85,-5;271,-41,47;272,-20,-7;273,6,-3;281,29,23;292,-16,10;310,50,44;350,-65,-80;355,47,70;356,-46,-68;365,59,81;382,12,13;385,11,20;388,-14,-8;394,19,7;395,3,8;396,-11,-10;401,33,15;406,-27,0
rua||carlos ramiro|neviana|33808110|15,-1977863,-4410606;18,72,-74;21,-62,59;30,62,-59;42,67,-212;54,-59,206;68,65,-65;71,-90,106;78,44,-67;80,-32,40;92,38,-36;93,-80,82;96,117,-131;99,-81,86;130,45,-47;135,33,-40;136,-14,18;145,11,-16;148,-81,102;165,36,-58;166,14,14;175,26,-49;177,0,-2;184,-2,2;189,-6,5;198,-9,10;203,13,-14;212,-2,7;215,-77,87;220,86,-93;222,0,-9;232,4,4;238,-29,28;262,10,-15;286,50,-51;298,-12,14;312,29,-35;313,-17,18;322,20,-20;331,-17,10;334,-45,56;362,82,-120;431,13,-44;433,-3,-6;434,0,-5;436,5,11;443,-2,-17;455,-102,180;460,101,-189;463,0,-11;467,-4,7;469,-4,-45;476,4,76;481,-1,-75;484,3,89;488,-3,-78;490,-15,-40;491,12,25;503,-9,-18;518,13,93;542,-16,-100;550,2,4;572,-15,-42;584,16,43
rua||carmelito moreira dos reis|katia|33935490|12,-1981536,-4401061;13,-8,21;25,-6,-10;45,-8,-31;55,-2,-13;58,10,8;66,-7,-15;76,-3,-13;78,-1,-6;80,-17,-16;82,7,6;85,13,24;90,-24,-50;95,10,37;99,-7,-1;111,-2,-6;119,0,-42;120,-4,6;121,1,23;131,3,-20;137,3,-16;140,2,-2;157,6,-2;165,-2,19;181,-5,-54;195,7,3;233,-9,-27;243,3,-9;252,8,-3;255,-83,-51;260,84,39;265,-7,-1;270,11,-19;274,15,-7;275,-28,15;280,12,8;282,13,-44;285,-16,30;287,4,6;291,8,-26;300,12,-16;303,-11,9;304,8,-12;310,3,-4;315,-11,13;320,9,-24;325,-1,-24;327,-4,32;329,-72,-21;331,101,-71;335,-19,46;347,12,-11;350,-12,36;359,14,-66;371,178,-199
rua||cinco roma|roma|33836005|24,-1983584,-4407369;30,2,15
rua||cleide aparecida dos reis|katia|33935350|5,-1981614,-4401216;7,12,2;12,-36,-3;15,120,-12;17,-67,22;20,-8,-2;21,254,-7;101,-194,-16;150,-35,19;151,21,-13;160,-2,6;164,32,-21;181,-73,36;189,87,-31;190,5,8;200,-130,2;213,221,-7;214,-16,14;225,21,-13;230,-5,9;235,11,0;240,-4,4;243,-90,-4;245,100,5;249,-32,-10;251,-52,-3;252,84,-8;255,12,8;261,-85,-2;264,-29,4;265,114,-1;271,-78,0;275,102,13;281,-83,-19;285,87,-9;291,37,18;293,19,5;297,-137,-8
rua||costa rica|conjunto henrique sapori|33823000|46,-1976084,-4413714;56,-11,-4;60,-9,-5;70,-8,-8;82,-4,-2;100,-3,-5
rua||costa rica|conjunto henrique sapori|33823290|66,-1976167,-4413768;114,24,14;118,-7,2;120,-2,0
rua||costa rica|veneza|33823290|35,-1976082,-4413704;45,-7,-10;55,-8,-9;65,-12,-2;75,-3,-7;83,-4,-5;91,-10,1;99,0,-5;107,-9,-1;113,-4,-9;121,-13,0;129,-4,1
rua||cristo redentor|granjas primavera|33800001|8,-1982364,-4401848;12,8,3;14,22,2;50,7,-10;60,13,-5;62,-1,-4;64,-14,13;70,14,-20;80,4,-11;90,-1,-3;110,3,-2;114,-7,-6;120,13,-9;122,5,-15
rua||cristo redentor|granjas primavera|33940110|5,-1982356,-4401839;7,16,-10;11,18,5;21,-6,-12;41,14,-21;51,5,-4;61,4,-15;65,2,2;71,3,-7;75,0,-11;125,3,-3
rua||da republica|jardim alvorada|33938104|132,-1983455,-4403934;150,-12,3;156,-14,-5;159,1,8;161,8,1;180,-29,-2;192,-5,-4;204,-19,1;205,-30,5;216,16,-4;220,130,-3;221,-42,3;225,-84,9;226,46,-4;228,-56,-5;230,50,1;231,-45,10;233,0,-1;234,91,-17;235,-74,14;236,129,-15;240,-161,13;241,120,-11;246,-79,11;248,122,-4;250,-165,-1;255,87,6;260,78,-3;264,-180,-2;265,173,-6;267,-59,7;271,79,-15;272,14,5;283,-9,-13;285,15,10;294,-239,19;296,-17,2;301,17,-1;305,-19,-2;306,-3,-4;317,-5,7;318,-12,-6;319,6,1;323,-17,7;324,0,-2;333,107,-12;359,-64,8
rua||dalker teixeira rocha|landi|33925150|15,-1978491,-4398864;25,-4,12;30,-38,87;35,35,-87;36,-26,73;47,8,-28;48,1,-2;49,2,-9;51,10,-15
rua||daniel francisco ribeiro|sao jose|33935150|15,-1980929,-4400811;30,-2,15;33,8,-23;34,9,8;50,-6,-13;51,0,-6;55,-12,-4;58,11,-6;60,0,2;61,1,-12;70,2,6;75,-2,-7;80,4,-13;81,-11,-8;90,16,1;91,-9,-6;100,0,-2;110,6,6;115,1,-33;131,-12,11;141,5,-14;150,8,14;151,-7,-31;160,13,-12;161,-3,-3;171,-5,-6;180,6,-7;181,-2,3;190,1,-16;193,8,14;196,-3,-26;200,8,-7;201,-7,13;205,-6,-14;210,39,-10;215,-37,-7;220,35,4;225,-29,-14
rua||das rosas|areias de baixo|33913080|97,-1975395,-4399807;99,1,6;103,-3,8;115,-6,19;121,5,2;127,-14,11;129,1,4;130,-1,11
rua||das rosas|ribeirao das neves|33920360|21,-1975337,-4399816;35,-30,-1;89,-12,-10;91,-8,8
rua||das rosas|santa margarida|33920360|2,-1975393,-4399897;6,53,12;10,-4,16;20,0,31;30,2,-20;31,-6,-5;34,-1,2;36,-14,36;70,-19,-5;119,-5,-32;120,-1,4;220,-15,-42;222,-6,-1
rua||delson raimundo rocha|felixlandia|33943520|20,-1980919,-4402237;24,-9,-7;30,-7,2;31,-21,4;40,12,-7;41,-20,-5;50,5,-4;51,-15,-1;60,-3,1;61,-12,-2;72,6,-2;75,-20,-1;85,-11,-7;90,12,4;102,-8,-4;108,23,-5;122,-39,4;125,5,7;126,-14,-11;130,-8,3;131,19,1;132,-22,-5;134,-4,0;139,16,3;140,-26,1;146,-4,-21;147,20,18;154,-28,-10;155,7,1;165,10,-2;171,-25,1;174,-21,-8;181,12,1;182,43,12;185,-48,-17;187,-18,1;197,-16,6;211,-44,-25;217,-14,-4;225,-13,-3;247,-7,13;250,-4,-31;255,-5,13;259,61,20;261,-67,-20;265,57,16;266,14,-6;271,-111,-24;274,87,21;290,0,11;294,-8,-9;310,-7,-11;345,-46,-7;346,14,-2;1192,18,7;1212,-54,-19
rua||do radio|landi|33925220|4,-1978329,-4399024;5,11,0;6,-3,2;8,7,-3;10,5,0;12,14,-4;13,8,-7;14,-9,8;15,19,-7;16,-13,4;18,2,-4;20,11,4;23,-50,9
rua||do rosario|maria helena|33930832|131,-1979866,-4399863;137,6,7;151,7,7;161,7,15;171,8,9;181,-1,2;191,12,22;211,1,17;221,8,4
rua||do rosario|tony|33930832|36,-1979911,-4399976;90,44,108;94,9,16;104,7,18;116,3,3;128,14,8;201,119,-35
rua||dois roma|roma|33836005|9,-1983481,-4407404;11,17,-10;175,23,-12;186,-2,6
rua||dois roma|roma|33836032|115,-1983438,-4407428
rua||dolores rodrigues|florenca|33823300|271,-1976373,-4414895;289,-9,6;293,-12,-2;301,-21,-4;302,-5,2;341,-21,-15;351,3,8
rua||dolores rodrigues|florenca|33823410|21,-1976138,-4414834;40,-8,-5;43,-8,-10;50,-4,-12;55,-8,12;60,-3,0;62,-4,1;70,-3,-9;71,-7,2;80,-1,-12;83,-18,11;99,-12,-12;100,1,0;104,5,6;110,-9,-13;111,-12,9;112,3,-13;120,2,7;121,-21,4;123,12,0;143,-27,-16;147,3,10;159,-13,-5;160,3,-8;162,9,0;166,-21,-6;171,-5,10;192,-18,-5;200,14,6;205,-21,-2;220,19,-7;222,-3,5;223,-24,-19;225,-6,16;230,30,11;235,-43,-15;245,-9,7;247,-8,-5;651,110,10
rua||eduardo marcelo rocha|viena|33944220|10,-1981153,-4402669;20,2,-12;21,-14,-17;30,5,7;31,-4,-10;40,2,2;41,-5,-20;51,-5,-4;60,8,8;61,9,19;70,-16,-31;75,-1,-7;80,0,-13;81,-7,-6;90,3,14;91,-2,-25;100,1,12;101,-8,-15;110,3,8;111,-7,-17;120,9,8;121,-5,-26;130,7,15;131,-11,-19;140,5,14;141,0,-35;150,-9,23;151,7,-26;160,-4,20;161,-4,-23;164,1,17;170,-2,-12;171,-10,-10;180,13,1;181,-15,-18;190,11,20;191,-13,-26;200,6,11;201,-5,-11;210,1,0;211,2,-21;220,-3,20;221,-5,-25;231,-4,-17;240,14,15;250,-10,-3
rua||erasmo antonio romao|santa matilde|33805245|91,-1976624,-4408100;103,1,8;115,1,26;189,-23,32;194,-12,13;199,-1,2;357,7,-17;360,4,8
rua||erasmo antonio romao|santo antonio|33805245|35,-1976569,-4408149;40,3,35;42,16,-10;44,4,-2;50,-34,7;52,-12,-3;60,-4,-4;70,-11,11;72,0,4;88,-14,2;98,-5,9;102,-19,10;112,19,29;114,-3,-4;154,-7,12
rua||estelita diniz rocha|sao judas tadeu|33880742|60,-1978380,-4408144;80,19,-33;90,20,-14;100,-10,6;141,49,-114;160,-16,53;246,-26,50
rua||etelvina fernandes rocha|santinho|33855420|15,-1974769,-4406605;33,-237,-303;37,4,9;42,-11,19;54,8,-3;55,-3,12;56,-4,4;59,5,-19;68,2,18;77,-2,9;80,-8,-5;85,14,26;90,-2,-7;94,-5,36;95,6,-35;97,14,16;100,-12,0;110,334,258;113,-333,-241;123,1,7;135,12,21;136,-7,-2;145,285,207;171,-269,-198;181,-35,-19;191,45,53;195,-1,-12;202,-14,-8;211,22,32;214,-9,-16;218,7,7;226,2,8;227,8,10;245,18,19;247,19,15;256,-17,-19;271,44,52;283,38,11;286,-65,-39;375,78,40;383,9,1;385,13,10;407,2,2;417,15,2;431,5,3;437,23,3;457,7,8;495,9,3;497,32,16;515,-21,-10;519,19,8;522,-12,3;529,60,28;589,-51,-32
rua||francisco rocha|tony|33930660|48,-1979746,-4400352;54,-10,-8;58,-8,3;59,13,-6;60,18,26;63,-31,-40;70,-9,-1;73,17,23;75,4,-9;79,21,23;178,35,32
rua||francisco vigilato rabelo|felixlandia|33943460|26,-1981131,-4402076;71,9,-74;159,-10,53;161,-7,-12;183,18,-15;184,-7,24;188,-9,-20;197,18,-4;198,-1,0;390,-19,78
rua||generoso clemente da rocha|jardim primavera|33930450|221,-1978735,-4399896;423,-25,44
rua||generoso clemente da rocha|maria helena|33930450|6,-1978825,-4399811;11,-731,255;12,410,-137;13,-393,130;18,405,-127;19,-28,-1;20,34,-2;22,231,-50;23,-235,46;24,17,6;25,-210,69;26,-201,77;28,639,-210;33,-205,47;34,-445,149;35,635,-184;36,-204,50;37,233,-76;38,-427,129;39,209,-62;40,218,-61;41,-18,7;44,-629,190;47,13,-24;48,419,-102;49,-391,99;52,-33,36;53,492,-163;54,-484,156;56,630,-196;61,-611,191;66,-4,9;67,617,-210;73,-591,203;75,595,-212;77,-76,56;79,2,0;83,-499,142;84,-48,35;85,522,-189;87,112,-55;90,-607,218;92,398,-133;93,-364,125;95,396,-128;96,-17,0;100,-171,69;106,195,-74;107,-4,-1;108,42,-7;115,-19,5;119,10,-1;120,16,3;126,-403,141;127,556,-243;129,11,-3;131,-159,97;132,-276,85;133,440,-192;144,-568,232;151,37,-167;154,-34,155;156,11,3;164,-41,16;168,462,-126;180,16,-2;185,-471,130;192,455,-129;193,-444,120;195,-8,4;202,486,-131;205,-9,3;207,-458,116;219,9,-7;220,10,6;231,5,-13;241,11,1;250,19,6;260,-1,-6;270,14,-1;275,-7,-9;280,20,-5;285,7,-11;292,1,7;302,14,-1;303,-3,-6;312,10,-10;313,-1,14;325,9,-6;326,13,-5;335,-9,-12;338,10,3;347,8,-2;350,-1,6;361,9,-14;362,-3,14;373,14,-19;385,9,3;399,6,2;410,18,-7;413,-497,96;422,499,-93;425,25,-16;440,-16,14;450,7,-17;465,-409,139;729,375,-126
rua||generoso clemente da rocha|mizongue|33930450|90,-1978860,-4399782;100,22,-21;130,23,-11;150,23,-22;180,54,-20;190,25,2;276,5,-42;280,66,-75;281,12,2;290,-76,72;296,66,-60;298,-9,-14;300,11,2
rua||geralda isabel rocha|pedra branca|33925580|15,-1977852,-4398257;21,5,10;33,0,12;38,-2,-10;45,6,20;48,-11,-2;57,15,18;60,-9,-4;68,-6,9;69,20,10;70,-22,-19;73,26,28;78,-21,-2;85,16,13;100,-16,-87;102,15,88;104,-15,-97;114,14,108;126,1,5;128,-6,14
rua||geraldino da rocha|felixlandia|33943470|11,-1980703,-4402418;21,8,22;31,15,-18;41,9,0;45,0,-3;51,5,3;81,28,-2;91,4,-4;101,11,-4;121,19,4;131,14,-2;141,9,4;171,209,-50;181,-167,31;191,16,-2;207,3,-6;209,0,3;211,9,-2;215,207,55;217,-198,-58;221,10,1;231,0,-7;241,8,6;247,10,-5;255,7,-1;263,1,-3;267,2,-4;273,10,0;281,11,1;285,-7,-4;291,7,3;301,15,2;311,11,-5;321,10,-12;331,3,7;341,13,-7;343,-6,4
rua||geraldino rocha|felixlandia|33943470|10,-1980174,-4402403;68,-564,-10;80,16,-6;84,552,21;98,-542,-21;110,15,-2;112,1,2;136,23,-2;137,-19,-1;138,13,3;144,451,-16;154,-7,-6;168,-354,12;174,335,-29;178,-355,32;180,64,-11;194,282,-26;198,-370,38;204,357,-45;216,-10,0;220,-202,20;228,198,-25;240,-6,-4;246,-120,6;252,113,-11;261,17,12;264,-29,-19;276,-12,5;292,-19,1;300,-9,0;322,-15,2;328,-7,0
rua||geraldo joviano rocha|botafogo|33902600|10,-1978878,-4401719;20,16,-11
rua||geraldo joviano rocha|maracana|33902600|25,-1978824,-4401739;35,13,4;43,-34,6;45,47,-29;51,-32,19;55,47,4;141,-68,3;145,-6,-3;148,38,14;155,-47,-5;159,-22,5;162,75,-6;165,-64,3;170,154,-9;176,-69,-5;178,-13,4;182,-3,0;184,96,-4;185,-13,10;192,-72,-16;197,60,25;200,41,-21;206,17,-6;211,17,-3;220,-40,10;225,25,4;235,5,-14;241,17,15;261,-10,36;263,23,-42;269,-16,68;275,22,-82
rua||graciliano ramos|fazenda castro|33826096|59,-1975389,-4415728;79,-10,12;80,-12,-6;89,1,5;90,-8,1;100,-10,4;107,-22,19;110,16,-11;129,-19,9;130,11,-8;140,-10,7;149,-5,10;150,-6,-9;159,-3,11;160,-5,-1;169,1,4;170,-4,-2;179,-3,9;190,-14,3;200,-5,4;270,99,-63;279,-6,8;290,8,-8;291,-1,5;292,18,-13
rua||heitor clementino da rocha|bom sossego|33860090|22,-1976789,-4407479;27,17,7;34,-6,6;41,38,46;43,-3,0;51,10,4;54,-29,-45;56,-4,16;58,13,21;59,25,37;60,-32,-42;61,28,36;70,-16,-21;81,25,37;101,117,193;121,-91,-149;122,-47,-75;129,50,79;131,0,0;132,-36,-55;133,40,58;161,7,9;180,-25,-31;181,36,51;191,6,-1;280,10,47;320,9,15;370,13,22;379,9,7;380,3,10;390,2,9;391,8,3;405,-2,1;411,12,11;415,0,1;430,6,16;435,2,-2;440,-1,7;445,6,3;449,9,7;451,1,-2;454,-6,17;456,11,1;460,-10,-1;471,8,-1;474,10,18;480,-3,-3;514,24,40;557,-5,-24;560,20,41;567,-6,-14;569,3,8;580,20,64;661,21,10;805,-22,-43
rua||ipe roxo|girassol|33910050|22,-1977507,-4401866;26,-4,12;36,-17,-4;38,10,-2
rua||ipe roxo|girassol|33915032|23,-1977503,-4401859;31,-15,0
rua||jair clemente rocha|viena|33944150|10,-1980840,-4402872;20,0,-10;21,-7,8;27,26,-23;30,1,1;31,-20,15;41,16,-16;51,-1,-13;60,8,3;71,-23,-30;81,-12,-9;91,-1,-10;101,0,-6;121,-19,-20;131,-1,0;141,-7,-11;147,-4,-8;150,32,25;151,-35,-28;160,24,17;161,-26,-30;167,-15,-13;170,37,36;180,-5,-10;181,-48,-43;190,35,36;191,-47,-42;200,48,39;211,-81,-56;220,63,31;222,0,0;230,-8,-13;250,-13,-13;270,-26,-16;280,-35,-6;290,-10,-8;295,-77,21;310,59,-11;311,-75,14;320,55,-14;321,-66,13;332,55,-23;336,-7,13;340,-10,2;341,-71,28;350,54,-34;370,-47,14;390,-8,13;410,3,4;420,-9,6;430,-7,7;436,1,9;440,4,13;490,9,-53;496,-1,39
rua||joao bosco rocha|santa martinha|33860430|10,-1977090,-4407126;22,24,-15;32,-13,7;42,-11,5;54,-5,6;66,-12,3;74,-6,3;86,-13,11;93,31,-17;102,-45,15;106,-9,13;126,-8,4;127,29,-10;135,-4,3;139,-2,-1;149,-10,1;177,-63,44;187,-24,6;189,9,-6;191,-14,14;193,-6,0;205,-11,12;209,-8,-4;215,-8,10;216,60,-37;224,-15,6;225,-58,38;236,52,-35;240,-10,4;258,-16,11;260,10,2;264,-22,7;272,-4,1;280,-14,-3;285,-13,24;292,-2,-6;345,-33,26;368,-14,-1;372,-5,6;375,19,0;377,-32,13;378,7,-6;380,-14,4
rua||joao isidoro rocha|viena|33944210|12,-1980970,-4402488;36,-20,-61;46,-3,-14;58,-8,-39;68,10,-15;78,-11,-7;88,8,-11;92,1,-7;98,2,-8;108,-1,-1;118,2,-14;128,0,-6;138,-3,-12;148,2,-7
rua||joaquim de oliveira rocha|savassi|33880380|17,-1977645,-4408254;25,-9,-18;29,4,1;37,-8,-17;48,20,25;55,-20,-37;56,12,14;57,-2,10;62,-7,-11;65,-9,-16;68,11,1;75,-9,-18;78,4,8;80,-1,-4;87,-6,-16;92,1,-1;99,4,-12;100,-6,0;113,7,-8;124,-5,-8;125,-3,1;128,6,11;136,-6,-22;137,-9,-5;188,-2,-48;198,-5,-17;203,-7,9;210,2,-24;214,-11,-47;215,-6,-8;222,16,56;228,-34,-124;232,30,102;235,-9,-7;236,9,11;247,-8,-24;249,3,29;265,-9,-38;266,-7,-37;275,8,35;287,-7,-16;290,7,-7;292,-3,21;301,-5,-33;342,-17,-53;354,5,-14;366,-4,-12;368,-7,-4;373,4,26;378,172,-138;381,-173,137;386,-3,-45;397,1,35;398,-8,-51;409,0,35;414,-7,-43;420,7,0;421,6,33;430,-17,-50;431,10,40;440,-4,-50;443,2,36;450,-7,-39;455,5,30;470,-11,-56;471,5,39;476,-7,-36;483,6,24;491,2,-12;501,-9,-11;504,5,10;519,-2,-7;520,-2,-17;533,-7,-8
rua||joaquim diniz rocha|campos silveira|33861350|15,-1977128,-4406845;21,11,-17;79,-22,54;129,-6,25;147,-15,38;163,-4,12
rua||joaquim diniz rocha|povoado dos pereiras|33861350|79,-1980672,-4406510;99,-19,-44;111,-22,14;121,23,-14;335,-37,-175;992,380,1519
rua||joaquim diniz rocha|ribeirao das neves|33861350|11,-1981143,-4406820;12,-58,-338;63,-2260,100;73,2330,476;152,-298,296;207,307,-322;320,-131,-256;400,24,-332;500,-133,-44;900,798,1726;992,216,306;1001,-401,-519;3001,-397,-1157;3023,-10,36;3081,-82,-29;3109,-40,53;3130,2,30;3160,1,7
rua||joaquim diniz rocha|san remo|33822503|39,-1981712,-4407509
rua||joaquim diniz rocha|santa martinha|33861350|42,-1977144,-4406814;92,-15,37;102,-3,10;174,-21,56;214,-20,35;230,4,25;248,-8,13
rua||joaquim diniz rocha|sitio mascates|33861350|7,-1981151,-4406826;13,45,73;48,-442,-679
rua||joaquim ferreira rocha|luana|33939058|30,-1982741,-4403523;34,-28,55;40,0,-4;41,-3,8;50,5,-10;51,1,3;60,6,-15;61,2,6;70,4,-10;71,-2,7;91,7,-16;107,7,-24;110,13,-6;111,-11,9;120,10,-26;121,-4,16
rua||joaquim pinto rocha|areias de baixo|33934109|15,-1974963,-4399668;20,11,9;21,-11,51;27,10,-118;30,-6,102;280,6,-85
rua||joaquim pinto rocha|santana|33920142|5,-1976248,-4400106;25,-7,-3;35,-4,-4;42,31,18;45,-39,-22;55,-5,-4;65,-9,-6;75,-4,-3
rua||jose da rocha|viena|33943590|12,-1980832,-4402526
rua||jose de lara resende|landi|33903000|268,-1978245,-4398351;270,5,0;280,9,-3;315,-6,-11;319,1,1;337,50,-5;338,7,-3;339,-17,2;360,-6,-1;364,4,7;368,-29,6;403,21,-18;405,0,9;407,-5,2
rua||jose de lara resende|landi|33925280|211,-1978327,-4398326;217,6,-2;227,25,-15;229,-14,9;231,21,-9;255,-39,16;259,49,-24;323,118,-41;331,-9,8;355,23,-8;390,-26,12;400,9,-4;458,23,-11;468,13,-2;490,31,-9;524,12,-6;531,11,-10;536,0,4;543,17,-10;548,14,1;551,-44,8;555,35,-12;559,-42,19;567,54,-18
rua||jose maria rodrigues|lagoa|33934170|12,-1980661,-4400511;22,9,27;23,4,-2;29,-4,11;32,-10,9;35,6,-5;45,1,11;46,-20,-15;51,14,27;52,-7,-18;55,5,21;60,-4,-1;61,1,8;65,2,2;67,-6,4;70,-1,3;80,1,6;81,-2,-2;100,5,11;103,-6,-2;106,-1,0;115,-6,12;116,-1,-5;117,5,2;143,-14,36;148,6,0;153,8,15;158,-13,-3;163,-5,12;168,3,-7;172,-7,7;177,-1,5;181,-4,5;183,-1,4;193,2,9;201,-4,12;223,-12,16;247,-11,10;249,9,-10
rua||jose onesimo rocha|campos silveira|33861340|55,-1976790,-4406554;61,-206,-100;63,27,-4;67,175,105;68,3,-8;71,-210,-91;73,194,80;77,12,50;81,-210,-134;91,-7,6;93,192,69;95,6,-3;101,-204,-65;105,195,67;111,-206,-94;116,198,75;121,-208,-40;136,196,37;141,-102,-18;146,93,12;151,-205,-27;156,197,23;161,-209,-19;166,195,15;171,-196,-15;176,193,10;181,-202,-5;186,196,2;191,-202,3;201,-15,-6;211,-3,5;221,-3,1;231,-11,4;241,-6,0;251,-9,4;261,-6,7;266,315,16
rua||jose onesimo rocha|luana|33939065|11,-1982735,-4403611;20,-4,4;22,11,-3;31,12,-1;50,22,11;51,-11,-5;60,23,5;61,-3,5;70,23,14;71,-21,-9;77,6,-8;80,30,6;81,-28,-3;90,57,5;201,43,8;221,41,2;231,9,8;241,11,13;251,8,-14;261,37,8;263,-181,-31;273,-9,2;281,179,30;291,11,-2;311,9,5;321,15,2;331,9,2;341,4,3;351,10,-1;381,36,9
rua||jose rocha|felixlandia|33943590|3,-1980822,-4402368;25,29,-40;35,-15,-88;36,7,55;39,-29,-37;45,20,7;51,10,49;55,-13,-31;62,-1,-8;65,2,-3;72,-4,-17;75,24,38;80,-16,-16;82,1,10;128,12,35;130,5,21
rua||jose romualdo batista da rocha|vera lucia|33903015|25,-1979993,-4402291;35,37,-90
rua||jose romualdo bonifacio da rocha|vera lucia|33903015|30,-1979987,-4402276;40,6,-10;42,15,0;66,-1,5;76,19,-5;86,8,-6;100,9,-38;2740,-85,55
rua||jose rosa|santa fe|33900190|16,-1980662,-4400544;611,-23,-24;612,21,15;613,15,2;614,4,6;615,-33,-38;616,1,0;617,12,28
rua||jose teodoro dos reis|tony|33930600|7,-1979801,-4399957;9,-1,9;11,-4,4;17,3,0;19,9,-8;20,3,-6;29,-4,-10;30,10,-6;39,-6,0;41,0,-5;50,16,-3;53,-13,-11;58,95,-233;65,-90,221;66,3,3;77,-2,-2;78,1,1;89,0,-15;90,-1,0;101,15,-23;106,-1,-3;113,6,1;125,1,-15;137,-4,-5;145,48,-92;149,-44,82;150,12,-6;151,2,-14;156,0,-9;160,15,-11;161,-68,35;170,67,-48;173,-18,33;185,12,-13;189,0,-28;197,-4,19;256,19,-76;260,6,-2;265,2,8;272,1,-8;275,9,1;277,1,4;288,8,-25;299,-19,47;310,13,-61
rua||lindolfo ribeiro|santinho|33855620|29,-1974694,-4406250;32,10,6;42,2,-9;43,4,-8;51,-29,17;55,33,-17;65,16,-12;66,-13,18;77,21,-19;78,10,10;90,0,-19;103,12,5;110,-13,4
rua||luiz alves da rocha|porto seguro|33863029|20,-1978152,-4406796;22,75,-59;29,-172,93;33,59,-15;34,6,-2;35,8,-4;39,9,-2;188,128,-276;190,28,-49;196,5,-2;204,-1,-22;224,-43,108;228,-5,73;244,2,-56;254,-2,16;255,-43,159;264,40,-151;278,-9,8;290,-3,41;294,3,-7;324,18,-86;326,3,19;341,-42,174;345,-9,9;349,-3,6;351,-4,1;353,-7,10;354,36,-84;368,-10,31;379,-50,61;399,-29,14;401,29,-11;414,43,-42;420,-22,25;430,-13,4;439,-80,46;449,-9,-6;459,-10,8;473,-3,3;488,71,-34;489,-99,46;497,6,-7;499,-17,9;500,104,-48;506,-8,4;512,0,3;518,-10,1;524,1,0;530,-9,2;536,-5,3;542,-6,0;543,-106,51;546,104,-48;548,-6,1;550,-6,1;554,-7,3;557,-93,47;558,91,-48;560,-7,7;564,-5,1;584,-3,2;590,-11,3;604,-16,6;622,-1,7;642,-23,6;660,-16,4;692,-22,17;720,-22,4;732,-10,6
rua||manoel luiz ribeiro|sao jose|33935220|16,-1980967,-4401002;30,-2,10;42,-1,12;46,-2,11;50,-3,15;54,-4,9;64,1,15;74,-2,11;76,-2,4;82,1,14;84,-9,25;88,8,-9;100,-3,22;102,4,17;110,-7,10
rua||manoel luiz ribeiro|sonia|33935220|7,-1980961,-4401005;11,0,10;13,-7,9;17,0,5;19,0,5;37,-7,46;39,1,-6;41,3,-25;43,2,11;47,1,32;53,-26,122;57,20,-113;69,5,16;71,-13,9;77,5,1;80,-5,68;81,7,-56;91,7,16;101,-18,-1;111,6,21;121,-7,13;156,-3,31;165,-13,44;253,4,-28;256,-3,2;264,2,7;265,2,-4;266,-6,9;275,1,5
rua||maria julieta da rocha|centro|33900790|8,-1979802,-4401244;9,-7,21;10,19,-47;11,-34,14;13,40,-23;14,-6,16;15,-26,31;16,22,-28;17,-4,14;199,-47,-20;200,9,4;209,18,4
rua||maria nascimento rocha|viena|33944120|11,-1980560,-4402686;12,13,6;26,-13,-15;31,-13,-4;36,14,-4;43,-23,-10;51,-13,-3;55,7,-7;58,10,-2;61,-74,-60;66,75,66;71,-27,-7;78,12,-12;81,-21,6;88,8,-5;91,-14,-1;98,9,-4;101,-15,-4;106,-1,-16;113,-9,8;116,12,5;126,-2,-8;127,-17,2;135,1,-19;136,2,0;147,-5,5;148,2,0;155,-19,-3;158,6,-7;165,-18,-6
rua||maria rita|fortaleza|33944018|10,-1981728,-4402330;11,-7,4;12,-1,-15;21,7,-7;26,3,-12;31,-8,10;32,7,-23;36,2,9;48,1,-17;51,-4,13;60,4,-20;61,-2,1;65,-1,2;72,2,5;89,-1,-20;90,-1,36;95,-1,-25;101,2,-13;107,2,21
rua||mario alexandrino rocha|sao miguel arcanjo|33900450|10,-1979939,-4401353;20,1,0;30,9,33;32,-39,-20;35,20,-7;38,-33,15;40,-6,3;51,6,-11;65,10,8;71,-9,4;75,-12,2;85,4,0;95,-21,8
rua||monte rey|fortaleza|33943260|15,-1981306,-4401962;27,6,-29;75,3,0;95,6,-19;109,0,-13;129,5,-18;520,-24,85
rua||monte rey|sao joao de deus|33943260|94,-1981304,-4401969;104,3,-6;126,1,-8;130,16,-51;136,-13,34
rua||nelson rodrigues|alicante|33841209|14,-1974844,-4407029;15,-2,-8;17,1,6;26,7,-3;93,48,-19;95,-8,0;115,34,-9;118,34,-110;139,-9,45;145,11,-6
rua||nelson rodrigues|barcelona|33841209|15,-1974731,-4407214;35,-19,-17;45,0,-9;55,-6,-8;65,-2,-3;70,21,8;72,-5,4;74,-10,-28;75,-8,-3;76,-31,218;85,37,-227;86,-24,223;89,9,-239;96,8,237;98,-24,-164;162,0,-129;222,62,191;224,-1,-13;244,-50,118;250,-26,-341;251,64,83;253,36,-22;260,-104,-82;261,2,3;264,9,7;265,-14,-3;267,-1,-2;268,30,37;270,-31,-65;277,-2,7;280,-1,-5;287,-2,-16;288,114,188;290,-116,-190;295,-16,-6;311,11,-8;320,-6,-19;330,2,-13;331,-5,22;332,7,-3
rua||neusa dias rocha|jardim verona|33821017|20,-1977995,-4413390;30,14,-1;40,7,2;50,3,5;62,16,4;70,11,8;80,3,-3;90,10,0;100,12,8;110,11,7;120,7,0;140,10,3;155,24,3;160,-3,6;165,12,-5;170,-2,7;175,9,-8;180,-4,8;185,11,-1;190,0,18;200,9,-8;205,7,-5;210,5,12;215,6,-6
rua||neusa dias rocha|verona|33821017|21,-1977992,-4413401;41,19,10;63,23,4;101,28,14;111,5,2;141,26,14
rua||nova republica|tancredo neves|33937070|17,-1982482,-4401666;21,-138,28;25,110,-29;30,-24,3;35,-70,22;45,79,-16;64,-192,3;65,1,-6;67,178,-2;70,-179,2;72,18,-7;73,12,14;74,12,-8;76,9,-4;77,-6,1;78,-3,10;111,-4,-1;115,69,11;125,13,1;235,-89,-18;254,52,27;279,-57,-27;280,-17,6;320,179,-4
rua||nova resende|fazenda castro|33826174|11,-1974693,-4415734;20,120,182;21,-115,-181;24,-11,-4;30,4,6;31,15,9;40,-2,0;50,1,3;55,10,10;70,7,11;80,4,5;96,6,-1;97,8,14;100,1,5;111,11,14;130,0,6;140,11,11;150,4,2;160,8,15;161,-3,-10;167,9,9;171,10,12;190,2,5;200,2,7;261,16,11;521,12,-156
rua||ormezinda da silva rocha|santana|33920142|4,-1976121,-4399984;60,1,0;62,0,-1
rua||pascoalino ricardo|neviana|33808130|26,-1977931,-4410859;45,-14,15;55,1,-15;65,-7,-9;69,14,19;72,-51,-125;79,29,85;89,6,1;101,-10,-13;102,-10,-2;103,8,-7;112,-3,-13;113,-3,3;127,-4,-13;136,-1,-11;139,-1,1;148,10,-12;151,-20,4;160,5,-10;163,-16,0;165,3,-4;172,7,-6;175,-9,-5;184,5,-10;185,-7,0;187,-1,-20;195,4,-5;196,-2,5;219,-12,-30;220,6,11;226,-9,-57;227,6,62;230,-2,-26;231,0,1;232,-4,14;235,-7,-26;280,12,-41;283,-5,27;298,3,-45;305,-12,-17;317,7,-3;328,11,-5;329,-12,-14;331,1,-21;340,7,-5;344,3,30;349,71,315;368,-73,-339;378,0,-16;402,-4,-22;413,-40,-141;415,-7,-10;427,-3,1;429,-10,-15;436,55,132;457,2,22;460,-6,-46;465,6,31;475,-2,-21;476,-2,-1;487,2,-10;499,-7,-24;500,-1,-11;501,9,8;502,-7,22;508,0,-14;510,-5,-20;512,-1,-6;520,0,0;521,3,11;523,-1,-16;532,-6,-14;535,-1,15;544,-4,-24;547,1,20;556,-6,-27;560,-3,-2;568,-10,-4;592,-8,-14
rua||pedro jose da rocha|viena|33944180|20,-1980660,-4402601;30,-8,-4;40,-5,-11;46,10,-6;50,-5,-7;60,-7,-5;70,-20,-32;82,9,14;90,-6,-6;100,-13,-2;110,-10,-2;120,-20,-10;130,-5,6;140,-16,-4
rua||quatorze roma|roma|33836005|150,-1983286,-4407174
rua||quatorze roma|san marino|33836005|96,-1983200,-4407041
rua||rafael francisco ribeiro|santa fe|33935130|20,-1980716,-4400836;36,-7,-12;38,-6,-2;40,-4,-7;66,-4,-8;76,-2,-5;86,-12,-11;96,-5,-16;108,0,-2;120,-10,-12;146,-12,-13
rua||rafael francisco ribeiro|sao jose|33935130|8,-1980722,-4400831;11,2,-9;21,-3,-6;45,-12,-4;49,-4,-7;55,-1,-6;65,9,-5;79,-20,-3;95,0,-4;97,-17,-20;113,-14,-25
rua||raposos|santa matilde|33805200|26,-1976926,-4408186;31,-3,10;38,2,-19;48,2,-11;58,1,-6;63,-4,14;68,11,-33;75,-10,13;85,4,-37;86,9,18;102,-3,-7
rua||realengo|cerejeira|33902120|41,-1979590,-4400750;51,3,10;61,-10,-4;71,0,-4;85,-1,-24;95,6,-17;105,1,11;115,-5,-13
rua||realengo|urca|33902120|2,-1979582,-4400707;4,-2,17;21,-21,-145;22,22,137;62,-5,-34;74,-1,-16;84,-1,-3;94,-1,-19;123,-22,-165;155,7,-49;157,-8,-8;162,10,149;165,-1,1;171,8,-20;180,0,8;181,-3,0;190,-10,-4;191,1,-16;200,6,0;205,-6,-13;210,4,3;212,2,-3;215,-5,-15;220,2,5;228,-5,-6;230,2,4;231,-3,-15;240,4,-4;241,-5,2;260,-2,-16;270,3,-12;273,2,2;285,-7,-14;290,-1,-27;292,7,-35;295,-8,55;296,9,-4;297,-9,-3;302,7,-7;310,-2,-16;312,3,-8
rua||resplendor|sevilha b|33858600|1,-1975812,-4408167;18,-17,46;20,36,-55;25,-1,-2;32,0,2;35,-28,80;39,30,-91;45,7,-7;56,18,-5;68,-2,-1;69,-13,5;80,20,-13;89,0,-9;92,16,-3;101,-7,-4;102,5,3;104,3,-8;113,-1,1;129,8,-16;137,4,-3;138,9,1;149,3,-7;150,13,-7;161,-11,-6;164,10,3;171,-2,-8;176,13,-2;185,-3,-10;197,38,-38;200,-26,40;208,-1,1;213,-1,-11;215,10,-7;224,12,-7;225,-7,-5;233,5,-5;236,9,-1;248,2,0;253,9,-37;260,-1,20
rua||riachinho|fazenda castro|33826136|20,-1975039,-4415903;30,1,6;50,12,-13;60,2,-13;80,9,-13;90,9,-25;100,-4,9;110,4,-18;120,1,-1;130,9,-6;140,6,-15;141,-8,6;150,10,-15;151,-7,8;160,13,-17;170,3,-8;171,-5,7;181,7,-13;190,8,4;191,-11,-5;200,10,-4;201,1,-4;210,0,-2;211,1,-11;220,2,0;221,-2,-12;230,3,-2;231,2,-6;240,11,-4;241,-6,-1;250,4,-4;251,-3,-4;261,6,-16
rua||riachuelo|botafogo|33933250|16,-1979080,-4401038;18,10,11;19,-2,10;20,-5,-20;21,-3,7;28,-4,-17;34,-4,-16;35,-5,23;40,-6,-34;41,-8,44;50,2,-50;57,6,19;60,-29,-48;61,17,28;64,1,-7;67,11,30;75,-32,-50;80,1,-9;84,23,40;86,-31,-51;87,2,13;105,-9,-11
rua||romenia|veneza|33823200|9,-1976197,-4413735;10,108,60;23,-16,9;26,5,-5;31,-12,-3;34,5,-1;39,-7,-2;40,-2,-4;45,-6,0;53,-6,-1;56,11,-1;61,-12,7;64,-4,-18;69,-8,-2;70,8,5;75,-10,-3;78,3,-3;83,-8,-3;86,-1,-4;91,-3,1;94,-3,-4;99,-7,1;100,-1,6;105,-4,-5;108,8,-25;113,-17,21;116,5,-6;124,-10,-2;129,3,4;130,-10,-12;135,0,1;138,-2,-3;143,-6,-3;151,-2,-1;159,-14,1;165,-8,-4;173,-1,-5
rua||rondonia|menezes|33913360|17,-1977574,-4402794;28,2,5;30,-23,-4;40,-14,1;41,19,0;69,7,5;90,-50,-2;91,-13,0;96,-8,6;101,38,-7;102,-42,16;105,37,-14;109,-4,2;135,-25,24;147,-21,-5;154,-29,0;155,27,-1;160,-7,1;175,-10,7;178,-18,-2;183,2,4;188,-16,1;192,6,0;193,-5,3;195,-2,5;200,-9,0;205,-6,5;206,7,-6;209,-13,13;210,-2,-9;219,0,7;228,-2,-6;231,-5,12;236,-19,3;240,-11,4;245,17,0;246,19,-17;255,-37,25;265,-5,2;277,-2,4;295,-13,4;305,0,3
rua||rosana dos reis|katia|33935540|9,-1981692,-4401080;10,-46,24;12,30,-6;15,-12,-23;18,-18,18;20,-6,12;25,1,-14;65,20,-6;73,-3,9;83,34,-18;95,6,-1;104,33,-5;118,11,1;123,-15,-7
rua||rosangela|ceu azul|33935110|131,-1981005,-4400603;139,4,-10;149,-1,31;151,8,-45
rua||rosangela|penha|33935110|76,-1981031,-4400529;86,8,-10;96,-41,40;98,44,-51;100,-36,48;102,12,-14;104,32,-45;108,-24,42;110,26,-49;120,2,-16;125,39,-116;130,-35,105;140,6,-8;148,5,-18;196,12,-41;198,1,1;200,-1,-12;206,11,-12;212,3,-9;218,-2,0
rua||rosangela|penha|33935219|197,-1980981,-4400671;209,9,-19
rua||rosimar fatima dos reis|jardim sao judas tadeu|33903020|159,-1979576,-4402886;429,-44,4;439,17,-7
rua||rosimar fatima dos reis|vera lucia|33903012|184,-1979552,-4402847
rua||rouxinol|rosimeire|33938170|6,-1983339,-4403548;7,1,-5;10,7,-3;13,3,-4;20,1,4;25,14,-6;26,-4,12;36,7,-4;41,10,-7;45,4,-1;48,-4,7;59,19,-11;60,-5,5;70,3,2;83,18,-14;95,6,6;102,12,6;115,16,-11;120,-9,4;125,12,-6;131,15,-5;132,-14,10;137,21,-11;142,-1,5;148,4,1;172,4,0;192,25,-10;194,-1,-6
rua||rua das rosas|santa margarida|33920360|100,-1975395,-4399805;102,-9,17;116,12,-23;124,-9,24;134,-8,4;144,-12,21;174,-4,21;184,-2,10
rua||rubelita|sevilha b|33840660|23,-1975120,-4408238;24,-13,18;35,4,-35;39,5,8;42,15,-25;43,10,3;51,-9,4;76,12,-8;78,0,-2;87,4,-13;93,2,1;99,12,-8;100,-10,0;105,33,-2;111,-25,-12;120,9,-1;147,7,6;149,16,0
rua||rubim|sevilha b|33858050|23,-1975352,-4408259;33,-4,1;45,-56,24;53,-16,-8;65,10,-16;73,-4,-14;85,0,-6;87,-8,-16;105,17,-7
rua||rubi|santana|33979899|11,-1980145,-4410583;47,65,-159;81,-38,103;92,3,-11;95,1,1;105,-26,53;106,30,-66;107,-1,11;109,1,-10;115,-27,55;125,7,-12;127,1,-10;131,33,-50;132,-4,-8;134,30,-68;136,-31,86;143,6,-35;155,5,-10;171,3,-14;189,2,-11;190,12,-10;192,2,3
rua||seicidio jorge ricardo|santa paula|33880220|35,-1978410,-4408100;47,433,74;65,-46,-25;75,-14,-6;79,-9,-5;85,69,36;112,-456,-72;122,111,-25;136,242,55;155,-227,-57;210,-60,10;212,27,-4;214,43,-10;220,-61,12;226,363,83;260,-296,-97;290,33,-3;300,-3,1;310,23,-12;320,15,21;326,15,-11;330,16,7;331,-78,-2;333,162,28;336,-239,-15;338,5,-4;376,175,-7;386,17,8;396,13,4;420,39,25;440,21,22
rua||seicidio jorge ricardo|sao judas tadeu|33880220|223,-1978318,-4408129;225,-1,2;235,-8,-1;245,-28,13;255,0,-5;265,29,-9;285,24,-7;295,-23,4;305,39,-1;331,134,7;334,-42,-18;346,30,8;352,0,4;358,0,3
rua||sidney rodrigues rocha|jardim sao judas tadeu|33805010|10,-1978860,-4402740;12,-95,102;16,-4,15;26,8,-25;32,4,0;42,-7,-14;44,7,-6;104,22,-63;116,-1,-1;128,112,-20;130,-111,19;140,2,-25;145,-44,-130;146,32,125;152,17,4;164,101,-27;172,-93,2;180,-1,-12;190,-1,-5;200,29,7;206,-24,-22;212,-10,56;224,15,-65;236,8,-16;248,2,-16
rua||sidney rodrigues rocha|jardim sao judas tadeu|33903428|79,-1978933,-4402717;89,14,-60;101,-13,45;105,11,-3;109,-11,4;113,10,-6;125,-8,-9;171,7,-27;177,0,-4;179,7,-9;187,-5,0;191,7,-4;201,17,-8;211,-9,-26;221,-2,-6;239,2,3;251,1,-5;286,3,-23
rua||teodoro dos reis|tony|33930620|13,-1979817,-4400236;23,4,-17;26,-3,0;35,15,1;36,8,10;45,8,2;48,-11,-2;57,18,2;60,5,7;63,3,-3;64,-4,4;66,-1,3;69,8,-5;72,-1,6;81,8,-8;84,-2,7;85,6,-7;90,6,9;93,5,-3;96,8,7;105,3,0;108,12,5;114,35,14;117,-30,-4;126,37,11;132,13,0;138,3,-2;140,8,10;141,-22,-13;145,8,6;149,14,-1;152,8,14;153,4,-7;162,7,14;165,6,-9;176,5,9;177,2,-4;184,129,47;188,-117,-42;189,0,-4;191,18,15;192,114,40;194,-7,-7;200,-110,-43;201,10,7;202,116,41;204,-4,2;207,-60,-22;208,-62,-24;210,8,-1;211,55,24;212,-45,-16;213,3,10;214,111,36;217,-63,-26;218,67,24;224,10,-1;228,-93,-24;238,7,0;244,8,-5;247,27,12;248,-27,-8;259,32,5;267,14,-3;272,-215,-70;275,220,88;289,14,5;321,19,11;323,7,0;325,2,3
rua||treze roma|roma|33836005|20,-1983190,-4406977;25,11,-4;30,-76,-29;32,72,28;33,-38,2
rua||valdir alves dos reis|alterosa|33821135|13,-1977435,-4412871;21,-3,-12;22,9,6;51,-32,9;52,-46,26;101,51,-30;128,69,-34;148,-18,13
rua||vitoria reges|rosaneves|33840000|9,-1974470,-4409690
rua||vitoria reges|rosaneves|33855701|334,-1974406,-4409684;336,-7,-16;338,-1,29;339,3,12;397,-9,-63
rua||vitoria regia|rosaneves|33840030|27,-1974445,-4409252;37,7,-26;88,3,4;100,-3,-15;102,3,-29;114,0,-16;120,1,4;122,0,-9;130,1,-14;140,-4,-8;152,2,-13;164,3,-14;165,-4,-8;176,6,-7;224,-1,-47;226,1,-8;236,-1,-18;243,1,-10;251,-1,-9;265,-1,-1;275,6,-25;281,-14,161;354,3,-53;453,-12,72
rua||walter dias ribeiro|viena|33944110|10,-1980413,-4402722
rua||wilson tavares ribeiro|vereda|33822529|20,-1982447,-4409045;21,-2,-2;26,0,5;31,1,0;41,-2,6;42,2,5;51,0,8;61,-3,13;62,-13,-4;82,0,16;91,-1,17;97,12,-8;101,-8,14;119,-9,19;121,-4,8;122,2,-14;132,-2,9;134,-1,-4;141,11,31;142,-14,-17;143,4,7;172,-9,16;182,-6,17;390,46,-159
rua||ype rocho|paraiso das piabas|33910050|25,-1978360,-4402659;40,-56,47;45,95,-17;49,4,-4;55,-4,2;56,-10,-9;57,-14,-4;65,9,9;75,0,14;80,19,6;85,6,1;94,2,6;95,23,-3
