acesso||beco da mata|florenca|33823640|30,-1976898,-4415055
acesso||rua murcis|vale das acacias|33830340|22,-1974119,-4414020;1524,-10,11
alameda|sargento|matias|jardim colonial|33809005|11,-1978210,-4411500;17,4,-29;28,14,70;30,-3,-14;48,-13,-14;73,18,47;83,4,4;89,-18,-44;151,-22,-59
alameda||das magnolias|vale das acacias|33830060|12,-1975252,-4413757;18,4,-20;20,-70,-221;25,55,184;40,-50,-159;52,1,1;61,-9,-36;62,15,54;69,-6,-40;71,-2,15;77,8,22;97,17,32;110,-16,6;121,16,13;139,6,20;175,-2,16;181,0,11;187,15,11;214,3,34;305,25,71;307,8,13
alameda||das mangueiras|vale das acacias|33830180|26,-1974389,-4413707;27,5,21;30,1,-46;70,-12,43
alameda||dos manacas|vale das acacias|33830035|5,-1975111,-4413909;21,-80,16;23,6,-1;40,7,0;51,-6,-11;52,23,11;60,14,1;70,8,-5;95,21,-13;130,30,-8;132,5,1;134,13,0;135,-15,-11;143,11,3
alameda||dos mognos|vale das acacias|33830260|3,-1974408,-4414220;5,-132,32;7,18,-9;95,28,-7;105,10,-1;113,113,-22;120,-101,24;125,43,-6;139,361,-5;147,-314,-9;170,38,-7;173,17,0;185,29,-8;199,263,29;201,-19,-2;251,-226,-27;335,281,28;339,28,0;345,7,1;349,48,0;351,32,5;358,-36,2;360,-233,-27;370,-32,2;380,-11,-14;392,-16,15;395,-14,0;397,2,-1;402,-2,-10;417,-46,6;433,22,1;463,-21,3;467,-12,-3;469,-5,-2;471,-3,0;481,-63,4;483,-27,8;485,165,-6;491,-89,-11;492,104,13;531,-173,3;541,-2,-2;563,-15,2;647,-91,22;662,16,-9;941,244,-17;1000,48,-8
alameda||dos muricis|vale das acacias|33830340|42,-1974155,-4414003;60,-10,-10;89,30,39;103,13,0;165,39,74;170,-25,-59;179,56,48;190,-53,-24;215,83,90;221,-28,-31;236,-36,-50;240,40,68;245,53,17;246,-19,15;259,-135,-170;295,197,196;315,-114,-81;316,4,2;325,116,91;399,-190,-186
alameda||magnolia|solar das palmeiras ipe amarelo|33830123|21,-1971684,-4413133;26,-143,-155;77,7,4;79,17,11;91,7,16;105,13,17;108,-13,-14;120,12,14;148,21,23;153,10,9;173,60,90
alameda||maria martins guimaraes antiga mergulhoes|jardim colonial|33809008|10,-1978244,-4411486;13,5,-1;14,-3,6;18,1,4;20,12,12;21,42,170;22,-7,7;26,-43,-175;32,37,193;33,9,-10;44,-13,15;46,-3,9;53,-6,-190;54,6,194;62,-11,-178;64,8,187;74,-5,16;75,2,-203;80,-13,-8;83,15,22;84,-3,198;93,5,-184;94,-13,188;103,13,-188;118,-20,218;122,4,-12;132,-4,26;135,33,-207;146,-38,213;149,1,4;150,-7,2;160,22,-103;165,34,-91;169,1,17;171,9,-3;183,1,17;184,-14,10;185,8,1;227,-78,217;243,-2,8;244,6,-16;252,-3,18;254,-2,5;259,-3,-4;264,-5,15;269,3,-7;271,15,9;272,-30,3;273,22,6;277,-13,19;284,3,-3;292,-15,22;294,-3,-16;301,4,7;303,38,-94;304,-40,93;316,-4,23;317,2,18;328,0,-8;329,-3,-2;331,-9,28;335,3,0;339,-3,11;341,27,-47;342,-25,25;343,-8,25;347,2,5;354,1,-25;364,2,3;365,23,-58;372,-23,82;374,-7,-3
alameda||maritacas|jardim colonial|33809028|9,-1978180,-4410986;10,-4,34;11,7,-26;14,-1,12;15,3,10;27,5,1;38,2,17;39,8,6;48,-11,7;60,8,-1;109,8,58;111,-35,11;122,26,0;132,-6,-5;133,-98,438;136,-9,-230;145,103,-204;146,3,10;147,-219,452;149,232,-487;157,-5,49;158,-15,11;159,8,-5;167,-16,-178;169,14,182;170,-3,11;175,-13,-141;182,7,144;183,-4,28;190,-34,55;191,21,-14;192,-2,-18;193,13,-10;194,-19,25;196,-12,27;197,5,-14;198,-11,19;199,9,-7;204,-32,29;206,58,-103;208,-68,115;212,-4,7;263,9,-2;273,-14,13;283,-7,9;295,-1,0;323,-23,25;325,0,-9;352,-7,17;355,-11,12;362,-8,-1;368,-8,8;369,12,-5;375,-4,3;383,-6,3;451,-34,36;461,-12,12;471,0,9;501,-28,25;504,52,-72;510,-14,25;511,-46,57;514,32,-41;516,0,-3;517,-38,49;524,13,-12;526,23,-32;535,-32,53;547,-18,35;548,-4,-10;550,-7,2;552,-1,3;553,10,13;560,3,17;561,3,-1;564,62,37;573,-52,-9;580,4,1;606,26,7;610,31,-51;651,46,43;655,17,-9;661,7,-8;663,-5,6;700,-22,15;850,-93,-5;900,121,-9;903,31,-27;920,72,16;948,-2,-3;953,-29,-16;954,10,4;963,-1,-9;977,13,1;993,21,2;1005,14,22;1017,4,2;1020,-4,-6
alameda||matracas|jardim colonial|33809082|9,-1978341,-4409992;10,190,-302;20,-137,117;25,120,-91;40,-2,2;42,-416,456;46,-1,12;50,411,-457;51,8,-1;60,-10,1;61,-4,16;70,-5,3;91,-7,16;92,-10,9;111,-2,16;212,-53,78;232,-13,22;242,-6,9;251,13,-4;252,-22,24;263,3,17;357,-88,83;414,-50,24;428,-34,14;591,-42,35;599,-65,67
avenida|vereador|joao de oliveira michete|porto seguro|33863005|9,-1977839,-4406864;41,-67,-257;51,6,10;61,4,13;101,-119,-436;325,190,745;613,-68,-239;625,23,40;659,-25,-38;689,29,72;699,12,17;711,3,20;712,-16,-6;724,26,95;742,-19,-62;759,17,-4;782,-8,45;783,23,34;801,19,72;806,-26,-85;835,3,1;850,2,41;858,-11,4;868,11,13;880,1,-1;904,16,32;910,31,139;973,-7,-57;999,0,59;1031,16,-3;1055,8,19;1069,13,82;1086,6,5;1100,-5,-20;1152,-9,-15;1181,25,59;1185,-2,-3;1200,-3,22;1201,12,-1;1230,0,64;1262,-11,-52;1335,73,259
avenida||geraldo divino marchezani|viena|33944235|3,-1981112,-4402640;5,-11,-12;9,-16,3;10,-244,-224;11,249,235;13,-12,-15;30,-17,-10;130,-142,-33;132,4,5;134,-4,-4;136,-2,-4;150,-17,-12;160,-12,-9;180,-9,-8;240,-19,-73;250,0,-5;260,7,-16;290,-26,-45;310,-20,-29;320,-8,-13;330,-4,-12;340,-4,-3;350,-6,-12;360,-7,-4;380,-11,-21;390,0,-7;400,-9,-6;410,-2,-9;430,-9,-14;440,-5,-7;450,-8,-18;460,-12,0;470,-1,-31;472,-11,-6;480,-11,-18;781,402,442
avenida||geraldo divino marchezani|viena|33944254|10,-1981119,-4402657;14,-21,4;60,-101,-19;70,-10,0;80,-4,-4;94,-10,-9;100,-6,15
avenida||madressilva|rosaneves|33840100|20,-1974359,-4407965;29,-1,-774;32,11,758;44,-4,-13;56,2,-12;68,6,-19;72,-8,19;84,18,-33;156,-38,-1465;172,29,1379;188,-70,-741;192,50,722;200,-49,-64;204,32,37;212,-42,-42;224,-9,-7;236,-4,-3;260,-20,-8;272,-12,-1;284,-5,1;286,41,-1320;288,-12,1327;296,-44,-5;301,53,-1329;308,-73,1321;320,-14,-1;338,-78,-827;356,7,825;359,-1,14;368,-20,-10;378,-149,-357;386,189,359;387,-13,10;388,11,-11;392,-50,-4;399,21,9;401,-29,8;404,-9,-16;409,23,10;413,-29,0;416,-5,-8;421,30,10;428,-37,-11;434,43,-6;449,-33,13;482,-21,-17;494,-10,-13;498,-25,-13;500,-26,-70;566,-3,3;575,249,-859;590,-247,809;604,-28,-221;616,5,-10;640,-5,-23;652,2,-5;664,-3,-15;760,-47,-122;772,0,-11;774,51,166;784,-56,-174;822,9,-35;824,37,166;832,-29,-182;834,25,169;844,-28,-179;846,20,164;856,-4,-172;858,14,163;868,-4,-167;870,-4,154;891,-33,-14;892,54,-159;894,-49,138;906,-7,-14;916,89,-169;918,8,-5;934,26,-21;940,9,-6;950,-1,-11;954,-132,167;962,66,-83;966,-61,71;971,367,-781;998,-211,595;1010,17,1;1022,0,-23;1025,-105,96;1037,25,-19;1038,-47,74;1039,54,-84;1046,93,-73;1094,25,-42;1118,32,-42;1147,-47,73;1157,7,-17;1166,85,-82;1174,-164,160;1178,169,-166;1181,-89,83;1186,-71,82;1193,81,-93;1198,-72,82;1203,81,-92;1214,90,-81;1215,-82,67;1226,96,-71;1235,-88,73;1238,96,-86;1241,-93,82;1250,97,-94;1256,-2,-1;1262,11,-6;1265,-88,73;1270,-70,85;1273,69,-63;1297,11,-35;1298,129,-109;1310,4,-5;1313,-111,104;1322,117,-116;1325,-112,102;1337,13,-14;1342,-67,65;1346,5,-2;1354,19,2;1358,172,-177;1366,-175,158;1369,55,-57;1370,123,-108;1373,-107,96;1378,-60,65;1405,62,-69;1406,109,-199;1409,-89,180;1414,-54,68;1417,41,-61;1433,64,-63;1445,17,-29;1451,-57,68;1454,77,-209;1457,-18,126;1461,-49,55;1469,52,-68;1480,1,-146;1510,-59,258;1517,62,-163;1521,-1,33;1565,0,-79;1570,-11,157;1580,6,-4;1581,10,-131;1582,-13,131;1593,9,-147;1617,-31,-51;1630,42,121;1642,1,-13;1649,-76,-197;1664,76,158;1676,1,-14;1688,-2,-9;1720,-70,-133;1724,65,101;1728,-59,-88;1748,31,46
avenida||madressilva|sevilha b|33840100|195,-1974400,-4408162;197,-17,-29;207,10,11;221,-29,-24;231,12,10;233,-9,-11;234,-332,-365;245,312,356;257,-5,-5;269,-12,-3;305,-32,1;317,-11,-2;329,-13,-1;485,-190,-44;505,-13,-21;521,-6,-10;545,-5,-31;565,12,40;589,-15,-30;605,-9,-134;607,2,19;613,7,87;637,-2,-19;649,-9,0;685,-2,-118;689,1,17;733,-7,-32;769,-2,-62;797,-2,-76;829,-1,-13;905,-85,-143;917,25,-33;945,15,-14;953,4,-22;989,20,-18;993,-22,18;1001,32,-24;1005,-12,10;1009,14,-24;1013,3,-5;1045,4,-1
avenida||maranhao|sevilha b|33858040|12,-1975461,-4407988;17,5,-149;22,-5,170;27,20,-185;32,-20,148;37,37,-163;41,-18,-14;42,308,-369;44,-324,546;46,-2,-8;48,-1,-4;50,-2,-51;51,44,-135;54,-43,176;78,-1,-22;83,121,-250;90,-108,268;100,-1,-91;124,-6,26;136,24,-38;138,-17,33;146,20,-34;150,-8,28;164,30,-65;180,-4,6;196,-4,-20;200,9,0;208,32,-47;216,-12,32;218,-9,-18;228,-8,2;230,71,-68;237,-26,-5;240,31,8;252,8,-16;261,-18,-13;273,-1,-13;275,13,0;276,15,13;280,331,-385;286,-342,391;287,3,-23;289,7,-16;300,13,8;312,4,-4;314,4,-2;324,7,-16;336,2,2;345,-16,-13;350,28,-5;357,-19,-1;359,8,-14;360,14,2;361,-9,-21;371,4,-13;372,16,28;374,7,-2;380,3,-18;383,-30,-19;395,17,13;401,42,67;402,-8,-66;407,-23,-23;420,-27,78;444,58,-77;456,7,-22;468,6,-5;490,1,-5;520,27,-4;530,2,-14;540,0,-17;550,23,-9;552,-1,-5;562,4,-4;570,-74,92;587,95,-127;590,-11,26;593,-143,77;596,145,-77;597,24,-35;599,-9,6;600,-139,178;601,182,-202;603,4,-4;605,-156,148;606,95,-93;608,6,-2;610,7,-4;612,-2,0;614,15,-3;616,15,-10;617,2,-26;625,-145,106;627,-1,12;635,7,-9;637,211,-175;647,-187,149;649,196,-166;653,3,2;665,-179,153;666,220,-181;678,1,-10;690,12,-16;702,2,0;716,8,-21;805,-116,134
avenida||meyer|urca|33902150|20,-1979507,-4401170;73,14,5;83,-4,19;86,-4,50;91,1,15;93,0,-54;95,1,63;101,-3,-51;113,24,20;121,-14,19;125,-8,-18;131,2,31;133,5,3;135,-9,-45;141,-1,-19;147,12,76;149,-9,-92;151,11,103;157,-11,-112;179,4,-31
beco|sao|marcos|vila bispo de maura|33938420|23,-1982918,-4401422;24,-11,-7;25,7,4;28,-14,-5
beco|sao|marcos|vila bispo de maura|33938421|1,-1982905,-4401416;2,-5,1;3,3,4;4,55,12;5,-41,-31;6,59,25;8,-6,7;9,-32,-17;11,0,21;12,36,4;13,-34,-20;14,30,27;15,-23,-22;17,11,1;18,-2,5;19,-61,-1;20,81,0;26,39,-110;28,-97,86;29,48,23;99,-17,0
beco||acesso a rua marcionilia|veneza|33820310|630,-1977134,-4414330
beco||da mata|florenca|33823600|5,-1976912,-4414917;9,2,-19;10,15,-68;12,-3,13;13,-29,89;14,30,-85;15,-4,32;18,-5,-16;20,-17,6;22,10,22;27,23,-52;28,-35,82;30,22,-143;33,-27,-14;34,9,21;40,-20,154
beco||da rua sebastiao modesto|veneza|33820425|3,-1977103,-4414364;5,-38,-24;7,63,27;13,-58,-28;15,9,11;17,-21,-14;28,58,33;33,126,-11;340,-108,-94;1745,-15,18
beco||das mangueiras|soares|33939025|6,-1983154,-4403730;7,-13,-14;16,11,15;26,34,2;52,-48,-25
beco||das mangueiras|veronica|33939025|4,-1983170,-4403731;5,38,3;8,-17,5;9,-1,-12;10,-5,-9;14,-27,-18;17,70,29;23,-8,0;28,22,-3;66,-72,-13
beco||dois acesso a rua sebastiao modesto|veneza|33820425|54,-1977039,-4414396
beco||dos milionarios|vila bispo de maura|33938446|4,-1982676,-4401394;6,5,-12;141,44,22;150,-19,-2;164,-42,6;166,-1,0;167,3,-5;168,8,0;169,-6,-19;170,-12,-13;171,27,20;172,8,-15;174,0,2;175,4,11;176,3,2;177,5,5;178,-23,-3;229,-21,11
beco||jose raimundo moreira|vila bispo de maura|33938448|109,-1982660,-4401449;110,13,-15;111,2,7;114,15,-12;128,-44,16;129,12,-6;321,-3,4
beco||monica|sao januario|33900300|180,-1980462,-4400842;190,0,15;200,-9,-5;302,-23,12;319,39,-14;320,-9,-4;324,-4,6;326,-5,8;328,-9,-1;340,-2,11;346,-5,8;349,15,-2;350,6,-8;356,-25,3;360,-8,-2;480,1,5
estrada||da rua raimundo menezes|centro|33805620|350,-1976474,-4408036;420,-67,15;450,-16,15;460,-17,10;470,-1,1
estrada||da rua raimundo menezes|rosana|33805620|349,-1976473,-4408032;357,-6,-9;365,-2,13;386,-8,9;389,-19,1;503,-42,25;543,-48,14;555,-14,7
estrada||para o sitio do marcio|paraiso das piabas|33913370|125,-1977709,-4402971
extensao||da avenida madressilva|rosaneves|33840100|330,-1974421,-4409617;332,8,-29;333,10,-11
fazenda||da mata|fazenda da mata|33821429|289,-1979099,-4412654
margem||do campo do metropolitano|fazenda castro|33826162|100,-1974929,-4415536
praca||maua|botafogo|33933370|174,-1979165,-4401954;353,6,7;425,19,5
prolongamento||da rua couto magalhaes|fazenda castro|33826166|200,-1974938,-4415458;210,14,4
rua|academico|doutor roberto marinho|belvedere|33821427|15,-1978703,-4411975;17,124,-35;28,55,-36;30,-237,103;37,201,-69;38,1,-7;47,-13,15;57,-7,-4;67,-8,4;77,-7,1;78,12,-8;87,-16,10;88,-2,-5;98,-8,2;108,-12,5;117,-6,5;118,5,-6;127,-13,16;128,5,-12;138,-13,4;147,-7,8;148,-5,-4;153,-4,7;156,-2,-6;167,-4,6;168,4,0;170,-13,2;171,56,-19;177,-57,22;178,-14,-6;187,10,5;190,-14,-2;197,0,8;248,-65,15;258,-7,0;268,-10,7;278,-13,6;288,-2,17;298,-17,-16;321,25,-1;341,-14,-13
rua|academico|vivaldi moreira|belvedere|33821418|15,-1978405,-4411760;27,-223,-16;31,20,4;37,-12,3;47,15,-5;57,6,2;58,-10,5;60,190,4;67,-177,-8;88,21,3;97,44,0;98,-35,1;107,14,-1;108,-44,0;117,47,-1;121,59,4;127,-40,-2;138,-1,3;147,15,-6;148,-4,0;161,16,4;168,4,1;171,-42,0;173,-4,3;174,-36,-11;213,128,4;218,-10,8;221,-126,-5;227,130,0;228,3,4;237,18,-3;238,-9,6;239,59,-2;248,-47,-2;258,6,10;261,-191,-20;267,213,10;277,18,0
rua|barao|de maua|botafogo|33933030|125,-1979277,-4400563;163,-6,81;165,13,-46;167,-3,0;175,-8,12;177,1,-25;179,-1,-7;187,0,45;195,-1,11;205,-2,4;211,-2,17;213,-3,15;283,17,-110;295,-3,16;385,-12,97;397,-11,79
rua|barao|de maua|botafogo|33933370|5,-1979242,-4400877;9,1,4;10,5,13;11,-4,-11;12,0,1;20,-6,29;21,2,-24;32,-9,46;44,0,31;45,18,-57;55,-17,9;57,7,4;59,-6,13;61,30,7;63,-28,9;73,1,4;83,-3,13;93,15,18;97,5,2;116,-28,59;120,0,16;122,-22,112;124,21,-108;140,1,-75;141,-6,-8;144,-3,98;150,13,-89;178,-27,217;182,-4,5;186,3,6;191,25,-163;192,-20,160;196,-6,29;200,0,-4;215,29,-180;218,-32,191;231,19,-167;237,2,11;238,-22,160;244,22,-161;245,-5,14;255,-1,-11;260,3,4;265,1,27;266,-2,-16;273,1,25;274,-2,-12;275,-1,32;280,2,-30;284,1,13;320,-11,61;360,-1,-5;440,-8,75;446,-4,12;448,-1,13;450,-1,20
rua|coronel|murta|sevilha b|33840680|38,-1974831,-4408241;53,-109,154;64,66,-105;65,28,-28;77,-83,125;88,47,-62;89,2,-3;99,-3,1;100,-10,8;185,51,-73
rua|doutor|irineu marcellini|sao geraldo|33805330|21,-1977144,-4408200;44,-18,7;45,-3,1;54,-7,1;56,-7,1;61,13,3;65,-12,4;67,-9,4;81,-20,8;111,-4,10;115,-83,47;121,77,-46;128,-1,13;133,-10,-6;140,23,0;150,-31,-1;160,-8,-6;184,-16,22;185,-3,11;196,-7,-5;199,-2,20;211,-8,-8;215,-12,9;303,-70,48
rua|doutor|irineu marcellini|tania|33805330|204,-1977109,-4408232
rua|escritora|cecilia meireles|belvedere|33821447|25,-1978836,-4412478;37,-5,5;47,-6,9;69,-50,56;70,25,-22;111,-25,36;141,-21,29;183,22,2;191,-61,57;209,8,-9;256,-33,48;266,-4,6;276,-6,14;291,-3,31;324,0,-9;325,-4,15;334,0,-14;360,-11,26;380,-9,18;385,5,10;399,-8,8;400,-9,6;401,6,0;410,-9,11;421,4,5;440,-15,28;443,6,1;462,-30,21
rua|escritor|joaquim manoel de macedo|belvedere|33821467|20,-1979094,-4412552;40,20,1;50,4,-12;91,50,32;101,-35,-14
rua|escritor|mario de oliveira mendes|belvedere|33821425|10,-1978498,-4411934;29,-1,0;38,-30,2;39,3,2;48,-6,-3;49,9,3;69,-18,0;108,-51,-9;112,-2,10;116,0,-8;118,-9,3;138,-11,-2;141,-8,-1;158,-18,-4;161,3,0;171,-7,2;181,-12,-2;186,5,3;191,-21,6;221,-22,-10;250,-14,-4;260,-11,9;261,-18,-6;275,-12,1;291,-7,-3;331,41,9
rua|escritor|orlando mendes|belvedere|33821457|42,-1978652,-4412408;58,4,24;80,-10,25
rua|escritor|vinicius de moraes|belvedere|33821472|20,-1979199,-4412485;30,8,9;50,24,9;70,11,9;91,16,9;101,0,-4;111,-6,-3;113,55,11;120,-26,4;130,0,-7;151,46,23;170,-1,5;172,8,1
rua|expedicionario|jose bernardino de melo|centro|33805070|7,-1976523,-4408507;10,-33,-6;14,5,10;15,3,-3;18,-14,8;22,-9,4;27,19,-10;33,-4,6;36,-25,9;39,15,0;46,-14,4;48,-3,0;49,6,5;61,-9,9;68,-2,-6;79,-9,23;80,-12,-1;100,1,-9;101,-2,14;110,-1,-4;111,-8,13;117,-6,11;120,12,-25;127,-16,27;130,-1,-15;137,-4,22;139,3,0;148,-9,-1;150,-3,13;155,0,-2;157,-7,11;159,9,-7;161,8,9;163,-8,-1;169,-2,-15;171,-2,4;177,-1,18;179,-1,-12
rua|grao|mogol|sevilha b|33840410|10,-1975161,-4407906;12,-9,-1;14,5,-1;22,10,1;24,-5,-4;25,10,5;31,10,2;32,-2,1;42,16,4;44,7,5;49,14,-9;51,-12,1;53,6,-2;61,14,5;65,-29,-5;87,39,7;99,19,7;101,7,-1;110,-24,3;113,35,0;117,35,10;130,-53,23;154,29,-27;166,-2,-4;187,52,11;189,-4,1;190,3,6;197,10,-7;202,-4,4;208,15,5;209,2,-1;215,10,1;235,24,8;236,0,2;253,3,-3;257,8,0;272,14,2;283,10,1;285,26,-7;300,4,-18
rua|padre|geraldo magela|vereda|33822528|21,-1982505,-4409407;22,-1,3;31,5,1;32,3,5;42,29,57;51,-23,-44;52,5,10;53,-5,-6;61,-2,-4;62,46,91;71,-38,-74;76,5,10;81,1,2;91,4,8;96,4,6;99,1,-3;106,3,8;109,1,4;116,1,7;119,2,6;129,0,6;138,13,20;139,-34,-74
rua|padre|monerato|guadalajara|33900060|20,-1980244,-4400660;32,23,15;45,-9,-9;47,-10,0;63,-74,-24;65,65,16;75,-63,-10;78,52,-4;81,0,11;88,-5,-5;91,-20,-10;92,-5,-4;94,53,32;98,-47,-29;153,-9,-4;155,-1,-1;157,2,-2
rua|presidente|prudente de morais|fazenda castro|33826045|21,-1975248,-4415976;31,-15,12;33,-22,12;51,-40,25;60,-56,32;68,85,-59;70,-4,3;73,6,1;79,-76,45;80,-3,4;81,-12,4;83,26,-13;89,5,1;90,-13,3;100,18,-8;107,10,-11;109,3,-1;120,3,-1;129,7,-6;133,-26,18;135,9,-5;139,23,-15;149,11,-6;150,-2,2;160,3,-3;175,20,-15;179,19,-8;180,-11,9;183,27,-17;190,-19,11;531,29,-18
rua|radialista|margarida maciel|luar da pampulha|33936000|51,-1982013,-4400580;69,12,-2;77,8,-1;89,11,-1;95,14,-8;99,29,-10;109,-23,6;119,25,-6;173,59,-20;175,12,-6;177,15,-9;179,0,0;255,59,-38;265,-12,5;275,-25,15;281,-18,14;285,12,-9;463,52,-34;465,15,-9;487,8,-5;499,4,-6;511,14,0;521,2,-2;525,10,-5;533,6,-5;535,10,-3;545,2,3;547,10,-8;557,15,-17;565,12,11;575,9,-2;585,15,-4;597,7,1;711,76,-7;721,12,1;723,2,-2;741,28,8;747,25,1;1187,-112,-10;1259,21,-3;1260,6,-9
rua|santa|efigenia de minas|sevilha b|33840620|15,-1975454,-4408380;22,11,0;25,7,-15;28,2,3;37,192,-262;39,-3,0;40,-183,252;41,177,-248;43,-7,-4;45,-168,247;52,9,-7;55,-3,-3;64,11,-8;67,-2,-4;74,17,-15;79,-15,7;88,8,-5;98,22,-7;108,-1,-19;109,-19,19;118,24,-29;119,-23,12;120,84,-87;132,-55,70;135,0,-11;137,6,-7;142,148,-165;145,-175,177;155,32,-31;157,-13,31;164,10,-4;166,10,-10;169,-7,-9;179,22,-20;190,-11,17;202,4,-3;203,13,-37;206,-10,33;210,1,-7;213,-5,4;215,24,-32;220,-6,15;223,-60,72;229,57,-75;230,9,2;258,11,-27;264,7,-18;274,10,-2;286,13,-21;293,-17,16;298,26,-22;305,-18,7;311,12,-19;340,36,-28;357,6,-2;406,-212,283
rua|santa|madalena|landi|33930020|73,-1978790,-4399350;77,8,8;80,-12,-3;84,3,3;88,-10,3;92,9,0;96,6,4;97,10,2;100,-13,2;107,14,-1;109,9,12;118,-6,-11;120,92,118;122,-90,-107;131,13,11;132,-14,10;133,23,-8;139,6,5;142,-19,-6;145,24,14;151,7,8;156,-24,-7;168,15,9;180,5,0;181,14,9;192,-1,3;193,13,2;204,-6,5;205,8,8;217,24,-6;228,-16,13;229,8,7;238,2,2;250,-1,7
rua|santa|madalena|maria helena|33930020|10,-1978848,-4399406;17,-8,-12;29,8,20;41,17,9;48,-14,5;51,15,-7;60,-1,8;61,12,5;67,8,11;72,-10,-9;79,3,-4;264,166,184;276,14,14;350,23,12;366,12,8;369,9,16;371,3,6;374,-18,1;380,14,4;392,1,6;404,1,21;420,5,5;432,7,8;439,5,11;440,-7,9;449,30,-1;468,-32,16;475,10,11;485,3,1;490,-9,0;496,-2,14;497,-3,6;508,-1,-53;511,10,70;516,-4,-7;520,1,17;523,4,-16;533,1,13;540,-3,-2;545,2,10;547,2,14;550,-1,-6;557,-8,20;559,9,-2
rua|santa|madalena|santa madalena|33930020|243,-1978656,-4399202;251,-12,-8;253,23,10;265,22,2;301,3,17;311,17,12
rua|santa|margarida|maria helena|33930400|3,-1978903,-4399829;11,-2,6;15,-5,3;21,-5,8;25,-4,3;26,1,-12;35,-13,23;36,-47,-68;38,68,27;40,-15,28;45,-11,16;46,-19,-56;50,14,58;51,-20,-70;55,8,62;64,11,4;65,-19,32;68,10,-13;75,-14,21;85,-3,6;86,11,-25;89,17,-2;90,-32,-81;98,9,89;110,-5,15;118,4,15;131,10,9
rua|santa|marta|maria helena|33930370|35,-1978889,-4399722;41,26,3;50,-31,6;51,21,11;58,2,9;61,10,-2;70,-6,4;95,17,5;107,14,5;111,11,-5;119,0,2;130,13,34;131,-14,-20;136,24,15;140,-4,16;143,-17,-26;165,15,13;171,8,7
rua|santa|monica|sao miguel arcanjo|33900460|5,-1980269,-4401424;6,63,25;10,-15,-10;21,4,6;22,-7,-12;34,-13,-4;46,-26,-14;207,9,4;210,1,-3
rua|sao|marcos|areias de baixo|33920120|16,-1976593,-4400296;18,6,-10;20,-14,26;22,17,-29;24,-6,4;54,-10,30;55,-8,4;65,3,-3;75,-6,13;78,-8,10;90,7,-15;97,-8,26;100,-29,14;134,6,20;155,-2,13;160,-14,14;170,6,-9;171,0,7;176,-17,15;177,12,-10;181,72,-122;186,-88,138;191,10,-9;198,-12,15;200,-10,19;201,16,-22;213,-5,18;242,-14,11;248,-7,10;251,4,-6;254,-6,17;256,-4,7;261,12,-23;271,-16,25
rua|sao|marcos|guadalajara|33900150|55,-1980342,-4400786;95,8,26;99,7,-7;101,-11,-9
rua|sao|marcos|luar da pampulha|33936080|22,-1982175,-4400810;25,-23,1;32,38,-7;35,-21,2;59,11,-4;106,43,-10;109,-1,-6;118,12,1;119,15,-14;132,-3,9;136,0,2;138,14,-12;145,4,-7;150,14,14;173,22,-10;185,28,5;188,-16,-4;197,31,4;200,-7,3;209,9,1;212,2,-4;221,7,10;224,12,-9
rua|sao|marcos|maria helena|33930350|10,-1978975,-4399627;14,4,7;20,17,6;23,6,1;25,17,5;33,19,11;40,-17,-6;50,-9,-6;53,27,12;73,30,2;80,-31,17;81,33,-14;94,-24,0;96,24,4;98,-13,-11;105,40,7;108,-19,8;109,14,-13;117,10,3;125,9,-6;129,5,1;617,-21,6
rua|sao|marcos|sao januario|33936080|10,-1980360,-4400872;11,4,15;13,-4,3;25,6,3;30,-1,9;40,4,22;50,-4,9;100,16,29;113,-24,-73;196,27,72;220,-9,24
rua|sao|mateus|areias de baixo|33920070|25,-1976609,-4400204;26,0,-5;31,-19,-7;33,14,10;80,-8,-15;92,-18,-9;100,-14,-12;102,-7,-7;114,-8,-4;170,-41,-29;188,-5,-1;190,-7,-11;221,67,52;270,-117,-92;280,-3,-6;290,-10,3;296,-17,-9;298,0,-7;300,-6,1;313,220,165;316,-216,-165
rua|sao|mateus|areias|33920070|31,-1976814,-4400347
rua|sao|mateus|luar da pampulha|33936110|16,-1982234,-4401093;18,184,68;20,-16,-9;22,-19,-1;24,-4,-3;26,-14,-2;28,-6,-6;30,13,0;32,-25,-6;35,328,104;36,-355,-111;38,-8,-3;40,36,16;42,-40,-19;52,-8,-6;62,-5,-2;72,-25,-3;80,-141,-58;82,140,51;92,-15,-4;98,-112,-40;100,-130,-47;102,239,86;110,-23,-7;112,-215,-80;122,204,79;124,-181,-72;132,178,70;142,-13,-3;147,402,144;169,1,0;180,-513,-189;190,65,13;192,-74,-14;207,486,176;220,-100,-36;227,91,28;241,-9,3;242,89,9;254,9,-5;256,-115,-8;265,101,37;266,18,-26;271,-26,23;281,12,5;287,-142,-67;306,184,57;316,13,17;320,3,-2;328,1,2;331,-225,-74;335,4,6;340,231,76;341,-214,-82;345,199,91;352,26,-10;353,-8,6;362,26,0;365,-14,4;374,34,-15;385,-2,20;398,13,-24;403,-1,25;406,95,32;415,-90,-24;416,2,-9;420,2,-1;422,30,7;430,-13,-3;452,32,6;455,-13,3;461,7,10;463,8,2;464,-8,-9;474,18,9;479,6,4;484,3,-4;485,0,12;496,11,1;497,-4,2;506,10,-6;510,5,0;516,-1,3;520,8,4;528,4,1
rua|sao|mateus|maria helena|33930090|6,-1978632,-4399029;8,4,-2;10,-10,-7;15,-3,-3;22,0,-9;35,-12,-9;62,-32,1;63,5,-25;70,-33,14;73,9,11;105,-20,-18
rua|sao|miguel|sao miguel arcanjo|33900480|5,-1980146,-4401705;8,2,-7;15,-12,20;17,-4,12;18,-3,-9;23,12,-5;25,-5,2;28,-12,8;30,11,-11;56,-8,15;68,-3,16;70,-11,-3;80,-3,32;81,9,-14;87,4,-2;96,-19,27;104,-63,90;110,0,4;120,1,7;126,-8,2;131,-2,13;135,5,9;136,-3,-19;140,-10,11;150,-16,25;169,3,5;174,-3,1;181,1,1;191,-16,15;200,6,-1;205,-2,3;209,-3,11;215,-7,7;217,56,-96;220,11,-6;225,-75,111;230,76,-121;237,-71,124;241,-8,5;244,86,-129;247,-94,143;252,3,-16;261,-14,27;269,103,-164;280,26,-39;287,1,2;293,1,18;300,-120,166;301,-6,18;304,-23,27;310,15,-28;322,-11,8;334,13,6;346,3,-16
rua||abel tavares silva moreira|vereda|33822531|16,-1982409,-4408959;20,11,-72;21,5,0;23,2,9;28,-7,-4;33,2,13;40,-3,-6;41,0,19;50,-1,-5;52,-14,27;53,13,-18;54,-10,7;60,10,-8;63,-12,24;71,11,-14;81,-6,13;90,-2,10;100,-6,2;118,-10,12;120,7,13;130,-4,8
rua||alberto gaudencio de melo|veneza|33820090|53,-1976962,-4413616;70,-203,-118;82,6,-2;180,295,173;192,-13,-6;204,-12,-2;207,-503,-307;217,688,427;224,-188,-138;231,229,163;236,-244,-158;249,230,141;259,-10,-10;260,-247,-147;299,-72,-43;300,70,40;303,14,17;311,-95,-67;312,68,40;323,-81,-50;324,73,41;331,10,21;334,-35,-31;335,-58,-33;336,9,11;337,300,188;341,-7,-5;343,-211,-135;349,-69,-40;353,269,170;363,-2,-7;365,-218,-132;375,198,121;379,-209,-131;385,-20,14;387,223,112;395,-290,-177;396,8,-2;398,276,168;401,-1,9;402,-283,-181;403,264,161;407,7,8;411,-8,0;413,-11,-6;416,-1,-17;418,-101,-55;420,95,59;422,-4,-2;428,-244,-151;438,-17,-11;439,-17,1;503,224,135;508,-237,-154;509,231,155;511,-70,-49;520,-173,-111;521,-17,1;531,253,166;541,-4,-21;544,-249,-159;551,240,156;563,-14,-2;575,-10,-11;603,-253,-153;604,-6,-17;611,-12,-8;612,-6,-9;616,129,85;624,-142,-85;632,383,237;636,-392,-241;646,-12,-8;663,37,30;665,11,3;671,-26,-11;674,248,139;680,-297,-185;681,48,41;683,-12,-8;692,-43,-37;694,276,174;700,-250,-150;705,7,5;717,-3,-8;720,-14,2;727,11,-10;739,-22,5;759,-22,-17;788,155,93;801,-16,-14;803,-4,12;810,-132,-99;841,347,226;921,-59,-39;931,-5,-6;961,-67,-40;971,-5,-1;973,-10,-4;975,-2,-1;1076,-248,-160;1081,186,123;1088,-177,-120;1090,-3,0;1112,-14,-11;1113,2,7;1125,-18,-8;1136,-12,-17;1159,-19,-4;2730,53,31;2790,61,40
rua||aldimar de miranda|santa martinha|33860000|51,-1976826,-4407113;60,-5,8;61,4,2;70,-13,4;71,4,6;85,-7,7;95,-3,0;98,-1,-10;99,1,10;100,-9,5;107,4,4;110,-8,1;113,5,7;126,-10,1;133,-2,10;134,-9,-2;143,7,6;152,-8,2;155,1,13;164,-10,-8;174,1,7;191,-18,28;194,5,-13;196,-1,6;200,-5,7;201,-8,21;203,23,-35;207,-47,66;210,82,-126;211,-71,111;212,19,-21;220,-6,2;226,-14,14;232,-5,11;242,15,-19;244,-21,27
rua||aldimar de miranda|santa martinha|33860380|12,-1976799,-4407157;15,-5,19;17,1,-3;30,-5,1
rua||ana maria machado|fazenda castro|33826007|13,-1975060,-4415611;30,-273,167;31,17,-17;36,270,-168;40,-276,174;41,3,-3;46,263,-158;60,-237,144;62,53,-35;70,-20,15;80,0,1;81,-19,5;91,6,-6;100,164,-102;101,-155,100;120,40,-19;131,-16,-4;141,11,1;151,8,-4;160,71,-43;161,-65,39;170,75,-49;171,-43,37;181,-1,-20;191,11,3;193,-7,13;197,20,-17;209,18,-10;221,4,-19;250,36,-6;261,2,-3;271,9,-7;272,-156,102;281,167,-109;282,-177,111;291,180,-112;308,-208,129;311,-1,4;312,-10,-1;318,-6,11;360,-25,12
rua||analito pinto monteiro|savassi|33880486|1,-1977265,-4408685;143,14,85;155,-5,-9;165,-6,-56;167,5,37;171,-7,-42;172,1,-4;181,-9,-27;191,-19,-60;256,0,3
rua||angelina de paula moreira|vereda|33822552|52,-1982224,-4409242;54,-15,-12;84,25,31;92,-3,17;98,5,23;112,3,9;132,3,14;266,1,25
rua||antonio de souza menezes|botafogo|33900720|7,-1979822,-4401554;11,0,5;13,7,1;25,13,5;55,58,83;80,475,232;85,-430,-186;87,25,9;89,11,10;91,392,143;95,-513,-267;120,509,289;126,5,-27;129,-568,-302;137,74,74;139,-77,-87;149,-11,-13;265,196,190;275,1,14;355,-53,-69;361,-16,21;385,148,141;387,15,-17;388,27,5;389,-32,-17;477,-165,-127;486,244,172;498,-13,-3
rua||antonio de souza menezes|centro|33900720|31,-1979780,-4401501;37,-7,-13;39,29,13;52,-51,-28;68,36,38;74,8,2;120,4,5;148,-54,-42;152,79,82;160,-65,-74;166,-3,-3;190,9,10;196,3,5;202,3,4;502,66,66;508,4,-3;514,5,8;543,-42,-42
rua||antonio souza menezes|centro|33900720|18,-1979839,-4401563;46,7,5
rua||antonio souza menezes|urca|33900720|21,-1979404,-4401214;23,-12,12;45,-4,-22;67,-4,-18;77,-13,5;88,16,6;90,-8,1;98,-4,-13;105,-20,1;108,-3,-19
rua||antonio vieira mendes|centro|33900600|26,-1979976,-4401782;31,-15,-7;36,-5,-2;50,-13,-4;51,3,6;60,-20,-3;61,3,7;71,-10,4;81,-5,5;90,0,-12;97,-9,1;100,-6,3;110,-9,4;113,-7,3;125,-16,-64
rua||areal misongue|landi segunda secao|33800001|137,-1978166,-4399786;145,78,-36;147,-29,45;154,45,27;164,-36,-21;174,24,14;178,28,15;180,-21,6;181,120,66;182,-101,-65;184,20,16;186,11,-13;188,-24,4;200,98,50;210,1,0;220,7,41;240,1,-6;241,21,14;243,-166,-127;250,172,160;506,-169,-159
rua||artur vitor maciel|rosana|33860170|15,-1976087,-4407654;19,-5,-18;30,0,-9;37,-8,9;42,0,-21;45,5,8;49,-9,-7;54,-2,-13;55,-5,11;65,-2,-18;66,2,3;79,-9,-12;89,-9,-17
rua||belizaria avelar martins|santa marta|33880070|2,-1977770,-4407818;12,-30,-1;40,19,24;41,15,9;51,-21,0;57,-41,110;63,36,-99;71,-4,8;83,1,14;88,10,-32;95,-12,49;99,-4,6;100,12,-47;105,-21,56;112,18,-40;117,-15,53;118,10,-32;124,6,-15;130,-10,25;136,-4,4;143,-5,48;148,-4,-34;157,2,26;158,-2,-9;159,-8,17;160,-3,-13;161,0,17;166,-1,-13;172,3,9
rua||benedito joselino martins|hawai|33935340|11,-1981327,-4401195;30,-158,79;40,14,-17;50,16,-6;60,12,-3;61,166,-59;66,-170,54;71,148,-69;81,-10,4;91,-7,10;101,-8,4;113,-14,6;118,-98,41;125,52,-20;128,-56,23;132,-67,70;141,130,-72;142,-135,89;153,120,-91;160,-34,-1;167,10,4;174,-1,-14;179,-7,17;193,-9,4;198,31,-29;205,-37,31;210,50,-35;215,-62,42;222,73,-38;225,-82,39;234,88,-43;235,-101,44;243,-4,10;245,-6,1;246,137,-67;257,-141,74;269,-9,11
rua||benicia paula moreira|jardim primavera|33933690|35,-1978999,-4400341;39,0,6;45,3,0;55,-3,12;65,0,16;75,-6,19;81,1,11;83,0,5;84,-5,-22;91,5,30;96,-4,-19;110,2,0;116,1,6;117,-3,49;122,1,-35;132,2,15;142,-4,8;143,5,23;147,-59,79;153,55,-33;163,-6,3;168,3,-48;170,0,-15;172,4,-31;174,-7,43;176,3,9;180,0,6;186,1,7;188,-2,16;192,2,-11;196,-2,3;203,5,41;215,-6,9;216,1,-38;228,0,25
rua||britaldo moreira|sao jose|33900330|12,-1980284,-4401120;15,13,0;19,-9,-1;21,-9,4;23,-185,50;25,186,-56;26,-9,5;38,-416,125;56,22,-5;64,-5,-3;74,21,-5;97,189,-65;100,-163,53;107,182,-57;111,30,-6;112,-199,59;113,192,-58;115,22,-11;117,-36,15;124,-173,52;125,229,-65;126,-223,54;134,5,2;142,6,-3;144,15,2;150,5,-9;158,5,15;159,19,-17;160,6,-5;164,2,-5;189,20,5;190,61,-21;192,56,-13;222,-132,40;232,16,-13;235,-177,67;240,177,-58;250,17,-4;287,66,-24;302,-34,11;310,25,-7;330,11,2;360,17,-8;370,23,-3;376,6,-1;381,27,-22;382,-11,20;386,-4,-2;406,28,-16;445,55,-6;447,5,-1;453,-14,-2;455,-5,4;459,-1,4;465,-8,2;467,-8,-7;470,11,3;475,-13,9;480,0,-11;485,-4,3;490,3,4;492,-2,-8;495,-5,11;497,-22,-19;499,17,-41
rua||britaldo moreira|sonia|33900330|155,-1980559,-4401049;159,-4,3;161,-22,1;163,-25,9;167,55,-18;171,-33,12;175,33,-6;179,32,-13;180,17,-5;189,-37,12;199,14,-2
rua||campo do meio|canoas|33933795|7,-1979572,-4400440;9,-11,-19;13,2,14;15,12,4;17,-7,-1;18,4,13;25,1,-4
rua||carmelita braz mota|vereda|33822560|31,-1982063,-4409238;41,-4,15;46,-9,3;65,-2,5;66,-7,12;75,5,3;79,-12,11;85,7,-13;91,-6,12;92,-6,1;96,-8,9;97,5,6;105,4,-7;125,-12,16;135,-4,10;140,-7,2;145,1,3;150,12,-18;160,-3,-1
rua||cecilia meireles|barcelona|33826064|10,-1975084,-4407676;15,129,38;22,-125,-43;28,7,-3;30,11,-9;36,38,7;46,12,7;220,73,53;230,-2,2;264,51,35;271,5,-20;273,-6,9;283,24,6;284,0,1;285,13,-6;294,-2,12;304,7,3;316,13,-13;326,29,-4;336,7,0;340,-7,-18;345,7,-4;346,2,21;351,1,-19;355,-1,11;404,-301,-42;405,-8,10;406,-3,12;420,389,-1;461,-206,34;888,-165,-75
rua||cecilia meireles|cruzeiro|33903270|15,-1979048,-4402309;18,5,5;20,-7,-7;25,3,0;35,-12,-21;41,-15,-39;46,10,46;51,-17,-60;56,17,54;57,-17,-66;60,17,58;70,2,-10;77,-30,-70;80,26,62;81,-29,-83;90,29,72;91,-34,-79;96,30,79;106,-11,-21;110,0,-3;116,1,-2;120,-13,-37;136,9,25;150,-2,-4;156,-6,-18;170,-8,-22;331,-2,-18
rua||cecilia meireles|fazenda castro|33826064|30,-1975785,-4416338;35,388,951;47,4,1;71,25,-15;75,21,-5;87,-93,45;90,-363,-945;120,-26,40;125,-6,5
rua||cecilia meireles|metropolitano|33826064|14,-1975424,-4415360;24,5,-2;36,14,-7;40,7,-5;50,15,-4;62,5,-3;76,17,-7;78,30,-16;96,-14,3
rua||claudionor moraes|vereda|33822511|131,-1982566,-4409044
rua||claudionor moraes|vereda|33979899|10,-1982564,-4409004;11,-56,100;20,25,1;21,-10,-10;31,9,-9;41,3,-13;42,1,14;44,4,-37;48,7,-14;50,5,-8;51,2,35;52,-5,-37;54,4,-6;56,2,-11;61,-19,40;64,26,-51;66,1,-14;67,8,-28;72,-7,16;78,8,-24;80,-3,2;81,-25,88;82,24,-78;84,4,-20;85,-1,0;86,2,-5;87,-18,72;90,18,-78;91,-28,99
rua||conceicao alves moreira|bom sossego|33860040|8,-1976243,-4407573;28,13,25;32,3,1;40,-12,-23
rua||conceicao alves moreira|sevilha a|33860040|69,-1976201,-4407505;77,14,23;97,6,13;110,-24,-36;117,32,44;118,-25,-34;126,24,35;131,22,30;176,-3,13;186,-16,-16;245,32,28;259,22,33;265,-7,-14;266,8,44;286,13,13;289,-9,-23;297,7,14;302,5,18;311,16,16;312,-66,-103;321,66,103;324,-57,-92
rua||conceicao efigenia de melo|veneza|33820200|5,-1977172,-4413305;14,-12,28;26,18,-26;38,1,-4
rua||conceicao martins|tony|33930592|374,-1980228,-4400061;384,2,-16;396,3,-14;407,-7,23;408,10,-32;410,-3,-9;419,-14,47;421,9,-23;422,4,-38;432,-1,-9;435,-1,15;444,4,-21;447,-7,12;456,1,-26;459,6,22;465,-5,-15;468,3,-26;473,0,14;480,0,-24;490,3,-9;492,0,-3;495,-3,11;499,4,-4
rua||conceicao silveira vaz de melo|campos silveira|33861355|271,-1977146,-4406606;273,-12,-4
rua||conceicao silveira vaz de melo|santa martinha|33861355|63,-1977162,-4406606;75,-22,-8
rua||conselheiro matta|sevilha b|33858530|6,-1976228,-4408369;25,-3,-27;34,8,0;35,38,-45;36,-30,35;45,-7,-1;46,12,-8;54,2,-2;55,-2,-8;60,50,-42;65,-44,38;68,10,-2;72,5,-3;75,-14,3;80,23,-12;81,-8,0;91,-1,2;99,11,-17;108,10,-3;115,-8,-1;143,10,-6;156,32,-33;163,17,-9;166,-9,4;175,2,-6;192,22,-17;197,-9,0;202,11,-4;206,52,-50;214,-40,35;221,-23,19;223,19,-25;226,10,12;227,-10,-8;235,12,-18;238,3,12;247,6,-17;259,3,-2;285,11,-11;294,3,4;295,8,-13;300,49,-57;302,-51,66;303,9,-16;306,-1,6;315,1,-6;330,9,-5;345,4,-13;348,2,5;350,6,-3;360,3,-6;361,0,-4;371,7,-8;372,3,4;384,8,-16;385,-6,2;397,4,-8;410,16,-5;411,8,-20;420,2,11
rua||couto magalhaes|fazenda castro|33826166|11,-1974798,-4415586;21,5,6;41,14,9;50,27,42;60,4,8;61,-17,-25;70,32,36;71,-31,-36;91,15,18;92,29,34;94,-28,-26;104,-9,-15;118,24,27;120,12,18;311,-92,-116
rua||cristiano moreira|vereda|33822536|10,-1982204,-4409055;20,-10,-4;21,16,8;25,-24,-9;30,-1,-2;31,20,11;32,-2,-2;37,-7,-1;40,-11,-6;50,-20,-7;60,-2,-6;61,11,11;70,-20,-10;80,-8,-2;81,15,3;91,-210,-65;92,-6,-3;93,202,70;113,-19,0;114,-4,-12;121,-1,1;128,11,2;131,-22,-8;134,-5,2;136,4,3;138,-1,1;144,-15,-11;154,-16,-5;157,-26,-4;164,23,5;167,-19,-3;174,8,2;186,-13,-4;188,-4,-2;199,-1,-6;200,-10,6;201,13,-4;208,-26,-9;217,10,6;224,-17,2;227,12,-16;237,-11,3;240,-10,5;245,5,-8;247,5,3;250,-21,1;253,2,1;255,-5,-1;260,-4,-2;265,-2,-3;277,-25,-4;287,17,3;288,-5,-12;289,0,12
rua||cristovao machado|areias de baixo|33920100|4,-1976573,-4400440;5,6,-4;6,-54,52;26,24,-27;28,-8,6;40,21,-16;42,-2,-5;44,-19,24;48,6,-12;60,0,32;68,-26,3;136,22,-30;140,-5,11;180,-23,27;200,-8,11;201,8,-12;203,31,-38;205,-28,34;206,-16,26;210,-12,3;211,35,-37;220,-36,38
rua||da matinha|elizabeth|33943762|7,-1980529,-4401553;9,-16,0;13,-10,-9;15,-9,-5;17,1,-7;19,4,11;21,-16,-35;23,-14,12;25,1,-3;27,59,50;30,8,6;33,-6,-1;35,1,-14;45,-70,-42
rua||da matinha|vila real|33800001|180,-1981825,-4401835
rua||das magnolias|rosaneves|33920300|57,-1974536,-4407931;65,8,7;77,6,1
rua||das mangueiras|canoas|33933792|96,-1979673,-4400387;98,-4,1
rua||das mangueiras|jardim alvorada|33939025|27,-1983063,-4403742
rua||das margaridas|luana|33939062|30,-1982666,-4403574;31,24,10;40,-21,-8;41,26,25;50,-15,-15;60,5,6;61,25,26;90,-7,4;91,19,21;101,1,1;110,-11,-8;111,19,23;120,-13,-11;121,19,21;130,-21,-23;160,16,32;172,17,8;210,9,11
rua||das margaridas|piedade|33913070|5,-1978503,-4402111;12,20,15;22,-1,-6;25,-18,-6;33,6,5;34,29,17;35,-30,-20;38,38,21;41,5,-5;47,-23,-5;48,22,11;60,10,12;64,16,12;70,-6,-7;71,-31,-22;81,8,0;91,7,7;101,12,9;111,19,7
rua||das maritacas|sonia|33935232|10,-1980407,-4401233;13,-9,7;16,-18,45;30,21,-40;42,-1,8;50,-3,7
rua||david miguel|centro|33805630|21,-1976623,-4408909;25,15,2;32,6,5;35,-26,-14;40,5,23;50,7,-30
rua||denisart de mesquita|santinho|33855580|15,-1974773,-4406595;27,-1,10;33,4,7;35,-1,12;49,-1,17;51,2,-6;61,-2,18;73,1,11;95,-1,17;121,1,14
rua||diana menina|san remo|33822503|9,-1981724,-4408545;10,-15,40;215,17,-53;235,-1,13
rua||do mexico|conjunto henrique sapori|33913310|1,-1976064,-4413785;12,36,5;13,72,95;19,-19,-20;23,-40,-59;25,3,11;26,14,12;30,30,43;43,-62,-82
rua||do ministerio|tancredo neves|33937080|10,-1982620,-4401516;15,22,-20;20,-6,12;27,8,-15;30,-1,13;40,8,-19;60,12,-8;82,6,-3;94,9,-13;95,-14,13;98,22,-15;99,7,-7;117,-4,-1;127,27,-18;153,15,-11;159,3,-2;295,14,-10
rua||domingos martins|veneza|33820192|37,-1976707,-4413754;49,-13,28;53,21,-31;103,27,-53;115,5,0
rua||dos manacas|luana|33939075|10,-1982541,-4403391;20,4,-3;40,22,2;60,10,-12;61,-17,-3;71,2,-5;80,27,-16;100,16,-11;101,-16,4;110,32,-16;111,-31,22;114,39,-19;118,7,-12;122,12,-5;126,14,-10;131,-50,33;137,8,-7;141,0,-4;151,5,-10;171,11,-5;181,6,-4;191,8,-5;201,13,-8;221,5,-25
rua||dos manacas|rosaneves|33840310|27,-1973990,-4408637;36,7,-4;37,-16,-8;49,9,-8;61,3,17;73,-23,-27;85,-7,-18;97,30,47;100,-45,-63;109,4,-2;122,-2,-13;123,25,-22;131,3,67
rua||dos menezes|lagoa|33929010|120,-1980425,-4400058;234,109,-4;244,2,11;254,-8,1;264,-37,18;300,-43,-11;318,-28,-13;320,-8,-1;330,-3,-2;340,-29,-1;468,-21,-4;482,-15,-13;494,-15,13;506,-12,0
rua||dos menezes|lidice|33929010|130,-1980170,-4400042;146,68,-2;156,-21,4;158,-5,1;160,-3,-4;169,0,-144;180,-17,154;204,-39,-11;216,-13,1;218,-8,2;220,-29,-1;228,-14,-7;240,-9,2
rua||eduardo pierre morale|ceu anil|33935640|12,-1981722,-4401513;22,-14,2;32,-13,5;38,-11,9;46,-2,-4;55,19,-1;58,-24,4;60,-18,7;65,25,2;70,-18,-6;73,2,13;75,-12,0;85,-10,6;95,-89,34;97,79,-32;98,8,-12;100,-3,0;120,-12,4;125,-21,19;130,14,-17;136,-10,10;140,-8,-9;145,-3,16;150,1,-7;155,-19,10;160,5,-6;165,-5,12;170,-4,-8;175,-9,11;179,-4,24;180,-5,-34;185,-3,17;190,-9,-8;205,-6,11;213,-10,3;215,-6,5;217,-3,-1
rua||edvaldo martins|atalaia|33933010|4,-1979264,-4400889;5,-3,25;8,8,-16;10,-44,53;11,23,-27;12,-32,40;15,-2,2;17,31,-25;21,-11,9;31,0,9;46,-24,16;56,0,3;60,-10,12;61,21,-17;68,-8,23;70,0,9;73,3,-19;79,-7,44;80,4,-15;85,-3,-4;90,1,15;98,-3,-4;141,-6,45;146,-10,-25;154,8,35;155,8,7;160,-4,2;165,0,3;166,5,5;180,-10,7;181,4,2;191,2,11;194,-10,-3;208,3,14;209,-3,-1;213,-1,10;216,0,3;219,-10,9;220,6,-2;250,-4,18;285,1,39;286,1,-15;294,-2,32;301,4,-7;313,-6,17;314,2,-5;316,-3,1;323,11,-5;326,-12,24;334,-4,14;336,5,-5;337,-7,-7;339,14,15;345,5,-2;346,-10,40;355,0,-25;357,-5,22;362,-7,-19;364,3,13;366,2,20;367,3,-12;389,-3,6;391,0,4;394,-3,5;400,0,6;405,-3,3;415,4,12;420,-4,-2;425,0,14;427,1,4;437,0,31;439,-9,3;440,4,-45;443,-2,54;446,2,-41;460,-4,17;482,5,20;491,-1,25;500,-2,-10;501,2,11;503,-1,8;504,0,-7;511,-8,56;516,1,-45;519,7,2;535,-4,10;540,3,1;551,-9,13;558,-1,4;562,-10,14;567,10,38;573,2,-32;576,-13,13;585,17,-3;592,-4,16;597,-2,-1;600,-5,6;610,-3,13;622,1,20;625,5,-11;632,-4,24;645,3,-16;655,-3,17;661,3,9;671,-5,12;676,4,-4;681,6,18;703,-5,28;710,-4,-7;722,9,-5;734,-5,58;737,2,-28;744,-10,34;749,13,-13;754,-10,26;761,6,-17;770,-3,28;771,-8,-3;773,8,-16;775,-2,12;786,11,15;789,-8,22;791,4,5;793,-13,15;795,6,-6;797,2,-42;800,-7,29;803,-6,25;805,1,-14;807,17,-24
rua||elias miranda|fortaleza|33943432|13,-1981154,-4401827;20,-41,-23;32,-2,-1;39,39,14;44,-53,-18;51,44,23;56,-55,-30;63,42,44;68,-48,-37;75,39,29;87,-15,-24;99,0,1;115,-10,-2
rua||escritor norival mendes|belvedere|33821430|20,-1978834,-4411992;36,17,2;44,3,-3;45,17,-13;50,-18,7;55,31,-6;57,6,-9;80,-3,8;352,17,-5
rua||estela silveira vaz de melo|campos silveira|33861390|17,-1976815,-4406754
rua||eunice gomes moreira|santinho|33840740|40,-1974336,-4406998;60,6,-10;62,11,-6;65,98,-36;100,-74,24;112,14,-2;124,10,-6;140,7,-1;142,13,-7;164,11,0
rua||fernando mota|granjas primavera|33940125|40,-1982176,-4403208;50,14,7;60,10,75;68,58,-21;70,-35,63;77,-17,-112;82,110,112;100,39,6;132,37,31;160,13,8;241,-68,-62;1500,-153,-109
rua||flor de maio|sonia|33935224|235,-1980735,-4401020;236,5,2;237,-5,4;239,0,-12;240,-3,4;241,2,-7;242,1,4;243,-7,-10;326,9,-3
rua||francisca maria|santinho|33855770|37,-1975103,-4406291;49,6,9;63,-2,-4;73,1,-13;91,25,61;97,46,73;138,64,131;139,6,11;270,-34,-68;285,-77,-141;291,8,12;305,9,16;307,9,11;315,34,58;327,11,27;329,-5,-3;375,63,142;378,-1,16;389,12,21;391,11,12;393,6,16;397,3,16;455,18,29
rua||galileu mesquita|barcelona|33840750|12,-1974178,-4407010;24,-3,-9;31,-12,-16;36,10,-1;66,-4,-11;73,-18,-21;75,-3,-14;79,-11,-10;96,19,4;102,-1,-9;103,-20,-21;114,12,20;116,-3,-6;118,4,-5;125,-21,-22;126,13,11;128,-6,-1;136,-4,-5;145,-11,-11;158,-1,-21;159,-10,-6;178,71,151
rua||galileu mesquita|santinho|33840750|21,-1974185,-4407018;31,-4,-13
rua||gelda gomes murta|ceu anil|33935675|12,-1981527,-4401671;18,-17,15;26,-10,3;50,-2,11;52,-1,-3;150,-9,6
rua||geraldo divino marchezane|viena|33944235|229,-1981370,-4402733;231,12,-7;251,-10,-25;261,0,-10;271,-1,-9;281,-5,-1;291,6,-14;301,-12,-27;321,-9,-34;323,0,7;331,-4,-8;341,0,-17;361,-14,-11;371,-2,-7;375,-7,-11;381,-1,1;391,-9,-12;395,3,-2;401,-1,-6;411,-7,6;431,0,-34;441,-14,110;451,-18,-134;471,-28,-36;481,-2,-31;491,-10,-2;501,-8,-13;511,-12,-16
rua||gilda gomes murta|ceu anil|33935675|10,-1981460,-4401671;20,9,18;31,1,-12;35,-82,17;42,99,-6;51,-48,-41;59,-60,45;61,63,10;62,41,-16;63,-99,-6;65,15,-13;70,3,19
rua||gilda gomes murta|evereste|33935675|30,-1981498,-4401687
rua||helvecio lopes de miranda|santa martinha|33860530|70,-1977228,-4407590;82,7,15;90,26,63;94,-29,-46;95,5,-2;98,1,4;100,33,33;106,-30,-24;116,16,22;118,-10,-12;119,21,24;120,6,18;125,104,221;127,-106,-214;128,6,15;135,24,47;145,-9,-12;152,-11,-17;162,92,157;167,-98,-201;168,21,70;179,53,102;180,-52,-92;184,-4,-29;214,18,52;217,4,0;219,-103,-210;224,113,218;229,-3,3;236,12,12;241,2,4;247,-1,2;248,3,13;261,14,14;271,8,14;272,-8,6;275,5,-6;282,6,6;283,-2,12;284,-5,10;290,-62,-138;294,67,134;310,72,105;330,-49,-61;340,-1,1;345,15,18;350,1,1;385,-7,-15;389,20,39;390,7,9;395,-35,-61;400,36,69;465,23,-14;507,4,45;517,-14,-12;519,15,26;524,6,15;536,-6,4;548,5,8;551,-3,-18;685,-170,-347;689,-68,-118
rua||idalina martins|jardim sao judas tadeu|33903403|11,-1978976,-4402678;21,-5,-3;31,-9,-2;41,-3,-2;49,-5,-2;51,4,2;61,-11,0;71,-3,-7;81,-10,2;91,-6,-4;111,-20,-6;121,-9,0;125,1,-6;131,-5,-5;141,-18,-2;151,-7,-1
rua||irineu marcellini|sao geraldo|33805330|4,-1976941,-4408329;6,4,-3;8,-4,-5;15,61,-21;17,-22,7;19,8,-1;21,-21,2;23,-50,28;29,47,-20;35,-45,27;45,-16,2;48,19,-12;49,-14,20;52,10,-13;59,-22,20;77,-1,1;78,-14,-2;82,8,-1;95,-10,13;104,-29,8;115,13,6;126,-23,-2;129,4,3;132,-13,8;138,1,-5;139,4,3;142,128,-97;150,-144,101;153,1,7;155,-1,2;162,-11,-2;165,7,7;175,0,-1;187,-12,3;195,-13,15;197,-3,0;198,208,-131;199,-223,135;200,207,-128;205,-199,126;220,177,-117;318,-27,22;320,-2,-7;322,10,5;323,3,-2
rua||jair marques|sao luiz|33882212|100,-1979578,-4407438;188,-29,29;200,6,-4;222,-43,74
rua||jane pablo maciel|rosana|33860160|18,-1976072,-4407851;28,-2,14;46,-5,25;47,9,-9;50,-10,19;59,10,-14;62,9,62;64,7,10;73,-21,-54;83,0,12;95,0,3;101,9,10;136,2,19;148,21,35;160,-11,-14;184,9,18;196,4,7;206,8,10
rua||jermino de sousa meira|alterosa|33821185|32,-1977654,-4412581;38,14,-9;40,1,-12;42,-105,-3;72,27,13
rua||joao batista menezes|sao pedro|33805520|20,-1976804,-4409006;30,-1,10;42,-10,14;45,-10,-5;50,-6,-7;55,-8,10;76,1,-4;95,-16,16;100,-8,4;103,-9,11;104,-3,-10;111,-7,13;114,2,-3;187,108,-51;201,-78,24
rua||joao goncalves morais|vereda|33822506|26,-1982211,-4408974;36,-8,10;46,-3,1;48,-6,13;68,-5,9;78,-11,7;112,-41,19;125,-20,14;132,9,-8;140,-10,4;142,-6,2;143,22,-8;145,-8,3;148,5,-1;152,-35,7;162,-5,6;165,-7,8;181,-12,6;182,6,-11;191,-15,15;192,3,-8;203,-10,10;215,-11,2;234,4,-24;238,-9,25;242,-2,-1;252,-9,3;281,-26,18;282,2,-1;284,-31,10;291,18,-7;292,6,-1;304,-16,3;305,5,5;315,-11,5;324,-10,-3;334,-5,2;335,5,5;337,44,-20;344,-53,20;354,-12,2;355,8,3;356,-8,-1;364,-19,1;366,-41,11;374,35,-10;384,-47,11;394,-6,7;396,43,-23;399,46,0;402,-101,43;424,44,-39;434,-7,-2;472,114,-29
rua||joao machado|santinho|33855370|24,-1975181,-4407017;31,-13,61;37,12,-22;38,2,-27;49,-12,42;50,2,-23;59,4,28;67,2,16;74,-4,-21;83,1,27;89,-9,9;98,5,-16;110,-7,15;111,-2,15;121,-4,11;131,-3,12;143,6,9;145,-13,11;150,4,-14;162,-4,18;179,-4,10;190,0,3;191,2,1;195,2,6;200,-10,7;210,1,0;211,-15,60;214,11,-35;215,8,-26;220,-10,20;250,-11,13;260,5,20;278,22,196;279,-23,-178;280,-9,-4;288,56,-207;289,-49,210;301,-6,15;362,16,149;365,-17,-72;370,-11,-57;383,4,77;390,-11,-22;413,19,27;414,-6,5;424,1,20;425,10,-7;426,-5,12;437,12,0;449,6,11;450,-5,9;457,7,-8;459,5,11;461,-20,-26
rua||joaquim domingos martins|vera lucia|33903030|16,-1979498,-4402820;26,4,0;30,5,12;36,11,-2;46,5,19;48,2,-1;60,10,6;70,-365,175;78,13,-20;90,14,-1;102,1,0;120,13,-10;130,4,-5;142,16,-9;153,1,-8;158,9,3;161,11,-10;163,-9,-2;164,6,1;173,2,-4;174,-1,-1;184,20,-9;204,0,-5;210,10,-7;220,-20,14;260,63,-28;275,-49,19;279,47,-29;290,17,-2;297,-111,60;300,117,-65;311,12,-14;312,-5,8;316,12,10;323,-7,-13;335,18,-18;336,-4,11;344,13,-9;347,-3,-5;354,8,3;364,8,-7;374,16,-10;381,-13,4;389,16,-16;400,13,17;410,12,-22;411,-9,0;420,10,-2;421,-7,-2;430,12,-10;431,4,3;440,9,-3;446,3,0;450,16,-14;551,-300,191
rua||joel bento martins|alterosa|33821130|49,-1977558,-4412559;133,-7,18;136,0,3;200,5,-154;203,176,-227;233,-184,199;263,0,-41;277,-4,-48;293,2,19;300,16,104;301,-5,-146;320,9,124;350,-11,-27;403,6,-115;412,28,-17;451,17,-49;452,4,7;462,21,-5;482,11,-3;487,50,-6;502,-37,6;508,33,0;516,10,-14;549,18,8;608,83,20;609,0,-4;620,64,-6
rua||joel ferreira maciel|eliane|33943170|25,-1981313,-4402318;40,13,-6;45,-30,1;50,18,-7;62,-8,0;67,-18,2;72,2,-1;73,-7,1;80,1,-2;90,-8,-8;100,-14,-2;112,-11,-2;114,-5,-4;129,-2,5;139,-7,-5;145,-11,1;146,6,0;151,-18,-9;153,-42,-8;155,108,32;158,-63,-23;159,-40,-3;161,11,2;162,-17,-4;167,95,25;168,-69,-22;169,-16,-5;170,25,9;171,-13,1;173,4,7;179,-5,-11;189,-36,0;194,30,-5;219,131,37
rua||jose candido magalhaes|sao januario|33900440|26,-1980004,-4401142;38,-4,-13;55,-3,-8;56,4,2;58,-3,0;62,0,-7
rua||jose clemente marciano|santa martinha|33860640|10,-1977157,-4407477;34,11,-1;35,3,-7;44,24,1;54,9,-8;58,28,-21;65,-34,18;71,-12,3;79,29,-6;89,9,-8;96,-8,8;98,19,-2;125,71,-48;131,-148,68;137,140,-60;149,-19,8;152,-17,24;154,15,-12;155,-4,-6;160,16,1;161,-31,9;170,-10,3;190,82,-26
rua||jose francisco de matos|areias de baixo|33920160|101,-1974753,-4399720;205,32,173;800,-31,-247
rua||jose francisco de matos|areias de baixo|33921005|255,-1974823,-4399517
rua||jose francisco de matos|areias de baixo|33934109|11,-1974612,-4399538;21,28,-19;31,25,-16;32,-32,18;52,45,-11;61,29,-33;62,-17,9;82,10,-13;92,7,1
rua||jose jorge messias|botafogo|33902202|10,-1979193,-4401312;13,-20,6;15,-4,0;20,-65,-116;21,48,126;30,30,-12;31,-17,17;40,37,-25;41,-61,19;50,10,-3;61,-18,11;68,12,-4;80,57,-23;81,-78,32;82,10,-9;84,67,-24;90,-3,-13;91,-78,44;97,-18,10;100,100,-40;110,-99,38;120,-2,1
rua||jose magalhaes|sao januario|33900420|10,-1980047,-4401129;20,-4,-11;30,2,-2;40,-3,-11;42,2,-12;45,1,5;50,0,-4;60,1,-9;70,-4,-3
rua||jose marcelo|florenca|33823310|3,-1976063,-4414062;4,15,15;6,20,-13;7,-15,-1;15,14,-6;29,34,-3;30,-7,6;33,110,-75;48,182,-247;55,-315,319;61,9,-5;72,313,-340;77,-299,336;85,15,-8;95,2,2;100,1,6;102,12,-2;103,78,-49;107,-79,35;119,10,-11;131,75,-44;147,-55,36;152,-23,29;157,32,-32;160,-20,25;163,116,-88;168,-101,86;169,18,-29;170,-12,18;175,94,-84;180,-95,79;181,18,-14;187,80,-76;188,-16,25;190,5,-4;198,-59,51;199,82,-81;201,-74,73;202,58,-50;210,-64,55;211,89,-88;214,-16,26;223,21,-37;224,-16,26;234,9,-2;235,18,-31;240,31,-36;244,-38,55;247,14,-33;252,33,-27;259,-25,21;260,-5,18;264,34,-44;271,-25,30;272,16,-15;274,-13,9;276,8,0;295,-8,-18;305,4,-9;309,-8,-15;319,16,3;328,12,-4;331,9,-24;343,10,-5;348,-9,23;353,15,-33;357,-6,-3;358,-7,22;368,-1,-15;369,8,-18;378,5,15;406,3,-10;443,78,-204;445,-55,109;453,12,-1;469,5,-8;472,-8,24;473,-10,6;474,6,16;475,16,-61;484,-10,30;490,10,-8;497,4,-35;502,7,5;509,1,-18;511,3,-14;514,1,26;523,3,-35;532,0,15;533,6,-25;543,-1,-4;553,11,-19;572,-12,38;577,17,-54;611,10,-15;751,-4,-3;1165,-320,477
rua||jose maria de menezes|fazenda santa rosa|33910002|2001,-1977291,-4403491
rua||jose maria de menezes|paraiso das piabas|33902365|6,-1978430,-4402583;12,-1,4;31,-215,-753;32,-29,-14;41,-24,33;51,-4,-26;60,-6,56;81,-50,67;106,383,537;112,23,-34;1500,-263,336;1580,618,-737;1593,-815,-396;1600,267,1027;1604,24,-1;1680,44,-48;1730,57,29
rua||jose maria de menezes|paraiso das piabas|33910002|22,-1978388,-4402622;60,-6,0;85,-2,-46;86,22,26;101,-9,-101;106,9,59;108,9,-16;112,14,-5;116,9,-29;117,-43,66;121,1,90;137,26,-119;141,-17,-10;151,4,-12;161,14,-7;171,9,-2;181,8,-7;865,-27,-69;870,55,-46;880,-18,6;900,26,-28
rua||jose maria menezes|botafogo|33902365|13,-1978732,-4402133;20,27,6;25,-23,-35;37,11,-5;49,-1,-4;61,4,-13;73,6,-19;85,1,-4;97,5,-10;109,8,-5;121,-2,-14
rua||jose maria menezes|fazenda santa rosa|33902365|1990,-1977700,-4403265
rua||jose maria menezes|paraiso das piabas|33902365|35,-1978668,-4403347;51,-1,59;1200,17,848;1489,26,45;1499,20,-1
rua||jose maria menezes|paraiso das piabas|33910002|601,-1978649,-4402321;603,1,-1;615,-8,14;1499,39,-96;1561,40,-62;1563,-13,23;1587,-90,180;1595,18,-27;1597,-5,7;1599,6,-9;1605,5,-15;1613,3,-5;1615,10,-27;1617,118,-171;1684,-109,93;1690,1,-3;1700,-100,-121;1712,91,100
rua||jose nunes moreira|katia|33934109|20,-1981651,-4401250;25,-15,-106;100,-29,29;105,-84,32;155,63,-20
rua||jose nunes moreira|katia|33943329|23,-1981654,-4401255;25,-16,-23
rua||jose souza machado|jardim sao judas tadeu|33903442|5,-1979274,-4403025;15,10,4;23,-6,-10;35,2,-11;47,-1,-8;59,8,-6;71,1,-6;83,4,-16;97,1,-10;107,2,-5;113,1,-6;117,17,-5;127,-8,-8;161,24,-45;173,-1,-20;178,-3,12;185,4,-19;192,-1,14;195,2,-20;204,-1,16;209,4,-26;213,8,-22;215,0,-7;229,-3,-25;259,14,8;269,1,-13;275,1,0;299,-3,-27;309,-1,13;311,18,-16
rua||jose teodoro monge|botafogo|33900770|5,-1979688,-4401434;8,10,-11;12,7,-8;20,15,-10;21,-17,13;26,-9,8;31,9,-4
rua||jose teodoro monge|centro|33900770|30,-1979640,-4401475;32,5,25;42,4,3;43,-8,-15;51,21,8;52,-8,29;53,-9,-30;54,16,22;55,6,-5;60,-1,-18;62,-16,31;63,9,-19;65,16,-28;72,-29,53;73,15,-13;79,4,-66;83,0,76;85,2,-74;87,-10,80;89,9,-80;93,-11,81;95,18,-77;103,-20,83
rua||josefa de souza meira|alterosa|33821188|43,-1977733,-4412605;53,-6,0;63,13,6;105,57,10;117,15,-7
rua||josias goncalves moraes|vereda|33822517|7,-1982422,-4408886;17,-4,-3;429,6,1
rua||josias tavares de melo|pedra branca|33925090|12,-1977660,-4398600;16,-3,-2;20,-44,-268;21,48,268;22,4,-7;23,-61,-265;24,3,1;25,56,257;26,-66,-251;28,-11,-6;30,-10,-2;32,94,243;35,-92,-249;36,-13,1;42,98,250;47,-89,-248;48,94,240;52,2,-9;62,-4,-1;63,-112,-236;65,4,2;72,113,215;82,10,-24;95,-7,18;107,3,-13;111,-3,-6;121,0,-11
rua||katia moreira|cerejeira|33902610|11,-1979781,-4400918;21,6,-12;37,2,-10;47,19,-10;57,-3,1;71,11,-17;81,-3,-11;93,10,-7;101,14,-5;111,-8,-11;121,6,-3;131,-11,2;141,18,-19;143,8,-14
rua||katia moreira|urca|33902610|86,-1979743,-4400980;96,8,-19;98,4,-4;102,-3,-5;108,17,-18
rua||leonardo de morais|rosaneves|33841222|22,-1974697,-4407998;29,-3,-8;31,-6,-13;32,1,-15;34,14,47;36,4,-1;39,-6,-2;45,9,18;46,-7,-8;319,-19,-48;465,20,57
rua||macadamia|girassol|33915120|20,-1977736,-4401548;40,-16,18;50,-4,4;54,-1,3;70,-7,4;78,-8,9;84,-8,9;86,-6,1;90,-4,10;100,-3,0;104,-3,6;110,-3,5;120,-10,7;130,-7,9;140,-7,7;150,-11,2;160,-6,8;170,0,3;180,-13,12;190,0,3;200,-6,6;210,-9,8;220,-12,7;230,-1,6;240,-3,3;250,-7,8
rua||machacalis|sevilha a|33855230|21,-1975396,-4407359;23,-6,3;33,-5,9;40,0,7;42,3,-10;45,-7,8;60,7,-7;103,-43,55;110,5,-14;115,-1,14;120,-5,-7;125,-11,25;130,-6,-6;137,3,12;149,-7,3;161,-9,15;168,-16,11;173,11,2;177,0,-4;180,-20,8;185,12,1;189,-4,1;197,-2,2;221,-21,20;232,6,-11;242,-19,18;243,3,5;251,-2,7;252,-5,8;255,48,-65;261,-46,62;273,-9,15;285,-5,-1;288,-29,29;297,19,-14;368,133,-158
rua||madureira|botafogo|33902220|20,-1979284,-4401528;31,-23,-17;32,9,12;38,-7,-6;41,-9,-11;42,5,6;52,-9,-5;62,-2,-6;72,0,-21;82,-13,4;92,-10,-17;93,4,3;95,-15,-3
rua||magnolia|rosaneves|33840370|34,-1974585,-4407963;54,14,6;58,12,12;114,44,34;288,-31,-25
rua||magnolia|santa margarida|33920300|18,-1975188,-4399887;50,-30,-16;100,-40,-18;124,-10,2;136,-7,-10;146,-7,-10;158,-10,10;172,-51,-24
rua||malva|rosaneves|33840350|33,-1974488,-4408062;43,3,-9;53,3,-13;63,10,-25;72,-22,65;202,-13,3;214,1,25;218,-13,-4;220,-5,5
rua||malva|sevilha b|33840350|20,-1974478,-4408136;30,6,65;78,3,-20;97,1,7;102,14,-45;104,-7,-15;114,7,16;116,5,-24;124,-7,8
rua||manancial|botafogo|33902192|5,-1979360,-4401196;6,19,13;8,25,0;15,-15,-5
rua||manaus|tony|33930680|22,-1979470,-4400364;26,-1,5;34,-9,-2;41,-8,0;42,-4,-2;43,12,-2;44,-6,5;46,-13,2;47,12,4;48,-21,-3;52,2,5;56,-14,-4;57,13,-4;59,4,5;60,-30,3;63,2,12;65,-6,8;71,-10,-20;72,-6,4;81,-7,5;82,10,-11;83,-1,6;91,-13,-4;92,3,3;95,-15,1;101,-7,-2;111,0,5;114,6,-9;115,-20,11;121,-5,0;122,18,-4;124,-1,7;131,-37,8;139,0,-6;142,28,-9;143,-25,11;145,-4,6;146,21,-11;151,-21,11;152,14,-11;153,-9,5;155,-7,4;161,166,-35;170,-165,30;174,4,0;182,-10,6;192,-13,4;202,-3,5;650,207,-42
rua||mangueiras|girassol|33939025|18,-1977786,-4401317;20,2,-1;60,34,34;62,-7,-6;70,11,8;80,6,4;90,6,13;110,3,24;120,17,-6;130,10,5;140,12,4
rua||mangueiras|jardim alvorada|33939025|80,-1983049,-4403938;89,5,6;100,-23,9;112,-7,8;126,-3,11;132,-4,3;144,-2,13;156,-8,15;168,-4,2;178,-10,15;188,-9,0;198,-8,9
rua||mangueiras|soares|33939025|75,-1983044,-4403955;85,-3,9;99,-16,10;115,5,8;135,-16,26;149,4,-7;159,-10,14;171,-3,11;181,-14,15;339,-35,92
rua||mangueiras|veronica|33939025|259,-1983120,-4403831;269,-3,3;279,-4,11;289,-7,3;329,-4,8
rua||mangueira|botafogo|33902380|20,-1978908,-4402189;25,31,-9;29,-21,2;32,10,-5;35,-12,7;40,-28,11;45,18,-4;55,-10,-4;65,-8,-1;72,-5,17;75,-7,5;82,-3,-5;85,13,-21;90,-30,31;92,8,-1;94,0,-13;95,-1,7;97,-9,-4;101,-30,25;105,26,-17;112,-5,7;122,-18,7;132,-5,0;135,-87,33;148,79,-29;160,-6,15;170,-16,-2;180,-10,-4;229,-48,33;241,-32,3;242,23,-9;262,-6,2;271,-25,13;274,6,-3;275,-8,4;281,-12,6;286,11,-8;301,-40,13
rua||mangueira|girassol|33915090|7,-1977781,-4401325;11,4,1;21,16,17;31,4,4;35,3,7;51,29,24;61,6,13;71,15,3
rua||mangueira|sonia|33935230|1,-1980610,-4401067;2,-3,7;4,11,-22;5,-4,3;7,-5,12;8,7,-21;9,6,-7;10,10,7;11,11,-6;12,-4,-3;13,-18,0;14,-1,-10;15,-5,-2;16,3,-5;17,4,-7;18,-4,-4;21,1,-11;22,-3,12;23,-16,12;25,-9,-32;26,7,4;27,17,-12;28,-5,-2;29,3,-10;30,-2,-8;33,2,-23;35,3,84;36,2,-37;38,-6,-14;40,4,-9;43,2,-21
rua||manhuacu|katia|33935450|14,-1981236,-4401327;16,27,-13;17,3,-5;20,-17,8;25,28,-16;26,-15,6;37,32,-7;40,3,-9;46,-22,16;56,30,-21;66,-18,15
rua||manoel messias|botafogo|33902210|88,-1979199,-4401436;98,4,-5;99,-7,65;100,-1,-22;101,-40,-261;104,53,197;106,7,-5;109,-16,52;110,10,-56;119,9,29;120,-24,23;129,23,-27;131,-25,-183;134,23,139;135,4,-10;136,7,68;138,-5,-90;139,-8,46;141,-28,-160;143,43,92;145,7,-6;150,-1,-13;151,-66,-90;153,50,156;161,-54,-157;184,67,354;196,-7,15;200,4,-291;210,-6,290;219,2,-291;224,11,302;234,12,6;236,4,26
rua||maracana|botafogo|33902370|55,-1978851,-4402134;60,14,-12;62,-5,5;65,-13,4;70,-6,-1;75,-13,3;80,10,-1;85,-19,8;90,9,-3;100,-15,6;110,-15,7;120,-5,-2;129,-19,18;130,7,-12;131,-23,10;140,11,-4;149,-19,12;150,-29,8;151,23,-8;160,7,-6;161,-22,0;170,5,6;180,0,-4;185,-13,12;190,16,-4;195,-27,9;200,-6,1;205,-8,7;210,3,-8;215,-3,6;220,-8,8;250,-37,5;260,-10,19;261,-2,-9;265,7,-6;270,-10,13;271,-4,-3;274,-3,7;280,-41,31;281,30,-29;285,-12,7;289,-5,-1;290,9,-5;300,-14,-13;310,-10,13;311,1,-3;315,10,3;320,-10,9;321,-13,2;331,-9,7;341,-5,4
rua||maranhao|menezes|33913469|15,-1977403,-4402842;21,7,-1;25,28,-9;27,20,2;33,-40,-2;36,49,-1;37,-39,1;43,6,3;48,0,-14;53,21,8;57,-40,16;59,14,-13;62,54,-6;66,5,2;70,9,0;72,8,2;82,15,1;92,6,1;105,-52,-6;115,53,-6;145,-19,11;179,65,-21;225,17,23;235,15,6;245,-3,-17;251,15,22;257,8,-12;260,-23,9;263,24,0;270,-9,4;275,13,-12;281,16,18;282,-16,-4;285,23,-9;290,-9,12;307,37,1;309,-15,-1;320,13,0;334,-44,-3;350,47,13;355,6,-15;358,13,1;365,-5,-5;366,14,3;368,24,-16;375,-39,10;378,49,-12;385,-26,8;395,7,-3;396,23,-6;405,-15,2;406,39,-15;415,-31,6;416,44,-7;418,14,-13;425,-45,17;426,29,-6;427,37,-3;435,-57,2;437,-3,-5;445,8,-17;473,37,0;475,-29,-12;483,20,22;514,36,8;540,43,2;552,0,11;579,31,-13;580,11,21;585,1,-15;589,-27,4;603,50,6;676,16,59;680,-1,5;700,3,7;706,2,4;716,19,26;728,8,8
rua||marapendi|botafogo|33933280|20,-1979148,-4401006;29,14,-1;30,-3,10;33,5,-11;36,0,17;40,2,5;46,8,6;58,19,23;68,8,13;78,3,7;83,-46,-72;89,-6,-1;95,10,9;103,5,9;115,5,3;117,-7,4;123,7,-4;125,16,21;131,12,13;135,4,10;143,2,3;144,-3,0;145,6,-1;160,83,116;181,-57,-72;191,18,19;201,3,21;210,-28,-40;212,13,20;223,28,19;224,-27,-18;233,30,28;237,3,-3;243,-3,19;250,0,3;253,16,-5;256,-16,2;260,14,16;263,1,-10;268,-3,11;270,10,3
rua||marataizes|evereste|33935702|24,-1980904,-4401152;35,-8,-2;38,16,8;40,-6,-6;41,-32,2;45,-13,12;47,8,-8;48,36,-8;58,-7,-3;59,-48,29;65,-2,2;72,42,-37;73,-45,45;76,39,-43;84,-4,1;87,-37,48;93,-1,-4;98,28,-37;103,-33,48;108,24,-33;118,-5,-3;154,-13,22;156,-10,10
rua||maravilha|sonia|33935230|70,-1980718,-4401038;71,-10,0;72,11,5;73,-5,6;74,5,3;75,2,8;76,2,-3;77,-1,4
rua||marcassita|justinopolis|33822120|10,-1980174,-4410434;14,0,4;15,12,5;18,-25,-13;35,21,11;40,-37,-11;42,-6,-7;47,26,14;60,-18,-14;72,-8,-4;96,-18,-4;103,-3,-2;127,-29,-8;133,-43,-24;139,31,13;140,-16,-4;157,-12,-2;163,3,-14;167,-18,-6
rua||marcassita|santana|33822120|108,-1980238,-4410489;118,-13,17;150,-41,-13;162,-15,-11
rua||margarida soares marques|florenca|33823670|42,-1976926,-4414692;100,28,-60;151,16,-56;165,5,-25;758,-11,33;825,-38,100;1664,-10,21;1670,-11,20
rua||maria do carmo alves menezes|viena|33944165|21,-1980941,-4402972;31,-15,5;40,-16,-5;41,13,6;50,-33,-3;51,21,2;60,-26,-2;80,-23,6;81,8,0;84,-4,-3;90,-10,3;91,0,3;100,-11,-4;101,-8,6;110,-2,-4;120,-6,0;130,-11,1;140,-9,1;150,-7,3;347,143,-13
rua||maria do espirito santo meira|vera lucia|33900668|7,-1979994,-4402258;74,15,31;2288,20,-12;2292,22,-12
rua||maria jose de matos|areias de baixo|33920006|5,-1975166,-4399675;7,-23,52;9,36,-91;11,6,-8;13,-12,29;15,21,-49;17,0,0;21,10,-25;23,2,3;25,7,-15;27,8,-12;51,-3,-11
rua||maria jose de matos|areias de baixo|33934109|2,-1975183,-4399633;4,7,-9;6,5,-10;8,15,-40;10,-15,30;12,28,-58;14,2,-13;16,7,-10;28,5,-24;30,9,-24;40,-8,44
rua||maria jose de matos|santa margarida|33920006|1,-1975207,-4399595;3,1,-1;18,-7,19;19,6,-8;24,-11,11;255,3,4
rua||mariana|fazenda castro|33826138|10,-1975009,-4415852;11,5,-7;20,-6,-1;21,0,9;30,7,-19;31,-5,14;40,11,-21;50,2,-7;51,-4,14;60,5,-19;61,-4,17;70,12,-40;71,-13,32;81,10,-13;90,5,-7;91,-5,4;100,9,-24;101,-4,14;110,11,-26;111,-2,10;120,7,-25;121,-9,23;131,5,-7;141,3,-18;150,11,-6;151,-5,-6;160,9,-7;170,7,-11;171,-21,8;180,21,-13;181,-23,9;191,25,-20;200,2,6;201,1,-13;210,1,6;211,2,-10;220,7,-4;221,-2,0;230,6,-14;231,-3,-3;240,13,-8;241,-12,9;250,8,-16;251,-16,-6;260,22,-11;280,8,-17;281,-2,3
rua||mariana|sevilha b|33858190|15,-1975118,-4408788;21,9,-24;30,15,-6;31,-11,1;35,11,-5;42,7,-1;54,3,-2;66,1,-2;73,3,-14;86,10,3;102,19,-18;104,2,4;109,-25,12;114,47,-30;119,-24,9;123,-1,2;126,21,-7;130,135,-114;135,-157,124;136,30,-13;147,-32,14;149,38,-29;155,4,2;172,15,-10;173,-16,9;178,-58,40;190,92,-57;192,6,-11;199,-18,6;202,22,-8;207,-16,3;226,30,-19;233,-10,3;238,23,-8;241,-19,-10;247,28,-6;250,-3,10;262,11,-6;263,4,-10;274,5,1;301,32,-31;305,1,-11;310,-5,24;313,12,-23;322,11,8;331,-3,-13;350,15,1;351,7,-19;362,3,11;371,16,-22;374,-8,15;386,20,-12;403,0,-11
rua||mariana|vila delma|33930700|6,-1979337,-4399936;8,8,16;15,-11,-17;25,9,6;35,-19,-4;36,23,7;48,10,8;49,8,-4;65,3,0;79,14,7;85,16,1;97,1,-1;107,10,9;120,-2,7;121,17,8;132,17,10;139,-2,-7;152,-29,-7;164,31,14;356,-107,-50
rua||marieta teodoro das merces|viena|33944270|31,-1981387,-4402836;41,-15,6;44,-22,-8;45,16,8;51,-12,1;54,15,-10;60,-3,5;61,-14,1;65,-9,2;66,30,-2;81,-31,-3;91,-24,-2;94,-4,-2;100,-11,-70;106,-20,67;110,3,2;111,20,-1;121,-7,5;131,-11,1;137,-5,-6;141,-4,3;151,-1,0;161,-19,-2;171,-3,2;327,124,-8
rua||marilia|elizabeth|33943795|13,-1980739,-4401716;20,-49,2;23,48,2;25,-45,-31;30,12,33;35,-18,-5;40,15,-2;45,-20,-10;50,14,9;55,-14,-30;60,4,25;62,-2,0;65,2,-27
rua||marrocos|veneza|33823150|24,-1976354,-4413838;25,-4,2;34,10,-8;35,-8,-4;44,6,-5;45,-4,2;54,0,-7;55,4,-1;64,5,-9;65,1,-2;75,2,-6;91,4,-6;104,18,-23;105,-6,-1;114,9,-9;115,-2,9;124,8,-11;125,-6,0;134,10,-5;135,-1,-3;145,5,-20;154,3,-3;155,1,8;164,3,-13;165,0,-2;174,10,-9;175,4,-3;182,-8,0;185,5,4;195,5,-19
rua||matozinhos|santa matilde|33805215|33,-1976831,-4408023;35,0,0
rua||medina|sevilha b|33840690|80,-1974798,-4407935
rua||meier|urca|33902150|204,-1979494,-4400999;214,5,3;224,-5,24;250,2,5;276,11,26
rua||mexico|conjunto henrique sapori|33913310|17,-1975978,-4413648;19,13,-11;25,-18,13;29,-4,16;31,1,-5;33,-12,8;35,4,5;37,-7,13
rua||mexico|esperanca|33913310|22,-1978018,-4402331;31,12,-8;34,-13,-2;48,53,-28;60,-24,28;72,8,-13;86,9,-8;96,11,-2;102,7,-9;105,-11,-2;106,18,5;110,6,-6;119,-6,8;120,16,-32;129,4,4;130,21,8;147,16,-20;157,3,0;175,-30,17;176,20,5;181,-15,-14;183,13,10;186,5,-17;198,8,4;205,5,-2;219,14,-17;229,6,12;231,5,-3;235,8,-12;250,-2,4;259,11,-2;264,4,1;270,12,-8;274,-2,-4;278,8,-3;279,-11,3;282,15,7;290,14,-4;297,-15,1;305,8,-4;315,41,-3;318,-31,4;330,-8,5;346,40,-14;354,12,2;364,10,7;368,-4,-10;374,8,1;384,-12,5
rua||milan|roma|33836005|2,-1983320,-4407201;3,-3,-4;4,-7,13;6,-9,6;8,-15,7;9,7,-10;10,-192,-6;11,165,24;12,-18,6;13,0,-1;29,-35,6;35,-27,1
rua||milton de assumpcao manso|belo vale|33903200|217,-1979380,-4402449;219,-6,7;251,-10,7;253,-8,14;265,-4,12;267,-1,7;277,0,2;289,-8,14;315,-25,34;385,3,12
rua||miosotis|santa margarida|33920370|13,-1975486,-4399753;29,10,-9;30,0,-2;39,-3,-8;41,9,-33;42,-11,36;43,10,-11;48,-3,-2;49,6,15;54,-8,-15;55,5,-12;64,5,-4;70,4,-17;74,4,7;81,-14,-2;85,-3,-13;93,-7,-16
rua||miracema|landi|33925687|10,-1977416,-4399499;21,2,-13;23,-3,-12;37,21,-23;41,-1,-6;42,1,-15;43,0,-8;45,2,9;46,8,-18;91,8,-25;111,8,-3;180,12,-34;211,-15,27;221,-2,-8;231,7,-13
rua||miracema|tocantins|33925687|20,-1977406,-4399525;30,7,-21;40,10,-19;150,47,-114;152,4,-2;154,-4,-7;160,8,-6;170,18,-11;171,-11,8;191,3,-13;201,2,-27;210,32,1;211,-23,15;239,11,-5;241,4,0;251,0,-6;253,21,-6;261,-10,0;281,11,-8
rua||moacir menezes|barcelona|33855532|39,-1973093,-4406572;1355,-1675,-324;1795,89,12;3748,1196,248;3894,63,78;4000,99,-44;4174,127,25;4250,67,9;6030,-140,-29
rua||moacir menezes|bom sossego|33860112|1560,-1975969,-4407497;1630,58,-79;1650,58,-1;1660,-55,72;1690,-30,-9;1720,-2,66;2000,12,48
rua||moacir menezes|chacaras do bau|33855532|4950,-1972702,-4406380;6476,-144,-81;6480,52,36;6500,113,73
rua||moacir menezes|santinho|33855180|36,-1974924,-4406897;37,25,6;65,48,9;75,11,-12;85,28,-1;87,-7,3;89,22,5;109,23,-1;119,11,1;135,18,-1;137,8,3;140,-93,-5;144,6,8;155,117,1;184,-420,-119;216,495,151;230,-466,-131;319,151,74;325,5,6;336,-196,-108;409,32,20;415,169,90;417,3,-5;439,30,6;451,10,0;470,-180,-74;510,44,22;908,-420,-116;998,825,215;1006,-43,-9;1008,15,8;1016,66,14;1021,319,-127;1028,-313,129;1034,-33,-10;1040,41,14;1052,19,0;1069,341,-127;1071,0,-13;1076,-318,148;1136,342,-113;1148,7,-42;1295,-633,89;1338,-159,-28;1345,11,4;1420,208,24;1748,339,-27;1796,34,-35;1802,-23,23;1820,34,-25;1830,13,-1;1842,4,-8;1850,29,-1;1854,-7,-1;1856,8,6;1879,-35,-6;1882,47,7;1890,13,0;1902,16,5;1945,6,-11;1947,9,-9;1950,6,12;1975,17,-16;1986,12,15;1987,3,-10;2021,-375,129;2178,378,-131;2190,16,-5;2196,5,0;2202,-988,-60;2214,5,0;2221,999,55;2232,32,9;2238,24,33;2240,6,2;2244,-6,-16;2250,-1019,-60;2256,1019,92;2306,-955,-56;2338,12,11;3900,585,148;4046,64,-77;4048,9,-16;4100,-75,93
rua||moacir menezes|sevilha a|33855180|61,-1975857,-4407349;133,449,230;208,-32,1;300,-280,-122;337,592,231;347,8,4;352,-660,-288;359,676,301;383,14,0;400,-656,-270;402,-15,-12;407,697,303;415,-652,-264;565,-102,-91;567,10,9;569,40,36;571,-41,-36;579,4,3;581,2,0;639,31,27;751,76,72;753,-4,-5;755,9,8;761,1,2;767,7,4;791,25,0;801,12,26;829,42,22;837,56,30;847,14,4;849,-64,-30;861,5,5;873,129,30;895,14,0;909,73,1;921,23,-6;1121,249,128;1143,42,30;1447,-775,-783;1460,-6,-17;1472,-1,21;1480,4,20;1483,20,16;1495,-9,-16;1500,3,16;1515,5,17;1526,-4,9;1527,11,10;1530,-8,-18;1603,-58,309;1609,20,17;1615,-7,9;1618,22,20;1626,12,-1;1628,-8,1;1638,8,11;1648,10,8;1653,-1,-16;1689,30,26;1701,11,12;2113,54,47;2123,-9,-11;2203,115,90;2269,-140,-110;2379,446,164;2389,9,0;2391,7,8;2393,6,0;2395,3,3;2399,16,14;2409,25,8;2420,3,3;2665,16,9;2971,-376,-93
rua||moeda|fazenda castro|33826150|30,-1974934,-4415847;36,-18,3;37,16,-3;40,11,7;59,17,6;60,-1,-1;70,9,7;80,10,3;81,19,6;82,-5,1;90,-2,-5;100,3,3;101,2,3;110,1,-3;116,25,16;119,-7,-7;120,18,11;121,-55,-23;129,49,13;139,0,2;140,10,10;149,6,-6;159,-1,-1;160,1,10;162,16,6;164,-5,1;169,-8,-4;170,23,4;171,14,13;179,-22,-14;189,15,-2;199,5,15;209,8,-10;219,-3,1
rua||mogno|girassol|33915040|11,-1977548,-4401575;21,-19,13;31,-9,7;41,-33,22;53,-18,8;61,-3,4;71,-9,9;81,-2,2;87,-7,-2;89,-4,2;91,-4,3;101,-8,10;111,-10,2;173,-4,9
rua||mogno|girassol|33915080|30,-1977557,-4401576;34,-6,7;40,-29,25;50,-7,-2;51,-15,7;70,-17,9;90,-34,27;100,-13,8;102,-5,5;104,-2,-8;106,-4,7;108,-3,-6;110,-4,4;480,108,-61
rua||monaco|roma|33836005|8,-1983273,-4407112;10,-56,41;20,-23,21;25,9,-6;28,29,-18;35,51,-40;36,-31,22;50,5,-6;85,-13,25;134,24,-24
rua||monroe|botafogo|33902220|6,-1979255,-4401582;25,11,12;27,-5,-5;29,-4,-4;35,-16,-18;36,18,17;48,-8,-7;55,-15,-14;60,9,8;65,-15,-17;69,1,3;72,9,6;75,-22,-11;84,7,-1;87,-17,-7;96,10,3;102,-3,2;108,0,-9;135,-12,-2;137,4,0
rua||montesiao|fazenda castro|33826052|140,-1975534,-4416391;290,940,440;300,-7,2;341,-19,-7;348,7,-2;350,-4,-7;355,-17,8;360,2,-8;365,-8,2;370,2,-5;380,-18,-10;384,14,7;391,-27,-7;400,4,-3;421,16,6;424,-29,-16;430,-13,4;435,0,-2;440,-8,-7;445,6,6;450,-8,-9;455,-8,5;460,2,-5;465,-11,-1;470,-9,-5;475,17,1;480,-38,-12;490,6,5;495,-10,-4;500,5,0;505,-14,-2;510,6,-3;515,-14,1;520,0,-1;530,-1,-1;531,-2,9;540,-7,-18;541,7,5;545,-57,-19;550,38,10;552,-40,-9;560,31,12;570,-11,-5;600,-28,-13;601,-1,-1;605,-16,-4;606,-24,-21;607,-4,6;610,28,11;620,0,5;625,-26,-16;630,30,21;640,4,1;650,-35,-15;660,-7,-7;670,-11,-1;680,-4,-3;690,0,0;700,-5,16;710,-30,0;720,7,-29;730,-11,-15;731,18,8;740,-18,-15;741,7,8;750,-12,-15;760,-9,-4;761,4,8;770,-8,-13;771,0,8;780,-7,-21;790,-10,-1;800,-12,-6;811,-7,-2;821,-12,-9;840,-6,-9;850,-11,-6;851,-2,1;860,1,-8;861,-13,1;870,7,-4;880,-18,-6;881,-18,-10;900,10,2;910,-6,-10;920,60,58;960,-98,-75;970,0,-7;980,-17,-13;981,20,22;984,5,-4;1011,-52,-33;1013,94,72;1021,-96,-71;1040,6,2;1060,-18,-16;1080,-45,65;1089,35,-82;1090,-23,48;1110,6,-71;1112,0,-6;1114,-2,1;1122,-44,-18;1123,-17,-33;1124,-3,11;1125,13,11;1212,151,125;1510,-426,-174;1530,-8,-6;1550,-23,-8;1560,-36,-11;1570,27,14;1600,-39,-19;1761,-157,-19;1885,348,48;1900,30,-3;1970,-53,-23;1980,24,34;1984,11,15;1985,14,-23;1990,-57,8;1998,22,0;2000,-32,0;2010,-24,3;2019,19,2;2029,-20,-1;2070,-34,-10;2090,-108,-36;2100,72,29;2259,-114,-41;2269,-8,-11;2279,-16,5;2299,-34,1;2321,-17,1;2369,-34,2;2419,-39,9;2429,-22,7;2499,-31,15;2501,-52,24;2509,10,-11;2519,8,0;2549,-43,16;2559,-1,2;2569,-18,1;2573,-4,-1;2579,-16,1;2589,-12,-1;2599,-8,13;2609,-10,3;2985,699,-29;2987,37,8
rua||montevideo|esperanca|33913140|15,-1978202,-4402003;22,-18,-8;30,-3,-6;31,-13,26;42,5,-24;45,-7,11;53,-11,-6;55,-3,-2;56,4,-7;66,-15,4;73,1,9;80,-11,-18;85,3,17;90,-19,-16;95,11,-1;104,-39,-1;109,20,3;113,-5,0;125,-10,-5;128,17,0;142,-25,-14;145,-10,13;157,-9,-3;160,-2,-11;168,4,-13;170,39,35;171,-64,-19;173,21,5;182,-12,0;185,-21,-12;192,5,-4;197,-16,5;210,-14,-23
rua||moreia|ribeirao das neves|33800001|10,-1981574,-4407276;20,0,1
rua||mortifera|maria helena|33930630|8,-1979591,-4399536;30,-2,10;44,-6,13
rua||mourisco|botafogo|33902290|17,-1979173,-4401808;21,-6,-6;23,3,-9;25,-15,-26;26,8,29;27,2,4;47,9,-49;48,-13,35;57,-13,-10;60,6,-8;72,6,11;76,0,-4;78,1,6;90,-19,-55;100,0,-5;110,2,-6
rua||mucuri|jardim alvorada|33938104|1,-1983764,-4403724;35,-14,-20
rua||mulungu|girassol|33915052|10,-1977361,-4401374;11,-15,18;15,-15,-4;20,8,12;21,-2,-8;31,-9,10;40,-5,-3;41,0,16;51,-12,-4;55,3,1;60,-19,8;66,-11,6;70,-5,2;80,-2,7;90,-9,3;91,17,-5;100,-26,7;101,10,-1;110,-16,6;111,13,-2;120,-22,1;121,11,8;130,-20,8;141,-1,0;143,-3,-5;150,-16,17;160,-11,11;161,27,-5;170,-26,7;171,15,-7;175,-1,-10;180,-25,27;191,8,-14;200,-19,18;201,16,-8;210,-31,14;211,17,-9;220,-25,23;221,22,-16;231,-7,4;232,-24,9;241,14,-2;250,-27,8;251,24,-2;254,-30,5;261,17,5;262,-28,0;270,9,18;278,-22,-5;281,33,-10;290,-42,-4;291,33,7;300,-34,12;301,25,-2;310,-33,13;312,-1,0;321,18,-11;324,-27,19;330,-8,4;331,22,-9;341,-2,4;351,-10,8;361,-10,7;371,-5,-3;381,-20,9
rua||mutum|sevilha b|33840500|20,-1974877,-4408335;46,23,3;60,20,20;131,-30,-25
rua||nicodemos celestino da mota|santinho|33855520|23,-1974877,-4406405;33,61,-343;34,-6,-5;46,163,784;86,-186,-729;90,15,-24;92,-40,337;94,44,-349;96,-26,55;104,-49,142;123,56,202;146,-57,-287;166,-4,18;168,18,-26;178,68,-135;202,-2,12;232,-41,84;280,-39,109;290,0,24;300,-4,14;310,-11,8;312,21,11;322,20,113;334,-22,-96;335,16,66;336,-6,12;338,0,8;340,12,7;346,-18,-82;348,33,118;359,-9,-37;360,19,41;370,0,13;372,28,42;376,-20,-35;384,-26,-38;385,15,11;392,26,40;404,20,61;405,-13,-33;409,108,205;412,-105,-204;424,1,8;440,9,18;442,-9,-2;443,-47,-105;461,50,93;471,17,36;476,-59,-115;485,70,134;490,-10,7;497,15,-4;501,5,16;502,-25,-39;512,3,1;513,28,47;518,7,24;522,0,3;525,2,-19;527,10,20;529,-10,-5;533,-4,-6;537,17,21;547,1,10;561,13,20;585,-10,-16;609,22,46;611,-6,-26;623,-1,15;644,-16,-23;648,2,-3;654,-7,-8;672,12,18;684,5,12;692,5,9;693,33,47;698,-57,-97;702,28,68;703,32,43;704,-50,-85;736,34,71;740,9,12;761,30,38;774,-43,-65;789,49,76;850,-31,-39;855,9,12;864,2,8;866,18,36;869,9,-23;872,-23,-7;873,-1,-20;886,6,33;894,3,5;905,19,18;907,0,5;909,2,6;911,-7,4;913,11,1
rua||nilson de assumpcao manso|cruzeiro|33903211|8,-1979271,-4402570;10,-15,-7;13,22,3;25,-29,11;37,5,5;60,0,9;61,-15,0;67,-1,9;69,-10,7;70,19,-13;77,-22,21;97,-2,2;115,-9,-4;121,0,15;133,-7,9;145,1,5;157,-11,10;165,1,24;181,-16,-5;183,-4,2;193,-3,1
rua||odete silva monteiro|nova uniao|33861510|10,-1977474,-4407183;13,-17,2;16,1,-5;26,-10,2;31,-12,4;35,1,5;36,-1,-8;45,-8,5;46,0,-2;48,-1,-2;55,-9,-5;56,5,3;65,-13,0;66,0,2;75,-10,4;76,6,-6;85,-17,7;95,-5,1;96,5,-9;105,-9,3;115,-11,10;116,11,-11;126,-14,-2;131,-34,8;136,26,-9;146,-12,1;148,0,-1;166,-18,-2;176,-12,0;213,-28,8;223,-15,-1;233,-5,-3;243,-8,4;245,69,-1;247,-83,0;263,6,2;271,-44,-3;273,16,12;275,-25,-17;285,18,0;293,-4,1;315,-58,-5;395,-5,2
rua||ordem de malta|veneza|33823170|11,-1976406,-4413684;19,4,-7;29,3,-1;36,8,-8;37,-2,0;47,5,-7;48,12,2;55,-6,-9;60,6,5;169,66,-61;177,20,-15;187,7,-1;195,1,-4;201,11,-6;209,5,-8;217,-6,-6;225,10,-10;231,1,-2;239,-2,-8;247,4,0;255,7,-7;279,5,-23;287,9,-6;301,8,-19;309,1,-2;317,10,-9;325,5,-4;331,-2,-7;339,7,-4;347,0,0;355,3,-14
rua||otilia magalhaes|sao januario|33900430|11,-1980020,-4401146;16,1,8;25,-5,-9;26,3,0;35,1,-15;36,-3,0;45,0,-3;46,0,-15;55,8,3;56,-9,-2
rua||para de minas|jardim primavera|33930120|238,-1979137,-4399955;248,-1,-33
rua||para de minas|sevilha a|33930120|15,-1975238,-4407144;24,-18,41;29,-4,-2;33,142,-171;34,-121,148;38,110,-143;39,-139,152;40,50,-41;47,3,-7;48,2,6;51,-41,41;55,43,-49;76,-10,20;100,16,-15;113,84,-117;117,2,-10;124,-74,106;153,1,-9;171,-11,22;173,-3,-6;177,31,-38;180,11,-2;193,4,-15;204,4,-9;206,0,-6;220,45,-6;228,-46,-30;231,41,6;254,8,-3;510,-58,41;560,-38,56;587,108,-118
rua||para de minas|vila delma|33930120|10,-1979180,-4399694;13,-10,-1;28,14,-25;40,-9,-8;46,5,-8;64,9,-18;67,-18,43;68,10,-36;74,4,-16;84,-1,-7;86,10,-7;90,-15,45;92,16,-54;94,-2,-5;95,-14,16;97,5,-14;112,11,-9;113,-5,5;116,7,-8;124,1,-10;125,-11,15;134,21,-22;135,-19,4;146,9,-14;149,-6,5;160,10,-18;170,2,-14;182,2,-6;192,2,-9;206,3,-19;216,0,-20;225,0,-10;234,14,-17;238,0,-15;240,-1,-6;244,1,21
rua||prudente de morais|santa matilde|33805260|24,-1976879,-4408149;25,5,4;26,-3,-5;28,0,1;30,-1,0;36,-16,1;37,4,5;43,-16,3;55,-10,-6;67,-7,-3;79,-4,-13;81,-9,12;91,-9,-2;92,-13,-12;102,-8,5;103,4,4;127,-15,0;137,-27,5;149,-12,-6;154,23,-10;158,-25,2;160,3,-5;169,-13,13;175,-14,-8;178,15,-1;179,-23,11;217,-14,10;281,-63,47;289,18,-8;310,1,-9;311,32,-29;314,-49,43;320,6,-4;325,18,-20;335,5,4;389,-21,24;391,-17,8;403,-24,18;415,-12,13;487,-10,35;493,-1,9;500,5,-14;502,0,-7;505,-3,20;520,-14,42;526,5,18;529,7,-59;530,-2,73
rua||prudente de morais|sao geraldo|33805260|30,-1977302,-4407983;36,-20,11;40,-10,1;42,-6,6;113,94,-62;115,74,-41;121,-57,31;131,9,-2;155,31,-21
rua||rio mearim|guadalajara|33900110|21,-1980404,-4400678;31,0,9;32,3,-7;41,0,17;42,-6,0;49,1,6;52,-8,0;62,-7,35;63,-3,-24;65,-4,51;67,-14,41;68,30,-87;81,8,-37;83,-19,51;91,-7,13;95,0,1;115,-3,38;117,-7,11;119,-8,4;121,-1,13;123,21,-37;125,4,-6;127,-21,44;131,-10,2
rua||roberto marinho|barcelona|33841268|8,-1974656,-4407262;10,9,3
rua||rochil jose de matos|maria helena|33930527|24,-1979724,-4399541;34,8,-13
rua||rochil jose de matos|maria helena|33930858|67,-1979708,-4399609;77,5,-12;87,6,-1;97,-1,-20
rua||rochil jose de matos|tony|33930527|122,-1979700,-4399618;124,4,-3;126,4,-15;128,12,-32;130,-1,-5;132,1,-15;134,6,-27;136,-23,77;144,41,-61
rua||rochil jose de matos|tony|33930858|117,-1979692,-4399668;127,4,-8;137,0,0;147,14,-32
rua||rosa martins|botafogo|33902570|100,-1978746,-4401925;110,2,-5;120,16,-3;134,18,0;148,3,-1;160,31,-7;162,-22,4;166,22,-4;172,4,8;180,4,-10;188,-3,20;214,51,8;220,7,-19
rua||rosa martins|maracana|33902570|19,-1978819,-4401930;20,-26,-3;34,152,-5;36,-133,5;37,29,3;38,-10,1;40,9,4;45,6,-8;60,-1,3;67,22,-4;97,26,-1;111,19,0;121,12,4;131,-5,-3;145,67,-5;221,36,14;225,1,-2;491,15,15
rua||sebastiana conceicao moura|santinho|33855790|34,-1974891,-4406139;41,-7,-21;51,-14,4;56,15,-17;63,-18,-2;65,6,4;69,-11,-11;75,-4,-10;78,5,-3;82,2,-3;89,-18,7;99,0,-25;111,-1,-2;113,5,0;125,0,0;138,-25,-37;140,14,17;146,18,-17;150,-25,3;152,4,24;155,-7,-30;156,-66,-114;162,71,128;165,-17,-30;168,12,44;170,-7,-43;181,-10,-7;185,4,2;193,-11,-11;196,5,-1;202,1,-8;214,-11,-17;216,-6,3;224,6,-7;226,-11,-5;232,1,-11;239,-4,0;240,-2,2;242,1,-3;250,-3,-18;253,-5,7;258,-4,-6;261,-3,-7;262,8,-1;271,-18,-19;284,12,11
rua||silvio mota|vereda|33822558|8,-1982148,-4409191;10,-2,-10;12,14,-19;30,4,-5;32,6,-9;33,-1,-3;42,7,-4;43,-3,1;52,5,-7;53,-1,-3;62,10,-10
rua||suely moreira|katia|33935530|2,-1981666,-4401022;8,-9,-23;15,-16,4;30,6,9
rua||tres marias|sevilha a|33855100|20,-1975211,-4407430;29,-15,-8;41,11,1;55,17,-1;65,11,2;67,1,-3;71,-46,-2;72,64,8;79,-1,-7;84,10,15;90,4,-4;115,-5,-11;116,32,12;127,-50,-12;131,48,-1;146,-10,6;170,16,2;260,-75,0
rua||treze de maio|maria helena|33930525|4,-1979555,-4399684;20,-12,-3;28,-9,-3
rua||treze de maio|tony|33930525|19,-1979566,-4399684;30,-43,-8;31,37,12;37,-14,-1;40,-26,-16;44,-14,-2;45,37,6;48,-37,-9;52,-1,-3;55,31,12;56,-37,-12;60,-3,-3;65,21,4;70,-28,-6;74,-1,-2;80,-18,-3;81,37,19;90,-44,-21;93,27,11;102,-99,-36;103,92,35;105,-2,-4;111,-43,-11;112,-57,-25;121,49,19;122,-50,-18;134,-19,-2;136,112,32;138,7,2;151,-67,-23;154,36,14;161,-50,-16;164,30,7;166,7,2;168,-6,-1;175,-12,-4;183,-25,-4;186,29,6;189,-43,-11;201,-21,-8;241,-19,-8;243,10,4
rua||vania marchezani|sao miguel arcanjo|33900560|6,-1979934,-4401479;10,-34,-6;11,5,6;13,-89,-33;15,-4,2;20,8,-3;22,-8,-3;23,85,38;24,-95,-48;25,80,34;33,-6,4;35,0,-4;40,13,0;50,-4,-2;55,-100,-42;60,59,32;61,31,13;67,-108,-52;68,7,-3;70,90,50;71,-1,0;75,-103,-51;80,94,50;81,-2,-3;85,-98,-62;91,87,61;95,-94,-67;113,88,59;115,-98,-57;117,0,-6;123,-14,-4;131,-8,-6;140,3,-12;149,-15,2;152,81,54;155,-83,-56;165,51,26;177,-59,-38;190,35,24;282,-14,-16;292,-22,-10;293,-82,-57;298,76,53;300,-28,-22;305,-53,-33;309,-13,-15;320,12,6;370,42,36;380,-5,0;390,-11,-10;392,8,4;406,-28,-21
rua||vila militar|areias|33979899|35,-1976572,-4409136;36,24,-44;37,4,-2;38,3,-12;39,3,-12;40,0,-6;41,2,-19;42,6,0;43,3,-46;44,3,-113;46,-4,-8;129,-36,224
rua||washington modesto|sonia|33935215|187,-1980675,-4401041;190,-2,1;195,13,3;201,-6,-4;375,4,-1;385,-2,-1;389,26,4
rua||zulmira maria|botafogo|33903090|186,-1979758,-4402154;194,-25,-32;204,-1,-6;220,8,-19;354,-12,-3;380,-4,-13;404,-8,-27;416,-6,-8
rua||zulmira maria|labanca|33903090|16,-1979699,-4402030;26,-5,-13;36,-12,-6;41,5,12;46,-20,-29;58,-15,-10;61,8,8;72,-23,-42;73,12,22;77,-35,20;85,19,-30;90,8,10;103,-23,-88;110,13,57;120,-3,-14;131,-6,44;143,12,-19;153,-5,-6;163,8,-12;173,-10,-12;193,-10,-21;213,-1,13;229,1,-13;351,-34,-140;367,23,103;373,2,-10;375,-15,-102;379,18,124;383,-11,-35;385,5,0;387,-3,-8;397,-7,-13;400,-19,-97;405,23,87;426,-5,-28;436,-13,-16;438,13,11;450,1,-17;456,-14,-8;466,-8,-14;476,4,-6;478,-1,-4;486,1,-12;496,-3,-10;498,-1,1;506,-4,-6
