acesso||sobradinho|sobradinho|34739899|90,-1986777,-4383983
avenida||albert scharle|paciencia|34535100|6,-1991021,-4381912;12,16,7;18,-12,10;24,-2,1;48,-5,11;58,141,-507;84,25,-8;104,13,1;116,16,-5;126,5,3;142,16,-3;168,26,0;176,10,-7;180,1174,946;185,6,5;191,7,7;205,-42,-34;224,-14,-10;226,-14,-11;238,-6,-6;249,19,17;251,-3,-11;255,-11,-1;258,-1125,-963;259,1117,948;261,-10,-1;264,-1128,-951;276,-8,2;282,-7,-8;307,1132,945;309,-20,-18;311,-21,-12;312,-1112,-914;315,1088,901;317,-15,-11;324,-1081,-883;336,-10,11;345,1079,865;348,-1082,-855;355,1075,844;360,-1082,-833;361,1084,837;363,-15,-12;365,13,-6;367,-29,-12;371,51,44;372,-1110,-845;387,1050,797;397,8,-17;400,-1011,-826;407,997,828;431,-57,-43;439,3,-2;445,-21,-10;553,-364,-231;589,336,199;607,-2,-21;625,3,23;627,-20,-37;635,-9,10;647,-4,-11;657,-10,0;665,-29,-27;673,-15,-7;678,-898,-604;738,9,-21;755,877,621;796,-22,-11;800,-31,-23;830,-1,2;833,44,24;843,-15,-4;854,-46,-29;855,37,26;856,-37,-29;866,-759,-690;867,794,716;876,-52,-34;886,-735,-696;890,5,-9;891,767,722;1064,-768,-69;1089,-412,-292;1092,985,268;1094,-26,6;1124,21,-7;1126,-183,19;1130,137,-2;1136,-6,1;1137,30,-14;1139,-46,22;1140,7,-6;1153,-13,9;1161,-12,0;1168,8,-3;1175,-13,32;1178,-9,-27;1187,-9,-3;1197,-5,4;1198,2,-9;1204,-6,5;1207,-4,3;1214,-15,-4;1217,10,2;1220,-17,-7;1229,0,12;1231,-2,-1;1252,-15,-4;1259,1,15;1267,-15,-13;1273,-1,-3;1283,-15,-2;1294,-10,2;1297,-1,0;1310,-23,-10;1315,8,11;1316,-20,-17;1327,7,18;1370,-41,-3;1380,-12,-1;1387,10,1;1390,-23,-7;1392,-16,4;1397,22,7;1400,-282,-13;1411,263,13;1423,-10,4;1430,-2,-18;1435,10,11;1441,-29,-14;1445,-30,28;1458,16,-12;1465,-24,-5;1475,-22,5;1486,-6,7;1489,-9,-12;1490,42,3;1506,-17,-13;1512,-7,14;1518,-3,-10;1520,124,-6;1532,-129,10;1550,-35,-13;1564,1,3;1576,-10,-18;1604,-97,26;1616,74,-7;1617,-22,3;1618,15,6;1626,-18,0;1630,-9,-11;1635,-17,26;1636,13,-15;1646,-17,-4;1657,5,3;1665,-3,3;1678,-5,-19;1681,-25,15;1686,-5,-4;1698,-6,-1;1701,-6,1;1710,-14,-9;1711,4,12;1719,-7,-1;1720,-18,-3;1724,-13,-4;1736,-3,4;1745,20,3;1747,-4,-6;1757,-15,-1;1767,-11,2;1778,527,18;1782,-539,-22;1812,-45,-1;1860,-11,13;1885,-171,-126;1886,3,-2;2009,-231,-368;2012,375,488;2028,-143,-116;2040,17,36;2044,-241,-550;2050,250,560;2055,-19,-15;2062,-2,-13;2065,-6,-1;2068,-175,-572;2080,-60,131;2098,220,407;2101,-7,3;2112,-9,-20;2118,6,4;2120,-12,-18;2121,9,22;2129,-6,-9;2131,7,3;2135,-10,-10;2139,-31,12;2141,-27,-191;2147,45,156;2149,-48,-85;2153,39,83;2175,-66,-116;2177,265,299;2183,-18,-5;2187,-254,-297;2189,232,294;2190,-153,-200;2196,20,-8;2199,-105,-100;2200,82,88;2217,-10,14;2219,-8,-7;2221,-14,-17;2223,9,11;2225,-4,-3;2247,-8,-11;2249,-2,-5;2255,1,-11;2257,-11,-3;2260,0,1;2270,3,-6;2296,-26,-39;2301,-9,-24;2326,4,17;2338,0,-2;2363,-16,-15;2370,-5,-13;2375,-15,-7;2385,-3,-10;2396,1,-8;2399,-10,-14;2406,16,29;2416,-17,-18;2436,-2,-3;2447,-26,-45;2457,-27,0;2481,5,-6;2499,1,-22;2500,42,54;2504,-2,-16;2511,-38,-61;2515,-5,-5;2517,8,-12;2524,4,6;2557,-13,-49;2558,17,23;2580,-4,-25;2601,-20,-7;2603,9,19;2604,-12,-38;2605,2,12;2611,1,-1;2620,83,-119;2630,-85,81;2645,-11,-5;2655,24,-17;2656,-2,9;2658,22,-23;2670,-10,1;2671,-8,10;2673,-5,-17;2681,-38,33;2708,63,-50;2733,-33,76;2756,34,-87;2768,8,-5;2805,4,-5;2815,25,-40
avenida||joao pinheiro da silva|vila santo antonio de padua|34515410|6,-1989200,-4380176
avenida||joao pinheiro da silva|vila santo antonio de padua|34739899|25,-1988947,-4379801;37,-11,-38;41,-12,-12;51,-1,-2;63,-7,-13;75,-10,-9;91,-5,-10;113,-2,-5;119,-15,-16;136,70,90;195,-94,-126;211,-3,-5;213,-2,-11;217,-8,0;225,-7,-11;234,-20,-82;237,8,65;239,8,7;249,-14,-17;261,-5,-3;265,-4,-1;295,4,-19;297,-1,-12;333,-19,7;334,19,-38;340,-4,-8;341,-37,7;357,-8,-7;363,-7,-13;371,-6,-8;380,28,-4;381,-34,-4;389,125,175;390,-97,-196;397,-40,21;406,26,-23;419,-22,12;484,12,-30;562,-33,-50;724,53,72
avenida||jose candido da silveira|ana lucia|34710138|8,-1987593,-4390392;10,6,-29;18,-10,13;2996,-12,-416;3250,36,156;3252,-5,69;3262,18,48;3270,-2,31;3300,-14,-6;3314,4,21;3326,1,20;3332,-3,17;3338,-3,7;3340,-3,13;3346,-1,0;3356,-5,0;3450,4,25;3500,-3,-330
avenida||raul soares|nossa senhora de fatima|34600360|41,-1985975,-4386227;45,19,-23;47,-15,15;55,-151,78;61,-22,1;68,-32,-22;73,193,-35;81,-8,2;86,-27,0;93,14,-2;95,4,0;109,-29,13;121,-4,15;123,-184,9;133,165,-9;188,-34,18;202,-206,-50;220,206,47;237,-45,-10;238,18,15;250,-25,1;260,-17,-1;274,-4,-1;285,29,13;286,-40,-22;304,-116,-43;310,105,40;311,26,18;318,-41,-32;321,35,34;331,-21,-9;334,-24,-27;336,-157,-30;340,122,26;344,22,-8;348,-27,19;368,-6,-3;374,-21,-7;388,-1,1;394,-27,-7;441,10,3;445,22,6;454,-51,-18;461,17,9;466,-23,-19;470,-11,8;480,-44,-15;485,50,32;490,-22,-26;497,-8,6;505,-21,-6;542,-10,-7;550,28,2;558,-33,-1;560,-4,-8;609,-57,-9;615,-2,-1;617,341,85;620,-337,-84;622,3,-5;629,-13,4;639,-10,-14;653,-13,6;742,-69,-29;750,54,23;754,-71,-38;766,-9,-5;780,71,34;966,-13,2;978,-24,-2;994,-8,-3
beco||estrela do sul|nossa senhora de fatima|34600430|433,-1986418,-4386610;440,4,-73;447,-12,39;450,13,-32;452,-4,2;460,-7,28;470,-2,3;481,4,-16;495,4,-10;501,14,-3
chacara||recanto dos sonhos|vale verde|34500001|45,-1982398,-4373594
estrada||do siqueira|siqueira|34516300|5,-1977426,-4374390;1100,-44,10
estrada||soares|ravena|34739899|23,-1975246,-4374581;100,76,-255
nucleo||agua e sol|ravena|34739899|16,-1980416,-4375580;20,-7,20;30,13,12;176,13,100;177,5,-2;333,24,-150
praca||jose mayer da silva|vila santa cruz|34515080|2,-1988121,-4379710;42,-6,5;62,-4,7
rua|dom|silverio|ana lucia|34710380|15,-1988386,-4390494;23,5,17;26,-6,-38;92,7,71;102,-3,8;107,7,14;112,-18,-4;116,10,14;117,9,1;123,-3,14;165,4,50;172,-3,-8;183,10,14;184,-6,9;193,5,17;194,-7,-10;214,-6,50;220,11,13;224,-2,8;293,7,-38;313,0,29;323,-5,-8;325,4,30;527,-10,-148
rua|dom|silverio|nova vista|34710380|328,-1988363,-4390200;340,-13,-5;351,15,-2;361,0,24;363,1,1;400,1,55;412,-17,10;413,16,-15;421,1,15;424,-1,15;425,2,-13;435,5,14;436,-11,7;447,6,-4;448,-4,10;459,-4,0;460,14,36;461,-14,-31;471,10,17;472,1,1;481,-2,2;482,2,27;489,-13,-147;493,15,134;496,-3,8;498,2,4;505,0,0;508,-8,11;517,11,-1;520,-1,13;522,0,5;529,-3,-10;532,3,21;541,-7,-30;544,7,38;553,3,1;555,3,26;556,-1,-16;565,-3,-1;568,-1,8;580,-3,16;585,8,5
rua|marques|de sapucai|cabral|34505600|745,-1988540,-4380195;757,0,5;767,12,12;867,5,12
rua|marques|de sapucai|centro|34505600|56,-1988759,-4380533;316,18,6;317,-24,-5;322,25,13;328,1,-3;331,3,5;336,7,7;343,2,6;350,8,-5;357,2,14;363,15,-4;368,4,10;376,22,-13;381,-25,1;388,22,19;389,56,58;391,-72,-70;397,14,13;404,0,-5;412,5,9;418,2,1;421,15,9;426,-9,5;433,8,-3;440,13,0;443,-7,9;444,20,-3;446,10,-3;450,-14,2;455,4,38;465,53,160;480,-76,-171;488,30,12;500,7,8;510,11,7;513,-4,-5;518,1,13;528,3,14;532,9,-6;536,-7,15;544,3,-1;546,-5,0;549,9,2;554,-5,8;559,3,-3;564,4,4;565,2,1;568,-14,-2;569,3,6;570,6,13;575,4,-12;582,5,26;589,-12,-29;590,8,31;591,-4,-8;605,3,5;608,9,29;611,-4,-11;618,0,18;621,0,-12;624,0,18;643,4,8;644,-2,-1;658,7,19;672,11,19;677,-1,-1;686,2,5;693,1,9;698,-1,6;713,11,12;716,-5,-10;720,-1,13;726,7,7;740,5,4;746,8,1;750,-4,8;780,23,21
rua|pastor|anselmo jose dos santos|vila francisco de moura|34525090|36,-1989328,-4380137;43,30,-8;53,-15,17;61,0,-6;63,5,-1;87,-26,9;90,41,-1
rua|sao|sebastiao|roca grande|34545150|44,-1989690,-4383748;57,-23,7;64,4,-4;69,-3,8;74,11,-14;97,-37,27;98,-26,2;99,28,-4;140,-46,18;177,-57,19;180,1,-2;380,125,-54
rua||alencar da silveira|castanheiras|34589085|40,-1991767,-4387120;45,-1,1;55,-23,-23;60,2,-3;65,-7,1
rua||antonio soares|ravena|34516330|26,-1979630,-4375449;35,19,-85;51,-25,49;55,2,12;72,10,-21;81,-6,-22;82,10,-12;107,17,-37;115,-46,134;285,18,-49;305,7,22;307,-11,-13;321,31,-74
rua||antonio vaz silva|roca grande|34535110|31,-1990205,-4382215;39,-2,1;67,24,12;95,24,16;107,24,13;141,36,17;205,51,35;207,-19,-5;223,25,10;355,11,5
rua||antonio vaz silva|roca grande|34535130|30,-1990211,-4382220;40,4,10;60,20,8;98,30,19;108,27,21;130,14,2;144,6,1;158,-59,-37;234,125,77;260,128,-2;295,-59,18;374,75,-29;408,47,-1;422,14,1;429,-41,-4;431,30,-2;435,-36,1;442,51,7;446,-32,-5;455,70,22;463,-30,-9;504,9,-6;516,8,4;540,24,16;654,-101,-31
rua||antonio vaz silva|roca grande|34536070|300,-1989962,-4382098;312,12,-12;400,-48,16
rua||celso pereira dos santos|rosario i|34555310|13,-1988727,-4382189;14,9,-12;15,18,-18;25,2,2
rua||celso pereira dos santos|rosario i|34585675|2,-1988763,-4382205;3,7,3;16,38,-5;20,-9,13
rua||das samaritanas|paciencia|34535090|33,-1990815,-4381894;45,-9,13;46,6,-1;59,0,27;64,3,19;65,1,-42;111,-3,37;1689,-2,-69
rua||dom silverio|padre chiquinho|34515570|46,-1989221,-4380355;47,0,-13;48,10,17;50,0,3;52,11,2;54,10,6;55,7,-6;57,15,6;63,33,12;65,-50,-9;71,9,-8;79,6,11;81,13,5;90,78,30;120,1,-16;130,-76,-11;140,20,5;148,15,12;160,7,7;172,19,2;240,25,16;242,18,-11;248,4,15;250,49,-27
rua||edson jose dos santos|siderurgica|34505810|19,-1988599,-4379907;35,-7,5;43,-14,2
rua||espirito santo|itacolomi|34585240|76,-1987747,-4384564;78,2,9;92,2,15;94,11,-3;96,8,14;98,-7,6;100,10,-10;102,3,4;104,6,3
rua||espirito santo|vila rica|34585240|28,-1988766,-4385535;29,1,-5;33,-10,-22;34,9,-48;54,7,150;71,0,12;83,8,-16;91,-1,21;95,-6,-27;108,13,62;111,2,-60;113,-14,1;118,6,-56;122,0,43;126,-6,-22;131,-2,-2;134,11,6;148,-12,-42;160,-6,-14;162,15,131;171,-16,-140;172,1,-5;181,-23,-5;183,0,-29;184,27,25;290,2,-38
rua||estacio de sa|rosario i|34555260|10,-1988334,-4382038;20,3,7;61,30,8
rua||estrela do sul|nossa senhora de fatima|34600430|10,-1986625,-4386320;15,298,-440;17,-286,442;24,236,-409;31,-235,386;60,8,6;63,3,-11;65,13,-4;72,-4,6;82,24,-1;88,231,-408;93,-247,391;96,19,-17;98,65,-101;101,-70,96;119,228,-366;120,-212,361;129,-9,-6;165,33,-23;175,11,-23;185,1,1;191,12,-19;199,2,-2;210,-1,14;211,64,-161;224,-51,146;235,3,-6;246,-4,0;248,3,-9;259,0,-1;261,12,-12;262,1,4;264,35,-84;270,-26,77;271,0,-8;280,1,5;295,-4,-30;307,15,-4;308,-2,20;320,11,-21;332,7,-29;350,-4,-12;375,1,10;431,69,-168;507,-6,9;595,40,-17;815,-41,20;821,-12,4;930,-9,9;935,-2,-4
rua||evy dos santos sena|campo santo antonio|34515480|862,-1988717,-4379946;908,2,2;913,23,23;919,15,15;921,12,7;922,6,2
rua||evy dos santos sena|vila santo antonio de padua|34515480|152,-1988808,-4380213;212,-98,-57;224,1,7;230,30,19;234,114,83;259,-16,-50;280,-60,-17;284,18,2;290,-2,3;296,16,12;308,39,42;318,-24,-36;326,23,25;338,14,32;408,7,48;410,2,12;412,-6,2;414,-15,6;422,17,6;424,-11,79;432,-12,-207;454,26,146;474,-15,10;490,1,18;496,-1,0;504,1,22;528,-1,26;552,10,12;610,-10,-15;696,10,22
rua||fernandes jacques da silva|borba gato|34739899|19,-1983252,-4384146;29,-8,-1;36,5,-16;44,-11,-1;46,-7,1;49,13,-3;53,-43,-32;58,-90,-54;61,115,86;65,-22,-27;73,13,14;75,5,1;78,-92,-75;80,-12,5;108,85,56;128,-26,-21;130,16,10;151,-30,-13;153,8,6;160,3,-5;164,-10,9;166,-5,-11;170,13,3;178,54,40;185,-86,-52;195,-9,-8;202,4,-3;206,17,6;209,-13,10;215,-21,-33;217,-2,-1;219,14,18;222,-58,-56;231,38,34;270,-34,-24;271,-1,0;280,-179,-146;283,95,80;289,69,55;294,-3,1;322,-15,-15;324,19,20;332,-23,-30;334,20,25;342,-48,-45;344,11,7;345,1,3;346,-9,-10;356,36,38;357,-17,-16;362,-15,-14;374,-3,-4;380,-7,-8;381,38,33;383,11,11;390,-63,-57;400,-5,-3;403,-10,15;404,20,-21;410,-15,9;420,-6,-13;422,-8,-2;432,19,12;433,-28,-25;434,4,-9;442,9,-7;445,-19,17;455,-25,-24;458,20,13;462,28,32;465,-27,-26;478,-24,-28;482,9,20;484,-8,-23;495,-12,8;496,11,4;498,-36,-23
rua||francisco de sa|nossa senhora de fatima|34500001|7,-1986662,-4386368;13,-5,-7;35,23,-21;45,4,3;53,7,-21;59,-26,26;95,32,-37;107,21,16;119,-4,-21
rua||francisco de sa|nossa senhora de fatima|34600420|34,-1986658,-4386373;48,12,-7;60,3,-4;70,18,-2;82,-5,-16;94,13,-32;98,0,20;120,-3,-4
rua||francisco sa|nossa senhora de fatima|34600420|33,-1986507,-4386657;43,28,24;160,-110,182;182,15,-20;188,9,-15;205,3,-15;210,2,12;220,19,-11;235,-4,-7;247,-4,-24;261,10,-5;268,35,-21;272,-28,29;273,19,-7;286,-13,7;287,17,-21;291,-6,0;295,9,-7;296,-13,16;306,7,-10;315,13,-11;317,0,-3;319,9,-28;326,-6,25;331,5,-22;343,10,-13;350,3,-3;360,5,-16;467,-19,-29
rua||geraldo sampaio|ravena|34516388|8,-1979040,-4375538;73,-74,-85;95,29,18;115,-46,-25;135,-13,-6;170,-1,-23;215,-7,4;225,-3,-15;239,-7,-10;255,10,4;256,-11,-26;290,-8,-28
rua||geraldo sampaio|ravena|34739899|45,-1979276,-4375900;218,-39,14;244,27,43;248,-80,-75;548,83,76;549,-36,-50
rua||joaquim siqueira|siderurgica|34515300|2,-1988521,-4379612;5,-21,-119;6,16,128;7,-37,-62;9,-22,-56;10,5,131;13,4,-68;14,-21,-71;16,66,122;18,-27,-67;19,12,-34;20,5,106;23,-37,-50;26,-3,-4;28,36,55;32,79,-178;33,-117,136;36,35,43;38,-43,-41;41,35,45;44,-4,-2;46,-23,-17;48,137,-156;50,-119,176;56,59,-85;63,-85,42;65,19,51;68,155,-171;86,-10,18;118,-173,126;120,-6,-7;122,-5,-1;130,-7,-20;138,-1,-2;244,33,10;307,6,66;327,-1,9;329,14,44;331,5,-25;536,17,-184;1073,4,-34;1075,56,-18;1080,-57,20;1090,-10,6;1141,66,-9
rua||jose costa sepulveda|adelmolandia|34525600|5,-1990514,-4381426;89,292,-99;111,-26,-13;176,73,40;188,0,-2;210,-14,-11;211,-5,-3;212,-36,-6;246,-15,-20;260,-13,-4;270,-235,113;282,224,-118;294,-3,-9;306,-21,-6;317,-24,-2;330,-56,27;380,-29,35;396,29,-35;400,-74,67;402,62,-56;408,-90,93;410,86,-90;420,-7,6;426,-79,83;440,67,-66
rua||jose emilio dos santos|morro da cruz|34525238|89,-1989513,-4380759;94,11,65;106,3,22;131,-3,-6;177,4,-18;185,9,48;232,-89,-6;233,-8,6;235,76,-90;237,-95,95;243,28,-11;254,67,16;271,-254,13;272,-19,-15;273,-9,-2;275,-11,-9;277,263,-2;279,-147,10;283,41,19;284,154,9;285,-205,-16;286,196,-26;287,-201,49;289,1,1;293,-19,3;294,220,-55;301,-229,54;827,-80,-43
rua||jose honorio dos santos|vila santo antonio de padua|34515530|6,-1988925,-4380269;8,-8,7;12,0,2;17,3,-7;33,-5,19;39,0,0;40,-9,-10;49,12,16;63,-16,21;66,-4,-4;75,-1,15;76,2,-11;84,-12,17;98,-1,17;103,2,-3;112,-9,5;119,-5,3;122,-1,14;134,2,0;140,-8,18;145,7,-16;149,14,-15;151,-19,27;158,-10,2;161,9,0;165,-12,14;175,4,14;180,6,3;195,-25,19;200,13,-13;212,-12,24;223,-14,-1;233,2,3;243,-1,8;244,5,-5;252,-9,24;253,8,-10;254,-10,-1;262,-8,25;263,8,-16;267,3,-5;269,-12,16;274,-5,5;287,-2,19;288,3,-12;296,14,-11;301,-10,38
rua||jose rodrigues dos santos|adelmolandia|34525410|11,-1990139,-4381484;15,-53,13;19,62,-11;20,-10,-4;32,-21,7;74,-104,23;207,83,-20;209,-8,1;211,-11,6;221,-553,541;238,536,-536;259,-32,8;310,-43,8;316,-16,9;319,17,-26;350,-31,-7;371,-23,50;381,-4,1;390,-2,-2;397,-2,15;406,-15,-3;435,-6,40;437,21,-46;443,-37,54;445,14,-13;449,489,-166;451,-504,178;453,41,-28;461,-41,36;463,21,-36;471,-6,0;475,462,-167;477,-486,204;481,-2,8;487,-6,11;501,-5,6;505,-31,29;511,-4,14;513,23,-28;517,143,-60;519,338,-194;523,-513,292;528,28,-47;531,-64,86;535,13,-16;541,259,-146;545,-271,157;549,-2,5;552,57,-64;553,-78,72;554,17,-95;557,-15,104;558,53,-46;559,491,-302;560,-494,295;561,-61,66;562,52,-61;565,-57,59;566,52,-51;569,126,-66;570,-134,69;573,-63,61;574,53,-57;577,-55,63;578,58,-56;579,499,-316;581,-563,379;582,58,-50;585,-92,109;589,20,-49;590,65,-57;593,-70,57;597,-7,9;598,53,-48;602,-6,11;603,-52,35;607,-11,-3;611,-9,22;615,-4,0;617,598,-411;618,-527,366;619,73,-45;623,-163,104;627,-3,15;631,-1,2;635,-10,4;641,-3,10;647,-5,7;649,595,-434;651,0,7;659,-619,460;663,616,-467;664,11,-16;665,-41,31;667,7,-7;668,18,22;669,-33,-9;700,-449,315;704,-8,-1;708,-8,8;709,-155,183;712,142,-184;716,-10,18;718,2,-8;719,-156,204;720,163,-204;722,-14,9;723,-145,204;726,139,-198;727,-139,203;729,4,-24;730,130,-173;732,-4,1;734,0,-1;736,-12,6;738,17,4;742,-17,-4;743,-128,215;746,123,-198;750,-5,8;754,-10,6;758,-4,6;762,-2,7;766,-2,2;770,-2,6;774,-17,20;778,1,-5;790,225,-164;794,-271,225;802,-11,21;812,3,6;814,-17,23;818,2,5;822,-8,9;826,1,16;830,-4,4
rua||lagoa santa|canaa|34580110|4,-1975274,-4372666;98,-129,22
rua||lagoa santa|itacolomi|34580110|19,-1987867,-4385161;27,196,-208;36,-24,17;39,7,-3;40,-128,144;50,-50,54;51,174,-193;60,9,-15;67,-152,182;75,-10,9;79,136,-160;81,-6,25;87,0,-21;92,-20,32;101,5,-4;106,-3,7;126,-259,292;130,243,-279;134,-241,276;143,233,-269;146,-236,270;147,243,-276;163,12,-2;226,-84,78;240,-7,8;252,-12,20;262,-11,12;269,17,-19;272,-2,2;276,79,-96;288,-70,88;297,-1,-7;298,68,-69;300,-4,-1;303,-75,91;312,34,-48;314,-96,112;321,125,-132;357,-43,47;358,22,-25;367,-24,27;379,-103,102;437,223,-248;444,-13,14;603,-253,291;604,18,-18;610,-7,6;619,-15,46;620,-6,-23;622,17,-10;625,1,-3;632,-14,15;640,-9,4
rua||manoel fernandes de souza|mestre caetano|34518092|30,-1986436,-4377051;33,-3,-4;40,14,3;43,-7,2;50,22,-16;53,-16,6;58,35,-19;60,7,-3;63,-25,16;70,41,-28;80,11,-10;90,1,-4
rua||mario sepulveda|centro|34505840|15,-1989183,-4380777;22,-3,-9;39,5,11;40,8,0;80,13,12;87,11,10;97,16,11
rua||martim afonso de souza|rosario i|34555270|3,-1988408,-4382112;30,2,6;188,13,24;254,22,23;600,-38,-43;615,11,11;618,11,13;625,7,7;628,-7,-1;658,48,42;668,7,-2;680,-7,20;692,5,9;700,10,11
rua||mem de sa|rosario i|34555140|10,-1988535,-4382375;14,0,-3;15,5,-83;35,5,17;45,4,5;47,3,11;59,-5,13;65,0,6;127,2,7
rua||miguel arcanjo dos santos|ravena|34516414|4,-1979411,-4374953;6,260,-171;15,-1,12;19,-145,84;25,-206,70;26,195,-49;29,67,-57;33,-37,34;36,-137,62;44,5,3;51,209,-162;52,10,-5;56,13,-2;57,-5,2;60,20,-12;62,16,-13;64,19,14;66,11,-2;67,-11,-17;68,21,19;69,-26,-6;71,-64,-8;73,89,13;74,32,1;75,-27,3;76,40,-8;81,1,-2;83,10,-7;85,8,-5;89,14,-1;185,-222,99;251,-56,53;263,-6,5;295,107,-118
rua||nana kubitschek soares|alvorada|34700160|2,-1987677,-4389738;4,24,-8;12,-19,12;19,-8,23;22,24,-18;27,-20,44;32,-1,29;37,13,-10;42,16,-26;47,4,26;52,-7,-22;55,18,27;62,5,-9;65,2,19;72,-14,-12;82,-18,20;92,17,-32;112,20,35
rua||odilon alves dos santos|caieira|34505090|8,-1989334,-4381606;12,10,12;16,9,4;37,-10,-6;53,8,8;54,52,17;65,-37,-15;70,21,0;85,2,10;92,74,-8;96,-71,-4;99,2,8;107,14,7;112,-12,-6;122,12,-2;131,22,8;136,-2,7;138,60,15;141,-48,-10;148,1,-3;151,0,0;160,10,-1;183,0,11;184,24,0;191,-15,0;199,16,3;201,18,15;215,21,-2;222,-14,9;239,7,-9;242,16,2;249,-6,10;258,10,6;259,5,12;272,-4,-15;285,18,13;296,-16,-9;310,28,17;311,-1,2;313,10,-1;326,0,19;331,1,-11;335,15,5;340,-10,-11;343,26,15;344,-8,0;352,-113,-49;356,138,67;358,-255,-122;366,255,113;625,-141,-109
rua||onesimo dos santos|centro|34505540|37,-1988739,-4380793;38,-6,5;55,26,-12;65,16,-11
rua||paulo candido da silva|siderurgica|34515080|24,-1988029,-4379739;26,18,-21;28,-1,5;30,19,11;37,13,-17
rua||paulo candido da silva|vila santa cruz|34515080|1,-1988110,-4379699;2,0,-7;3,6,1;4,-3,-1;5,2,-1;6,1,0;7,14,-3;8,-2,-1;9,8,-5;10,-4,-1;11,8,2;12,-1,-11;13,2,9;14,17,-6;15,0,6;16,2,-1;17,-8,0;18,5,-5;19,3,-5;20,-2,1;21,-7,7;22,16,-10;23,23,-8;25,8,4;27,8,-11;29,7,2;31,12,-1;33,7,-3
rua||porto seguro|nova vista|34710650|1023,-1988594,-4389681;1025,2,29;1027,5,-1;1035,-2,16;1045,8,5;1047,-2,5;1155,1,18;1177,-2,14;1197,-2,5;1199,1,2;1201,3,8;1210,-4,-14;1213,2,29;1220,1,12;1225,13,-3;1232,-11,16;1237,5,-6;1244,-3,14;1249,7,5;1256,-20,11;1261,18,-4;1268,-18,17;1273,17,-2;1280,-10,18;1285,25,-11;1292,-24,11;1297,9,8;1304,-3,11;1309,9,-3;1316,-10,13;1321,20,-2;1328,-20,18;1331,3,-11;1333,-3,6;1340,4,4;1344,-4,16;1345,13,-15;1347,-4,6;1354,-11,8;1357,7,-1;1359,6,12
rua||raimunda a souza|alvorada|34710320|5,-1987858,-4390095;12,-41,9;20,16,-10;30,8,7;34,-2,-13;42,13,3;44,11,-7;46,3,-2;58,-2,-12;72,12,10;81,5,-5;91,14,-1;92,-4,-4
rua||rio grande do sul|val paraiso ii|34585260|70,-1989010,-4385950;76,21,6;82,-1,3;94,1,-4;169,68,83;170,-3,-9;171,-10,-14;221,21,49;235,-3,30;251,6,11;253,-1,-5;265,0,20;281,9,8;295,17,11;313,2,18;327,8,13;345,11,9;359,0,8;373,11,12;389,13,12;403,9,7;419,15,13;433,10,9;449,21,-1
rua||rio grande do sul|vila eugenio rossi|34585260|439,-1988716,-4385629
rua||rio grande do sul|vila rica|34585260|1,-1988493,-4385234;6,58,-33;12,-554,-666;19,-7,-3;20,453,699;29,1,2;34,-12,-15;36,56,11;37,0,13;40,-59,-26;44,-7,-4;46,127,-15;52,-518,-645;60,249,320;62,75,126;64,178,206;68,-25,21;69,-83,-9;72,-398,-670;74,469,683;78,7,-8;81,-85,-24;105,40,49;112,11,-6;119,-95,-63;131,-6,-5;132,-298,-495;138,-11,-47;143,309,526;156,-274,-442;164,241,406;167,14,26;173,-23,-25;177,2,5;179,-7,-7;180,-39,-265;181,32,257;183,-6,-7;185,-5,-21;187,21,21;188,-63,-247;197,44,222;199,17,-5;207,-16,-14;210,23,50;215,-25,-66;223,0,-5;224,25,79;290,-105,-291;302,90,205;304,-32,-131;320,2,-19;328,-8,-16;372,27,148;373,-5,-2;375,-7,-16;383,8,-10;384,-9,-5;385,5,-6;388,-155,-201;394,-8,4;396,160,193;398,-144,-188;400,27,26;402,-29,-7;404,15,-6;406,10,4;407,116,163;408,-2,-8;410,-89,-139;412,-9,9;414,10,-4;416,7,3;419,89,135;420,-6,-12;422,-67,-109;431,73,111;432,-9,-12;443,-7,-1;444,7,-2;452,-54,-103;455,57,84;467,-9,-3;468,-180,-192;481,169,174;617,23,10;619,-8,14;691,-23,-34;702,142,310;708,-7,-16
rua||rita vieira de souza|borba gato|34730090|38,-1983988,-4384272;70,118,14;113,3,-46;140,79,-25;173,4,-30
rua||sabara|nossa senhora de fatima|34565275|38,-1986868,-4385842;40,5,1;105,-5,10;160,39,-119
rua||sabara|nossa senhora de fatima|34600025|31,-1986878,-4385798;44,11,-25;90,19,-23;94,-4,1;102,4,-47;106,5,-6;110,10,-23;150,13,-38
rua||sabara|ravena|34516382|6,-1979493,-4375580;175,156,-15;401,-108,8;538,202,-6;540,-4,-7;542,-15,-4;551,-28,6;571,-30,-1;581,17,-1;659,71,6;661,5,-2;673,7,-11;707,1,35;717,23,1;727,9,-1;731,12,6;747,3,3;757,8,4
rua||sabara|ravena|34565275|172,-1979232,-4375582;712,-10,1;728,27,6;730,34,-20
rua||sabia|adelmolandia|34525415|4,-1990493,-4381180;7,12,-16;8,-10,17;9,2,-7;12,-12,11;13,15,-33;14,-21,96;15,15,-75;16,-25,17;17,22,-13;21,2,1;23,-13,2;24,-25,20;25,13,-16;27,-8,14;29,0,-1;30,-15,4;31,3,-7;33,-13,7;34,2,2;36,-3,2;37,-7,23;40,-5,-18;41,4,10;43,-18,0;46,6,4;47,-6,12;48,4,-4;53,-6,3;55,-10,9;56,8,-14;57,-25,33;59,-6,13;60,16,-27;63,-17,34;64,13,-34;65,-16,49;67,121,-278;68,-123,237;71,2,60;72,4,-47;75,-17,56;76,15,-63;79,-24,75;80,27,-54;90,-30,44;159,-56,108;165,33,-41;170,-11,11;174,0,10;178,-10,9;180,-24,11;184,-1,5;188,-13,-5;190,-10,-2;877,-10,12;883,-14,13;887,4,9
rua||sabia|val paraiso i|34585515|15,-1989091,-4386018;31,10,-8;58,39,-11;71,-13,0;74,-12,-1;96,38,-8;97,2,-9
rua||sabonete|mangueiras|34516118|5,-1987393,-4379184;10,-46,178;15,46,-178;20,-42,185;35,14,57;55,-17,17;65,-1,12;75,-9,-5;85,-2,-110;90,3,5;95,-18,106;105,-10,9;110,-6,-39;115,1,34;120,20,-100;125,-33,108;129,-6,25;130,29,-118;133,-23,131;135,-5,-84;139,-14,107;145,4,7
rua||sacramento|nossa senhora de fatima|34600470|17,-1986268,-4386701;23,-2,-3;27,-1,-10;36,10,5;39,-21,-20;48,10,11;60,-11,-24;72,-12,-3;84,9,-1;85,-3,7;88,-26,-9;98,19,-15;100,-6,7;119,-10,-28;123,-9,-9;131,60,95;133,-67,-106;141,-27,-42;145,33,50;160,12,8;168,-16,-29;172,-24,-37;176,9,17;178,3,3;182,11,20;183,-6,-3;191,-4,-7;193,-5,-10;211,-6,-1
rua||safira|nova canaa|34516300|74,-1975386,-4371507;75,27,23;78,24,-511
rua||safira|paciencia|34535105|13,-1990800,-4382784;15,-1,1;34,40,-17;68,15,-8;75,-21,56;98,61,-35;99,-43,47;111,8,10;123,5,9;126,44,-57;135,-29,62;138,35,-58;147,-31,66;150,40,-55;159,-33,61;162,40,-55;174,7,1;175,-34,65;183,5,10;323,41,-28
rua||safira|terra santa|34505230|16,-1988619,-4380979;17,13,-2;18,2,1;30,9,1;42,9,3;54,14,2;66,8,6;84,58,0;94,8,-2;181,-94,-13;193,12,5;211,22,7;219,21,-3;261,-17,35
rua||salgueiros|vila santo antonio de padua|34525100|39,-1989360,-4380042;43,55,-92;59,-37,99;71,17,-1;290,10,19
rua||salinas|itacolomi|34580100|2,-1987510,-4385150;8,-13,8;12,-18,20;22,1,1
rua||salinas|itacolomi|34580150|8,-1987514,-4385135;9,-17,8;12,-15,-23;17,-13,48;21,-1,6;25,-13,8;48,-76,15;70,-1,61;72,4,-3;80,14,-12;96,62,-70;118,-17,9;124,-10,14
rua||salvador correia de sa|rosario i|34555100|167,-1988519,-4382466;171,-241,-189;173,3,12;175,7,4;203,16,21;215,11,0;255,5,-1;267,-29,-13;272,30,21;313,42,28;315,16,9;318,-59,-45;330,78,59;340,-11,36;341,41,-32;352,-23,8;353,8,-7;356,-6,29;365,15,-22;370,-6,16;377,8,-11;389,45,38;390,-16,-1;393,36,10;395,4,19;397,-3,-6;405,15,0;414,-41,-5;425,62,14;426,-60,-12;430,23,14;435,35,15;440,3,12;445,4,18;450,12,-16;454,-3,3;455,13,-24;459,-10,26;460,1,1;704,73,57;723,3,0;724,11,15;725,50,16;726,18,15;728,-70,-10;729,73,24;737,26,24;764,-106,-84;1120,94,66;1818,53,40
rua||salvador|vila rica|34585170|24,-1988722,-4385213;29,-6,3;51,-1,3;55,-14,16;57,-6,-5;59,1,-15;69,0,26;70,-10,2;72,-5,7;77,9,-6;95,-10,10;107,-1,3;665,-35,-48;675,7,20
rua||santana|roca grande|34545790|14,-1989279,-4382903;15,-11,33;19,-42,-32;21,-17,19;22,56,-22;28,-148,20;31,95,22;36,169,-699;41,32,21;42,-196,637;45,-161,-3;46,353,-619;52,-1,16;53,0,-15;57,4,1;65,-196,618;70,-9,16;73,201,-684;78,6,118;80,-3,-113;82,-203,707;83,204,-672;87,9,-21;90,-250,697;91,126,-10;92,-1,15;93,0,-33;94,11,67;95,108,-665;96,-119,628;98,9,67;99,-11,-93;101,142,-590;103,-27,-20;105,4,35;106,-3,22;108,-32,246;109,37,-263;110,-1,15;111,-9,28;114,5,-15;115,4,-14;121,-108,526;122,-4,1;123,12,-19;124,-7,5;125,7,-3;126,-9,9;129,16,-33;131,-3,3;135,-14,7;139,12,-7;140,18,-16;141,-6,1;147,11,-6;149,12,-10;150,1,-6;170,54,-427;176,-2,6;186,-13,34;196,-10,14;206,-10,157;229,-139,303;250,133,-333;283,36,129;293,-13,-26;295,-6,-6;297,-3,-9;301,-8,-36;302,11,39;327,-15,-72;348,-9,-33;349,0,2;351,-2,-9;352,3,-13;353,-8,5;356,11,-22;357,-8,14;360,9,-25;364,2,-7;367,49,-293;370,-35,279;372,23,-307;373,-32,287;379,39,-276;380,-9,-33;381,3,24;384,-41,387;385,40,-391;388,-40,414;396,6,11;400,1,6;421,42,-296;473,-13,-147;545,-23,470;549,-2,-18;553,18,-468;600,-77,454;602,54,182;611,17,-675;617,-126,-88;658,101,49;674,-6,-8;696,-2,-4;710,-9,-11;715,-22,-7;726,-11,-11;730,-1,-22;736,-23,13;745,-45,-4;755,-4,-2;760,20,-4;767,-29,-5;771,48,12;780,-6,1;782,-27,-8;784,-7,-1;787,-75,-36;788,30,22;791,-24,-6;792,-11,-23;794,6,-15;795,-7,19;811,50,35;812,18,5;813,-17,-12;815,-6,1;817,-2,-3;819,-13,-11;861,-6,-3;865,-5,4;875,-9,-5;882,-20,-29;884,-11,3;886,-4,-18;900,-15,-11;910,-2,-6;930,-2,-10
rua||saraiva|alvorada|34700000|1,-1987706,-4390001;3,-3,21;8,6,-1;13,-11,2;15,-10,-8;18,0,0;23,-5,-3;25,-7,5;35,-9,-3;45,-11,-1;55,-11,2;60,1,-3;65,-9,-1;72,0,-7;77,-14,4;78,-28,-3;80,36,6;87,-14,-8;90,-22,5;92,22,1;94,-40,-5;98,-11,-1;100,41,0;102,-51,-10;104,-5,0;108,-12,9;123,33,-4;133,-76,41;135,6,-4;137,51,-36;139,-21,9;147,-62,43;159,0,0;161,-13,14;191,-34,27;203,-4,1;215,-19,12;227,2,-4;231,89,-175;241,-91,179;245,92,-155;251,-105,168;263,-7,-2;275,5,1;285,-14,5;289,-4,7;301,-28,18;327,-18,10;339,-13,0;345,93,-54
rua||saraiva|ana lucia|34700000|118,-1987893,-4389985;120,-7,9;132,-11,0;144,-11,12;156,-19,5;158,2,3;160,2,5;168,-13,9;180,-21,1;192,-10,6;204,-4,18;216,-16,0;228,-11,14;240,-7,5;252,-8,6;262,-8,3;264,-5,0;274,-8,19;286,0,6;290,-24,-8;296,-7,14;300,-12,-1;308,-41,21;310,42,-17;320,-45,31;332,-6,-21;346,-27,23;350,-3,2;354,0,-10;356,-32,-20;358,16,32;368,-22,-21
rua||saraiva|nova vista|34700000|355,-1988180,-4389824;367,5,5;385,-6,-1;387,0,0;397,-13,-4;411,-9,4;415,-1,-11;423,-17,1;435,-9,-6
rua||saritur|ravena|34516436|76,-1977809,-4375119;107,-13,-23;155,-2,-26;235,-9,-66
rua||saturno|ana lucia|34710170|20,-1987743,-4390372;30,6,-27;35,5,-3;40,7,-7;47,3,-13;52,-8,-21;57,9,9;60,-5,-58;69,0,50;70,9,10;78,-3,-27;79,-18,11;90,11,-17;91,2,7;98,10,-12;110,-5,-2;113,-21,-19;126,11,-7;127,2,3;185,-3,-29;193,0,-42;194,14,11;203,-6,-26;204,-13,5;213,1,-7;215,-3,-7;217,-2,-6;230,3,-1;231,-23,7;241,23,-25;242,7,3;250,-7,-7;251,-6,-6;256,6,-7;262,1,-3;265,-9,-12;274,6,7;275,-3,-5;276,0,-4;289,-2,-15;301,-10,0;312,9,11;320,1,-25
rua||sebastiao afonso silva|alvorada|34710310|16,-1987747,-4390011;27,20,-65;29,-1,12;31,0,-4;33,-12,26;46,6,-19;54,23,1;55,-22,-32;60,12,14;71,3,-23;74,-2,9;510,-27,55
rua||sebastiao afonso silva|bom retiro|34710310|70,-1987698,-4390126;91,-7,-6;100,-1,-15;115,8,-1
rua||seis|bela vista|34525250|5,-1989736,-4380609;42,-39,2;52,-16,-2;54,26,2;60,-33,26;77,-4,-2;79,17,-4;80,-17,23;90,-12,8;130,-19,19;133,3,-5;140,-7,6;150,-2,18;152,-1,6;160,-1,10;170,-3,6;180,2,19;190,-13,3;197,11,-16;203,6,4;205,7,16;207,-25,-2;209,38,23;219,-36,-18;221,-2,8;229,-19,19;239,7,7;240,10,-27;252,-6,9;300,105,-112;303,2,-15;313,14,-25;684,-121,166
rua||seis|vila eugenio rossi|34585560|23,-1988380,-4385632;48,-4,-3;60,-6,0;70,-8,1;76,-8,6;80,-19,-10;84,-10,2;88,-11,9
rua||senegal|nacoes unidas|34590210|21,-1988341,-4386209;24,-10,8;33,23,9;38,22,-13;45,-5,9;71,16,-15;144,72,-1;147,2,-4;202,58,33;207,-25,-4;215,14,-7;227,6,8;235,16,5;245,3,5;257,-19,-1;260,64,11;261,-22,-3;265,-10,5;289,21,-2;301,18,-5;313,8,-1
rua||sergipe|vila rica|34580620|5,-1988962,-4384884;11,7,24;15,-34,63;30,54,-127;33,-3,17;35,-34,75;40,37,-80;41,-5,17;123,-16,49;144,-14,9;150,-10,9;151,-5,29;160,6,-23;161,-11,29;172,9,-26;178,1,10;184,36,-90;193,-31,123;195,-22,5;198,10,-26;247,55,-124
rua||serro|vila rica|34580580|10,-1988589,-4384988;17,-5,25;29,-8,16;35,-11,7;37,8,-3;39,-3,7;42,3,-13;45,-16,38;48,1,-17;52,-2,4;60,-3,10;65,-1,12;70,-7,8;84,-7,10;123,28,-77
rua||sete de setembro|castanheiras|34589220|7,-1991219,-4387383;9,-15,1;11,0,-15;13,-9,23;25,6,-16;27,-33,-64;29,-3,-1;35,-5,-11;55,-11,-9;75,-7,-21;85,-10,-3;95,-5,-10;105,3,-6;115,-15,-10;125,-1,-6;126,1,-5;135,-7,-5;145,-6,-13;155,-12,-5;163,-9,-14;165,2,4;175,-8,-18;195,-9,-10;205,-6,-6;207,1,-3
rua||sete setembro|castanheiras|34589220|26,-1991270,-4387459;30,-54,-81;40,47,74;50,-9,-7;60,-4,-11;70,-9,-7;80,-9,-17;138,-23,-63;140,-19,0;175,1,0;200,-11,-23;210,-8,-6;220,-9,-4
rua||sete|bela vista|34525280|14,-1989833,-4380627;30,-6,18;31,19,-17;43,-3,16;44,-17,10;45,13,-14;46,-20,23;48,7,-1;56,-12,15;57,22,-28;61,-15,11;63,-15,27;69,13,-20;73,-1,4;75,-1,5;94,-15,28;122,1,-10;123,6,-1;127,-3,5;131,-8,16;134,-8,-2;141,2,15;148,-2,-3;151,-2,10;158,2,8;161,2,-3;168,-9,11;178,-18,1;188,-6,12;191,1,11;198,8,0;203,12,-15;208,-29,19;684,35,49;685,-8,3;694,2,-4;700,-5,-6;704,-2,-3;714,-6,-6;724,-8,-17
rua||severa|rosario|34575620|17,-1987517,-4384390;20,-16,158;36,1,-1;50,-34,-194;52,-8,-5;165,39,50;175,4,-13;197,-4,-21;260,1,130;261,7,10
rua||sirios|itacolomi|34575000|106,-1987970,-4384800;132,16,-39;150,3,-70;163,-34,124;170,3,-4;175,6,-3;180,-4,-2;182,6,-1;185,-20,26;190,11,-65;195,-14,66;200,42,-92;210,-1,-3;218,-4,-11;222,-8,-9;226,9,-17;230,10,-10
rua||sirios|itacolomi|34580170|139,-1987959,-4384833;140,4,-35;141,0,13;145,-17,31;224,8,-75;225,-16,-14;227,4,5;229,-7,-18;231,38,6;237,-21,26;241,5,19;243,-4,-21;250,15,-13;260,-14,10;262,-26,-37;265,-13,-15;270,25,-8;685,47,11
rua||soliedade|ravenopolis|34516348|6,-1979643,-4375379;12,-7,-26;13,-19,23;20,-28,-1;40,93,32;60,9,-8;80,17,5;100,10,-2;113,-22,-8;120,-53,-46;121,88,50;130,1,4;150,19,18;210,-22,28
rua||suica|nacoes unidas|34590280|9,-1988262,-4386118;10,-15,0;19,3,0;37,0,-16;40,10,-2;41,-2,-9;49,1,-7;50,-6,12;57,11,-15;89,10,-34;158,-8,15;170,-1,-12;182,-1,-9
rua||syrius|itacolomi|34575000|44,-1988053,-4384898;48,3,7
rua||tome de souza|rosario i|34555130|104,-1988804,-4382668;122,-13,5;124,24,1;141,-3,-8;151,41,-10;168,-14,54;171,1,-43;172,-2,36;189,5,22;216,17,35;218,5,9;222,-13,-30;226,21,40;251,-53,-108;371,103,285;373,-1,6;375,0,7;438,7,55;449,-44,-234;456,-5,-9;459,5,9;480,-6,11;483,-2,14;507,9,10;510,3,-17;512,-2,3;519,-4,25;524,1,-2;528,-5,4;531,18,1;538,-16,2;540,12,16;543,3,-4;545,-2,6;550,2,4;555,-2,2;558,2,11;560,-3,4;561,20,11;571,-3,20;572,-5,-25;582,-1,4;583,11,35;587,0,2;592,-6,-25;593,7,43;598,-7,-31;605,18,41;608,-19,-32;620,12,33;626,-12,-26;629,21,48;632,-15,-32;639,7,40;652,-4,-18;653,18,24;655,13,6;669,14,-1;690,-28,39;695,16,14;705,11,8;716,-35,-47;717,37,2;730,33,11;740,-12,-8;762,-89,-153;920,2,-8;930,37,197;932,27,8
rua||vieira dos santos|nova vista|34710600|46,-1988235,-4389734;48,9,20;50,18,46;55,-12,-61;60,20,71;63,-16,-49;67,-5,-11;88,-19,-31;154,63,113;156,-15,-7;157,-6,-26;158,3,27;160,-3,-6;162,-11,-30;167,9,35;203,11,23;248,8,40;249,12,-13;260,-6,27;334,-16,-42;336,8,14;364,3,38;367,14,5;371,4,-2;375,9,3;400,-2,40;410,1,10
sitio||repouso do sargento|palmital|34516300|50,-1976855,-4371437
sitio||sheila|soledade|34500001|30,-1984864,-4381502
travessa||jose emilio dos santos|morro da cruz|34525235|209,-1989493,-4380581;212,-2,11;213,-9,-20;214,6,11;215,-17,-20;216,21,5;223,-53,-33;231,27,23;233,-57,-23;234,58,25;243,-39,-50;244,55,67;246,-17,-25;254,-10,-8;264,-2,5;274,-19,-24
travessa||martim afonso de souza|rosario i|34555270|588,-1988418,-4382115;601,-23,23;612,-3,-8;616,-28,42;626,-17,3;640,-3,-1
travessa||sabonete|mangueiras|34516118|15,-1987415,-4378956;25,-1,9;29,20,27
travessa||sabonete|mangueiras|34585675|25,-1987416,-4378955
travessa||salinas|itacolomi|34580100|12,-1987545,-4385148
varzea||recando do sabia|manquinha|34500001|21,-1978095,-4376955
varzea||recando do sabia|ravena|34739899|1,-1978614,-4377019;2,-282,166;3,65,19;5,-352,-232;6,-82,-35;10,157,10;11,-254,-96;12,341,138;13,165,225;14,-469,-384;15,147,-9;16,431,335;17,-359,-423;18,256,340;21,112,-100;22,-138,156;23,-54,-41;35,28,288;40,-298,-640;41,-1,-7;42,153,309;43,15,-99;45,-264,-269;46,51,-12;47,91,47;54,161,351;55,131,257;57,-46,-312;70,-400,-231;78,-24,-52;81,611,439;83,-230,-89;84,-110,89;87,87,-64;88,131,-10;100,-475,-289;101,609,301;134,-95,-140;142,-99,151;147,30,20;151,-35,-143;153,-11,10;179,193,-480;200,-138,649;240,-277,-151;241,25,-21;245,19,-20;249,-31,1;255,365,-343;258,-279,174;355,-259,-170;500,-132,-14;501,8,-40;541,342,426;542,-86,-33;544,9,36;548,52,27;584,-74,-61;589,192,242;642,-99,-64;841,-92,-144;842,-23,67;852,162,94;854,-187,-117;859,203,144;874,247,-12;987,-230,25;1236,190,31;4785,-262,-233;8421,278,156;8452,-394,-81;84512,90,73
