avenida||luiz novy|colorado|33022010|7,-1975473,-4383848;26,10,-14;30,-3,2;32,-2,10;36,-16,-2;48,3,6;60,-15,-1;63,0,-3;67,-82,38;79,137,-46;83,-62,27;86,-2,-10;87,-8,10;97,-10,-1;103,-4,2;108,-14,-6;111,5,8;123,-16,3;135,-7,3;141,-3,0;165,2,1;167,-11,4;185,-23,5;954,190,-33
beco||natal|sao benedito|33120560|2,-1979157,-4393420;716,-338,54;910,13,-1;912,4,-5;7716,-20,7
rua|coronel|silverio nogueira|industrial americano|33020320|2,-1976452,-4383517;4,17,13;7,-12,-8;8,26,12;12,10,7;17,21,7;19,22,11;23,-18,-6;30,-10,0;36,16,4;48,6,6;60,4,0;65,8,-1;79,20,8;91,6,1;103,8,9;104,6,2;105,14,5;106,0,6;135,222,75;163,125,110;171,-305,-178;175,296,177;184,-298,-171;185,22,-11;193,13,21;195,13,8;196,-39,-12;205,20,-1;208,-8,1;220,11,9;232,9,1;261,13,5;265,19,-2;267,-1,5;280,48,25;292,-35,-15;300,166,81;304,-161,-81;315,48,14;333,2,1;403,80,42;411,-22,-14;445,43,30;448,-16,-13;453,12,6;456,-10,-1;544,65,81;575,24,20;584,4,29;586,-4,-10;596,5,14;599,-6,-20;600,-10,-15;611,21,23;617,1,2;623,3,19;659,5,30;664,-9,1;675,16,1;703,1,24;731,-7,-31
rua|coronel|silverio nogueira|industrial americano|33020330|342,-1976468,-4383551;387,0,46;630,10,6
rua|irmaos|neves|cristina|33110550|83,-1978215,-4392392;143,45,123;259,-64,-149;281,14,36;283,-25,-53
rua||dama da noite|vale das acacias|33084080|15,-1979890,-4389587
rua||gama neto|barreiro do amaral|33015620|12,-1974933,-4384670;17,-68,-64;28,84,143;35,1,8;48,-11,-3;76,-21,-4;80,48,-12;94,-73,26;122,-25,-4;220,-134,93;270,67,-10;370,-115,48;380,16,-5;390,2,-14;400,18,-2;412,11,7;450,26,-27;462,11,-10;470,13,7;484,14,-6;498,15,0;510,36,-2;521,53,-156;537,99,134;545,12,4;555,7,2;571,12,7;580,-124,-8;611,142,33;645,25,5;660,-58,-32;665,111,59;670,-91,-53;682,7,12;1120,449,147;1803,416,-230;1853,63,16;1993,37,25;1996,28,5;1997,25,5;1999,39,-1;2000,8,-3;2003,-82,-2;2041,187,-92;2051,-7,15;2065,29,-71;2109,5,-21;2139,18,-51;2241,3,-11;2244,48,-44;2246,-11,8;2250,19,-11;2254,-31,24;2256,6,-5;2260,39,-27;2267,-6,5;2268,24,-15;2276,6,-2;2277,25,-21;2280,-19,19;2283,15,-6
rua||gama neto|bom jesus|33015620|155,-1974323,-4384344;685,-407,-113;731,81,19;777,87,59;811,56,3;859,39,34;861,50,-10;1001,67,-9;1685,228,-187
rua||gama neto|kennedy|33015620|26,-1975423,-4384417;33,234,-17;93,-225,28;103,43,13;113,-20,-1;117,10,-1;121,9,-6;148,90,-4;152,18,-15;154,-1,-1;158,7,3;173,-69,12;205,7,0;215,21,3;225,9,-13;235,13,1;247,11,-7;259,10,6;265,81,-140;271,-68,142;283,13,0;295,9,-9;307,4,7;325,14,-29;333,11,6;337,137,-68;359,-119,55;371,6,-8;383,10,-5;407,63,-31;419,17,-3;431,9,1;443,6,-5;453,6,-5
rua||geraldo nazaro|morada do rio|33030682|12,-1978290,-4387073;14,20,-9;16,0,9;20,14,4;22,-6,5;79,-25,-39;91,-11,-10;97,-9,-11;109,-6,-9;113,-4,-6;119,0,3;137,-7,-9;139,-2,-7;143,-5,-3;167,-34,-8;170,30,-15;171,11,17;180,-10,2
rua||irmaos neves|conjunto cristina|33110550|132,-1978133,-4392277;134,13,-14;144,-26,0;154,-12,0;156,-4,-16;158,-13,-6;160,7,8;162,-16,-19;174,-5,-8;186,-3,-9;198,-6,-19;210,-6,5;222,-3,-19;234,-11,-10;246,-28,-85;258,8,1;270,8,55;298,-3,-37
rua||joao hilario do nascimento|nova conquista|33145280|15,-1977041,-4392794
rua||joao hilario do nascimento|nova conquista|33146070|10,-1977043,-4392791;20,9,12;30,6,9;40,1,1;46,6,-2;50,4,7;60,9,-3;70,6,3;80,11,-5;90,9,3;100,15,-15;110,11,-2;120,2,13;130,14,-7;140,8,5;150,8,-4;160,10,-7;161,-37,11;163,17,-6;165,16,-2;170,14,6;180,6,-7;190,8,3;200,10,-2;210,9,-3;220,5,-7
rua||jose candido nascimento|cristina|33105180|43,-1978397,-4392915;44,-1,12;55,8,-14;60,8,3;67,9,-6;72,-8,6;79,15,-4;84,-2,5;91,14,-14;96,-7,12
rua||jose nascimento|sao benedito|33125130|20,-1979056,-4393345;37,-2,-2;38,3,-21;41,-3,3;48,2,-13;60,-2,-13;72,-9,-16;90,7,-13;98,0,-7;128,-10,-20;140,5,-20;141,-8,4;161,-5,-23;164,12,2;185,-14,-27;188,7,250;197,-2,-262;198,4,2;205,-2,-19;210,-1,16;220,3,-16;223,-25,23;227,10,-6;233,7,-31;237,17,143;240,-17,-144;242,4,7;245,-10,-13;247,18,94;249,-1,39;250,10,-26;254,-17,-115;261,7,137;262,-8,-142;268,14,0;273,-10,120;274,-2,-98;275,-10,-26;277,8,79;286,1,-99;289,-12,5;297,12,125;298,-7,-140;301,-6,6;303,-3,-2;307,0,-12;312,7,-2;315,-3,7;316,1,-16;323,-12,-6;330,12,-3;335,-24,-3;371,33,-65;372,-2,21;380,48,-154;384,-40,138;391,-3,-15;396,-48,-5;397,52,-11;408,7,5;415,0,-15;420,-4,0;423,-7,-12;436,12,10;439,4,-18;442,8,6;448,3,-8;449,-16,-14;459,13,-5;460,1,-1;472,9,-7;485,-2,-16;488,2,12;512,11,-30;535,-1,-8;588,23,-52;600,9,-17;618,1,-9;620,-8,-1;630,17,-2;642,1,-22;654,0,-11;664,6,-9;676,3,-13;694,1,-3;706,2,-10;726,6,-22;738,3,-18;807,11,-24
rua||leonor baeta neves|conjunto palmital|33140050|12,-1977269,-4393536;15,3,-13;47,7,27;69,9,3;70,25,19
rua||leonor baeta neves|palmital|33140050|34,-1977183,-4393443;44,-19,-28;48,60,62;50,-8,-13;76,-47,-39;80,-31,-61;81,2,17;168,21,30
rua||luiz novy|colorado|33015420|202,-1975613,-4383815;220,-14,3;240,-6,1
rua||manoel de nobrega|londrina|33115530|13,-1980024,-4392199;33,-8,7;50,-83,-23;52,53,-44;54,-263,-252;56,208,352;58,33,-25;60,9,27;62,28,-20;64,10,-19;65,2,18;66,-35,-29;68,-11,-1;79,50,47;87,-9,26;88,-4,31;100,4,-29;101,-4,9;109,-2,17;114,6,-13;130,-8,21;165,-2,37;175,-3,10;178,-3,10;192,-6,14;193,10,-9;206,-12,18;207,7,-1;235,-5,22;249,0,19;252,-8,-10;262,-3,15;727,19,-91
rua||manoel messias neri|novo centro|33031155|11,-1977619,-4388300;23,7,6;55,29,21;165,72,43;193,26,12;195,-3,6;206,11,6;208,3,0;220,-6,1;315,-158,-107;447,291,170;449,1,0;451,4,-7;453,-2,-4;455,6,0;471,4,-2;481,3,-13;567,-29,-12;573,5,-5;579,-2,-4;585,7,-2;591,5,-2;601,-17,10;605,-7,-3;607,-6,8;631,-27,6;633,-3,-1;643,-2,-8;655,-21,-1;667,0,1
rua||maria luiza novaes|centro|33010410|21,-1976417,-4385548;31,10,-6;32,1,19;45,7,-23;48,8,4;59,-2,-6;70,21,-4;73,-8,-4;83,11,-5;86,7,4;95,3,-7;100,9,9;109,4,-13;115,5,-10;118,0,13;123,9,-14;130,3,8;135,5,-5;142,-1,9;145,0,-24;154,14,14;157,4,-12;171,12,-8;172,5,10;173,16,-14;212,14,-5
rua||natal|padre miguel|33082235|39,-1981179,-4389214;43,10,7;47,6,6;48,-1,-6;50,-4,-3;54,9,24;56,-2,3;57,-3,-13;60,9,16;63,-1,-4;64,3,19;69,1,-12;75,4,5;87,11,8
rua||natal|sao benedito|33120560|20,-1979295,-4393395;27,-11,9;28,14,-11;31,3,8;34,6,-7;37,6,14;38,34,-15;49,-21,-1;73,21,-2;87,13,3;96,2,3;103,6,-3;108,16,-9;117,-3,-1
rua||nicaragua|industrial americano|33020290|10,-1975910,-4383505;11,-4,8;13,-17,5;14,5,-6;15,-19,7;16,-70,5;18,-6,-3;23,61,3;24,30,-1;33,-33,2;43,-27,2;46,34,-28;52,-18,20;82,-18,12;83,-7,-3;90,0,-9;95,-3,8;120,-24,-8;168,-47,-16;215,-11,2
rua||nigeria|baronesa|33115260|22,-1979457,-4390729;30,-3,-5;42,-8,-11;54,-7,-8;66,-7,-5;78,-12,-9;90,-7,-7;100,-27,-150;126,13,134;240,19,-65
rua||nigeria|sao benedito|33115260|450,-1979579,-4394569;456,4,5;460,7,12;466,-11,-2;480,14,4;490,12,14
rua||noruega|baronesa|33115050|22,-1979146,-4390807;30,4,3;37,18,6;38,-11,1;40,4,8;41,-7,-23;47,3,9;52,5,14;650,4,5
rua||nova|baronesa|33115365|2,-1979888,-4391140;4,-39,32;5,44,-33;7,9,2;8,-23,12;13,4,0;14,-13,12;17,10,-11;18,-14,25;21,-3,-4;23,-2,2;28,-3,3;29,-23,19;30,14,-6;33,-3,1;34,-29,-2;36,20,3;41,-28,26;48,11,-14;49,-14,12;51,-8,17;54,4,-21;63,-11,17;66,-4,10;68,-21,12;69,18,-1;70,-26,1;71,21,0;72,-25,3;75,13,-4;76,-31,15;77,-5,-2;80,-6,12;81,-5,4;82,-2,4;83,-16,20;85,22,-25;88,-12,13;90,-14,9;93,-40,15;94,46,-17;95,-22,14;96,4,-1;97,5,-3;99,-3,3;100,-18,5;101,-24,0;103,-8,5;110,7,-8;115,-21,4;130,-15,-9;135,1,2;1223,30,-53;1229,-9,1;1239,-21,-2;1241,6,4
rua||nove|belo vale|33113090|13,-1977585,-4391621;22,-5,-8;25,-5,-4;32,6,1;37,-4,-4;38,7,-6;52,-17,-2;57,5,3;58,-8,-9;61,10,8;62,-4,-19;65,-10,16;67,-4,-7;68,3,-3;72,-9,-2;73,1,-7;81,-7,4;82,5,-5;87,-9,2;88,9,-5;91,-11,-1;96,1,-4;99,-5,-3;102,-3,9;105,-3,-18;106,1,7;111,-6,-9;112,3,10;117,-7,-8;122,6,5;123,-10,-5;129,-5,-8;132,-1,9;135,-3,0;136,12,-4;140,-15,-6;141,-2,2;147,-5,-3;150,0,4;152,-6,-3;158,-12,2
rua||nove|belo vale|33147070|12,-1976942,-4392455;20,5,-3;30,9,11;40,8,11;50,7,0;60,0,2;70,8,9;98,23,11;108,13,-2;120,9,-5;130,9,2;131,5,-8;141,8,1;158,12,1;172,15,-2;214,-2,-27
rua||nz|frimisa|33045680|22,-1975665,-4388368;28,3,1;40,9,9;52,-1,10;64,-1,16
rua||n|frimisa|33045330|21,-1976053,-4388436;25,1,4;33,10,8;44,0,10;45,4,2;46,0,3;56,1,2;57,5,-2;68,6,19;69,3,-6;80,1,8;81,5,1;92,1,11;93,3,-4;104,3,11;105,9,-2;116,-5,9;117,10,3;129,4,4;140,-2,20;141,15,-16
rua||n|kennedy|33015480|35,-1975420,-4384306;43,-5,-1;55,12,13;61,0,2;73,15,5;91,10,5;93,7,9;103,8,11;123,6,1;143,22,15;159,16,10;173,3,10;189,17,9;203,8,10;215,7,7;227,10,2;239,10,5;315,48,41
rua||n|liberdade|33170892|32,-1978894,-4389779;54,-3,18;64,-4,8;76,1,10;88,-15,23;110,-5,2;116,-6,2
rua||n|petropolis 1|33065312|27,-1976706,-4383159;65,-94,25;77,4,-4;87,12,-3;107,12,-3;117,8,-9;121,4,1;127,3,9;129,7,-5;137,9,-2;167,22,-7
rua||n|petropolis 2|33065000|31,-1976840,-4383118;32,-21,-3;42,36,-4;50,25,-3;52,-21,-3;62,7,3;82,16,0;92,16,-7;102,3,-3;112,26,-5;122,-10,7;146,23,-6;148,3,-1;150,4,0;156,4,-3;160,12,-2;162,-33,8;172,35,-10;662,-126,26
rua||n|petropolis|33065000|315,-1976626,-4383167
rua||pedro dos santos nogueira|novo centro|33031130|34,-1977717,-4388419;56,-8,-79;156,1,-37;166,-4,53
rua||quinze de novembro|adeodato|33015035|12,-1976406,-4384833;22,-10,11;29,-4,15;30,-8,-3;56,-14,42;144,-29,80;154,-5,18;164,-7,25
rua||quinze de novembro|esplanada|33015035|8,-1976527,-4384447;20,-3,12;36,-2,14;47,-3,2;214,34,-191;246,-8,32;258,0,0;270,-2,25;296,-1,26;314,-4,6;316,-5,27
rua||quinze de novembro|esplanada|33015090|76,-1976531,-4384384;110,-16,16;130,-7,18;148,-6,32;155,6,-17;166,-18,21;172,4,14;175,86,-346;177,-81,349;182,-6,5;200,-8,18;212,3,11;217,79,-342;224,-94,357;233,11,-6;236,-11,14;249,5,5;254,-11,-5;272,-2,16;284,-1,5;285,11,9;286,-12,1;327,83,-274;355,-1,-3;365,-98,336;369,96,-322;374,-104,330;376,-3,20
rua||raimundo nogueira|bela vista|33010570|13,-1976044,-4385205;31,-5,2;40,29,-23;45,-16,0;51,19,-3;55,-5,-9;61,7,3;64,0,5;69,9,-9;75,6,-1;105,29,-41;113,-4,0;114,-7,18;126,8,-16;134,10,-11;146,12,-1;155,-2,-32;156,42,5
rua||rio grande do norte|bonanza|33065022|7,-1977141,-4381974;16,-299,-387;88,1,3;105,299,308;130,-292,-278;189,11,49;190,12,21;210,11,14;266,1,2;281,7,1;316,33,16;322,43,39;331,-39,-44;340,16,13;380,-1,70;420,71,-38;490,1,74;520,-3,-76;685,128,154;705,-186,-196;720,161,253;797,52,19;800,19,27;814,7,24
rua||rio negro|comunidade de sao sebastiao de maquine|33060240|530,-1981732,-4382702;540,44,-22;550,-37,29;560,43,-15;568,4,-5;570,5,-2;571,9,-9;575,22,-2;580,-9,4
rua||rio negro|santa matilde|33025510|213,-1978893,-4384324;225,-10,13;247,-4,18;301,164,-192;317,-13,-3;325,16,29;329,-16,-14;339,-11,-10;349,-7,8;359,-12,3;369,-13,19
rua||sol nascente|centro|33010394|15,-1976342,-4385682;20,2,-7;253,1,12
rua||tancredo neves|sao cosme|33141155|103,-1977525,-4394063;146,151,6;150,12,11;158,7,-5;166,-4,-5;182,10,-5;192,-27,9;213,18,-19
rua||telma monteiro nobrega|frimisa|33045290|14,-1976080,-4388234;15,3,-1;26,11,15;27,-1,0;38,6,8;39,-5,-5;50,15,15;51,-1,1;62,4,8;63,2,-2
rua||vila nova|palmital|33020272|10,-1977515,-4393983;12,-15,10;13,26,-38;15,-20,36;20,29,-13;25,-4,2;35,-9,0;40,42,-4;45,-32,-8;47,7,10;50,76,23;55,-62,-31;60,20,6;65,-12,1;70,27,5;75,-18,-9;87,11,-1;95,5,2;105,16,15
rua||vila nova|palmital|33141023|2,-1977517,-4393951;16,-108,-156;20,23,9;29,1,1;33,12,1;1335,56,133;1367,-7,-23
rua||vinte e nove|belo vale|33113172|70,-1978223,-4391184;82,-9,13;94,-2,15;100,2,1;108,1,7;110,-5,3
