alameda||serra verde|serra morena|33060112|25,-1982768,-4380549;29,61,-111
avenida||amalia caldas vargas|conjunto palmital|33140820|18,-1977677,-4393315;20,-10,8;23,26,-35;47,19,-4;57,9,2;70,16,18;83,5,-24;93,8,14;104,150,-10;116,-152,10;117,26,-15;118,16,27;120,-10,-4;124,2,3;127,3,-15;269,118,7;272,17,4;279,-3,-29;301,0,3;313,30,-13;323,7,21;357,29,4;367,-2,-17;401,23,17;403,-4,14;411,8,-2;417,10,5;445,20,-28;455,-1,8;489,26,14;499,11,-12;507,4,19
avenida||amalia caldas vargas|palmital|33140820|12,-1977228,-4393331;25,-289,11;100,9,11;120,-4,-10;125,9,0;130,10,-5;132,-37,10;135,42,-1;139,-53,-16;140,1,9;142,0,-1;143,8,-1;234,20,5;235,-8,-5;245,5,-19;255,14,13;257,10,4;258,19,0;259,-3,5;264,8,-5;268,19,1;310,19,0;320,15,-1;350,26,1;374,17,-5;402,30,2;404,22,-2;490,23,-3;512,18,-5;514,23,14;516,7,-7;520,6,6;525,-16,-9;531,33,-14;541,-1,-4;573,34,26;583,9,-24;639,21,34;649,18,-7;673,2,20;683,20,9;698,-29,1;700,11,37;705,14,-11;706,6,20;715,12,-17;725,16,-1;773,24,48;778,-10,15;783,18,-32;784,-3,28;794,1,9;804,23,-14;814,-1,7;824,3,-25
avenida||itamar soares viana|novo centro|33031260|50,-1977603,-4388917;309,159,271;345,-14,-27;369,-9,-23;381,-7,-6;411,-27,-56;591,-67,-111;661,-45,-59
avenida||vii|frimisa|33045760|7,-1975600,-4388528;11,-43,51;12,-5,24;101,-75,160;125,8,-13;126,7,-2;157,-21,29;167,31,-78;168,9,-2;179,2,-9;180,0,-7;191,1,-8;250,25,-47;260,4,-1;272,0,-15;284,13,-15;329,18,-43;336,13,-21;375,6,-20;385,-3,-7;395,2,2;405,21,-10;408,13,9;412,-16,-9;415,21,-4;424,5,6;427,4,-9;436,8,3;439,1,-6;448,11,4;451,4,-13;460,6,9;468,4,-2;472,3,2;475,5,-12;487,12,0;491,-2,-3;499,6,-10;511,19,7;523,9,-1;535,12,4;545,2,-9
avenida||vitoria|baronesa|33115014|3,-1980203,-4390679;5,-11,-4;8,-26,13;12,-14,4;14,-5,3;15,6,3;18,-32,5;19,15,2;22,-12,-4
avenida||vi|frimisa|33045470|15,-1975988,-4388019;27,9,-8;36,11,1;41,201,-115;42,-84,56;51,-99,45;52,-1,2;64,5,1;76,7,-9;81,10,-3;88,4,-5;93,22,-12;100,-11,13;112,8,-7;117,10,-3;124,-1,-4;129,14,-14;136,-6,11;146,12,-6;170,14,-6;182,19,-12;196,8,-1;210,15,-12;213,-6,8;222,10,-11;234,7,-1;246,9,-10;256,13,-10;257,-1,2;268,11,5;300,35,-20;310,4,-1;389,57,-15;401,7,20;413,26,-22;434,14,0;437,1,-2;446,5,2;449,24,7;458,-7,-9;461,2,-4;470,1,1;482,21,-1;485,7,-7;492,-2,1;504,6,0;509,6,-2;516,14,8;517,4,-12;525,12,0;528,-9,11;539,23,-13;544,-13,13;557,13,-13;564,8,8;581,17,-8;587,1,-3;621,38,-1;635,19,-1;655,19,-5;660,2,6;683,6,-7;695,16,-4;704,12,4;716,10,0;723,3,-7;730,7,5
avenida||v|frimisa|33045400|9,-1976242,-4388291;11,10,-13;16,589,-87;81,-573,70;89,-7,8;101,13,-14;119,7,-6;131,12,-10;143,4,-3;155,13,-12;167,4,-2;179,11,-9;191,4,-7;203,3,2;215,11,-8;227,4,-6;247,5,-7;257,16,-16;269,6,-10;285,17,-8;297,14,-12;299,13,-9;457,146,-30;481,17,-1;493,8,3;505,10,5;517,11,4
avenida||v|frimisa|33045480|13,-1975526,-4388351;15,-221,-73;18,-494,148;30,8,-10;203,543,-118;280,-385,-29;300,7,-9;510,183,-28;543,27,2;555,10,5;567,13,5;579,11,4;591,10,3;592,25,16;603,-13,-12;615,6,3;627,14,4;639,7,2;651,10,3;663,17,3;664,-7,3;675,13,0;699,23,5;711,3,0;720,17,16;723,3,-10;735,9,6;747,10,6;771,20,3;783,15,3;795,11,-3;801,23,21;804,-29,4;807,15,-14;816,1,8;819,5,-1;828,8,5;831,7,-5;840,1,10;843,6,-10;852,6,12;865,15,1;876,5,8;877,6,-8;883,4,0;888,1,8;889,4,-9;900,3,13;913,14,-4;925,15,-3;935,8,8;948,33,24
beco|sao|vicente|baronesa|33115024|3,-1980107,-4390889;9,-26,-24;15,30,-25;18,-9,46;23,16,-44;27,-14,55;31,8,12;33,-9,1;34,-4,-41;35,6,18;39,4,37;41,0,-22;46,-8,-28;50,-3,13;56,-32,29;58,-3,-8;60,6,-11;62,3,-5;70,-8,-7;92,26,-34;94,24,-4;95,-8,-24;99,7,10;105,-1,-18
beco|sao|vicente|sao benedito|33125080|4,-1979207,-4394413;11,18,2;15,-1,0;19,-14,-3;22,9,6;32,4,7;575,-23,1
beco||boa vista|alto sao cosme|33010470|15,-1976984,-4394337;17,-11,9;18,22,-10;19,-7,4;20,7,-6;21,-15,8;24,187,270;26,-193,-271;98,20,120
beco||rio verde|santa matilde|33025492|31,-1978677,-4384369;42,21,30;44,-2,-23;49,-8,6;95,-19,-8;98,11,4;102,-25,-41;105,-3,0;115,-2,-8;125,-2,-1;127,-17,-51;130,7,42;135,4,-1;150,-2,4;155,-8,-6;165,-4,-45;175,9,22;176,-4,16;180,2,-4;211,65,63;409,-65,-63
beco||valter|baronesa|33115027|9,-1980034,-4390931;12,26,10;13,10,18;14,-18,-23;19,3,8
estrada||casa velha|andrequice|33000001|44,-1965465,-4377243
praca||getulio vargas|sao joao batista|33030020|10,-1976977,-4387138;14,0,-1;18,-5,-4;22,-9,-5;30,-14,2;33,20,8;43,-22,8;48,-3,-19;55,-1,19;60,-8,-27;61,-5,11;70,-2,-12
rua|desembargador|pedro viana|esplanada|33015070|13,-1976537,-4384342;22,-4,10;51,11,1;56,7,20;59,-6,-13;62,13,32;64,-16,-32;65,13,10;74,9,27;77,-2,-21;88,3,20;89,3,-3;100,1,25;101,3,-20;160,31,62;161,5,1;172,1,5;175,7,0;196,7,21;197,2,-6;209,5,6;220,8,20;221,-8,-11;233,11,7;234,1,12;240,3,2;246,1,5;252,0,6;259,3,-12;297,32,52;298,3,5;309,-2,-4;310,-3,-7;321,13,27;322,-1,0;333,11,12;334,17,23;345,-11,-11;346,8,0;358,5,10;370,-8,3;375,27,-91;396,-21,101
rua|dom|joao vi|pousada del rey|33170190|3,-1978656,-4390540;6,-111,-100;20,34,38;21,21,19;23,45,37;61,-385,-166;135,108,0;200,82,12;214,144,105;285,-117,-130;335,21,18;385,76,-19
rua|doutor|joao ribeiro viana|asteca|33120140|3,-1979018,-4392429;5,-13,-4;7,0,-6;19,-2,1;34,-4,-13;35,-2,11;36,-3,-18;45,-10,9;48,8,-5;59,-15,-4;60,10,-7;73,-20,-7;74,8,4;85,-16,-4;86,4,-10;95,-4,7;98,-8,-13;101,-9,2;102,64,52;104,-59,-60;105,-13,-1;120,8,-3;129,-12,-3;130,6,-14;140,-18,-3;141,-9,-2
rua|doutor|joao ribeiro viana|sao benedito|33120140|182,-1979143,-4392537;200,-10,-7;212,-2,-8;220,-23,-13;246,-14,-10;351,-161,-114;363,17,12;371,10,9;383,5,6;395,9,5;397,6,11;425,13,4;431,6,6;441,9,12;451,-76,-74;453,83,79;469,6,11;475,10,1;481,6,1;487,8,8;499,0,7;509,8,3;511,9,6;515,14,4;519,-2,0
rua|doutor|jose nunes valerio|palmital|33145530|12,-1977387,-4393255;17,-11,-54;18,16,37;25,-21,-31;26,13,15;31,-7,59;32,11,-53;39,-8,-2;40,-7,1;45,5,5;46,-4,1;53,2,7;54,1,3;59,-1,-1;60,-4,5;64,1,9;67,5,0;68,-5,0;71,7,4;72,-4,-1;75,8,2;76,2,16;77,-11,-14;79,12,2;80,-8,5;85,2,4;86,-3,2;91,0,4;93,-7,22;94,4,-17;99,5,7;100,-5,-3;107,-3,11;108,-1,-5;113,7,11;114,-4,-2;137,7,11;138,-10,4;143,9,-3;144,-9,10;151,10,7;152,-11,-1;157,14,2;158,-10,6;163,6,14;164,-3,-9;169,0,11;170,-3,0;177,5,1;178,-4,1;183,3,10;184,-1,-16;191,2,23;192,-2,5;197,0,10;198,4,-5;205,-3,0;206,-8,6;211,7,5;212,-6,-6;219,10,10;220,-4,4;225,4,7;226,-3,-1;233,1,18;234,-6,-11;240,3,7;247,6,4;248,-7,3;253,17,11
rua|governador|benedito valadares|granja santa ines|33170040|13,-1978888,-4391238;20,3,1;37,159,-42;90,-15,-13;140,-81,43;180,17,-7;219,-82,17
rua|presidente|getulio vargas|boa esperanca|33035320|115,-1976340,-4386857;127,1,7;141,1,10;164,-12,17;169,15,-9;176,-11,-13;209,31,72;211,35,97;221,-30,-80;225,31,88;234,-46,-109;250,6,24;259,17,11;315,55,161;342,-36,-72;354,1,-5;371,9,28;423,29,66;426,-24,-46;434,-32,23;446,39,6;449,11,-11;450,-70,-153;470,69,180;473,20,34;521,6,25;522,-9,1;530,-22,-101;535,35,109;536,-5,6;549,8,14;554,39,118;608,-25,-61;629,9,3;686,16,59;704,2,29;705,6,-14;744,126,-323;774,27,2;792,-29,0
rua|presidente|vargas|padre miguel|33082062|10,-1981578,-4388774;26,40,-13;36,-14,1;42,11,3;43,-26,3;45,32,-3;46,-25,2;47,-10,4;56,10,-9;66,-13,8;75,-14,3;76,7,0;86,-7,5;96,-3,1;106,-12,-1
rua|professor|aureliano nestor veado|nossa senhora das gracas|33030150|394,-1977380,-4387437;402,-12,7;403,4,6;414,-12,0;415,-3,11;427,-2,6;430,-5,-2;439,-10,9;442,3,-8;451,-10,13;452,-7,-4;462,0,3;463,-6,11;474,-12,-3;475,8,4;485,-7,5;486,-7,0;501,-7,9;504,-5,-2;508,-4,7;521,-6,8;522,-10,2;557,-9,16
rua|sargento|carlos roberto vieira|novo centro|33031160|16,-1977517,-4388361;18,-4,-1;30,-232,50;50,-7,-18;164,247,-30;166,-1,0;168,-4,-4;170,-5,0;172,-5,1;309,-120,-13;311,-6,-1;316,-5,-9;326,-6,-2;354,-26,-5
rua|vice rei|de vasconcelos|pousada del rey|33170160|50,-1978313,-4390050;54,-38,-1;86,-50,26;90,-9,11;94,-60,17;95,20,-7
rua|vice|rei vasconcelos|liberdade|33170160|54,-1978347,-4390047;86,-51,26;90,-13,10;94,-59,19;95,15,-4
rua||alice soares viana|conjunto cristina|33110230|15,-1978273,-4391720;18,-8,0;29,19,-2;30,-2,16;36,9,6;41,-2,-6;42,-6,4;47,3,-7;53,8,2;54,7,15;65,1,-6;66,7,6;77,4,0;78,4,14;89,-4,-8;90,16,14;101,6,-6;102,1,10;113,18,-10;114,-7,19;126,4,4;137,16,-3
rua||arco verde|rio das velhas|33030410|7,-1977714,-4386675;18,-4,1;19,34,1;22,-44,9;24,-19,-15;43,4,27;44,5,-3;66,-23,17;68,6,-5;73,-14,12;75,23,-10;371,61,-30;373,15,-8;379,15,-7
rua||assis valente|londrina|33115620|27,-1979585,-4391993;34,3,4;40,3,0;43,16,-2;53,5,4;63,14,-2;64,-21,3;73,25,6;74,-3,6;87,4,1;99,13,7;110,7,11;111,5,-2;122,3,5;123,5,2;130,-33,-18;132,15,12;134,29,21;139,1,3;146,6,-3;158,4,3;170,-10,18;171,20,-5;182,17,6;187,-7,-1;194,11,16;201,7,-5;206,-4,8;213,12,-5
rua||aureliano nestor veado|nossa senhora das gracas|33030150|15,-1977259,-4387596;21,61,-139;22,4,-9;34,-14,11;35,1,12;45,-5,4;55,1,6;69,-11,20;80,-6,3;81,0,4;90,-5,6;91,1,6;103,-3,5;104,1,-3;118,-11,11;123,5,4;127,-1,7;130,-5,-5;133,0,8;140,-15,16;141,10,-3;152,-7,-4;155,7,11;164,-13,10;165,11,1;177,-10,11;178,-10,-1;253,-17,52;265,-2,16;273,-10,15;274,-8,0;287,4,12;299,-10,12;311,-6,8;312,-5,-5;324,-1,17;325,-1,0;339,4,-9;340,-13,16;362,-21,20
rua||bela vista|barreiro do amaral|33015630|7,-1971525,-4384383;11,8,-8;19,8,-10;25,5,-8;29,2,-1;85,253,327;95,4,-68
rua||bela vista|bonanza|33015002|1,-1976596,-4383643;11,27,-58;46,-16,43
rua||bela vista|bonanza|33060605|3,-1976570,-4383695;4,7,-17;5,-10,27
rua||bela vista|casa branca|33020110|151,-1971457,-4380266
rua||bela vista|corrego frio|33020110|5,-1979025,-4386284;6,123,-104;9,-16,-127;10,172,-290;18,-133,331;25,-52,-9;30,-130,112;33,3,-4;35,-17,-58;36,-4,-18;37,156,-63;44,100,-124;45,-85,91;76,143,-296;80,-70,179;82,38,8;86,31,-23;88,6,-4;92,33,-51;93,-131,-81;97,-15,28;108,-27,58;109,-135,138;117,-4,3;145,180,74;160,-24,-61;180,-2,4;215,-59,130;310,176,-199;311,-301,78;345,132,-106;360,142,7;475,-284,207;500,-18,-85;605,154,193;609,-1,-32;611,2,-1;920,162,-506;1083,-309,380;1380,327,-350;1394,-12,-23
rua||bela vista|pinhoes|33055000|45,-1971990,-4380567;95,340,95;107,-337,-52;155,37,-8;177,23,-45;179,-14,74;271,271,21;278,-15,62;319,63,-22;337,16,35;347,-3,-14;373,-13,-17;407,-14,-18;460,-18,-26;568,-88,-26;572,-3,-4;575,-13,18;586,-7,-8;600,-31,-15;601,1,10;620,10,-24;631,-16,19;644,-29,-23;665,-12,3;668,-2,-8;675,162,62;676,-178,-72;680,191,72;681,-194,-66;683,-6,-4;685,-13,-8;690,7,0;716,-10,-4;730,-14,-12;737,-19,12;770,-21,-34;772,-39,79
rua||bela vista|pinhoes|33055204|150,-1971636,-4380605;224,-6,-53
rua||bem te vis|maria adelia|33016030|22,-1975536,-4385499;32,-13,-1;42,-11,8;52,-2,-2;72,-24,5;82,-6,4;92,-9,-1;102,-9,3;112,-13,2;122,-4,2;132,-13,-1;142,-12,-15;152,-4,20;162,-2,0;172,-16,9;173,7,-4;182,-9,-4;208,-26,8;218,-4,-2;248,-31,7;268,-18,2;278,-10,2;285,60,-5;288,-64,3;298,-10,2;300,57,-11;308,-77,18;312,68,-12;318,-61,7;328,-14,3;336,59,-8;359,-79,16
rua||boa vista|bela vista|33010470|315,-1976166,-4385184;480,-222,-135;490,10,3;510,15,4;520,6,-5;530,13,8;550,13,-1;580,22,6;592,2,8;664,28,14;671,217,326;676,-198,-318;685,221,343;695,1,1;710,-192,-323;718,6,10;730,12,21;744,3,-3;753,10,14;764,-4,-3;784,8,13;798,10,16;799,-3,-19;825,5,23;830,4,7;837,8,-1;961,34,17;1000,3,55;1001,-10,-22;1031,0,-5;1051,17,19;1071,7,13;1090,12,49;1091,-7,-42;1099,0,4;1100,18,48;1107,-16,-47;1125,21,-6;1127,-16,17;1130,15,64;1137,-21,-48;1140,28,50;1147,-26,-50;1186,42,72;1203,10,-50;1211,-14,32;1223,8,19;1235,2,5;1263,0,0;1273,8,56;1275,29,-39;1279,-21,-11;1283,-17,-10
rua||boa vista|camelos|33010470|30,-1976304,-4385312;98,-316,-186;101,30,28;108,-16,-14;122,14,9;150,24,11;162,5,10;165,3,-6;174,5,12;188,12,4;189,-2,-4;197,3,7;200,8,20;243,10,18;251,1,6;259,5,5;262,-24,-4;267,28,14;272,-19,-11;279,29,22;282,-23,-12;286,7,6;290,15,9;291,11,-1;295,9,9;300,-19,-5;310,16,7;320,38,15;330,1,9;365,-53,-33;391,55,14;403,19,12;420,-120,-61;435,145,81;438,-2,11;445,14,-6;467,11,-4;473,17,-1;647,96,41;657,1,2;689,31,16;701,2,6;713,15,9;733,10,8
rua||boa vista|centro|33010470|84,-1976667,-4385537
rua||boa vista|padre miguel|33082180|16,-1981166,-4389260;19,-1,-3;25,-10,-26;26,0,27;27,-3,-29;29,7,20;36,-5,-6;39,4,-1;46,-3,0;50,-10,-39;52,6,13;56,2,14;76,-3,-16;79,-3,-16;89,-2,-2;91,-4,-1;101,-8,-6
rua||daniel viana|barro preto|33000001|63,-1969595,-4377844
rua||daniel viana|mato virgem|33030000|1,-1969521,-4377777;4,-14,48;5,-176,-96;7,151,129;8,-229,-37;9,5,-30;10,-19,30;11,195,81;13,-38,28;15,15,-10;16,11,-4;18,-29,23;19,-51,19;22,-6,1;63,57,-216;316,-73,222
rua||das violetas|imperial|33065240|11,-1976500,-4382485;21,8,5;31,6,-1;34,6,5;41,9,-10;44,-3,4;51,14,-7;54,-1,7;61,2,-15;74,11,7;91,7,-33;102,2,18;111,17,-21;112,6,14;121,4,-24;122,-2,13;125,-9,1;129,-74,45;132,85,-56;141,16,-15;142,-11,16;154,11,-14;166,12,2;175,9,-7;176,-3,4;185,16,-5;186,-6,5;196,15,-4;206,8,-1;215,17,-7;216,-13,3;225,26,-4;226,-4,5;235,3,1;236,-3,5;245,8,-7;246,-1,1;256,11,3;265,15,-3;275,10,1;283,7,13;285,3,-19;316,-11,50;326,-16,0;336,-26,14;346,-2,-12;349,-5,8;356,9,-3;365,-33,-1;385,-9,9;406,6,-3;412,-28,9;415,5,-2;416,-3,-7;425,-33,13;426,28,-9;463,-41,10
rua||davis dany viana|centro|33010970|8,-1976792,-4385182;32,-20,30;35,-5,7;44,9,-10;45,-3,-1;46,59,-56;56,-63,48;81,21,-27;91,2,-7;103,6,0;117,14,-29
rua||divina manoela boa ventura|bela vista|33010690|185,-1975788,-4385675
rua||domingos vidal|pantanal|33050100|1,-1974522,-4387681;40,-104,-49;56,16,18
rua||dos bem te vis|maria adelia|33016030|65,-1975574,-4385484;67,-122,22;85,107,-22;97,-14,4;107,-4,2;121,-12,0;131,-5,-2;141,-17,7;145,-96,17;157,91,-18;161,-8,3;173,-14,2;181,-11,0;193,-7,2;195,-4,-10;232,-164,38;255,118,-16;267,-18,1;279,39,-6;283,-49,7;285,60,-7;287,-62,6;289,44,-5;307,-66,8;313,11,0;317,-15,3;337,-11,8;347,-8,-6;357,-7,2;359,-14,4;367,-7,5;379,-13,1
rua||erico verissimo|baronesa|33115390|317,-1979457,-4391417
rua||erico verissimo|londrina|33115390|5,-1979522,-4391710;15,11,9;25,20,60;34,-16,-47;35,7,6;40,-6,9;45,33,33;46,-30,-19;50,9,8;60,-4,16;70,12,11;80,-2,12;88,1,12;90,5,9;102,-9,10;116,3,10;128,5,29;140,-7,-9;143,29,-60;152,-19,80;166,-15,21;214,30,77;224,-9,-45;234,2,12;246,-1,-1;252,5,23;260,2,5;266,1,3;272,0,5;284,13,17;296,-7,8;308,3,12;318,4,12;332,0,14;344,3,11;362,-2,8;372,3,21
rua||felinto santos vieira|cristina|33145100|11,-1977829,-4392856;12,-9,4;23,4,13;24,-4,-10;35,8,14;36,-5,-1;47,7,13;48,-10,8;59,16,4;60,-15,0;71,2,19;72,-2,-4;83,1,10;84,0,3;95,-4,5;96,2,6;107,3,9;108,112,-93;119,-115,101;120,-9,7;131,11,8;132,-5,-6;143,4,13;144,-17,10
rua||gaspar viana|nossa senhora das gracas|33040070|27,-1978067,-4387651;36,5,-7;39,-14,-16;46,15,7;56,-12,-7;70,1,-18;73,-8,-4;82,0,3;83,-5,-17;93,-5,-9;96,4,10;106,-2,-4;114,-4,-22;115,-6,-5
rua||gaspar viana|novo centro|33040070|169,-1978105,-4387777;174,2,-9;179,-3,-5;184,-5,-3;185,2,7;194,-5,-35;195,7,21;203,-8,-15;205,-3,2;215,-7,-11;235,-8,-15;245,-1,-38;255,-2,-12;316,5,-10;317,-7,-17;805,24,102
rua||heitor soares viana|monte carlo|33172060|9,-1977657,-4389484;14,-9,11;39,-2,1;44,-4,0;49,-8,13;54,3,-2;64,-9,9;69,-3,4;74,-24,32;79,21,-20;98,-20,14;99,8,0;104,-15,4;114,-3,6;124,-7,6;131,6,9;134,-7,-2;144,-5,13;154,-1,10
rua||heitor viana|adeodato|33015200|15,-1976290,-4384512;29,16,-11;30,-10,18;37,15,-23;44,2,2;45,-2,-2;56,-7,13;86,36,-40;87,7,1;99,4,-8;113,10,-16;116,9,6;130,-2,-6
rua||helenita diniz viana|novo centro|33031016|185,-1977538,-4387850
rua||herval soares viana|conjunto cristina|33110250|15,-1978223,-4391794;27,15,11;28,0,4;39,4,-3;40,-3,3;51,13,5;52,6,0;64,2,5;76,12,15;88,4,-2;100,16,11;112,4,2;124,14,11;136,6,5;148,13,10;160,2,0;169,12,2;172,3,14;181,9,-9
rua||jose da silva vieira|kennedy|33015580|23,-1975081,-4384150;37,8,1;44,5,7;60,20,-2;65,-14,-5;67,24,4;72,4,0;84,2,1;103,3,-24;104,9,18;107,10,-9;108,3,24;118,4,-24;119,7,-8;130,1,1;131,2,-3;140,9,-2;143,-1,-20;155,16,7;158,11,1;165,-6,-5;167,-11,13;170,18,-14;190,8,-6;195,-4,1;200,15,-4;209,-2,-8;215,10,-5;218,0,5;228,11,0;230,6,-6;233,-3,-6;243,8,-4
rua||jose valeriano|belo vale|33113135|10,-1977996,-4391494;22,-5,8;36,14,-1;42,3,16;52,10,5;62,4,3;72,4,1;76,-6,20;86,10,-2;96,7,10;102,8,-3;106,1,3;112,4,10;126,0,12;136,13,2;146,11,14;152,-2,-2;158,-1,9
rua||lourdes mary viana|palmital|33145400|12,-1977345,-4392778;15,8,-10;20,-2,0;23,8,-11;28,-4,7;31,7,-7;36,5,6;39,6,-9;47,7,-14;52,-8,16;55,34,-73;60,-26,75;63,9,-12;68,0,1;71,12,4;76,-3,-5;79,6,0;84,-2,-4;85,106,-71;87,-98,64;92,1,1;95,5,-1;100,-5,9;102,107,-157;103,-96,153;105,93,-157;108,-89,149;109,0,6;112,105,-160;113,-18,-4;116,-86,167;117,20,-1;122,78,-173;123,-11,-3;125,-72,165;126,1,8;132,80,-178;133,-67,166;134,1,-5;135,58,-174;140,11,2;142,-70,176;143,3,-1;149,58,-179;150,-52,176;151,-10,3;152,67,-193;153,-10,5;158,-57,178;159,12,-4;166,5,3;167,5,-11;172,0,0;175,7,-4;180,25,18;188,-21,-11;191,3,0;196,16,-11;199,-19,2;241,30,-53;253,1,-15;260,3,-5;262,0,18;263,-15,-16;273,20,-20;283,-11,-7;293,0,-6
rua||manoel fonseca viana|monte carlo|33172190|97,-1977655,-4389259;135,-33,30;145,-6,7;165,-8,5;571,-5,16
rua||maria conceicao villa|conjunto cristina|33145620|28,-1977579,-4393014;40,26,-18;41,-4,-2;46,11,2;47,18,0;48,-16,-2;49,-37,-62;56,-19,20;57,66,31;58,20,6;59,-8,-12
rua||maria piedade vieira|idulipe|33025180|4,-1977454,-4384857;18,1,11;21,8,19;34,-22,-5;45,19,33;46,-6,-28;55,8,35;56,-14,-30;67,11,38;76,-7,-15;86,-2,12;98,2,3;110,1,17;120,-5,17;145,3,51;150,-9,-8;153,13,-11;161,-2,20;171,-1,8;172,-3,7;184,-5,5;185,10,0;187,-4,10;196,-4,11;199,4,-4;220,-6,5;230,-1,20;245,8,33;254,-12,-28;260,3,20;265,9,26;276,-7,-23;277,6,35;280,-9,-21;290,2,15;301,5,15;318,-9,-5;325,9,28;330,-8,-22;337,6,34;342,-8,-15;343,10,-9;351,-2,37;352,-10,12
rua||mata verde|nova conquista|33145000|25,-1976880,-4392634;36,-10,36;37,11,-33;48,-8,41;49,9,-28;60,-12,32;61,1,-25;72,-1,35;84,3,6;97,2,-22;108,-3,44;119,-2,-32;120,-4,39;121,9,-29;132,-13,35;133,8,-31;144,-7,40;145,3,-31;156,-3,39;157,3,-36;169,6,14;180,-16,34;192,6,6;193,-1,-18;200,-4,26;203,5,-15;702,4,-20
rua||nicolau pinto viana|maria adelia|33010680|10,-1975867,-4385519;16,-6,-8;21,5,-21;26,-3,20;40,6,-17;43,-2,-7;46,5,-1;50,2,-2;54,6,-3;56,-7,-3;60,3,-10;64,-12,1;74,-8,-20;81,5,0;82,20,6;95,-1,-17;103,3,-19;104,-21,31;109,24,-29;116,-18,22;119,-26,44;128,16,-40;131,24,-41;138,3,-12;141,1,-3;147,1,-3;150,-15,8;470,-2,85
rua||nova vitoria|nova esperanca|33141018|1,-1976514,-4393750;2,-8,0;6,12,-4;7,5,-5;8,6,-21;9,-2,1;11,4,-15;12,-5,34;13,-6,-30;16,15,7;17,-1,-25;18,-1,40;20,2,-47;21,-22,-23;22,23,3;23,-42,-16;24,32,7;26,-2,1;107,3,71
rua||olga viana|nossa senhora das gracas|33030320|10,-1977933,-4387263;12,24,17;31,14,-2;32,-11,11;43,26,3;52,-2,3;62,-3,8;67,9,1;72,-3,12;79,-5,-20;91,28,32;92,-8,-2;97,-7,-14;103,14,16;104,-2,7;115,7,2;122,2,10;124,8,16;125,-1,-24;139,-3,15
rua||ouro verde|bonanza|33025000|2,-1976692,-4383707;3,3,-15;30,-6,24;40,3,6;71,-1,24
rua||palmor teixeira viana|bela vista|33010620|264,-1975997,-4385428;274,23,-20;292,15,11;296,7,2;298,7,-6;320,15,-1;324,-1,23;334,17,-31;342,9,2;350,-1,-3;366,18,3;384,6,-12;394,-9,-9;406,5,-13;410,10,-6;428,7,-20
rua||palmor teixeira viana|camelos|33010620|17,-1976193,-4385396;29,2,-12;31,5,3;35,9,4;36,-4,4;41,7,-12;44,7,5;55,8,-6;77,15,-11;78,-10,6;89,29,-10;96,-12,7;112,9,-4;122,13,-6;144,33,-2;146,7,3;190,24,9
rua||palmor teixeira viana|maria adelia|33010620|36,-1975942,-4385693;450,54,159;470,-5,-22;476,-4,-6;480,-13,-20;496,3,23;506,-4,-21;522,-5,-9;532,-8,-16;540,-3,0;544,1,-8;546,-1,5;560,-3,-24;564,21,-1;580,-25,-4;602,-2,-24;642,-1,-30
rua||palmor teixeira viana|sao geraldo|33010620|9,-1975937,-4385624;52,-151,191;145,28,8;151,4,-1;161,5,3;213,22,1;231,20,-11;235,15,1;245,0,0;259,5,-5;269,3,2;273,10,-10;283,4,10;287,7,-2;297,18,-9;329,9,2;349,18,-6;359,0,-17;369,14,12;373,13,-19;385,3,-5;409,10,-28;423,-1,-1;443,-7,-15;475,-18,-22;485,-1,-12;493,-6,-13;495,10,37;535,-29,-63;537,-3,-7;541,16,21;545,-17,-30;555,-11,-9;577,1,-35;603,-3,-20;615,-13,-10;651,25,-36;679,-17,-12;705,-8,-8;924,-17,-21;948,35,71
rua||porto velho|padre miguel|33082150|2,-1981254,-4389233;10,11,-33;19,-11,30;29,1,-13;39,5,-13;49,4,-6;59,8,-8;69,-1,-4;79,5,-6
rua||rafael vaitsman|maria antonieta mello azevedo sao benedito|33130740|57,-1977646,-4393457;65,14,0;68,-16,5;71,27,-3;72,-11,6;74,10,-7;79,13,-1;80,-6,1;85,6,0;86,-4,2;90,10,0;91,7,-3;92,5,6;97,-5,-8;100,9,-1;105,8,-3;110,-1,2
rua||recanto verde|corrego frio|33026002|25,-1978541,-4386202;51,50,33;76,-6,-16;95,-18,-32;106,5,2;135,-13,-4;142,8,-2;850,30,53
rua||rio das velhas|nossa senhora das gracas|33030030|351,-1977121,-4387634;375,-45,-97;376,34,70;521,-14,-112;529,8,-9;543,-1,-23;551,4,-1;557,3,-32;567,12,-27;615,7,-10;641,4,-7
rua||rio das velhas|sao joao batista|33030030|7,-1976933,-4387367;16,-32,-23;19,30,18;20,5,7;22,-10,-6;40,-15,-9;56,-14,-11;70,-7,-11;87,-2,-6;96,-6,-10;99,-7,-6;107,-6,-7;114,-4,-10;115,1,6;129,-7,-1;130,4,-16;141,-12,-7;144,8,5;157,-23,-13;175,0,-12;176,6,-7;181,-11,0;211,-8,-34;237,-20,-18;301,-22,-47;304,15,9;310,-1,-5;314,-11,-14;332,-8,-15;344,-23,-120;360,6,89;372,-2,-11;400,-14,-6;408,-14,-24;528,7,-99;534,-7,-8;560,122,26;620,-82,-131;628,-2,56;690,-1,-60;750,18,-70;888,42,-137;900,7,-35;920,21,-13;948,17,-18;952,8,-7;960,9,-5;996,2,-17;1012,11,-17;1014,12,-4;1030,-1,-18;1034,-7,3;1046,14,-10;1142,27,-35;1154,0,7;1170,18,-79;1184,0,-8;1210,8,-18;1290,7,-19;1310,10,-44;1320,7,-13;1332,4,-7;1372,26,-68;1384,5,-12;1398,6,-9;1408,1,-5;1424,3,-19;1436,7,-5;1438,5,-15;1452,2,-2;1462,24,-7;1474,-15,-18;1488,9,-10;1512,0,-13;1526,6,-8;1548,-1,-10;1560,8,-28;1566,12,-24
rua||rio das velhas|vila olga|33030030|969,-1976990,-4388199;1121,108,-263;1439,53,-137
rua||rio verde|asteca|33120380|11,-1979933,-4394036;13,9,17;25,7,14;37,4,5;45,7,7;49,-3,8;59,3,3;71,9,12;77,0,0;113,11,30;125,4,5;139,7,17;151,10,16;167,0,4;181,6,10;185,-74,-139;195,77,147;201,5,17;207,10,11
rua||rio verde|comunidade de sao sebastiao de maquine|33060276|2,-1981755,-4382744;10,13,18;64,42,95;215,35,51;350,-79,-138;520,-1,-1
rua||rio verde|sao benedito|33120380|109,-1979570,-4393342;599,-7,-9;627,8,14;667,-6,15;933,3,32;940,-7,12;945,4,-6;957,0,3;962,-2,10;969,10,7;974,-14,4;980,0,-33;981,9,50;986,-6,-3;993,5,-57;1005,7,70;1010,-8,-7;1017,14,28;1026,-13,-1;1029,11,9;1038,-11,3;1041,16,13;1044,-12,-3;1051,8,6;1062,-3,10;1065,10,10;1071,1,10;1074,-15,-5;1076,3,13;1078,6,7;1081,-2,-10;1093,6,8;1103,-1,10;1105,-15,-97;1106,8,101;1108,6,10;1109,-4,-10;1117,4,-4;1125,6,30;1132,-7,-4;1137,4,5;1146,-2,10;1156,-5,6;1158,5,4;1159,9,10;1168,-8,5;1171,5,1;1174,-2,-2;1180,-1,18;1181,7,-5;1192,-4,14
rua||rio vermelho|santa matilde|33025490|23,-1978308,-4384510;27,-16,14;37,5,4;47,-68,40;52,49,-44;59,-8,12;60,-4,-5;72,-16,7;74,8,10;79,6,-8;84,-15,-1;93,8,5;95,-11,5;102,-10,-2;109,-6,14;114,-4,-4;117,-3,2;125,-1,9;126,23,-25;133,-31,26;141,-10,7;142,5,-13;151,-15,16;154,1,-6;155,-5,10;161,-11,4;166,-2,-8;178,11,-7;181,-91,58;190,62,-39;212,0,-2;213,21,0;222,-40,18;223,27,-17;231,-2,10;232,-35,11;239,27,-14;242,-35,17;251,25,-5;261,-8,3;265,-6,-8;269,-4,13;283,-34,18;298,18,-16;300,-24,13;301,4,4;305,-8,6;309,-5,2;312,-10,-2;320,-8,3;327,3,10;330,-11,-4;339,6,6;350,-19,6;351,6,2;353,-7,-3;361,-6,8;362,-8,0;368,-18,-4;373,15,14;374,6,-12;376,2,-3;380,-32,19;399,13,-2;422,-20,5;429,2,5;436,-22,9;438,13,-9;448,-29,20;453,21,-8;460,-25,11;472,-8,10;473,-15,20;475,29,-27;484,-25,19;485,10,-3;492,-13,5;497,8,-3;508,-14,9;520,-3,4;528,-10,9;544,-5,5;641,63,-56;767,-54,56;769,-8,5;791,-4,8;799,-8,10
rua||rubens soares viana|conjunto cristina|33110240|25,-1978277,-4391785;64,19,27;76,9,5;85,8,1;88,5,4;97,6,7;100,0,-2;109,8,5;112,3,2;121,8,9;124,-12,-11;133,30,17;136,-5,7;145,14,2;148,-9,-2;157,17,7;160,-10,13;169,12,-4;172,8,-2;181,4,7;184,0,4;193,8,0;196,2,5;205,10,1;208,-24,-17;217,34,23
rua||rui soares viana|cristina|33145140|6,-1977970,-4392865;11,2,-3;23,3,22;35,-2,4;47,0,21;49,-5,4;59,2,12;60,-24,-11;71,24,13;83,-3,13;90,-12,13;95,12,-1;107,-1,12;119,-1,11;131,-1,10;143,0,10;146,-8,3
rua||saint clair vieira|conjunto cristina|33110420|35,-1978090,-4392133;45,12,12;57,-9,-1;69,-19,12;81,-8,10;93,1,7
rua||saint clair vieira|cristina|33110420|201,-1978599,-4392272;203,7,1
rua||vacari|sao cosme|33130310|142,-1977570,-4394461;143,4,7;182,8,7;290,-3,-7
rua||venezuela|bonanza|33060610|206,-1976142,-4383254;248,11,-26;256,-2,12
rua||venezuela|industrial americano|33020300|34,-1976100,-4383345;121,16,-45;129,3,-22;139,12,-36;145,7,-1;149,-3,-5;160,-44,96;174,1,22;186,-4,9;188,9,-47;189,-5,56;243,-7,30;249,-10,23;255,-5,1;261,-1,6;263,-13,13;322,83,-145;334,40,-15
rua||veredas|vespasiano|33016020|46,-1975920,-4393139
rua||veredas|vespasiano|33060600|24,-1975909,-4393148;46,-17,15;56,-3,2;76,-9,18;86,-6,11;87,8,-4;98,-12,8;112,-12,18;114,-1,-9;116,9,-6
rua||veredas|vespasiano|33146235|13,-1975895,-4393163;21,-7,10;31,-17,-1;43,1,14;53,-6,10;99,-30,29;108,18,24;109,9,1;110,17,-60
rua||vespasiano|nossa senhora das gracas|33030460|10,-1977525,-4387512;30,-15,-6;37,-6,6;56,-4,-20;57,-24,2;64,10,3;69,-10,2;71,12,67;80,-23,-74;81,11,4;93,-11,-3;102,-8,0;105,-15,-2;117,-8,-1;118,4,-6;120,6,-4;122,-13,0;129,-4,6;134,-4,-6;141,-11,0;144,-8,-4;153,3,-1;156,-9,-4;169,-5,1;170,-10,-2;182,-4,-6;183,20,16;191,-43,-16;192,7,-3;204,-10,-1;216,-11,-18;228,-12,21;229,17,4;238,-22,-4;245,-15,4;250,4,3;268,-23,-1;269,17,-4
rua||vicente francisco viana|kennedy|33015555|164,-1975158,-4384411;178,-13,8
rua||vila velha|bonanza|33060600|1,-1976705,-4383818;2,-6,2;4,-30,5;12,-155,-37;22,-132,89;30,227,-62;33,-167,24;40,194,-13;44,-228,28;45,268,-32;58,-256,98;70,29,-82;72,-41,84;90,66,-88;114,163,-11;116,13,-2;166,-4,4
rua||vila velha|bonanza|33060605|15,-1977042,-4383720;27,-1,-30;108,-5,53
rua||vila velha|bonanza|33060615|12,-1976956,-4383719;13,6,2;21,-14,3;78,11,-3
rua||vinte|nova conquista|33145000|135,-1977162,-4392574;183,-12,9;184,-8,-7;191,0,8;192,-8,2;199,9,-3;200,-14,4;207,9,9;208,-14,-3;215,-4,0;216,-5,2;223,-1,6;224,-3,-9;231,8,19;232,-12,-6;239,13,6;240,-34,-14;247,16,12;248,-3,-4;255,-3,11;256,-4,-5;263,0,15;264,-6,-6;271,8,19;272,-19,-11;274,-15,4;278,-10,10;279,30,-16;288,-31,31;297,14,-24;301,-3,10;321,-21,14;390,-11,-15
rua||vinte|nova conquista|33146010|32,-1977051,-4392628;33,14,-1;40,-13,-2;41,4,7;48,-10,-5;49,5,0;56,-19,2;57,10,1;64,-11,-4;65,9,14;66,-13,-13;76,-7,5;77,5,4;79,-8,3;84,-5,1;87,-15,6;88,2,0;111,-35,20;112,10,-8;119,-15,9;124,11,-3;128,-7,-1;136,-5,9;204,119,-45;246,-5,12
rua||violeta|vale das acacias|33084110|26,-1979850,-4389239;40,6,-2;56,16,-3;60,12,-1;80,16,-7;90,8,-1;110,21,-6;120,7,-1;321,-105,31;331,-5,16;341,-5,15;357,2,13;367,5,17;377,7,10;387,1,4;397,8,16;405,3,6;407,0,0;417,4,6;427,6,11;447,4,11;453,-2,-4;457,10,17;467,5,6;477,0,4
rua||virginopolis|asteca|33120070|91,-1979562,-4392823;103,10,3;105,5,-4;127,16,-16;137,6,22;143,6,7;155,10,-1;165,19,12;177,7,-10;199,9,22;200,538,352;213,-531,-355;215,5,15;219,10,-2;225,6,3;243,-1,9;257,11,5;281,20,16;299,13,11;305,8,8;317,6,2;1267,573,240;1275,14,-1
rua||virginopolis|sao benedito|33120070|1,-1979674,-4392857;2,-4,1;3,11,-3;4,9,11;5,7,-2;6,3,6;7,-3,-9;8,-54,-9;9,68,13;10,-1,19;11,-84,-38;12,8,-2;13,-48,46;14,71,-34;16,27,10;18,0,0;22,42,31;23,-86,-47;27,75,24;32,20,7;35,-55,-25;37,52,18;46,11,7;53,-116,-41;58,130,47;63,4,-13;75,5,14;76,3,2;90,16,-1;102,0,0;114,15,8;120,655,341;126,-651,-338;134,12,6;146,18,-1;162,4,-2;196,31,23;198,-16,-3;204,17,7;216,21,10;227,283,215;228,-280,-215;229,277,212;235,-9,-2;245,-1,-4;248,-255,-194;256,7,5;268,7,13;272,191,156;274,210,58;278,228,56;280,-620,-269;290,10,10;295,168,147;300,389,112;312,-546,-253;340,37,43;350,2,22;360,-8,5;376,32,-18;380,10,8;392,9,11;430,51,37;434,-30,-16;436,9,7;438,7,0;440,-2,22;442,7,-14;446,-39,-29;456,8,9;458,39,33;460,3,3;462,9,2;464,-69,-60;466,72,62;526,46,22;538,-27,-6;550,35,13;1278,386,93;1296,13,-9;1304,20,-5;1317,5,-10;1361,8,-3;1380,-8,10;1384,-9,2;1391,18,-13;1395,14,-5;1396,-11,13;1397,51,-30;1401,5,1;1402,-51,24;1404,56,-28;1409,-32,14;1414,24,-1;1415,14,-17;1420,3,8;1462,39,-16;1467,-8,-7;1482,16,4;1493,16,-12;1500,-5,11;1555,57,-28;1608,-1,-12;1615,15,3;1626,10,-14;1631,-90,40;2127,-52,-274
rua||vitoria|padre miguel|33082060|1,-1981473,-4388790;2,-4,3;3,-2,1;16,-75,-194;18,3,7;19,0,-2;20,6,27;21,1,17;26,-3,4;28,-7,40;30,0,-94;32,105,214;35,-62,-48;46,-36,-150;57,109,203;59,6,11;61,2,0;62,28,18;66,-4,-8;85,-145,-160;87,177,186;95,0,10;98,-168,-223;123,66,145;126,24,9;138,-16,3;158,-7,-8;174,-8,-4;206,-41,-34;235,22,13;242,-2,7;244,-12,-7;254,24,12;255,-3,-1;265,14,4;275,11,4;284,-1,8;285,3,-6;295,1,2;305,14,7;330,11,17;340,11,2;344,5,7;355,17,1;360,-3,4;365,5,7;366,-5,-6;373,6,2;375,10,4;385,3,0;390,3,12;395,2,-3;396,2,2;400,3,5;407,9,1
rua||vz|frimisa|33045740|23,-1975620,-4388454;35,7,6;36,4,0;47,12,2;48,-15,-5;59,24,10;60,-4,4;71,14,-5;72,-4,10;84,9,2
rua||v|frimisa|33045400|26,-1975916,-4388116;27,4,2;39,-16,6;40,-11,5;48,-4,5;51,1,0;54,-3,-3;63,-3,6
via||fazenda velha|terezopolis|33000001|20,-1980260,-4380479
