acesso||a rua santa luzia|bom jesus|33010500|6,-1975930,-4384837;8,-25,-15;10,19,2;12,-3,37;14,2,4
avenida|sao|luiz|padre miguel|33082205|6,-1980986,-4389423;22,13,4;32,-5,-2;33,-7,-4;42,-5,-5;45,1,-5;52,-8,5;60,-8,-19
avenida||alcidia calazans lima|conjunto palmital|33130770|1,-1977657,-4393513;11,15,17;15,-26,-6;67,45,-9;93,22,-10;487,341,-53;507,13,-7
avenida||alcidia calazans lima|maria antonieta mello azevedo sao benedito|33130770|10,-1977685,-4393504;18,5,8;25,-5,-3;30,8,0;40,26,-5;48,12,2;56,0,2;64,12,-1;72,5,-4;80,8,1;86,8,2;92,0,-3;98,9,2
avenida||alcidia calazans lima|palmital|33130770|345,-1977361,-4393509;389,38,-4;628,152,-148;654,5,-12;662,19,-1;670,5,-8;678,1,-13;684,13,1;694,4,-18;704,15,5;714,24,-13
avenida||alcidia calazans lima|palmital|33140020|13,-1977090,-4393761;14,-3,4;108,-462,252;110,11,-4;114,1,3;132,7,-2;138,8,5;140,-2,10;143,28,-5;144,-17,-8;150,11,-3;151,-23,4;173,-27,11;255,105,-16;457,166,-55;487,244,-239;653,-117,114;809,113,-113;815,16,-16;825,21,-29;837,10,-8;880,-477,350;950,-8,13
avenida||etelvino souza lima|palmital|33140000|170,-1976598,-4393662;237,-627,269;1815,210,173;1831,-33,11;1837,32,-4;1845,-14,-8;1853,10,-21;1999,-72,-82;2030,75,93;2251,560,-467;2360,-787,322;2370,8,-15;2416,34,21;2426,16,-15;2428,5,0;2466,31,10;2468,6,-16;2476,-6,34;2498,47,-10;2519,-13,11;2527,-1,-8;2533,20,0;2540,11,0;2547,13,26;2569,3,4;2577,8,1;2580,-31,35;2587,37,-26;2595,11,-1;2605,9,5;2613,12,3;2623,5,2;2628,-47,48;2631,57,-45;2638,-39,44;2641,42,-27;2643,-18,47;2649,31,-71;2659,13,-6;2667,6,2;2677,8,-11;2680,10,18;2685,-5,-18;2701,5,-2;2707,0,0;2715,20,-23;2721,0,0;2729,8,-10;2743,6,-5;2749,8,-8;2757,9,-4;2763,6,-2;2771,-2,-7;2772,0,22;2776,12,-19;2777,-14,-19;2782,17,33;2785,0,-26;2786,11,13;2788,3,-4;2791,-15,-20;2792,15,11;2798,2,-10;2806,7,-1;2810,1,-5;2816,9,0;2820,0,0;2822,4,-5;2828,1,0;2832,4,-7;2838,6,-1;2844,6,-11;2845,2,-9;2852,0,4;2856,-6,-5;2860,7,0;2864,5,-3;2872,10,-7;2873,-16,-10;2876,17,6;2880,9,-2;2884,-4,-10;2885,-3,-15;2888,11,9;2900,-13,127;2912,41,-153;2916,4,2;2919,-26,1;3019,28,-30;3021,34,-37;3081,44,-39;3087,12,-6;3119,28,-15;3129,5,-5;3139,11,-7;3149,16,-1;3169,11,-6;3227,23,-20;3237,17,6;3240,44,-11;3247,-37,9;3257,11,-11;3260,19,11;3275,-14,-13;3277,6,-4;3293,13,-7;3299,-7,0;3301,12,-1;3305,3,1;3331,32,6;3341,5,-8;3351,20,19
avenida||joao batista lima|conjunto palmital|33145350|141,-1977476,-4393440;271,12,41;674,-8,36;678,4,-31;850,-8,-77
avenida||joao batista lima|palmital|33130000|1179,-1977535,-4393818
avenida||joao batista lima|palmital|33140840|8,-1977524,-4393788;886,37,264;918,-3,95;920,19,-14;928,-9,-11;936,-1,-3;940,-6,-11;946,-1,-11;950,-3,-15;962,-7,-80;980,14,138;1112,-36,-295;1160,-1,-43;1168,0,-7
avenida||joao batista lima|palmital|33145350|1,-1977333,-4392718;2,-13,10;3,10,-17;4,-76,-254;5,78,246;6,-56,-148;7,45,160;8,-82,-252;9,-56,-256;10,10,429;11,73,-157;12,-17,-269;14,-73,-3;15,78,427;16,14,-146;18,-12,132;19,-20,-94;20,11,98;21,43,87;22,-25,-79;31,-4,4;33,29,-18;34,37,60;35,-51,-50;38,-47,-54;39,75,46;40,-22,-36;41,13,22;42,2,1;43,-6,-4;45,0,-16;46,1,5;47,-11,1;48,16,30;49,-17,-65;57,24,141;59,17,-32;79,-5,-7;80,-30,-14;81,27,4;82,-9,-8;83,-5,-8;86,-46,-50;90,86,72;100,-72,-5;101,18,-6;103,-20,-151;105,7,157;110,-1,-2;123,3,-148;131,18,90;135,-34,-62;137,11,-8;141,1,20;143,4,-5;160,-19,-90;172,-4,-14;176,147,-41;251,-157,-32;252,10,9;271,-61,-384;397,78,520;420,-31,-162;427,-31,-180;441,-213,-33;480,259,210;497,-18,14;498,1,3;499,-3,-50;500,7,27;502,-12,-25;504,-135,-95;505,138,87;507,-3,0;508,1,-16;509,-27,13;510,27,-31;511,-13,21;512,15,-10;513,-7,3;514,7,7;515,-4,-14;516,12,19;517,-15,-32;521,-8,0;526,10,3;534,-2,-9;540,-9,0;543,1,-20;545,7,-4;549,-11,-8;551,-15,-9;555,14,-21;556,31,88;562,-20,-48;570,5,-20;576,0,4;584,-4,-11;587,-11,-21;588,4,9;590,10,4;595,22,131;598,-33,-138;604,-4,-10;612,0,-5;618,2,5;619,-6,-1;621,0,-10;625,-22,0;626,24,3;627,-3,-8;629,0,-12;633,0,0;634,7,-1;642,0,-5;645,-8,-8;647,3,-12;648,4,20;656,9,-13;657,-34,-82;662,21,73;678,-16,-121;992,-24,-199;1106,-16,-82;1112,-4,-8;1135,-16,-107;1180,0,-10;1188,-3,-31;1189,2,20;1190,0,-3;1191,7,-27;1194,-23,42;1195,15,-35;1196,-10,9;1197,0,-36;1198,10,22;1199,-5,0;1200,-5,-10;1201,2,-12;1206,7,9;1207,-30,-13;1208,31,33;1216,-23,-71;1218,2,8;1225,12,12;1235,-13,0;1241,-1,-30;1251,-8,0;1257,-7,-3;1269,-13,-1
avenida||joao batista lima|sao cosme|33130000|879,-1977524,-4393566;941,31,36;953,-5,-10;954,0,-19;965,5,-3;977,-9,-10;979,0,-8;983,0,-10;989,2,-13;991,-9,-15;993,2,5
avenida||joao batista lima|sao cosme|33140840|8,-1977536,-4393701;12,-7,-3;20,15,69;21,-6,-4;22,-14,-59;31,-13,3;32,6,7;41,22,47;51,28,-16;52,-45,-17;117,22,-72;1001,23,119;1007,-24,-14;1011,15,-19;1015,-6,4;1021,12,-22;1051,-5,-13;1089,-5,-3;1107,11,-10;1109,-13,-21;1111,-21,10;1113,22,-25;1115,2,29;1117,-8,-34;1119,-2,-17;1121,6,84;1161,-11,-86;1171,1,-16
avenida||lirio|duquesa ii|33170350|100,-1977189,-4390144;496,226,240;510,-27,-23
avenida||lirio|duquesa ii|33170780|195,-1976956,-4389490;197,27,-72;215,12,-105;305,8,-90;377,-8,-75;389,10,11;405,-29,-47;481,-29,-30;515,-28,-17;517,80,104;571,-118,-127
avenida||raimundo diniz lima|liberdade|33170820|99,-1978830,-4389656;109,-9,2;391,-25,296;408,-58,-58;411,70,76;500,-20,-3;640,85,93;680,19,32;689,27,-6;805,51,-38;815,3,-3;835,45,1;847,1,4;855,18,12;865,-5,-14;873,15,19
avenida||vicente lovalho|conjunto cristina|33110000|11,-1978640,-4392230;12,-17,20;15,210,301;16,-294,-163;131,66,-127;161,-34,63;173,-31,1;185,-6,1;211,-7,32;273,36,61;275,-12,-19;281,26,33;295,7,12;329,19,15;343,1,8;357,6,-2;413,37,29;441,20,43;493,21,29;497,0,0;501,4,4;503,18,4;531,11,33;585,46,55;597,-9,-15;609,8,13;687,52,45;699,-3,16;806,55,51;836,22,6;844,10,5;854,17,11;857,-3,-5;859,7,8;864,9,8;871,-3,-5;874,18,11;883,-19,-10;895,16,12;898,28,23;907,-20,-20;919,6,3;922,14,14;931,-6,2;938,14,10;943,-3,-6;954,17,10;955,-6,-4;967,6,4;968,6,5;979,4,1;984,7,10;991,7,-7;998,0,5;1003,8,7;1012,-3,6;1022,10,3
avenida||vicente lovalho|cristina|33110000|10,-1978516,-4392322;17,-6,3;18,-5,11;20,-1,-11;26,-19,20;28,-4,7;46,-2,-2;86,-22,6;88,3,-5;90,-21,23;92,13,-14;94,1,5;96,-22,12;102,-23,16;104,19,-7;106,-63,49;108,32,-12;110,-39,25;118,-15,12;122,-2,10;134,-16,4;160,84,-84;174,-97,98;197,152,-47;199,-36,-53
beco||da liberdade|nova conquista|33146045|1,-1976771,-4392898;2,72,-90;3,-2,-1;12,1,-5;13,2,16;21,-6,16;22,4,-29;30,2,36;31,-18,16;32,5,-38;39,-28,70;44,-12,-15;49,3,-2;65,20,-5;94,-59,43;97,35,-17;98,10,-5;115,-46,10;121,2,-1
beco||da liberdade|palmital|33130740|1,-1977504,-4393436;3,-1,-4;11,-15,-2;21,1,14;31,-10,-17;41,-1,0;51,17,6;150,-31,-8;310,48,9;330,4,10
beco||leblom|industrial americano|33199899|12,-1976183,-4383242;14,11,10;18,10,12;26,-14,-14;28,18,18;37,13,25;39,-17,-11;40,15,21;51,40,18;52,3,1;53,10,6;57,0,3;59,-45,-34;60,15,10;88,40,32;187,-58,-96;197,-14,-10;207,-4,-1;208,-14,-2;216,12,-5;226,-8,-9;255,-25,-3
beco||lindeia|nova esperanca|33141078|21,-1976540,-4394415;23,7,17;27,-17,-19;62,24,64
beco||luxemburgo|baronesa|33115140|188,-1979441,-4390566;1050,-14,-5;1066,-17,-5;1068,4,-2;1069,5,-13;1096,34,31;1264,-33,-9;1266,20,2;1998,-12,-3
beco||maria de lurdes|palmital|33145000|20,-1977547,-4393474;22,-3,-1;32,11,-3;35,4,4;41,11,19;42,-9,-15;51,11,-2;52,0,-4;61,6,7;62,-16,10;63,17,-24;72,-71,64;170,35,-56;171,24,0;225,9,31;245,1,3;920,28,7
beco||santa luzia|baronesa|33115360|477,-1979590,-4391257
beco||vera lucia|palmital|33145000|11,-1977469,-4393017;12,-20,-4;16,26,-15;22,-24,12;23,9,-21;32,-6,26;35,5,-22;41,2,24;42,3,-2;52,4,2;53,-4,3;62,12,-6;72,2,4;73,0,-3;82,-2,3;92,12,0;122,6,1;558,-50,-7
beco||vera lucia|palmital|33145350|285,-1977416,-4392986;401,23,29;402,-17,-12;404,5,0;405,-4,-9;406,-15,-37;407,2,44;409,4,-33;410,-4,8;412,2,-15
rua|desembargador|dario lins|nossa senhora das gracas|33030160|11,-1977257,-4387765;27,-6,15;37,4,-6;47,-15,24;61,3,5;62,-15,-1;73,6,15;83,-12,18;90,-13,-3;105,11,5;107,-13,21;110,6,-11;122,3,5;131,-9,19;132,-4,-6;144,-6,11;149,-6,19;154,-26,17;161,20,-16;168,3,3;252,-36,61;264,-4,19;276,7,5;290,-16,11;299,-2,10;302,-16,1;311,10,11;318,-18,5;321,14,-1;356,-26,20;361,-11,11;365,-87,61;373,79,-52;376,-2,-11;385,-15,21;396,-9,-2;397,1,6;408,-8,-4;427,-7,8;428,-4,-4;440,-5,7;441,11,1;451,-20,16;454,-2,-4;466,-9,3;473,-3,-4;477,-11,21
rua|desembargador|dario lins|palmital|33140810|7,-1976335,-4393397;13,7,-9;21,3,-3;27,2,-5;33,-3,-10;39,2,-4;47,3,-8;53,-1,-2;59,1,-11;65,0,-4;73,-27,12;79,32,-31;85,-1,0;91,-2,6;99,5,-14;105,-8,-1;111,10,-11;117,-4,-2;125,0,-7;126,6,9;128,-3,0;131,2,-18;137,1,-3;143,0,-5
rua|dona|maria jose lara|pousada del rey|33170230|8,-1978330,-4390655;10,0,0;13,-97,26;14,-21,-69;15,21,59;16,-59,6;26,390,-55;127,-66,11;190,-133,16;256,-251,-51;350,174,64;526,-172,-77
rua|doutor|cassiano augusto de oliveira lima|vila olga|33040100|9,-1978265,-4387527;10,4,3;16,-3,-10;21,-21,-24;32,14,12;44,-5,-8;58,-9,-14;66,-13,-10;86,-5,-9;121,-18,-13;126,5,-8;135,-8,-7;136,1,3;137,-7,-4;141,-5,-16;146,-3,5;151,1,-2;154,-8,-5;158,-4,-9;162,-10,-7;163,11,14;164,-10,-21;165,-6,8;166,-9,-15;212,-4,-19;216,-8,11;224,-11,-7;238,-9,-1;250,-12,-9;256,-1,1;262,-6,-5;278,-22,5;290,6,-21;292,8,20;294,-4,-13;296,-15,4;302,-6,-6;322,-15,0;334,-10,-7;346,-18,-8;364,-9,-4;412,-32,-9;413,-22,-2;418,11,-4;430,-10,-2;440,-16,-6;441,-12,3;452,6,-5;468,-10,-10;472,-8,2;478,-6,4;498,-13,4;510,-13,-1;511,-4,9;521,-11,-4;522,-4,-14;533,-1,16;536,-23,-4;537,17,7;545,-8,20;549,-2,-17;561,-10,-1
rua|doutor|cassiano augusto de oliveira lima|vila olga|33040190|247,-1978407,-4387681;251,-15,8;261,-2,-14;275,-9,-3;285,-1,0;295,-21,22;297,3,-28;299,-6,-1;311,-14,-4;317,-10,-5;323,-5,0;349,-8,-8;351,-9,5;357,-9,-4
rua|doutor|josias de araujo lopes|nossa senhora das gracas|33040090|11,-1978100,-4387740;33,-20,-20;45,-7,-5;53,-11,-9;65,0,-2;75,-14,-12;125,-36,-22;139,-14,-13;151,-14,3;159,-6,-16;161,-1,-3
rua|engenheiro|oleastro santos lima|palmital|33140550|15,-1976875,-4393352;210,-85,159;221,56,-111;223,31,-19;240,-99,143;258,1,27;260,2,2;270,0,5;276,6,7;284,0,3;290,7,7;298,9,5;301,-4,-16;304,9,15;307,6,-3;312,1,6;313,7,-4;318,-2,2;321,6,-2;326,-1,3;327,8,-3;334,4,5;335,5,-5;341,-7,-1;342,3,4;349,7,-4;355,8,3;361,7,1;367,2,-2;372,4,4;378,10,-1;381,2,2;386,0,-7;387,6,7;392,4,2;393,2,1;399,5,-5;404,-3,6;407,10,-5;410,0,5;413,3,-6;419,5,-2;420,-2,1;425,7,0;426,1,6;433,7,-1;434,0,1;439,9,-2;442,-8,-2;445,12,1;451,1,0;452,5,6;458,-4,3;459,8,-4;465,-1,0;466,3,2;471,6,-3;474,0,5;477,8,-4
rua|imperatriz|leopoldina|pousada del rey|33170130|20,-1978939,-4390157;23,312,-281;24,-91,49;42,-22,23;50,-219,230;64,372,-253;66,60,-93;115,-443,363;119,-9,12;131,-4,28;134,381,-387;141,-383,393;205,341,-240;421,-145,12
rua|presidente|carlos luz|boa esperanca|33035330|1,-1976112,-4386635;2,7,3;3,-1,5;4,-7,-3;5,12,8;6,-3,6;7,-1,11;186,-72,-201;200,1,11;205,23,-7;235,-20,-8;257,-5,-4;267,-4,-16;276,42,103;290,0,9;299,-53,-159;370,72,237;378,2,-4;388,5,10;395,3,-11;405,39,-12;425,-19,77;469,-6,30;479,-22,-103;489,43,111;529,16,26;531,0,24;557,-57,-170;559,0,-20;563,70,207;564,-14,12;580,10,19;639,-91,69;663,-14,-395
rua|presidente|washington luiz|boa esperanca|33025320|289,-1976478,-4386801;305,7,31;349,4,10
rua|presidente|washington luiz|boa esperanca|33035310|16,-1976578,-4387059;37,13,7;153,36,128;225,25,54;247,-7,22;274,30,41;300,-7,29;312,7,6;330,7,27;365,20,17;383,2,23;384,-6,3;387,131,371;390,29,1;491,-118,-282;509,2,15;514,-8,2;580,23,55;600,-1,12;605,23,28;610,-14,-11;644,14,52;652,6,7;668,4,4;673,1,-1;750,21,79;751,7,-2;775,5,15;801,196,-50
rua|presidente|washington luiz|centro|33035310|104,-1976542,-4386957;116,0,9;128,12,-1;138,-4,22;214,39,103
rua|santa|luzia|adeodato|33010500|292,-1976383,-4384986;326,37,-10;336,5,4;350,5,-2;362,11,0;372,10,-2;382,9,0;392,11,-9;408,13,2;412,8,3;440,9,0;454,28,3;466,9,4;478,6,-6;488,11,-5;508,19,4;556,51,8;586,11,7;650,18,9
rua|santa|luzia|bela vista|33010500|215,-1976443,-4384957;227,5,-10;241,7,-6;255,8,-17;273,12,-4;295,29,4;307,17,-9;329,6,0;343,11,4;357,12,-8;373,20,0;385,18,-5;395,0,10;398,-58,2;405,87,-13;429,-22,5;437,23,0;473,48,0;485,11,0;517,21,-3;525,-11,1;529,40,4;543,7,2;555,2,5;567,12,-2;581,16,8;607,16,10;615,20,16;633,-2,-3;641,8,9
rua|santa|luzia|bom jesus|33010500|20,-1975829,-4384792;52,5,8;640,-329,-122;670,95,-13;680,5,3;696,10,12;700,3,8;714,5,26;716,-11,-10;718,-13,9;720,-3,0;730,3,13;782,26,-32;894,131,54;908,16,6;920,14,4;934,7,14
rua|santa|luzia|centro|33010500|6,-1976614,-4384862;20,8,-11;34,18,-7;88,42,-23;92,19,39;99,-19,-42;105,19,-2;110,3,5;119,5,-4;130,19,24;135,-19,-37;148,16,2;162,5,-7;163,7,2;212,30,-23;222,16,-11;240,14,-17;250,-1,1;264,16,-4
rua||adolfo loureiro|sao joao batista|33030100|5,-1977198,-4386973;19,-26,-11;29,-12,-6;39,3,-13;48,-3,4;50,-10,-11;58,-6,-4;65,-5,17;84,-9,-37;94,-8,-7;95,-7,21;103,-13,1;105,-3,-21;112,8,5;115,-7,-5;120,3,-5;129,-1,-6;130,0,-17;131,-7,32;132,-6,-28;133,9,16;134,-18,-13;137,-2,5;155,4,49;163,-21,-24;164,-95,57;167,100,-69;168,11,-36;184,-12,-4;204,-27,-5;212,-5,-1;216,-3,-2;220,-5,-3;233,-14,15;235,0,1;238,-1,-30;240,7,20;250,-12,8;255,0,14;260,-3,3;267,-1,10;268,4,-8;273,-15,15;278,1,0;283,4,7;288,-11,5;295,0,12;301,28,3;316,-36,-8;317,10,10;343,-5,16;348,-29,-19;360,20,30;362,-3,3;367,8,26;374,-17,-15;384,-23,5;387,38,22;392,-20,-10;400,-1,5;401,-4,11;403,-2,11;410,-16,-19;418,29,33;420,-17,-25;421,12,11;425,-8,3;426,-5,-1;427,4,18;429,0,1;436,0,-15;441,-21,22;442,-2,-11;458,5,18
rua||agnaldo marques lisboa|frimisa|33045130|21,-1976111,-4387991;24,-7,0;33,-1,10;60,-18,19;65,6,1;92,-26,19;93,-19,31;94,-21,29;96,-23,33
rua||alcidia calazans lima|conjunto palmital|33130770|236,-1977490,-4393506;246,24,8;256,9,0;266,8,4;276,14,-4;286,5,0;296,16,-3;306,3,3;316,16,5;326,1,-14;336,18,13;346,13,-7;356,7,5;366,8,-4;376,2,-6;386,12,8;396,10,-6;406,8,2;416,4,-10;426,7,-5;436,3,-12;446,15,2;456,7,-1;482,19,-35;490,1,2;496,-120,-41;500,133,17;510,-12,33;518,126,31;524,-104,-72;532,7,-6;538,21,1;543,-19,-25;546,13,19;552,-4,-7;553,2,-7;560,96,58;563,-87,-60;566,15,7;574,-3,-20;580,2,3;588,4,-1
rua||antonio inacio de lima|conjunto cristina|33110010|23,-1978635,-4392202;24,-7,2;26,1,3;35,6,-3;36,0,14;47,6,-3;48,6,11;59,9,0;60,-6,-1;71,15,14;72,-4,1;73,5,-1;83,7,7;84,-7,-1;95,18,18;96,-14,-3;107,15,6;108,-9,-6;120,6,5;132,14,10;150,4,11
rua||aristides souza lima|santa monica|33025040|14,-1976734,-4384570;117,58,-26;120,36,-34;132,-25,41;136,29,-56;150,10,-41;156,-24,71;186,18,-67;193,-12,45;201,11,-30;210,5,-39;375,-155,124;387,18,-2
rua||artemio nabor da fonseca lima|idulipe|33025150|11,-1977288,-4384873;25,-3,12;30,0,-6;40,-9,26;43,6,-1;54,-7,6;64,-2,17;65,4,-5;76,-4,18;87,6,-3;90,-4,10;105,10,5;119,10,13;131,5,9;149,18,7;161,13,8
rua||copo de leite|duquesa ii|33170390|10,-1977537,-4389826;28,14,-21;29,-7,16;33,-1,-9;57,0,-15;58,11,-4;60,-2,-8;69,-4,-9;74,9,-2;84,-3,-7;96,1,-15;97,2,-12;105,-10,-2;108,8,-2;117,-1,-36;120,-5,25;132,16,-13;141,-17,-8;142,10,1;144,-1,-6;156,-6,-11;157,1,9;165,0,-19;168,1,3;177,-3,-24;180,6,6;183,-9,-8;192,11,5;216,0,-11;224,-3,-10;232,5,-9
rua||corrego da laje|bom destino|33060114|12,-1982316,-4382769;22,6,-23;32,4,-8;119,-11,-17;211,1,-16;213,-2,11;237,0,14;276,0,-3
rua||corrego da laje|corrego da laje|33060112|39,-1983063,-4381555;51,78,-193
rua||da luz|bicas|33025561|38,-1980580,-4384331;97,-72,1;133,-20,6;145,-26,25
rua||da luz|bicas|33060600|22,-1980540,-4384346;160,-113,15;180,-25,3;220,-30,8
rua||daniel de araujo lima|taquaracu de baixo|33199899|7,-1961176,-4378912;8,-19,-36;13,82,-13;17,-56,53;21,-3,39;22,1,-1;23,-1,-2;24,1,5;26,3,11;29,15,53;32,-4,-18;39,11,39;40,0,10;42,-1,2;43,9,10;44,-2,6;46,6,8;48,0,0;50,8,14;51,8,16;54,-1,10
rua||das laranjeiras|bom destino|33060160|12,-1982735,-4383364;13,14,-2;23,14,5;35,7,8;44,2,2;47,-1,-7;59,16,9;60,-11,-3;65,14,4;66,-4,18;72,11,-23;75,-1,-2;84,8,12;96,10,2;97,-14,-10;108,30,4;109,-5,6;115,8,0;116,6,9;132,9,2;133,-9,-11;144,16,21;145,-2,-14;155,11,2;156,2,-1;168,17,0;179,-6,-11;180,4,33;181,15,-13;186,-8,2;192,7,6;204,12,5;216,10,3;228,17,9
rua||dimas leal|conjunto palmital|33130720|12,-1977595,-4393612;18,-10,1;22,-2,-1;25,-4,11;28,-7,-4;31,1,9;36,-2,-10;39,-2,11;42,-4,-8;45,-8,16;50,-2,-9;53,-4,10;56,1,-10;59,-9,13;64,0,-9;67,-6,13;70,3,-9;73,-8,11;78,1,-8;81,-8,13;86,2,-9;87,-11,17;94,4,-13;95,-4,13;100,4,-13;101,-12,14;104,2,-8;109,-14,8
rua||dos lirios|imperial|33065248|77,-1976496,-4382580;87,8,-7;88,8,-3;98,5,-15;108,84,1;127,-60,-19;128,60,19;137,-64,-19;138,8,-2;147,-1,-3;150,4,-2;152,0,0;154,3,1;156,-5,2;157,12,-11;158,-12,11;160,-1,0;162,11,-6;188,29,-5;208,-48,82;218,13,-11;225,64,-77;252,-3,-6;266,-35,56;268,95,-39;368,-2,1;380,15,10;2018,-70,-24
rua||ederson souza lima|conjunto cristina|33000001|28,-1977573,-4393077;29,-5,-1;40,12,-8;41,-31,23;42,33,-14;46,5,-1;47,-1,-3;48,10,3;49,-6,-4;56,10,-1;57,-1,-7;58,11,4;59,-6,-2;67,7,4;69,11,-10
rua||eneas lima|conjunto cristina|33110370|12,-1977994,-4392084;18,12,4;36,10,9;48,13,11;60,9,2;61,6,-21;72,-2,24;81,31,-13;84,-17,17;96,7,16;101,25,-16;108,-12,16;121,32,-4;155,-11,16
rua||etelvino souza lima|esplanada|33025020|11,-1976610,-4384462;16,7,2;30,-10,-5;39,-5,11;45,-8,-7;54,-12,-1;60,-7,0
rua||etelvino souza lima|santa monica|33025020|115,-1976690,-4384442;129,-8,0;136,-62,8;138,-16,1;160,-22,1;530,38,-6
rua||eurides souza lima|conjunto cristina|33110150|11,-1978415,-4391814;15,-59,54;31,14,-5;43,-2,-6;46,3,-1;55,7,-10;67,11,-13;79,-1,-1;91,11,-9;103,14,-12;115,7,-6;127,10,-10;139,4,0;151,9,-18;163,8,-7
rua||flor das larangeiras|comunidade de sao sebastiao de maquine|33199899|35,-1982122,-4381431;70,27,-5;80,160,-75;91,0,-4;92,-3,44;101,-119,29
rua||flor de liz|duquesa ii|33170750|9,-1977161,-4390912;26,14,-8;50,-13,5;51,3,4
rua||francisca bento de lima|santa rita|33080310|352,-1980708,-4388925;370,-6,7;389,-4,2;391,2,-4;392,0,0
rua||geni souza lima|conjunto cristina|33110480|34,-1978274,-4391954;45,27,-30;123,-224,-40
rua||geraldo vieira da luz|frimisa|33045570|32,-1975810,-4388325;44,0,-6
rua||gervasio lara|nossa senhora das gracas|33030550|14,-1977235,-4387543;25,-9,-9;26,1,3;33,-15,-9;37,0,0;38,5,-6;51,-23,-6;56,9,2;84,-12,-20;98,-22,-2;119,-41,2;120,36,-11;130,-25,-26;153,-25,16;168,-1,-11;184,-16,-7;185,-6,-1;199,-8,0;200,56,24;231,-79,-39;247,-12,-7;248,10,1;260,16,10;275,-41,-26;276,-3,3
rua||guiomar avelar de lima|colorado|33022040|35,-1975494,-4383766;36,3,-10;47,-8,9;54,21,-89;57,-33,91;66,-14,-6;80,-14,3;87,-5,5;99,-11,8;100,-2,-12;106,-3,-4;111,-4,7;115,-8,0;160,-44,-31;165,15,14;167,-13,-8;173,-7,-1;185,-6,-11
rua||haroldo lima|monte carlo|33172160|12,-1977424,-4389298;32,-12,4;38,-8,17;44,-3,3;52,-2,5;61,-7,18;62,-1,-9;63,-3,6;72,-3,0;74,-3,3;79,-3,14;82,5,-12;89,-6,17;92,-3,0;99,-3,7;102,4,-3;109,-9,15;112,-2,-4;119,-5,14;121,2,-13;122,-2,0;129,-7,17;139,-4,9;142,-1,-16;149,-3,14;152,-2,-5;159,48,-59;162,-58,77;172,-4,3;179,-5,12;189,-3,1;196,-9,-4;199,4,17;203,-9,4;206,4,-6;216,-13,12;219,9,1;226,-15,12
rua||heli avelar lima|santa monica|33025065|340,-1976797,-4384676
rua||idalina neves de souza lima|palmital|33140450|130,-1976895,-4393593;131,-14,21;239,107,-113;249,4,-13;255,2,-3;256,1,-1
rua||jaime avelar lima|esplanada|33025122|50,-1977067,-4384864;108,34,34;120,-5,-6;140,-27,-21;144,9,3;216,-39,-35;236,-40,-37
rua||jaime avelar lima|santa monica|33025122|171,-1977104,-4384888;203,12,3;215,-28,-22;235,-12,-12
rua||jarbas souza lima|adeodato|33015110|24,-1976284,-4384440;25,-151,-32;40,7,-1;48,22,16;60,20,-4;73,11,9;74,-4,-8;86,17,8;96,1,0;108,11,1;127,4,2;131,13,1;133,22,8;145,-5,-4;146,-1,1;160,13,-2;168,4,-3
rua||jose ananias lacerda|barreiro|33015618|41,-1972226,-4384979;50,26,-77;55,-58,44;81,-8,-14;91,-43,-60;94,88,7;95,-27,-31;106,15,22;120,-7,83;135,-46,-132;150,-26,46;160,-6,-13;180,20,-46;200,-25,13;201,0,-15;339,105,188
rua||jose augusto de lima|bela vista|33010532|74,-1975916,-4385083;89,-43,17;95,-5,6;99,31,-39;100,0,24;101,-16,11;109,14,-9;142,26,1;148,12,-35;170,-5,5;176,-7,9;180,-13,-8;190,-6,-12;199,-17,-40;202,17,15;212,1,25
rua||jose donato lima|bonanza|33065000|35,-1976984,-4383710;36,6,-7;48,-3,2;50,-3,-1;60,-10,1;84,-21,6;92,-5,1;96,-12,6;108,-12,1;118,-4,3
rua||jose donato lima|santa matilde|33060605|35,-1978282,-4384241;53,1294,538;118,-64,3;128,71,15
rua||jose estevao de lima|pinhoes|33055000|1200,-1970883,-4379964
rua||jose estevao de lima|pinhoes|33055005|78,-1970345,-4381131;90,-34,11;106,-5,26;116,-3,0;126,-7,28;209,-3,12;276,-40,21;280,-74,89;323,-21,30;337,-26,25;350,26,-32;390,-34,32;426,-15,14;480,-56,30;510,-7,42;514,-9,7;520,-29,8;531,54,-16;553,-39,28;565,-21,12;570,15,-9;580,-9,6;584,-8,10;700,-96,45;701,21,46;761,-23,93;803,43,39;825,-53,48;830,-15,7;834,5,10;845,7,28;864,-10,16;870,-1,23;875,-3,146;900,-1,-120;905,3,29;922,-38,-16;945,41,14;952,-1,15;954,-57,9;956,33,-3;958,-52,-10;962,63,19;965,11,25;972,2,-15;980,-10,99;995,6,-2;1000,-5,22;1010,-60,17;1341,76,-220;1445,-106,535
rua||jose lima|cristina|33105200|11,-1978358,-4392820;16,12,6;23,-12,-13;28,17,6;35,-3,-9;40,19,12;49,-13,-26
rua||jose rosa lima|kennedy|33015335|23,-1975491,-4384202;32,6,4;41,16,2;48,2,6;49,-3,-10;64,14,13;66,80,5;71,-87,-11;81,24,4;82,-4,6;96,9,5;98,5,10;115,50,7;118,-27,-3;127,-4,-9;137,8,2;140,20,5;147,-8,-5;159,9,7;160,19,14;169,-5,-10;175,-2,6;180,10,11;189,4,-8;190,4,5;199,9,-2;200,54,26;209,-50,-22;215,10,1;219,6,3;220,15,7;223,-11,-4;229,5,0;233,0,2;270,24,22;275,-9,-14;280,12,21;290,4,14;309,-3,-13;318,13,9;320,23,-3;321,-9,3;330,2,-6;333,5,6;345,15,0;354,-4,-5;366,14,4;370,-1,-1;374,7,-1;687,-266,-104
rua||jose theotonio laporte|belo vale|33113025|30,-1978154,-4391617;40,4,5;44,7,2;47,-9,-15;50,11,15;55,12,15;60,-9,-2;62,5,2;67,4,10;72,0,-6;77,6,5;84,-1,5;89,7,13;90,-2,-9;99,5,14;109,13,-1;119,5,13;129,5,5;139,2,6;149,8,11;159,0,3;166,-1,9;171,7,4;203,23,26;209,3,1;210,-1,-2;213,7,2;216,-3,5;232,9,14;233,-2,-5;243,3,14;246,2,2;252,4,-2;253,-4,11;262,9,1;263,8,1;269,-2,1;270,-4,6;274,2,3;275,11,-4;293,12,17;303,-1,6;317,21,8;321,-11,0;323,4,15;325,7,-3;327,-1,10;337,7,-6;351,1,11
rua||lafarge|santa rita|33080092|88,-1981045,-4388212;90,-5,42;100,11,2
rua||libano|baronesa|33115110|12,-1979750,-4391206;15,-126,162;18,124,-160;22,-11,8;30,11,18;50,-6,19;51,9,-9;55,-10,15;77,-20,4;82,-4,5;101,-9,16;102,-3,-3;103,-1,5;104,-4,11;113,-2,5;124,45,-57;125,-45,61;137,-12,6;164,20,-26;174,-11,12;184,-12,15;189,-12,12;198,-6,13;201,-15,6;210,14,-10;211,-24,22;212,20,-2;216,4,-2;220,-10,-1;227,-22,36;232,13,-24;241,-19,35;256,3,-15;258,-10,-2;261,15,39;262,-8,-20;271,4,27
rua||libia|baronesa|33115000|97,-1979738,-4391212;165,8,-2
rua||libia|baronesa|33115360|7,-1979127,-4391320;10,5,10;15,-752,155;16,60,-30;19,670,-143;27,-7,-1;30,16,5;47,-41,-9;59,-688,187;64,7,6;66,679,-198;67,2,2;77,-674,195;85,655,-201;91,-668,194;94,633,-205;95,18,3;151,-40,-3;167,-25,-5;179,5,8;213,-47,-1;231,-13,-3;243,-8,12;245,-9,-3;267,-6,0;279,-22,15;289,-6,-7;299,-12,6;315,-15,2;323,-10,1;327,-1,1;339,-6,5;377,-56,23;379,421,-124;380,-421,117;384,-10,2;389,-3,0;401,-9,4;413,-20,0;426,-7,-5;431,-26,3;441,-4,-3;451,-10,6;461,-2,-2;469,-5,2;470,569,4;472,-24,-19;478,-39,-4;479,-512,22;480,-17,-2;489,1,5;490,524,-27;499,-528,30;509,-19,-5;519,-10,3;635,-43,4;640,11,14;644,-12,-19;650,-6,-6;657,-6,8;669,-15,0;673,-14,-3;675,-14,2;703,-48,42;705,42,-40;711,-48,50;719,-2,0;721,-8,13;723,-2,0;739,3,3;745,41,-62;749,-45,73;759,-11,2;761,31,-26;769,-38,31;779,-5,8;781,-76,49;785,78,-51;787,9,-12;789,-26,21;797,-8,4;817,-4,6;827,-8,5;837,-5,2;847,-13,12;853,-10,8;867,18,4;883,-48,6;885,-4,8;887,9,-17;889,-6,14;891,-3,0;893,-8,-5;907,-16,4;909,-1,2;917,-8,-1;919,-10,1;921,-7,5;925,-8,1;929,-4,1;931,-8,7;933,2,11;937,-6,-3;939,-1,7;941,6,8;945,-5,7;947,3,-12;953,-28,27;957,17,-11;961,-2,4;971,15,2;981,-28,-14;991,25,33;1003,-20,-21;1005,-14,-1;1009,-6,5;1011,2,2;1035,-4,-1;1117,-3,7;1119,-4,-1;1121,0,4;1133,-11,5;1143,-12,10;1147,-15,-1;1155,0,4;1157,-6,0;1165,-1,2;1175,-5,6;1185,-8,8;1189,-8,4;1201,-23,1;1203,8,9;1219,-3,1
rua||lideral|tres coracoes|33146243|3,-1976368,-4392929;6,-9,-10;10,5,29;11,5,-14;12,-4,1;15,10,25;19,39,129;21,-31,-112;24,32,115;30,-26,-72;35,-22,-96;44,-16,-11;135,41,90;145,2,8;164,-34,-85;165,34,102;166,9,12;170,-22,-35;172,-8,-33;173,4,11;174,13,13;175,6,42;176,6,2;184,-2,5;185,3,0;189,4,33;195,-4,-20;196,1,3;205,-5,2;206,11,5;215,1,2;226,3,22;246,-1,15
rua||lima|padre miguel|33082090|24,-1981625,-4388892;37,10,-9;41,-10,1;44,9,5;47,7,-11;54,7,8;65,6,-8;74,12,2;84,3,1;105,24,-15;649,-82,32
rua||limoeiros|bom destino|33060120|13,-1982412,-4383020;17,-19,10;49,11,-6;65,-64,30;102,0,-11
rua||linhares|pinhoes|33055015|36,-1971697,-4380517;102,-4,-46;112,-3,-21;132,-1,-27;166,8,59;177,-13,-127;181,10,123;184,-2,-107;185,-10,-5;189,8,-20;200,-4,-18;220,3,16
rua||linhares|pinhoes|33055203|41,-1971701,-4380533;101,-5,-58;121,-2,1
rua||lirios|vale das acacias|33084060|12,-1979514,-4388964;22,2,1;25,-12,-6;26,-20,-89;35,22,84;45,4,-14;52,3,22;54,-21,-68;55,18,36;62,-2,12;65,0,-13;72,-2,12;75,-11,-28;82,-25,1;85,24,-8;92,5,13;95,-15,-25;96,-8,12;100,19,-4;109,-13,-22;116,6,2;126,-6,-9;129,-6,-5;146,3,-11;156,-1,-5;159,-9,-16;169,6,1;176,-20,-45;179,9,21;199,-8,-15;200,6,9;220,-8,-18;221,-10,-13;231,-1,1;240,1,-8;241,-2,3;260,-6,-20;261,-7,5;270,-2,-15;271,-4,2;280,0,-6;284,-5,-15;314,-12,-7;324,-54,4;330,-47,-46;334,32,39;346,38,24;905,154,252;915,-1,6;925,4,12;935,-2,5;959,-15,16;969,-4,6;973,4,12;979,-3,13;989,-13,2;999,-10,9;1035,3,34;1045,23,12
rua||lisboa|chacara santa ines|33170015|17,-1978845,-4391588;18,5,10;30,-12,-43;31,14,45;33,-9,-14;34,11,18;36,-12,-21;38,2,-23;50,-10,-18;93,-6,-10;98,2,-3;105,-4,-7;235,-69,129;237,45,-16
rua||lisianto|duquesa ii|33170590|28,-1977361,-4390693;122,27,360;134,-5,-3;146,-21,-9;150,-43,-195;170,28,190;194,-24,-4;206,-7,4;235,-14,-178;401,2,-2;425,0,-4;475,13,-10;496,22,-13;531,-5,-5;532,-7,14;574,44,-72;600,4,-31;601,-5,26;614,3,-41;628,-2,-26
rua||lobeira|tres coracoes|33000001|1080,-1975952,-4393277
rua||lobeira|vespasiano|33140720|333,-1976008,-4393312;371,-39,-18;373,-8,-15;375,21,12;377,-31,-17
rua||lx|frimisa|33045550|22,-1975834,-4388498;34,5,-3;35,0,-5;41,18,8;46,-3,4;58,66,16;59,-53,-21;70,1,9;71,8,0;82,-6,6;83,24,-19;94,2,22;95,-3,-11;106,13,11;107,-3,-3;118,11,4;130,12,7;131,5,-5;142,4,4;143,1,2;155,10,3
rua||lz|frimisa|33045660|15,-1975713,-4388284;24,10,8;27,-2,-6;30,37,12;39,-48,-25;51,41,28;63,10,4;75,9,-1;87,-58,-21;99,80,24;111,-78,-24
rua||l|frimisa|33045310|35,-1976056,-4388169;48,6,0;60,15,-12;72,10,-8;75,-3,-6;84,7,0;93,2,-7;96,7,-5
rua||l|liberdade|33170888|26,-1978976,-4389860;52,-13,19;62,-1,13;82,-3,13;101,-3,15;112,-6,13;131,-1,17;140,-10,12;142,-1,5;151,0,-3;152,5,16;161,-6,-16;162,2,17;171,-4,-1;172,-3,14;181,-2,1;190,4,9;200,-5,5;212,1,13;223,-4,9;232,-6,15;233,5,-10;242,-7,25;243,0,-12;251,-1,7;252,-3,2;256,3,2;262,3,9;272,-6,6;275,-4,10;303,2,28;313,-4,2;316,-7,-12;332,-3,26;342,5,0;343,-8,21;346,4,-17;348,-3,6;360,-1,17;380,-7,11;386,-6,-5
rua||l|petropolis 1|33065308|16,-1976729,-4383202;28,-14,-2;36,-4,5;48,-6,-5;60,-10,1;70,-8,2;78,-8,-3;90,-9,1;100,-8,-1;106,-5,-1
rua||l|petropolis 2|33065000|243,-1976548,-4382948
rua||l|petropolis|33065000|795,-1976019,-4382718
rua||magno lopes|morada do rio|33030650|15,-1978198,-4387079
rua||maria luiza|mato virgem|33030000|17,-1969679,-4377598
rua||maria piedade leandro|cristina|33105250|10,-1978355,-4392576;15,1,-2;20,-2,0;31,8,-9;38,-3,10;43,19,-1;50,1,13;55,1,-4;62,1,-5;67,14,8;74,-2,4;79,8,-1;86,-1,-1;91,20,6;98,-5,-4;103,5,-8;110,-4,15;115,15,-9
rua||nova lima|luxemburgo|33171018|15,-1979588,-4390386;17,-3,-13;21,4,8;26,8,-13;27,4,-6;34,-3,1;37,8,-6;46,-7,-4;47,2,-1;56,6,1;57,7,-10;67,2,-15;68,-2,12;76,11,-9;77,-6,-7;87,9,-4;88,-6,6;90,8,-3;96,20,-32;97,-19,21;98,1,5
rua||nova lima|vila olga|33040135|12,-1977974,-4387506;27,-18,16;39,-12,9;53,-6,8;64,40,-30;67,-41,34;68,0,-5;79,-15,16;80,4,-12;91,-8,12;92,6,10;103,-15,4;115,-12,2;127,-7,12;131,-1,6;139,-7,6;151,-10,7;161,-18,24;173,14,-11
rua||olivia leite|santa rita|33080044|10,-1980736,-4388963;11,-4,15;22,-6,1;23,-11,14;35,-15,22;36,11,-20;40,-8,10;47,6,35;56,-25,-36;58,0,0;62,4,10;64,8,0;66,4,10
rua||oscar negrao de lima|asteca|33120120|10,-1979032,-4392551;19,38,55;40,2,-2;51,-10,0;56,2,-5;63,-8,-6;69,-11,-1;85,-7,-8;88,8,-1;97,-19,-10;98,23,9;109,-28,-18;115,-4,-2;121,-6,-5;133,-10,-8;138,85,67;186,-56,-49;188,-8,0;190,-8,-17;212,-25,-15
rua||pedro lara|monte carlo|33172040|8,-1977708,-4389530;13,112,74;14,-118,-66;94,134,96;255,-136,-120;289,-19,-6
rua||pedro leopoldo|nossa senhora das gracas|33030250|18,-1977700,-4387536;26,-2,9;29,3,3;43,5,11;48,-9,-6;49,-11,72;51,22,-68;62,-14,23;74,0,6;86,-5,13;91,2,2;97,-6,14;98,0,2;103,7,4;115,-9,2;143,2,28;161,-2,14;178,-14,15;187,3,1;189,-1,12;190,-11,10;193,7,0;204,-9,3;205,10,-1;217,-14,15;218,-3,0;229,-4,7;230,-4,-3;242,-11,6;250,-13,25;254,8,-15;325,-15,20;351,17,-12
rua||perfecta sieiro limeres|palmital|33140750|2,-1976522,-4393233;9,54,20;22,29,-32;143,14,2;177,-59,19;181,-2,14;185,-9,6;195,-11,-1;204,6,10;205,-16,-2;206,14,-2;209,-26,3;214,85,-28;215,-86,30;219,-7,11;220,99,-46;221,-6,0;222,-93,50;223,-12,3;224,-42,23;225,35,-25;226,125,-54;227,-123,65;228,-25,9;229,2,-12;231,144,-76;232,10,10;235,-135,62;237,-12,4;240,153,-65;246,0,-3;252,8,-3;258,-3,1;265,-2,-16;266,7,8;269,1,-3;271,12,-4;272,-3,3;278,3,4;287,-192,86;289,198,-92;290,-1,-9;295,15,-3;296,9,-8;301,4,0;302,4,-3;307,0,-5;308,-7,12;313,13,-12;314,-9,10;321,13,-11;322,-5,12;327,11,-15;328,-6,12;333,10,-18;334,-4,21;339,11,-22;340,-8,11;347,14,-11;348,-10,7;353,13,-10;354,-11,7;359,13,-11;360,-4,4;365,7,-11;366,-12,12;373,20,-9;374,-20,1;379,20,-7;380,0,13;385,9,-10;386,-6,3;391,7,1;392,-2,0;399,12,-8;400,-2,7;405,2,-2;406,-1,1;411,8,-7;412,-4,5;417,14,-13;418,-7,10;425,9,-9;426,-2,2;431,12,-6;432,-9,6;437,13,-13;438,2,5;443,-4,-5;444,4,6
rua||raimundo romao de lima|liberdade|33170807|38,-1978253,-4389586;56,-17,-17;224,-124,24;236,-8,7;246,6,16;270,6,21
rua||reni souza lima|morada do rio|33030645|18,-1978055,-4387141;27,-9,18;30,-2,-10;37,-10,18;42,5,-11;47,-9,19;52,10,-16;59,-13,22;62,1,-14;69,-9,27;72,6,-14;79,-14,21;82,9,-6;91,-11,8;92,-1,4;102,1,-7;103,-5,12;113,-11,13;122,3,-5;123,-6,11;132,-2,0;142,-4,4;145,-12,3;152,2,5;153,3,6
rua||santa luzia|bom jesus|33010500|62,-1975808,-4384766;68,7,5;70,22,5;88,-11,2;100,38,5;709,-189,-133;715,-86,-21;737,9,0;739,5,-6;765,7,11;785,24,14;791,3,10;803,28,7;825,5,19;863,49,-6;875,-14,3;891,18,-5;921,16,22;939,29,12
rua||santa luzia|centro|33010500|5,-1976621,-4384855;10,-70,-3;25,79,-20;27,54,-40;35,-37,28;55,14,0;61,10,-4;65,-1,-6;172,-60,58;184,-24,-16;200,-16,-4;216,-8,6
rua||santa luzia|nova esperanca|33020272|18,-1976311,-4393831;28,79,3
rua||santa luzia|nova esperanca|33141025|16,-1976289,-4393806;19,-59,-16
rua||santa luzia|nova esperanca|33141050|1,-1976306,-4393870;2,-14,3;4,6,-2;5,-12,19;21,17,-30;22,-17,24
rua||santuza de souza lima|morada do rio|33030690|7,-1977968,-4386765;11,-8,12;17,0,6;20,-5,-7;30,-2,6;31,-3,13;40,-4,-5;41,1,10;50,-6,1;51,3,5;60,-9,0;61,6,5;70,-14,7;71,0,6;81,-4,3;82,-2,-6;91,0,11;94,-11,6;101,3,8;106,-8,-1;111,3,7;118,-5,-1;121,-4,10;128,-1,-5;131,-6,11;138,-2,-2;141,2,7;148,-6,-1;151,0,5;154,-11,7;161,7,3
rua||serafim lourenco|frimisa|33045030|25,-1976396,-4387936;39,-15,4;60,-8,7;61,-8,1;63,-1,6;74,-11,-1
rua||sete lagoas|rio das velhas|33030430|10,-1977647,-4386678;22,11,20;31,6,14;34,-8,0;44,9,8;49,7,7;54,-10,1;66,2,11;87,18,25;104,-8,9;116,0,13;121,13,10;128,-10,1;142,8,7;153,9,15;154,-6,14;174,3,13
rua||silverio augusto de lima|kennedy|33015480|30,-1975438,-4384303;44,22,2;64,14,21;92,10,-2;104,18,21;116,3,3;128,10,7;150,13,8;196,41,31;212,19,20;230,5,-10;242,9,17;254,-80,-59;266,96,69;280,-12,-13;290,30,26;306,9,6;315,5,4
rua||teodoro ferreira da luz|bela vista|33010690|35,-1975917,-4385705;49,11,2;71,31,16;103,29,10;125,13,4;147,16,13;185,30,7
rua||teodoro ferreira da luz|maria adelia|33010690|36,-1975906,-4385649;52,6,20;58,4,-60;68,10,-3;88,-7,97;94,6,-20;96,22,-63;100,-19,82;144,70,-56;147,1,-16;148,0,30;153,16,-22;170,-2,3;178,-1,32;188,0,-3;196,7,0
rua||vitorino rosa de lima|novo centro|33031180|260,-1977545,-4388582;266,-3,-10;294,-7,-21;300,-1,-11;306,-5,0;318,-1,-10;322,-2,-2;326,-4,0;334,0,-7;336,-8,-5;338,0,-8;340,-5,-6;342,2,-8;344,-5,-3;346,-5,2;348,-7,-4;350,-2,-9;352,0,-6;354,0,0;423,-24,-47;438,-3,-2;440,-4,-4;473,-13,-23;475,-1,-5;477,1,-6;483,-4,-3;499,-15,-7;501,0,-5;503,-3,-4;515,-9,-10
rua||vitorino roza de lima|novo centro|33031180|49,-1977512,-4388404;97,-11,-38;109,-4,-13;193,-21,-69;210,1,-22
rua||waldemar lima|palmital|33140040|12,-1977414,-4393513;18,-6,-1;24,-15,-3;30,2,-15;33,5,6;36,-10,-7;39,-2,8;44,2,-19;45,-7,4;51,-2,1;52,2,-1;59,-3,-5;65,-5,-1;69,-2,-4;76,-6,-11;77,2,5;83,-2,-4;84,-2,-3;89,-1,-8;90,-7,-1;95,-15,-11;98,10,17;104,-6,-13;112,4,-10;118,-11,1;126,-7,-9
via||lactea|terezopolis|33060535|105,-1979272,-4380847;109,129,314;112,176,170;120,-145,-171
