avenida|governador|magalhaes pinto|centro|37278000|23,-2089992,-4512918;28,3,4;34,-11,-14;35,-1,-2;42,-4,1;43,1,-7;55,-3,1;80,-16,-17;87,-1,-6;88,-2,-3;104,-10,-9;120,-10,-14;122,-5,-4;129,-1,-10;143,-6,-8;171,0,7;176,-34,-46;179,-3,-17;184,9,32;200,-20,-9;222,2,-22;225,-10,-2;236,-2,-7;240,-6,-19;243,-8,13;248,0,-10;253,-1,0;256,-4,-10;263,-10,-8
avenida|padre|nagib gibran|centro|37278000|16,-2089924,-4513090;29,1,6;30,-11,-1;45,-6,11;48,-9,-8;70,-9,6;75,-6,20;81,-10,-5;82,-6,-2;106,-17,11;111,-7,4;119,-5,6;126,-13,-9;140,-4,2;141,3,10;150,-111,38;151,-11,41;152,108,-76;157,-7,7;164,-5,31;171,0,-28;176,-53,1;180,41,5;182,6,-9;189,-91,61;211,65,-48;217,-9,5;220,-13,7;225,7,-3;235,-7,9;240,-91,53;246,78,-53;247,-9,6;255,-2,11;264,-8,-6;266,-9,9;283,-78,60;284,74,-58;300,-19,15;303,7,2;307,-1,1;345,-36,31;371,-15,5;376,-3,-9;380,-10,0;382,-6,9
avenida||joao rodrigues teixeira|alto da colina|37278000|349,-2090464,-4513071
avenida||joao rodrigues teixeira|centro|37278000|2,-2090164,-4513126;20,-8,-12;24,77,-29;26,-81,29;42,-8,-10;48,-19,1;92,-21,7;98,-26,-12;140,-41,11;148,0,0;164,-17,6;180,-14,1;194,-9,2;206,-22,8;216,-11,-1;224,-6,11;254,-14,4;308,-47,19;328,-13,12;338,-9,-1;348,-15,4
beco||mizael ferreira neto|centro|37278000|247,-2090382,-4513042;255,3,19;257,2,1;261,-10,-18
estrada|santo|antonio amparo|lavrinha|37278000|10,-2090887,-4504290;13,-137,293;14,-7,14
estrada|sao|jose|santana do jacare|37278000|4,-2086469,-4506857
estrada||antonio celso|tiburcio|37278000|1,-2091065,-4505320
estrada||areiao|lavrinha|37278000|56,-2091024,-4503990
estrada||betita|fazenda cruzeiro|37278000|1,-2087898,-4509247
estrada||br 369|usina de anil|37278000|2,-2082433,-4506264;3,22,-38;4,18,-35;5,25,-48;6,2,2
estrada||caridade|coqueiro alto|37278000|8,-2084884,-4501973;34,-3446,1349;39,5749,-2184
estrada||cedro|santana do jacare|37278000|1,-2084288,-4504084;4,-3371,-4450;5,19,-71
estrada||chico cambraia|nene cambraia|37278000|2,-2090879,-4510095
estrada||claudinho|nene cambraia|37278000|9,-2090171,-4509760
estrada||da granja|calogi|37278000|1,-2091393,-4511846
estrada||da lagoinha|fazenda cruzeiro|37278000|11,-2088243,-4505152
estrada||da onca|calogi|37278000|9,-2091772,-4511378
estrada||do cedro|corrego do junco|37278000|11,-2089188,-4509188
estrada||do cedro|santana do jacare|37278000|1,-2088148,-4505275;2,735,-2375;3,3140,3570;6,-281,2280;7,-2585,-4538;11,1664,482;14,-74,1440;58,-1951,-2646
estrada||do fama|lagoao|37278000|7,-2087125,-4506358
estrada||do fio|calogi|37278000|11,-2093772,-4508472
estrada||do fundao|santana do jacare|37278000|7,-2084884,-4501973
estrada||do irai|fazenda cruzeiro|37278000|2,-2087946,-4509220
estrada||do irai|fazenda pouso alto|37278000|10,-2088065,-4505814
estrada||do irai|lavrinha|37278000|1,-2089562,-4504162;2,445,-517;5,966,-592
estrada||do lei|calogi|37278000|5,-2092300,-4510359
estrada||do lo|alto da colina|37278000|460,-2090703,-4512710;492,-14,-20;502,0,-9
estrada||do sao tiburcio|antonio celso|37278000|9,-2090477,-4504970
estrada||do sao tiburcio|barreiro|37278000|8,-2090314,-4504824
estrada||do sao tiburcio|keko|37278000|20,-2090957,-4507740;25,1253,-966;26,149,-88
estrada||do sao tiburcio|santana do jacare|37278000|3,-2091220,-4506264
estrada||do ze delei|corrego do junco|37278000|10,-2091270,-4507772
estrada||do ze delei|santana do jacare|37278000|9,-2091135,-4508083
estrada||dona efigenia|calogi|37278000|23,-2092888,-4508755
estrada||eduardo do saul|santana do jacare|37278000|18,-2090039,-4508638
estrada||francisquinho rita|francisquinho|37278000|14,-2089029,-4510164
estrada||francisquinho|francisquinho|37278000|1,-2090447,-4511043;10,835,1113;11,-42,24;14,505,-281;16,-17,83
estrada||glenio ferreira|zagaia|37278000|41,-2086552,-4504163
estrada||joaquim de assis|calogi|37278000|15,-2093599,-4508920
estrada||joel moises|lavrinha|37278000|4,-2088270,-4504346
estrada||jose geraldo|calogi|37278000|4,-2092386,-4510203
estrada||lmg 843|calogi|37278000|1,-2091504,-4512004;3,110,152;6,-2486,3854;9,1318,-2488;16,-363,1675;17,37,56;91,-888,291
estrada||luciano|calogi|37278000|16,-2092921,-4508807
estrada||preto da elza|calogi|37278000|8,-2093964,-4508278
estrada||sao vicente|sao vicente|37278000|8,-2089650,-4511870;9,36,16;10,-126,901;11,425,112;17,295,3
estrada||silvio antonio|lavrinha|37278000|2,-2090896,-4504289
estrada||vicente silva|zagaia|37278000|10,-2086854,-4503933
estrada||zagaia|zagaia|37278000|10,-2086793,-4503825;12,215,-441
estrada||ze buzina|calogi|37278000|6,-2092149,-4511017
estrada||ze orelha|calogi|37278000|14,-2093526,-4509163
praca||joao alves duca|centro|37278000|7,-2089885,-4513014;16,4,-16;32,-4,12;44,-11,6;49,-5,40;52,5,-23;68,-6,4;69,-13,34;71,-3,3;77,3,5;79,4,2;96,-16,-27;113,-7,55;114,7,-37;121,2,59;126,-6,-47;132,-8,11;141,-17,38;146,11,-36;151,-13,39;160,9,-34;161,-7,41;163,-1,7;171,1,13;177,-11,-10;181,8,8;193,-14,14;214,-9,-29;218,3,8;219,-3,40;222,-5,-36;228,-4,4;232,-1,6;237,-4,44;244,-17,-52;245,18,58;263,-7,17;264,-18,-49;282,-3,-1;290,-12,8;310,-15,16;337,8,19;345,-7,-8;349,-9,1;410,45,24
praca||saturnino cardoso|centro|37278000|15,-2089699,-4513133;23,-13,5;31,-6,1;51,-52,-24;54,33,-20;66,-20,5;68,2,4;70,13,48;77,-26,11;82,1,-59;99,-12,68;105,-9,-5;110,4,-52;123,-12,62;145,-9,9;151,-2,6;167,-8,8;168,-20,-48;178,-4,11;181,0,42;191,-13,5;207,-4,-1;208,-13,-61;220,-8,2;225,-14,39;233,-7,-13;234,2,-6
rua|coronel|francisco cambraia|centro|37278000|20,-2089860,-4512983;56,2,-21;67,1,16;69,7,16;71,-3,3;90,-1,8;91,14,2;106,-16,32;107,16,-15;117,-13,2;124,7,45;129,7,-28;130,-3,34;136,-5,-13;149,18,-2;152,-13,25;162,-1,24;167,10,-26;170,-8,40;173,7,-34;183,-5,10;211,7,26;272,-45,150;276,20,-67;279,15,-36;280,-12,44;286,-15,8;292,2,6;295,22,-41;301,-11,17;307,7,13;310,-25,21;315,16,-19;325,-1,8;340,-16,24;341,4,-8;351,-1,5;375,-1,14;385,-4,16;395,-1,7;400,1,24;407,4,-10;417,-3,15;420,-4,19;439,5,-5;445,2,4;459,3,21;460,-11,12;463,17,-3;477,-1,3;543,53,45;557,5,14;601,4,32
rua|maestro|sebastiao de melo|alto da colina|37278000|18,-2090357,-4512811;22,-8,4;32,-4,1;36,28,-15;48,-32,22;62,-11,5;70,-20,10;78,-6,7;92,-10,6;106,-5,2;124,-8,3;134,-15,3;140,-5,8;148,-8,4;158,-13,13;170,-15,26;171,15,-28;186,-21,31;223,31,-31;228,-41,51;242,-6,6;250,0,5;258,-8,10;270,-7,10;280,1,3;290,-7,15;337,68,-97;341,-4,3;351,-10,8;363,-7,9;377,-6,11;405,-11,12;413,-4,13;427,-2,5;435,-5,12;445,-18,8;461,0,10;491,-14,24;499,-2,10;509,-1,-10
rua|maestro|sebastiao de melo|centro|37278000|11,-2090233,-4512867;20,-90,40;21,80,-39;29,-12,6;35,0,-1;50,-8,5;61,-3,1;73,-20,11;81,-13,7;91,-1,1;95,-3,1;103,-4,3;159,-45,28;181,-8,1;193,-8,6;203,-8,6;209,-3,1;221,-15,8;247,-8,3;255,-8,5;265,4,4;285,-24,7
rua|padre|correa|centro|37278000|9,-2090255,-4513012;14,-30,-2;22,-2,7;25,17,0;26,-18,1;53,-6,2;55,-14,3;57,-11,3;71,-17,0;76,1,-7;82,-6,7;86,-12,2;87,10,6;97,-12,-2;100,0,-7;110,-15,1;111,4,10;120,-6,-4;121,-9,7;125,-20,6;130,25,-10;140,-20,1;150,-6,9;157,-4,6;160,-12,-5;170,7,5;274,-3,5
rua|padre|veloso|alto da colina|37278000|131,-2090344,-4512835;147,-9,-20;165,-6,1;169,-6,-19;187,-45,12;193,28,-17;205,3,-13;207,-71,-64;210,68,54;215,-2,-9;237,-8,-15;245,-6,-8;257,3,-6;267,-8,-8;301,-24,2;307,-7,7;315,6,-6
rua|padre|veloso|centro|37278000|3,-2090291,-4512728;9,-7,0;15,1,-6;20,15,6;23,-23,-14;30,8,1;52,-6,-15;53,-14,-6;60,9,-9;65,-12,-10;67,-4,-7;81,-4,-8;82,10,8;88,-6,-6;91,-7,-11;92,6,3;97,-10,-6;100,14,0;176,-34,-66;188,-1,-9;214,-28,-25;222,-11,-5;240,4,-14;274,-21,-29;377,103,199
rua|sao|geraldo|centro|37278000|20,-2090254,-4512816;25,-3,-10;26,3,2;31,-10,-11;32,7,5;35,-15,-5;47,0,-7;61,4,0
rua|sao|jose|alto da colina|37278000|305,-2090420,-4512739
rua|sao|jose|centro|37278000|2,-2090197,-4512532;8,4,5;9,-35,-21;10,7,-4;12,-7,-6;20,-30,-28;22,-1,-10;25,26,37;26,43,25;30,-80,-63;37,32,39;50,-47,-67;74,-14,5;132,-3,-15;144,-17,-10;158,-6,-6;177,-29,-34;184,26,22;186,-13,-4;188,4,-10;232,-27,-34;246,-9,-10;280,192,197;304,-238,-224;318,-4,-1
rua|sao|jose|elbert e luiz|37278000|1,-2090201,-4512527;7,5,4;55,-56,-51;61,-12,-10;75,-12,-10;83,-10,-9;96,12,9;97,-20,-19;103,-6,-7
rua|sao|vicente de paula|alto da colina|37278000|1,-2090511,-4512715;6,24,13;11,-22,-6;12,26,8;26,6,6;30,4,4;34,-51,-29;35,57,39;36,1,-2;37,-4,0;51,-13,-11;60,33,30;114,16,48;218,-76,-97
rua|sao|vicente de paula|elbert e luiz|37278000|108,-2090249,-4512461;199,-38,-38;209,7,3;225,-68,-58;227,89,75;245,-112,-88;247,28,17;252,-2,4;257,12,4;258,-3,2;263,8,0;264,0,8;270,8,6;271,2,2;289,20,17;308,-18,-16;314,23,21;316,5,21;320,22,5;354,9,2;363,17,19;384,0,-6;390,0,6;391,1,1;395,9,0;396,1,-1;400,1,5;404,11,-3;405,5,-3;411,-86,-54;412,86,66;415,-1,-8;417,8,4;418,-5,8;421,6,-8;423,12,2;424,-12,6;428,3,0;429,10,-2;435,2,6;436,-1,9;441,5,3;444,-9,-5;455,20,5;481,14,18;484,-7,6
rua|vereador|antonio sabino dos santos|alto da colina|37278000|11,-2090554,-4512716;34,14,6;54,-21,-5;56,7,5;77,8,8
rua|vereador|clovis cambraia do nascimento|elbert e luiz|37278000|1,-2090157,-4512381;2,-13,-6;3,2,3;9,-6,-3;12,1,-6;15,-7,3;16,-7,6;21,0,-5;22,2,-1;26,-8,-6;31,-3,2;32,0,-4;35,-4,7;36,-66,-20;38,65,16;43,-14,1;46,3,-2;49,1,2;50,-3,-10;55,-2,5;56,-4,-2;62,-9,-2;65,9,1;70,-6,-1;76,-9,-6;77,3,14;79,-8,-6;82,-4,-7;86,-4,-3;91,1,7;92,-1,-7;99,-6,9;105,-6,-4;117,-14,-2;123,-14,-6;124,2,-8;126,-18,-5;128,8,1;147,-25,-1;155,4,4;161,-8,-5;167,-5,-1;173,-2,0;195,-16,4;203,8,-11;209,-13,0;215,1,-1;225,-14,-3;247,-15,-13;293,-12,-1
rua|vereador|luiz cardoso naves|alto da colina|37278000|2,-2090480,-4512786;8,-22,10;47,1,-33;53,-13,-8;55,9,7;61,-15,11;71,0,1;75,17,16;126,9,6;138,-11,-11;146,-1,-5;172,10,-20;177,-16,22;186,16,-20;190,11,-8;198,6,-4;214,11,-6;215,10,-22;220,-1,11
rua|vereador|reinaldo da silva leocadio|sevilha|37278000|9,-2090535,-4513053;17,-2,12;25,-9,2;27,-2,7;37,3,7;45,-5,10;55,-8,2;56,1,-2;62,0,8;65,-5,9;68,-2,-11;76,-8,17;80,-1,6;85,7,-2;86,-17,16;89,4,-3;95,6,-1;109,-12,15;119,-3,9;131,-4,9;132,-5,-1;137,4,8;138,-7,-5;156,-2,17;157,-2,5;160,-8,1;170,-7,7;180,-8,5;189,8,9;190,-7,-3;200,-5,10;207,-2,16;210,-4,-10;218,-7,12;236,-3,11;255,-6,19;335,10,-13
rua||13 de maio|centro|37278000|9,-2090062,-4512824;28,-10,-4;36,-5,-13;39,-11,1;48,1,-10;49,-9,2;60,1,-11;63,-7,5;71,2,-10;77,-3,-5;79,-72,-63;83,59,58;90,5,-6;99,-13,1;120,-12,-19;131,-11,0;146,0,-18;149,-10,3;156,5,-10;166,-5,-8;234,-38,-46;235,-11,0;252,-10,-15;255,-6,6;263,-7,-11;281,-10,-10;302,-1,-8;305,-25,-16;316,13,2;317,35,43;323,-61,-59;333,-1,-8;334,24,16;338,-15,-17;343,-15,-3;346,22,11;349,-26,-19;361,-3,-4;362,16,8;367,-22,-19;368,14,14;379,-23,-19;391,-21,-36;420,18,18
rua||adelino de bastos freire|sevilha|37278000|15,-2090873,-4513008;16,-13,-4;25,-1,8;26,-10,-3;30,-3,-3;38,-23,9;48,5,0;55,-4,4
rua||alvaro cardoso|alto da colina|37278000|1,-2090626,-4512624;29,-27,-62;41,9,12;55,7,17;61,-3,4;79,4,13;91,7,11
rua||alvaro cardoso|jardim dona mariana|37278000|10,-2090661,-4512689;22,10,3;42,-14,16;62,23,21;66,-11,3;70,14,3;78,2,2
rua||amauri ciriaco|elbert e luiz|37278000|4,-2090342,-4512470;12,4,-1;31,25,3;32,2,7;44,4,1;51,14,8;57,9,4;66,-5,-7;67,17,10;84,-10,-4;90,12,2;96,2,10
rua||antonio alipio de carvalho|centro|37278000|10,-2089954,-4512494;25,-7,-4;53,21,-12;61,16,2;83,15,-11;93,-8,9;123,-39,11;127,-23,6;134,3,-10;191,-46,-31
rua||antonio augustinho|sevilha|37278000|5,-2090680,-4512853;10,-168,-152;20,-11,-11;25,160,141;35,-4,-3;45,-7,-12;55,-10,-4;65,-4,-2;70,71,81;75,-103,-112;105,-1,3;115,-8,-3;132,102,85;140,-138,-109;145,4,5;150,-1,-8;155,-3,1
rua||antonio ferreira da costa|centro|37278000|4,-2090131,-4512429;8,2,-6;16,-31,-40;78,-5,-1;128,26,31;134,-5,-10;140,-13,-10;188,4,-7
rua||antonio ferreira da costa|elbert e luiz|37278000|51,-2090154,-4512462;57,-2,-4;63,-4,-7;67,-6,-2;77,-3,-3;85,-2,-6;133,34,44;323,9,2;325,-7,0;335,-10,-8;346,-4,-7
rua||antonio ferreira de bastos|alto da colina|37278000|21,-2090547,-4512804;31,8,2;51,13,13;289,-33,-23;291,6,4;293,17,7;301,-13,0
rua||antonio purcinio pinto|sevilha|37278000|7,-2090599,-4512965;20,2,-6;27,-18,-4;66,-18,-17;72,-8,-4
rua||augusto teixeira|centro|37278000|17,-2090091,-4512813;22,-4,5;32,-6,0;42,-3,2;47,-22,4;58,15,-7;59,-22,14;62,1,-2;75,1,6;76,-9,-3;84,-6,9;87,1,2;88,-8,14;97,0,-15;102,-12,5;109,6,3;121,-7,4;122,-9,-1;128,-7,-2;137,-4,11;140,-8,-1;148,-2,-3;149,17,-2;157,-19,13;159,-7,2;168,-7,-2;178,-7,6;184,-9,3;188,-7,6;200,-6,-4;207,-4,3;210,-7,3;211,0,12;222,-9,-8;223,10,7;230,-11,0;233,-7,3;245,-11,10;265,-9,5;271,-5,3;277,-10,7;278,-4,-8;284,-5,9;288,-7,-5;293,7,3;304,-16,6;315,-4,6
rua||bagre|jardim beira rio|37278000|79,-2090565,-4513127
rua||bagre|sevilha|37278000|10,-2090550,-4513069
rua||bento resende poucas|centro|37278000|5,-2090119,-4512610;14,-3,9;15,-2,10;22,-1,0;34,-23,14;46,1,3;47,14,-2;49,-6,7;54,-14,12;60,-3,3;99,-4,28;103,0,5;110,0,-24;128,-106,307;133,91,-259
rua||bento resende poucas|elbert e luiz|37278000|130,-2090174,-4512509;138,-8,13;161,-12,12;162,-10,-2;167,9,2;171,-15,3;172,8,4;180,-21,-1;181,6,2;191,-10,-2;387,-1,-2
rua||dourado|jardim beira rio|37278000|152,-2090789,-4513163;180,1,-15;194,0,4;208,4,-19;247,-7,-72;275,4,-26;284,-1,8
rua||dourado|sevilha|37278000|29,-2090762,-4513043;39,6,-14;49,-18,1;50,5,2;76,1,-26;82,-9,-9;90,-2,-6;99,-1,-5;100,5,-2;111,-9,-14;120,7,-8;128,-5,1;141,-6,-26;175,-7,-31;240,-19,-42;250,21,-13
rua||duca fagundes|sevilha|37278000|1,-2090630,-4512975;12,-8,5;22,-5,4;25,0,9;32,-9,-7;33,7,5;35,-2,4;37,0,5;45,-2,6;50,-11,0;53,5,8;57,-3,1;61,4,10;65,-8,-2;69,-1,5;72,-3,-11;77,-2,19;85,-2,1;95,-6,5;98,-7,3;102,-3,-2;103,10,-1;107,-4,12;108,8,-15;110,-17,20;111,6,1;119,-4,7;120,-7,-3;121,-4,-14;216,16,-5
rua||escama|jardim beira rio|37278000|32,-2090823,-4513245
rua||espada|jardim beira rio|37278000|10,-2090793,-4513399;18,-10,5;94,-46,8;104,-10,4;154,41,-14
rua||evaristo cardoso|centro|37278000|3,-2090031,-4512784;11,-5,6;12,-6,3;19,-3,4;22,0,-1;27,-5,8;36,-12,-1;39,8,11;40,-9,4;56,-32,15;60,25,-15;62,-32,27;68,-9,6;74,2,-2;84,14,-7;90,34,-23;105,-99,93;106,26,-36;112,-13,10;116,-46,34;119,91,-62;123,-6,1;125,-2,9;126,-76,59;133,73,-52;142,-79,60;145,67,-61;147,0,4;149,-52,52;151,-16,11;156,-9,-7;157,66,-45;172,-79,69;175,65,-51;178,-67,51;181,12,-17;184,-20,14;192,-5,15;204,-12,4;216,-2,6;235,48,-29;265,-15,9;269,-1,2;277,-10,12;291,-9,7;297,-3,1;301,-4,9
rua||evaristo cardoso|elbert e luiz|37278000|131,-2090320,-4512492;141,-10,6;244,60,-64;254,-9,2;264,-7,12;274,-7,0;286,-7,13;308,-19,0;328,-7,31;333,70,-72;338,-76,72;341,73,-67;349,-10,9;355,-6,8;356,-67,60;366,8,-14;370,-16,29;382,-11,8;391,68,-63;400,-85,69;411,65,-50;413,-3,7;426,-77,76;430,9,-14;435,9,1;440,-16,16;443,11,-6;444,-4,5;445,-2,3;447,-4,-4;448,-7,14;451,10,-2;454,-3,0;455,0,10;460,0,-1;461,5,8;466,-9,-5;480,-3,8;484,-7,2
rua||feliciano andrade|centro|37278000|21,-2089966,-4512830;25,10,5;32,-5,-4;34,13,12;37,3,-3;50,9,12;51,6,2;72,20,18;84,10,-6;104,19,-3;112,9,1;122,9,6;141,-5,0
rua||francisco ferreira da costa|sevilha|37278000|7,-2090795,-4512990;19,-6,8;29,-4,7
rua||francisco jeronimo de oliveira|centro|37278000|10,-2090201,-4512500;91,-59,55;129,60,-119;141,6,-9;155,8,-9;161,-22,21;163,26,-23;286,-1,3;294,-2,1
rua||francisco jeronimo de oliveira|elbert e luiz|37278000|3,-2090224,-4512536;132,-28,116;174,-17,24;175,-1,22;180,-3,-10;184,1,3;192,-3,11;197,52,-166;201,-9,7;203,-3,20;211,2,-15;218,-4,35;219,-2,-3;226,9,-12;233,-8,4;349,-7,22;363,5,1
rua||genaro joaquim pimenta|centro|37278000|1,-2090171,-4512330;11,-19,3;23,-12,-11;27,-2,0;47,-9,-5;65,-14,0;75,-7,1
rua||genaro joaquim pimenta|elbert e luiz|37278000|2,-2090176,-4512335;12,-5,-1;18,-7,-1;22,-6,-1;28,-3,2;34,-8,-5;42,-7,0;52,0,-3;66,-14,0;68,2,5;74,-8,-7;80,-8,-4;88,-10,0;94,-6,-8;98,-4,-3;106,-5,4
rua||geraldino de souza rezende|jardim beira rio|37278000|150,-2090820,-4513153;170,1,-23;176,1,13;180,4,-25;185,0,-5;194,0,-4;220,0,-3;238,-2,-5;244,-2,-19
rua||geraldino de souza rezende|sevilha|37278000|1,-2090842,-4513008;11,6,0;33,-1,-14;50,6,-26;60,-1,-6;61,-2,12;69,-2,-11;70,3,-1;75,-2,-8;76,7,-1;82,-5,-5;83,-1,-9;90,5,-3;96,3,-4;101,-9,-6;104,9,-12;111,-7,5;114,8,-4;119,-3,-9;122,6,4;126,-1,-10;127,-10,6;130,8,-14;139,-7,1;144,7,-3;147,-4,-6;163,5,-7;167,-2,-8;171,5,-3;177,1,-4;195,0,-18;211,1,-16;217,3,-6;231,1,-10
rua||geraldo cardoso|alto da colina|37278000|22,-2090626,-4512701;27,13,0;68,-13,8;162,49,41;451,-55,-52
rua||geraldo cardoso|jardim dona mariana|37278000|87,-2090567,-4512638;97,-7,-13;161,-3,-5
rua||geraldo freire|sevilha|37278000|35,-2090826,-4513233;45,-4,2;53,-10,-3;59,-8,5;63,-6,0
rua||geraldo galdino freire|jardim dona mariana|37278000|5,-2090663,-4512568;13,-21,2;23,-9,5;28,-7,-9;35,-4,12;38,-1,-10;45,-11,19;48,2,-8;57,-3,19;58,-10,-22
rua||joao augusto avelar|sevilha|37278000|3,-2090740,-4513006;9,1,6;17,-1,2;23,-8,5;24,-4,6;29,-4,7;32,4,0;39,-3,1;45,-3,7;46,-3,5;51,4,3;52,-4,-3;55,1,9;60,-8,-2
rua||joao grande|centro|37278000|19,-2090150,-4513070;34,-20,4;37,10,6;44,-16,2;57,15,6;61,-10,2;63,-2,1;86,-26,10;95,6,11;96,14,-28;102,-26,24;103,6,14;110,-14,-9;113,38,-20;120,-42,25;127,-3,12;148,-22,21;153,-6,9;164,-7,0;204,-22,16;212,-9,7;221,4,9;228,-10,-1;243,-2,11;246,-9,-4;250,-6,6;257,5,9;260,-19,-5;263,182,-164;269,-172,174;281,-15,8;291,-1,7;310,-40,11;311,28,-9;319,-7,10
rua||joao luiz|alto da colina|37278000|2,-2090433,-4513072;8,1,14;38,-161,284;40,94,-185;48,50,-75;54,0,7;64,-4,13;98,-5,10;100,-7,12;110,-7,17;111,11,5;113,-7,7;120,-9,-1;129,7,6;130,-10,1;137,7,7;144,-10,5;149,-5,16;154,1,-10;156,-3,5;165,2,12;171,-3,14;181,-1,2;188,-17,9;189,9,4;213,1,16;223,-10,5;231,-23,11;237,9,-11;249,-11,16;252,14,-19;259,-16,26;262,11,-17;263,-18,26;266,12,-21;277,-25,34;279,19,-29;286,-9,5;296,-7,7;300,-9,16;303,-5,28;320,-15,5;324,5,17;329,5,-13;336,-26,11;337,20,-3;350,18,-43;362,-10,13;365,-16,42;371,-7,4;372,20,-42;376,-2,4;385,-34,59;398,-29,10;405,27,-2;412,-36,13;416,-3,-2;421,25,-7;422,-37,13;431,28,-8;438,-33,15;442,-11,5;452,-9,1;453,37,7;492,-65,-7;514,-13,2;540,-19,8
rua||joao luiz|centro|37278000|5,-2090418,-4513054;9,-7,-6;17,-4,11;27,-9,7;35,-3,11;39,0,1;55,-9,19;65,2,-3;71,-11,16;81,4,2;89,-2,18
rua||joaquim barros ferreira|jardim dona mariana|37278000|1,-2090719,-4512654;11,-4,14;21,-17,-1;31,-7,3;41,-7,10;51,-13,6
rua||joaquim rodrigues tavares|alto da colina|37278000|10,-2090568,-4512764;81,-3,-4;89,8,3;99,4,3;115,15,11
rua||jose bernardino|alto da colina|37278000|530,-2090407,-4512716;544,-9,12;546,-5,4;554,-11,4;560,-2,-4;570,-3,10;586,-15,18;606,-12,7;616,-10,15;643,-8,18;644,-3,1;646,-5,0;656,-10,8
rua||jose bernardino|centro|37278000|22,-2090064,-4512962;44,-9,15;50,-4,0;60,-7,9;68,-15,11;69,1,2;92,-9,6;93,3,8;103,-8,7;108,-7,0;115,1,4;135,-17,19;138,7,7;154,-20,0;157,3,26;166,-5,-18;168,-9,10;173,-4,-5;186,-9,12;189,-4,6;198,-5,-18;200,-4,15;203,2,8;217,-6,8;236,-15,4;243,-1,11;250,-17,-1;255,11,7;268,-14,-3;269,4,5;275,-5,1;278,-14,4;292,-20,1;295,14,6;296,-8,-4;303,9,5;310,-27,-13;316,6,13;320,-3,6;323,0,1;326,-8,1;333,10,10;353,-4,10;363,-18,-7;378,-8,-4;386,-1,1;391,-34,29;409,-4,2;415,-5,3;431,-16,2;439,-2,4;444,20,-16;454,-14,10;478,-17,8;490,-12,10;504,-5,6
rua||jose fontoura|centro|37278000|3,-2090099,-4512797;16,-2,21;20,-7,-15;26,10,22;33,9,-3;34,-9,5;39,9,2;46,-4,10;56,9,9;63,-4,-4;83,10,19;104,1,19;110,7,6;118,9,9;122,-4,2;125,-2,-13;133,1,1;148,6,50;152,2,4;155,-3,-35;161,4,11;162,2,35;171,-1,-30;178,6,41;188,2,11;195,-3,-37;203,2,12;205,3,7;214,3,32;215,-1,-21;229,4,4;237,0,7;247,3,19;255,-4,3
rua||jose leocadio teixeira|sevilha|37278000|25,-2090723,-4512933;26,31,-69;30,-4,8;38,-3,5;48,-3,13;54,-6,5;55,5,1;66,-9,12;70,-3,5;86,-9,15;92,1,-4;98,-9,11;105,46,-73;108,-50,77;112,-1,6
rua||jose pedro cardoso|centro|37278000|7,-2089983,-4512641;15,7,7;23,4,-1;28,-6,0;32,14,3;33,1,0;38,3,2;43,2,1;46,0,2;53,6,-2;60,4,2;70,11,3;80,10,-2;90,10,5;103,5,-7;106,3,6;114,6,4;120,6,0
rua||jose rafael de resende|alto da colina|37278000|1,-2090550,-4512746;9,-50,117;18,48,-115;26,-8,12;32,5,-5;40,-11,19;55,-7,18;67,0,3;80,-10,19;97,-6,16;130,-16,18
rua||jose rafael de resende|jardim dona mariana|37278000|135,-2090595,-4512647;141,0,10;151,-3,22
rua||josefa basilio dos santos|sevilha|37278000|3,-2090609,-4513007;13,-10,12;23,1,3
rua||juarez de melo freire|sevilha|37278000|7,-2090663,-4512998;21,-11,14;28,-4,2;33,-2,6;38,1,-6;47,-10,25;48,7,-15;55,-9,20;58,-1,-7;74,-8,18;75,3,4;85,-4,-1;95,-6,10;99,17,-26;101,-29,40;111,-7,14
rua||juca fortunato|alto da colina|37278000|1,-2090478,-4512788;5,-6,7;7,-8,5;10,-15,24;11,8,-8;12,-53,84;16,39,-66;21,8,-16;22,-18,37;24,3,3;25,9,-21;27,-3,8;29,-19,31;33,-11,5;41,5,3;51,-8,16;60,-4,-2;72,-6,11;86,-7,20
rua||julio cardoso filho|centro|37278000|6,-2089927,-4513130;34,-30,-1;38,-7,8;40,-3,-3;54,-4,1;62,-15,-2;63,-4,11;65,-1,-3;70,-1,-8;78,-7,1;86,-7,0;92,-1,0;103,-14,5;110,3,-1;115,-12,3;120,2,-5;146,-21,-3;149,-18,9;158,7,-9;167,-31,7;178,4,-5;185,-10,3;186,9,-2;192,-5,10;194,-8,-8;197,-10,8;212,0,-5;222,-12,-2;230,-10,1;234,-4,-9
rua||juvenal geraldo mendes|centro|37278000|2,-2090039,-4512567;22,-25,10;48,-7,27;50,-1,2;56,-7,4;68,18,-24;88,-14,54;98,-7,7;104,-3,8;110,-46,6;112,23,2;126,10,10;130,-7,4;162,-4,29
rua||juvenal geraldo mendes|elbert e luiz|37278000|3,-2090121,-4512433;13,80,-128;19,-8,9;45,-8,5;77,-6,15;85,-5,17;95,-2,22;105,-8,19;129,-9,6;145,0,24;151,-11,9;161,4,5;173,-10,4;184,-28,15;192,-2,11;200,-10,3;203,-3,3;249,-3,22;262,-11,10;269,6,2;270,-9,8;275,-1,12;279,3,11;285,7,2;291,-13,11
rua||lambari|jardim beira rio|37278000|25,-2090683,-4513054;35,-5,-10;45,-5,-4;55,6,-18;65,-4,-3;68,10,-8;76,-4,-7;88,-1,-13;108,-1,-19;118,-4,0;125,-6,-9;139,1,-10;148,4,4;168,-8,-32;267,-20,-90;271,-2,-9;277,-12,-13
rua||lambari|sevilha|37278000|248,-2090711,-4513260
rua||licerio antonio dos santos|jardim dona mariana|37278000|4,-2090703,-4512617;11,1,9;14,-9,-8;22,-3,4;23,-2,11;32,-11,-1;33,0,9;43,-8,1;44,4,-6;55,-11,12;56,-1,-10
rua||lindolfo caseca|centro|37278000|2,-2089997,-4512637;12,3,-123;31,8,-1;49,3,24;73,16,-4;77,0,5;78,-20,12;80,17,0;82,13,9;88,-29,11;90,-6,8;93,13,-23;106,-11,40;107,3,-31;119,0,14;123,0,2;135,0,16;136,-3,6;140,-7,14;142,-4,5;145,9,-17;152,-10,22;160,7,12;161,-1,-21;168,-6,33;173,9,-33;174,-11,35;189,3,-4;194,-4,16;197,3,-9;218,-14,36;221,16,-24;227,-3,8;228,-8,11;233,6,-1
rua||lucinda freire barbosa|jardim dona mariana|37278000|27,-2090718,-4512668;37,7,1;47,9,12;57,5,6;67,5,9;77,4,11;87,6,10;97,3,3;107,5,14;117,3,3;127,7,9;147,10,8;157,0,18;165,5,0
rua||mandi|jardim beira rio|37278000|13,-2090570,-4513138;27,-17,3;36,-22,7;45,8,-2;46,-18,0;48,-7,-6;55,17,3;65,-8,7;75,-12,-3;87,-2,4;90,-14,-4;95,-6,9;100,-8,-8;105,-1,-1;110,-8,5
rua||maria candida de souza|centro|37278000|9,-2090091,-4512515;19,-13,1;29,-11,-2;30,4,-1;38,-7,-7;39,-5,-1;48,4,-1;49,-7,0;59,-14,-1;66,10,-3
rua||mariano martins viana|sevilha|37278000|5,-2090523,-4513063;6,-275,57;20,265,-54;27,-21,16;33,-25,3;45,-20,9;53,8,-1;63,-24,1;81,-6,3;102,41,-18;107,-59,20;110,51,-11;120,-12,-1;133,-65,14;138,32,-9;144,-4,1;152,-15,0;163,-49,12;179,-11,4;187,-13,0;201,-5,9;221,-18,3;237,-27,5;240,44,-14;250,-12,-1;270,-17,4;317,-72,28;335,-26,-3;341,-8,13;346,-7,-8;347,-1,4;353,-5,5;361,0,1;369,-11,-1;378,113,-30;379,-122,32;384,104,-35;393,-120,41;401,-5,0;409,-2,6;412,69,-30;415,-81,32;421,4,-2;422,64,-21;428,-3,-2;443,-84,32;444,74,-27;449,-82,25;450,76,-28;455,-83,34;460,77,-34;465,-81,33;466,74,-31;475,-81,35;478,69,-26;483,-79,33;486,71,-33;488,-7,3;504,-59,16;506,48,-14;510,-4,2;522,-15,5
rua||milico cambraia|alto da colina|37278000|1,-2090556,-4512654;10,1,1;41,24,21;44,5,12;50,-5,-10;53,12,13;70,64,41;80,-45,-17;92,12,6;96,-21,-25;100,33,31;110,4,9;122,1,6;166,11,8;310,-76,-81
rua||morel alves ferreira|centro|37278000|17,-2089913,-4512770;18,-4,-7;29,2,23;45,-3,5;49,-15,94;59,13,-85;64,0,5;74,-17,27;77,15,-2;78,-6,-5;100,-2,18;110,-1,12;116,0,4;123,3,10;126,-4,-3;131,3,6;141,-2,13;155,-5,13;163,0,7
rua||ovidio rodrigues pereira|alto da colina|37278000|28,-2090514,-4512579;40,8,3
rua||pacu|jardim beira rio|37278000|11,-2090738,-4513216
rua||pacu|sevilha|37278000|230,-2090702,-4513226
rua||piaba|jardim beira rio|37278000|18,-2090571,-4513098;26,-3,3;40,-13,1;46,-9,5;56,-4,3;66,-17,0;78,-10,-2;98,-17,6;104,-18,6
rua||piaba|sevilha|37278000|27,-2090578,-4513091;35,-4,-1;45,-13,6;77,-33,6;87,-3,2;95,-9,0;101,-10,4
rua||piau|jardim beira rio|37278000|15,-2090632,-4513175;20,-41,1;22,8,1;23,26,1;55,-9,3;60,-16,-4;75,-2,9
rua||piau|sevilha|37278000|42,-2090643,-4513178;52,5,-5;62,8,-3;160,-192,36;172,62,-9;178,45,-4;182,-57,11;188,44,-9;213,-73,7;223,-12,2
rua||quinca cambraia|centro|37278000|7,-2090158,-4513111;21,-16,-9;29,-16,7;39,-11,2;45,-11,1;61,-15,3;75,-7,1;103,-16,0;121,-12,10;131,-7,-5;136,-17,3;137,8,1;148,-20,3;155,0,10;181,-20,-3;191,-10,-2;199,-4,7;225,-21,4;231,-15,7;237,-2,-1;247,-11,6;255,-29,8;261,19,-1
rua||robalo|jardim beira rio|37278000|50,-2090733,-4513344;110,32,-34
rua||robalo|sevilha|37278000|6,-2090728,-4513331
rua||rui barbosa|centro|37278000|9,-2090204,-4512697;15,-1,5;21,-8,0;22,-3,-6;29,-4,9;30,-7,1;37,5,10;41,-9,2;44,-1,-7;53,-5,14;61,-4,-3;62,-5,1;70,4,-3;71,-7,10;73,-8,4;78,1,-10;80,-6,2;99,-8,17;121,-15,9
rua||rui barbosa|elbert e luiz|37278000|163,-2090314,-4512630;171,-7,10;179,-4,11;181,-5,1;193,-9,12;205,-6,-6;217,-9,16;225,-12,11;259,-17,18
rua||sebastiao carlos do nascimento|alto da colina|37278000|3,-2090475,-4512552;23,-21,25;100,8,-11;121,-5,11;129,-5,4;131,12,-12;137,-19,14
rua||sebastiao carlos do nascimento|elbert e luiz|37278000|19,-2090428,-4512594
rua||sem denominacao 1|centro|37278000|4,-2089918,-4513129;234,6,13;238,-5,2
rua||surubim|jardim beira rio|37278000|141,-2090763,-4513241;151,4,-7;159,8,65;163,0,13;165,0,-17;173,-3,-13;187,-2,-18;190,4,21;200,1,-5;242,-3,-43;270,-6,-32;271,-7,1;280,8,-10;290,-9,-13;330,2,-34;340,-4,-17;350,1,-15;360,0,-12;370,-5,-8
rua||surubim|sevilha|37278000|30,-2090722,-4513047;31,-7,3;40,7,-8;41,-7,3;51,0,-8;57,-2,-6;65,-4,-13;70,10,-4;89,-10,-7;99,-2,-7;109,-1,-18;116,5,-14;117,-6,3;126,0,-25;144,9,56;156,3,-11
rua||tabaqui|sevilha|37278000|20,-2090838,-4513262;151,1,-19
rua||tiburcio alvarenga freire|sevilha|37278000|2,-2090866,-4513021;3,-4,4;19,2,-17;21,-3,-9;47,5,-13
rua||tilapia|jardim beira rio|37278000|4,-2090658,-4513180
rua||tiradentes|centro|37278000|8,-2090222,-4512738;14,8,9;17,4,-3;20,3,16;32,2,1;33,6,-10;47,13,13;60,-6,11;61,13,1;67,4,11;72,-9,0;79,24,-8;88,-22,17;98,8,4;139,34,27;142,-4,7;147,20,9;152,-13,1;163,13,4;170,-4,1;171,-85,-117;177,101,122;178,-10,8;195,23,8;200,-8,1;209,25,5;210,-19,-3;214,9,-3;220,5,8;225,11,-2;228,24,10;234,-27,-2;235,8,-4;238,3,10;244,4,2;248,6,3;249,1,-8
rua||traira|jardim beira rio|37278000|125,-2090811,-4513290
rua||traira|sevilha|37278000|148,-2090844,-4513290;150,-4,0;160,-5,-4;178,-11,4
rua||varico|centro|37278000|18,-2090180,-4512792;23,-5,-1;26,1,-6;27,2,4;28,-5,-12;37,-2,-3;39,-3,2;66,-3,-26;68,-2,-8;76,-7,-3;81,-12,6;83,4,-4;88,3,-17;93,-2,9;106,-4,-20;109,-1,18;110,-3,-30;111,-5,7;120,2,-10;168,-28,-36;176,-2,-7;182,-2,-12;195,6,11;209,-8,-15;218,-11,-32;223,5,23;224,-9,-32;239,0,8;255,-3,-5;263,-5,-11;273,-2,-3
sitio||taquaral 3|comunidade sao vicente de paula|37278000|33,-2082584,-4502483
travessa|padre|francisco|centro|37278000|14,-2089962,-4512763;21,21,-22;22,-4,1;28,-2,16;37,-5,3;45,33,-55;51,-3,6;75,23,5;86,-10,-13;87,-42,57
travessa||antonio alipio de carvalho|centro|37278000|10,-2089936,-4512490;20,3,5;30,-7,7;45,-3,-12;115,0,0
travessa||sem denominacao|alto da colina|37278000|22,-2090467,-4512502
