acesso||a fazenda|rosario|36135000|27,-2215336,-4409373
acesso||a santa casa de misericordia|santa casa|36135000|49,-2215023,-4409710
acesso||sem denominacao|padaria velha|36135000|211,-2214283,-4408855;235,201,-123
beco||da rua joao soares monteiro|padaria velha|36135000|43,-2214002,-4408888;46,-7,32;47,9,-43;48,-6,45;62,1,-6;63,-1,6;72,-1,2;73,7,4;78,-10,11;501,10,-59
beco||francisco lacerda|santo antonio|36135000|25,-2214820,-4409455;33,4,5;36,10,26;48,-20,-1;51,16,-13;62,0,17
beco||pedro rodrigues de almeida|boa vista|36135000|1,-2214481,-4409143;2,-2,2;20,-11,16;38,6,-15;441,-18,47
beco||pedro rodrigues de almeida|escadao|36135000|50,-2214496,-4409122;69,19,-30;181,-10,8
beco||publico|boa vista|36135000|1,-2214446,-4409091;6,7,6;9,-7,-7;16,-15,-17;19,7,8;25,-6,-6;36,-12,-8;43,-10,-7;44,-6,0;199,9,-1
caminho||bom susseso|boa vista|36135000|4,-2216405,-4412021;10,-2056,-3432
caminho||bom susseso|bom sucesso|36135000|11,-2217309,-4416189;13,-670,-268
entrada||passa vinte santa rita|bom sucesso|36135000|11,-2217303,-4416182;13,-766,-2355
escada|padre|francisco delgado neto|boa vista|36135000|36,-2214441,-4409200;50,-10,-6;64,16,6;81,2,-8;119,4,-4;173,-2,2;239,2,32
escada||dos vicentinos|boa vista|36135000|31,-2214371,-4409249;116,-38,36;126,-7,4;255,20,-21;261,7,1
estrada|santa|isabel|santa isabel|36135000|1141,-2216074,-4408522
estrada|santa|rita a vargem do sobrado|padaria velha|36135000|5,-2213810,-4408915
estrada|santa|rita a vargem do sobrado|vargem do sobrado|36135000|3,-2212261,-4408217
estrada|santa|rita de jacutinga a bom jardim|vargem do sobrado|36135000|566,-2208970,-4414168
estrada||amante so|bom sucesso|36135000|12,-2217984,-4416002
estrada||bananal|bananal|36135000|10,-2215676,-4414316
estrada||bananal|bandeira|36135000|10,-2215783,-4414665;11,-75,-299
estrada||barbosa|barbosa|36135000|1700,-2215083,-4401796
estrada||bom sucesso|boa vista|36135000|5,-2216602,-4412603
estrada||bom susseso|boa vista|36135000|6,-2216896,-4413370;8,-280,-415
estrada||bom susseso|bom sucesso|36135000|10,-2217550,-4414661;11,-122,-1296
estrada||cruzeiro|cruzeiro|36135000|274,-2208257,-4404321
estrada||cruzeiro|represa|36135000|174,-2213870,-4406445
estrada||da candonga|candonga|36135000|1200,-2212693,-4408312
estrada||da lagoa|bandeira|36135000|8,-2218008,-4414350
estrada||da lagoa|bom sucesso|36135000|11,-2217651,-4415381;12,-1,109
estrada||do bananal|bananal|36135000|3,-2214161,-4417529
estrada||do bandeira|bandeira|36135000|4,-2216746,-4411651
estrada||do pacal|serra do pacau|36135000|1,-2205509,-4416377;7,1485,966
estrada||do ronco|ronco|36135000|2,-2216559,-4410003;29,-130,-122
estrada||estrada de rio preto|santa clara|36135000|1100,-2215424,-4399487;2000,-126,-568
estrada||mendes junior|perto da ponte|36135000|15,-2211602,-4417112
estrada||padaria velha|padaria velha|36135000|888,-2214153,-4408745;889,-8,-6;899,16,-5
estrada||para povoado do cruzeiro|cruzeiro|36135000|26,-2208130,-4404265
estrada||para sao cristovao|cruzeiro|36135000|1,-2208080,-4399553;2,21,-23;4,-14,9;6,-197,144;8,-17,-40;9,-6,-13;10,-1,-4;21,218,-90
estrada||passa vinte santa rita|bandeira|36135000|12,-2216096,-4415637
estrada||passa vinte santa rita|bom sucesso|36135000|12,-2217555,-4418046;13,-461,-1003
estrada||ponte zacarias|santa isabel|36135000|993,-2215949,-4408709;1074,-71,12
estrada||santa rita itaboca|vargem do sobrado|36138000|1,-2209678,-4411785;3,41,17;4,-18,-11
estrada||sao bento|sao bento|36135000|35,-2212973,-4399174;36,-178,132;38,263,-153;43,214,106;52,-334,-130;2120,360,21;2126,-231,86
estrada||sentido a ferroligas|santa isabel|36135000|994,-2215980,-4408719;1044,-8,14
estrada||velha da candonga|candonga|36135000|8,-2213686,-4408767;130,-22,-11;210,38,25;670,585,237;739,5,0;809,-57,-12;1212,491,233;1600,-86,-71
estrada||velha da candonga|perto da ponte|36135000|53,-2212703,-4408259;741,-331,-245;1052,239,131;1200,151,79
fazenda|santa|rita passa vinte|bom sucesso|36135000|12,-2218102,-4416826;13,-62,-1932
fazenda|sao|bento|sao bento|36135000|45,-2212370,-4398822;1000,-18,-18;2016,-165,19
lago||dos anjos|centro|36135000|188,-2215099,-4408932;202,-9,-17;212,-4,-1;220,-7,-4;238,-16,-13;258,-9,-1;262,-8,-5;298,-34,-4
largo||em frente ao campo de futebol|cruzeiro|36135000|2,-2208201,-4404262;19,-1,-23
lugarejo||bananal|bananal|36135000|11,-2214992,-4415227
lugarejo||bom sucesso|bom sucesso|36135000|14,-2216876,-4418112
praca|coronel|antonio osorio|centro|36135000|16,-2214888,-4409449;18,-23,-13;26,24,10;30,-6,-1;52,9,-12;58,-25,18;62,34,-33;68,-10,-8;78,7,-4;82,-3,-33;90,-7,16;236,-49,-25;250,8,11;284,10,36;286,-2,7;292,4,0;294,-6,16
praca|dom|cabral|santa casa|36135000|8,-2215090,-4409638;18,7,-10;22,22,1;32,-2,-13;40,-5,-4;54,-2,2;64,6,-10;72,-19,-2;79,11,5
praca|governador|valadares|centro|36135000|2,-2214979,-4409145;26,80,-5;30,46,-7;32,58,44;35,-132,-56;86,64,29;117,-23,-27;160,120,-22;176,-93,22;210,51,-9;220,2,-1;300,-82,-5;320,-13,3;350,-21,9
praca||jose marinho de araujo|rosario|36135000|4,-2215310,-4409218;16,14,-15;31,34,-10;40,-18,4;42,2,10;45,44,-43;46,-18,19;47,-80,6;52,45,17;85,-32,6;97,1,10;101,0,6
quilometro||estrada santa rita passa vint|bandeira|36135000|12,-2216029,-4415444
quilometro||estrada santa rita passa vint|bom sucesso|36135000|10,-2217374,-4414431
residencial||vargem do sobrado|vargem do sobrado|36135000|5,-2209639,-4411769
rodovia||457|serra do pacau|36138000|24,-2204783,-4412759
rodovia||457|vargem do sobrado|36135000|15,-2206965,-4413818;24,152,1323;25,1009,-337;29,-4871,2988
rodovia||457|vargem do sobrado|36138000|24,-2207362,-4412994;25,-2497,1721
rua|capitao|izaltino de almeida|centro|36135000|13,-2215065,-4409544;22,-1,-6;36,-5,6;37,0,2;44,-8,4;54,-6,5;66,-18,7;67,-21,24;68,27,-26;98,-16,12;108,-13,10;113,-10,15;114,2,-6;126,-9,1;130,-15,-1;139,6,17;144,-1,-7;154,-11,10;166,2,11;173,-21,1;186,-7,14;189,11,-11;192,-11,8;193,-11,-1;204,4,12
rua|capitao|izaltino de almeida|rosario|36135000|2,-2215321,-4409360;5,7,-2;8,5,-6;14,5,-10;26,6,-4;31,11,-12;34,3,7;53,2,-3
rua|conselheiro|felisberto da cunha|centro|36135000|11,-2214955,-4409440;27,8,2;32,4,6;39,6,-2;49,12,-5;54,0,11;60,7,4
rua|coronel|joao honorio|centro|36135000|11,-2214998,-4409730;17,5,-6;20,8,0;26,6,-4;37,2,-8;40,2,-3
rua|dom|justino santana|santa casa|36135000|7,-2215077,-4409694;12,-1,-5;17,4,-2;20,8,1;36,6,-4;38,3,-10;43,-1,-10;45,6,0;46,1,0;57,5,-10;63,4,-7;86,-39,55;96,-7,15;114,-10,6
rua|dona|antonia de almeida|rosario|36135000|20,-2215336,-4409253;25,4,3;29,-10,-23;34,-4,2;37,-7,2;42,-3,-8;45,2,-4;52,-7,-6;60,-5,-6;64,-2,-2;72,-1,-9;73,-5,5;80,-1,-1;98,-13,-21;110,1,-6
rua|dona|consuelo|cachoeira|36135000|29,-2215446,-4409010;39,-10,-4;45,-16,-4;75,-14,-14;79,-5,-22;87,-6,2;97,-6,13;106,-17,8;110,13,0;112,-18,1;117,-8,-2;127,-8,2;137,-10,-6;177,-11,-4;187,-25,-14;253,-48,23;255,-6,-1;269,-9,-2;272,-4,-4;287,5,-4;307,13,25
rua|dona|consuelo|rosario|36135000|42,-2215432,-4409017;72,-54,-11;276,77,12
rua|dona|dininha|centro|36135000|9,-2214998,-4409370;26,-4,0;27,-3,4;49,19,-11
rua|dona|honorina machado|padaria velha|36135000|8,-2213881,-4408990;22,10,-1;25,-5,6;28,10,-3;33,8,11;38,3,-13;47,-22,30;50,26,-29;51,13,6
rua|dona|maria jose monteiro|centro|36135000|7,-2215281,-4409133;17,-5,4;27,6,11;37,2,5;47,2,16;55,-6,-57;61,6,76;85,4,23
rua|dona|santa|padaria velha|36135000|2,-2214446,-4408898;4,27,13;45,-19,-31;49,4,2;57,6,11;71,6,1;80,-2,24;87,19,-10;103,12,12;123,4,4;125,18,19;129,-3,-3;149,6,14;177,39,1;187,5,6;195,5,-5;222,5,25;226,2,-7;230,14,3;358,-31,-29;526,-29,1;532,6,6;538,13,-6;559,60,36;612,-17,-20;728,81,86
rua|doutor|lauro de miranda|centro|36135000|1,-2215047,-4409115;19,-13,21;33,-2,6;35,-7,11
rua|doutor|osmar de mello franco|santa casa|36135000|10,-2215070,-4409761
rua|major|misseno alves pereira|olaria|36135000|6,-2215620,-4410473;32,28,-15;76,-48,19;87,-2,4;94,-13,-1;95,71,-34;97,-82,50;106,2,-1
rua|monsenhor|marciano|centro|36135000|39,-2214934,-4409305;106,-103,-247;112,7,5;127,4,16;134,-4,2;146,11,9;147,-1,2;162,4,7;172,7,15;182,0,10;194,12,11;200,1,3;211,14,25;212,-11,-24;229,16,34;231,1,13;246,6,-13;251,7,32;260,2,-18;263,-1,12;264,-4,-1;271,9,6;273,2,3;278,-7,-1;286,8,12;291,7,0;292,-8,8;302,11,3;304,0,6;310,8,-1;320,-3,14;322,-9,4;330,4,11;344,13,13;351,6,4;353,-3,-1;355,4,11;359,0,-1;360,-10,3;372,11,6;375,4,2;383,7,4;391,1,12;392,-7,-5;400,11,5;401,4,10;410,-6,1;412,-3,10;417,4,2;418,1,-9;419,3,11;420,-6,7;432,14,13;496,14,46;500,-8,-11
rua|monsenhor|marciano|santa casa|36135000|7,-2215088,-4409628;20,-18,38;25,23,-27;28,7,7;29,-6,-1;31,4,7;38,2,0;39,12,5;42,-7,-2;52,9,10;55,-6,11;62,7,0;74,16,10;80,-4,12;130,-49,-97;144,0,12;152,-5,6
rua|padre|francisco delgado neto|boa vista|36135000|1,-2214311,-4409113;8,-151,-191;17,146,146;26,-145,-135;38,13,14;42,19,23;44,40,110;45,66,-41;47,-76,20;57,-16,-68;66,-6,-36;67,67,37;68,-1,-2;76,-64,-26;80,61,20;85,-57,-9;87,117,118;91,-2,2;101,-7,42;126,-102,-113;205,9,20;213,102,78;214,-99,-56;215,4,0;218,17,21;222,76,46;225,-84,-80;227,5,21;237,18,-1;242,7,7;243,1,-10;246,-21,34;247,10,-17;250,66,59;251,-103,-100;253,55,71;256,-13,-2;257,7,-13;258,-23,21;260,22,-4;265,-133,-194;270,140,191;280,-126,-213;285,-12,2;320,26,-25;360,-10,9
rua|padre|machado|centro|36135000|7,-2214939,-4409562;39,-11,-17;133,-13,-106;143,2,1;153,0,11;167,9,22;173,-3,-9;206,-29,18;216,46,92;217,-7,-63;222,31,61;226,-22,10;227,-14,-48;253,1,12;268,3,7
rua|padre|machado|santa casa|36135000|144,-2214959,-4409689;158,4,29;168,-5,-15;172,17,17;192,-12,20
rua|prefeito|joao romulo|rosario|36135000|26,-2215327,-4409386;39,-11,-3;45,6,-5;46,0,-15;47,5,-1;48,-11,-1;53,8,6;63,1,-5;68,-9,-14;75,-7,-8;80,1,-17;87,-14,-37;91,-5,-22;93,0,-6;107,1,0;118,-2,-22;128,1,-13;129,-10,-7;157,-3,-9;159,1,-13;168,21,110;169,-22,-133;175,-4,3;185,3,-5
rua|prefeito|jose romulo|centro|36135000|29,-2214984,-4409476;40,4,-6;41,16,-15;51,-1,5;58,-2,8;72,18,-11;73,4,-3;82,7,-6;86,-2,-6;93,4,1;94,3,0
rua|professora|luzitania|olaria|36135000|6,-2215612,-4410472;11,0,-6;17,8,18;18,-6,-4;22,5,5;27,1,-1;28,-2,6;37,19,3;41,-3,12;43,12,-5;58,-14,17;68,-8,8;77,23,8;78,-8,-2;83,10,5;85,6,16;86,-13,-11;89,9,9;98,-3,-3;104,-6,9;109,9,4;155,7,0
rua|professor|venancio|centro|36135000|4,-2214920,-4409351;8,9,-4;12,-16,11;13,-18,-32;22,19,11;28,-4,1;34,4,-12;35,5,0;40,-6,-4;45,8,-11;52,5,6;56,-4,-4;66,20,-17;74,-5,1;88,2,-19;94,3,0;345,-31,83
rua|vereador|francisco spinelli|cachoeira|36135000|95,-2215458,-4408985;96,-21,2;125,-29,-2;336,39,-9;348,-7,8;352,-8,-7;356,-1,-1;366,-7,2;374,-12,-3;392,-114,-8;410,182,21;420,-120,-20;438,-4,6;444,-12,-2;454,-6,11;462,-12,-14;481,-53,5;484,34,-7;496,-43,6;541,-11,-2;581,-23,4;593,-25,9;611,-8,6;613,-12,2;615,-11,14;619,-22,20;623,16,-16;758,-68,74;768,-6,5;786,-19,26;800,1,1;810,-9,13;832,-11,14;848,-4,7;878,-24,28;886,0,5;898,-10,17;906,-6,2;920,-6,8;993,-38,52
rua|vereador|francisco spinelli|rosario|36135000|8,-2215295,-4409199;15,-4,1;18,4,5;22,-5,1;25,26,24;28,-24,-12;37,27,19;38,-24,-14;47,21,6;56,-12,18;64,-5,-62
rua|vereador|homero bras de almeida|padaria velha|36135000|16,-2214435,-4409017;22,-6,-17;32,24,9;58,12,36;60,1,-4;82,19,-16;92,13,12;122,31,10;240,96,7
rua|vereador|homero braz de almeida|padaria velha|36135000|22,-2214432,-4409021;25,8,0;35,11,7;55,19,7;73,13,4;79,4,-7;89,10,9;117,26,0;127,4,3;137,10,1;141,7,-2;153,5,9;167,12,0;173,11,4;189,8,-3;201,12,2;221,11,11;231,10,3;241,4,-6;247,9,26;251,5,-15;263,17,-2;301,2,9;303,9,7;315,3,8;326,20,-1;336,11,11;341,4,4;356,11,6;361,5,4
rua||adao carvalho|santa casa|36135000|4,-2215141,-4409640;5,5,8;40,-1,-3;45,1,13;50,5,-7;58,0,14;64,5,2;70,-1,2
rua||americo ribeiro|santa casa|36135000|84,-2215119,-4409606;86,5,16;88,-4,-4;92,14,-17;97,-19,-1;106,5,-2;109,5,-4;116,4,3;117,2,-4;119,-1,-3;120,-4,4;130,0,-5
rua||ana inacia de almeida|rosario|36135000|23,-2215372,-4409442;26,0,-2;36,-20,3;90,-58,18;93,14,-10;95,82,-21;100,-90,26;103,-4,-6;123,-14,5;133,-14,-2;143,-1,1
rua||antonio landim filho|cruzeiro|36135000|4,-2208188,-4404246;5,-1,1201;6,48,-1226;7,-51,2411;10,110,-2428;14,-9,5;15,-71,17;18,-37,6;19,11,5;23,-33,13;27,186,-55;39,-133,40;40,12,-9;82,81,-19;112,-7,1;280,0,-7
rua||antonio osorio da fonseca|rosario|36135000|10,-2215513,-4409612;113,31,70;133,8,20
rua||antonio teixeira rego|boa vista|36135000|3,-2214440,-4409425;5,10,37;9,14,36;14,-20,-70;17,22,77;27,4,4;33,46,77;34,4,-11;41,1,13;62,20,52;64,1,-20;66,-5,-51;74,6,65;155,-422,-220;189,21,6
rua||antonio teodoro de oliveira|padaria velha|36135000|5,-2213890,-4409058;15,-58,-6;20,-1,10;37,43,-10;93,34,8;116,11,2;126,20,22;135,-9,-25;137,14,1
rua||aredes|centro|36135000|7,-2215026,-4409353;8,0,-1;26,-3,2;36,-8,7;44,-12,9
rua||aredes|rosario|36135000|25,-2215036,-4409348;29,0,4;33,-58,45;43,48,-37;53,-10,6;58,-51,36;68,-10,8;74,46,-32;80,-53,44;89,38,-30;92,5,-6;98,-8,6;99,-40,33;112,34,-32;113,-7,15;122,-3,-6
rua||ascanio alves pereira|boa vista|36135000|41,-2214840,-4409519;65,9,-5;67,10,18;128,-72,-40;162,-11,-15;174,-13,0;175,143,110;200,-164,-105
rua||ascanio alves pereira|santo antonio|36135000|146,-2214783,-4409457;158,2,11
rua||ativald azevedo do vale|centro|36135000|7,-2215168,-4409016;69,-28,19;84,18,-6;106,-24,14;287,57,-60
rua||avelino de paula|centro|36135000|25,-2214781,-4409246;28,-2,-2;36,3,-7;38,4,-2;44,-10,1;56,-18,-2
rua||aziz quinane|centro|36135000|11,-2215052,-4409179
rua||benedita soares da fonseca|rosario|36135000|3,-2215446,-4409481;47,4,-17;58,3,-9;146,-16,-65;150,-12,-19;155,5,6;165,-9,-5;185,-7,-11
rua||benedito quintino dos santos|centro|36135000|9,-2214976,-4409454;10,-24,17;15,-23,-6;20,26,8;33,-18,13;34,0,-10;43,1,10;44,-2,-2;46,-4,2;56,-4,0;57,-5,12;70,-7,-9;71,-8,15;79,4,0;82,-6,-15;92,-8,17;93,2,9;98,-8,-6;105,0,17;107,-6,6;108,4,-17;123,-16,19;136,-17,19;139,11,-8;178,-34,21;184,-12,10;194,-6,3
rua||benedito quintino dos santos|rosario|36135000|12,-2215097,-4409359;165,-7,18;171,-5,-7;177,0,0;195,-13,7;201,-12,9
rua||bom jardim|santo antonio|36135000|62,-2214847,-4409515;64,8,-3;66,9,4;72,3,9;82,14,12;102,-50,-49;110,71,66;122,1,6
rua||callil jorge|centro|36135000|3,-2215160,-4409071;16,96,-52;88,61,-26;158,-54,29;192,-40,-38;199,-1,67;202,11,-20;238,-33,14;250,-17,12;267,-13,13
rua||cardoso de abreu|centro|36135000|3,-2214472,-4409056;5,-380,-185;6,0,6;10,403,203;27,-374,-209;30,-69,-21;39,77,34;42,-73,-36;50,2,5;55,76,29;56,32,8;62,-61,-13;68,-2,2;75,38,7;85,26,2;91,14,4;95,12,-9;105,5,7;106,168,79;107,-172,-84;109,3,-5;111,-1,-9;113,9,-5;117,4,26;127,5,20;137,14,-17;145,252,168;147,-247,-155;148,17,-35;149,6,-2;150,-2,16;151,6,16;173,-4,11;175,-13,22;181,28,-48;314,83,83;316,5,11;318,5,-1;326,12,16;344,11,19;356,4,-1;375,35,3;376,-4,-1;377,-32,-16;420,44,45;421,19,-1;426,-15,21;429,26,-26;431,0,17;434,-331,-117;441,340,113;450,11,20
rua||cristovao spinelli|centro|36135000|35,-2215020,-4409784;36,6,3;55,0,-17;56,16,20;65,-12,-34;75,11,-18;79,-11,19
rua||da igreja|cruzeiro|36135000|17,-2208053,-4404317
rua||damiao rodrigues da silva|rosario|36135000|214,-2215162,-4409310;224,-6,0;245,9,9;254,-13,-4
rua||domingos de aquino|santa casa|36135000|11,-2215080,-4409785;28,-16,-2;44,-8,-2;54,-10,3;55,-7,4
rua||dos novaes|padaria velha|36135000|5,-2213940,-4408944;23,-15,-57;32,13,48;38,-9,-4;50,-19,-137;81,14,86;92,-2,-9;107,-5,-13;168,222,-153;188,-80,4;206,-136,66;475,9,-49
rua||evaristo de almeida pereira|olaria|36135000|4,-2215512,-4410406;6,-6,-8;17,-11,-2;18,16,-12;24,-5,1;34,-10,-12;43,-17,4;50,12,-17;53,-17,6;62,12,-12;63,-13,4;74,7,-13;81,-15,-4;82,7,-9;92,2,-5;93,-7,-3;100,7,-9;104,-4,0;111,-13,1;112,7,-5;271,8,39
rua||fausto maia|barro branco|36135000|1,-2215087,-4409976;2,39,17;15,-17,3;17,10,1;25,2,-8;43,18,-7;48,2,8;58,3,-5;63,1,-6;65,3,-2;67,9,-9;68,-3,12;77,9,-17;78,2,12;85,9,-13;95,7,1;103,7,-14;121,17,-9;130,-3,2;131,8,-25;135,0,5;162,7,-12;178,6,-14;210,-2,-52;221,27,-105
rua||fazenda santo agostinho|boa vista|36135000|6,-2216752,-4413048
rua||francisco de paula goncalves|morada do sol|36135000|21,-2215045,-4410083;29,-8,5;41,-67,41;45,59,-33;55,-12,4;65,-10,4;75,-6,4;76,-2,3;97,-10,4;107,-10,4;129,-11,11;139,-10,7;147,-16,9;167,-21,1;187,-9,-3;189,18,4
rua||francisco de paula|santa casa|36135000|21,-2215110,-4409724;26,-6,-3;55,-10,-6;62,-18,-13;63,-2,-8;72,-3,-1;75,-1,-1;84,-4,-4;85,-6,-3;86,-1,6
rua||gabriel da silva|rosario|36135000|110,-2215464,-4409558
rua||gabriel rodrigues|cruzeiro|36135000|14,-2208144,-4404200;20,-24,-43;32,5,34;33,-1,-54;34,-1,45
rua||geraldo da silva landim|boa vista|36135000|8,-2214490,-4409193;20,-3,-19;22,-6,9;23,9,-3;24,-8,-8;31,11,-11;44,2,-13;49,17,5;57,-14,-18;62,1,3;75,-1,-14;76,2,5;166,-1,-6
rua||getulio vargas|centro|36135000|2,-2214968,-4409692;61,-48,-47;71,5,3;95,19,19;105,2,1;119,12,15;123,9,3
rua||getulio vargas|santa casa|36135000|60,-2215022,-4409735;112,34,28;151,21,12;167,-10,-9
rua||honorio jose delgado mota|boa vista|36135000|11,-2214469,-4409180;26,15,-43;35,-8,24;39,-5,-11;59,6,-10;64,12,0;67,-11,-6;68,11,-2;77,-11,-6;86,13,-14;97,0,-11
rua||ivalda pereira moreira|morada do sol|36135000|9,-2215028,-4410098;11,24,40;33,-10,-15;35,-5,-13;45,3,-6;62,-18,-17;80,-1,-5;90,-2,-6
rua||jaime da silva carneiro|padaria velha|36135000|26,-2213948,-4408894;29,-6,-23;38,-7,16;42,-3,7;50,1,15;52,9,3;56,-13,13;66,2,-1;75,0,20;76,1,-11;80,-1,18;85,2,1;97,-6,12;107,-1,5;108,-1,-7;115,1,17;121,-3,8;552,13,-113;2376,6,25;2377,9,6;2378,8,-1;2379,-5,1
rua||jair de almeida campos|barro branco|36135000|43,-2215362,-4410032;47,-21,-14
rua||joao cancio|santa casa|36135000|9,-2215056,-4409604;13,4,-4;15,-6,3;18,3,-3;32,8,-8;33,11,0;35,-4,-6;39,0,-2;45,1,1;50,1,-3;54,2,5;55,5,-11;60,8,-1;67,1,-7;77,5,-8;80,5,4;92,6,-8;98,6,-9;108,-22,26;118,35,-38;128,2,-7;131,-6,2;155,12,4
rua||joao machado de andrade|padaria velha|36135000|12,-2213986,-4409160;34,5,8;38,-16,-19;40,-5,-1;61,-14,-1;69,-1,-8;79,1,-7;100,16,-14;105,-7,-8;119,-3,-5;121,6,-4;125,-9,-15;133,4,-9;135,-1,0;139,2,-2;149,-2,-8;444,34,114
rua||joao machado|santa casa|36135000|5,-2215075,-4409784;11,-49,116;19,10,-2;34,6,-42;35,-14,30;41,2,-8;51,15,-5;54,-6,4;63,8,-18;64,-5,9;87,20,-22;94,2,0;97,-2,-7;105,13,-5;106,-6,0;108,8,-5;115,6,-6;124,2,-7;125,2,-13;133,-3,4
rua||joao motta|santa casa|36135000|11,-2215109,-4409775;13,7,10;16,4,9;19,0,12;21,-10,-28;22,-18,0;33,8,14;38,-4,2;52,-8,10;58,-7,9;68,1,7;69,-4,4;77,-4,11;87,-6,4;88,8,-10;92,-6,10;95,-5,11;98,-2,-1;102,0,3;104,-7,-2;112,1,6
rua||joao soares monteiro|centro|36135000|20,-2214765,-4409156;22,282,193;23,-270,-200;33,9,9;75,20,9;79,-2,-12;87,29,14;95,7,2;105,5,3;127,21,8;138,2,28;139,4,-26;145,0,16;148,19,8;159,12,-6;181,2,9;184,-5,11;198,12,6;223,2,39;225,22,10;228,-177,-126;230,227,185;247,-50,-74;253,10,14;273,50,46;277,38,28
rua||joao soares monteiro|padaria velha|36135000|2,-2214462,-4408952;4,-11,0;6,7,-16;11,300,57;21,-7,7;29,-1,4;35,1,17;37,-2,-1;82,-238,-38;111,408,7;113,-358,22;187,56,12;197,-82,-25;306,39,11;310,-5,-3;311,9,16;332,6,-2;334,22,3;348,-19,4;360,130,-26;368,76,-7;378,14,2;510,207,-13;520,-84,8;528,8,2;536,13,-3;552,5,0;555,36,-17;586,2,7;593,12,-6;597,7,-1;620,4,57
rua||joao teodoro|olaria|36135000|5,-2215528,-4410388;22,-7,-14;27,-13,13;88,6,-7;97,-15,1
rua||joaquim delgado de almeida|boa vista|36135000|6,-2214667,-4409202;41,54,13;167,76,2;197,23,-16
rua||joaquim misseno alves pereira|centro|36135000|3,-2214955,-4409344;19,-48,-7;25,40,19;26,-44,-3;30,4,5;55,11,4;63,4,-8;75,-22,-12;326,41,10
rua||joaquim teodoro|rosario|36135000|36,-2215483,-4409702;51,56,65;215,29,15;219,13,1;220,12,4;295,-32,-6;334,-66,-57;344,-2,-2;354,-6,-14;382,-27,-55
rua||jose angelino pereira|olaria|36135000|13,-2215623,-4410490;14,7,-1;23,-12,-13;24,3,0;33,-10,-14;34,-1,-2;53,-7,-7;63,-2,-6;73,-12,-18;74,3,0;83,-8,-9
rua||jose anisio da cunha|padaria velha|36135000|15,-2214164,-4409054;35,20,80;45,-7,-9;55,13,0;65,-15,-20;109,-11,-28;111,-1,-6;117,-7,-3;127,21,28;147,-39,-30;148,13,-5;152,-10,2;157,-24,4;159,54,-16;169,-53,16;181,-10,-1;182,-8,-9;193,-6,10;205,-8,-4;217,-10,-1;237,-17,-2;245,-5,3
rua||jose caetano|cachoeira|36135000|23,-2215492,-4409050;45,-5,-18;46,4,5;59,0,-14;66,-1,-8;71,-14,2;72,25,-11;88,1,-3;95,-1,-3;98,-25,12;120,-12,-8;122,-9,0;128,-7,-4
rua||jose de paula lopes|padaria velha|36135000|154,-2214068,-4408952;175,0,-6;241,20,-28;249,2,-11;251,6,-7;261,-3,1;351,48,-76;353,-9,16;361,6,-23;371,5,2;383,-106,151;413,112,-174;442,17,-22
rua||jose domingos de freitas|itaboca|36135000|1,-2204427,-4407796;14,-2,-77;15,46,-171;17,0,-10;22,-49,236;23,5,-117;25,-2,163;27,5,-147;77,-2,133
rua||jose geraldo de andrade|padaria velha|36135000|51,-2213963,-4409206;60,-26,-26;120,-12,2
rua||jose gomes|centro|36135000|94,-2214835,-4409372;105,-23,-92;110,10,30;132,2,16
rua||jose gomes|santo antonio|36135000|42,-2214844,-4409428;54,3,19;64,-1,6;96,4,-61;112,-2,9;118,-13,-9
rua||jose jair da silva|barro branco|36135000|46,-2215053,-4409806;53,-37,-20;55,14,14;59,6,-8;63,8,-19;65,8,12;69,-7,-14;81,-4,-8;95,9,-12;125,-17,-63;134,18,34;148,3,-13;150,0,0;151,-19,-15;158,13,-1;170,4,-20;175,-20,13
rua||jose lopes de carvalho|cachoeira|36135000|5,-2215505,-4408948;14,-85,-33;37,4,10;40,-5,-4;45,15,12;56,9,4;58,-2,-2;64,17,1;92,7,7;98,7,-1;128,25,6;148,22,1
rua||jovenila machado|rosario|36135000|5,-2215356,-4409601;7,-8,20;15,17,-10;25,9,-1;35,8,-6;40,3,-8;45,0,9;60,4,7;116,-79,-71
rua||luiz aredes|centro|36135000|71,-2215054,-4409307
rua||luiz aredes|rosario|36135000|22,-2215085,-4409338;32,19,8;52,1,8;60,8,9
rua||luiz ferreira|barro branco|36135000|14,-2215086,-4409936;16,-3,-36;25,0,35;26,-14,7;31,-5,4;41,-2,5;49,-12,1;52,-8,-9;57,8,15;62,-8,-16;71,-12,16;74,4,-11;77,-15,7;89,-2,1;96,-1,-6;97,-8,7;98,5,-4;110,-15,-8;117,-5,11;118,-3,-8;127,-14,7;141,-2,-2;157,-14,-8;158,1,2;161,-2,12;168,-4,-11;178,-13,-2;185,-8,2;195,-8,4;197,-13,-9;198,12,-2;201,-13,3;212,1,-5;215,-6,-1;220,-6,-8;231,-6,14;235,-4,-23
rua||luiza osorio da fonseca|padaria velha|36135000|30,-2214125,-4408930;44,13,-12;54,4,-10;64,1,-8;76,0,-6;87,-11,-6;90,1,-13;97,-5,1;106,1,-7;107,-1,2;126,-2,-15;129,-8,-12;134,4,6;157,-14,-51;195,-12,-40;220,10,2;222,-10,-5;224,-9,-1;256,1,2
rua||manoel serpa gomes|centro|36135000|46,-2214458,-4409014;48,7,-14;80,-9,33
rua||maria conceicao de jesus|barro branco|36135000|238,-2215232,-4409967
rua||maria conceicao de jesus|morada do sol|36135000|14,-2214979,-4410055;21,18,-58;22,-83,82;25,72,-58;28,-87,72;30,87,-55;32,-105,64;35,65,-38;43,35,-10;111,-123,57;121,-27,16;123,15,-8;129,-4,4;131,-13,-10;145,-9,23;147,-4,1;184,-22,11;201,-30,-8;207,-27,-4;209,16,9;221,-36,-4;241,-8,-6
rua||maria jose resende barros|morada do sol|36135000|23,-2215063,-4410127;90,5,-1;92,-68,44;100,65,-29;105,-96,48;109,10,-6;135,-11,7
rua||marina de paiva azevedo|rosario|36135000|120,-2215158,-4409278;243,-2,-10
rua||mertil silva|padaria velha|36135000|8,-2213931,-4408834;33,12,-62;57,-3,14;63,-4,16;111,-9,58;147,-4,9
rua||messias de paula motta|padaria velha|36135000|6,-2213908,-4408999;16,-7,7;23,-7,-1;26,2,-9;30,-9,8;45,-2,5
rua||misseno alves pereira neto|padaria velha|36135000|12,-2213897,-4408937;26,3,-15;30,5,-12;33,-11,4;47,8,-11;81,-5,-44;82,0,1;87,0,-9;92,1,-7;96,1,-3;99,3,-13;113,-7,0
rua||nicolau notes|centro|36135000|10,-2215298,-4409045;20,-4,5;25,45,11;39,9,-18;40,-9,-6;85,3,-10;90,-8,6
rua||pedro rodrigues de almeida|boa vista|36135000|3,-2214430,-4409086;8,-53,-75;9,-134,0;16,154,6;18,26,-20;28,-20,24;29,2,-8;34,-3,10;39,6,3;46,4,10;51,98,101;52,-92,-97;53,3,4;62,1,5;72,8,4;81,13,-2;93,61,111;94,-50,-97;95,3,15;101,-9,2;102,-49,-34;103,46,13;105,12,6;110,-164,-70;114,173,86;116,-179,-81;118,5,10;120,47,-17;126,95,51;128,-134,-35;138,4,-15;144,166,88;147,4,39;149,27,-35;150,-61,-38;152,-132,-55;158,59,15;161,128,94;163,-6,12;165,-17,-16;169,22,22;171,12,-5;173,0,1;178,-167,-145;180,155,149;183,7,5;192,-7,-7;196,-144,-134;204,3,36;210,7,-26;219,9,-8;220,7,8;314,60,67
rua||policiano de lacerda|santo antonio|36135000|17,-2214793,-4409424;23,0,8;27,-5,8;36,-4,-7;48,-13,18;53,8,2;58,-6,3;69,1,4;70,-6,9;71,3,7;79,-10,0;89,9,0;101,-16,18;102,-9,-7;111,17,23;112,-23,-14;120,3,9;123,-4,7;126,-4,-2;128,2,12;133,-4,11;142,-2,-9;149,-5,14;150,0,-4;151,15,-4;155,-14,16;157,14,-1;165,-5,2;208,-20,42
rua||projetada b|boa vista|36135000|22,-2214412,-4409128;33,9,-16;42,-7,12;44,6,-8;137,-18,18;231,29,-25
rua||saturnino lino de oliveira|rosario|36135000|7,-2215389,-4409451;16,-12,-8;30,-7,-12;32,8,-5;35,-5,5;36,7,19;45,-8,-31;55,-3,-10;64,5,3;67,150,-74;76,-156,51;85,-2,-15;101,-8,-12;113,-1,-13;125,-2,-11;136,-3,3;190,-9,-43;200,-9,-12;203,-6,5;205,-10,8;215,9,-16;216,-9,-4
rua||sebastiao monteiro|centro|36135000|12,-2215163,-4409467;16,4,5;30,8,16;48,10,9;51,13,6;56,-5,10;66,1,0;67,10,-2;69,9,31;81,0,-21;86,-9,10;95,13,3;120,20,12;126,-17,6
rua||sebastiao vieira da silva|centro|36135000|10,-2215036,-4409568;20,2,-12;22,3,3;36,5,-5;56,25,-18
rua||sebastiao vieira da silva|santa casa|36135000|23,-2215036,-4409574;27,16,-14;35,17,-9;37,-5,3;75,-31,22;81,63,-39;89,3,-9;99,9,-6
rua||sem denominacao 1|boa vista|36135000|105,-2214284,-4409136;110,7,23
rua||sem denominacao 1|padaria velha|36135000|212,-2214133,-4409097
rua||sem denominacao 2|padaria velha|36135000|38,-2214249,-4409063;40,1,-11
rua||sem denominacao|boa vista|36135000|252,-2214355,-4409169
rua||sem denominacao|cachoeira|36135000|620,-2215770,-4408982
rua||sem denominacao|centro|36135000|12,-2215048,-4409178;84,-150,152;148,157,-113
rua||sem denominacao|padaria velha|36135000|981,-2213917,-4408620;997,-6,-11
rua||sem denominacao|rosario|36135000|126,-2215414,-4409657;136,-6,0;140,-12,-3;150,-6,8;327,23,0
rua||terezinha machado marques|barro branco|36135000|21,-2215306,-4409959;31,-10,-4;101,-53,-26;301,38,11;303,9,6;330,-80,-28;355,-7,8;394,-10,-1
rua||terezinha machado marques|olaria|36135000|590,-2215476,-4410353;610,-19,-21;650,-13,-19
rua||vargem do sobrado|vargem do sobrado|36135000|1,-2209630,-4411782;3,-9,13;4,9,-14
rua||waldir de oliveira mota|barro branco|36135000|139,-2215190,-4409935
rua||willy guilherme daparecida|centro|36135000|20,-2215011,-4409540;22,11,-3;30,-3,-4;34,16,-1;39,-69,87
rua||zacarias|rosario|36135000|7,-2215333,-4409370;10,2,16;35,14,36;40,-4,-32;42,-2,32;45,9,6;50,-6,5;54,-4,4;55,9,-2;60,-5,9;65,7,9;68,-5,1;95,11,22;105,0,10;115,-2,13;125,-7,-36
sitio||bonsusesso|bom sucesso|36135000|13,-2218182,-4418766
sitio||sao lourenco|sao lourenco|36135000|8,-2208725,-4415521
sitio||so ito|olaria|36135000|107,-2215761,-4410507
travessa||joao ferreira cardoso|centro|36135000|90,-2214718,-4409126;92,17,6;100,19,21
travessa||jose lopes de carvalho|cachoeira|36135000|13,-2215529,-4408945;15,-3,6;17,1,15;19,1,3;22,-6,-3;32,0,7
trilha||do boqueirao|cruzeiro|36135000|13,-2208032,-4404338;14,1,-19
trilha||inicio da trilha para taboao|candonga|36135000|8900,-2208308,-4407842
vila||do bananal|bananal|36135000|10,-2213843,-4416495
