avenida||manoel de oliveira|santo antonio do rio abaixo|35880000|10,-1922935,-4325212;11,-2,18;22,-3,-8;42,-22,10;48,-8,-28;54,0,33;64,-4,12;76,-18,1;85,-136,113;110,103,-93;122,8,13;133,-25,38;134,-3,-37;145,-19,27;160,3,-8;164,-27,15;174,-8,7;177,20,-3;184,-26,12;187,17,-5;197,-6,1;214,-35,22
estrada||para o corrego dos chaves|santo antonio do rio abaixo|35880000|296,-1922648,-4324728
praca||alcino quintao|santo antonio do rio abaixo|35880000|21,-1922826,-4325320;41,1,17;51,3,12;120,-38,58;121,20,-9;133,4,-5
rua|major|quintao|santo antonio do rio abaixo|35880000|11,-1922827,-4325248;12,9,-91;15,-9,12;23,14,78;33,-17,42;47,4,-15;56,19,-16;57,-19,21;63,10,-57;73,-14,72;75,13,-54;80,-33,75;85,11,-8;95,4,2;101,-12,24;102,-21,-10;109,18,-1;135,-19,34;141,9,-1;144,-5,-10;151,5,-5;153,12,-34;164,-48,61;173,13,2;185,-8,34;190,-25,-15;202,-73,35;211,83,-37;212,-70,26;236,34,-15;245,2,9;295,121,-199;296,-189,227;300,19,-19;306,-11,22;307,5,1;308,-17,-18;317,20,22;327,-12,3;341,-13,9;344,2,-15;354,-8,7;361,-14,17;364,10,-17;367,-10,27;371,47,-78;374,-46,16;393,-28,67;398,2,-10;403,-3,8;415,-13,14;416,-2,-19;460,-21,31;461,0,-3;471,-16,8;481,-12,3
rua|mestra|josefina santos|santo antonio do rio abaixo|35880000|57,-1922880,-4325250;71,-18,14;72,2,-2;82,-11,10;93,0,3;94,-5,4;101,0,-2;112,-10,7;115,2,9;141,0,17;150,4,9;151,6,9;160,-5,3;161,8,-3;165,0,43;176,-4,-31;188,2,13
rua||benedito goncalves de paula|santo antonio do rio abaixo|35880000|36,-1922120,-4325650;37,10,8;47,4,3;556,-14,-11;566,3,2;570,-15,-20
rua||bento ribeiro de araujo|santo antonio do rio abaixo|35880000|22,-1922499,-4325621;36,-6,-13;45,0,-2;72,-67,-66;83,-10,5;96,-2,-6;108,-13,-1;141,-36,-13;172,33,20;177,-49,-32;201,-24,-16;202,72,51
rua||damago januario azevedo|santo antonio do rio abaixo|35880000|82,-1922583,-4325224;83,-29,-63;92,94,-154;104,-42,99;114,-11,10;207,31,-5;245,-221,310
rua||darcio de oliveira quintao|santo antonio do rio abaixo|35880000|2,-1922608,-4325676;25,-4,-12;148,-5,6
rua||horacio bitencourt|santo antonio do rio abaixo|35880000|55,-1923110,-4324948;77,18,10;99,-3,5;115,30,10;123,8,4;175,1,3;185,8,1;192,3,8;193,5,-19;197,11,-20;270,25,51;275,67,-8
rua||joao paulo de andrade|santo antonio do rio abaixo|35880000|22,-1922474,-4325562;71,47,16;95,39,5;99,14,8
rua||joaquim duarte neto|santo antonio do rio abaixo|35880000|11,-1922435,-4325667;22,-68,142;32,0,-11;42,7,-16;56,8,-13;76,7,-5;81,-118,-129;96,123,108;106,3,-15;135,10,-23;136,-2,1;147,3,-14;149,0,-4;156,10,8;157,-7,-10;165,3,-10;168,134,-8;180,-91,34;190,-26,-32;200,13,-19;213,-6,-4;225,11,-1;226,10,4;237,7,-14;240,10,10;246,-2,11;250,14,-3;251,-4,-5;262,10,5;268,9,4;292,11,8;297,14,-8;314,11,6;321,9,-2;322,-16,29;324,11,-23;334,14,0;336,-2,23;356,4,-20;366,7,2;370,13,3;380,8,2;390,11,0;400,3,9;410,3,-3;420,19,1;422,8,1;430,-6,-3;440,14,-1;450,10,1;460,11,3;470,-55,-10;480,75,1;502,18,-6;510,8,3;526,15,-12;652,-269,31
rua||joaquim pereira chaves|santo antonio do rio abaixo|35880000|17,-1922461,-4325682;41,-11,-7;51,-17,-5;63,-2,1;71,-10,-9;75,-6,-4;79,0,-1;90,6,-1;91,-20,-16;103,4,-9;117,0,0;120,-3,-16;132,-2,2;135,-4,-4;143,-8,-15;153,-5,-8;171,-12,-14;172,11,13;191,-18,-14;201,-8,-4;222,-9,-6;234,-7,-4;244,20,13;246,-22,-13
rua||jose augusto rodrigues|santo antonio do rio abaixo|35880000|16,-1922994,-4325100;17,1,1;67,10,-32;72,-28,7;81,-2,8;89,22,-8;91,-21,13;121,-35,-13
rua||jose camilo rodrigues|santo antonio do rio abaixo|35880000|11,-1922477,-4325446;21,22,11;33,12,-11;47,-3,20;57,20,-10;69,12,14;81,10,-6;96,24,-15;105,-6,6;120,15,2;141,13,-12;156,43,27;171,7,-5;207,24,14;233,48,2;245,8,6;299,42,8;301,7,12;339,38,-6;349,-1,12;364,-44,81
rua||jose de souza gomes|santo antonio do rio abaixo|35880000|19,-1922526,-4325591;44,-5,-9;55,-25,-14;91,-25,-25;103,-15,-6;104,-3,-43;163,-52,15;172,-8,-4;184,-4,0;187,70,27;197,-83,-28;202,-24,-9;211,1,3
rua||nelson edson porto|santo antonio do rio abaixo|35880000|10,-1923577,-4325176;11,413,210;12,-187,-151;22,188,137;36,-587,-422;48,270,191;58,282,207;60,-574,-386;67,500,324;70,71,45;72,-600,-364;82,588,365;84,-597,-373;88,607,378;94,-11,-36;664,-40,6;668,-18,-16;715,-37,8;736,-8,-14;760,-32,-7;763,-119,171;785,101,-179;797,-6,-10;798,8,-3;810,-10,-11;815,-7,-4;830,3,-4;839,-6,-9;851,-5,-6;879,-174,-103;889,25,30;901,-32,-39;913,-6,-4;915,-19,-22;929,-5,-9;931,-8,0;933,-31,-22;945,3,-13;1013,-16,-21;1025,-4,-8;1037,-8,-11;1059,-10,-3
rua||pedro oliveira santos|santo antonio do rio abaixo|35880000|8,-1923074,-4325034;20,-7,-11;26,3,0;73,-17,-14
rua||silvestre costa laje|santo antonio do rio abaixo|35880000|11,-1922823,-4325342;12,278,-184;20,-289,187;23,7,-37;26,-75,88;28,98,-64;34,-25,11;47,20,-20;58,-56,61;59,70,-72;69,15,-20;70,-96,99;72,276,-234;82,-226,190;93,64,-72;103,-5,-5;123,19,-13;128,6,7;139,1,-3;140,12,-9;150,12,-6;151,-17,10;163,16,-15;168,11,-1;173,-3,1;185,5,-3;190,7,-1;200,5,-9;213,12,-7;236,26,-14;246,-15,-13;258,49,-14;278,-26,-6;300,28,-9;308,-6,-1;324,65,-8;327,-40,2;336,-47,46;339,65,-48;340,-13,2;357,19,3;358,-2,-3;381,28,-1;386,12,9;393,0,-3;406,-5,-2;416,17,8
rua||valdir alvarenga quintao|santo antonio do rio abaixo|35880000|12,-1922910,-4325277;24,-2,4;29,65,-238;36,-80,234;48,-10,-10;59,242,-400;60,-242,395;72,0,-15;96,4,-18;102,3,-5;108,5,-18;111,1,54;123,120,-221;149,-49,61;165,67,-140;180,-166,152;197,69,45;203,25,-103;263,4,83;279,-17,-20;296,45,-113;308,-11,-13;335,26,19;347,6,-1;359,110,-142;362,-110,125;371,109,-126;374,-93,140;383,13,-6;434,81,-143;483,8,-45;527,-23,68
