avenida|governador|magalhaes pinto|centro|35544000|2,-1998439,-4485721;4,-9,4;6,-6,9;8,-7,6;10,2,7;50,-24,-5;78,-22,10;80,-2,-2;84,-9,7;85,2,7;91,-2,-1;93,5,5;94,-12,-9;105,4,-10;107,-11,9;108,-6,8;109,3,2;113,3,0;121,-20,17;122,8,-13;127,-4,8;129,8,28;139,-11,-9;142,3,-13;144,-14,-1;149,-1,5;154,-2,-4;155,-3,3;161,-4,4;167,-5,3;170,-12,2;174,1,5;176,-8,-1;177,8,11;178,-14,-11;189,29,-11;190,-49,27;200,-4,2;203,15,-15;207,-9,0;210,-14,15;215,12,-16;217,1,21;220,-13,0;229,10,-11;241,-14,6;247,155,-67;270,-171,90;276,-16,8;280,2,-9;281,-1,9;293,35,-34;297,-47,32;299,-5,10;300,-20,-12;301,13,6;303,-21,9;313,11,5;339,62,-46;341,-71,58
avenida|governador|magalhaes pinto|nossa senhora aparecida|35544000|385,-1998756,-4485552;390,-1,7;397,-4,-6;409,-5,7;427,-20,13;431,-5,0;449,-11,4;472,-26,1;476,-8,6;480,0,2;492,-14,-2;500,-8,13;509,1,11;516,-19,-7;525,14,11;526,-25,-6;536,0,2;541,12,7;555,-18,15;556,-10,-10;565,8,7;566,-17,-8;573,5,15;576,-18,-6;586,-6,4;587,11,2;596,-24,5;597,13,4;610,-21,-9;621,-2,20;622,-7,-10;632,-7,13;633,6,5;642,-15,-4;643,1,7;650,-12,-1;651,8,2;658,-18,7;659,9,11;669,-14,-8;675,-2,1;693,-15,9;700,2,-15;703,-8,21;712,-31,-9;721,1,20;724,-14,-3;734,-10,7;740,-17,7;758,-7,9;790,-25,7;805,24,-2;806,-29,6;817,24,0;824,-47,15;834,-8,5;851,15,5;853,-8,0
avenida|presidente|tancredo neves|bela vista|35544000|298,-1997911,-4485711;511,65,36;520,-2,2;538,37,-7;582,36,-16;712,88,36;724,2,-11;760,58,17;800,30,4;810,2,4;826,11,-1
avenida|presidente|tancredo neves|bonfim|35544000|101,-1998147,-4485775;103,61,9;107,-36,-3;115,79,16;461,-117,-25;503,296,58;565,56,17;575,7,-2;587,48,13;597,-7,-4;667,33,9;683,15,4;695,4,-2;707,20,8;709,1,1;711,3,-2;771,78,14;781,10,3
avenida|presidente|tancredo neves|centro|35544000|12,-1998181,-4485766;32,-22,-27;41,-14,13;44,-2,-11;54,-2,1;57,-5,2;61,-7,-5;67,-6,-1;94,-16,-3;112,-28,8;118,-11,1;123,6,-7;137,-6,-8;157,-28,-1;167,1,1;177,-2,1;182,-14,-17;183,1,0;185,-14,3;187,-8,-3;194,-5,-4;209,-8,7;212,1,1;220,0,11;224,-8,-12;226,-6,9;228,7,-54;235,-17,41;238,-1,3;240,-10,21;264,-13,-35;282,-11,-3;292,-10,-1;293,-12,9;301,-5,-6;304,11,-8;305,-12,11;320,-6,-16;325,-8,5;327,-9,-13;332,7,11;333,-18,-14;338,12,16;362,-35,-11;374,-10,2;375,-4,5;384,2,-7;388,-7,-9;398,-7,-2;401,-5,9;418,-4,-12;421,-18,12;454,-24,-17;464,-9,1;473,-3,11;484,-4,-19;485,-21,6;500,1,-14;510,-16,5;528,-15,4;561,-27,-3;571,-15,-3;574,20,-5;576,-15,-10;580,-13,6;581,3,-2;591,-12,4;600,2,-8;610,-12,4;645,-75,-21;652,30,12;665,-41,-6;668,36,4;672,-12,-5;675,13,4;677,-21,-19;687,3,3;711,-28,-9;717,-4,-1
avenida|presidente|tancredo neves|sao paulo|35544000|20,-1998144,-4485770;50,4,0;62,17,7;114,39,13
avenida|vereador|francisco rodrigues pereira|agua limpa|35544000|5,-2004286,-4480442;33,-5,56;35,-4,-12;36,-21,88;39,17,-17;54,12,-147;55,-57,253;60,-4,12;124,-17,189;145,111,83;146,18,9;220,217,223;444,-281,-658;533,-44,109;1313,274,480
avenida||bonfim|centro industrial|35544000|1491,-1997417,-4486072;1511,13,14;1531,6,-5;1541,9,1;1561,16,-5;1581,21,-10;1591,3,6;1603,14,-3;1633,27,-10;1643,10,-1;1653,3,-1;1765,123,-26;1775,8,-2;1785,11,-4;1793,14,-1
avenida||francisco gomes|centro|35544000|141,-1998375,-4485667;153,-15,-3;165,-12,-8
avenida||jadir de moura|centro industrial|35544000|90,-1997026,-4485842;91,-8,-8;111,-8,-35;131,2,2;185,-14,-65
avenida||jadir de moura|residencial luiz nogueira|35544000|33,-1997096,-4486182;43,-1,-8;53,-4,-5;63,-3,-15;73,0,-8;83,0,-10;93,-3,-4;103,-3,-19;113,0,-10;123,-1,-6;137,-4,-17;153,-2,-22;163,-4,-13;173,0,-9;183,-5,-9;193,0,-5;203,-2,-14;213,-3,-6;227,-4,-8
avenida||rio branco|centro|35544000|5,-1998403,-4486094;10,-8,3;16,-18,365;30,30,-355;44,-17,24;59,26,18;78,-23,1;83,3,15;90,5,8;98,-6,10;99,7,8;107,1,-7;114,-7,8;123,9,11;128,-5,15;136,-10,-2;139,26,0;144,-31,6;149,21,7;154,-11,5;163,9,7;175,2,3;203,-1,31;205,-1,11;211,3,-5;220,-17,10;223,14,13;233,2,7;234,-14,-3;245,14,12;258,-4,8;259,0,4;264,1,9;267,-12,-1;271,4,2;275,9,8;279,-4,3;283,0,8;297,1,16;300,-9,-4;318,0,12;334,12,8;340,1,16;342,2,-2;353,-9,19;359,-1,5;385,2,34;393,8,2;413,-9,24;439,-3,43;448,1,11;455,15,15;461,-21,15;473,0,5;485,7,15;532,-8,11;555,9,3
avenida||tchutchuco|prata|35544000|47,-2006621,-4483884
beco||do capao ii|sao paulo|35544000|101,-1998432,-4484348;1300,119,-35
beco||do capao|sao francisco|35544000|336,-1998746,-4485074;338,-2,-6;705,-1,0;710,-2,10;725,-41,1
beco||do ouro|bela vista|35544000|399,-1997837,-4485602;407,21,10;411,-1,-6
estrada||das dores|bonfim|35544000|100,-1997970,-4486004
estrada||esmeralda|bonfim|35544000|212,-1997956,-4486065;218,1,27
estrada||joao jose de souza|prata de cima|35544000|59,-2006208,-4483696;60,-3,-3;95,3,-19;125,0,-15
estrada||olegario maciel|sao paulo|35544000|56,-1998395,-4484686;86,-4,12
estrada||par fazenda do engenho|campo alegre|35544000|60,-2006778,-4482599;600,0,0
estrada||para a avenida bonfim|lagoinha|35544000|1,-1995524,-4487890
estrada||para agua limpa|agua limpa|35544000|900,-2003967,-4480709
estrada||para condominio|condominio vista alegre|35544000|100,-2001144,-4485501;110,-23,8
estrada||para cruz do morro agudo|curral|35544000|1,-1994027,-4484771;10,488,530
estrada||para cruz do morro agudo|morro agudo|35544000|1,-1992908,-4482204
estrada||para curral|curral|35544000|18,-1995599,-4484871;21,-225,-164;24,375,-161;29,454,440
estrada||para de minas|sao paulo|35544000|22,-1998244,-4484614;32,-4,1;72,-38,-14;122,-51,-18
estrada||para fazenda barra|prata de cima|35544000|1,-2008148,-4482528;10,-12,-3078
estrada||para floresta|ribeirao dos morais|35544000|1,-2000840,-4486526;9,-473,-203;58,-920,1534
estrada||para granja brasilia|venancios|35544000|3,-1995779,-4483417;5,74,-164;10,-192,545;39,1459,1685;40,1,1
estrada||para lagoinha|lagoinha|35544000|4103,-1996870,-4488088
estrada||para moinhos|moinhos|35544000|3,-1989241,-4483520;6,57,325;8,-177,-535;9,-179,-125;10,-727,673;19,-678,-3308;20,-292,-562;26,177,648;27,-44,16;30,-331,254;31,7,-7;210,573,-141
estrada||para moinhos|quilombo|35544000|5,-1987068,-4487119;12,-158,131;14,67,46
estrada||para morro agudo|venancios|35544000|4,-1993872,-4482022;9,460,196;18,-228,-1921
estrada||para piranga|piranga|35544000|7,-1988855,-4486693;10,203,367;12,-300,-88
estrada||para prata de baixo|prata de baixo|35544000|8,-2004795,-4484822;127,717,594;1060,188,83
estrada||para prata de baixo|ribeirao dos moraes|35544000|100,-2001155,-4485537
estrada||para prata de cima|prata de cima|35544000|73,-2005375,-4484096
estrada||para prata de cima|prata|35544000|4,-2006977,-4484498
estrada||para recanto das maritacas|piranga|35544000|7,-1987676,-4486760
estrada||para ribeirao dos morais|ribeirao dos morais|35544000|42,-2002303,-4484405;56,437,-81
estrada||para rua primeiro de maio|quilombo|35544000|20,-1988030,-4484377;171,291,-667
estrada||para santa izabel|moinhos|35544000|500,-1990282,-4483576
estrada||para santana da prata|quilombo|35544000|23,-1986681,-4485071
estrada||para sitio barreiras|barreiras|35544000|1,-2007039,-4481587
estrada||para sitio barreiras|campo alegre|35544000|88,-2005919,-4482252
estrada||para vale do caixao|prata|35544000|46,-2006804,-4484045;64,131,63;135,-32,-17;145,-14,-8
estrada||quilombo para br 262|piranga|35544000|185,-1988168,-4485646
estrada||rodovia br 262 para quilombo|quilombo|35544000|2,-1988605,-4485618;129,265,239;130,-1,-1;136,90,-156;148,180,124
estrada||sem denominacao 1|prata de baixo|35544000|20,-2004432,-4483951
praca|coronel|epifanio|centro|35544000|3,-1998279,-4486144;7,-3,-8;21,9,-13;51,-34,-27;75,-7,-15;85,-24,-8;109,-7,-1;177,87,88;193,-6,12;207,-2,-10;219,-1,-34
praca|nossa senhora|aparecida|centro|35544000|1,-1998778,-4485800;121,-45,-63;129,17,1;139,11,9;165,17,-4;175,8,-11;185,20,-3
praca|sao|cristovao|centro|35544000|231,-1998450,-4485690
praca||conceicao milagres|centro|35544000|12,-1998343,-4486072
praca||inacio marcelino dos santos|prata de cima|35544000|67,-2006112,-4483815;72,42,-36;85,-37,23;86,-44,31;87,58,-49;133,-64,40;160,7,24
praca||inacio marcelino dos santos|prata|35544000|1941,-2006138,-4483793
praca||jatoba|centro|35544000|8,-1998272,-4485643;310,-20,15;350,2,0;366,-7,19;396,-9,31;402,12,12;412,-17,-5
praca||juscelino kubitschek|centro|35544000|8,-1998231,-4485925;9,47,-20;12,-36,105;18,-6,-70;25,29,-32;26,-33,38;32,-1,10;36,23,58;38,6,-6;42,-26,-40;48,30,44;70,-38,-35;309,69,-73;315,-2,19;327,4,13;335,-1,10;341,1,8;365,-4,25;373,3,13
praca||valdemar marques de assis|centro|35544000|319,-1998507,-4485907;337,-17,-1;339,-2,0;357,-13,2;363,-5,-5;375,-16,-1;385,-10,0
rodovia||430|agua limpa|35544000|21,-2004101,-4480980;188,-33,87
rodovia||br 262|moinhos|35544000|425,-1988862,-4482717;426,-208,-1090;462,271,1051
rodovia||mg 252 para sao goncalo|prata de baixo|35544000|3,-2004520,-4483971;6,-42,-14;99,-148,-111;215,248,129;398,140,10;400,-133,-26
rodovia||mg 252|lagoinha|35544000|62,-1997833,-4486554;94,42,-42;95,13,-15;100,10,-15;102,-19,18;132,24,-32;142,14,2
rodovia||mg 252|prata de cima|35544000|300,-2005976,-4483781;379,60,-74
rodovia||mg 252|prata|35544000|19,-2005070,-4484071
rua|coronel|pedro teixeira de menezes|centro|35544000|92,-1998240,-4485836;102,-6,13;110,7,-3;115,-12,13;118,7,-9;120,5,6;124,1,6;127,-7,5;133,1,11;151,-7,-1;157,-3,22;160,-2,5;161,1,-2;163,-3,7;169,4,0;177,-1,7;197,-1,20;200,-1,0;211,-9,10;217,1,6;225,-3,14;236,8,-2;240,-1,2;263,-21,37;270,22,-13;280,0,15;285,-8,-7;295,-9,10;305,-5,17
rua|coronel|torquato|centro|35544000|23,-1998647,-4486113;41,41,-18;75,1,0;160,-71,56;178,-12,6;182,-5,12;188,-14,4;198,-5,7;203,10,2;215,-3,7;245,-11,23;257,-9,10;265,-2,8;271,0,1;277,-5,9;279,-2,4;289,3,8;303,-12,14
rua|coronel|torquato|nossa senhora aparecida|35544000|238,-1998726,-4486016;252,-3,13;266,-7,14;282,-10,12;296,0,15;602,-4,7
rua|dom|pedro ii|centro|35544000|23,-1998554,-4486233;30,16,0;54,-8,-27;70,6,-14;82,1,-2;87,17,-61;88,-12,46;116,10,-16;130,6,-5
rua|dona|olga de assis borges|centro|35544000|4,-1998368,-4485578;8,-14,13;22,2,3;60,-5,9;84,-49,13;96,0,4;100,-11,3;110,-10,-1;120,-6,2;158,-39,12;165,-10,10;183,-10,-1;191,-12,3;197,4,13;216,-8,-18;219,-31,12;224,9,4;248,-33,-14;263,2,13;264,-5,-18;273,-6,22;274,3,-20;284,-16,13;297,-16,9;300,3,-7;316,-14,11;319,-2,1;331,-20,3;348,78,-29;354,-85,27;358,-3,-6;371,-19,11;372,1,-9;381,-12,12;399,-4,1;415,-76,-4;423,32,10;435,-12,6;445,-23,-9;447,17,3;449,-6,5;451,-6,-1
rua|dona|olga de assis borges|nossa senhora aparecida|35544000|434,-1998751,-4485482;440,-15,0
rua|dona|olga de assis borges|sao paulo|35544000|3,-1998364,-4485567;49,-40,23;86,-32,10;91,-7,6;99,-22,4
rua|doutor|ezequiel de macedo|centro|35544000|43,-1998338,-4486151;53,28,-37;76,-57,55;87,-15,17;90,6,-17;95,20,-2;104,-20,6;140,-33,22;170,-29,13;171,1,4;196,-24,4;207,1,12;208,-11,-7;213,-1,13;214,-13,-28;221,8,29;226,-7,-8;234,-8,0;240,-5,6;254,-10,0;262,-3,4;266,-4,4;276,-14,-6;283,0,19;288,-2,-6;291,-5,9;307,-6,3;319,-15,7;335,-11,8;345,-7,5
rua|maestro|carlos ribeiro da silva|sao paulo|35544000|37,-1998295,-4485266;47,-5,3;57,-21,14;79,-15,4;265,-110,71;269,-4,-7;305,-42,16;315,-1,-5;389,-64,9;397,-9,1;403,-14,-10;417,8,28
rua|padre|raul silva|sao francisco|35544000|18,-1999019,-4485260;28,7,4;42,3,9;52,10,14;61,14,1;91,13,29;98,2,-2;101,-3,0;115,11,8;123,13,7;133,4,3;148,-6,1;155,19,14;160,-6,8;167,14,-1;168,-10,0;183,18,10;186,-8,2;191,23,13;196,-19,-6;200,9,4;201,3,4;203,9,1;222,-11,22;232,22,0;243,5,-7;247,6,6;260,3,7;266,-16,24;276,26,-8;285,19,15;290,-13,-9;293,23,12;299,19,-21;327,10,32;339,-10,16;344,-34,-29;349,16,22;501,-150,-167
rua|padre|sebastiao gontijo|centro|35544000|8,-1998782,-4485914;9,46,-7;11,-4,9;12,-8,3;28,1,19;41,9,10;45,-5,0;53,7,4;225,14,19;231,-11,-27;233,7,34;237,-6,129;245,-2,-110;249,14,119;259,-7,-83;263,7,96;271,-6,-115;273,11,129;285,-12,-113;305,6,20;327,8,139;337,-5,21;347,3,6;374,9,107;401,-6,-46;411,3,19;415,1,11;437,0,4
rua|padre|sebastiao gontijo|nossa senhora aparecida|35544000|236,-1998727,-4485724;248,0,5;260,-2,14;300,-2,38;312,5,17;328,-2,4;332,2,13;346,3,15;355,1,-114;360,-10,120;364,11,11;376,0,5;440,3,71;460,-1,15
rua|padre|sebastiao gontijo|sao francisco|35544000|23,-1998702,-4485162;203,29,286;207,-3,12;210,0,16;639,-9,-233;643,-3,4;662,7,57;674,-1,17;675,-15,-103;890,0,18;924,-4,17;981,17,32;985,-4,110;1000,3,9;1018,4,-24;1030,-10,6;1214,17,233;1256,7,34;1312,20,51;1326,1,1;1340,4,24;1351,-32,-219;1361,4,42;1363,-2,-25;1371,4,23;1377,-12,5;1411,12,73;1425,-1,3;1437,7,12;1449,6,24;1462,49,179;1473,-45,-170;1474,50,185;1485,-45,-169;1497,5,9;1500,47,186;1569,-27,-113;1581,2,15;1661,-2,25
rua|padre|sebastiao gontijo|sao paulo|35544000|821,-1998691,-4485162;827,1,4;831,2,12;841,-5,13
rua|pio|xii|nossa senhora aparecida|35544000|67,-1999181,-4485296;77,-5,24;113,10,47;116,-13,-19;128,3,29;133,4,-2;138,-4,8;150,4,18;158,1,16
rua|pio|xii|sao francisco|35544000|188,-1999181,-4485121;205,13,-8;212,-18,17;217,13,-12;223,0,8;229,2,12;241,4,9;242,-19,-7;244,6,31;256,4,7;257,6,3;261,4,-14;272,-25,16;280,18,25;281,2,-12;286,10,31;293,0,-17;305,-5,6;310,-10,42;316,0,17;321,4,-30;345,5,21;346,-9,38;354,3,9;356,-27,12;357,22,-47;369,-3,0;407,22,51;409,-1,8;410,-11,-7;422,4,12;430,0,4;431,8,0;443,1,2;445,3,158;475,-9,-92;480,1,-3;500,0,14;505,9,25;515,0,1;525,2,11;530,-6,8;535,3,5;540,-5,8;545,6,4;550,-8,7;592,2,54;605,15,-8;614,-15,21;615,19,-15;625,-4,21;630,-12,4;635,15,5
rua|professora|cleusa celia mota guimaraes|centro|35544000|23,-1998481,-4486159;33,2,2;34,-7,3;43,4,7;48,-23,-12;56,4,20;57,-3,-5;62,-1,6;71,1,22;78,-18,-14;81,5,22;87,-5,-3;91,-3,6;98,4,-10
rua|professora|cleusa mota guimaraes|centro|35544000|205,-1998414,-4486272
rua|professora|judite amaral|sao paulo|35544000|24,-1998132,-4485101;29,1,-1;36,-2,-17;41,-1,2;51,-7,-20
rua|professora|leila de mesquita massiere|sao francisco|35544000|202,-1999224,-4484627;644,51,-24;654,-7,6;672,-16,4;682,-14,6;692,-12,9;712,-24,10;732,-10,1;742,-10,3;752,-6,0
rua|santo|antonio|centro|35544000|42,-1998251,-4485930;51,-10,7;54,-1,-6;57,1,6;75,-17,-6;76,-10,-3;85,2,0;100,-23,0;118,-7,-8;127,-342,1;144,319,6;154,-11,3;159,-8,-4;164,2,2;169,-22,6;172,13,-6;181,-13,6;189,-8,-5;226,-33,-1;231,4,0;236,-12,-2;253,-19,9;256,7,-6;269,-17,0;276,-2,-9;278,-8,10;286,-20,-9;293,13,7;297,-8,5;320,-23,-7;340,-10,1;363,-218,-6;366,193,8;378,-14,-7;388,-9,13;394,-7,-5;404,-9,-4;437,-15,7;438,7,-12;445,-31,11;453,-14,-3;460,3,-15;469,-14,16;476,3,-2;526,-52,-4;527,-5,5;542,-7,-8;551,-12,5;552,-1,-4;627,-62,7
rua|santo|antonio|nossa senhora aparecida|35544000|616,-1998767,-4485939;630,-17,-2;656,-14,2
rua|sao|jose|agua limpa|35544000|300,-2004340,-4479926
rua|sao|jose|centro|35544000|5,-1998326,-4486036;8,-5,5;22,5,13;23,7,-2;39,6,7;42,0,5;49,2,16;52,-8,-1;62,2,10;71,4,14;85,5,12;92,-7,7;95,6,0;124,-8,28;127,5,7;134,-7,10;141,21,3;151,9,-15;152,-26,26;157,0,-12;160,1,20;173,2,12;178,-3,1;187,8,9;188,-3,6;197,-1,9;198,-4,-6;209,-6,11;211,7,2;214,2,1;220,-2,10;223,7,-1;224,-6,5;231,1,8;250,3,27;280,-11,14;284,2,9;289,8,8;300,-1,3;307,-1,11;314,-6,8;323,9,-2;340,-16,-1;347,6,40;356,-7,-4;357,5,20;358,-5,-17;367,4,26;376,-9,-8;432,-2,32;456,-4,19;472,-5,-15;504,-17,62;507,26,4;516,-33,1;519,16,24;527,5,9
rua|sao|paulo|bela vista|35544000|1390,-1997832,-4484955
rua|sao|paulo|lago azul|35544000|72,-1997698,-4484956;1485,-171,14;1543,82,-10;1585,17,1;1597,6,-1;1609,14,3;1615,13,-7;1671,51,4;1685,15,-8
rua|sao|paulo|sao francisco|35544000|3,-1999156,-4484865;13,18,-1;27,9,-2;28,-5,-12;59,66,5;71,5,-2;83,8,5;113,31,-6;123,8,2;140,150,-20;240,-80,5;256,15,12;257,-20,0;268,41,-14;269,-7,8;280,3,-4;288,6,-3;298,88,6;315,15,-5;332,11,-6;340,-53,0;369,25,5;382,-12,2;411,31,2;420,38,-12;439,-12,11;443,-388,0;451,402,-5;453,20,-9;454,5,5;458,12,-2;471,32,-9;486,22,12;496,17,-13;498,10,-2;515,-16,18;518,26,-17;521,18,20;530,-2,-23;569,-13,14;573,-6,3;581,2,-3;640,-421,11;672,25,-1;682,8,5;694,15,-2;772,7,-2
rua|sao|paulo|sao paulo|35544000|389,-1998418,-4484910;427,186,-14;601,-368,22;627,6,0;643,24,-2;654,4,-1;669,23,-3;685,7,3;725,12,-5;737,13,-3;749,7,6;755,62,-4;758,1,-13;761,-27,14;762,60,-24;763,-79,22;764,53,-10;775,2,3;795,26,2;818,-20,-7;824,8,1;843,23,7;854,-5,-11;863,13,9;866,15,-24;872,36,14;877,23,14;878,-6,-11;884,25,6;888,1,-7;899,39,2;900,-23,7;917,43,-9;928,-2,-12;940,7,-14;941,7,20;958,9,-7;1111,173,4
rua|sao|sebastiao|quilombo|35544000|40,-1987721,-4485524;99,168,-18
rua|vereador|jose de freitas mourao|centro|35544000|26,-1998914,-4485683;40,-1,-20;58,-4,-14;68,0,-12;78,5,-16;82,-5,-3
rua|vereador|jose de freitas mourao|nossa senhora aparecida|35544000|25,-1998926,-4485672;35,0,-6;45,-4,-16;49,-1,-14;71,3,-10;75,-2,-9;81,-3,-11;93,2,-17;101,3,-12;140,2,-7
rua|vereador|jose maia da silva|sao francisco|35544000|2,-1998800,-4484772;8,-9,0;36,-12,14;54,-32,2;62,-13,1;74,-9,2;94,38,-14;104,3,7;110,-63,14;122,-27,-2;134,9,-4;165,-45,14;171,17,-2;195,-68,2;211,22,2;217,-6,1;218,-8,13;225,33,-13;228,-30,-10;236,-8,1;241,-10,10;244,5,-10;252,-15,1;257,-17,9;268,9,-9;275,-18,10;284,8,-12;287,-120,32;288,99,-26;293,80,-1;297,-146,15;305,64,-10;307,-54,6;323,303,-18;327,-277,15;338,-9,-1;339,-2,3;355,314,-42;356,-406,59;359,71,-14;362,-13,-10;368,-3,3;378,-30,11;388,-8,-2;389,-2,14;394,-37,12;397,34,-5;403,-9,2;407,4,-5;439,-34,17;449,-5,4;457,-7,1;458,-1,-5;468,-11,3;469,3,5;478,-15,-1;479,5,7;487,40,-19;488,-52,18;498,-4,8;499,5,-3;503,-8,0;505,-5,5;508,0,-7;518,-7,7;519,0,3;527,-7,5;528,-2,-6;529,-1,5;538,-12,-4;539,6,7;548,-10,-1;558,-5,0;568,-17,-2;578,-8,12;598,-12,12;618,-6,-4
rua|vereador|jose reinaldo da silva|centro industrial|35544000|21,-1997392,-4485847;251,212,-36;271,20,-6;350,64,-5;370,13,0;373,25,-18
rua|vereador|luiz batista quadros|residencial mirante do lago|35544000|72,-1997886,-4484254;73,-49,-202;83,55,203;153,6,-174;163,8,7;247,45,64;395,77,124;425,24,3;435,-16,21;455,8,-1;535,9,89
rua|vereador|milton milagre|centro industrial|35544000|90,-1997221,-4485882;101,-15,-43;110,8,26;130,-4,-16;170,-11,-56;190,1,-11
rua|vereador|milton milagre|residencial luiz nogueira|35544000|290,-1997273,-4486138;291,-7,-9;301,-3,-4;310,11,0;311,-15,-8;321,2,-16;330,6,-5;331,-7,-2;340,7,3;341,-6,-10;350,6,-4;351,-11,-5;360,7,-2;361,-9,0;370,5,-6;371,-7,-13;380,7,-2;381,-11,-9;390,12,3;395,-13,-9;406,10,-2;409,-13,-31;419,-5,-9;420,10,4;429,-10,-14;430,14,10;439,-17,-21;440,12,11;449,-13,-20;450,13,10;459,-17,-15;460,20,29;469,-22,-42;470,14,11;480,-2,-14;483,-10,-4;494,9,1
rua|vereador|pedro delgado mota|lago azul|35544000|2,-1997748,-4484551;3,29,-9;12,-23,59;13,6,-43;22,-15,13;23,12,-11;32,-15,9;33,16,1;42,-8,19;43,5,-3;47,-3,11;52,-4,10;72,2,11;82,4,3;92,-6,15;104,3,4;114,-8,25;116,9,-11;134,0,19;148,0,17;158,4,1;168,-3,10;171,1,14;178,-1,-6;183,9,19;188,-4,-8;198,-4,11;213,14,42
rua|vereador|pedro delgado mota|residencial mirante do lago|35544000|425,-1997724,-4484231
rua|vereador|vitor mendes|sao paulo|35544000|280,-1998396,-4484778;285,-10,-16;286,6,0;297,-5,-10;308,-1,-11;309,-2,0;319,0,-12;331,-1,-29;339,0,8;340,0,-9;344,2,-13;349,-4,8;359,-2,-16;360,5,-3;389,-4,-2
rua||21 de abril|nossa senhora aparecida|35544000|12,-1999028,-4485740;18,2,21;28,1,15;30,4,6;32,0,10;41,8,6;43,-5,-28;47,2,-7;50,-6,53;70,-8,22;198,18,144;225,11,20;275,3,79;291,-2,15;311,1,9;331,2,5;336,-10,-5;342,10,25;354,-5,9;752,3,15
rua||21 de abril|sao francisco|35544000|49,-1999005,-4485248;490,8,28;510,2,20;523,2,24;535,11,16;538,-13,2;543,12,20;550,-10,-6;557,3,5;560,-2,9;569,9,6;570,-23,0;581,21,43;586,-3,-27;593,3,38;594,-6,-19;605,14,23;606,-14,2;623,15,9;630,-15,15;635,16,3;651,0,14;659,3,21;664,-15,5;675,13,11;687,-5,15;694,-5,-17;697,12,16;698,-13,2;724,0,22;725,10,1;736,-5,10;737,8,8;750,-10,7;760,-4,13;761,10,-3;772,-2,8;777,4,-2;785,-23,-369;795,-9,-12;809,35,423;821,2,28;833,5,-15;845,-3,22;860,-10,22;874,5,21;877,7,-10;888,-5,26;901,7,-9;902,-11,15;907,11,1;913,3,0;947,-6,-22;957,2,-8
rua||acre|lago azul|35544000|1547,-1997768,-4484437
rua||afonso pena|centro|35544000|393,-1998117,-4485839;405,-46,-2;429,7,26;433,-13,12;461,-1,20;484,-27,49;502,-1,-1;512,0,1;522,-3,2;568,-9,32;608,-23,34;610,0,6
rua||afonso pena|sao paulo|35544000|509,-1998180,-4485744;533,-12,20;569,-4,6;581,-12,14;633,-19,49;645,-1,10
rua||alagoas|bela vista|35544000|868,-1997845,-4485068;1440,-37,-22;1480,23,7;1527,-3,-29;1607,65,8;1617,12,-1;1640,15,9;1688,-8,-2;1950,12,3;1988,27,-5;1998,8,-2
rua||alagoas|lago azul|35544000|1735,-1997680,-4485110;1749,15,0;1761,5,0
rua||alagoas|sao francisco|35544000|8,-1999234,-4485001;11,9,-19;15,448,-23;16,16,-3;17,-461,25;21,324,-5;26,-324,20;30,7,2;45,9,-5;54,143,-7;57,-132,13;74,153,-15;84,0,0;98,14,1;104,8,0;114,-15,0;116,127,-18;117,-7,8;126,-221,21;127,216,-21;128,-4,-8;139,-5,9;186,-152,12;203,21,-13;209,0,0;233,10,-1;245,7,0;257,8,0;269,11,1;280,97,-5;308,-269,24;309,-15,-9;342,266,-17;344,-1,5;354,-14,7;385,80,-4;401,16,-10;409,4,-1;422,-8,9;424,13,-1;446,15,-1;458,4,-4;533,78,-14;543,21,2;561,22,-6;563,3,4;582,72,6;598,-5,-12;624,-16,13;630,-344,19;671,337,-28;679,-7,-3;681,14,7;683,9,-10
rua||alagoas|sao paulo|35544000|5,-1998521,-4485058;450,28,9;459,8,-12;494,-115,10;558,48,-4;673,-46,-1;675,9,-2;687,15,2;699,4,-1;741,41,-2;777,25,16;787,-2,-21;795,9,-2;862,67,9;864,2,1;874,12,-5;886,-2,2;898,20,-3;916,8,4;932,24,-6;969,25,-10;981,15,1;986,-14,15;990,13,0;995,16,-15;998,-6,13;1005,17,-6;1010,1,9;1025,35,-11;1040,4,3;1050,11,1;1063,30,-8;1116,-66,10;1131,116,-17;1147,20,-2;1160,-26,-3;1171,57,-2;1178,-37,14;1185,48,-16;1186,-29,13;1198,12,4;1215,31,-19;1222,-16,8;1230,35,-6;1236,-31,10;1242,10,-4;1254,8,-1;1266,14,13;1278,4,-8
rua||almir de barros ribeiro|residencial luiz nogueira|35544000|16,-1997145,-4486166;17,-17,-9;26,14,-9;36,-5,-11;46,-1,-2;47,-7,0;56,3,-11;57,-4,-1;66,0,-7;76,0,-20;77,-5,8;86,-1,-11;87,-3,0;96,9,-13;97,-11,6;106,5,-7;107,-9,-3;120,10,-7;123,-7,-1;136,4,-27;137,-7,-1;146,-31,-52;147,28,39;156,2,-7;157,-8,0;166,8,-12;176,0,-5;177,-10,-2;186,8,-10;187,-11,1;196,9,-13;197,-11,6;212,11,-11;213,-13,-2
rua||altavino jose de andrade|sao paulo|35544000|15,-1998081,-4485133;25,9,27
rua||amazonas|lago azul|35544000|53,-1997824,-4484484;74,-24,-9;1470,53,0;1496,21,-6;1524,-35,-3;1536,-11,13;1546,-8,4
rua||angelo zaramela|centro|35544000|21,-1998260,-4486073;22,0,-5;40,-22,11;53,-3,11;54,-9,-3;63,-5,6
rua||antonio acacio|centro|35544000|23,-1998658,-4486119;37,-3,-5;55,-21,-3;65,-22,-13;71,-1,13;77,-4,11;83,-6,-14;89,4,2;102,-17,-13;103,1,2;113,-11,-2;116,5,-3;125,-12,9;136,-7,-18;143,-5,10;157,-10,9;166,-18,-18;181,-9,12;184,6,-12;195,-19,8;213,-13,1;221,-12,24;233,-81,-3;243,-21,10;251,58,-24;283,-5,5
rua||antonio carlos monteiro|nossa senhora aparecida|35544000|6,-1999031,-4485469;14,0,6;15,1,3;26,-21,-8;38,-11,7;43,8,7;47,-7,-1;52,-12,-14;53,7,16;62,-18,-17;73,15,17;74,-20,-9;79,20,7;85,-59,2;86,21,-8;91,-1,9;95,-4,0;96,3,-9
rua||antonio domingues maia|centro|35544000|32,-1998682,-4486046;35,15,-5;38,-16,20;45,23,-4;51,-7,12;62,-9,9;71,8,4;74,-9,16;79,13,7;84,-9,-4;90,0,9;93,7,9;100,-9,1;102,-3,-1;103,17,8;110,-13,-4;113,13,9;157,-3,-10;159,-8,56;167,9,8;168,9,-16;170,-16,12;247,7,81;257,-1,6;274,13,205;277,-4,-176;287,17,7;307,-20,24;338,-5,22;345,10,105;348,-4,-99;362,0,10;367,-13,3;377,17,15;387,1,13;388,-7,-3;390,-29,-325;403,42,337;404,-10,7;413,8,8;422,-9,7;423,8,-2;432,-7,11;433,5,-3;448,7,18;460,-5,6;487,0,38;497,-3,9;500,1,5;518,0,12;529,2,10;545,-8,13;548,-1,-2;559,0,15;562,-7,2;571,11,13
rua||antonio domingues maia|nossa senhora aparecida|35544000|216,-1998668,-4485859;224,-4,2;234,4,13;246,-14,18;262,17,5;274,-2,23;284,4,1;310,-3,32
rua||antonio domingues maia|sao francisco|35544000|276,-1998614,-4484877;283,-3,6;297,3,16;428,-10,-258;444,-7,18;458,4,7;623,4,30;660,7,249;670,5,7;676,1,7;690,-1,18;710,6,7
rua||antonio domingues maia|sao paulo|35544000|95,-1998605,-4484821;425,-13,-321;436,-12,-9;441,9,-4;454,-15,21;546,15,-1;669,13,324;671,2,16;679,5,-4;687,1,0;689,0,2;691,4,11;695,-5,15;908,-30,-409;926,-1,14;981,8,-3;1027,9,97
rua||antonio fernandes|residencial mirante do lago|35544000|29,-1997976,-4484319;39,4,1;77,188,49;203,-21,-13;206,-2,14;208,11,-4;246,30,16
rua||antonio fonseca mourao|nossa senhora aparecida|35544000|15,-1998775,-4486004;29,6,-23
rua||antonio joaquim rodrigues|sao francisco|35544000|240,-1999401,-4484644;241,49,88;304,1,18;854,-15,-35
rua||antonio nascimento guimaraes|centro industrial|35544000|250,-1997184,-4485952;254,4,1;260,18,-6;270,4,-9;310,13,6;330,18,-3
rua||antonio vieira lopes|centro|35544000|3,-1998700,-4485663;6,0,0;31,11,26;41,1,12;44,-6,-10;56,10,20;280,-9,-4;289,-13,-55
rua||augusto gomes|centro|35544000|9,-1998583,-4485679;21,-2,-3;28,12,-2;39,-7,-22;58,5,-5;74,0,-8;89,-3,-39;90,4,18;97,-10,-29;100,8,20;104,-1,-5;107,-6,-16;110,7,10;113,-3,-31;114,2,23;121,-10,-14;126,13,7;132,-4,-5;142,6,-15;145,-7,-8;149,-3,-9;160,8,6;176,-7,-7;229,-5,-92;230,9,14;249,-20,-20;292,13,-34;295,-6,-13;302,3,-3;305,-7,-1;313,-4,-10;318,10,-4;321,-12,-33;325,2,20;333,-4,-29;336,14,17;385,-24,-36;397,-11,-11;406,7,6;409,-15,-18;410,-4,-1;421,-9,-1;433,0,-7
rua||augusto gomes|sao francisco|35544000|285,-1998527,-4485260;286,-24,11;295,7,19;309,2,10;310,-8,-6;312,4,14;320,-2,11;325,6,-1;326,-5,10;332,-1,6;344,-9,6;345,24,26;429,-8,61;441,-1,15;453,2,10
rua||augusto gomes|sao paulo|35544000|414,-1998557,-4485119;416,19,35;420,-12,-16
rua||a|chacaras santa rita de cassia|35544000|53,-2006182,-4481960
rua||bahia|bela vista|35544000|690,-1997908,-4485027;804,180,-4;1569,-127,8;1627,50,-11;1631,10,0;1633,10,6;1657,8,-5;1665,9,-1;1669,16,0;1697,22,-2
rua||bahia|lago azul|35544000|1130,-1997720,-4485024
rua||bahia|sao francisco|35544000|3,-1998622,-4484974;14,-16,-7;15,0,7;26,-9,-6;27,-7,4;38,-10,-3;39,0,8;50,-12,-10;51,7,10;66,-33,-1;78,-12,2;85,8,10;86,-163,-8;90,173,6;97,-23,0;103,-412,16;121,396,-17;131,-8,-2;141,-6,0;151,-19,3;210,-38,-6;212,4,0;215,-229,11;222,208,-13;232,-15,-3;242,8,4;260,-24,-1;266,-8,3;276,-154,20;290,122,-14;304,-60,3;317,37,6;318,-8,-6;319,9,-4;321,-6,9;326,-2,-5;342,-25,-2;344,7,25;350,-66,-22;371,-21,9;375,89,-6;381,-102,9;384,-4,-11;393,-7,12;394,6,-13;395,-114,17;404,103,-15;405,4,11;410,-17,-12;412,221,7;413,-220,8;420,223,-17;446,7,3;464,11,-4;472,23,3;495,12,-10;724,-208,19
rua||bahia|sao paulo|35544000|78,-1998379,-4484996;423,-92,14;425,-5,7;575,306,-27;863,-263,10;879,20,-3;891,6,-5;895,2,1;905,19,0;910,-17,14;922,3,0;968,64,-3;980,20,-12;989,-21,2;990,31,11;999,-14,-21;1015,20,2
rua||benedito batista souza|residencial mirante do lago|35544000|21,-1998003,-4484275;82,47,22;199,120,23;200,-12,1;212,12,1;224,8,4;235,23,-2;247,11,0;256,-21,5;259,35,-1;304,3,2
rua||berilo|bela vista|35544000|80,-1997572,-4485572;130,10,132;138,-1,2;150,2,12;245,0,-143;254,1,158;268,-18,-171;269,25,127;340,-12,-53;355,8,15;369,11,170;377,-6,-90;379,5,101;391,6,0;456,-12,31;509,-3,-101;577,9,90;583,-3,7;623,6,38;625,5,32;628,-17,-23;649,15,7;652,-11,4;664,-2,19;691,5,29;785,-25,-411;811,-2,38
rua||bonfim|bonfim|35544000|237,-1997938,-4485945
rua||bonfim|centro|35544000|4,-1998123,-4485896;20,-25,7;34,23,-9;37,-9,-3;54,31,15;64,3,23;65,-9,-43;73,9,-2;74,2,8;77,-1,-3;88,12,-2;93,8,-1;102,1,1;105,6,-8;218,118,-14
rua||b|lago azul|35544000|10,-1997651,-4484453;138,-7,-35;143,0,26;150,-2,-40;157,0,-9;162,6,-2;169,0,0;174,-3,-1;181,4,-13;186,6,5;193,-5,-13;200,13,-22;205,-11,3;217,9,-3;229,-4,-17;241,10,-5;253,1,-10;265,4,-13;277,5,-8
rua||b|prata de cima|35544000|16,-2006267,-4483867;19,20,-16;42,18,-17;46,-15,18;60,-11,4;92,-38,39;126,-3,9
rua||b|quilombo|35544000|15,-1987560,-4485258;16,-84,-3;25,105,1;40,-44,2;48,-12,-1
rua||b|sao paulo|35544000|87,-1998032,-4485455;178,-146,19;188,19,4;194,-67,0;200,74,-5;206,-77,6;212,-18,2;214,41,-3;216,68,-5;224,-60,2;236,-63,7;264,-39,6;294,177,-20;306,15,0;371,-189,12;385,-11,8
rua||carlos gomes|centro|35544000|37,-1998608,-4485739;47,-12,-1;48,15,-3;59,-21,5;60,9,-11;71,-27,14;101,-8,11;151,-37,-33;163,-8,6;164,-1,-3;169,-19,4;311,-124,-9;319,120,-3;321,-127,2;333,-15,0;341,-12,-8;351,4,-1;369,-21,2;375,-6,2;387,-11,-2
rua||carlos gomes|nossa senhora aparecida|35544000|334,-1998867,-4485781;355,127,30;358,-138,-32;359,124,29;370,-139,-26;375,129,27;385,-8,-1;395,-10,-3;405,-7,1;409,-1,-2;410,-111,-19;427,96,18
rua||ceara|bela vista|35544000|676,-1997559,-4485193;1627,-255,17;1628,9,6;1639,11,-7;1642,-3,12;1670,15,-1;1671,13,-12;1677,-16,0;1682,19,11;1683,0,-11;1694,12,10;1695,-1,-12;1706,14,7;1707,2,-8;1715,10,3;1889,152,-13;1900,20,8;1901,-15,-7
rua||ceara|lago azul|35544000|1780,-1997680,-4485175;1794,9,-3;1800,10,2
rua||ceara|sao francisco|35544000|14,-1999221,-4485082;26,302,-12;28,-311,12;33,8,-5;54,19,4;114,65,0;183,69,-3;199,12,-11;219,-11,2;242,22,5;243,4,-8;254,17,14;264,-107,-9;274,-17,0;284,196,-32;286,4,8;288,8,-3;323,-7,13;330,7,1;333,8,7;342,7,3;354,7,0;397,86,-14;466,67,8;498,-50,2;502,18,4;582,-214,1;603,356,-25;615,1,5;629,-18,2;635,-2,9;681,-43,-4;687,-3,-4
rua||ceara|sao paulo|35544000|475,-1998483,-4485123;483,-5,-1;488,-39,-8;499,-30,16;511,-6,0;523,-14,-1;533,-16,-2;534,8,-6;536,25,-2;545,-35,5;546,-5,1;557,-5,3;559,0,5;632,-77,-6;786,141,11;795,25,-22;801,8,-6;804,-9,17;811,20,-15;814,1,6;821,6,-1;871,58,-6;876,2,-13
rua||celso rodrigues|prata de baixo|35544000|3,-2004599,-4484037;17,-215,-222;65,122,102;67,-9,-5;71,-58,-22;73,7,-5;88,148,143;111,-71,-100;195,-114,-102
rua||cinco|lagoinha|35544000|320,-1996881,-4487867;360,-36,-29;370,-10,-8;620,-50,-46;638,-16,-16;656,27,25
rua||cinco|residencial luiz nogueira|35544000|292,-1997395,-4486124;293,11,9;302,-14,-21;312,-2,-5;313,15,15;322,-17,-23;323,13,11;332,-15,-19;333,14,11;342,-17,-22;343,16,13;352,-16,-18;353,13,7;362,-15,-22;363,15,13;372,-17,-24;373,14,15;382,-14,-17;383,12,2;392,-21,-19;393,21,16;403,-1,-8
rua||cirilo brandao|sao paulo|35544000|18,-1998109,-4485125;30,15,4
rua||coelho neto|bela vista|35544000|314,-1997892,-4485681;690,-8,663
rua||coelho neto|lago azul|35544000|322,-1997878,-4484813;1138,-19,-24
rua||cristal|sao francisco|35544000|10,-1998774,-4485172;11,55,-1;31,-9,-1;35,2,1;37,-5,-5;45,-5,5;57,-10,0;69,-8,-3;73,-8,6;75,-1,-5;79,-3,2;289,199,-104;301,-12,13;329,-43,35;798,-82,51
rua||cristal|sao paulo|35544000|25,-1998390,-4485404;28,11,-12;50,-20,15;72,-1,4;75,-16,5;76,12,-16;82,-3,10;85,-18,9;90,19,-7;97,-37,28;140,-34,-7;188,-23,37;200,-1,0;208,-8,4;217,-10,16;220,-2,-8;259,-24,33
rua||cruzeiro do sul|centro|35544000|11,-1998489,-4486054;23,-1,8;26,-11,-2;33,10,18;36,-8,2;45,18,14;48,-18,-11;57,11,14;61,0,8;69,-1,0;71,0,6;76,-5,8;83,7,3;86,-4,13;89,2,-7;96,-2,8;99,2,5;100,-4,2;103,0,12;106,-6,2;132,10,421;165,-2,-160;176,9,314;177,-9,-516;184,-11,23;185,12,-14;189,2,-4;191,-3,12;196,-11,16;220,14,-3;236,-14,31;240,7,13;251,-4,1;256,2,9;258,-2,1;270,-1,2;275,8,9;280,-9,6;285,12,4;291,-3,5;292,-10,-4;299,5,-32;304,-5,60;311,10,-3;314,-14,2;316,5,6;318,7,11;321,-2,-3;332,4,13;339,3,-5;347,-9,11;348,3,-4;360,7,18;374,-6,11;448,-2,50;454,2,5;464,-8,10;474,0,10;483,9,20;484,-11,-15;491,9,28;493,3,6;498,-12,-17;506,3,13;510,0,0;517,9,24;522,-9,-5;527,7,13;539,4,14;560,-8,-16;634,1,77;644,-1,11
rua||cruzeiro do sul|sao paulo|35544000|127,-1998486,-4485509;147,21,186;230,-13,15;285,14,143;313,14,466;360,-9,-399;370,0,0;410,3,129;415,-1,16;431,-14,-61;439,-1,-2;444,14,-38;459,0,19;460,-15,-57;461,-1,60;475,3,-82;595,-5,-384;607,-6,16;651,4,25;739,2,73;753,4,44;775,3,19;825,11,262;830,-20,-277;864,-9,54;878,6,18;886,2,15;894,2,12;898,-4,3;906,3,13;910,7,7;911,5,28;914,-7,-18;920,2,3;930,-6,5;965,16,50;970,-14,-15;990,4,60;1079,5,80;1099,-5,15;1153,15,-13;1159,-4,74;1160,0,5;1201,5,59;1213,4,5;1220,-8,-11;1241,9,24;1251,5,2;1252,-13,-12;1278,0,41;1285,12,24;1289,-5,-14;1290,-5,-2;1299,11,29;1309,0,12;1320,-9,-14;1340,-1,23;1375,14,63;1382,-12,1;1385,16,18;1390,-14,-5;1394,0,12;1395,16,7;1404,-19,-9;1405,15,15;1414,-11,4;1415,14,12;1424,-14,-4;1425,13,10;1428,-10,-5;1434,-1,13
rua||c|lago azul|35544000|12,-1997705,-4484499;21,-7,12;24,19,-31;33,-18,22;36,22,-26;47,-15,34;48,12,-53;55,-14,38;60,20,-41;72,3,-17;77,-16,50;84,19,-49;89,-23,32;96,25,-42;101,-14,34;108,18,-61;113,-18,49;120,27,-54;131,-20,44;132,24,-51;144,9,-6;156,-5,-13;169,-15,28;181,2,-9;468,12,-20
rua||c|quilombo|35544000|51,-1987706,-4485496
rua||das dores|bonfim|35544000|28,-1997994,-4485951;66,2,-27;67,2,-9;68,-2,-1;77,-7,-26;82,5,7;100,-4,-14;103,-3,-7;121,-3,-20;142,8,-5;149,-12,-23;164,10,-20;182,-12,0;198,11,21;208,32,51;230,-57,-112;240,-4,1;260,-16,-6
rua||diamante|bela vista|35544000|175,-1997723,-4485641;187,2,10;199,-2,8;204,-13,-14;223,15,56;388,0,223;411,4,-74;425,4,14;435,-8,0;450,-9,-18;470,7,62;508,4,26;607,7,114;617,4,10;653,8,12;655,-22,-151;656,26,151;665,-10,21;668,-4,-9;676,8,5;700,-7,27;766,4,80;778,1,2;792,2,27;798,5,3
rua||diamante|bonfim|35544000|36,-1997737,-4485727;45,7,-9;59,-1,20;120,-1,-49;140,-4,19;658,4,56
rua||diamante|lago azul|35544000|723,-1997698,-4485134;735,-2,16;954,4,208;978,2,6;1001,11,35;1004,-10,3;1005,12,-3;1016,-14,23;1028,4,-14;1048,-2,26;1053,13,1;1058,-14,7;1059,18,7;1076,-20,17;1083,18,-5;1089,2,12;1103,-7,29;1117,17,4;1122,-16,9;1132,-5,22;1133,9,-17;1142,-7,9;1147,11,19;1163,6,28;1168,-16,-10;1173,11,4;1183,1,12;1193,-1,11;1194,-11,-17;1196,8,30;1203,1,-2;1206,-13,12;1226,0,33;1236,4,16;1256,-4,-11;1371,2,-305
rua||diomar ribeiro|agua limpa|35544000|3,-2004254,-4480603;4,-22,-7;10,-128,-65
rua||do cruzeiro|prata de baixo|35544000|53,-2004544,-4484248;62,-22,-22;70,-28,-26;71,13,19
rua||do ouro|bela vista|35544000|313,-1997844,-4485636;410,27,82;412,0,20;414,4,30;562,-2,32;595,13,117;599,3,13;610,-19,-43;612,4,21;632,8,19;771,18,58;835,-39,123;852,-3,41;868,1,30;904,1,27;910,2,16;928,-1,7;966,5,45;990,4,-7
rua||do ouro|lago azul|35544000|1018,-1997821,-4484924;1028,4,-1;1048,-5,5;1066,8,11;1084,1,20;1092,-8,17;1093,14,-3;1117,-14,8;1125,21,15;1126,-7,10;1131,-7,-1;1134,-5,-21;1140,3,20;1149,10,4;1159,4,18;1164,-17,-2;1171,16,18;1182,-7,8;1185,3,-1;1197,11,35;1208,-27,18;1220,14,16;1246,-3,11;1257,15,-6;1272,-7,31;1273,11,2;1296,-15,29;1310,3,5;1321,4,-5;1334,-1,12;1336,-6,40;1349,19,-10;1359,-1,7;1366,-15,2;1384,4,11;1395,9,8;1396,-6,-5;1399,9,10;1407,-4,8;1421,8,23;1430,7,32;1431,-4,-27;1440,-27,25;1441,20,-7;1450,-7,16;1451,11,-7;1460,-15,8;1461,16,1;1471,6,10;1490,-17,19;1500,1,27;1507,10,-13;1516,0,9;1520,-9,9;1526,0,17;1531,13,-6;1536,-15,10;1547,11,-14;1569,1,13;1579,3,13;1585,-2,9;1589,1,1
rua||edson faria domingues|agua limpa|35544000|64,-2004237,-4480297
rua||esmeralda|bonfim|35544000|155,-1997993,-4486051;193,72,67;220,-34,-30;226,9,3;228,1,0;235,5,14;238,-2,-7;247,16,17;252,10,10;255,114,90;260,-78,-76;328,103,108;334,11,1;338,-12,0;388,-31,-54;418,18,29;996,350,58;1004,-7,2;1012,-8,-6;1016,-3,3;1020,7,-16;1022,-11,20;1032,-25,0;1036,4,-3;1040,-14,9;1041,6,6;1046,-15,-16;1052,-3,8;1057,-9,9;1071,-20,2;1072,2,-9;1092,-10,2;1111,-207,-6;1130,150,13;1154,-16,-3;1159,-90,18;1163,-11,-18;1171,20,12;1175,-39,-16;1181,109,18;1191,-113,-20;1193,102,18;1628,-112,-38;1668,70,34;1728,-80,-177;1748,-83,37
rua||espirito santo|bela vista|35544000|350,-1997592,-4485465;1150,-160,7;1300,36,-4;1310,19,4;1330,4,-6;1418,81,-1;1421,9,-15;1433,-22,6;1440,33,11;1450,14,-3;1462,9,-6;1495,34,-17
rua||estradinha para venancios|residencial mirante do lago|35544000|210,-1997972,-4484492
rua||fausto jose de souza|centro industrial|35544000|250,-1997207,-4486017;270,17,0
rua||felipe de freitas|sao francisco|35544000|10,-1999234,-4485057;20,-1,5;27,12,-24;481,-28,6
rua||fia da camila|residencial mirante do lago|35544000|86,-1997969,-4484202;101,7,-8;111,6,7;158,25,17;170,9,-5;205,57,5;214,-10,5;229,27,-7;241,13,8;247,-139,-34;265,160,36;274,-7,8;277,41,0;278,-77,-8;289,65,11;313,19,4;322,-22,-3;360,34,10;384,29,2
rua||floresta|centro|35544000|11,-1998339,-4486048;31,-7,-2;41,-10,-20;51,-8,-12;61,-9,-3;62,-1,-9;73,-5,1;74,-5,-9;89,-6,-2;110,-12,-15;118,-4,-10;127,-14,13;136,3,-24;139,-7,-1;146,6,-6;150,1,-1;156,-15,-6;162,-11,-9;171,2,13;176,-2,-14;181,-21,-2;186,7,-13;191,-8,7;212,0,-10;214,-14,-4;217,-5,-3;220,9,-4;230,-9,1;234,4,-11;239,-12,13;246,-3,-9;256,-17,-6;257,4,10;266,-4,-15;275,-6,15;280,-14,-4;290,-3,-10;294,-9,4;310,-12,-5;311,-1,18;312,-8,-19;324,-1,8;327,-2,33;328,-6,-39;339,-8,25;354,-10,-18
rua||francisco de assis|agua limpa|35544000|26,-2004240,-4480159;67,-78,25;69,-9,3;71,46,4
rua||francisco de assis|prata de baixo|35544000|96,-2004588,-4484114
rua||francisco gomes|centro|35544000|70,-1998292,-4485643;90,-11,-6;138,-70,-25;310,84,19
rua||f|lago azul|35544000|133,-1997671,-4484480
rua||genesio militao|centro|35544000|122,-1998837,-4485673;126,-21,-3;152,-8,5;162,-9,2;180,-15,0;184,1,-1
rua||genesio militao|nossa senhora aparecida|35544000|26,-1998753,-4485679;36,-7,2;37,0,10;46,-12,-8;49,-2,9;57,-6,1;60,-3,-9;70,-9,-1;71,-4,11;80,-10,-10;248,-142,5;260,-6,3;270,-21,2;282,-5,4;294,-13,4;310,-10,3;334,-54,-8;344,-3,0;350,-2,3;356,-13,1;364,-13,6;390,-9,-6;400,-16,6;412,14,-9
rua||geraldo helio do amaral|sao paulo|35544000|19,-1998284,-4485371;65,38,-5;72,15,6;75,-10,-8;77,9,4;84,5,4;94,17,-1;104,-1,-6;111,-5,-2;117,47,3;118,-24,-4;123,-11,1;134,21,3;135,-13,-4;197,84,-10;212,-64,16
rua||geraldo marques chagas|agua limpa|35544000|44,-2004353,-4480315
rua||getulio vargas|bonfim|35544000|6,-1997785,-4485735;41,27,-26;53,9,-12;54,-15,23;65,31,-26;535,-85,60;662,96,-67
rua||goias|bela vista|35544000|1138,-1997898,-4484861;1150,28,-12;1162,8,1;1174,10,-1;1178,-6,3
rua||goias|lago azul|35544000|1097,-1997915,-4484877;1101,16,-6;1103,-5,6;1105,-13,-7;1125,17,6;1137,23,-2;1151,-1,-2;1161,9,-2;1175,27,-9;1238,74,8;1284,9,-1;1296,13,-1;1308,12,-3;1320,3,7;1400,56,-2
rua||goias|lago azul|35544971|1077,-1997781,-4484892;1201,7,2;1297,35,-3;1333,6,1;1397,7,-5
rua||goias|sao francisco|35544000|13,-1999078,-4484813;14,18,9;17,9,-10;20,0,10;25,4,-10;26,13,8;29,9,-6;30,0,5;33,1,-7;35,7,-1;39,7,-3;41,10,6;48,-1,4;50,9,-1;70,45,0;74,10,-5;76,6,3;80,1,-2;84,12,1;96,4,-2;98,11,1;102,1,-1;110,15,-3;120,6,5;122,198,-6;130,-184,2;140,19,-2;150,11,-12;160,8,12;161,8,-9;165,1,4;169,8,1;170,-3,0;203,65,-10;205,6,-2;209,8,-2;219,38,1;225,37,2;265,30,-1;271,-8,-4;300,15,8
rua||goias|sao paulo|35544000|321,-1998571,-4484837;330,-11,3;347,95,-12;348,1,7;362,10,0;562,120,-6;574,20,-4;586,1,1;594,9,6;608,19,-7;622,5,-5;634,13,3;640,10,-1;652,1,6;660,3,-8;753,55,0;756,-12,-8;1236,-140,8
rua||g|lago azul|35544000|24,-1997721,-4484419;56,15,-7
rua||henrique jose de almeida|centro industrial|35544000|251,-1997146,-4485794;271,22,5;351,46,9;371,21,3
rua||hidelbrando milagre|sao paulo|35544000|458,-1998266,-4485100;465,-9,5;470,-6,-3;473,6,-2;481,0,7;497,0,7
rua||hildebrando milagre|sao paulo|35544000|74,-1998257,-4484784;555,-10,-238;565,7,15;590,-15,49;599,12,-23;615,2,7;625,2,17;721,7,96;731,2,4;741,-7,15;759,1,14;773,0,10;785,-2,13;795,2,11;999,-20,-244;1241,21,142
rua||h|lago azul|35544000|8,-1997729,-4484360;20,3,-2;32,9,-9;44,8,-8;47,3,-6;56,8,4;59,-2,-9;68,22,2;71,-9,-9;80,7,8;83,-3,-10;92,11,1;104,2,-6;113,4,-19;128,16,19;158,10,-18
rua||ildeu barreto|agua limpa|35544000|36,-2004141,-4478981
rua||i|lago azul|35544000|8,-1997699,-4484357;48,28,-12;60,7,-7;68,10,-13;72,-11,12;84,15,-4;96,13,-16;104,-15,13
rua||joao batista silveira|prata de cima|35544000|4,-2006116,-4483853;114,10,3;137,-33,-31;8883,3,-2
rua||joao da costa lima|centro|35544000|25,-1998522,-4485996;36,-10,-6;37,-4,10;43,-6,1;50,-5,-15;53,1,13;56,-8,-7;65,-9,11;77,-7,0
rua||joao ferreira guimaraes|centro|35544000|16,-1998271,-4486208;74,-48,-20;80,-14,4;84,-4,-12;113,-19,5;119,-9,-9;133,-7,-3;134,8,-7;143,-15,5;150,-3,-19;179,-53,-26;232,-19,-16;255,-15,-2;258,-8,-11;269,-13,-1;270,6,2
rua||joao jose de souza|prata de cima|35544000|60,-2006190,-4483754;65,-81,19;70,61,-9;88,33,-15
rua||joao nogueira maia|nossa senhora aparecida|35544000|22,-1998746,-4485573;34,-9,3;36,0,1;38,-1,1;48,-10,-3;56,-8,1;72,-15,0;111,-48,18;117,-12,-6;123,-12,11;135,-11,0;147,-8,3;161,-13,-5;171,-4,1;181,-20,2;191,-8,3;215,-8,-1;225,-5,-3;249,-30,6;261,15,-3;271,-25,-2;283,-7,8;301,-32,0;321,-5,5;325,-18,-6;329,6,3;330,106,-22;337,-126,22;349,-16,-8;361,-6,-1;369,-8,7;373,-8,1;385,-12,0;399,-4,-2
rua||joao ribeiro da silva|prata de cima|35544000|22,-2006063,-4483648;33,-8,-28;85,-12,-6;88,-54,-97;89,64,121;105,20,34
rua||joao saturnino junior|centro|35544000|268,-1998790,-4486105;284,23,44;320,138,53;325,13,10;341,-20,-7;347,15,5;350,-15,-3;352,-13,-4;355,3,-2;359,-4,0;405,-40,-12;430,-50,-19;450,-36,-11;460,-7,1;470,-9,-7;550,-29,-26
rua||joaquim miguel|prata de baixo|35544000|10,-2004516,-4484140;29,-4,15;70,4,38;90,12,49
rua||jose alves silveira|prata de cima|35544000|10,-2006021,-4483807;25,-9,-11;136,-18,-96
rua||jose bonifacio|centro|35544000|2,-1998330,-4486071;10,7,10;46,-5,-21;49,-8,-9;59,-10,-24;60,8,16;66,-2,-12;82,-2,-9;96,-6,-17;100,19,-31;133,-45,1;149,-16,-6;154,10,-13;159,-13,-12;176,-2,-4;182,5,-4;183,-13,8;187,2,-11;188,-1,3;197,-5,-7;198,1,2;207,-10,1;212,1,-22;217,-6,12;243,-15,-16;246,2,-10;253,-7,-1;263,-9,-8;276,-11,-11;293,4,11;295,-28,-14;304,10,-5;305,-14,-10;315,-5,-6;325,0,7;328,-13,-9;335,-4,-1
rua||jose francisco de assis|agua limpa|35544000|82,-2004460,-4480145;87,-35,12;90,27,-10
rua||jose nogueira dos santos|residencial luiz nogueira|35544000|768,-1997270,-4486256
rua||jose nogueira|prata de cima|35544000|26,-2005944,-4483874;30,-145,98;77,5,-24;89,12,-3;107,189,-101;119,-193,94;260,107,-62;270,-4,4;272,3,-4;291,43,-13;311,-19,0
rua||jovelino antonio de souza|prata de cima|35544000|8,-2006238,-4483849;87,163,-135;110,-186,167
rua||judith matias duque|residencial luiz nogueira|35544000|495,-1997277,-4486353
rua||luis candido amaral|lago azul|35544000|13,-1997838,-4484537;14,-5,1;23,7,4;24,-12,8;33,14,3;34,-11,6;43,9,6;54,-8,1;110,2,-41
rua||luis heleno amaral|sao francisco|35544000|85,-1998893,-4485316;87,-3,4;163,-2,26;197,3,35;203,1,-1;211,13,30;217,5,3;227,1,17;238,19,3;239,-9,1;242,26,23;244,14,19;247,-35,-16;248,8,-15;261,13,26;271,11,14;283,5,11;312,-50,-82;487,72,101;712,-35,-51
rua||luiz de carvalho|prata de baixo|35544000|36,-2004549,-4484176;48,-121,-83;50,14,2;77,-7,7
rua||luiz pereira de carvalho|prata de cima|35544000|81,-2006073,-4483862;83,49,-17;87,-44,22;97,54,-38;115,72,-17;129,-45,18;147,24,-16;164,2,0;220,40,12
rua||luiz pereira|centro|35544000|89,-1998708,-4486182
rua||maestro carlos ribeiro da silva|sao francisco|35544000|302,-1998484,-4485170;312,-10,6;318,-47,4;338,19,0;348,-16,-2;416,-35,-11;898,-72,-13
rua||maranhao|lago azul|35544000|312,-1997870,-4484694;326,4,-2;343,-40,-4;353,16,-2;367,24,-8;376,10,15;396,35,-7;400,-51,1;485,37,-4;486,79,-7;489,-85,8;491,80,-10;498,11,11;510,10,-2;522,8,1;523,10,-10;531,5,-6;532,5,18;541,7,-14;542,-4,17;551,8,-16;559,8,-1;561,3,-3;581,28,-7;589,8,4;601,7,4;613,17,-4;625,10,0;656,-21,11;666,-2,5;676,5,-7;686,22,1;1258,-206,4
rua||maria higina de faria|sao francisco|35544000|67,-1998704,-4484667;81,4,8;95,6,16;96,-18,-33;119,21,43;133,4,11;138,-14,-19
rua||maria jose da silva amaral|sao francisco|35544000|170,-1998938,-4485295;172,14,5;174,4,1;179,2,6;181,-25,-1;182,33,-3;185,7,10;190,-49,0;200,-8,4;789,3,1;791,-12,2
rua||mario ferreira guimaraes|sao francisco|35544000|10,-1998885,-4485084;15,-6,3;24,9,21;25,-7,-19;27,3,15;36,3,31;37,-4,25;49,-1,9;50,-2,-73;52,10,68;57,-8,22;62,-2,-76;67,1,69;89,4,52;116,14,14;129,-13,9;130,12,-11;139,-28,34
rua||mato grosso|bela vista|35544000|185,-1997683,-4485539;190,46,-13;195,-33,5;241,41,-4;257,29,0;289,61,-3;305,11,-1;709,-179,15;711,-7,2;728,61,2;811,65,-14
rua||minas gerais|centro|35544000|213,-1998826,-4485679;221,5,-2;237,-2,-16;247,-7,-15;261,4,-20;271,-5,-5;432,6,-159
rua||minas gerais|nossa senhora aparecida|35544000|15,-1998836,-4485892;16,29,414;20,-7,-6;27,-10,-160;28,14,141;37,-6,-12;41,-15,-286;45,-4,-87;65,4,39;75,-10,23;90,105,301;101,-86,-110;128,20,39;138,-9,-10;152,2,-14;160,-1,-7;174,2,-8;184,-1,-14;238,-6,-61;246,-1,-12;264,1,-6;913,-23,-231;914,8,-5;915,-10,-5;917,4,9;924,6,-20;935,-7,-1;938,10,-8;947,-13,-13;960,10,-17
rua||minas gerais|sao francisco|35544000|1,-1998713,-4485138;2,-5,-3;3,-9,2;4,-10,-1;5,-16,1;6,-16,5;7,2,-8;8,-15,7;9,-5,-18;11,2,89;12,2,8;13,10,-11;14,4,-1;197,-5,232;421,-2,-106;425,2,66;446,-12,-12;476,2,15;488,4,22;500,-9,-83;524,11,119;550,-11,-195;560,-3,8;570,0,12;624,38,313;648,9,42;656,-3,-26;670,-1,13;698,10,25;712,-60,-559;722,0,5;727,53,518;732,-52,-500;739,54,506;742,-58,-498;752,5,6;757,60,527;779,8,0;1052,-57,-251;1054,-2,12
rua||monte castelo|centro|35544000|12,-1998346,-4485728;24,3,-4;27,-10,1;36,-8,2;39,3,1;48,-11,-14
rua||muro de pedra|lago azul|35544000|57,-1997885,-4484522;69,54,60
rua||muro de pedra|residencial mirante do lago|35544000|220,-1997891,-4484520;246,37,40;254,12,16;264,9,15;308,21,25;320,14,8;334,-10,20;348,42,46;358,6,-17;360,-24,-29;362,8,9;364,7,5;368,23,33;372,-29,-31;378,28,22
rua||nina cruz|nossa senhora aparecida|35544000|30,-1998881,-4485969;40,-3,-15
rua||olegario maciel|bela vista|35544000|48,-1998226,-4484757;64,-12,-2;74,-11,-6;749,417,-15
rua||olegario maciel|lago azul|35544000|712,-1997890,-4484751;738,37,-23;780,24,3;809,39,-11;848,46,12;861,18,-16;874,1,12;886,14,4;890,17,-2;895,-14,-9;927,8,-3;954,37,5;963,21,-9;966,-6,7;978,6,-3;983,-104,-8;990,117,3;1020,39,5;1098,-104,6
rua||olegario maciel|sao francisco|35544000|40,-1998739,-4484734;485,103,1;497,-1,4;510,-3,-17
rua||olegario maciel|sao paulo|35544000|31,-1998220,-4484743;51,-11,-2;65,-17,-4;94,-20,-6;97,-6,10;100,8,-16;113,-22,17;118,6,-14;130,-21,-2;131,1,13;133,-12,4;142,-4,-16;145,-4,14;161,-21,1;164,15,-11;175,-16,11;179,-5,-1;182,12,-8;185,-19,10;194,1,-11;195,-15,11;200,7,-11;205,-19,16;206,8,-14;211,2,11;219,-14,-5;220,-13,-8;243,-11,15;259,-4,0;268,-7,-13;281,-10,11;282,-12,-11;312,-19,6;317,0,7;324,-24,-28;333,8,28;338,-11,-10;340,-17,-7;345,8,15;348,8,-8;355,-3,9;363,-8,3;365,-15,-13;377,-13,2;389,-7,7;401,1,-8;413,-26,10;886,364,-7
rua||osvaldo catarino evaristo|sao francisco|35544000|4,-1999177,-4484794;8,-2,-2;13,-57,34;14,50,-32;17,-4,12;22,-13,-2;25,10,-2;43,-25,13;55,-5,3;62,-7,-3;70,-7,-1;74,-9,9;83,5,11;86,-14,-14;90,-9,11;92,-5,5;93,19,-10;103,-17,14;122,-18,-5;124,-6,3;129,9,10;143,-32,14;145,12,-4;148,-6,-7;153,-2,2;168,-9,3;170,0,1;172,-6,7;173,-1,3;176,-12,-3;183,12,8;184,-22,-3;190,-6,-2;191,17,1;193,-2,16;203,-13,-5;220,-22,4;232,-4,1;233,3,9
rua||osvaldo teixeira de menezes|bonfim|35544000|237,-1998092,-4486092;277,-65,32
rua||osvaldo teixeira de menezes|centro|35544000|30,-1998212,-4486057;40,2,10;50,6,-1;58,2,-3
rua||ouro|bela vista|35544000|817,-1997819,-4485148;829,-6,9;841,6,21
rua||ouro|lago azul|35544000|891,-1997818,-4485072;903,0,10;915,3,17;921,2,13;1041,4,99;1055,3,14;1065,6,9;1073,-6,13
rua||para de minas|residencial mirante do lago|35544000|1049,-1998165,-4484644;1109,-75,103;1225,-46,117;1825,-4,59;2025,-1,28
rua||para de minas|sao paulo|35544000|12,-1998360,-4485443;162,23,46;170,12,2;173,-20,-30;245,56,80;265,14,18;272,-2,21;275,-1,-6;280,14,17;285,-8,-6;308,11,16;309,0,0;350,3,27;356,3,14;368,2,11;369,-1,-20;382,4,44;387,11,-10;399,4,17;415,4,15;433,0,18;445,7,3;469,7,31;478,-4,-1;488,2,19;489,9,3;495,2,-4;498,-14,9;501,18,6;508,-9,-4;513,16,22;520,-12,-10;576,13,64;588,4,3;600,4,20;610,2,10;623,15,45;633,-4,3;640,-7,-27;643,0,35;648,3,-25;668,-6,15;705,5,37;724,-12,5;752,4,35;775,-52,318;776,54,-288;804,3,31;824,-15,27;826,9,-14;837,17,14;842,-21,0;852,16,12;909,10,54;920,-9,7;928,-4,10;951,23,37;974,-33,14;1060,-54,103;1070,-4,4;1158,-24,38;1294,-18,42
rua||parana|bela vista|35544000|103,-1997729,-4485391;643,23,7;1021,-76,-10;1041,-21,1;1182,3,3;1194,17,6;1204,12,0;1227,9,-11;1239,10,1;1250,-4,22;1251,22,-22;1267,-30,-4;1287,73,-3;1297,-9,5;1425,89,-10;1427,14,2
rua||para|bela vista|35544000|41,-1997914,-4484554;51,14,-15;63,14,11;77,4,-5;81,2,2;87,8,-16;95,32,16;101,-14,3;129,27,-5;135,2,2;139,16,-16;1398,8,9
rua||para|lago azul|35544000|8,-1997924,-4484553;28,40,3;40,12,4;42,-17,0;90,33,-13;130,24,4;140,63,-2;157,79,-22;194,-83,26;195,5,-19;207,13,0;219,10,-4;231,9,6;240,21,8;251,-3,-7;1420,-97,13
rua||pedro de souza|residencial luiz nogueira|35544000|300,-1997206,-4486160;301,-22,14;311,8,-22;320,10,-8;321,-12,-2;330,8,-6;331,-9,-2;340,9,-12;341,-9,-2;350,6,-2;351,-11,-3;360,11,-6;361,-15,-8;370,7,-6;371,-8,4;380,10,-8;381,-10,-1;390,6,-9;391,-8,-3;405,-6,-13;406,16,-2;421,-18,-27;422,11,0;431,-12,-6;432,7,-2;441,-11,-10;442,12,-7;451,-12,-3;452,9,2;461,-10,-11;462,7,-4;471,-13,-9;472,12,2;481,-11,-7;482,9,0;495,-32,-14;498,31,2
rua||pernambuco|lago azul|35544000|228,-1997890,-4484627;231,-1,-3;240,24,14;242,8,-10;251,4,-6;254,14,8;263,-2,-18;275,13,3;276,-6,15;282,-14,-2;353,88,-23;355,1,5;362,-13,14;374,19,2;375,8,-14;379,38,-3;383,1,1;385,-34,5;386,-5,7;389,15,-8;398,-10,9;406,10,-1;428,23,-6;438,15,5
rua||platina|nossa senhora aparecida|35544000|372,-1998732,-4485550;385,-8,12;390,-7,6;391,11,-1;397,-10,15;412,-18,13;435,-361,300;450,346,-295;464,-10,18;466,-5,6;474,-10,6;516,-38,1;528,15,14;536,-20,9;548,-3,1;558,-9,9;570,-9,9;584,-15,12;596,-10,-14;600,8,13;610,-13,16;618,-8,-20;626,-3,22;630,-6,15;632,-14,-15;640,3,13;652,-3,8;664,-9,9;676,-8,12;692,-3,-5;704,-10,21;710,-1,-7;726,-18,10;772,-38,27;794,-31,10;824,-2,35;844,-16,9;854,-14,2;872,-5,17;1100,-72,66;1130,-38,27;1160,-34,29;1190,-52,35;1200,-18,-7;1290,-38,61;1310,-35,34
rua||platina|sao francisco|35544000|459,-1998801,-4485462;475,-1,0;479,-185,152;481,176,-147;503,-9,2;549,-15,11;551,-17,8;555,-8,-5;589,-20,41;593,-2,2;601,-4,3;611,-9,8;639,-6,35;671,-35,-6;675,2,3;685,-5,5;693,-10,10;705,-6,0;709,-8,1;715,-3,7;723,-7,-4;725,-7,6;741,-8,14;825,-64,48;827,7,1;833,-7,-21;849,0,31;863,-12,8;875,0,4;885,-7,7;889,-17,11;1133,-126,116;1223,-85,83;1247,-18,20;1275,-14,8
rua||primeiro de janeiro|agua limpa|35544000|13,-2004514,-4479987;101,81,-49;340,-79,59;357,-30,4;364,4,10;423,-49,-8
rua||primeiro de janeiro|centro|35544000|6,-1998209,-4485946;14,-1,-6;16,-33,-304;25,26,291;28,4,-2;31,-4,-11;37,2,6;40,-2,-4;47,2,-8;59,-11,-12;77,-3,-11;80,5,7;88,0,-17;93,-13,4;108,7,-19;109,-2,-1;119,0,-23;133,-5,-7;136,16,71;140,-18,-75;154,-5,-13;188,-10,-17;200,-1,-23;210,-4,-20;240,-6,-21
rua||primeiro de maio|prata de baixo|35544000|53,-2004586,-4484170;62,-8,11;64,-38,35;80,82,-77
rua||primeiro de maio|quilombo do gaia|35544000|10,-1987815,-4485234;45,-75,-315
rua||primeiro de maio|quilombo|35544000|101,-1987808,-4485220
rua||quatro|lagoinha|35544000|24,-1997643,-4486634;34,-3,-7;74,-12,-31
rua||rafael calixto dos santos|sao paulo|35544000|50,-1998168,-4485401;64,4,-33;74,0,12;84,-1,11;94,4,13
rua||rio branco|sao paulo|35544000|1061,-1998362,-4485019;1073,-3,-26;1080,-16,10;1121,14,36;1159,3,35;1169,1,9;1189,1,5;1199,0,7;1226,-12,49;1230,4,15
rua||rio de janeiro|bela vista|35544000|131,-1997771,-4485319;141,11,-3;151,12,7;185,10,-1;522,6,-1;1439,-50,-2;1555,109,-7
rua||rio grande do sul|bela vista|35544000|20,-1997680,-4485600;30,-10,-2;42,-19,-1;43,22,-11;213,-34,13;753,120,-3;757,-3,-4;940,-35,-2;950,12,4;957,10,-13;960,-3,24
rua||rita eduarda|residencial luiz nogueira|35544000|294,-1997329,-4486137;314,1,2;324,-5,-13;334,-3,-8;344,0,-16;354,-8,-8;364,2,-9;374,-1,-8;384,-2,-8;394,1,-13;397,5,85;404,-8,-96;405,7,83;415,0,-5;425,-2,-8;435,0,-11;442,-12,-91;445,10,80;452,-9,-84;455,9,84;462,-10,-98;465,2,83;472,-7,-92;475,6,76;482,-6,-90;485,6,84;492,-8,-86;499,6,72;502,-8,-81;509,-3,43;514,0,-58
rua||rosalina ferreira santos|nossa senhora aparecida|35544000|21,-1998796,-4486009;24,-18,12;33,9,-12;36,-2,11;45,-8,-11;58,-39,12
rua||rubi|bonfim|35544000|31,-1997619,-4485711;41,-6,-6;72,-24,-2;739,5,7;759,29,2;847,106,-48
rua||rufino alves ferreira|prata de cima|35544000|2,-2006178,-4483832;4,20,-21;6,-45,45;16,-23,23;100,-29,23
rua||rui barbosa|centro|35544000|794,-1998334,-4485517
rua||rui barbosa|sao paulo|35544000|36,-1998362,-4485518;44,0,4;56,-4,24;88,-4,6;134,11,51;689,104,-173;703,-10,15;717,-13,12;719,-1,-7;727,4,14;735,-20,-1;753,4,17;759,-10,-4;763,-9,9;785,-12,9;789,9,-6;795,-16,16;805,-5,6;827,-12,14;833,-7,28
rua||r|chacaras santa rita de cassia|35544000|41,-2006145,-4482249;42,-1,17;43,48,158;45,-29,-90;56,-9,-34
rua||safira|bela vista|35544000|864,-1997502,-4485684;876,-5,5;890,30,-37;898,-4,9
rua||safira|bonfim|35544000|817,-1997572,-4485657;829,24,4;841,0,-10;847,73,-64;857,-34,46;883,16,-24;885,31,-55
rua||santos dumont|centro|35544000|49,-1998365,-4485367;107,-10,43
rua||santos dumont|sao paulo|35544000|56,-1998378,-4485362;72,0,12;78,3,7;84,-5,7;102,-5,15;110,-3,20;138,-3,16;145,1,8;155,1,10;173,-5,11;187,-10,13;191,-6,48;195,1,-28;205,-1,9;259,-5,33;262,2,1;271,3,2
rua||sao geraldo|prata de baixo|35544000|74,-2004550,-4484036;85,1,-17;999,-6,28
rua||seis|lagoinha|35544000|60,-1996830,-4487999;71,-24,-3;160,0,-9;172,-38,-27;241,1,11;358,-11,-16;380,-10,-7;451,-4,6;480,-2,-12;500,-29,-39
rua||sem denominacao 10|agua limpa|35544000|403,-2004280,-4480426
rua||sem denominacao 10|fundo de pasto numero 30 primeira casa da face|35544000|30,-2004216,-4480432
rua||sem denominacao 11|agua limpa|35544000|62,-2004318,-4480520
rua||sem denominacao 1|agua limpa|35544000|2100,-2004087,-4479271
rua||sem denominacao 1|prata de baixo|35544000|151,-2004604,-4484318
rua||sem denominacao 1|prata de cima|35544000|43,-2006119,-4483668;77,-11,-12;87,6,4;88,-17,-19
rua||sem denominacao 1|residencial mirante do lago|35544000|38,-1997937,-4484458;50,9,6;162,140,146;241,20,22;264,30,117
rua||sem denominacao 1|sao francisco|35544000|25,-1998786,-4484663;46,-10,-24;47,6,7;59,2,9;82,3,12;95,6,26;106,6,-1;202,13,85
rua||sem denominacao 2|prata de cima|35544000|87,-2006010,-4483819
rua||sem denominacao 2|quilombo|35544000|121,-1987635,-4485500
rua||sem denominacao 3|agua limpa|35544000|85,-2004540,-4480133
rua||sem denominacao 3|quilombo|35544000|7,-1987723,-4485322
rua||sem denominacao 4|agua limpa|35544000|77,-2004577,-4480012;112,-9,-39
rua||sem denominacao 4|prata de baixo|35544000|30,-2004539,-4484064
rua||sem denominacao 5|agua limpa|35544000|6,-2004684,-4480106
rua||sem denominacao 7|prata de baixo|35544000|75,-2004712,-4484179
rua||sem denominacao tres|residencial mirante do lago|35544000|60,-1997973,-4484357;111,60,3;168,29,14;228,83,20
rua||sem denominacao|lago azul|35544000|31,-1997649,-4484136;107,62,22;118,-17,-22;119,36,22;128,-30,-19
rua||sem denominacao|prata de cima|35544000|93,-2006022,-4483981
rua||sem denominacao|quilombo|35544000|2,-1988679,-4487146;3,129,1450;4,-130,-1420;5,1,2;6,-8,685;9,396,706;10,-369,-897;11,237,1393;12,52,521;13,-62,-5;14,-145,-992;16,-185,-1392;21,164,2771;27,-103,71;28,-28,-25;29,-202,-2704;30,8,1421;32,341,-304;33,-389,-1109;36,-40,9;38,459,1155;39,-115,-16;41,-402,-1121;50,274,-214;52,-5,-22;53,20,84;59,366,1272;61,-230,-663;62,-36,-663;63,-174,-69;81,117,118;82,166,1309;84,80,-19;89,19,-2;91,149,-19;96,-197,21;140,-152,-9;145,265,-10;160,-234,5;165,256,-4;171,-5,-14;207,-90,25;210,-5,-81;1500,-8496,-254
rua||sergipe|bela vista|35544000|571,-1997633,-4485257;606,73,2;1691,-107,5;1761,62,2;1773,22,-2;1795,1,4
rua||sergipe|lago azul|35544000|1533,-1997823,-4485236;1545,29,0;1562,11,0;1573,5,0;1585,9,-1;1603,11,-3
rua||sergipe|sao francisco|35544000|2,-1999029,-4485180;4,-13,8;25,-6,8;26,-7,-12;37,-9,14;38,7,-6;49,-18,8;50,-4,-4;59,-11,3;60,6,1;99,-60,8;109,-6,-4;165,141,-8;176,-8,0;522,-8,-7
rua||sete de setembro|bonfim|35544000|21,-1998196,-4486124;129,14,26;141,4,9;153,6,14
rua||sete de setembro|centro|35544000|42,-1998234,-4486180;80,23,40;198,17,89;255,27,70;262,-7,10;271,6,6;276,-8,-34
rua||tiradentes|sao paulo|35544000|6,-1998323,-4485262;20,44,-7;30,-59,-7;35,-18,-4;36,69,7;40,-61,-8;45,-12,0;78,0,-9;84,1,1;87,-10,2;100,-43,-21;110,-12,-1;118,-16,-4
rua||topazio|bela vista|35544000|187,-1997660,-4485640;197,3,19;211,-5,18;212,-5,-3;242,-3,21;291,41,93;311,-29,5;346,-1,-4;361,10,44;385,2,17;402,-9,-10;409,12,37;420,-14,-16;460,-1,41;561,21,86;587,1,48;610,1,18;621,1,17;622,-9,-7;634,-4,14;646,1,4;647,14,0;655,-36,-432;712,18,54;716,-5,11;720,1,5;724,-20,-102;728,19,112;742,-3,-99;807,-37,625;999,55,-344;1563,-12,29
rua||topazio|bonfim|35544000|10,-1997707,-4485908;13,38,35;25,0,18;35,-4,8;39,1,11;47,-2,1;51,-5,-7;53,11,26;57,0,9;67,-4,47;78,-1,9;84,2,28;91,4,33;94,-2,-12;97,7,17;144,-12,-88;580,0,32;670,14,5;675,-14,6;678,11,-18;690,-2,45;700,0,5;716,-9,9;760,6,-69;1215,4,-27
rua||topazio|centro|35544000|10,-1997686,-4485891
rua||topazio|lago azul|35544000|702,-1997640,-4485152;706,1,7;720,5,22;737,0,25;747,-7,12;749,12,6;871,-1,17;885,5,10;893,-16,16;898,32,257;899,-24,-251;901,13,11;963,0,170;973,-1,12;983,1,-15;993,-2,-14;1003,4,32;1012,-9,-15;1013,14,32;1022,-13,-13;1025,17,22;1034,-15,-15;1041,11,28;1046,-3,-19;1067,6,81;1091,-3,-35;1103,6,24;1171,1,23;1189,-3,29;1205,-25,-238;1207,51,208;1420,-52,-161;1760,29,140;1806,-41,-432
rua||tres|lagoinha|35544000|26,-1997694,-4486604;28,-6,-8;32,-7,-9;62,-5,-15;78,-8,-10
rua||um|centro industrial|35544000|110,-1997342,-4486108;120,-1,-4;160,40,-5;326,123,-27;338,12,-4;362,21,-2
rua||um|chacaras santa rita de cassia|35544000|3,-2006265,-4482251;6,-30,-113;120,19,70
rua||um|lagoinha|35544000|5,-1997864,-4486499;14,187,-73;37,-141,57;49,11,-2;51,3,1;75,31,-13;95,17,-11;100,1058,-1048;120,33,-4;130,11,-3;140,23,-3;145,-1109,1044;150,1127,-1057;165,-1108,1057;185,-10,4;205,0,0;250,617,-365;295,-579,351;307,4,-5;500,221,-80;535,-128,36;547,10,-5;647,14,-5;687,14,-53;745,57,26;891,336,-160;999,9,-26;1110,-75,110;1130,0,0;1160,17,-16;1190,2,-20;1280,40,-42;1290,11,-6;1310,15,-16;1360,63,-56;1390,-33,32;1400,-4,32;1460,-4,-26;1596,106,-112;1600,26,-41;1610,-9,19;3044,255,-598;3120,-55,-81;3200,3,-40;3230,-16,-21;3260,-29,-64;3300,56,-34;3416,-55,-44;3817,-8,-46;3897,3,-27;4220,8,22;5320,6,-26
rua||valdemar alves pinto|prata de cima|35544000|14,-2006152,-4483672;84,-4,-50;88,4,-9
rua||valdivino jose de faria|agua limpa|35544000|52,-2004457,-4480199;81,-7,24
rua||vista alegre|quilombo|35544000|56,-1987618,-4485219;100,-114,9
rua||wandeir guimaraes|bonfim|35544000|75,-1997432,-4485911;85,-16,-8;95,14,-3;145,-11,-55;157,-1,-11;167,-6,-27;177,2,8;187,3,0;213,-18,-22
rua||wanderley amaral maia|sao francisco|35544000|466,-1999112,-4485198;482,1,21;496,4,35;504,13,10;508,-11,5;512,-8,-2;520,4,16;532,8,14;558,-1,19;570,4,10;582,1,11;600,-10,15;606,11,10;630,-1,34;642,2,15;654,-1,10;656,0,-33;670,-4,71;682,8,19;694,-4,7;696,5,-3;776,8,55;777,-9,15;786,0,21;796,1,9;826,3,36;948,7,74
rua||wanderly amaral maia|nossa senhora aparecida|35544000|130,-1999129,-4485519;140,12,3;142,3,15;181,-22,28;219,1,23;220,15,51;230,-1,-29;231,-13,-5;243,1,12;246,12,10;251,-10,6;255,3,18;267,-2,29;290,4,8;300,6,5;307,-9,35;308,11,-24;320,2,13;332,12,3;337,-22,16;342,4,-8;349,-50,-4;352,56,11;362,9,14;372,-7,9;384,-1,16;385,-28,-14;388,29,28;397,-6,-8;411,0,18;423,-1,6;433,7,8
rua||wanderly amaral maia|sao francisco|35544000|495,-1999114,-4485133;507,1,-9;531,1,39;533,-3,4;543,7,-19;549,-7,38;559,9,25;561,2,1;565,-6,4;573,2,7;585,5,13;619,-21,15;629,13,25;641,5,12;653,-5,16;665,11,0;671,-2,23;683,-4,16;695,-17,-78;723,23,115;775,0,36;789,7,25;795,2,65;801,-9,-54;819,4,36;821,-1,-21;823,-1,7;829,-3,-13;923,5,52;963,11,59
