alameda||das paineiras|portal vila rica|36302680|3,-2109663,-4421844;11,20,18;28,51,25;37,-122,-88;61,-4,8;92,89,71;100,23,12
alameda||das palmeiras|portal vila rica|36302722|60,-2110021,-4421124;70,-42,-25;80,-70,-59;515,-30,-36;517,19,33
alameda||das perdizes|portal vila rica|36302728|40,-2110047,-4421304;45,61,-98;46,-15,21;49,-7,11;55,-31,47;131,-3,8;563,63,-99
alameda||dos pinheiros|portal vila rica|36302684|8,-2109674,-4421721;240,-87,-70
alto||presepio|centro|36300050|4,-2113116,-4426011;7,-16,-52;8,2,-8;15,9,29;16,-8,-31;18,-7,23;39,32,-44;42,-21,17;45,23,-29;46,0,12;47,0,-18;227,9,9
avenida|nossa senhora|do pilar|centro|36307372|1,-2113803,-4425095;2,170,-659;3,-260,759;4,-9,-9;17,9,-30;18,5,-6;70,218,-687;78,0,7;80,-4,12;81,2,-11;82,-11,-1;93,-3,12;95,0,-3;99,-1,10;100,-5,-8;115,10,21;117,-11,6;122,-18,-5;132,-10,-1;135,4,11;145,-10,7;150,0,-9;151,5,21;157,1,14;161,-7,-3;170,-22,-17;173,-14,8;174,-3,2;181,4,13;215,-9,12;216,1,-13;231,-16,28;232,2,-14;239,-4,22;249,-11,6;258,0,-6;275,0,11;280,-8,-3;285,-12,3;291,-3,26;300,9,-13;309,-19,25;320,-5,35;325,-12,-27;330,-6,33;335,-2,-19;355,-21,-2;362,9,23;369,-14,-14;378,6,26
avenida||pedro paulo|matozinhos|36307000|6,-2112807,-4424640;8,-3,-2;16,0,-8;18,-1,-3;30,-9,-8;32,3,-1;40,-4,-9;42,1,1;50,-4,-7;52,-10,-4;78,-2,-18;80,1,-5;90,-9,14;92,-3,-16;104,1,-18;106,-6,-5;114,2,-2;116,-3,-6;124,-3,-8;126,-1,0;140,-5,-15;142,0,0;150,-4,-6;153,-3,-6;165,-1,-4;168,0,-5;174,-10,-2;176,-2,-5;188,-10,3;194,7,-15;204,-13,-7;210,6,-11;212,7,-6;222,-12,4;228,-4,-4;230,2,-6;232,-2,-9;254,-13,-17;256,-4,-5;289,149,291;309,-2,-27;314,-5,-2;319,-5,-12;320,-10,2;323,2,-5;332,0,7;333,-5,-9;343,-8,-8;365,-15,-15;377,-1,-11;379,3,-1;389,1,-22;395,-10,3;401,-12,-9
beco||do pastinho|sao goncalo do amarante|36300001|93,-2110137,-4434463;95,3,6
caminho||para segunda porteira|colonia do marcal|36314899|686,-2110739,-4423546
estrada||corrego do pescador|engenho de serra|36314899|168,-2133469,-4450771
estrada||corrego do pescador|engenho de serra|36316000|1,-2133046,-4451423;2,-2,24;4,-2,23;5,-1,14;6,0,9;7,3,84;9,7,100;10,12,100
estrada||do pombal|pombal|36314899|1,-2106978,-4427534;2,-139,451;3,640,-253;4,8,11;5,-639,258;6,8,91;7,14,39;8,627,-315;9,-82,77;10,-559,309;11,556,-293;12,-40,31;13,-524,273;14,-24,40;15,11,-15;16,-8,16;17,-3,-1;18,424,-539;19,-126,188;20,-84,46;21,-65,13;22,383,-434;23,-1034,501;24,1037,-499;26,-193,-22;38,-177,41;66,-803,261;69,743,-219;71,49,-46;72,286,-24;73,-75,-29;140,78,25;310,214,4
estrada||paciencia|paciencia|36314899|1,-2112740,-4440544;2,3,-18;3,-20,311
fazenda||paciencia|cedro|36318000|5,-2125664,-4428917
propriedade||sitio paracatu|caburu|36300001|129,-2108144,-4435914
rua|doutor|sebastiao pereira|arcangelo|36318000|5,-2130521,-4431867;8,-21,4;12,9,-7;20,15,-1;22,-19,5;25,33,-9;35,-50,37;39,-3,1;54,32,-33;76,13,-6;122,-61,29
rua|expedicionario|antonio pires|colonia do marcal|36303031|7,-2109365,-4422179;11,17,-2;50,-7,9;66,17,-8;86,18,4;96,13,3;100,194,10;109,-131,-19;110,-2,12;116,-34,6;145,101,-19;151,5,3;161,42,3
rua|ferroviario|newton pedrosa|jardim central|36307177|9,-2113693,-4424697;15,5,4;92,26,69;101,1,1;104,11,61;105,-7,-50;108,6,36;222,-2,35
rua|fiscal|jose pedro|bom pastor|36305192|258,-2113146,-4423391;408,-1,1;410,-5,1;411,4,1;413,-1,4;416,-8,-5;426,-4,1;431,6,14;434,-14,-1;449,3,10;459,-7,0;469,-4,10;470,4,-15;471,2,8;478,-59,74;480,48,-62;482,-9,9;488,-5,3;496,-7,0;500,-1,9;505,8,-3;510,-12,11;515,6,-6;525,-7,5;541,23,-25;565,-1,7;769,-212,253;771,4,7;773,-6,2;789,6,-6;803,-23,18;842,-3,0;846,-8,-8;850,-3,14;852,6,-6;854,-11,6;856,3,11;861,11,-13;865,-11,20;866,-6,0;867,15,-12;869,2,6;872,-22,5;876,-10,19
rua|fiscal|jose pedro|matozinhos|36305192|4,-2112866,-4423764;6,-6,26;7,6,-9;15,-9,17;16,-1,3;17,17,3;18,-13,9;19,9,-12;23,-48,49;25,39,-50;28,-10,9;30,-2,5;33,11,-7;34,-36,36;36,-15,-55;37,-2,84;38,7,-44;39,-17,55;40,46,-63;41,-46,70;43,58,-77;46,-53,44;47,41,-36;52,-46,50;54,1,6;55,38,-53;56,-43,54;61,-83,100;63,110,-136;66,-29,38;74,-8,8;75,9,8;76,-10,-3;78,-7,1;79,17,8;80,-23,-5;82,-2,13;85,10,12;174,-64,48;179,38,-16;181,-29,18;185,-75,41;190,81,-57;191,-5,19;196,10,-22;197,23,-26;199,-41,50;200,24,-39;201,-22,43;202,16,-32;213,-27,42;223,-13,6;229,-7,8;233,7,-3;239,-13,11;241,4,11;256,-23,12;294,36,-37;300,-45,44;324,41,-35;327,-38,38;329,7,16;332,27,-46;334,-3,1;338,-19,0;339,-8,60;343,-22,-8;345,-1,18;346,-3,-14;348,-10,10;356,11,-21;359,1,24;363,-9,12;365,-6,3;366,22,-40;367,-29,42;368,24,-39;370,-23,29;372,-4,18;376,-14,-17;380,52,-39;381,-35,58;383,-10,5;428,13,-26;592,-102,132;594,-15,9;597,-1,9;599,-5,2;601,1,3;602,1,-3;604,-7,-2;609,-2,11;613,-5,3;614,1,-1;631,-12,17;633,11,-8;650,-5,6;654,7,-8;656,-32,28;658,19,-22;660,-23,26;662,-3,4;664,21,-22;667,-7,3;713,-27,49;715,-10,1;716,-12,16;717,7,-7;719,-4,2;721,-3,3;723,4,7;726,-12,-5;727,2,13;729,-1,0;736,-5,-3;746,-9,14;751,3,8;753,11,-2;756,-29,18;758,-4,0;760,-1,-3;765,9,-4;767,2,-5;768,-20,18;769,13,-3;781,-4,7
rua|fiscal|jose pedro|vila santa terezinha|36305192|105,-2113601,-4422852;959,132,-145;966,8,10;968,-7,4;970,-8,1;972,-9,12;983,-5,-14;990,-5,14;991,7,-14;993,-1,11;996,-9,6;997,-8,-3;998,12,-1;1003,-16,9;1004,3,5;1005,-6,-4;1006,11,7;1007,-11,-6;1012,7,1;1014,-6,2;1019,-4,6;1025,-2,3;1030,-7,1;1036,-10,-2;1100,3,14;1113,-14,20;1115,-7,7;1117,-7,11;1119,8,-7;1121,-9,10;1123,-6,11;1125,7,-21;1131,-5,12;1139,-4,14;1140,26,-61;1144,-17,37;1150,-4,8;1153,-10,14;1154,5,-12;1156,3,-9;1158,-3,7;1170,-9,6;1447,0,14;1449,-2,1;1453,-11,5;1454,13,-18;1455,-17,24;1456,3,-3;1457,-4,7;1460,3,-12;1461,-7,13;1462,15,-20;1464,0,0;1465,-15,25;1468,0,-7
rua|general|aristides prado|matozinhos|36314899|1,-2112638,-4424337;15,1,-36;19,3,-3;21,2,-8
rua|general|jose ventura pinto|matozinhos|36305136|10,-2112727,-4423923;12,-65,189;13,72,-174;17,-14,9;19,3,-1;28,6,0;35,-12,13;37,-1,2;40,4,-17;43,-9,28;47,5,5;59,2,8;61,1,-11;66,-1,13;73,-33,80;75,-3,-19;76,28,-52;77,-21,72;84,17,-65;92,2,15;105,1,2;130,-16,25;144,-28,14;148,23,8;150,-10,31;151,35,-107;153,-1,-1;158,2,9;173,-3,14;302,-21,32;402,-2,1
rua|general|jose ventura pinto|matozinhos|36305194|199,-2112781,-4423746;207,-1,9;231,-4,8;235,-3,25
rua|irma|eugenia luz pinto|centro|36307342|39,-2113901,-4426106;40,0,-7;53,-12,-3;60,2,-8;62,-8,-8;67,7,13;71,-12,-8;79,-2,-8;81,-4,-6;88,-7,0;93,-1,-17;99,5,1;101,-5,2;103,-3,-5
rua|maestro|joao pequeno|centro|36300082|12,-2113615,-4426186;17,-3,-5;30,13,-7
rua|mestre|joaquim de assis pereira|fabricas|36301048|15,-2112386,-4425752;25,7,9;28,-5,11;36,6,8;48,5,23;51,-16,-16;56,18,19;61,-2,-29;66,-10,48;71,8,-16;81,3,6;87,10,22;115,52,142;125,-52,-108;129,8,-5;131,2,12;138,-6,-22;141,8,31;142,1,-30;143,5,43;148,-8,-34;150,3,-2;155,13,37;157,-4,5;158,-11,-30;211,25,75;216,-15,-61;221,18,65;230,0,31;231,1,-27;241,5,16;248,-29,-72;251,36,83;264,-7,-42;272,-6,17;282,4,17;320,24,29;321,-15,-5;326,-1,6;331,1,-6;332,9,21;341,-3,-6;343,6,14;350,-6,-2;358,8,19;364,10,-7;369,-10,5;370,7,11;377,-2,1;378,-13,-15;380,10,24;393,9,1;396,4,21;405,-5,-13;407,4,1;442,5,19;450,8,9
rua|ministro|gabriel passos|centro|36307330|200,-2113596,-4425987;214,7,15;222,-26,5;230,8,0;232,-8,8;235,8,-5;243,-10,4;254,-35,32;258,5,-6;276,4,11;300,-14,-14;308,-9,18;312,14,19;315,-13,-8;316,4,0;317,-13,12;318,9,-12;321,-8,-2;322,0,12;326,0,-6;328,-8,13;329,-9,0;330,16,6;334,-6,-5;340,-4,2
rua|ministro|gabriel passos|rio das mortes|36307330|1,-2118971,-4432890;2,17,-15;10,0,13;25,-17,6;27,-5,12;31,-7,15;35,7,-6;47,5,37;49,-11,-17;68,0,14;99,2,7;101,-5,22;103,1,6;113,-3,7;115,4,-25;129,-3,37;137,1,4;139,-3,5;142,4,56;144,0,1;148,2,16;150,10,94;152,-7,7;154,5,-62;156,11,49;158,16,20;160,-1,7;161,-40,-173;162,42,196;179,-43,-201;182,-1,74;185,5,-50;187,2,12;189,-1,8;190,4,38;192,3,6;194,-1,13;210,0,6;212,-2,4;317,26,88;319,-6,26;329,3,-7;331,-30,46
rua|padre|joao pimentel|003|36301196|80,-2112406,-4425174
rua|padre|jose pedro|centro|36307374|110,-2113754,-4425734;128,11,-3;130,3,1;142,7,-5;156,4,0;164,16,-6;174,3,0;180,10,-2;212,24,-19;226,4,-5
rua||a p|bonfim|36300001|3,-2114717,-4425945;13,37,35;23,-3,-8;33,-10,-9;43,-7,-4;53,-11,-13
rua||alcebiades paixao|bom pastor|36305217|3,-2113511,-4423139;4,52,202;5,-53,-199;150,78,252;152,28,112;153,8,21;154,-9,-33;155,0,-9;156,-15,-13;158,29,60;160,-36,-70;177,50,117;180,0,5;181,5,8;195,9,37;200,-127,-458;201,134,483;203,2,6;207,0,3;213,-6,46;215,-121,-490;223,134,487;235,-145,-553;257,9,67;306,5,-6;310,4,9;322,9,11;350,-9,-9;351,2,18;354,-2,-19;355,6,19;360,4,6;368,-3,-5;380,6,73;392,-9,-15;400,11,30;410,13,22;500,62,218;510,15,29;512,2,5;890,-125,-428
rua||alexina pinto|003|36301034|38,-2112890,-4425212;52,7,2;64,10,-5;74,5,10;75,3,-3;79,6,0;82,7,-2;90,2,-2;96,12,10;101,-20,-3;103,19,-2;105,-11,5;107,25,-3;110,-1,6;113,2,-3;134,16,6;136,-1,6;140,7,-19;141,-15,2;142,9,16;145,-1,-39;149,8,25;159,6,0;166,11,1;167,3,1;180,0,1;181,7,-5;183,5,9;185,-11,0;194,20,-2;197,10,-14;215,5,0;221,7,-4;223,4,-1;233,2,1;241,11,-6;249,6,6;259,2,4;265,2,-27;283,22,-14;289,4,0
rua||alexina pinto|bela vista|36301034|353,-2112638,-4425279;373,7,-6;417,33,-14;421,15,-1;425,1,-13;427,-8,9;451,-35,22;455,16,-9
rua||alexina pinto|fabricas|36301034|260,-2112724,-4425229;262,12,-4;264,3,-2;266,3,1;274,7,-7;280,-1,0;286,6,-5;292,18,-3;300,1,2;310,11,-9;318,4,-7;320,5,4;372,27,-8;374,7,-8;376,17,-12;378,3,-10;380,6,-3;382,9,-8;384,12,-5;390,8,9;400,12,-8;410,8,-10;412,-96,49
rua||andre lopes pereira|colonia do marcal|36302009|18,-2111469,-4423571;20,-3,20;22,1,3;65,69,308;80,-12,-65;90,-48,-178;91,48,145;93,8,34;97,-11,-42;99,-5,-5;100,-39,-147;102,36,135;108,-8,-13;112,-2,-7;116,-4,-12;130,0,-21;138,-1,-11;150,-5,11;158,5,28;166,-1,-9;170,3,4;172,2,12;174,-64,15;178,66,-5
rua||antonio bernardino de paiva|vila nossa senhora de fatima|36305339|9,-2114410,-4422781;10,-7,-19;30,4,22;35,6,3;40,-7,5;45,11,1;47,-1,14;49,2,-5;60,-3,5;62,4,14;63,-3,-6;64,4,17;93,2,4;94,-1,19;115,8,42;117,2,26;125,3,8;127,2,10;170,-6,-32;198,2,16;200,2,19;204,0,5;208,-3,10;212,12,13;224,5,1;529,-11,-5;535,5,10;537,4,14;539,-1,8;543,-1,1;545,4,0
rua||antonio firmino de paula|matozinhos|36305120|13,-2112381,-4423792;36,9,-46;38,3,-3;50,-5,14;86,-2,14;112,-10,41;121,5,-54;122,-14,63;126,-6,1;128,12,6;142,-7,16;300,-10,15;385,0,-1
rua||aureliano pimentel|003|36301188|2,-2112864,-4424895;4,8,-7;5,-2,2;21,3,-7;25,-4,-7;33,13,-7;35,-9,-3;36,2,10;38,1,-10;45,2,-8;46,1,6;49,-1,-7;52,9,0;53,-6,-3;56,0,-4;57,5,-7;61,5,-3;64,-5,2;65,5,-7;68,-4,-7;119,22,-59;131,6,-10;146,2,-11;148,5,-5;155,2,3;165,-12,-12;173,9,-11;183,9,-7;193,3,-9;197,7,1;199,-29,73;201,31,-83;206,-49,144;209,57,-148;217,-4,-10;221,3,-1;225,-1,2;243,10,-29;251,1,4;277,11,-28;285,-4,2;295,12,-19;305,-7,2;313,2,-14;317,14,-15;325,-3,9
rua||aureliano pimentel|fabricas|36301188|132,-2112822,-4425008;136,-9,-2;140,13,-3;150,0,-9;176,18,-16;184,-1,-10;188,2,-6;192,2,-2;198,6,-5;204,-2,-7;214,6,-4;216,0,-12;230,5,-2;232,0,-5;238,4,-7;262,2,-24;268,8,-9;280,0,-3;292,7,-8;294,5,-5;296,-4,-5;308,0,-13;314,5,-11;400,18,-29
rua||aureo de paula|tejuco|36309538|18,-2114853,-4427977;20,1,5;87,12,-6;106,-7,15;108,-5,7;109,-4,-2;110,11,20;112,-8,2;175,-11,35;185,-3,9;195,-4,5;205,10,5;215,-6,4;225,-10,27;226,-4,0;227,25,54;228,-19,-46;229,4,53;230,-1,-44;231,-12,15;238,5,-8;243,33,35;246,-3,2;250,10,8;258,11,1;260,11,33
rua||avelino de andrade pinheiro|vila nossa senhora de fatima|36305340|25,-2114433,-4422549;31,-37,-223;43,-2,10;49,4,6;53,4,11;59,0,10;63,-4,3;83,9,24;109,15,64;116,-15,-32;119,13,34;123,2,2;124,-17,-8;128,4,8;129,11,5;130,-9,-6;135,7,19;137,0,14;139,-9,-7;198,14,57;219,-7,-30;221,9,6;225,2,9;227,5,13;235,8,55;265,-18,-7;269,12,-12;299,22,83;310,1,50;320,1,5;325,17,52;357,4,69;375,5,4;395,-62,-347
rua||b p|bonfim|36307478|110,-2115122,-4425960;120,0,3;130,-5,-17;140,-2,-8;150,-6,-14;160,-2,-3;170,-4,-17;181,-11,-6;200,-5,-26
rua||bento portela|senhor dos montes|36300270|4,-2113036,-4426600;14,-3,-4;16,-2,-4;31,5,8;72,-25,-27;77,-7,-6;78,6,3;98,-11,-19;104,-7,-14;110,-1,-3;113,-5,-1;138,58,85;149,-55,-68;223,-62,-50
rua||bento portela|tejuco|36300270|100,-2113100,-4426692;110,-6,-9;120,-6,-4;170,-4,1;180,-13,-2;190,-7,-3;210,-14,1
rua||claudio osnir pereira|colonia do marcal|36302621|70,-2109448,-4422459;75,-13,5;85,19,-27;100,19,-26;105,-1,-21;119,20,-41;120,2,1;123,19,-48;125,13,-30;126,-26,65;136,20,-40;143,14,-39;145,5,-17;159,7,-12;163,2,-4;190,-14,42;200,9,-22;260,13,-30;270,8,-14;317,-5,-5
rua||das palmas|pio xii|36305298|21,-2113873,-4422918;31,-3,1;41,-3,-2;51,-1,19;53,2,2
rua||das papoulas|pio xii|36305270|60,-2113616,-4422758;88,-17,16;100,3,-3;110,8,-11;203,-33,24
rua||das petunias|pio xii|36305316|16,-2113718,-4422618;17,-14,3;18,79,-34;21,-1,1;30,-9,2;55,-7,12;57,-65,28;59,55,-12;63,-23,-4;65,32,-24;67,-61,44;71,71,-40;72,-11,-7;74,-9,6;75,-37,22;76,17,-6;77,44,-25;79,-67,40;80,-9,-6;91,74,-28;92,-76,36;95,86,-32;96,-84,34;107,-33,18;108,-1,-4;111,-13,11;679,96,-31
rua||dos pardais|nossa senhora da conceicao|36302555|1,-2109233,-4421064;3,-16,4;15,-73,16;17,-6,0;27,73,-17;31,-5,-1;49,-33,10;63,-28,1;70,-34,11;76,-36,-4;88,-11,-2;95,-31,24
rua||expedito silvino pinto|cidade universitaria|36301384|150,-2110400,-4426877;160,-41,-13;162,-2,-2;230,-35,-95;260,5,-19
rua||francisco vicente de paula|tejuco|36309611|1,-2115080,-4428277;2,12,-6;11,-1,8;12,3,-2;21,-4,0;22,1,-2;31,-4,-3;32,11,-7;41,-10,8;42,-5,5;51,-1,-2;52,-9,7;61,-3,9;62,-9,-5;71,7,9;72,-10,-2
rua||gentil palhares|centro|36300119|174,-2113369,-4426224;175,4,-4;184,1,-6;188,-4,-5;189,-3,3;197,11,-7;200,1,-7;203,4,10;204,-2,-8;211,-3,3;215,4,-6;216,3,-7;220,4,-5;224,5,0;225,-9,2;227,15,-8;230,-14,-6;238,14,1;243,-1,-5;246,1,4;249,-2,-6;251,0,-6;254,12,6;261,-6,-3;265,3,-15;266,0,9;275,6,-23;280,6,-1;282,2,-26;283,-8,36;301,8,-23
rua||geraldo ribeiro de paiva|colonia do bengo|36301360|1,-2109260,-4426266;2,-15,-15;12,-72,-77;44,-45,-27;46,-31,-19;2000,175,178
rua||gomes pedroso|centro|36300096|14,-2113250,-4426140;15,12,11;16,-10,-13;26,-27,22;29,11,-11;30,-3,2;43,9,-13;56,-11,-9;57,12,-1;59,-6,-11;62,-3,3;69,7,-3;71,-1,-5;72,-15,4;75,13,-15;78,-2,7;84,-1,-4;92,-3,-12;96,14,0;105,-5,-23;108,5,1;111,6,-3;271,23,73
rua||izabel zacarias de paiva|bom pastor|36305199|5,-2113288,-4422973;11,12,7;13,7,12;23,25,27;25,5,5;27,-4,3;28,3,91;29,-3,-89;30,33,74;31,-22,-64;32,55,47;34,16,8;35,-57,-48;36,54,54;37,-15,-19;39,2,-1;40,30,26;41,-24,-24;42,25,34;43,-13,-21;44,17,21;45,-75,-85;46,76,88;47,-3,-12;48,26,19;49,-32,-18;50,18,22;51,2,-9;53,-6,-5;54,16,17;55,9,-8;56,1,13;57,-5,-3;59,30,-2
rua||joao alves passos|rio das mortes|36315000|1,-2118945,-4432663;9,18,25;11,-22,-33
rua||joao felipe de paiva|fabricas|36301244|3,-2112127,-4424773;4,-6,11;7,3,-10;8,6,0;13,-5,-11;14,3,6;17,-2,-7;18,2,4;23,10,-8;24,-8,1;29,1,-3;30,2,-4
rua||joao pretinho|senhor dos montes|36300336|21,-2112458,-4426406;26,2,-3;27,2,-11;31,0,0;32,8,-19;36,-3,7;40,1,-9;46,-1,-16;72,-1,-5;74,-9,-12;135,-7,-18
rua||joaquim portugal|matozinhos|36305174|4,-2113065,-4424130;5,-26,-8;7,4,-10;9,41,36;12,135,507;13,-129,-506;15,-11,-9;16,65,60;18,-50,-40;20,51,40;21,-47,-37;22,31,31;26,5,3;30,7,4;32,-41,-37;46,12,3;63,10,10;65,5,13;77,-21,-21;79,2,9;85,2,6;87,9,-3;89,-23,55;96,49,-41;100,11,14;126,-49,-46
rua||jose antonio pereira|bonfim|36307732|10,-2114581,-4425420;12,-8,-12;17,6,7;20,-21,-21;30,-10,-9;35,17,29;37,-7,-10;39,0,-12;40,-16,-12;41,10,6;45,-17,-13;49,-7,0;55,-9,-11;57,-1,-11;59,-18,-5;61,-4,-8;130,3,-1;140,-15,-10;215,-26,-27;216,10,11;219,-22,-20;220,8,0;235,-25,-35;239,-3,-5;240,-1,-3;241,-2,1;256,-1,-3;325,-22,-60
rua||jose antonio pires|003|36301180|18,-2113054,-4425038
rua||jose eustaquio goncalves pimenta|jardim central|36307173|1,-2113753,-4424394;16,116,90;18,-3,0;20,-18,6;34,-76,-50;36,46,43;80,-129,-278;82,15,17;92,-2,32;116,13,58;118,4,8;119,37,54;128,-13,11;129,13,6;155,11,43;161,22,41;238,31,11;290,-74,-91;294,11,17;496,170,77;500,38,1;515,-60,-7;520,56,9;531,29,25;786,22,83;903,7,26;1000,9,76;1026,-5,22;1200,51,125;2993,134,71;3000,-9,4
rua||jose procopio|jardim central|36307060|5,-2113473,-4424773;6,-30,-25;7,23,20;9,-15,-9;12,-3,-11;15,-2,-2;22,14,12;32,5,10;50,1,2;52,3,3;60,8,13;80,37,40;82,6,0;84,-3,8;90,3,4;102,21,16;108,4,1;112,-1,12;130,22,20;168,23,29;190,5,12;254,15,11;256,9,1;260,4,13;380,36,42;381,-3,-4;392,6,14;401,6,-2;406,9,-3;416,5,24;418,10,6;475,-18,-16;479,9,3;507,12,11;511,6,12;513,9,8;517,3,11;592,-3,-4
rua||jose procopio|sao judas tadeu|36307060|67,-2113434,-4424728;69,4,11;77,6,9;81,9,-2;105,-3,5;115,8,17;123,4,8;125,4,9;127,4,-8;129,16,16;151,21,23;201,11,10;241,5,6;251,4,10;257,15,14;263,7,9;283,4,7;293,3,10
rua||josefa costa potto|cidade universitaria|36301383|40,-2110529,-4426518;185,-105,-37;191,-8,-7;197,4,5;200,12,-2;207,-22,-3;281,-52,-24;289,-9,-4;291,5,3;301,-9,-5
rua||luiz passarini|jardim central|36307064|4,-2113515,-4424650;6,9,2;10,-2,12;12,-5,-11;14,5,22;16,13,4;20,5,11;25,-23,-27;27,5,1;28,25,18;31,-23,-14;33,4,4;36,27,2;40,1,38;41,-25,-38;50,29,33;60,8,7;63,-14,-12;88,19,12;98,8,18;122,2,10;132,10,10;133,-1,-2;141,6,10;142,-1,1;152,14,13;161,-4,-7;162,15,23;163,-11,-16;179,7,8;188,11,16;189,-7,-10;195,6,6;197,4,3;254,8,16;264,15,2;265,10,14;273,3,11;274,-17,-8;283,25,13;295,5,7;300,3,3;309,4,7;317,12,23;326,-10,-17;332,8,7;333,8,13;334,-5,-3;336,3,-3;340,15,38;345,-5,-27;350,9,25;356,20,7;363,-23,-18
rua||maria jose andrade pinto|tejuco|36309339|70,-2114527,-4427476;73,-5,-2;109,11,26;110,0,1
rua||maria ribeiro pinto|colonia do marcal|36302844|10,-2109329,-4423147;12,1,1;13,-14,-7;15,8,7
rua||mendes pimentel|colonia do marcal|36302340|21,-2110681,-4422747;25,-2,-1;81,-2,-10;83,-2,4;85,-1,-7;91,-10,-1;109,1,-10;111,3,17;113,-23,-18;115,3,-15;116,-3,-5;126,-215,-273;135,208,263;136,-85,-168;146,52,115;156,-7,-7;161,18,31;163,-9,-13;166,-20,-33;175,-5,7;179,3,4;180,-1,-1;181,-8,-13;183,26,33;186,-18,-41;190,-4,-3;229,-41,-47;260,5,-8;261,-18,2;264,10,-8;268,-2,-8;270,2,-6;271,-4,15;280,-14,-23;281,3,8;285,-3,4;295,-7,-26;300,-9,-8;310,-8,-16;351,-14,-20;371,-14,-10;372,8,-4;379,-12,-14;389,-4,8
rua||modesto de paiva|centro|36301026|24,-2112866,-4425610;54,7,25;64,0,8;72,-1,13;84,2,7;96,-1,16;98,-2,11;100,10,-8;114,-10,21;116,4,-1;126,-1,15;136,5,-4;146,-13,16;152,2,7;158,-10,0;166,-1,6;170,0,2;174,-13,6;182,17,9;200,0,5;202,3,14;204,4,0;206,-9,8;218,5,2;220,-11,10;228,4,-2;236,8,14;238,4,-1;240,-4,7;248,-1,5;256,10,12;272,0,13;274,8,-3;278,-13,4;284,16,7;286,-12,1;296,2,11;300,-5,6;308,-3,6;314,4,9;322,13,5;330,-4,-2;342,-3,9
rua||modesto de paiva|senhor dos montes|36301026|19,-2112870,-4425621;21,5,10;31,2,8;49,-1,18;51,1,2;57,9,7;71,5,15;87,1,14;95,0,-1;105,-5,20;115,-1,1;123,-4,17;149,4,27;161,-12,0;163,-2,8;175,0,9;183,0,7;201,8,19;207,-4,3;213,-1,6;215,1,4;217,-5,8;225,30,10;231,-12,-1;249,-9,5;259,-8,15;261,5,6;265,2,4;267,16,-7;275,-16,7;283,-3,13;285,-1,7;297,0,4;301,-3,8;303,9,4;305,-1,4;309,3,3;311,0,-1;315,-4,1
rua||ouro preto|bom pastor|36302334|5,-2113723,-4423500;6,1,9;7,-7,-9;10,20,24;17,-104,-21;21,-23,-12;22,6,2;26,-12,-5;32,4,-2
rua||ouro preto|colonia do marcal|36302334|15,-2110928,-4422778;16,-108,-144;17,5,2;18,2,11;20,-3,-4;22,9,8;24,7,14;26,-3,4;52,47,64;59,-31,-47;65,11,13;89,15,23;126,46,55;130,6,8;301,5,7;303,10,16;326,-10,-22
rua||ouro preto|jardim central|36300001|2,-2113937,-4423596
rua||ouro preto|jardim central|36305209|5,-2113896,-4423528;7,-80,-106;9,60,106;12,4,-17;15,-9,-7;28,-119,-146;30,4,8
rua||ouro preto|jardim central|36309029|2,-2113932,-4423616;3,17,-8;5,-4,-7;7,-13,-22;8,-22,42;9,43,-24;10,-43,-25;11,53,14;12,-10,20;13,-17,1;14,-2,-12;16,-32,20;23,-24,-23;100,-3,6
rua||parati|vila brasil|36307593|68,-2115012,-4425173;72,-4,16;76,-2,18
rua||paris|cidade verde|36300001|10,-2111672,-4424990;100,30,14
rua||paris|cidade verde|36301338|110,-2111623,-4424980;150,10,37
rua||paris|fabricas|36300420|34,-2111855,-4425045;38,4,7;44,9,4;350,30,6;885,-62,-24;887,1,4;889,8,6;945,63,12;951,14,11;967,-5,2;1007,18,1;1009,7,2;1019,13,6;1021,7,1;1023,4,14
rua||paris|fabricas|36301270|133,-2111636,-4424966;145,7,15;147,5,1;149,2,5;151,2,6
rua||pica pau|nossa senhora da conceicao|36302553|13,-2109217,-4420916;140,-114,16;150,-4,2;160,-13,-4;170,-15,3;190,-9,3;196,-14,4;220,-11,1;333,87,-6;349,-69,14
rua||platina|colonia do marcal|36302184|12,-2111473,-4422592;20,6,12;30,8,-6;40,-3,21;50,3,8;60,1,11;70,-21,18;80,18,-44
rua||projetada|matozinhos|36305153|107,-2112186,-4424390;109,8,5;115,9,6;123,15,15;127,10,8;131,1,10;133,6,2;135,24,18;137,7,7
rua||projetada|rio das mortes|36315000|3,-2118210,-4434124;4,8,-3;6,6,5;8,12,-2;10,-5,-3;33,-896,1186;34,-2,0;36,-3,-1;37,12,4;39,3,6;40,9,10;912,856,-1200;920,0,0
rua||raul de oliveira pereira|barro preto|36309388|16,-2114507,-4427858;22,-4,-10;32,5,-13;40,-1,-9;47,-5,7;48,4,-19;50,1,-8;53,-4,-4;57,4,-17;127,-5,-16;129,5,2;130,2,1
rua||ribeirao preto|matozinhos|36305151|2,-2112588,-4424031;4,6,-6;6,-21,3;10,-7,-7;11,21,12;13,-24,-8
rua||silvio ferreira pinto|matozinhos|36305140|40,-2112832,-4423843;53,11,-7;60,-33,32;80,-10,4;90,-10,24;110,12,-20;111,-13,7
rua||uriel pio|senhor dos montes|36300366|11,-2112584,-4425692;12,-11,-17;13,-26,-56;19,-3,2;22,-10,-9;26,7,-15;27,16,52;29,13,13;33,-6,11;42,-29,-72;98,-14,-36;105,-23,-53;113,42,86;115,-47,-104;127,39,94;133,-2,-9;145,-6,-8;149,-3,-13;155,1,23;191,17,35;205,7,-13;209,-7,10;219,9,7;249,24,68;253,-53,-134;255,-6,-18;257,-8,-19;259,16,39;261,-19,-44;268,-7,-11;270,-1,-16;272,2,-1;276,-6,-5;280,-5,-11;307,-5,-24
rua||valentim passos|colonia do marcal|36302673|25,-2109532,-4421478;27,8,13;29,2,7;31,12,3;37,16,21
sitio||barro preto|mata virgem|36316000|12,-2131573,-4454146
sitio||casa da pedra|entrada da casa de pedra|36300001|58,-2114763,-4418756
sitio||pinheiro|cajuru|36309029|4,-2129792,-4429656
travessa|ministro|gabriel passos|rio das mortes|36315000|2,-2119057,-4432846;8,1,2;20,16,24;34,0,-1;48,-17,-23;56,31,44;82,11,20;90,9,8;98,4,9;112,0,8;118,8,0;120,3,8;144,11,31
travessa||pedro paulo|matozinhos|36307000|11,-2112899,-4424853
travessa||piraju|senhor dos montes|36300396|16,-2112528,-4425995;20,3,7;39,4,5;175,11,-7
travessa||pratapolis|tejuco|36300197|357,-2113297,-4426692;383,31,30;403,-18,-33;405,-5,10;409,-12,-67;447,20,48;460,-5,-20;462,1,10;468,-9,-22;645,14,48
travessa||projetada|solar da serra|36301381|88,-2109888,-4422524;1851,-11,-5
travessa||projetada|solar da serra|36302260|6,-2109884,-4422536;7,0,1
travessa||uriel pio|senhor dos montes|36300366|35,-2112674,-4425814;36,-9,0;45,11,-15
