aglomerado||mumberra|mumberra|36314899|22,-2115069,-4433947
alameda||das magnolias|portal vila rica|36302686|10,-2109698,-4421656;17,-113,-88;30,20,21;40,36,17;52,-41,-21;240,149,110;250,4,7
alameda||dos manacas|portal vila rica|36302688|45,-2109684,-4421573;183,-80,-63;185,0,9;233,16,16;350,56,34
avenida||davi jose de moura|colonia do marcal|36302420|198,-2110645,-4422135;220,-15,31;240,-18,29;340,-28,50;620,106,-183;640,-12,17;650,-12,23;660,-4,10
avenida||davi jose de moura|colonia do marcal|36314899|13,-2110399,-4422540;15,-48,71;17,52,-48;19,-109,33;20,55,19;21,23,31;22,-21,-40;23,-11,-3;25,-46,27;27,50,13;38,-117,178;39,44,-70;41,-2,7;58,-31,48;62,16,-32;82,14,-26;92,-7,3;101,59,-81;102,-39,56;106,12,-21;108,-2,-1;112,3,-5;116,19,-32;207,-47,101;251,-155,268;253,1,-15;255,10,-18;313,-33,61;315,2,7;331,-27,39;540,167,-296;543,10,-10;548,-7,11;555,6,-2;567,-10,12;577,-6,11;611,-70,90;751,0,26;755,3,14;1145,-93,162
avenida||trinta e um de marco|colonia do marcal|36302016|20,-2111331,-4424025;56,43,18;59,22,12;65,5,18;70,27,74;72,2,13;80,10,12;100,-29,-88;102,49,91;123,-53,-74;125,4,3;170,52,104;174,7,16;202,24,16;215,-30,-79;222,37,92;227,-16,-59;240,27,81;242,1,0;246,14,15;252,1,10;337,-33,-91;355,12,17;401,5,11;405,4,7;415,7,13;417,5,11;425,-1,-5;447,18,32;457,3,3;472,-18,9;480,8,14;486,1,7;503,7,-23;517,18,7;520,3,58;526,11,19;527,-8,-58;537,-4,3;538,20,53;539,-22,-54;540,22,53;541,-6,-52;545,-1,12;553,14,20;555,5,3;556,-8,35;580,11,15;582,10,12;586,2,2;598,23,31;600,6,2;620,22,42;630,2,6;685,-23,-66;695,6,5;697,13,8;700,91,136;702,-5,-3;707,33,41;709,21,12;711,-13,15;713,10,12;715,-129,-196;733,11,25;735,125,180;741,23,25;742,-154,-189;743,27,12;745,137,196;750,-166,-190;752,15,6;754,2,3;758,5,14;795,158,189;798,-133,-145;800,15,9;850,79,112;851,-53,-99;860,66,128;861,-51,-129;862,72,157;866,12,17;888,11,14;901,9,-31;903,-2,3;905,4,12;917,-6,6;937,12,9;995,-6,1;999,15,5;1000,-4,34;1001,13,-18;1003,9,11;1013,24,32;1148,9,33;1222,2,51;1250,21,12;1291,-27,-70;1293,22,16;1303,1,5;1310,36,94;1311,-73,-151;1314,66,143;1315,-16,-67;1317,2,1;1319,6,17;1321,-1,-10;1325,21,29;1330,-20,22;1331,18,-19;1341,4,5;1344,2,36;1346,4,10;1347,-4,-43;1351,8,7;1360,1,52;1361,7,-44;1367,10,22;1381,13,6;1440,-19,26;1442,-7,-9;1448,-2,-4;1460,17,38;1464,13,-3;1466,-26,16;1467,21,-53;1470,-9,44;1474,55,30;1476,2,5;1477,-38,-73;1478,51,93;1480,5,8;1484,24,9;1485,-78,-100;1501,8,14;1503,-1,2;1507,12,6;1513,1,-2;1515,7,-5;1517,0,12;1519,-6,0;1525,9,-8;1527,-8,20;1531,1,6;1533,9,-6;1551,-6,7;1559,4,-3;1565,3,-6;1581,42,36;1583,12,6;1585,-1,4;1587,12,5;1600,1,24;1629,31,-15;1631,-17,-9;1639,15,19;1641,2,-6;1645,3,-8;1650,-32,21;1655,33,-13;1715,31,17;1717,-9,-9;1719,27,4;1721,8,1;1751,16,-1;1759,-23,6;1761,45,-1;1771,8,-3;1780,1,39;1791,11,-36;1797,17,2;1813,4,-2;1815,8,3;1821,1,3;1845,21,-2;1895,32,1;1900,-11,24;1910,39,2;1931,11,-19;1945,13,-5;2050,9,26;2276,53,6;2278,22,-12;2282,-14,11;2286,20,-6;2289,-37,-13;2295,7,-1;2299,18,3;2302,30,15;2303,-25,-15;2305,7,9;2307,25,-13;2309,27,8;2311,-10,2;2313,11,-5;2322,-9,12;2323,25,-13;2332,5,23;2333,4,-18;2334,-25,-3;2341,47,14;2343,-7,-3;2345,9,-3;2349,14,-9;2351,6,-1;2355,23,5;2392,-68,21;2398,5,-4;2408,10,3;2416,27,3;2426,15,-3;2436,44,-5;2511,2,-17;2537,14,-4;2545,0,-1;2750,225,-15;2993,46,-39;3000,42,5;3200,73,-31;3444,32,-8;3450,110,-68;3600,-72,33
avenida||trinta e um de marco|colonia do marcal|36302076|2565,-2109849,-4422859;2567,-5,-2;2585,-58,9;2601,11,-5
beco|operario|lourenco margotti|fabricas|36301234|120,-2112146,-4424721;130,5,6;136,82,67
beco|operario|lourenco margotti|fabricas|36301236|1023,-2112158,-4424693
estrada||dos moinhos|corrego das pombas|36314899|95,-2118080,-4432197
estrada||dos munhos|ribeirao da barba de lobo|36314899|23,-2123243,-4427381
estrada||ferrea sentido mumberra|brumado|36300001|3,-2112777,-4432669;5,-493,-42
estrada||mumberra|corrego do brito|36314899|9,-2115057,-4433952
estrada||mumberra|mumberra|36314899|4,-2115038,-4434090;5,191,247;13,-28,3;14,-6,-6;15,-18,8;16,-16,-19;17,-1,3;20,-51,-48;24,143,5;30,-7,19;35,-234,-66;40,249,24;50,-219,-181;58,-9,119
fazenda||boa mente|cajuru|36309029|10,-2130067,-4435188
fazenda||maravilha|emboabas|36300001|20,-2124662,-4410754
praca|doutor|fausto mourao|tejuco|36309000|7,-2113829,-4426305;9,-7,-21;11,-11,-21;13,3,-22;15,4,-3;17,-3,-13;19,-12,2;21,-10,-43;23,12,34;25,-4,-3;26,-12,-12;29,-9,-8;145,-6,-13;153,16,-19;163,-13,-1;168,15,6
praca|padre|luis porto de menezes|centro|36300012|6,-2113016,-4425341;14,4,14;22,2,1;26,2,1;32,11,3
praca|sao|miguel|arcangelo|36318000|7,-2130431,-4431619;11,1,-16;28,0,-6;36,1,-18;40,4,-13;56,1,-8;70,-1,-16;80,-33,-10;101,-5,-1;109,29,6;117,-29,-13;125,-3,-4;127,12,16;135,-16,-19;137,-13,-3;141,-5,15
praca|senhor|bom jesus de matozinhos|matozinhos|36305142|11,-2112719,-4424101;20,80,19;200,-50,-80;302,-50,58;310,3,16;311,96,17;316,-84,-31;318,4,15;330,15,-15;336,-1,22;345,67,29;347,10,6;348,-82,-33;351,67,37;359,0,12;360,-67,-45;362,-11,18;365,78,29;369,-7,2;370,-70,-28;371,75,33;377,1,4;384,-71,-29;386,-8,3;389,79,31;397,2,17
praca||da matriz|sao sebastiao da vitoria|36316000|21,-2124439,-4441607;22,53,12;39,399,-71;51,-445,33
praca||guilherme milward|007|36307442|144,-2114094,-4425797;160,-5,14;166,-8,4;172,-5,6;176,0,0;188,-14,8
praca||guilherme milward|bonfim|36307442|91,-2114056,-4425757;103,-16,17
praca||guilherme milward|centro|36307442|8,-2114001,-4425777;9,15,6;14,-24,-7;15,18,7;22,-24,-1;25,15,3;26,-24,-20;30,3,-21;32,-3,10;35,19,40;39,-5,-8;44,-23,-30;47,17,34;51,-8,4;52,-12,-40;55,12,40;56,-15,-56;61,10,58;62,-14,-56;65,9,48;69,-3,3;71,-3,-1
rodovia||para madre de deus de minas|cajuru|36300001|140,-2131269,-4438260
rodovia||para madre de deus de minas|chaves|36309029|10,-2140213,-4437831
rua|contador|sebastiao mendes|guarda mor|36309096|11,-2114156,-4426748;21,3,8;75,5,-61
rua|contador|sebastiao mendes|sao caetano|36309096|50,-2114150,-4426769;72,13,-25;80,-2,5
rua|coronel|jose messias|fabricas|36301165|210,-2112628,-4425207
rua|doutor|jose mourao|centro|36300128|14,-2113476,-4426147;19,6,-22;35,4,1;37,9,-5;46,0,-13;47,12,0;51,-7,-6;52,-2,4;61,8,-13;66,0,0;76,5,-10;77,-5,3;86,9,-9;98,2,-13;106,3,2;110,9,-23;114,-4,12;115,-1,12;117,5,-17;119,2,-8;127,1,-1;132,5,0;135,0,-6;138,1,-2;139,-3,-5;146,5,-3
rua|doutor|jose mourao|centro|36300134|160,-2113402,-4426286;164,-11,9;166,9,-7;176,9,-10;182,0,-3;186,-1,-1
rua|doutor|mario de castro monteiro|portal vila rica|36314899|3,-2109639,-4422126;10,16,25;120,61,35
rua|expedicionario|alvim alves moreira|colonia do marcal|36303004|1,-2111153,-4422811;2,0,-9;11,-6,14;12,-3,6;21,-8,3;22,2,-1;31,-4,15;32,-3,-3;41,-5,10;42,1,2;52,-4,6
rua|frei|metello|tejuco|36309324|12,-2114257,-4427246;18,-24,22;25,26,-22;32,-10,1;38,-1,4;43,8,-3;50,-12,8;58,-7,13;59,5,-11;63,-2,-5;66,-8,13;69,-14,6;71,15,16;83,-11,-4;90,12,-9;95,-28,15;96,7,-4;109,-13,5;110,3,1;111,1,4;113,0,1;118,-3,1;120,22,-23;122,-7,5;125,-22,28;130,-2,-4;134,-9,14;135,-2,-3;139,-1,-2;142,-6,7
rua|irmaos|moreira|003|36301030|4,-2112512,-4425689;6,3,0;92,-109,289;94,1,-13;96,3,-44;108,-1,39;109,7,-2;113,-2,-5;117,-1,-5;118,2,2;126,-7,17;127,3,-37;128,11,5;130,5,1;154,-3,-14;155,5,1;156,-4,-14;165,-3,-10;169,8,-1;172,0,3;173,-5,-1;183,10,-12;184,-6,6;194,-1,-6;198,17,-23;199,-9,10;222,8,-22;227,-1,-5;237,13,-16;246,-4,2;247,11,-11;255,-2,-1;262,-14,6;263,11,-18;264,-4,0;270,9,-9;280,-4,-2;285,3,-8;286,4,-6;287,-4,1;296,7,-7;302,5,-11;310,5,-8;315,-9,5;317,2,-7;325,13,-8;326,1,-3;332,0,-9;335,-2,8;336,-2,-13;344,14,-13;345,-9,12;354,9,-30;359,-6,23;365,3,-15;371,4,-5;381,-1,-13
rua|irmaos|moreira|bela vista|36301030|8,-2112674,-4425351;14,5,-11;22,5,-2;25,4,2;29,8,-5;30,-10,4;31,13,-15;36,-9,9;41,9,-13;48,1,6;58,6,-4;61,10,6;62,-3,-9;69,3,-5;76,4,-6;89,-2,3
rua|marechal|mascarenhas de moraes|matozinhos|36305004|119,-2112379,-4424394;121,2,4;137,-1,-17;139,12,18;175,4,57;177,9,13;216,-13,14;221,10,3;222,-2,14
rua|marechal|mascarenhas de moraes|vila nossa senhora de fatima|36305004|5,-2112384,-4424479;19,4,16;26,-8,3;28,3,-1;29,2,2;39,0,11;40,-1,6;49,3,1;147,-3,-2
rua|operario|lourenco margotti|fabricas|36301234|4,-2112241,-4424762;7,8,3;8,-4,-3;11,0,3;14,5,-1;17,4,2;18,-1,3;21,1,-2;24,6,5;27,8,-5;30,-2,8;33,9,-1;47,1,8;49,2,0;50,8,-14;51,-2,13;53,-2,3;54,9,-3;57,1,8;62,-4,-6;65,8,3;68,-4,-4;70,6,6;71,4,-2;77,4,0;78,-4,2;81,7,1;86,-1,5;89,6,1;90,0,0;93,4,5;96,3,-10;99,7,10;102,-2,-11;105,4,14;108,0,3;111,4,8;112,-4,-10;115,3,-1
rua|padre|machado|003|36301028|11,-2112610,-4425549;79,0,-7;82,28,-76;87,-30,70;90,38,-95;99,-36,80;101,3,-3;102,21,-40;103,-22,35;105,0,-1;110,27,-40;112,-1,-7;139,-21,43;200,27,-74;220,6,-16;230,0,-8;240,5,-11;248,-3,-10;250,5,1;266,-89,248;270,45,-132;272,39,-133;274,-85,254;280,3,-2;290,5,-10;304,5,-6;308,50,-11;312,-39,-13;330,4,-27;438,22,-48;448,14,-20
rua|padre|machado|bela vista|36301028|76,-2112765,-4425311;90,-12,-19;96,8,2;98,9,-5;120,28,-5;124,3,-10;130,-14,23;132,11,-22;134,-7,11;152,15,-17;164,5,-3;170,8,-8;182,3,-9;230,24,-38;236,13,-5;252,-1,-12;258,0,-2
rua|padre|machado|senhor dos montes|36301028|3,-2112852,-4425299;7,-14,28;15,24,-31;19,1,6;21,233,-268;22,-12,5;23,-211,248;27,5,-2;41,11,-3;51,12,-3;59,-4,-24;69,20,26;71,-2,-3;77,3,3;81,10,-7;85,-1,0;95,12,-6;115,12,3;117,14,-7;119,5,-10;121,6,-6;135,3,-3;137,2,3;141,6,-12;151,28,-24;159,4,-10;165,0,-17;167,79,-175;169,17,-4;171,-90,179;183,106,-226;185,-6,-18;200,-12,47;223,19,-58;225,-6,2;235,5,-27;239,2,-5;261,-105,270;269,26,-25;273,0,-3;275,-7,-10;281,9,-5;287,11,-3;313,-82,-73;317,79,53;321,4,-5;357,29,-81;365,7,-18
rua|professor|joao maciel|matozinhos|36305016|2,-2112516,-4424379;6,5,0;15,15,-10;19,0,0;20,-6,0;25,11,-8;28,-8,2;36,13,2;72,31,-1;78,9,-7;79,0,-1;84,1,0;85,-9,7;86,12,-6;89,-20,4;98,24,-4;106,14,-6;115,-5,7;116,17,-8;120,5,-1;127,-9,3;129,17,-12;134,8,4;137,-22,-6;143,26,5;147,5,-3;165,7,-2;168,3,-2;174,6,-1;179,9,0;185,9,-2;186,-13,-3;192,15,-7;196,3,8;198,4,5;200,5,-6;207,-10,3;218,20,-7;220,8,-5;227,-20,7;228,28,-9;232,0,-3;237,-41,5;247,33,3;257,9,-3;267,10,-2;269,-5,-3;296,37,-2
rua|santa|madalena|bom pastor|36305206|210,-2113180,-4423452;222,6,20;228,-4,15;234,16,-14;238,3,-3;248,3,12;258,10,9
rua|santa|madalena|matozinhos|36305206|4,-2113320,-4423571;6,4,3;10,11,8;12,4,1;13,3,0;20,-9,-5;23,6,10;34,0,-3;38,-3,-2;44,25,20;56,-39,35;75,54,-33;77,-17,9;78,14,3;86,1,-1;92,4,5;101,42,29;132,-30,4;146,26,2;156,3,37;164,26,-5;169,-11,-21;170,4,-5;171,5,11;173,-70,-51;175,1,-8;177,7,12;179,12,3;181,55,59;190,-2,1;211,32,11;221,4,11;247,0,13;251,3,-3;394,19,-1;412,-159,-129;439,172,153;451,9,8;457,6,4;469,73,67;471,-69,-51;475,-17,-22;477,24,8;479,77,80;487,0,0;497,11,14;507,3,1;515,-65,-58;517,77,60;519,-5,5;523,-69,-60;525,0,-5;527,14,7;531,78,74;535,-72,-63;577,111,100;583,-11,-13;587,6,4;589,-4,1;595,8,7;599,10,7
rua|santa|madalena|vila santa terezinha|36305206|1,-2113016,-4423282;282,-123,-122;310,27,12;320,5,11;324,2,5;355,127,111;357,8,7;426,-57,-48;440,-44,-40;450,-43,-52;452,44,59;460,2,-6;470,14,19;480,8,-1;490,82,86;494,-58,-57;500,-3,-2;514,65,62;598,30,22;600,9,6
rua|sao|marcos|colonia do marcal|36302542|48,-2109482,-4422810
rua|sao|mateus|senhor dos montes|36300016|15,-2112808,-4425736;17,11,13;23,-11,-9;29,14,26;35,2,4
rua|sao|mateus|senhor dos montes|36300363|10,-2112800,-4425710;14,-4,-6;24,0,-4
rua|sao|miguel|colonia do marcal|36302544|2,-2109598,-4422708;40,34,21
rua|vereador|emidio de morais|matozinhos|36305124|9,-2112543,-4423905;17,3,23;18,-9,12;20,-12,-14;29,0,64;30,14,-44;36,-2,0;51,3,0;78,-8,24;84,-3,4;88,-5,21;92,-4,-10;95,24,3;96,16,0;100,-35,5;103,26,5;104,-21,-4;106,-7,7;117,-26,56;119,8,-6;126,15,-51;128,19,29;131,-22,-7;142,4,-53;157,6,81;161,-31,17;166,16,-19;194,-14,31
rua||ademar jose moreira|barro preto|36309390|2,-2114423,-4427858;6,-30,10;36,8,2;42,-2,4;46,-19,-5;50,12,1;54,-17,0;64,-12,-9;70,-10,0;74,-1,2;100,-34,-4
rua||ademar jose moreira|tejuco|36309390|1,-2114441,-4427854;7,-8,7;15,-9,-7;21,-4,-5;49,-1,0;55,-12,5;61,-2,1;65,-8,-2;71,-7,5;81,-10,-8;91,-10,4;103,-2,-4;109,-12,2
rua||alberto magalhaes|matozinhos|36305148|2,-2112841,-4424208;5,12,-14;7,5,17;59,-43,29;61,7,-6;62,-1,8;63,-3,3;64,-3,3;65,-9,2;66,0,2;67,2,2;69,2,3;71,-12,3;85,-24,23;92,5,1;95,-7,6;101,-7,23;111,-6,1;121,-2,7;123,-8,7;134,-16,12;135,126,-159;144,-123,173;171,-12,-1;172,-15,-20;175,68,-54;176,-72,85;177,2,-7;181,3,11;189,-4,-4;191,3,6
rua||alberto mendes miranda|tejuco|36309316|10,-2114187,-4427207;19,-4,-6;21,-6,17;28,-1,-13;31,-6,19;40,-3,-6;46,-1,-4;47,2,15;48,-10,-9;52,2,9;57,2,3;59,-4,13;66,-7,-5;70,-9,7;77,6,-6;86,-13,12;87,6,-3;96,-7,11;97,-5,2;100,-2,-3;110,-10,7;111,10,10;115,-13,-13;116,0,16;119,-2,-7;120,-1,9;129,2,-5;130,-1,11;139,-7,3;145,-6,-2;147,1,11;150,-2,-5;160,0,6;200,-2,5
rua||antonio benedito da silva jardim montese|solar da serra|36300001|3,-2109952,-4421929;4,11,-4;5,-2,10;8,10,-1
rua||antonio carlos mesquita|colonia do marcal|36302190|29,-2111473,-4422735;31,28,6;33,-1,9;35,3,-18
rua||antonio gilberto mendonca|colonia do marcal|36303035|12,-2109246,-4422326;13,1,-31;20,18,-52;105,39,-98;107,6,-8;110,4,6;113,5,-30;115,4,-10;117,12,-34
rua||aureliano mourao|centro|36307334|5,-2113702,-4426173;15,-11,12;26,-73,80;29,68,-74;34,12,-14;37,-17,23;40,2,-2;48,-9,-1;53,-2,9;60,-3,3;63,-11,1;64,46,-44;72,-48,56;101,-11,25;110,-7,-3;122,-5,8;127,-1,5;128,-7,-1;130,-9,-4;140,4,7;141,-2,14;145,-21,9;153,6,-10
rua||avenor jose marques|tejuco|36309150|3,-2114165,-4427711;13,37,26;17,-24,-18;18,17,20;22,6,4;30,21,-6;33,-8,-4;35,11,-1;36,53,-15;42,-6,-3;47,-46,18;56,64,-30;65,-37,20;103,-16,3
rua||basilio magalhaes|bonfim|36307382|253,-2114038,-4425698;255,1,1;265,-1,-14;391,-5,-11
rua||basilio magalhaes|centro|36307382|37,-2113886,-4425552;53,-16,-8;69,-6,-12;75,6,-10;81,-10,-2;87,-18,-12;100,-5,9;104,-6,-16;106,-9,3;114,-2,-6;118,-1,-6;122,-4,6;128,-15,-17;130,6,-16;133,13,30;137,-2,-3;143,-7,-10;159,-11,-5;170,-4,-24;173,-19,33;175,14,-25;179,-4,-9;180,1,-3;181,3,11;183,4,-15;190,-14,0;196,-4,-3;210,-5,-4;211,3,-1;221,-4,-4;228,-11,-16;240,-10,-6;246,-8,-11;248,-3,-1;256,1,-12;262,-3,-3;272,-6,-10;320,-4,-17
rua||carlos montuanelli|matozinhos|36307001|9,-2112840,-4424637
rua||das margaridas|pio xii|36305290|15,-2113988,-4423184;16,40,-3;18,2,0;20,-3,-1;22,-4,2;24,-1,-2;26,-5,12;27,-15,-14;28,7,8;29,-15,3;32,7,-9;34,-14,9;35,-7,4;36,16,-14;38,-22,18;39,4,1;40,6,-2;44,-16,1;83,-50,0;85,5,12;87,-8,0;89,11,-4;91,-43,19;97,-11,10;99,-7,2;101,-6,2;103,92,-23;115,-109,21;125,74,-8;126,-3,-16;128,4,16;130,-25,-4;132,2,0;134,-2,-2;136,-19,0;138,4,6;140,33,-23;142,-10,10;152,-30,16;154,2,-5;200,-5,7;300,-6,1
rua||das maritacas|nossa senhora da conceicao|36302549|67,-2109343,-4421076;98,9,84;109,2,-35;111,6,44;115,-11,-42;123,3,9;144,13,78;152,-1,14;400,4,50;410,12,55;420,2,31;435,1,-38;440,3,48
rua||domingos teodoro machado|sao goncalo do amarante|36300001|1,-2110522,-4434277;27,146,42;43,0,1;48,-28,-23;55,-4,9;69,-36,-4;76,19,-15;82,50,31;86,-129,-50;90,69,18;117,-37,9;119,2,2;120,7,-16;144,-61,-16;157,147,54;165,0,0;171,-153,-45
rua||dominique magalhaes|barro preto|36309507|4,-2114450,-4427976;6,-9,-1;7,3,-3;8,-14,3;11,-3,1;53,-9,0;68,2,2;69,-9,0;70,-5,7;71,-4,-2;73,13,1;74,-17,-4;76,-10,3;87,5,-1
rua||dos minerais|senhor dos montes|36300224|9,-2113246,-4426561;14,5,-20;238,17,-12;240,-16,3;241,3,6;250,-2,-20;252,-4,33;256,0,-12;257,0,-7;260,6,-24;273,0,-11;276,2,-6;284,1,-11
rua||dos miosotis|pio xii|36305310|31,-2113824,-4422969;41,-2,-13;51,-5,-8;61,-1,-12;65,10,-1;2606,-9,31
rua||durval matta|colonia do marcal|36302070|10,-2110824,-4423360;31,6,-17;32,0,13;36,7,-12;38,16,-4
rua||eduardo magalhaes|centro|36307336|11,-2113764,-4426268;34,51,59;50,2,16;64,10,3;78,10,16;90,5,8;98,7,0;106,-3,22;126,13,11;172,25,31;180,4,11;186,2,11;194,2,5;200,8,-13;202,-4,26
rua||elza magalhaes|tejuco|36309606|2,-2115229,-4428469;12,-1,29;22,-1,-4;32,-6,18;42,-5,6;52,-2,13;62,-3,10
rua||ernestina braga martins|sao caetano|36309106|169,-2114459,-4426925;175,-1,-3;376,-4,12
rua||ernestina braga martins|tejuco|36309106|157,-2114415,-4427130;178,-39,203;196,8,-294;203,7,219;213,6,-9;243,7,-82;245,8,26;249,-9,17;250,-7,52;260,3,-1;268,11,-102;349,-7,-14;365,-23,-109;820,24,192
rua||ester vilela magalhaes|senhor dos montes|36300374|80,-2112758,-4425824;90,12,-7;100,6,5;107,-7,8;111,1,-1
rua||euclides magalhaes|senhor dos montes|36300326|5,-2112555,-4426527;17,-162,-76;19,11,-10;21,142,115;22,-2,-40;24,-7,-14;26,-7,-4;28,0,2;29,16,54;31,3,-28;38,-37,-41;70,-8,-1;78,-55,-30;84,-3,-2;96,-14,-13;102,-10,-2;105,34,25;157,95,56;167,-81,-50;175,-5,-4;185,25,-4;223,-77,23;225,42,-23
rua||felipe marchetti|vila marchetti|36307248|5,-2113421,-4425276;27,-11,2;28,38,-25;35,-49,39;36,-7,-12;40,1,7;43,0,8;49,-5,3;60,-10,-3;61,0,7;66,-5,-3;77,-4,16;80,-2,-8;96,-4,5;98,-3,13;108,-18,6;123,3,3;126,-15,-2;127,9,7;145,-10,15;146,-11,1;150,-4,2;159,1,7;170,-6,0;189,-23,26;199,-7,8;200,20,-27;205,-23,31;206,4,-2
rua||gabriel murtinho|senhor dos montes|36300229|13,-2112499,-4426552;16,-72,-62;18,33,21;22,-11,-3;24,60,51;76,-98,-72;100,95,68;150,-8,66;152,9,-35;154,-7,15;156,6,-9;158,-1,-7;510,-150,-107;560,-4,-5;601,24,7;618,-38,-13;620,15,9;630,-34,-10
rua||geraldo inacio de miranda|caquende|36316000|5,-2133091,-4453976;65,14,1
rua||jair braga machado|barro preto|36309570|1,-2114455,-4428254;11,-4,-28;14,-9,-9;15,2,1;22,-12,-7;23,5,3;33,-27,-13;40,4,-1;41,-6,-1;49,-10,-1;56,8,-2;57,-8,-10;58,-5,5;60,-3,-3;65,-2,-3;68,-14,-5;70,4,-7;73,-6,10;83,-6,-1;93,-11,-2;95,-4,-1;99,3,7;100,2,-14;103,23,86;145,-131,-125;202,94,38;210,-10,-3;212,-16,-8;218,-2,6;220,-10,-15;222,-4,1;230,-11,0;234,-12,-14;240,-7,-6;248,-9,8;250,-13,-10;252,-10,-4;254,-4,2;256,-8,-4;260,-13,-37;270,1,6;280,1,4;298,-27,3;301,4,0;303,-24,-16;305,-6,-5;310,0,-7;312,-15,-7;315,-19,33;318,5,17;320,-5,-62;321,-6,2;322,19,8;324,-25,-11;330,-8,-10;331,-33,48;335,-7,1;345,-3,-5;350,8,0;365,20,-39
rua||joao da mata|007|36307444|10,-2114142,-4425767;14,-4,-1;18,0,-4;20,-2,-10;22,-10,6;40,-1,-2;54,-3,-6;60,-7,-5;80,-2,-6;82,-6,-1;84,-3,-13;86,-14,-5;88,-5,-11;94,10,5;96,-9,0;98,-2,-3;100,-3,-7;104,3,-5;120,-2,-15;122,-2,-11;124,16,-13;126,-7,9;128,0,-11;130,-9,17;132,7,1;134,-29,2;156,-10,-11;162,0,-1;180,-10,-13;190,-17,-8;200,1,-3;210,-6,-9;230,-30,2;250,-14,-39;272,-5,-1;280,0,0;281,4,-15;284,-10,6;287,-2,-8;289,-3,-11;294,3,15;303,-13,-10;304,4,2;309,-4,-9;317,-8,-4;320,-13,-4;323,13,0;331,-18,11;333,13,-14;335,-2,-6;336,1,3;339,-5,-3;340,-3,3;356,-4,-11;363,-11,-7;368,3,4;377,-5,-17;381,-7,-3;388,6,8;396,-17,-11;397,-5,-14;398,6,12;411,-13,-11;414,5,-17;425,-8,12;426,0,-9;435,-7,3;447,-13,-16;457,0,-1;463,20,-8;480,-39,-8;490,-9,-6;504,-3,-7;508,-11,-4;544,-22,-26
rua||joao da mata|bonfim|36307444|11,-2114142,-4425775;21,-9,-4;35,1,1;41,-12,-15;47,-17,-2;49,9,-9;55,-6,-5;61,3,15;65,-8,-17;75,-1,5;81,-9,-10;89,0,-13;99,-11,-2;111,-34,18;153,-6,-47;165,-5,-8;197,-14,-29;203,-9,-5;205,-4,-4;217,-6,-4;227,4,0;233,-12,-3;251,-13,-19;261,-8,-2;265,-3,-1;483,-138,-151;495,-2,-12;507,-15,-3;521,-13,-2;525,4,-10;531,-14,-3;535,-7,-9;537,1,-1;551,-21,7;557,12,-7
rua||joao magalhaes|centro|36300286|1,-2113145,-4426275;9,11,-10;149,40,-1;151,16,-13;153,21,-25;181,-77,46;189,16,-10;193,9,5;197,6,1
rua||joao magalhaes|senhor dos montes|36300286|104,-2113093,-4426284;114,17,-17;120,4,-5;122,86,650;154,-71,-663;164,9,-6;168,-10,-5;194,-2,-5;200,74,679;204,-56,-693;251,-7,-6;253,2,-3;255,5,-2;261,2,0;289,-10,2;295,6,-12;301,6,-8;317,19,-2;319,3,-21;321,1,6;325,17,-2;335,-9,2;341,26,3;345,8,-6;351,6,2;357,13,-10;359,12,9;368,-44,741;370,57,-747;379,23,-4;380,-14,7;390,15,-3;422,17,-9;432,40,-24;446,1,-2;447,-33,4;448,13,-6
rua||joao meirinho|003|36301040|74,-2112593,-4425378;84,-8,-5;96,-9,-8;144,-24,-28;154,-15,-5;160,4,-7;164,-11,-9;174,-3,-2
rua||joao meirinho|bela vista|36301040|87,-2112596,-4425383;93,-8,-15;143,-25,-34;157,-9,1;171,-9,-19;179,0,-5
rua||joao mourao|centro|36300094|2,-2113187,-4426233;8,9,-15;10,-58,354;13,0,-13;14,35,-178;15,-35,196;18,-12,-32;21,11,9;25,-4,-1;26,37,-181;31,-46,174;32,-1,-9;36,112,-340;38,-106,337;41,-11,3;45,-1,-8;46,132,-350;48,-121,354;55,-7,-3;58,4,-9;60,-15,-4;62,12,-10;68,-3,-1;72,5,-8;80,-5,-5;94,7,-11;98,-2,-3;101,9,-33;104,-9,27;106,-1,0;116,-1,-13;122,5,-7;128,4,-1;132,1,-7;136,-3,-5;152,9,-8;164,1,-18;172,3,-4;174,-4,-5;180,4,-2;184,-1,-4;188,3,-2;192,2,-10;200,0,-2;208,6,-8;214,-3,-4;222,0,-11;226,-1,-1;234,0,-8;235,2,14;240,-6,-19;242,10,-8;245,-1,17;251,2,-22;256,-1,-6;259,-4,0;264,16,-8;268,-2,0;271,-13,3;275,6,-10;278,5,-5;288,6,-9;295,-13,5;300,16,-18;303,-15,11;315,4,-9;316,21,-6;323,-18,1;329,-2,-7;331,6,-6;451,46,-87
rua||joao rodrigues de melo|jardim central|36307642|11,-2114187,-4424278;20,13,-21;30,-7,-18;37,-3,64;46,26,-119;47,-40,118;50,24,-82;55,-17,114;65,-14,54;110,54,-216
rua||joaquim eugenio de mesquita|cidade nova|36301104|1,-2112146,-4425539;4,1,4;219,-43,51;221,7,-22;223,-4,7;227,6,-12
rua||joaquim eugenio de mesquita|fabricas|36301104|2,-2112273,-4425314;3,-23,-10;5,6,-8;7,11,-10;9,-3,-14;51,2,-6;52,10,2;61,-4,-12;64,13,1;67,-6,-5;69,-3,-7;78,16,0;80,-22,24;84,27,-24;93,-19,-2;94,23,-7;115,-1,-12;129,6,-15;131,10,-7;135,5,-6;140,-15,29;154,15,-21;165,14,-13;167,13,-8;168,-22,10;178,6,-6;180,3,-1;196,10,-20
rua||joaquim pedro de miranda|caquende|36316000|110,-2133355,-4454253;137,19,7;139,-8,6;200,-31,15;230,-72,50;235,16,-2
rua||jose monteiro|tejuco|36309558|20,-2115164,-4428053;30,-2,16;40,-4,15;604,-4,34
rua||jose ubiratan pinheiro machado|colonia do marcal|36302514|45,-2109707,-4422966;47,-7,25;51,24,-54;52,13,-19;56,11,-15;64,-21,33;66,5,-4;68,-12,19;72,-5,13;76,-6,7;161,71,-138;181,13,-20;214,-5,21;216,-1,-8;218,4,-31;220,-1,10;238,9,8;248,6,-7;258,10,-10;288,5,-14;322,-2,-8;351,7,-1;815,-46,65
rua||julio mario mourao|sao judas tadeu|36307032|15,-2112888,-4424708;24,-32,-9;39,20,3;45,-13,-5;57,-28,-1;111,-39,12;115,-13,-4;120,-9,-10;122,6,5;124,-8,-3;220,18,3;222,2,-1
rua||lauro mazzoni|fabricas|36301246|1,-2112094,-4424753;3,2,-3;7,0,0;9,0,0;13,1,-4;17,-1,-3;23,3,-7;29,1,1
rua||madri|cidade verde|36301273|3,-2111628,-4424999;4,1,16;5,1,-35;9,4,-1;10,0,32;14,4,-8;16,5,-5;26,5,-9;36,-9,-5
rua||manganes|colonia do marcal|36302182|9,-2111500,-4422244;10,15,-6;13,3,-7;19,-6,-16;20,11,7;29,-10,-13;30,9,6;39,-12,-14;40,9,2;49,-3,-9;50,3,-1;59,-4,-8;60,5,-5;63,-2,0;69,2,-11;70,3,-4;79,-4,-1;80,5,-5;89,-3,-6;99,1,-9;110,6,-9
rua||mangueira|colonia do marcal|36302360|73,-2110140,-4423402;241,-83,196;249,15,-13;251,9,-14;253,15,-11;255,-2,-20;257,6,-5;259,10,-10
rua||mantiqueira|colonia do marcal|36302670|75,-2109767,-4421226;88,27,-47;100,-20,27;136,-40,65
rua||marcal ferreira maia|senhor dos montes|36300394|13,-2112468,-4425973;15,4,-3;18,12,-7;23,3,-45;26,-7,32;28,15,-29;34,-10,17;44,-21,48;46,17,-35
rua||maria julia mufato|matozinhos|36307004|30,-2112803,-4424555;50,-4,3;53,-2,-5;57,2,7;60,-9,2;61,2,5;64,0,1;66,-8,3;303,43,-37
rua||mario mazzoni|tejuco|36309370|8,-2114305,-4427762;10,-5,-9;30,10,-31;104,-16,19;323,-79,-269;333,0,-20;343,-10,-5;353,1,-11;363,-4,-3;373,-8,-24;377,1,-10;383,6,-3;387,0,-3;400,21,61;402,-14,-26;404,0,-11;408,-6,-24;410,-3,-16;412,1,5;413,-10,-23;420,5,12;423,-8,-8;426,-1,-8;433,-11,-41;442,10,36;448,-8,-32;484,0,-28
rua||mario mazzoni|vila sao bento|36309370|3,-2114335,-4427860;26,15,49;107,-7,-10;110,-7,-47;144,-5,-18;150,13,72;152,-20,-88;154,6,8;156,-7,-10;158,1,-8;162,-5,-14;168,-6,-9;176,-2,-17;190,-6,-15;200,1,-16;302,-14,-25;306,1,7;312,-2,-27;392,0,21
rua||marmore|colonia do marcal|36305074|17,-2111618,-4422305;25,11,0;35,12,-2;45,11,7;55,10,0
rua||miguel fernandes morais|fabricas|36301224|10,-2112091,-4424616;14,0,1;20,-15,11;23,11,3;25,-4,1;33,-4,6;35,-3,11;38,-4,2;53,-2,10;56,-1,-6;57,-10,9;62,13,6;71,-5,8;75,2,8;76,-1,-8;82,-4,10;83,5,3;90,-13,9;99,2,14;100,-3,-12;102,-29,77;105,21,-57;110,4,-2;116,-5,-1;117,-1,8;121,-1,7;122,6,-10;137,-5,11;138,1,-6;147,3,18;154,-12,6;157,1,3;161,-8,15;166,7,-12;178,-4,12
rua||montezuma|senhor dos montes|36300256|15,-2112883,-4426670;25,16,-12;45,-7,5;47,8,-8;57,7,-1;59,16,-7;61,9,-3;63,14,-2;65,4,-3;76,6,4;77,-47,7;78,54,-11;80,-30,8;208,-42,17
rua||odete resende mattar|007|36307416|9,-2114412,-4426286;10,2,5;20,8,-25;33,-7,4;40,10,-6;43,-1,-1;53,10,-10;57,-3,-5;63,4,9;64,0,-10;65,3,1;70,1,-6;73,6,2;76,2,-5;83,-1,1;184,-36,47
rua||onice de carvalho moura|bonfim|36307736|1,-2114934,-4425626;2,9,4;7,-13,-6;11,-24,13;17,39,-17;25,6,-3
rua||orondino macedo|tejuco|36309502|12,-2114440,-4428183;20,-10,8;23,-11,12;25,-7,-8;28,6,5;36,-19,6;39,7,-4;95,-2,3
rua||oscar jose moreira|fabricas|36301252|3,-2112085,-4424870;5,32,-29;7,-19,24;8,136,-128;123,-33,29;181,-54,40;183,16,1;185,10,-7;187,0,-3;189,1,-5;191,12,-8;193,14,-20;225,16,-10;231,9,-10;251,22,-22;261,15,-16;271,6,2;281,10,-9
rua||paulo moreira|guarda mor|36309052|12,-2114632,-4426813;14,-21,-17;16,33,32;18,0,5;24,10,21;25,6,-3;28,0,-12;35,-7,10;53,-11,-15;59,-15,-6;97,-20,-26;105,-10,-21;120,0,-6;144,10,7
rua||renato mario mourao|sao judas tadeu|36307028|18,-2113003,-4424608;26,14,12;30,7,8;40,-16,-16
rua||rio madeira|matozinhos|36305078|8,-2112576,-4423346;10,-8,3;16,7,26
rua||rodrigues de melo|centro|36300016|4,-2113087,-4425562;7,16,-13;21,8,-5;29,8,2;30,-12,1;36,-1,-20;37,22,11;40,2,22;42,-10,-19;43,8,3;48,-3,-6;51,12,8;56,4,8;57,1,-12;60,-5,-7;63,16,7;68,-10,-3;70,11,2;73,11,-1;75,-6,-3;77,3,2;81,5,-7;86,-16,-5;87,20,7;93,6,1;96,4,4;100,5,-5;110,2,4;116,6,-5;118,0,-11;122,20,16;126,-1,-9;202,33,-9;208,15,-3;218,6,-4;222,13,-10
rua||rodrigues de melo|senhor dos montes|36300016|11,-2112857,-4425634;136,93,-48;138,9,-6;145,-188,100;159,6,-7;211,35,-20;213,9,-5;227,-2,-2;235,14,-6;245,12,3;255,5,3;259,6,-8;261,7,-6;267,7,-18;278,-10,10;284,4,2;300,5,-8;314,11,-4;369,78,-24;372,-50,16;376,4,-5;380,6,-5;602,20,-7
rua||romulo de almeida magalhaes|tejuco|36309314|25,-2114179,-4427166;29,-2,18;50,28,-18;55,-41,28;61,-8,10;63,-11,-1;65,-12,4;71,-3,4;78,24,-2;85,-36,21;88,15,-11;98,-5,5;108,-8,6;117,-16,7;118,3,3;120,-15,5;128,10,-8;130,-4,0;259,99,-77;261,32,12
rua||sebastiao dos passos melo|senhor dos montes|36300350|5,-2112661,-4426203;74,-37,-90;75,4,-1;84,8,20;91,8,9;94,0,33;95,-5,-31;189,5,0;191,2,8;197,12,17;207,-6,8;217,3,10;223,16,9
rua||silvio magalhaes|centro|36307388|2,-2113861,-4425750;6,-3,8;22,-7,2;33,-19,17;38,5,-7;42,-5,8;48,-12,2;55,7,8;71,-4,8;77,-11,7;81,-8,3;130,8,-14;140,-2,1;151,-53,56;154,38,-40;160,-11,-7;161,-38,56;172,38,-38;188,-10,3;198,-16,15
sitio||montevidiu|monte video|36301381|23,-2130330,-4405464
travessa||ester vilela magalhaes|senhor dos montes|36300374|25,-2112789,-4425820;35,-15,7;40,11,-1;42,-11,4;44,-15,7;46,1,3
travessa||jair braga machado|barro preto|36309570|74,-2114557,-4428363;80,-32,-5;90,4,-28;100,3,4;103,16,25;342,-216,-22
travessa||joao magalhaes|senhor dos montes|36300286|6,-2112884,-4426374;16,-1,22;18,-3,-16;22,4,9;40,-1,-13;50,1,18;412,-5,-31
travessa||mario mazzoni|tejuco|36309373|11,-2114322,-4427778;15,3,-11;17,-1,-4;23,-5,-4;39,2,-18;51,-3,-15;57,0,-5;65,3,15;81,-4,-7;89,-4,-12;93,-15,-37;97,-3,0;127,-2,-23;129,0,4;157,-1,-11;167,-1,-8;202,-7,-4;206,3,-5;208,-3,-8;217,-9,-40;225,20,60;276,-20,-73;295,4,-15;299,-5,-15;311,-6,-14;315,-8,-12
travessa||pedra menina|003|36301180|1,-2112887,-4424979;2,-2,2;3,-1,4;4,-3,7;5,-3,2;6,-6,3;7,5,5
