alameda||do romao|rio das mortes|36315000|48,-2118447,-4432696;50,-1,-11;52,-7,-18;60,-5,-22;66,-1,-1;68,-2,-5;86,-4,-2;93,12,27;95,-2,-2;97,-6,-20;99,-1,-6;100,-2,-12;103,-2,-2;107,-2,-20;109,0,-22;111,0,-2;114,-2,25;126,3,-15;128,4,-5;244,-52,-144;378,-4,-66;398,-18,-118
alameda||rosacruz|bonfim|36307205|40,-2113902,-4424830;44,-7,4;50,-19,30;123,44,-39
avenida||andrade reis|centro|36307320|21,-2113598,-4425784;25,12,-2;47,3,-11;49,6,-9;51,3,-4;55,6,-1;67,7,-6;73,6,-4;75,-3,-4;77,-1,-4;81,1,-3;120,29,-19;130,2,-1;138,6,-4;142,1,-4;146,5,-9;148,4,-5;156,1,-3;158,3,2;160,-10,-4;166,21,-16
avenida||braz pompeu de bartolomeu rizzuti|guarda mor|36309068|9,-2114615,-4426503;23,-17,17;27,-9,12;90,-18,24;107,-23,23;120,5,-2;147,-9,27;150,-6,-4;217,-52,76;233,55,-90;240,-45,78;317,15,-27;330,12,-5;340,-61,78;507,0,2;516,-1,-5
avenida||tome portes del rei|matozinhos|36305058|18,-2112697,-4423734;25,13,-1;33,12,5;37,6,-2;47,-2,-2;83,20,2;85,15,10;87,-13,0;89,14,0;97,15,7;101,-44,43;103,0,8;104,13,14;105,8,-35;106,-30,17;107,36,-36;108,-27,32;109,19,-19;110,-26,17;111,-5,-15;112,0,0;115,69,-37;127,5,1;167,32,8;177,18,6;185,8,-3;191,9,-12;195,9,10;201,-130,99;202,1,-28;203,-2,10;204,-4,-4;205,6,0;206,-14,-3;207,8,4;208,5,-2;209,4,10;210,-11,-10;211,9,-2;212,-8,-11;232,163,-54;262,17,4;270,13,-3;288,12,-1;298,6,2;301,-191,81;302,-12,-3;303,11,8;304,101,-45;305,-108,39;306,5,-1;307,1,-1;308,99,-41;309,-102,42;310,-16,-6;311,12,3;312,1,11;316,227,-80;321,-82,-20;322,-32,51;331,41,-52;339,1,0;341,10,12;343,-1,-9;359,37,13;373,-1,-7;375,4,-11;379,8,10;385,14,3;401,-224,86;402,-2,-4;403,-5,-8;404,5,2;405,2,4;406,3,2;407,-8,-4;408,0,0;409,2,-1;410,-1,1;411,6,3;412,1,0;461,269,-78;485,35,28;501,-314,44;502,16,8;503,94,-13;504,-102,11;505,-1,-3;506,0,0;507,2,5;508,-2,3;509,0,-1;510,5,4;511,168,37;512,-172,-40;601,-6,-10;602,-2,2;603,16,0;604,-5,-2;605,-1,6;606,3,13;607,9,3;608,0,-5;609,-4,-16;610,1,5;611,169,70;612,-171,-57;701,4,-9;702,0,2;703,1,-4;704,-1,-1;705,-9,3;706,-7,-1;707,9,-1;708,0,1;709,6,-1;710,4,8;711,-3,1;712,0,-2;801,13,-2;802,-14,-6;803,-13,-16;804,-8,5;805,17,15;806,-3,-7;807,7,5;808,1,4;809,-3,-3;810,-2,1;811,2,-3;812,12,0;901,-35,-34;902,-29,15;903,12,-11;904,17,0;905,1,-7;906,-6,-2;907,-11,-11;908,14,31;909,9,8;910,0,0;911,0,0;912,-35,-5;1001,33,-7;1002,-13,-26;1003,6,3;1004,-11,14;1005,5,-6;1006,-1,-13;1007,6,-5;1008,-10,22;1009,-4,-11;1010,-2,-2;1011,18,-4;1012,-2,4;1101,-6,40;1102,8,14;1103,7,-38;1104,-44,70;1105,21,-55;1106,22,0;1107,-1,-7;1109,-17,20;1110,-17,-8;1111,5,-4;1112,5,-16
avenida||vicente rosa|colonia do marcal|36303000|1,-2111114,-4422792;2,-5,1;11,5,8;12,-14,3;21,6,10;22,-8,-7;31,3,19;32,-8,-4;41,1,10;42,-9,-4;62,-14,34;72,18,24;82,-31,-7;92,-10,29;102,-4,5;112,-1,8;122,-15,20;132,-3,12;142,-2,17;151,-9,22;152,-4,-4;161,2,1;162,-11,4;171,4,14;172,-10,-5;181,-8,32;182,-1,-12;191,-7,20;192,-2,-3
estrada||do rincao|sao sebastiao da vitoria|36314899|9,-2122562,-4443916;11,-411,345;278,1044,-633
estrada||real|goiabeira|36315000|310,-2120220,-4435930;316,16,3;320,1,27;324,-12,-4
povoado||recondengo|recondengo|36300001|2,-2108691,-4425707;3,107,12;4,-23,-20
praca||severiano de resende|centro|36300080|12,-2113596,-4426146;52,-25,-31;64,-6,-19;66,7,-16;68,-10,13;70,-9,8;78,-1,1;82,-3,-4;84,-2,-5;88,-7,-1;94,-4,-7;98,-2,-1;102,-9,-3;106,-4,-4;110,5,1;130,-3,-1;134,-6,-3;138,-8,-10;140,-2,-8;146,-5,-10;154,-2,-3;158,1,1;160,-4,-2;164,0,-3;168,-5,-5;172,0,0
praca||souza resende|solar da serra|36300001|107,-2109899,-4422158
praca||souza resende|solar da serra|36302614|123,-2109868,-4422156;129,13,12;139,6,14
rodovia||ritapolis sao joao de rei|colonia do bengo|36300001|60,-2107473,-4429386
rodovia||ritapolis sao joao de rei|colonia do bengo|36314899|190,-2108122,-4428088
rua|barao|de sao joao del rei|matozinhos|36305054|11,-2112663,-4423865;13,9,-23;20,-6,20;26,-3,-18;27,10,6;28,18,4;30,-13,4;33,11,-22;44,-5,31;48,14,-5;49,-1,-8;53,7,-8;54,-7,16;55,-3,-50;57,2,-7;59,-1,50;75,21,10;77,8,7;78,0,13;90,8,7;95,-5,-17;107,19,-3;114,9,0;115,-3,5;116,7,-6;121,-18,3;126,22,-1;133,-5,2;137,4,3;142,24,10;150,6,-5;153,-15,-2;157,15,8;159,3,-2;163,8,1;166,0,-2;173,1,9;177,6,3;184,1,-7;189,3,6;197,11,-3;212,15,15;226,5,-5;230,6,5;236,0,-4;237,-4,0;243,21,9;245,0,13;248,2,-17;264,10,11;274,10,-5;275,1,-8;279,-3,26;283,4,-7;284,11,-7;285,-5,15;295,14,-4;300,-9,-7;302,18,6;311,-8,22;316,19,-22;325,-18,-1
rua|doutor|antonio da silva rios|vila marchetti|36307220|12,-2113396,-4425239;16,12,1
rua|doutor|blair simoes ribeiro|bonfim|36307761|2,-2114810,-4425707;8,-35,23;10,-18,22;14,17,-11
rua|doutor|cid de souza rangel|centro|36307318|2,-2113521,-4425643;4,2,-3;16,-1,5;18,8,6;26,4,-4;30,0,8;32,4,-3;36,6,8;43,-81,-98;46,83,100;84,-103,-102;101,73,61;180,-8,9;190,-3,-4
rua|doutor|eloi reis|matozinhos|36305152|1,-2112718,-4424154;3,-13,1;5,-188,-239;6,52,85;7,142,151;9,-195,-231;11,191,223;15,-126,-129;25,-58,-88;27,78,101;35,-64,-91;40,16,46;50,-8,2;52,11,8;55,-26,-52;60,45,64;66,13,3;70,-4,8;74,8,8;85,69,76;86,9,-15;160,-65,-19;167,-8,-16;169,-20,-16;171,17,2;175,-28,-10;187,-8,-6;247,-16,-14;249,18,14;251,-23,-25;253,5,-12;257,-10,6;259,-4,-4;345,-45,-71
rua|doutor|francisco moreira da rocha|tejuco|36309090|22,-2114180,-4427027;23,-16,14;77,12,-4;81,-16,9;103,-18,6;107,-5,5;135,5,-5
rua|doutor|ivan de andrade reis|matozinhos|36305070|23,-2112826,-4423350;31,6,4;33,10,6;51,22,12;53,-11,-5;57,6,2;65,7,9;79,23,7;81,10,1;83,24,15;111,6,-1;119,6,12;121,1,-8;125,14,7
rua|doutor|ivan de andrade reis|matozinhos|36314899|10,-2112842,-4423306;12,2,-17;36,25,-14;40,-4,5;46,15,-3;54,0,-3;56,14,-5;60,-2,10;80,13,15;82,4,-6;98,5,11;100,18,-3;110,-2,4;150,18,7;160,7,6;164,2,-1;168,4,-2;172,11,5;180,7,-7;184,2,0;190,10,16;200,0,2
rua|estudante|francisco de paula resende|fabricas|36301218|3,-2112221,-4424660;5,2,14;6,-6,-2;7,1,4;8,-4,-8;9,3,18;10,-5,0;11,4,5;12,-1,0;13,-5,5;14,-1,6;15,0,1;16,-12,-3;17,7,15;18,2,22;19,-1,-19;20,-6,3;21,1,10;22,-2,-6;25,-6,10;30,4,8
rua|expedicionario|francisco batista rios|matozinhos|36305180|30,-2113260,-4423843
rua|expedicionario|francisco batista rios|matozinhos|36305202|19,-2113161,-4423762;24,245,231;27,-235,-220;39,9,8;50,-58,-35;52,64,39;53,-57,-50;55,-33,-26;56,26,30;57,-15,-14;58,11,7;60,-10,-2;62,-6,-14;64,-2,0;67,328,305;68,-331,-322;72,-77,-38;74,186,142;80,-5,-2;88,246,228;92,-291,-261;98,58,46;101,152,143;102,-5,-9;103,-95,-92;104,-49,-40;112,20,20;120,-79,-64;123,8,-4;124,67,64;130,-70,-59;132,5,26;145,182,141;160,-142,-129;162,-3,-8;179,64,75;190,-15,-13;191,14,3;192,-16,-11;193,30,23;194,-11,-6;195,39,26;201,-11,-8;204,-1,8;212,7,4;340,101,97;411,46,37;419,5,9;425,4,-2;428,12,20;437,1,-10;439,8,5;444,-88,-70;447,92,72;448,-76,-73;455,75,85;457,1,-4;462,-25,-14;480,-147,-138;489,4,-5;501,2,5;509,17,5;532,147,147;536,-146,-131;567,17,12;571,7,-2;573,4,4;575,-6,-3;591,0,25;595,10,-3;601,10,-8;644,35,31;647,3,11;650,5,-7;661,-3,16;662,1,-7;664,12,-2;672,-8,22
rua|farmaceutico|desiderio rodarte|centro|36300014|14,-2113003,-4425569;15,2,-1;16,-3,3;18,-7,0;27,13,10;37,-3,15;45,-2,8;48,0,-8;55,2,19;61,5,0;70,51,-43;71,-46,33;74,-9,15;75,7,-1;80,1,-5
rua|fiscal|januario ramos|003|36301316|18,-2111763,-4424547;20,5,-14;26,2,-4;36,0,-3;38,3,-9;39,-3,15;50,5,-15;54,1,-5;55,5,9;56,-2,-17;59,-2,9;62,28,-29;63,-22,20;123,20,-44;127,-4,-17;131,4,-16
rua|fiscal|januario ramos|fabricas|36301316|57,-2111718,-4424680;98,-6,28;108,-12,16;114,7,-11;118,7,-3;140,9,-18
rua|fiscal|jose casemiro rios|centro|36300008|5,-2113003,-4425416;18,5,-3;30,8,0;31,2,1;34,2,0;35,0,-11;37,1,4;42,12,8;44,1,2;46,6,-6;50,-24,0;53,21,-2;59,8,-6;60,0,-8;62,13,-1;63,-2,-23;67,1,34;69,3,-15;70,0,-5;74,0,1;76,6,-6;88,-6,-9
rua|maestro|assis republicano|matozinhos|36307016|8,-2112783,-4424668;78,-20,-24;84,6,16;88,5,4;89,-4,-9;90,-42,-71;106,0,2;112,7,14;116,-4,-12;126,-8,-11;134,-8,-13;199,18,37;211,-7,-12;228,-1,-13;245,-7,-11
rua|maestro|teofilo inacio rodrigues|vila marchetti|36307226|22,-2113354,-4425234;46,26,26;47,2,0;50,8,14;137,44,50;144,-25,-26;146,15,12;147,6,3;150,2,12;151,5,10;160,4,4;167,-6,22;175,-34,-85;177,-13,-2
rua|padre|lourival salvo rios|centro|36300138|30,-2113506,-4426187;46,11,-14;48,3,-10;52,-2,-1;60,7,-4;62,-6,-12;64,9,4;77,3,-10
rua|padre|rocha|tejuco|36309002|9,-2113821,-4426478;11,-9,-4;13,-7,2;15,3,0;17,-4,-5;19,-20,1;33,-4,-42;47,-41,-87;51,3,6;53,16,7;55,4,11;57,-20,-44;59,-10,1;65,33,47;75,2,15;85,-2,15;91,-5,10;104,-21,-132;105,-16,-5;163,-9,-4;171,-9,-15;173,-4,-11;179,-8,-10;183,0,-5;197,-10,-20;199,-22,1;231,-8,-25;235,9,-9;245,0,-7;249,5,-8;253,-14,2;263,-45,-113;277,42,90;299,-29,-46;301,3,-12;325,0,-19
rua|professora|maria marlene de resende|jardim central|36307172|56,-2113780,-4424294;59,9,9;66,-5,5;67,0,9;79,73,27;100,-59,-8;130,20,28;855,28,-24
rua|professor|geraldo luiz oliveira de resende|guarda mor|36309072|12,-2114450,-4426443;20,-8,2;75,-20,53;90,-26,3;120,-25,43;125,18,-16;130,-18,15;134,68,-86;140,-73,91;225,69,-86;288,-87,120
rua|professor|pedro raposo|centro|36307400|15,-2113815,-4425750;22,-14,-1;25,4,3;29,-6,7;36,-5,-4;44,-11,2;46,-3,1;53,4,10;56,-2,-6
rua|sargento|agostinho silva rios|tejuco|36300202|7,-2113444,-4426752;21,5,3;31,8,-6;41,9,0;47,7,-2;49,16,-2
rua|sargento|agostinho silva rios|tejuco|36300219|18,-2113448,-4426750;40,24,-11;48,10,12;50,16,-9
rua|sargento|orlando randi|fabricas|36301198|17,-2112416,-4424755;22,-4,-1;23,2,8;32,-23,13;33,11,-12;43,-2,7;52,-17,18;55,2,-14;57,-3,9;63,1,5;65,-2,8;67,-1,2;70,-6,0;75,-1,22;82,-2,-23;92,-8,15;104,-4,14;111,-5,0;114,-6,3;120,7,6;123,-5,-7;127,-14,2;167,-1,38;170,-20,-4;172,8,12;174,-5,-6;176,-24,-30;180,22,47;184,-7,-1;188,-5,-9;196,-1,7;200,-7,8;212,3,1;216,-22,22;220,13,-16
rua|sargento|wilson ramos|centro|36307378|15,-2113797,-4425643;18,-1,-2;20,-5,-3;28,-37,-41;38,-3,-8;44,-1,-1;58,-4,-18;68,-2,-8;94,-8,-8;108,15,21
rua|tenente|esau de assis republicano|solar da serra|36314899|41,-2110200,-4421980;42,-4,12;43,8,-4;44,4,8;46,7,1;48,9,2;50,6,9;51,2,-5;59,23,10;65,2,9;66,-23,-11;67,21,22;69,21,3;70,-28,-13;79,47,26;80,-7,1;82,1,7;100,24,0;110,15,22
rua|vereador|roberto de lourdes resende|bonfim|36307470|8,-2114887,-4426030;27,8,-8;29,0,8;30,-11,3;35,7,6;49,0,0;52,-20,15;57,8,6;60,-5,4;69,0,4;72,-9,10;82,-4,2;91,9,-3;111,-10,18;112,-15,-4;113,6,24;115,-3,5;141,749,82;145,-762,-68;151,-23,31;160,7,-6;161,-14,11;170,0,-6;171,-9,10;180,8,-10;181,-18,17;190,5,-6;191,-9,7;200,-2,-7;201,-5,9;210,4,3;211,-10,2;220,-3,-10;221,-7,12;230,-2,-4;240,-9,5;250,-8,-1;260,22,-5;270,-36,14;280,-11,3;290,-6,5
rua||alberico resende|fabricas|36301359|5,-2111000,-4424450;15,-12,-28;21,-1,-14;27,-1,0;33,-3,-8;41,-9,-9;45,-2,-14;55,-20,-16;60,34,41;65,-25,-37;80,-14,-20;95,0,9;101,-9,-16;120,8,12
rua||alfredo luiz ratton|centro|36307332|6,-2113630,-4426054;10,-2,-1;16,-2,4;22,-5,5;28,-15,-11;100,-31,57;108,-15,3;111,4,5;116,-6,2;120,-3,3;128,-4,1;133,-4,-2;141,-7,13;143,-9,-4;159,-1,18
rua||alzira almira de resende|jardim montese|36302653|210,-2110281,-4421600;220,10,8;230,8,4;240,9,8;250,9,7;257,58,24;263,6,5;267,6,9;300,-66,-36
rua||alzira almira de resende|solar da serra|36302653|111,-2110341,-4421655;123,27,20;186,21,28
rua||analia lancetti randi|bom pastor|36305276|4,-2113736,-4423421;23,0,3;27,-14,5;29,0,8;31,-2,-1;33,-15,16;35,-5,7;37,-28,24;39,38,-38;105,-36,46;109,6,-5;150,-70,63;198,-1,9;210,-15,24;218,-6,6;220,0,3;224,-10,3;226,1,0;228,-13,7;230,-2,12;302,-24,31;306,-7,-9;308,-18,-17;330,17,33;332,19,-14;334,-25,7
rua||analia lancetti randi|matozinhos|36305276|9,-2113708,-4423456;10,-105,119;17,91,-101;205,-111,107;209,3,7;215,-13,31;217,-2,-1;225,-15,16;237,1,13;265,-3,-9;269,-9,6;271,-13,3;291,-8,37;293,-20,6;295,9,0;299,-9,8;303,3,6;307,-8,-5;309,-10,5;313,-1,5;315,5,17;317,-3,-5;327,-7,-1;337,-8,5
rua||antonio josino andrade reis|centro|36307308|48,-2113182,-4425579;75,-33,-25;91,23,16;125,2,44;130,16,6;200,-3,70;205,4,-18;218,15,15;229,10,12;232,-6,26;234,1,1;293,10,41;304,-11,13;307,2,4;315,1,0;320,2,4;381,19,58;382,4,-4;411,-2,34;428,3,10;432,4,1;443,6,18;450,-5,14;454,4,-5;471,0,6;492,2,14;494,-4,10;506,8,5;512,-5,15;516,16,3;517,-11,3;518,4,-8;528,1,14;535,7,31;553,-4,7
rua||antonio lombelo rocha|sao judas tadeu|36307024|9,-2113151,-4425023;26,4,5;36,12,15;37,61,67;38,-53,-64;78,13,29;86,2,12;87,26,9;90,-18,-15;98,2,15;147,33,20;148,-7,8;157,12,2;162,-7,-10;163,18,20;164,-12,-2;170,0,1;175,20,13;205,12,17;211,3,4;226,-6,-9;227,14,16;229,20,19;230,-34,-28;231,41,39;232,-32,-28;235,30,30;237,0,9;240,-13,-17;242,6,5;245,19,9;246,-11,0;250,6,2;255,12,9;299,0,14;305,8,9;313,-1,5;318,-1,-8;330,3,8;350,11,15;360,3,18;390,5,18;400,8,14;445,-19,-47;447,-11,-14;451,20,34;455,4,8;459,1,14;500,-12,46;520,-10,14;528,-3,18;538,1,3;540,-1,1;546,-13,12;549,16,-18;553,-7,14;557,-8,4;565,-9,9
rua||antonio onofre da rocha|guarda mor|36309036|16,-2114350,-4426581;17,169,192;18,-5,7;20,2,4;27,-9,2;29,6,10;30,-4,-2;32,-11,-8;33,5,11;40,3,-1;44,-3,5;54,-10,3;55,8,1;57,-3,5;58,-2,12;61,-9,-4;62,12,1;64,-21,8;67,12,0;79,-6,4;81,-3,3;88,-9,10;89,-2,15;95,4,-11;96,-29,-8;98,3,-11;99,24,38;130,-22,-21
rua||antonio reis|tejuco|36309610|1,-2115172,-4428383;2,-1,0;11,-1,3;12,2,-1;21,-2,-2;22,2,2;31,-20,9;32,20,-11;41,-101,20;42,96,-18;51,-10,6;52,-3,0;61,-9,10;71,-5,2;81,-9,10;91,-14,7
rua||antonio rocha|centro|36307304|1,-2113248,-4425652;17,3,16;27,0,14;39,10,10;53,-6,6;63,-6,15;75,7,1;79,2,13;87,-4,4;89,5,7;91,8,-3;93,-5,7;107,3,9;113,1,7;115,3,6;125,-7,3;131,6,3;139,3,8;165,9,20;175,11,15;179,-2,4;187,2,7;195,-7,8;205,14,8;209,-5,5;219,3,1;223,6,7;229,0,6;243,3,8;247,1,8;255,0,8;261,0,9;271,3,4;293,10,30;303,4,-2;307,18,7;315,-23,-3;319,12,20;325,-1,8;329,-2,-9;343,-1,18;353,2,16;366,-162,-429;367,162,435;379,6,12;381,0,2;391,-1,13;397,5,3;411,4,9;421,-2,12;427,2,5;435,5,12;443,0,3;445,15,92;447,-16,-87;455,7,11;457,-5,2;461,-4,0;465,0,1;471,2,7;473,2,9;485,5,6;491,-10,-2;497,14,9;503,-4,8;509,0,4;511,8,9;517,4,6;523,1,5;529,-5,4;533,6,23;545,-11,-11;549,12,7;555,-5,12;569,9,12;597,5,15
rua||aristides teodoro ribeiro|colonia do marcal|36302015|2,-2111251,-4423382;3,7,10;4,8,-20;5,-7,18;7,14,-12;8,-4,-12;9,7,9;10,1,-14;11,4,10;12,5,-17;14,4,-2;15,5,13;16,1,-26;17,3,15;18,4,-13;19,6,10
rua||armenio reis|guarda mor|36309028|15,-2114091,-4426501;21,-9,0;25,0,-9;35,-121,-26;55,110,37;59,2,-3;65,-13,-8;69,-4,-1;85,-11,3;99,-18,-11;127,-16,-2;129,-2,-5;139,-4,-2;140,2,0;141,-18,1;170,-13,5;179,77,6;191,-101,-24;193,-12,2;195,-7,-1;198,0,-9;199,-8,10;203,-16,-10;215,-9,0;218,6,2;222,2,-4;224,-9,-10;245,-24,2;249,-9,-2;259,4,23;263,27,-13;277,-8,3;285,-10,-6;287,225,47;338,-244,-49;339,-8,3;342,5,-2;343,-9,-8;346,2,-1;354,-4,8;360,-7,-11;362,-3,4
rua||ateclinio lucas rodrigues|tejuco|36309380|9,-2114363,-4427831;15,7,-11;21,6,0;27,7,4
rua||aureliano raposo|centro|36300054|2,-2113199,-4425942;3,-2,39;5,-12,1;6,15,-141;7,7,136;8,-24,9;9,35,-12;12,-22,-24;16,-35,-101;23,21,2;26,-3,0;29,7,131;30,12,-42;31,-8,47;32,-5,-56;33,7,10;34,-10,-3;35,9,-80;37,0,97;41,9,-98;45,3,-2;47,1,-9;54,6,21;56,5,-5;82,-5,105;87,18,-94;94,49,47;113,-39,9;118,-15,6;119,10,-17;127,3,-23;140,-13,17;145,18,-36;152,-26,22;154,12,-2;171,-1,-22;175,-6,-6;227,-9,-9
rua||benjamim de resende|senhor dos montes|36300354|3,-2112600,-4426289;13,2,-34;16,103,159;19,-101,-179;41,-2,1;48,188,306;50,-6,-36;51,-178,-261;58,176,246;60,12,10;61,-195,-226;64,192,222;68,0,-10;70,-14,-11;77,-183,-178;94,183,178;100,-183,-256;102,132,198;103,-125,-108;113,-1,14;116,-5,-2;117,88,54;119,2,6;120,-81,-140;122,-8,84;123,8,2;125,8,-73;126,146,189;128,-83,-77;130,-68,-100;131,0,-5;132,-13,79;133,11,-1;134,-25,7;135,20,17;141,20,3;142,-25,-21;145,35,22;150,-20,-79;152,-12,66;161,51,8;164,-44,3;168,-2,17;169,51,-20;172,-32,15;177,40,-15;180,-40,26;194,9,-15;204,12,0;216,20,17;225,25,1;229,12,6;238,0,9;239,9,-3;240,-27,-19;242,26,30;244,-11,-20;247,-99,-97;253,124,131;258,-50,-39;261,64,39;265,-138,-131;268,82,86;314,36,48;370,23,7;398,12,10
rua||carvalho resende|centro|36300032|30,-2113193,-4425742;35,-2,9;39,1,6;47,4,5;51,9,3;57,-7,5;60,2,0;61,11,8;74,4,-3;76,-2,1;78,0,6;80,6,4;84,-2,1;88,3,5;90,-1,5;100,-2,6;107,5,12;110,-3,1;115,3,-1;117,0,9;118,1,-5;123,3,7;130,-1,9;135,5,5;140,-7,-10;141,9,16;146,13,24;148,-8,-21;151,-4,0;161,6,5;162,9,2;164,-25,18;167,19,-16;172,10,6;173,-4,6;177,0,-1;178,8,-2;180,6,7;181,-4,2;185,-4,1;188,8,1;194,6,3
rua||celso jose de resende|colonia do marcal|36302270|8,-2110840,-4422666;10,16,1;13,7,5;15,15,5;20,-20,1;27,32,8;33,3,0;47,-23,-4;60,5,-1;70,18,9
rua||das rosas|pio xii|36305274|1,-2113743,-4422838;4,31,-37;6,-7,13;9,-14,2;10,35,-22;11,-21,13;12,-11,12;14,-2,10;18,-8,5;23,34,-49
rua||domenico randi|colonia do marcal|36302476|20,-2109927,-4423104;41,-14,25;51,-10,12;55,14,-19;83,21,-35;91,-14,17;95,7,-6;97,13,-14;99,-9,-9;101,8,0;103,6,-6;105,1,-20;115,1,-2;130,-17,46;132,5,-10;140,9,-6;148,5,-18;164,14,-14;170,0,-4;210,11,-16;225,-14,7;227,38,-60;229,-24,34;231,4,-8;251,11,-7;253,8,-16;260,6,-3;262,-6,12;264,5,-8;266,-15,24;267,12,-32;268,-16,40;269,17,-42;270,-21,50;271,26,-62;275,8,-8;281,5,-2;282,-7,10;287,11,-21;290,-8,15;291,7,-15;293,-1,-3;298,-3,11;302,0,-5;308,11,-7;309,2,-11;312,-2,-9;314,8,-2;316,-6,12;317,1,-3;318,2,-3;319,7,-4;320,20,-35;321,-17,23;322,2,-3;323,1,3;324,7,-10;326,9,-18;327,-9,6;328,-6,21;329,9,-37;330,10,2;331,2,-1;332,1,-6;333,-1,-6;334,62,-96;335,-59,94;336,14,-9;337,-8,0;338,10,-13;339,3,1;340,42,-75;341,-44,69;342,5,-8;343,10,-12;346,-18,36;360,67,-115;368,-8,10;370,10,-12;372,5,-20;380,10,-8;432,-33,48;444,-60,97;452,1,8;458,31,-45;460,-2,4;474,5,-12;500,2,-3;504,0,-4;515,-4,8;605,2,-11;615,3,6;623,21,-45;625,2,-10;627,7,0;635,4,-9;643,2,2;645,7,-10;647,-4,-5;651,7,-12;662,0,-3;665,10,-12;672,-20,21;680,18,-12
rua||domingos eugenio dos reis|tejuco|36309580|21,-2115284,-4428356;31,-1,-3;41,-2,5;51,1,-6;61,0,0;71,0,0;81,0,0;91,0,0;101,0,0;111,4,-7;121,1,1;151,-1,-1;161,1,1;171,0,1;181,0,0;191,0,0;201,0,0;202,-1,-52;211,-3,-18;212,6,4;218,-2,-4;221,41,-107;222,-19,66;231,-23,29;232,4,1;241,-2,-16;242,9,9;251,3,-17;252,7,9;261,-3,-21;262,13,4;281,33,-120;291,-34,88;301,3,-10;311,3,-12;321,-41,92;331,47,-108;341,8,-10;351,-4,-8;361,7,-6;371,6,-11;381,9,-12;391,0,3;401,3,-14
rua||edgar resende rios|tejuco|36309110|12,-2114432,-4427219;85,10,38;91,-6,-19;123,88,171;125,-3,-13;127,-42,-91;133,4,34;135,5,5;143,-2,12;145,4,14;147,9,15;157,-26,-96;256,4,31
rua||elpidio antonio ramalho|jardim central|36307633|5,-2114247,-4424338;10,-47,104;15,42,-90;16,-7,-5;17,1,14;23,-7,17;25,3,-18;38,-9,7;44,-2,22;78,-12,23;81,17,-34;91,6,-4
rua||francisco das chagas ribeiro|sao sebastiao da vitoria|36314899|520,-2124728,-4441720
rua||francisco das chagas ribeiro|sao sebastiao da vitoria|36316000|3,-2124452,-4441581;5,0,0;7,23,5;9,-41,-12;11,-6,-4;13,63,32;19,-81,-34;20,-11,3;21,-4,18;25,3,-26;26,-6,8;43,90,19;51,-126,-1;53,134,9;54,-121,-37;61,90,27;62,-117,-19;66,56,-6;70,-58,4;80,-5,-17;86,43,4;90,-56,-6;92,59,8;94,-25,-7;357,-46,-19;376,-19,-10;380,-3,4;383,-6,4;385,-4,-1;390,-15,-3;402,14,-12;404,-20,5;408,-7,-2
rua||francisco reinaldo|tejuco|36300196|21,-2113476,-4426695;25,6,-8;27,6,5;29,7,2;100,22,-5;105,47,-4;108,-41,5;110,-30,4;112,18,-4;114,16,5;116,4,1;118,3,-14;120,2,2;134,-66,6;135,77,0;150,-3,2;158,20,-9;168,4,5
rua||geraldo ribeiro de resende|003|36301310|90,-2111920,-4424710;94,3,-1;98,4,-7;100,2,0;144,-5,-10;154,6,-5;164,2,-11;184,8,-37;190,-7,-6;191,9,-5;192,-3,0;195,20,-34;212,5,-3;213,1,-11;215,-16,18;216,12,-23;217,-6,14;221,22,-14;223,-11,-9;288,-27,90
rua||geraldo ribeiro de resende|fabricas|36300001|218,-2111869,-4424884;219,4,18;220,1,-24;222,-6,-6;224,4,2;225,-6,-6;235,5,9;245,-1,-10;255,11,-15;270,2,-17;340,19,-68;344,8,-6;350,1,-5
rua||geraldo ribeiro de resende|fabricas|36301310|333,-2111834,-4424986;355,2,-16
rua||geraldo ribeiro|colonia do bengo|36300001|44,-2109329,-4426348
rua||geraldo teodoro de resende|tejuco|36309112|3,-2114166,-4426932;8,-1,-6;9,-18,2;12,17,-3;19,-40,1;38,-41,-25;40,-229,-134;42,220,122;80,-27,-25;92,-57,-54;145,214,118;179,-136,-30;189,-15,-6;199,1,-4;201,-22,-6;220,-99,-205;221,94,197;230,-99,-206;488,-4,176;515,-18,-1;589,-25,-26;591,-9,-8;607,-2,-7;609,-14,-12;613,-8,-12;800,26,21
rua||geraldo teodoro de resende|tejuco|36309120|14,-2114556,-4427201;15,-7,6;17,2,-8;18,-2,1;27,-5,-8;32,2,-9;37,-4,-5;38,0,-6;42,-6,-18;47,-2,15;57,-6,-3;65,15,-18;940,56,118;943,4,11;960,-8,-21;965,-1,12;980,-7,-26;985,-12,1;1000,-4,-10;1005,-82,11;1010,75,-20;1025,-16,2
rua||inez augusto ribeiro|arcangelo|36318000|15,-2130584,-4431783;17,2,6;25,-13,-60;27,11,22;30,-10,-15;54,10,58;80,-12,-104;81,-6,-32;82,12,-8;83,-6,22;84,4,-29;85,-17,-3;86,12,-2;92,12,38;120,7,37;136,-15,-8;151,-6,-10;180,17,0;184,-6,-17;220,8,80;222,1,20;244,-27,-158;247,-7,-13;251,-10,-25;255,12,43;257,9,22;387,-14,-56
rua||jesus evilasio de resende|003|36301050|3,-2112512,-4425693;7,9,-7;11,6,-2;13,9,1;15,6,-7;387,-48,22;389,5,6;399,-3,-8
rua||jesus evilasio de resende|fabricas|36301050|8,-2112484,-4425704;10,64,-27;18,-7,-17;20,18,3;24,12,-9;26,20,-7;28,3,-5;29,-70,34;32,78,-38;33,-68,33;45,22,-5;51,1,0;55,13,-7;57,7,-5;61,-1,-10;65,19,-5;67,4,-1;69,11,2;77,15,-14;79,1,-1;80,-13,7;90,-115,66
rua||joao batista resende|colonia do marcal|36302652|337,-2110195,-4421467;339,-3,8;340,-22,41;355,-2,7;415,-4,10;632,23,-55;798,18,-28;827,-42,73;853,21,-36
rua||joao batista resende|jardim montese|36302652|22,-2109944,-4421826;32,-2,7;38,-12,14;48,-6,13;72,-20,25;74,-3,0;240,-21,37;244,-4,4;246,-26,33;248,21,-26;252,-26,31;258,-4,12;260,-19,36;264,-5,8;266,-11,13;276,-31,35;296,9,-8;300,-39,43;304,-9,1;306,3,9
rua||joao batista resende|solar da serra|36302652|11,-2109926,-4421849;17,-4,9;19,-4,12;21,-16,-1;23,0,17;27,-2,4;35,-14,22;47,35,-63;53,-43,67;95,-14,2;97,6,17;101,-8,19;145,-11,9;155,-2,9;217,-78,113;235,45,-75;237,-10,25;263,-17,25;269,-3,9;285,3,8;289,0,-12;297,-75,83;307,-9,12
rua||joao evangelista ramalho|matozinhos|36305164|13,-2112779,-4423894;18,-6,2;20,9,14;22,-12,-5;33,1,11;35,-14,-16
rua||joao rosa|senhor dos montes|36300268|7,-2113008,-4426398;20,18,-44;22,2,24;27,-2,-20;28,0,18;31,-7,-26;32,-29,-77;34,37,99;36,-5,-12;38,-35,-89;40,-34,-49;41,21,37;44,-20,-43;46,22,41;55,-18,-19;56,16,17;61,47,84;67,-9,-25;69,2,6;70,-71,-118;71,60,103;82,-66,-117;85,43,82;90,-48,-90;96,-9,-13;100,105,170;101,-99,-160;111,-5,-6;119,-2,-5;120,103,178;149,-104,-181;165,48,93;204,23,22;211,-93,-172;240,7,8;250,-9,-11
rua||joaquim quintino dos reis|bom pastor|36305196|11,-2113049,-4423298;23,-6,2;27,-3,1;33,-148,220;155,74,-121;181,-28,34;197,-8,7;268,122,-147;270,-7,1;280,-5,9;290,-22,-3;298,7,13;307,7,-4;311,2,6;320,-15,6;321,3,11;324,-4,-9;326,-10,13;331,3,4;336,-6,5;344,-32,41;347,37,-44;350,-40,52;352,23,-44;355,7,-2;356,-1,-1;362,-16,12;367,17,-11;372,-2,17;377,0,-1;393,-29,21;401,-1,9;460,-34,35;470,-4,5;480,-8,6;490,-5,6;498,-5,7;505,51,-56;507,-5,0;510,-49,70;539,-87,105;541,4,11;559,48,-75;579,-5,10;593,-7,7;603,-8,11;615,-4,6;645,-11,16;660,-21,11;670,-15,15;675,14,2;680,-21,10;683,4,-6;685,5,9;690,-15,7;694,-3,7;695,26,9;705,-28,-6;711,168,-212;713,2,10;714,-9,-7;715,5,7;718,-6,-2;719,5,9;720,-6,0;721,3,9;727,-19,-5;729,23,0;747,-24,18;753,-7,12;800,-132,151;819,121,-144;822,-132,156;826,-11,10;832,-7,12
rua||joaquim quintino dos reis|matozinhos|36305196|7,-2112770,-4423627;8,15,-1;13,-28,5;14,29,-18;20,-14,5;26,1,3;30,0,1;37,-100,109;38,104,-111;44,-7,15;48,-16,0;50,-119,139;52,116,-128;54,-126,131;56,123,-129;60,-4,2;61,-114,137;64,-18,20;65,11,-19;66,2,1;68,101,-126;70,-112,136;71,7,-2;72,-17,14;73,14,-8;77,110,-128;79,-6,7;80,-9,-5;83,-105,131;88,-15,25;89,14,-18;92,108,-132;95,-109,131;103,-12,12;107,-3,9;110,118,-144;122,-13,12;126,-126,159;128,132,-163;129,-135,173;130,-13,1;132,141,-172;134,-3,1;136,-150,178;137,14,-7;140,137,-163;141,-135,137;142,122,-133;144,-65,89;145,-49,57;147,-21,20;150,-8,15;151,168,-206;152,-32,39;154,-1,1;159,17,-19;160,-25,31;161,-136,155;167,138,-155;170,2,7;215,-139,153;217,-6,0;218,-1,11;219,4,0;220,-9,8;221,6,-2;222,-10,7;225,-2,8;226,2,-5;232,-2,-2;420,13,-12;520,-193,226;535,179,-217;550,-189,227;552,-7,12;600,-7,9;608,-11,11;610,2,-5;640,-28,32;650,12,-10;656,2,-3;672,355,-424;856,84,-98;941,8,-10
rua||joaquim rocha|tejuco|36309613|1,-2115205,-4428416;2,-2,-5;11,4,-1;12,6,-2;21,-11,4;22,2,1;31,-2,0;32,-6,4;41,8,-3;42,-22,12;51,16,-4;61,-7,2;71,-14,9
rua||jose carvalho resende|tejuco|36309354|70,-2114336,-4427703;704,-10,12;709,1,-6;711,-24,21;715,43,-33;720,-35,22;735,49,-41
rua||jose raposo|jardim central|36302820|12,-2114089,-4424150;14,8,-18;15,3,-15;18,30,-131;30,31,10;40,-27,9;86,13,-52;200,-40,145
rua||maria amelia de resende|sao judas tadeu|36307040|8,-2113125,-4424979;16,-7,14;36,-17,-4;37,3,14;39,1,-7;42,-7,-6;44,-10,10;49,-4,8;50,16,-11;52,-18,14;65,-5,3
rua||maria conceicao resende|colonia do marcal|36302656|75,-2110346,-4421434;85,-4,0;95,-5,-4;599,100,-70;600,-5,20;601,-2,-4;604,-3,11;605,-13,8;606,10,-3;608,-2,6;612,-5,8;615,-9,0;616,7,7;617,-27,22;620,0,-44;622,-5,-4;625,2,6;627,13,28;630,-7,-6;632,-39,22;634,-6,-2;640,1,4;641,22,34;651,6,-14;670,37,-38;675,-59,22;676,54,-13;680,-3,4;690,-3,2;700,-6,5;712,-2,0;720,-6,10;724,-4,5;728,-4,4;732,-5,9;736,-3,6;740,0,0
rua||maria conceicao resende|solar da serra|36302656|40,-2109890,-4422048;41,-38,46;43,18,-26;44,2,2;45,12,-16;48,-19,23;56,-12,27;60,29,-62;62,14,0;64,-3,3;66,-136,198;72,-20,29;74,0,13;76,-13,5;80,-17,25;82,-4,8;84,-3,5;88,136,-198;90,-2,9;92,-8,7;96,-25,29;97,9,-24;98,-17,44;100,-223,337;107,244,-364;110,-235,350;111,195,-301;116,-8,9;118,94,-150;120,-9,12;126,-86,140;128,54,-86;130,-8,10;254,-128,192;258,0,3;262,-2,7;275,-16,15;409,70,-101;517,-57,92;519,-7,17;531,-11,21;533,-8,8;535,-12,19;539,-16,22;541,-14,24;560,-28,28;573,3,3;587,151,-256
rua||maria leocadia da silva rosa|rio acima|36307531|89,-2115748,-4426759;115,-29,-38;123,57,71;128,-40,-58;142,-24,-19
rua||miguel randi|colonia do marcal|36302778|20,-2109329,-4421902;177,93,19;180,-32,-6;181,39,2;185,4,3;189,8,-2;190,5,10;200,16,8;202,25,-1;204,5,4;210,6,5;220,12,4;230,32,6;250,-3,-9;260,13,10;270,9,3;280,8,3;300,18,6;313,-54,-16;327,34,7
rua||moacyr milton rabello|senhor dos montes|36300360|3,-2112733,-4426130;7,0,9;10,-10,-19;11,5,27;12,2,-21;14,-3,11;16,-1,14;18,-4,3;20,3,7;21,5,-16;27,-4,10;28,-3,17;52,2,13;55,-1,-12;62,1,23;65,0,-11;72,-2,10;75,-2,2;80,1,16;85,-3,-10;95,6,12;105,-3,12;111,-1,11;117,0,15;121,2,12;129,-3,15;151,-5,19;155,4,-13;194,-27,78;200,0,5;220,-2,5;226,-15,16;230,-3,4
rua||orlando paiva ribeiro|guarda mor|36309033|52,-2114408,-4426583;57,-1,-6
rua||pedro randi|colonia do marcal|36302774|7,-2109336,-4421922;9,4,0;11,27,-10;15,-19,8;16,30,2;17,-1,-10;18,21,5;26,32,-6;99,1,-12;111,0,-2;113,-21,8;136,97,-18;176,26,1;179,-5,-12;182,7,14;188,9,-12;193,-2,-2;194,3,10;198,8,-10;206,1,7
rua||porto rico|sao judas tadeu|36307050|11,-2113249,-4424903;51,7,1;52,-8,-1
rua||realeza|tejuco|36309294|10,-2113747,-4427422;18,-24,56;19,9,-22;20,10,-15;22,-9,21;23,15,-10;25,-15,8;27,5,-10;29,9,-5;33,20,17;42,-37,45;48,4,27;140,3,0;150,-9,-9
rua||rosilda|bonfim|36307464|6,-2114627,-4424996
rua||rubi|colonia do marcal|36300274|10,-2111393,-4422548;20,-3,1;30,-10,-5;40,-11,4;50,-9,-3;60,-6,2;70,-6,-1;80,-13,-5
rua||rubi|senhor dos montes|36300274|201,-2113092,-4426532;210,-5,-11
rua||r|tejuco|36309611|2,-2115022,-4428253;12,-1,1;22,0,0;23,-19,14;32,20,-16;42,-2,-1;52,-1,0;62,0,0;72,0,0
rua||salim felipe jose resende|jardim central|36300001|235,-2114103,-4423776;245,2,0;260,-23,-11
rua||salim felipe jose resende|jardim central|36307654|1,-2113860,-4423841;5,-66,5;51,2,6;61,41,-15;112,-119,28;130,-6,15;200,-41,-13;299,104,-18
rua||teofilo jose ribeiro|arcangelo|36318000|9,-2130713,-4431495;19,48,-134;23,-1,30;25,-4,10;34,-7,8;40,67,-118;42,-77,135;44,84,-142;50,-15,26;51,-75,132;53,2,-6;60,62,-113;78,-23,21;83,-10,12;92,85,-105;102,-61,82;113,-31,49;151,-12,39;159,-8,14;165,-1,13;188,56,-115;191,18,-17;195,-3,8;196,-30,28;198,6,-9;200,39,-38;203,16,-27;402,-94,116;476,7,-9;542,-10,27
rua||teresa paula reis|colonia do marcal|36314899|1,-2108914,-4421927;3,-74,-168;6,111,242;8,-19,-1;45,30,26;58,14,-42;59,7,-19;97,17,-46;139,2,-58;143,0,13;145,-3,16;160,-1,49;162,5,-29;175,13,-65;185,-9,-8;201,-25,156;206,-10,20
rua||tome portes del rei|matozinhos|36305058|422,-2112394,-4423701;430,48,45;432,8,11;434,-47,-49;438,45,26;500,-20,-25;502,23,9;504,-8,-1;506,6,7;532,1,52;534,-3,-10;664,33,135;668,3,9;758,15,50
rua||vila reis|bonfim|36307386|1,-2114050,-4425706;2,-15,4;3,8,13;4,-2,3;6,15,-21;7,-11,2;8,-8,14;9,2,5;10,1,3;11,3,6;12,-9,-22;13,17,-10;271,-7,29;281,14,-32
rua||vitoria regia|pio xii|36305300|45,-2113607,-4422613;47,23,-7;51,8,4;99,-42,-57;203,-45,-37;212,-324,-173;218,10,0;226,8,-17;230,11,2;232,15,-3;240,35,17;250,5,-4;252,7,3;258,10,-8;263,-46,-7;265,13,4;267,-18,-5;269,-3,4;271,-5,-7;279,-1,-2;283,-13,1;287,-6,10;300,118,29;303,-137,-35;307,2,8;321,112,16;323,4,-7;324,-12,-4;325,22,8;327,170,111;329,9,4;334,-192,-109;335,187,106;337,2,5;339,4,13;340,-158,-121;345,0,5;347,164,115;352,-152,-103;361,1,-7;363,-7,-4;365,12,5;371,27,16;373,22,8;375,96,103;379,-72,-88;381,2,-6;383,5,4;385,4,7;395,23,11;399,-18,-10;403,13,4;406,-54,-26;407,61,36;408,-67,-37;410,13,4;412,9,-4;416,60,68;420,-55,-67;422,59,72;426,-53,-62;428,66,79;430,-59,-66;432,64,77;434,-70,-86;440,16,6;442,1,9;450,9,-1;452,3,13;454,10,-6;473,-19,-5;491,55,67;507,9,38;513,14,12;514,-4,-6;516,1,5;518,-5,3;535,11,15;538,-25,-45;540,3,0;570,43,88;583,-4,-8;588,17,18;597,-16,-12;600,21,34;604,-3,-7;605,-13,-24;607,-3,9;610,11,19;611,5,10;613,6,3;615,-7,-12;617,7,17;620,-6,-6;630,8,20;650,8,1;660,3,13;670,-4,15;680,-15,12;685,32,-4;690,-5,3;696,12,4;700,-12,10;720,14,2;750,-103,-217;777,41,84;785,41,89
rua||waldemar gomes ribeiro|fabricas|36301208|2,-2112569,-4424614;7,0,-4;9,-4,-13;12,2,6;13,7,4;14,-3,-6;21,11,3;22,-8,-6;24,4,-11;29,4,29;31,10,-20;33,-12,-8;34,8,-13;39,-8,9;44,6,-9;45,-6,14;52,15,-17;53,-3,3;54,2,-6;61,1,10;64,6,-20;70,1,3;82,-13,18
travessa||joao batista resende|jardim montese|36302652|103,-2109987,-4421846;119,1,-22;125,0,31;126,-8,7;135,11,3;136,-4,5
travessa||modestino rabelo|centro|36300148|20,-2113789,-4426462;22,-9,0;46,51,3;50,7,1;52,-51,2;60,44,-9;70,13,-3
travessa||modestino rabelo|tejuco|36300148|2,-2113785,-4426454;75,48,-21
travessa||realeza|tejuco|36309294|10,-2113748,-4427413;20,-3,-2;27,5,9;98,-12,4
vila||geraldo rafael|centro|36300094|245,-2113141,-4426243;252,1,3;254,9,-1;256,-7,-7
