avenida||brasil|capao do cavalo|35694000|20,-1970729,-4456265;24,23,-13;26,15,-13
avenida||brasil|centro|35694000|9,-1970922,-4456213;12,47,2;13,-10,17;16,-21,-33;17,12,23
avenida||brasil|px casas populares|35694000|113,-1970364,-4456689;305,3,-29;311,-1,22
avenida||brasil|sao francisco|35694000|1,-1970781,-4456246;5,1,-1;6,394,-559;7,-374,542;8,373,-554;9,-5,-8;15,-361,550;17,7,-5;19,4,-2;21,25,-16;23,0,-7;27,19,-14;29,28,-24;33,-3,-2;280,270,-304;300,8,-11;301,-1,-15
avenida||carmelita maria de jesus|sao francisco|35694000|6,-1970400,-4456775;8,-6,-10;11,-9,29;14,-27,-56;15,16,40;18,-24,-46;19,10,38;25,-15,-11;26,-5,-35;29,-4,30;30,-6,-39;31,1,34;33,-21,-19;38,-8,-36;42,-8,-8;43,-2,33;46,-13,-41;47,-5,29;50,98,43
avenida||jose augusto de moraes|centro|35694000|3,-1971027,-4455680;4,15,22;6,-44,-8;8,14,2;9,54,8;11,20,2;12,-94,-22;13,72,14;14,1,18;16,7,6;19,100,-8;20,-80,10;21,80,-12;22,-59,21;24,14,3;25,45,4;26,-37,4;32,21,7;34,26,2;36,8,5;38,4,7;40,-31,-10;47,170,22;51,15,6;55,18,4;57,16,5;61,26,12;63,-4,-4;66,-438,-137;70,245,109;78,40,-1;80,7,1;86,13,2;94,33,24;114,20,-6;118,48,10
avenida||selma aparecida de souza|sao francisco|35694000|5,-1970713,-4456551;7,-54,163;8,166,-390;9,-168,371;11,-18,41;13,23,-61;19,-58,118;21,1,-11;29,154,-324;30,39,-36;35,-46,55;47,17,-38;51,2,-3;59,16,-30;63,8,-18;65,-5,-7;70,27,10;71,-12,-25;74,16,17;75,-14,-21;79,7,-9;82,13,20;83,-10,-28;86,20,2;87,-11,-20;90,10,32;95,-4,-44;99,3,-11;106,19,14;107,-9,-35;108,16,25;111,-8,-38;115,1,-2;116,21,3;119,-10,-34;120,20,23;144,-20,41
estrada||doir assuncao|casas populares|35694000|9,-1970331,-4456688;10,18,-40;40,-10,11;44,220,-141;46,-10,1;50,-26,9;54,-11,8;58,40,-24
estrada||para mata da juliana|mata|35694000|5,-1967929,-4453793
estrada||para o terreno do antonio tome|lagoa preta|35694000|3,-1976826,-4459206;5,-37,23;9,11,-4;11,13,-4;12,0,-5;14,16,-19;15,8,28;17,32,-66;19,2,-1;21,20,-33;26,-49,63;28,14,-15
estrada||para trindade|rosario|35694000|5,-1971798,-4455313
estrada||sem denominacao|lagoa preta|35694000|1,-1977000,-4457901;3,136,-761;5,-78,698;6,80,-702;15,81,148;20,-187,614;25,151,-659
fazenda|santo|andre|bela vista|35694000|116,-1970257,-4458159
fazenda|sao|geraldo|aguas claras|35694000|117,-1969048,-4458599
fazenda||aguas claras|aguas claras|35694000|118,-1968089,-4460467
fazenda||duas marias|lagoa|35694000|2,-1964346,-4457884
povoado||cachoeirinha|cachoeirinha|35694000|9,-1965317,-4454847
praca|nossa senhora|de lourdes|conquista|35694000|2,-1971682,-4460051;3,-10,45;4,1,-52;5,-21,41;6,5,-47;7,-18,38;8,-5,-72;9,-4,66;10,3,-68;11,-15,56;12,-12,-4;13,-12,-8;14,98,12;17,169,-3;21,-194,76;22,-25,-177;59,-10,-53;62,-14,-20;878,41,251
praca|professor|mestre olimpio|centro|35694000|4,-1970654,-4455771;6,-23,5;8,4,4
praca|sao|jose|centro|35694000|4,-1971058,-4455774;6,21,-2;7,50,-64;8,-37,71;9,20,-47;10,31,58;11,-7,-59;13,20,7;15,4,3;16,1,41;17,13,-43;18,7,48
praca||do cruzeiro|cruzeiro|35694000|31,-1970775,-4455912;33,17,-5;35,14,-1;37,14,-3;39,12,-6;41,17,-3;43,8,-6;44,26,-8;45,-6,1;46,33,11;47,-29,-13;48,39,1;49,0,-19;50,53,48;51,-51,-60;53,25,-1;55,10,-4;56,9,17;57,-1,-24;58,12,38;59,9,-47;61,-82,39
praca||maria da conceicao soares barbosa|centro|35694000|7,-1970724,-4455853;24,-36,33;37,-8,-3;44,60,-18;46,3,25;48,17,3;50,-2,23
praca||salvador dali|centro|35694000|20,-1970924,-4455761;21,45,-36;22,-28,35;23,48,-36;24,-24,42;26,17,-6;27,15,-35;28,-12,31;29,34,-52;30,-26,55;31,44,-33;34,-72,26;124,102,9
praca||zeca goncalves|centro|35694000|18,-1970845,-4455877;19,-5,-14;20,30,1;21,-20,-18;23,0,-23;25,1,-23
rodovia||mg 431|aguas claras|35694000|118,-1969056,-4459743
rodovia||mg 431|monjolos|35694000|118,-1968977,-4460020
rua|dom|cabral|centro|35694000|2,-1970891,-4455857;5,-20,7;6,45,21;7,-27,-22;8,3,19;9,-21,-14;10,30,8;11,-15,-17;12,25,-3;13,-14,-9;15,9,-13;16,18,6;19,-21,27;24,129,-48;28,3,-2;32,25,-18;34,14,-3;36,17,-4;40,16,13;42,12,-19;44,12,-5
rua|dona|izaura|conquista|35694000|1,-1971528,-4460071;2,-75,-13;3,53,46;5,-41,-52;6,24,22;10,50,31;13,4,-7;71,-85,-46;322,46,28;387,-15,17;471,20,-11;653,-13,-20;670,-11,5;988,-172,105
rua|duque|de caxias|centro|35694000|4,-1970670,-4455857;20,62,-18;24,28,-5;26,-14,5;28,34,9;44,-148,18;50,37,-12;52,47,-13;54,6,5
rua|duque|de caxias|cruzeiro|35694000|11,-1970696,-4455862;15,1,-2;17,36,-8;19,7,-2;21,-20,0;23,31,1;25,14,-2;27,21,-11;29,5,1;31,16,-3;33,8,-4
rua|nossa senhora|aparecida|lagoa preta|35694000|5,-1976657,-4458915;9,-183,-28;11,93,19;15,-36,-11;17,45,4;18,-18,0
rua|padre|liberio|lagoa preta|35694000|7,-1976799,-4458907;8,97,17;10,-53,18;13,46,-15;15,-76,-17;17,8,15;36,4,-3
rua|santa|luzia|lagoa preta|35694000|5,-1976632,-4459205;6,-29,67;7,8,-17;14,-175,163;15,106,-56;18,-32,36;25,61,-62;30,62,-134;519,-45,101;884,30,-62
rua|sao|francisco|lagoa preta|35694000|2,-1976899,-4459122;13,25,-52;16,-14,17;17,10,-18;18,1,3;20,-17,27;21,-15,34;22,24,-99;23,-3,3
rua|sao|judas tadeu|conquista|35694000|3,-1971569,-4460132;5,11,7;7,8,15;9,18,8;11,4,-5;12,-40,-30;13,-3,6;14,-67,-62;15,-38,-65;16,-16,58;20,86,6;25,-16,25;441,97,88
rua|sao|vicente|centro|35694000|1,-1970842,-4455858;2,22,16;3,-9,-3;5,25,1;18,-26,-17
rua|sao|vicente|lagoa preta|35694000|3,-1976703,-4458970;10,71,-94;23,66,-97;24,-67,80;25,81,-44;27,-7,8;51,-100,82;55,28,-49
rua||4|lagoa|35694000|9,-1965276,-4459220
rua||antonio anacleto|sao francisco|35694000|4,-1970751,-4456567;5,-8,-23;6,7,14;9,-1,-24;10,2,15;13,8,-30;14,-4,14;17,8,-28;18,-3,25;22,10,-19;25,2,-23;29,5,-12;30,2,20;33,6,-28;34,-2,17;37,5,-22;38,1,13;41,3,-28;42,0,13;45,10,-28;46,-2,15;58,20,-31;62,3,-11;66,9,-10;70,1,-12;74,10,-17;77,-1,-18;81,3,-7;82,1,17;84,4,-10;85,3,-21;86,1,18;89,3,-30;90,2,14;93,8,-37;94,-9,16;97,9,-14;98,0,19;102,8,-12;106,5,-12;110,5,-9
rua||antonio dias barbosa|cidade nova|35694000|1,-1970278,-4455593;2,-4,11;3,-10,-5;4,23,23;5,12,-22;6,-1,13;7,19,-11;8,-4,16;9,16,-11;10,-11,8;11,16,-1;12,-4,4;13,6,-5;14,11,11;15,-1,-7;16,10,25;17,1,-26;18,15,9;20,14,4;21,5,-5;22,-8,-2;23,12,-1;25,28,9;27,16,2;28,-20,6;29,82,22;30,-69,-19;32,13,-3;33,127,73;35,-66,-43;36,-31,-24;38,15,8;40,10,4;44,70,33;80,-59,-35;86,3,4;88,27,9;90,-7,27;92,0,0;98,11,-21;112,78,49
rua||antonio jose duarte|centro|35694000|1,-1970988,-4455738;3,-1,-1;7,0,39;9,-8,18;11,-1,23
rua||antonio paulino|centro|35694000|11,-1970610,-4455700;15,-2,-37;17,3,22;49,-9,7
rua||argentina|rosario|35694000|4,-1971677,-4455270;6,-1,9;7,13,-71;10,9,-4;11,-21,50;12,32,-63;13,-3,-14;14,4,5;16,2,-4;17,2,-26;18,3,17;19,0,-25;20,0,10;22,11,-16;28,11,-18;30,7,-18;116,-61,218;118,19,112;120,8,-2
rua||artur antonio dias|centro|35694000|2,-1970954,-4455704;3,-22,-6;5,24,-3;12,37,14;13,13,-7;14,12,12;15,2,-20;16,17,24;17,-4,-10;18,53,18;19,-47,-15;20,14,12;22,-7,-1;23,21,-10;25,9,-3;28,27,14;30,22,-5;31,-18,-3;32,36,-3;34,13,9;36,33,-1;38,11,-3;39,28,1;41,25,-4;43,-1,3;45,14,-1;47,5,-7;49,18,-10
rua||artur antonio dias|palmares|35694000|2,-1970611,-4455688;26,-77,5;34,63,1;42,-35,1;44,17,-6
rua||a|casas populares|35694000|4,-1970279,-4456848;8,5,12;12,0,12;16,1,10;20,9,10;24,-8,10;28,4,13;29,2,-19;31,2,-8;32,-9,32
rua||belizaria maria de jesus|lagoa preta|35694000|1,-1976928,-4457879;3,47,-843;4,65,82;5,-50,-147;6,10,-51;8,-1,34;12,-54,-265;13,-25,-32;15,-7,-12;48,-1,-62;101,84,351;604,6,-18;1019,-95,-312
rua||belo horizonte|rosario|35694000|1,-1971415,-4455372;2,10,-2;3,-41,-21;4,-2,0;5,20,26;6,-11,-19;7,-66,-23;8,-35,-24;10,114,51;11,-125,-55;12,33,11;13,-44,-15;14,31,14;15,-38,-19;16,19,2;17,-31,-10;18,13,4;20,171,84;46,-70,-31
rua||benedito valadares|centro|35694000|6,-1970625,-4455791;8,26,-9;10,5,-4;12,25,-4;14,4,6;16,12,-4;18,13,-6;20,17,-9;22,4,1;26,-154,11
rua||benedito valadares|cruzeiro|35694000|5,-1970671,-4455797;7,8,2;9,42,-12;13,-10,4;17,16,-21;19,18,-4;21,6,26;23,9,-12;25,15,-15;27,21,3;29,22,-4;31,6,-2
rua||b|casas populares|35694000|3,-1970311,-4456857;4,-10,17;7,8,-7;8,-7,19;11,10,-11;12,-11,28;15,5,-2;16,-2,9;19,2,-4;23,0,14;27,3,8;31,1,8;35,1,16;39,-5,8
rua||cachoeirinha|cachoeirinha|35694000|1,-1965336,-4454886
rua||cinco|centro|35694000|4,-1970698,-4455666
rua||cinco|palmares|35694000|85,-1970694,-4455668
rua||clair de araujo|sao francisco|35694000|1,-1970521,-4456642;3,10,-15;5,5,-10;9,6,-16;13,1,-2;17,3,-7;21,6,-12;25,2,-12;29,8,-9;30,-4,21;33,1,-34;34,9,16;37,6,-23;38,-4,20;41,12,-34;42,-7,19;45,45,-106;46,-39,95;49,40,-99;53,7,-7;62,-2,14;67,-13,15
rua||c|casas populares|35694000|2,-1970351,-4456783;3,-1,-43;11,-8,24;36,36,36;38,19,18
rua||das palmeiras|conquista|35694000|1,-1971639,-4459994;3,-2,7;6,0,-155;7,4,48;8,-22,-28;9,36,-8;10,-30,62;11,32,-56;13,11,-8;19,2,-10;67,-42,68;71,-11,31;87,-33,71;91,-65,84
rua||d|casas populares|35694000|3,-1970354,-4456843;7,5,-1;11,7,-10;15,14,-2;19,3,-11;23,8,-4;27,11,-6;31,7,-2;35,11,-6
rua||edir moreira|geraldo xavier|35694000|6,-1972175,-4455767;10,-15,9;13,66,-81;14,-64,91;18,-8,8;22,0,-1;26,-14,13;30,-51,28;34,39,-17;38,-4,8;42,-6,8;44,-5,23
rua||e|casas populares|35694000|3,-1970344,-4456780;7,9,0;9,11,-2
rua||floripedes da silva|rosario|35694000|12,-1971554,-4455101;18,7,6;22,10,-5;26,11,7;81,24,3
rua||fortunato moreira|rosario|35694000|3,-1971545,-4455400;4,-8,0;6,-3,5;8,-13,13;9,32,-33;10,-29,47;12,-3,-3;14,-8,20;15,8,2;16,-15,12;19,44,-75;21,-44,96;23,-8,14;25,-4,12;29,-22,47;31,0,8;33,-12,16;39,-16,37
rua||geraldo macena|geraldo xavier|35694000|2,-1972208,-4455880;3,-1,20;4,4,-28;5,-13,36;6,4,-21;9,-18,26;10,13,-21;13,-12,28;14,6,-18;17,-14,26;18,6,-25;21,-11,32;22,8,-19;25,-11,25;26,6,-23;29,-19,33;30,13,-19;33,-17,22;34,8,-16;37,-19,24;38,15,-20;41,-13,30;42,9,-20;45,-12,30;46,5,-27;49,-17,28;50,12,-21;53,-21,32;54,20,-33;57,-25,41;58,14,-26;61,-17,36;62,15,-25;64,-14,14;66,2,-8;69,-17,33;71,-1,0;73,-10,16;76,14,-23;77,-18,26;78,10,-20;81,-14,19;82,5,-8;85,-14,24;86,8,-16;89,-15,25;90,10,-25;93,-14,32;94,2,-21;97,-11,31;98,11,-27;101,-19,33;102,14,-25;105,-15,30;106,8,-24;110,-8,10;114,-9,10;118,-1,3
rua||goiabeira|geraldo xavier|35694000|3,-1972142,-4455779;5,2,10;7,2,5;9,-3,3;11,2,5;13,-5,11;15,1,4;17,1,4;21,3,0;22,-10,39;25,9,-27;26,-7,39;29,7,-29;30,-8,33;33,1,-19;34,-1,39;37,4,-24;38,-5,36;41,5,-25;42,-3,38;45,7,-34;46,-9,44;49,7,-26;50,-3,37;53,3,-25;54,-7,37;57,7,-12;58,-10,29;61,13,-26;62,-19,39;65,10,-22;66,-1,28;69,13,-18;70,-14,30;73,13,-18;74,-13,29;77,11,-18;78,-14,29;81,12,-20;85,-1,10;89,-1,15
rua||hum|centro|35694000|5,-1970156,-4455449;9,5,5;13,14,6;17,15,-2;21,30,4;23,1,4;27,12,3;44,-533,-183;80,-142,-4;82,9,-3;84,23,-3;88,28,6;90,13,-8;96,44,4;108,65,21;110,3,-2;112,15,12;114,7,-3;124,46,16
rua||hum|cidade nova|35694000|18,-1970397,-4455568;20,18,7;22,21,11;24,14,1;30,-76,-31
rua||hum|palmares|35694000|77,-1970733,-4455634;79,16,9;81,8,-7;83,8,-17;89,32,16;97,8,-2;119,64,21;123,11,3;127,-53,-14;139,21,1;141,6,6;143,6,-2;171,35,16;173,6,-2;175,2,4;177,29,7
rua||ipe|geraldo xavier|35694000|9,-1972203,-4455705;10,-9,47;13,8,-34;14,-9,44;17,10,-29;18,-11,44;21,10,-31;22,-6,36;25,5,-25;26,-7,42;27,5,-12;30,-13,19;33,13,-18;34,-11,30;37,12,-14;38,-6,23;41,7,-15;42,-3,28;45,-2,-7;46,-2,18;49,3,-19;53,1,13;57,1,11;61,1,10;65,2,12
rua||jacinta braga|centro|35694000|11,-1971202,-4455416;29,-41,-85;32,23,-2;36,8,-10;39,3,-37;40,8,13;41,1,-26;42,24,18;44,-5,-3;45,-10,-33;46,2,3;47,7,-17;48,-4,6;49,9,-22;51,5,-7;52,11,5;53,-10,-13;57,26,-19;58,-5,20;59,10,-43;62,-10,25;63,38,-70;64,-8,34;65,16,-55;66,-2,19;67,13,-32;68,2,12;70,134,-170;72,-35,51;73,-82,57;74,-9,42;75,44,-68;76,119,-99;77,-114,96;79,0,-2;81,11,-16;83,7,-8;85,-1,-11;86,134,-104;87,-120,95;89,38,-17;91,3,-1;93,8,-14;95,34,-20;97,8,-17;99,14,-17;101,5,-9;103,17,-35;115,-64,85;117,99,-228;119,-80,214;155,-186,211
rua||jacinta braga|mina padre liberio|35694000|30,-1971234,-4455463
rua||jacinta braga|rosario|35694000|9,-1971486,-4455484;11,-26,2;12,124,32;14,17,3;15,-158,-35;16,105,28;22,13,-5;23,-18,3;26,-1,-10
rua||jatoba|geraldo xavier|35694000|2,-1972082,-4455751;5,2,53;6,-3,-52;10,-9,17;14,7,5;17,6,59;18,-6,-45;21,7,55;22,-7,-42;25,7,59;26,-10,-48;29,11,53;30,-10,-46;33,13,61;34,-13,-45;37,6,57;38,-3,-39;41,6,51;42,-8,-36;45,7,55;46,-4,-45;49,3,47;50,-4,-36;53,8,48;54,-10,-34;57,10,47;58,-11,-39;61,12,50;62,-9,-24;65,9,31;66,-12,-26;70,8,15;74,-5,8;76,0,11
rua||jk|centro|35694000|5,-1970630,-4455762;7,12,9;9,13,-8;11,34,-6;12,-74,37;13,83,-38;15,29,1;16,-89,35;17,97,-32;18,-9,9;19,12,-7;21,16,0;23,16,4;24,-71,9;25,86,-4;28,-58,23;30,16,-7;32,15,-17;34,1,20;36,16,-16;38,-205,-49;40,231,49
rua||jk|cidade nova|35694000|11,-1970188,-4455614;25,63,34;35,-305,-181;37,15,1;39,68,54;42,-12,-11;44,-23,-15;46,1,3;48,9,-2;50,102,102;52,-93,-102;54,113,92;55,-4,-3;56,19,9;58,54,26;60,-29,-7;62,-25,-23;67,-35,-40;69,58,41;70,51,30;73,15,14;74,-133,-62;97,-106,-95
rua||jose alexandre da cruz|sao francisco|35694000|5,-1970801,-4456627;6,-2,22;9,5,-34;10,1,26;13,3,-31;16,2,22;17,3,-35;18,3,15;21,7,-24;22,-3,19;23,7,-32;24,18,-13;26,-22,38;30,6,-12;34,7,-12;38,4,-8
rua||jose alves carvalho|centro|35694000|8,-1970209,-4455439;9,65,37
rua||jose alves carvalho|cidade nova|35694000|2,-1970296,-4455656;3,1,10;4,189,200;5,-190,-182;6,206,187;7,-211,-177;9,-3,16;10,222,162;11,-229,-140;12,132,94;13,-130,-73;14,-39,-19;15,37,29;17,13,14;18,119,73;20,-9,-12;26,154,49;34,-244,-103;36,146,55;38,-104,-42
rua||jose bento araujo|rosario|35694000|3,-1971371,-4455379
rua||jose campos oliveira|sao francisco|35694000|8,-1970691,-4456789
rua||jose duarte de aguiar|sao francisco|35694000|1,-1970746,-4456524;2,-37,-46;9,15,30;14,-24,-37;15,-58,-5;16,114,38;17,-102,-88;18,77,84
rua||jose moreira de assis|rosario|35694000|2,-1971567,-4455272;4,-9,1;12,-80,-6;13,-35,-14;15,-15,-9;17,-3,5;19,-13,-11;20,-5,-21;21,-14,5;22,43,-72;23,-52,64
rua||jose raimundo de assis|sao francisco|35694000|2,-1970566,-4456647;14,17,9;17,-39,-22;18,3,5;22,-12,-7;24,-10,-5;30,-3,1;55,-52,-32;56,-1,-6
rua||jose silva|geraldo xavier|35694000|2,-1972171,-4455799
rua||lindouro pires de araujo|sao francisco|35694000|1,-1970565,-4456686;2,0,20;4,6,-16;5,-5,-6;6,10,5;9,-5,-17;10,9,8;13,-4,-22;14,7,5;15,-6,-14;16,14,2;21,-4,-10;22,7,5;25,-5,-14;28,10,-1;29,-2,-10;30,35,-50;33,-28,39;34,5,3;37,4,-21;38,7,6;41,-7,-6;42,11,-1;44,16,-12;46,23,-65;49,-7,-8;50,14,-13;59,-11,10
rua||maravilhas|centro|35694000|6,-1970802,-4456013;7,-33,3;8,40,-2;10,21,0;12,34,-4;22,55,-3;24,-1,11;26,10,-7;28,16,-2;30,19,-7;34,19,6;36,21,0
rua||maravilhas|cruzeiro|35694000|7,-1970820,-4456019;13,38,-1;17,15,1;19,13,-4;31,64,-1;33,20,-3;35,14,-19;37,40,20;39,92,88;42,-1,-38;44,2,5;47,-29,-43;50,41,55;55,11,5;56,18,31;58,6,16;60,1,6;63,1,-17;64,10,26;65,8,-14;66,9,32;67,-1,-7;68,14,26;69,-21,-43;73,25,42;76,12,38;77,-9,-60;79,0,31;81,20,14;82,-18,-5;83,11,19;89,21,37;91,0,2;95,8,12;97,6,21
rua||maria da conceicao rocha|sao francisco|35694000|5,-1970441,-4456680;6,9,5;7,5,-33;9,-12,23;10,12,1;14,2,-7;18,9,-13;22,-1,-8;25,-5,-11;27,-2,11
rua||maria jose soares carvalho abreu|sao francisco|35694000|12,-1970703,-4456813;18,35,-36;20,-4,0;54,220,-41;57,36,7;114,-178,16
rua||maria piedade dos santos ferreira|sao francisco|35694000|1,-1970465,-4456669;2,48,29;8,-22,-17;22,-52,-24
rua||para de minas|rosario|35694000|4,-1971655,-4455029;5,34,-67;9,12,-28;10,-3,4;11,1,-10;12,7,7;13,-2,-23;15,7,-5;16,8,-1;17,3,-13;19,4,-19;21,7,-11;22,4,15;23,1,-28;24,10,6;25,-6,-14;26,16,-5;27,-2,-11;28,10,-11;29,14,-29;31,-8,-6;32,8,8;34,5,-12;35,0,-16;36,11,-6;37,-7,-6;38,10,-9;40,11,-12;42,12,-26;44,5,-9;45,-8,1;46,10,-29;48,19,-23;50,9,-12;51,-39,60;52,48,-80;53,-37,60;55,10,-27;57,9,-14;59,10,-22
rua||para patio da prefeitura|centro|35694000|69,-1971084,-4455755
rua||parana|sao francisco|35694000|5,-1970818,-4456233;8,1,-23;14,-1,-36;20,13,-24;23,17,-37;27,9,-16;29,16,-8;30,-2,15;31,2,-27;32,-3,24;33,18,-31;34,-6,15;37,24,-37;38,-20,27;39,33,-27;40,3,3;41,-9,-6
rua||pedro anselmo pereira|cidade nova|35694000|1,-1970564,-4455924;7,22,30;9,6,5;11,8,13;13,1,4;15,14,8;17,5,12;19,13,13;21,8,10;25,7,9;27,6,10;29,6,8;31,2,16;33,20,6
rua||pedro anselmo pereira|cruzeiro|35694000|16,-1970533,-4455866;28,-19,-17;31,15,15;52,-39,-55;56,33,57;64,48,67;66,11,-5;68,0,10;70,28,24
rua||placedina teodoro|cidade nova|35694000|4,-1970600,-4455682;6,3,-4;8,98,4;9,80,-3;10,-147,7;12,5,0;13,-16,-24;14,25,32;15,2,-23;16,14,16;17,-1,-15;18,5,15;19,7,-8;20,3,8;21,17,-8;22,-12,9;23,38,-7;24,-18,6;26,5,3;27,20,-16;28,-8,10;29,76,-8;30,-67,16;31,114,-9;35,1,-2;37,-3,3;39,23,-6
rua||ponte nova|lagoa|35694000|3,-1965255,-4459155
rua||raimundo gomes|sao francisco|35694000|2,-1970845,-4456648;6,5,-12;10,2,-11;18,19,-24
rua||raimundo jose duarte|sao francisco|35694000|25,-1970747,-4456715;29,-13,1;46,30,-1
rua||rio de janeiro|centro|35694000|7,-1970832,-4455985;8,-27,82;9,34,-70;11,9,19;13,2,13;15,6,11;16,30,49;17,-9,-1;18,6,3;19,24,21;20,-20,-5;21,41,21;22,-31,-5;24,4,11;31,-31,-86
rua||rio de janeiro|cruzeiro|35694000|2,-1970843,-4456052
rua||rita maria de jesus|geraldo xavier|35694000|10,-1972018,-4455670;14,0,10;18,-1,10;22,1,12;26,1,12;30,1,13;34,-8,11;38,4,14;42,1,12;46,-1,9;50,0,10;54,0,16;58,1,13
rua||rodrigo andrade da silva|geraldo xavier|35694000|5,-1972204,-4455802;6,8,-17;9,-12,27;10,9,-20;13,-14,27;14,7,-15;17,-16,28;18,6,-28;21,-12,32;22,11,-22;25,-19,30;26,10,-22;29,-13,25;30,12,-22;33,-18,33;34,-130,-57;37,120,51;38,-94,-38;41,89,45;42,14,-12;45,-16,35;46,9,-30;50,-5,7;54,-4,9;55,-17,32;57,-12,8;58,19,-28;61,-26,38;64,13,-27;65,-16,28;66,18,-19;69,-28,36;70,18,-27;73,-22,33;74,16,-24;77,-24,21;78,17,-19;81,-14,24;82,10,-14;86,-12,12;90,-4,0
rua||sem denominacao|lagoa preta|35694000|2,-1976952,-4457828;4,0,0;8,37,52;9,6,7;10,20,19;12,12,7;13,35,23;34,37,23
rua||tres|centro|35694000|6,-1970848,-4455647;26,25,6
rua||vicente damasceno|centro|35694000|4,-1970443,-4455738;6,1,24;8,-2,28
rua||vicente damasceno|cidade nova|35694000|2,-1970441,-4455622;3,16,-111;5,-3,9;7,-4,14;9,9,20;12,-10,46;14,-11,6;16,-4,13;20,-20,51;34,31,-87
rua||vicente jose dos santos|geraldo xavier|35694000|2,-1972089,-4455757
sitio||bela vista|bela vista|35694000|116,-1970234,-4457690
sitio||valinhos|cidreira|35694000|72,-1971170,-4455173
