alameda|padre|jose duarte|palmital dos carvalhos|36278000|19,-2098623,-4367611;31,-1,12;57,17,16;73,31,14;75,2,7;90,-14,14;99,30,5;100,-6,-9;102,-33,-7;103,15,9;126,17,18;132,-59,-63
avenida|nossa senhora|das gracas|canjamba|36278000|41,-2102497,-4370295;42,-83,-34;50,125,18;52,-160,-57;54,1,-13;56,-2,-8;105,-71,49;106,1,35;117,91,-23;119,1,2;121,12,-3;126,26,15;129,8,-2;130,25,12;131,-8,-10;132,19,15;133,-9,-15;137,9,5;138,22,15
avenida||doze de dezembro|centro|36275000|2,-2102936,-4357956;16,-1,-8;32,-4,-14;34,-18,-14;44,13,10;56,-14,-20;64,2,14;72,-42,-27;74,31,25;76,21,-70;86,-51,27;94,10,21;96,-16,-27;106,-15,-4;116,13,24;118,-10,-5;128,-5,-15;142,-9,3;160,0,-11
avenida||jose paulo de assis|japao|36275000|25,-2106380,-4362390;30,51,88;33,-37,-67;68,-9,-6;131,-3,-3;1640,-14,-14
avenida||paulo ferreira de souza|centro|36275000|2,-2103044,-4358287;8,-9,-1;10,-2,16;16,-4,-1;21,3,0;32,-8,4;40,-3,1;41,-2,13;48,-15,-2;58,8,3;61,-3,16;68,-6,-10;80,-9,6;98,-6,11;103,10,42;115,-6,-6;121,-15,-1;139,-9,10;146,-8,18;149,73,-103;159,-85,105;166,-8,-1;185,1,15
avenida||xii de dezembro|centro|36275000|177,-2103074,-4358088;180,20,1;185,-12,-10;192,-4,-10;193,10,-3;204,-14,-13;207,-29,-2;210,-213,-143;225,228,128;228,4,10;231,-4,3;236,-4,-12;237,4,6;245,-14,-10;265,-13,-15;278,8,-6;376,-92,-82;377,-11,-2;396,6,1;432,52,33;444,-81,-55;462,-83,-64;463,64,57;470,-29,-28;472,15,10;475,10,14;492,-28,-32;495,7,23;497,-10,19;499,-5,-27;509,-13,-8;542,-15,-35;551,-28,-8;564,4,-2;573,-23,-3;594,-19,-29;599,-14,40;616,-3,-43;626,-2,-10;633,-11,5;643,-10,-8;665,-11,-10
avenida||xii de dezembro|sitio gabiroga|36275000|900,-2103498,-4358729
beco||sem denominacao|centro|36275000|8,-2102715,-4358441;26,-12,1;46,-8,-13;63,-11,-14;75,-12,-9;80,9,15
beco||sem denominacao|palmital dos carvalhos|36278000|65,-2098588,-4367633
condominio||ze da zinha|centro|36275000|271,-2102253,-4357601;279,-31,-56
estrada||abreus|abreus|36275000|1,-2101988,-4354951;8,88,937;12,-41,-174;15,-8,-81
estrada||bonfim|bonfim|36275000|15,-2102536,-4355844
estrada||brejauba|brejauba|36275000|1,-2101743,-4359476;2,129,168;4,15,-785
estrada||caiero|campo|36275000|6,-2104370,-4358023;7,66,-88;8,-232,181;12,71,-27;13,41,71;20,-44,-23;57,-7,-1;121,-86,0;125,-79,-11;126,184,20;144,42,-9;151,-190,-1;160,-13,36;171,-32,-47;203,286,-118
estrada||cascalhal|cascalhal|36275000|5,-2111791,-4356568
estrada||cascalhau|patricio|36275000|69,-2107126,-4360370
estrada||china 1|china 1|36275000|12,-2103712,-4354408;13,-147,50;38,-597,87
estrada||cordeiro|cordeiro|36275000|1,-2103482,-4356276;2,67,59
estrada||corrego fundo|corrego fundo|36275000|1,-2103226,-4357212
estrada||couto|couto|36275000|20,-2099020,-4358685
estrada||cunhas|cunhas|36275000|98,-2098826,-4357423
estrada||da carranca|brejauba|36275000|2,-2101888,-4360353;3,173,582;5,114,-322;6,-217,-116
estrada||da mutuquinha|alves|36275000|8,-2105645,-4356450
estrada||da mutuquinha|corrego pinto|36275000|11,-2107767,-4352360
estrada||da mutuquinha|mutuquinha|36275000|8,-2106414,-4354427;9,-204,1519;10,259,591
estrada||da serra da trapizonga|trapizonga|36275000|47,-2110693,-4361598
estrada||da terca|terca|36275000|6808,-2104057,-4364746
estrada||do asfalto ate estrada rem c n|cunhas|36275000|98,-2098760,-4357404
estrada||do asfalto ate estrada rem c n|senra|36275000|3,-2098939,-4355457;11,11,-202;16,239,-622
estrada||do china|china 1|36275000|1,-2103793,-4354401;3,383,70;4,-378,-67;5,-41,114;6,542,-319;7,-1641,429
estrada||do china|china 2|36275000|1,-2104589,-4355100;5,390,378;6,-130,893
estrada||do china|china|36275000|5,-2104507,-4355021
estrada||do china|fazenda dos moinhos|36275000|7,-2105043,-4353882
estrada||do china|floresta|36275000|4,-2103337,-4352449
estrada||do china|indaia|36275000|2,-2102072,-4353466;3,-422,-397
estrada||do cordeiro|bonfim|36275000|3,-2102616,-4355899
estrada||do cordeiro|cordeiro|36275000|3,-2103766,-4355885
estrada||do cordeiro|corrego fundo|36275000|1,-2103080,-4357209
estrada||do cordeiro|fazenda dos moinhos|36275000|3,-2104085,-4356177
estrada||do palmital|brejauba|36275000|1,-2101607,-4359401
estrada||do timotio|china 1|36275000|1,-2103366,-4354256
estrada||do timotio|timoteo|36275000|1,-2101662,-4358272;2,137,6;6,-809,-162
estrada||dos abreus|abreus|36275000|1,-2101910,-4354537;2,96,529;9,-73,-42
estrada||dos caeiros|corrego alves|36275000|3,-2104819,-4356560
estrada||dos caeiros|corrego fundo|36275000|2,-2103406,-4357424
estrada||dos caeiros|posse|36275000|3,-2104371,-4356940
estrada||dos caieiro|campo|36275000|7,-2104303,-4358114;12,-239,199;42,-77,41;151,5,1;160,15,-41;225,-39,-27;226,9,22
estrada||dutras|dutras|36275000|1,-2101799,-4355983;3,-248,-259;4,173,384;13,2,-422
estrada||floresta|abreus|36275000|4,-2101560,-4353764
estrada||indaia|indaia|36275000|2,-2101484,-4353724;3,27,-12;16,355,825
estrada||martins|martins|36275000|12,-2096061,-4360012
estrada||para vitorinos|bonfim|36275000|3,-2102168,-4355782
estrada||para vitorinos|dutras|36275000|1,-2101813,-4355976;3,-59,-132
estrada||para vitorinos|ponte santo antonio|36275000|1,-2101432,-4354923;3,78,-483
estrada||para vitorinos|sitio sao mateus|36275000|1,-2101996,-4357117;2,585,675;7,31,216
estrada||perpetua|palmital dos carvalhos|36278000|8,-2100833,-4359630
estrada||piao|piao|36278000|28,-2100444,-4364632;5010,176,-152
estrada||pinheiro 2|pinheiros 2|36275000|74,-2098702,-4355120
estrada||pinheiro|pinheiros 2|36275000|152,-2098807,-4354865
estrada||senra|senra|36275000|1,-2099241,-4353956;10,-94,-84;58,-927,-526;68,745,434;74,153,71;80,41,30;83,-11,13;105,-76,46;111,104,-57;192,22,53;215,-1765,-958;250,1353,741;318,-244,-297;2802,86,221;2990,338,129;3522,-158,-41
estrada||timoteo|timoteo|36275000|1,-2101988,-4358321;2,-469,-43;3,11,-14;4,-18,-127;5,83,79;7,71,-8;8,39,-14;9,-1,-19;10,24,34;11,55,37;12,40,-6;13,35,14;14,19,-3;15,1253,-425;16,-1211,406;17,26,12;110,-286,-274
estrada||vargas|vargas|36275000|2,-2102905,-4360026;20,-92,-51;34,-170,5;38,-439,206;40,585,-237;43,37,41;47,-37,33;240,-230,-4;375,173,-30;380,4,-11;410,-30,-10;535,-9,-8;1974,832,455
estrada||vitorinos|sitio sao mateus|36275000|1,-2102040,-4357122;2,-74,32;5,-34,-62;6,-5,-1;7,-77,25;8,933,1120;126,-21,-247;138,-3,3;211,73,200;299,-24,-77
povoado||dos vargas|vargas|36275000|385,-2103092,-4360074;497,-46,-47;820,-381,146;880,-23,161
praca|nossa senhora|do rosario|centro|36275000|109,-2102736,-4358206;123,17,20
praca|nossa senhora|dos remedios|centro|36275000|62,-2102889,-4358223;63,29,13;73,-8,12;79,6,-4;82,-45,-15;95,16,15;106,-10,-1;111,2,7;118,-25,-9;119,15,17;130,-19,0;135,12,5;140,-30,91
praca|padre|argemiro de carvalho|centro|36275000|1,-2102938,-4358161;3,-10,1;9,-8,-8;28,8,24;31,-30,28;43,7,-16;47,15,0;49,-18,6;57,1,-8;70,-26,41;79,49,-51;80,-39,37;91,-15,9;124,-15,32;198,-27,-34
praca|sao|sebastiao|centro|36275000|170,-2102916,-4358012;173,-6,19;182,-3,6;183,31,1;200,-35,-8;272,35,7;277,6,13;285,-6,4;299,-16,11
praca|sao|sebastiao|palmital dos carvalhos|36278000|1,-2098664,-4367589;92,-58,-22;141,73,-12
praca||barbacena|centro|36275000|2,-2102847,-4358511;14,-4,10
praca||dos andradas|centro|36275000|2,-2102839,-4358250;4,-3,-27;11,16,5;15,-11,19;16,-10,-6;17,20,0;29,7,3;30,-30,9;39,8,17;48,-36,-15
praca||joao paulo ii|centro|36275000|2,-2103161,-4358143;10,6,-11
praca||jose paulo de assis|centro|36275000|180,-2103072,-4358048;200,-5,-9;205,18,22;215,-11,4
praca||pedro duarte passos|dos machados|36275000|490,-2103615,-4358588
rua|coronel|antonio campos|centro|36275000|196,-2102841,-4358035;205,-2,7;212,-3,1;214,-3,3;217,0,2;233,-14,16;234,1,6;244,-11,3;251,4,-7;261,-6,10
rua|coronel|ferrao|centro|36275000|39,-2102845,-4358476;50,0,24;62,-11,-11;70,-5,21;83,18,14;92,1,0;103,12,13;104,-34,-5;115,35,14;120,-14,-12;125,35,23;140,0,6;146,0,3;149,8,3;162,6,7;176,-20,-25;181,23,18;183,-50,-145;193,38,186;197,3,-3;206,-8,12;211,4,-11;218,-11,22;227,24,1;229,-20,5;236,-8,43;237,-4,-33;242,-1,9;251,-5,2;259,-1,0;260,12,6;270,-18,8
rua|coronel|jose eloi benedito de araujo|centro|36275000|18,-2102865,-4358283;30,11,-3;52,-34,-42;53,14,32;60,-47,12;72,20,-62;110,-19,-3;120,-26,-1;128,17,4;132,-7,-11;144,-36,15
rua|delegado|levindo moreira|campestre|36275000|21,-2103452,-4358524;39,30,-54;40,-30,33;49,33,-25;50,-72,1;59,77,-13;60,-30,23;80,38,-9;101,14,-24;120,-50,-3;130,55,-22;131,4,9
rua|dom|oscar de oliveira|centro|36275000|108,-2102951,-4358679
rua|monsenhor|galdino malta|centro|36275000|21,-2103137,-4358128;22,-8,-3;31,14,7;34,-9,4;43,16,4;45,0,-4;46,-10,7;50,13,-1;54,2,12;70,9,0;75,12,12;83,2,5;86,-10,-3;88,7,2;98,6,14;122,3,8;134,6,26
rua|nossa senhora|aparecida|campestre|36275000|11,-2103217,-4358386;15,12,-50;28,-4,71;33,-17,-53;36,50,-23;38,3,9;44,-40,44;50,-21,-6;60,18,-6;69,1,-18;70,-8,22;75,3,-48;78,-12,3;82,18,16;83,10,-148;98,-28,122;100,18,-9;113,-16,12;114,-4,-21;115,-10,25;124,33,-47;134,-35,14;137,20,13;140,-49,-50;157,16,35;160,4,-29;166,-62,1;169,51,7;176,-5,-6;186,-12,-11;187,-5,-23;188,12,23;189,-37,21;196,28,-23;216,-1,-24;219,-11,-9;230,-1,-21;246,-16,-24;275,-1,-18;300,8,-34;312,-4,15;316,14,27;324,10,-24;326,-28,-17;334,18,-1;347,-23,-105;367,-4,39;377,8,-15;390,24,-4;396,-47,-5;426,67,-11
rua|padre|egydio reis|centro|36275000|20,-2102751,-4358333;28,-76,60;36,29,20;43,9,-22;45,-8,0;56,15,-14;57,2,-6;68,5,-8;84,14,-13;85,-7,5;95,12,-11;105,-2,-24;109,5,23;131,21,-32;139,2,-9;144,2,9;148,8,-9;158,-2,-10
rua|padre|jose mateus|centro|36275000|144,-2102942,-4358664;156,-5,13;160,21,12;204,-7,-38
rua|padre|jose rocha|centro|36275000|26,-2102830,-4358206;34,1,-3;37,-2,9;40,15,5;47,-8,0;49,9,4;50,-2,4;53,-6,-29;69,23,43;72,-6,-10;89,20,17;91,8,0;92,-10,6;98,-2,4;105,12,2;128,-2,13
rua|professora|araci domingos de carvalho|palmital dos carvalhos|36278000|58,-2100042,-4367786;629,219,2;774,131,-34
rua|professora|cecilia dornelas|centro|36275000|4,-2103046,-4357665;15,-4,-14;16,-11,3;17,0,0;30,-1,-7;45,5,8
rua|professora|maria deolinda de carvalho|palmital dos carvalhos|36278000|55,-2098672,-4367704
rua|professora|zulmira nicomedes|palmital dos carvalhos|36278000|43,-2099568,-4367480;292,-28,75;340,42,-116;453,1572,501
rua|professor|carlos a pamplona|centro|36275000|26,-2102437,-4357555;28,-8,-7;39,-55,34;56,55,-26;65,2,7;66,-10,-4;80,-7,15;85,-16,6;94,-6,-6;95,1,15;115,-52,9
rua|professor|francisco jose moreira|campestre|36275000|15,-2103386,-4358643;20,12,3;26,-3,-10;36,-8,-4;41,-31,-19
rua|professor|pinheiro|centro|36275000|13,-2102927,-4358148;23,4,2;28,2,15;36,-5,-1;39,4,4;41,-6,0;42,1,3;53,-6,4;62,3,10;65,9,7;79,4,11;84,-2,-3;85,8,68;89,-6,-52;100,-9,6;113,17,25;114,-6,-14;122,-9,12;129,17,8;132,-7,6;144,6,-3;151,2,27;157,-6,16
rua|sao|geraldo|centro|36275000|130,-2103105,-4357948;136,-1,-4;142,18,-92;146,4,15;164,0,13;166,2,4;171,3,2;178,-2,13;185,1,11;191,6,2;198,-7,3;206,-10,10;209,12,-2;216,-20,10;225,13,1;240,-27,21;275,23,19;280,-28,16;300,-5,20
rua|sao|vicente de paulo|centro|36275000|25,-2102905,-4358161;31,23,-2;41,7,10;43,-8,-14;50,11,14;51,-13,-11;55,12,13;62,12,8;65,2,3;72,-2,25;73,20,-10;81,1,-5;100,6,8;110,12,10;114,7,4;126,-25,68;135,-58,-141
rua|vereador|antonio eloi araujo|dos machados|36275000|9,-2103553,-4358115;45,-10,-7;49,-15,-24;61,3,5;68,12,16;69,-8,-9;70,-5,-6;74,-4,-6;81,-9,-15;91,-12,-8
rua|vereador|jair duarte passos|centro|36275000|32,-2102465,-4357599;42,-11,8;52,-12,4;61,-6,6;71,-8,1;72,-3,8;73,-8,-8;82,3,7;102,-7,2;122,-13,15
rua|vereador|jose augusto de carvalho|palmital dos carvalhos|36278000|34,-2098572,-4367497;41,4,8
rua|vereador|jose tafuri|dos machados|36275000|86,-2103516,-4358280;88,14,-18;94,-23,25;96,10,-12;102,7,-10;109,-33,53;118,22,-33;119,-31,26;120,-4,1;122,27,-21;139,-11,7;149,6,0;150,70,-86;155,-105,120;205,-16,33;258,7,-30;270,-8,3;280,-4,15;292,-2,10;304,101,-113
rua|vereador|lincoln pereira de carvalho|palmital dos carvalhos|36278000|230,-2098745,-4367776
rua|vereador|luiz alves oliveira|dos machados|36275000|150,-2103627,-4358213;164,-17,-19
rua|vereador|silverio ferreira da silva|japao|36275000|11,-2106303,-4362521;13,6,0;100,-44,-5
rua||1a|projeto casas populares|36275000|10,-2103379,-4358818;20,-2,-35;30,13,-12
rua||1|projeto casas populares|36275000|24,-2103321,-4358751;28,-59,-16;34,54,-2;38,-34,-8;48,9,-6;54,28,-2;58,-42,-9;64,42,20;68,-47,-31;78,-14,-11;84,45,12;94,-1,-22;104,14,7;114,22,30;124,-20,-43;134,-19,-8;144,-4,-23
rua||2a|projeto casas populares|36275000|2,-2103352,-4358728;41,2,1
rua||2|projeto casas populares|36275000|1,-2103344,-4358711;2,2,-6;12,-4,-4;22,-10,-11;32,-16,-8;42,-4,-22;52,1,-8;62,-16,5;72,4,-14;82,-33,-25;92,-36,-37;102,47,27
rua||aboboras|aboboras|36278000|10,-2099057,-4366898;11,0,0;16,-403,76
rua||afonso pereira de souza|centro|36275000|25,-2102985,-4358181;35,-22,-5;36,29,-3;38,-92,31;45,87,-31;48,-71,35;49,66,-49;60,-57,45;65,39,-10;85,3,-5;97,-23,-13;105,-18,23;107,24,-8;121,-22,14;137,-15,4
rua||alcides mateus|centro|36275000|10,-2102512,-4358039;14,-311,6;20,9,5;32,13,4;35,12,4;70,18,-4;76,5,4;82,6,2;120,8,-6;123,34,-14;124,5,13;130,-32,-3;131,26,-12;140,-4,13;141,20,-14;144,60,5;150,-35,15;151,-17,-27;175,6,11;183,11,-4;191,11,-1;302,136,-3;333,4,4;343,5,-5
rua||antonio francisco coelho|campestre|36275000|1,-2103060,-4358315;5,-1,0;7,-4,-10;15,-16,-4;23,-12,4;43,-16,0;87,-36,3;129,-32,-23;136,-14,5
rua||antonio francisco coelho|centro|36275000|20,-2103061,-4358318;42,-39,-14;180,61,40;200,-11,-6;222,-10,-13;234,-16,-22
rua||antonio francisco de assis|dos machados|36275000|21,-2103352,-4358242;34,8,-7;37,-10,-3;48,3,-11;61,-10,-2;62,7,-17;81,-7,-6;88,-5,-19;99,-7,2;107,-4,-6;116,-24,-27;118,14,16;130,-5,-8;131,-3,-1;141,-4,-1;144,-23,-20;154,-10,-7;157,17,17;168,-25,-21;169,13,9;215,-67,-62;216,13,19;227,14,25;229,2,10;245,-12,-25;290,-34,-28;297,-22,-35;303,7,21;308,-34,-33;310,10,7;319,21,18;329,-4,-5;333,-9,-3;336,-24,-32;338,3,3;343,14,31;346,-16,-44;350,-6,-6;351,15,36;358,-21,-29;364,1,-9;365,1,40;367,2,-1;372,-3,-32;374,-35,-7;386,3,-16;403,12,30;416,-16,-42;417,7,33;428,-6,-42;431,2,33;436,-20,-53;465,1,16;479,17,13;525,-17,-36
rua||antonio malta|centro|36275000|23,-2102346,-4357566;44,22,30;46,9,62;57,-12,-55;64,-25,-65;65,-6,-7;66,25,87;74,-24,-88;77,-4,-11;84,2,-1;93,-19,-28;94,14,22;103,-9,-32;104,9,6;116,-11,-14;121,3,17;126,30,63;136,0,3;137,-41,-97;146,46,109;149,-51,-115;157,26,62;158,-23,-72;165,-21,7;166,85,139;177,-82,-143;178,68,135;183,-76,-139;191,-11,-12;207,-7,-11;213,-7,-5;225,-15,-12;230,6,2;242,-1,-2;253,-14,-6;260,-2,-9
rua||antonio milagres belo|centro|36275000|168,-2102721,-4358377;185,14,-15;196,14,18;197,-3,-25;202,2,9;205,-11,-46;209,19,8;216,-1,28;217,5,-34;252,16,12;254,4,-4;256,-1,-10;263,-12,-4;272,23,-1;273,-8,4;284,0,-19;287,-1,8;291,7,-14;292,1,-2;299,-4,-4;321,6,-20;353,-6,-19;379,12,-36;380,8,-21;405,-7,8;412,20,-4;419,-11,-23;431,-2,-6;445,9,-25;460,6,0;484,-254,202;497,258,-256;504,26,10;517,-18,-44
rua||antonio patruz de souza|palmital dos carvalhos|36275000|24,-2098193,-4367226
rua||antonio pereira de souza neves|centro|36275000|89,-2103244,-4358169;107,1,-10;109,-7,-3;131,-31,-8;155,-20,-14;165,-13,-2;177,2,-9;193,-18,-1
rua||antonio pereira de souza neves|dos machados|36275000|34,-2103189,-4358168;66,-21,-6;80,-8,0;94,-19,-5;110,-12,-3;112,0,-8;128,-52,-20;152,20,11;162,-14,-8;180,-9,1;192,-16,-4;198,-5,-9;210,-16,-2
rua||antonio rodrigues milagres|centro|36275000|17,-2102319,-4357659;69,-7,-107;76,-95,-48;86,5,14;108,4,12;116,11,6;117,11,2;121,3,0;123,19,-17;125,-90,-19;135,96,31;141,-6,-1;146,-14,14;150,10,12;164,8,1;174,9,8;184,7,9;187,30,-14;194,-18,9;201,6,19;204,1,3;211,4,6;221,-1,11;222,-4,7;231,12,-1;234,14,35;241,3,-37;248,-6,18;312,10,52;329,-1,1;352,29,43;353,-24,-9;367,7,21;387,-1,4;405,21,4;406,10,18;407,-19,2;416,63,50;417,-60,-35;425,-2,9;431,4,2;449,23,17;459,2,12;465,3,7;482,15,14;496,1,1;506,2,11;515,-221,-354;526,231,377;536,-2,23;555,-256,-427;576,259,438;610,22,25
rua||antonio rosa belo|centro|36275000|20,-2102746,-4358164;21,-6,-6;25,5,8;30,-7,-5;33,7,4;44,-11,7;49,-2,-2;61,-5,21;76,-9,16;77,-4,-7;84,18,15;87,1,10;88,-76,61;92,59,-66;93,-3,0;97,-6,10;98,36,-83;102,-38,65;112,1,23;123,-12,14;125,10,-11;135,-6,7;137,3,6;146,-22,4;171,-5,14;174,-9,10
rua||arlindo resende|centro|36275000|1,-2102702,-4358199;30,-2,-18;31,-5,14;41,2,-19;50,-5,-8;104,9,-18
rua||arthur campos belo|centro|36275000|96,-2103488,-4358199;385,-141,145;543,-99,-8
rua||artur campos belo|dos machados|36275000|14,-2103358,-4358219;32,-1,-12;36,-26,3;54,-15,-2;78,-17,-4;90,44,10;100,-62,-11;110,-12,5;126,1,1;136,-11,-1;140,-9,22;144,-14,8;164,-1,3;198,-14,25;246,-31,39;256,1,0;266,-7,14;292,-20,13;298,-11,14;308,-4,9;326,-11,6;336,-6,4;350,-10,4;364,-16,4;374,-11,1;384,-101,-74
rua||canjamba|canjamba|36278000|40,-2102617,-4370361;52,209,108;53,21,-6;56,127,241
rua||chiquito benedito|centro|36275000|29,-2102449,-4357701;57,-16,19;163,6,-6
rua||costa matos|campestre|36275000|147,-2103204,-4358345;157,-1,2;166,-12,0;175,-6,-5;176,1,0;185,-10,-3;190,-12,-9;193,3,3;199,-1,7;204,-9,-18;209,-1,14;218,-22,-9;222,9,-23;227,-13,17;228,-1,-19;230,5,14;239,-4,6;248,-5,-16;258,25,-11;259,-35,5;274,-5,-17;284,26,6;287,-36,-4;294,-5,28;304,38,-47;308,-53,-7;326,-7,-25;340,-4,3;350,-13,-6;357,4,9;367,-16,-5;374,-12,-10;377,16,10;389,-27,-7;403,-3,-4;407,-5,-2;408,-12,2;410,-6,-12;413,6,21;425,-10,-3;430,-45,1;435,38,-1;447,-12,-2;459,-11,2;469,-5,-4
rua||costa matos|dos machados|36275000|273,-2103526,-4358442
rua||cristiano andrade|centro|36275000|4,-2102730,-4358404;12,-7,-8;15,5,19;20,-9,-21;23,-4,5;33,-9,-18;44,2,-3;45,-17,-3;48,17,-3;55,-100,-191;58,93,189;69,-18,-4;72,-6,-17;74,3,18;79,-9,-11;84,5,-3;93,-3,-1;100,-9,-8;105,-2,0;111,-2,-8;114,-5,-3;121,-7,-8;127,5,-63;142,-7,42;160,32,47;188,-23,-94;206,12,-2;215,-11,-13;250,-6,-30;261,-7,-19;266,19,25;302,-52,-65;306,-24,-17
rua||divino espirito santo|palmital dos carvalhos|36278000|15,-2098398,-4367286;25,13,9;48,-16,-7;52,28,3;67,24,10;82,33,1;84,-4,2;103,13,4;109,14,-8
rua||do rosario|centro|36275000|2,-2102808,-4358235;11,6,-17;25,6,18;28,8,5;32,1,3;39,3,-11;46,17,19;49,1,-8;55,-2,8;66,6,4;67,10,3;70,6,14;90,-2,10;91,0,-8
rua||dos expedicionarios|centro|36275000|1,-2102942,-4357922;8,1,-15;14,-6,3;18,-3,-4;20,-8,-31;38,2,55;48,-6,14;54,-5,2;58,-11,-12;74,-2,29;86,10,5;92,-16,10;112,4,13
rua||feliciano benedito|centro|36275000|327,-2103064,-4357617;333,1,0
rua||francisco adelino dos santos|japao|36275000|3120,-2106409,-4362298
rua||francisco nogueira de assis|centro|36275000|30,-2102326,-4357644;32,-23,7;37,10,-6
rua||frederico ozanan|centro|36275000|1,-2102649,-4358227;22,7,9;27,6,10;28,-14,-6;38,11,19;46,-7,1;134,-4,-29;151,-4,-29;159,-7,-8;164,10,13;171,-7,-16;181,-7,-3
rua||fulgencio de carvalho|dos machados|36275000|8,-2103503,-4358390;22,-18,33;28,4,-16;30,-18,30;51,9,-17;71,-16,16;80,-32,42;81,-3,-5;82,-52,57;91,67,-68;110,-16,24;138,-41,35;144,-6,4;145,-7,1;201,-47,13
rua||geraldo gonzaga silveira|centro|36275000|27,-2102371,-4357570;37,-15,5;59,-14,7
rua||geraldo m oliveira leite|centro|36275000|125,-2102534,-4358176
rua||geraldo martins de oliveira leite|centro|36275000|253,-2102586,-4358130
rua||geraldo santos coelho|dos machados|36275000|123,-2103638,-4358101;406,8,7;468,-28,-46
rua||hermenegildo a carvalho|palmital dos carvalhos|36278000|10,-2097924,-4367026
rua||hilario guedes|centro|36275000|20,-2102505,-4358013;30,-11,8;42,16,17;475,12,56;481,15,12;549,1,54;594,-34,37;840,39,-32
rua||joao alvim do carmo|centro|36275000|3,-2102942,-4358190;29,-6,3;31,-9,-11;48,-2,-7;56,-16,-10;57,11,0;66,0,14;69,-18,-12;73,-9,-13;76,14,-9;86,4,-17;93,-21,9;98,-3,-3;106,-15,13;107,-6,-16;111,-2,-6;116,27,-3;121,-23,-2;126,2,2;130,-47,17;138,42,-34;143,24,12
rua||joao celestino de carvalho filho|palmital dos carvalhos|36278000|35,-2099000,-4367972;300,-22,68;360,-116,-271;2370,139,337
rua||joao duarte passos|campestre|36275000|15,-2103188,-4358364;25,29,22;31,-11,-3;41,-4,-34;49,21,17;53,-14,-15;55,30,5
rua||joao felipe ferrao|centro|36275000|30,-2102815,-4358650;36,12,2;52,17,0;66,0,-5;70,19,-7;71,-6,21;120,43,-11;136,9,8;156,22,-4;176,13,-1;216,54,5;280,-181,-3
rua||joao francisco de assis|centro|36275000|152,-2103024,-4358306;154,53,-89;164,12,50;169,0,-5;175,-30,12;176,-5,45;178,7,39;182,22,-100;192,-14,0;198,19,42;199,-18,-46;208,-28,-21;221,24,104;229,-37,-17;237,-1,6;284,74,-38
rua||joao m ferrao|centro|36275000|37,-2102408,-4357566;38,-6,7;47,21,19;58,-83,-124;68,31,56;94,3,13;97,13,-1;99,4,-15;106,-9,24;113,20,11;118,-35,-46;128,-10,-9;140,-22,-1;147,27,-13;148,-26,0;167,-2,-31
rua||joao o leite|centro|36275000|221,-2103511,-4358114
rua||joao paulino do santos|japao|36275000|30,-2106594,-4362731;305,120,158;2500,-102,-154
rua||joaquim r carvalho|centro|36275000|28,-2103344,-4358206;30,-20,11;33,-6,-15;53,0,0;69,-9,14;72,-21,-6;79,-2,13;103,-48,29;108,-7,-4;113,2,14;159,-18,28;169,-6,17
rua||jose antonio domiciano|centro|36275000|22,-2103097,-4357878;58,27,18;68,9,17;76,8,-11;80,4,18;90,-4,44;267,-42,-86;275,1,-9;295,17,14;299,10,2;311,8,5;320,-10,3;321,16,1;335,13,5
rua||jose francisco milagres|centro|36275000|1,-2102463,-4358584;3,-35,-35;5,38,4;43,-130,1;66,26,12;100,82,3;120,-7,6;131,21,-10;460,-137,-3;490,63,-3
rua||jose higino da fonseca|palmital dos carvalhos|36278000|38,-2098380,-4367389;48,13,2;165,79,-37
rua||jose luis de carvalho duarte|palmital dos carvalhos|36275000|46,-2098159,-4367252;185,43,97;355,-38,-157;373,5,-1
rua||jose luiz iatarola|centro|36275000|25,-2102517,-4358074;43,15,-19;45,-17,-10
rua||jose matheus|centro|36275000|36,-2103124,-4357856;71,15,57;80,-4,8;81,-2,6;91,-1,14;92,-5,-35;99,8,40;109,-12,12;118,2,7;201,17,86;203,-12,-108;215,3,91;246,12,27;247,0,4;258,27,0;264,-36,-30;287,20,37;310,-33,-235;320,3,9
rua||jose pereira de souza|centro|36275000|28,-2102932,-4358230;38,11,-3;46,-4,-10;48,-13,-6;70,-46,-25;77,49,6;89,-25,-14;90,-7,-15;100,46,74;199,-49,-73
rua||jose rodrigues oliveira|centro|36275000|3,-2103102,-4357867;53,15,37;63,5,18;64,0,-5;81,0,13;96,6,20;97,-2,-2;106,-6,13;111,4,0;112,-1,6;119,1,6;124,7,1;126,38,28;134,-34,-11;135,-14,2;147,8,4;155,6,7;161,5,6;195,17,32;210,43,20;213,-38,-18;214,15,-2;233,7,20;240,34,-27;243,-30,35
rua||jose simoes de resende|centro|36275000|1,-2102706,-4358166;98,-14,-24;100,22,15;102,-20,-4;110,19,17;112,-19,-15;115,21,25;116,4,-5;117,-5,12;141,20,17;161,16,4;162,-25,-23;163,16,12;172,-16,-11;180,13,15;184,-11,-2;193,51,17;203,-24,-22;206,5,16;210,16,6
rua||lordino augusto de carvalho|palmital dos carvalhos|36278000|15,-2098772,-4367717;98,15,-1;199,28,25
rua||luis carvalho duarte|palmital dos carvalhos|36278000|29,-2099978,-4367298;2012,-25,20
rua||luiza angelina conde|japao|36275000|1,-2106366,-4362235;2,-8,3
rua||manoel leite|centro|36275000|30,-2102400,-4357741;45,-20,-3;46,4,4;210,-2,15
rua||maria lucia pinto|palmital dos carvalhos|36278000|109,-2098426,-4367309;147,7,20
rua||martinho passos|centro|36275000|101,-2102695,-4358253;104,4,-1;112,2,15;115,9,-8;121,0,11;124,3,1;134,-14,9;151,17,-6
rua||milton albuquerque|centro|36275000|16,-2102744,-4358307;43,2,15;53,17,11;56,-4,1;84,-24,-33;85,47,50
rua||nair helena de carvalho|palmital dos carvalhos|36278000|52,-2098186,-4367412
rua||nego benedito|centro|36275000|128,-2102983,-4357834;134,4,13;154,4,15;164,1,11;174,11,-1;196,9,22;206,2,10;226,2,16;236,3,6;246,2,17;256,-4,-18;270,0,-15;274,-2,36;278,2,9
rua||olimpio belizario|palmital dos carvalhos|36278000|94,-2098335,-4367237;140,42,-12
rua||palmital dos mateus|palmital dos mateus|36278000|16,-2102241,-4368792
rua||palmital dos pereiras|palmital dos pereiras|36278000|3,-2096493,-4365173;6,186,121
rua||patrus joao simao|palmital dos carvalhos|36275000|41,-2098163,-4367275;401,25,-24
rua||pedro dos santos coelho|centro|36275000|17,-2102834,-4358552;27,8,-10;37,-5,-3;40,-273,-245;51,268,228;55,-22,-53;144,-12,-11;160,-3,8;180,-25,-40;204,-6,-10;251,-62,-54;262,25,33;268,-25,-35;299,-42,-40;441,-8,-3
rua||pedro gustavo filho|dos machados|36275000|338,-2103692,-4358718;538,62,95;548,-12,-10;562,-12,-9;609,-102,-105;622,71,76;632,-16,-17;638,-8,-16;650,-8,-8;696,-15,-41;702,-29,14;711,42,31;722,-40,-56;751,11,21
rua||pinheiros|pinheiros|36278000|2,-2098340,-4365456;3,-501,189;20,239,-327;24,-609,-392;25,559,253;31,-141,-107;36,-419,-142
rua||pinta pau|pinta pau|36278000|70,-2096168,-4366260;74,-554,-117
rua||quinca dornelas|centro|36275000|24,-2103050,-4357657;36,8,14;46,-10,6;57,5,-10;69,-11,18
rua||regino dias rosa|palmital dos carvalhos|36278000|16,-2098474,-4367419;38,54,45;43,-30,-1;67,17,-14;76,48,41;79,-17,-9;80,-1,-5;86,155,-9;99,-118,35;103,-20,-6;130,44,-5;132,9,3;208,53,-20;216,12,3;231,-15,3;236,25,-9;253,-7,9;265,31,0;278,22,-2;279,-41,-2;286,55,5;290,-297,-68
rua||retiro das laranjeiras|retiro das laranjeiras|36278000|2,-2098611,-4366751;3,-205,-80;10,1013,-165;14,-265,141;77,688,261;78,-99,-245
rua||sebastiao celestino de carvalho|palmital dos carvalhos|36278000|1,-2098944,-4367738;57,-139,-2;143,15,-14;163,-29,18;173,142,9;175,-145,0;191,-12,1;283,-93,43;306,-8,-7;385,-65,46;450,103,-63
rua||sebastiao jose maria|japao|36275000|1,-2106623,-4362342;220,52,0
rua||sem denominacao 1|centro|36275000|47,-2102961,-4357838
rua||sem denominacao 2|centro|36275000|314,-2103155,-4357876;315,-2,11;317,-25,-24;318,-12,33
rua||sem denominacao sitio gabiroga|campestre|36275000|700,-2103467,-4358627
rua||sem denominacao|centro|36275000|10,-2103455,-4357800;28,690,-792;100,-839,702;120,3,11
rua||sem denominacao|chatuba|36275000|1,-2099222,-4354401;2,64,21;10,-194,262;17,130,-292;88,-138,253;250,162,-511;1765,-11,260;3765,-6,-6;3840,15,-22;4241,34,-19;4380,-34,1;4580,-65,64
rua||sem denominacao|japao|36275000|51,-2106360,-4361712;53,102,-112
rua||sem denominacao|senra|36275000|1,-2099389,-4354122;15,158,185;27,-355,-454;42,-20,121;49,-113,321;52,246,-180;68,-177,-84;82,309,225;91,-283,-252;150,138,84;223,51,37;225,-21,-16;350,-191,-61;590,16,-52;600,2,0;714,354,288;744,5,-69;3210,-379,-153;8675,526,120
rua||treze de maio|palmital dos carvalhos|36278000|45,-2098569,-4367597
rua||vicente jose do carmo|palmital dos carvalhos|36278000|1,-2098547,-4367530;46,57,-56;56,4,-1;226,2,5
rua||vicente paulo passos|dos machados|36275000|10,-2103629,-4358689;22,-65,-7;50,37,-28
rua||vinte e um de outubro|palmital dos carvalhos|36278000|3,-2098734,-4367628;11,-5,2;30,-32,-23;32,-10,-8;48,-7,-14;58,-13,-1;66,-11,-4;75,27,17;98,-42,-46;99,-2,10;122,-15,-12;128,-16,-13;136,-19,-14;138,-2,26;156,-2,-29;166,-25,12;192,-10,-8;195,191,108;196,-6,-3;217,-190,-90;274,-10,-24
travessia||alcides mateus|centro|36275000|25,-2102790,-4358006;39,-6,26;40,-5,2;54,6,-30
