alameda|prefeito|joao herculano de souza lopes|boa vista|35700646|42,-1946091,-4423927
avenida|pio|rodrigues de lima|silva xavier|35705000|41,-1934153,-4423936;51,7,2;52,19,-12;54,11,-2;56,3,0;160,97,-8;205,182,-46;269,-266,57;289,34,-5;431,-307,29;443,-12,9;455,0,-2;467,-16,-2;477,-48,67;479,42,-65;489,-4,-3;499,-15,-3;509,-10,9
avenida||antonio fonseca leal|cidade de deus|35700001|520,-1941652,-4420033;1001,-156,16;1269,143,-18;1279,61,-1;1291,-71,1;1299,79,-30;1315,10,24;1319,299,-26;1521,-137,12;1581,101,-12;3503,-461,47;3507,-12,2
avenida||antonio fonseca leal|cidade de deus|35703243|1170,-1941801,-4420009;1180,4,0;1190,16,-1;1200,15,-1;1210,0,-2;1220,19,9;1230,13,-12;1240,14,-2;1250,9,0;1260,10,31;1270,11,-24;1280,2,-7;1290,20,-4;1300,6,0;1310,6,0;1320,16,-2;1330,4,-4;1340,9,2;1350,9,-1;1360,13,-4;1370,8,1;1380,13,-5;1390,3,4;1394,35,-2;1400,16,-1;1402,71,-8;1410,-72,4;1420,8,-6;1440,16,6;1450,7,0;1460,21,-6;1470,5,4;1480,6,-3;1490,12,1;1500,12,-5;1510,1,7;1526,26,-8;1536,27,1;1544,26,-3
avenida||antonio fonseca leal|cidade de deus|35703264|1590,-1941283,-4420061;1600,16,1;1610,11,-2;1620,18,-2;1630,-2,0;1640,4,3;1650,10,-5;1660,12,1;1670,10,-3;1680,6,-3;1690,12,4;1700,9,2;1710,9,-9;1720,12,7;1730,5,1;1740,12,-1;1750,0,-1;1760,13,-3;1770,17,0;5506,-55,3
avenida||antonio fonseca leal|santa felicidade|35703243|79,-1942516,-4420212;299,105,237;339,59,5;356,188,-1;380,28,-4;399,-137,2;400,160,-8;489,-42,-1;499,11,-4;699,56,-110
avenida||arthur lanza|dante lanza|35701487|227,-1946473,-4422894;269,39,42;281,13,6;283,6,6;321,41,21;415,109,3
avenida||jose tavares leao|eldorado|35702167|15,-1948050,-4427854;485,165,-439;561,10,-29;571,8,-5;581,2,-6;591,-1,-4;601,10,-18;611,10,-5;615,-7,-4;621,5,-5;631,3,-5;641,7,-15;651,5,-1
avenida||jovelino lanza|jardim arizona|35700353|33,-1946268,-4425450;55,8,-11;56,4,46;67,3,-57;70,5,18;99,0,-34;104,21,-1;113,-10,-15;116,6,1;137,3,-20;149,6,-10;158,40,14;170,-25,-17;173,-3,-26;182,5,9;191,2,-19;194,4,17;205,3,-31;210,3,11;230,11,-13;231,6,-33;240,-5,30;250,8,-18;272,14,-33;293,0,-19;294,9,8;305,-10,-14;308,14,1;317,-4,-13;318,8,8;321,-6,-9;325,3,-1;332,9,0;337,-2,-18;344,9,3;349,-3,-15;363,4,-9;364,5,13;375,-2,-26;376,13,19;395,2,-26;445,7,-32;457,9,-11;463,12,-22;471,4,-7;481,-3,-4;483,9,-7;493,-2,-3;505,10,-17;515,2,-3;525,3,-13;531,8,-7;551,10,-9;575,1,-23;587,11,-20;599,3,1;605,1,10;611,17,-475;663,6,409;678,14,7;681,-5,-19;688,6,15;693,1,-25;708,11,-6;719,9,-25;730,-1,20;731,1,-32;742,6,15;745,2,-26;754,8,8;759,-7,-17;768,11,8;778,5,-7;779,-10,-11;803,18,-35;886,55,-76;897,-3,-20;898,3,14;909,-8,-30;945,31,-32;946,5,14;970,6,-19;990,15,-30;1001,0,-6;1005,8,-14;1012,-3,10;1119,23,-52;1131,6,-20;1132,12,18;1171,0,-41;1176,11,6;1188,4,-11;1200,13,-21;1201,-24,12;1230,35,-39;1242,7,-13;1245,-10,1;1257,5,-14;1260,20,-15;1269,-15,5;1300,24,-21;1307,-11,-3;1316,18,-14;1319,-8,0;1330,18,-12;1331,-15,-4;1345,-1,-7;1362,24,-8;1367,3,-31;1374,12,-1;1385,-4,-13;1386,8,6;1410,5,-9;1441,4,-35;1442,5,13;1453,1,-20;1454,3,5;1464,4,-9;1477,3,-24;1478,11,8;1532,24,-47;1533,-10,-4;1544,9,-8;1545,-4,3;1556,19,-13;1581,3,-26;1593,5,-8;1596,-4,8;1605,-7,20;1620,38,-64;1632,-5,2
avenida||messias herculano rocha lima|verde vale|35702586|20,-1941519,-4422594;41,1,21;61,-14,34;62,-11,-14;81,4,27;86,-3,-7;91,3,9;101,0,10;111,-5,10;121,-2,4;126,-12,-28;131,12,40;136,-10,-22;138,2,9;141,-1,25;149,-7,15;150,9,-33;151,-4,23;172,-12,-2;180,8,20;182,-6,1;191,-10,32;195,-37,102;196,42,-126;201,-9,32;208,6,-26;228,-11,23;229,-10,46;240,3,-28;278,-5,20;290,-5,10;291,3,9;301,-1,9;302,-7,1;311,-3,16;321,1,5;328,-4,-5;331,-3,12;340,3,-3;341,0,12;348,-38,85;351,35,-74;361,-7,7;371,-2,11;381,-5,11;386,1,-6;391,-3,14;401,2,10;406,6,-7;411,-14,15;416,-3,-10;421,2,15;424,-4,-6;431,3,23;436,-9,-11;441,1,21;458,-6,-4;468,16,-38;478,-22,62
avenida||nossa senhora de lourdes|lontrinha|35702482|75,-1940436,-4434340
avenida||nossa senhora de lourdes|lontrinha|35702715|10,-1940541,-4434214;12,-157,369;40,220,-481;50,9,-32;70,10,-18;80,11,-10;82,2,-12;110,21,-49;377,1129,-391;399,42,14;452,-1300,642;500,1303,-527;525,-1446,802;535,-6,20;537,9,-13;540,6,-42;541,-5,26;552,1,-73;553,2,29;555,-5,-6;600,5,-23;605,0,-32;617,8,-16;635,1,-11;653,8,-14;655,4,-16;665,16,-17;685,1,-12;705,14,-23;715,5,-10;725,8,-10;735,8,-4;759,10,-10;761,9,-6;763,7,-12;765,7,-2;771,3,-10;801,55,-34;805,6,-20;813,3,-12;815,9,-13;820,-89,139;821,100,-159;830,-98,155;840,10,-10;5039,1209,-714;5045,44,108;5050,11,54
avenida||nossa senhora de lourdes|pousada do sol|35702715|158,-1942631,-4434205
avenida||sete lagoas|cidade de deus|35703329|510,-1941402,-4418688;520,8,-1;530,8,0;540,19,2;550,5,-3;560,1,-15;570,13,8;580,13,3;590,5,-4;600,17,-2;610,1,-3;620,13,0;630,6,3;640,14,-9;650,9,3;660,6,3;670,7,-6;680,14,2;690,2,4;700,13,-6;710,10,-1;720,3,-3;730,14,0;740,7,1;750,7,0;760,13,-3;770,9,-3;780,4,2;790,9,1;791,-16,-1;800,30,-5;810,12,-1;820,2,-1;830,10,1;840,10,-1;850,4,-1;860,4,-3;870,11,-1;880,16,5;890,9,1;891,0,-31;900,6,26
avenida||vila lobos|centro|35700068|4,-1945304,-4424560;7,6,-11;14,-6,7;30,3,-14;35,-26,1;46,28,-10;57,-1,-18;69,-8,-10;81,-2,-19;109,5,-27;123,3,-7;124,13,-3;134,3,-5;137,-15,-7;147,7,-8;160,8,-8;165,-12,-1;172,19,-15;177,-16,1;186,39,-23;189,-32,10;201,2,-3;209,1,-10;275,5,-59;281,9,-5;291,-3,-20;315,8,-22;325,-5,-16;335,5,-8;347,2,-7
avenida||vila lobos|jardim cambui|35700068|216,-1945279,-4424760;262,3,-28;278,8,-15;286,3,-13;332,9,-30;344,10,-23;356,-10,-12;404,10,-36;409,-11,-12;416,16,-11;455,3,-62;461,-8,5;471,5,-5;505,5,-11;519,7,-19;531,-5,-28;551,7,-26;625,14,-100;715,-10,-43;725,30,-21;739,6,-26;887,25,-36;911,18,-10
avenida||vila lobos|mangabeiras|35700068|1224,-1944999,-4425588;1229,-30,-8;1251,10,-27;1265,-2,28;1286,15,-38;1301,25,-49;1320,4,-8;1331,-6,-5;1344,17,6;1399,11,-59;1400,13,12;1411,-4,-30;1412,16,22;1433,-11,-32;1446,20,-4;1447,-12,-14;1458,13,-3;1459,-8,-8;1470,14,2;1471,-11,-12;1482,14,8;1485,-6,-17;1508,20,-5;1513,-14,-6;1514,23,-10;1520,3,-6;1537,-9,-11
avenida||vila lobos|mangabeiras|35700420|1562,-1944866,-4425894;1601,-6,-19;1613,9,-15;1649,10,-23;1650,11,-4;1669,-3,-22;1679,13,-17;1697,7,-11;1698,1,32;1710,4,-14;1740,9,-18;1752,4,-7;1755,5,-36;1760,6,-2;1767,7,-22;1792,7,-2;1811,5,-14;1825,12,-20;1837,8,-6;1840,-9,7;1848,16,-17;1860,2,-5;1861,-9,-11;1872,17,-3;1873,-13,-7;1884,12,-3;1885,-8,-12;1897,8,-11;1909,4,-2
avenida||vila lobos|nossa senhora do carmo|35700068|456,-1945235,-4424990;468,-3,-13;506,9,-9;516,2,-29;520,6,-5;530,12,-12;560,-8,-36;576,14,-12
avenida||vila lobos|nossa senhora do carmo|35700420|624,-1945198,-4425167;636,4,-16;730,0,-61;802,38,-63;830,5,-8
avenida||vila lobos|panorama|35700068|854,-1945140,-4425332;866,8,-32;880,-2,-23;935,-30,30;947,41,-16;965,-4,-16;1006,21,2;1007,-11,-30;1018,-7,-17;1036,62,33;1037,-42,-42;1048,46,30;1060,-10,-69;1077,-3,-21;1088,6,9;1158,14,-40;1170,4,-11;1171,9,-1;1182,-3,-8;1187,3,-16
beco||da avenida vila lobos|jardim cambui|35700068|346,-1945223,-4424866;348,3,3;350,-1,7;352,-6,-8;360,17,6
beco||joao mendes linhares|tamandua|35702052|8,-1945643,-4419630;10,-4,6;12,-34,8;14,32,15;20,-4,9;30,-6,30;31,-1,5;40,-12,32;52,-8,33;53,15,-44;64,-27,79;76,-6,24;88,-9,41;251,67,-233;271,-7,32;291,-6,18
estrada||aracai a sete lagoas|estiva|35704899|150,-1936005,-4424130
estrada||cascata da tia lais|morro redondo|35700001|3,-1953240,-4428891
estrada||de acesso a lontra|lontra|35702715|10,-1940964,-4443560;82,14,56;100,-31,-166
estrada||de acesso a lontra|lontra|35703874|6,-1944323,-4438188
estrada||funilandia a sete lagoas|catavento|35703106|1,-1939681,-4413929
estrada||para a lontrinha|pousada do sol|35702715|108,-1942698,-4434139;180,133,-18
estrada||rua lontra|lontra|35701800|25,-1941501,-4444191;99,452,312;296,-432,-349;515,86,-9;527,16,3;729,201,46;777,135,369
fazenda||da lapa|barreiro|35703710|458,-1944747,-4430856
praca|nossa senhora|de lourdes|barreiro de baixo|35702715|21,-1944433,-4433553;31,25,-2;41,11,-7;385,-28,30
praca||alexandre lanza|centro|35700040|4,-1946450,-4424839;6,-9,-8;10,7,-6;15,-46,2;16,49,-8;22,0,-7;68,-34,2;80,-10,6;94,-10,7;104,-9,13;105,-12,4;106,9,-4;112,-2,5;122,-10,0;130,-6,2;138,-4,4;150,-14,5
praca||alexandre lanza|centro|35700049|15,-1946487,-4424842;81,2,15;89,7,26;99,-20,-21;105,-16,-10;107,8,13;141,-26,3;159,-11,-5;189,-24,16
praca||geraldo lucio|bela vista|35703060|18,-1943853,-4421008;19,-16,18;30,10,-7;88,-18,33;102,10,21;108,37,25;114,-25,-6;128,-6,8;186,37,-14;192,17,-12;198,4,3;216,16,-17;252,-13,-31;270,-17,-12
praca||jose cirilo leao|canaa|35700320|10,-1947093,-4425902
praca||xavier larena|centro|35700003|8,-1945619,-4424425;12,25,1;16,0,0;969,12,6
rua|doutor|carlos v f linhares|residencial campestre|35704899|31,-1943912,-4419834;57,34,2;64,2,-8;81,-27,7;88,5,-8;100,-8,1;112,-13,-1;124,-6,-6;136,-14,5;148,-17,-9;160,-6,3;165,-13,1;172,-3,-2;184,-7,1
rua|doutor|lund|iporanga ii|35701221|85,-1948676,-4424032;97,-23,9;111,-15,3;117,-8,8;127,-12,3;137,-5,6;147,-11,2;157,-17,0;167,-2,6;175,-15,0;187,-5,13;211,-13,8;223,-19,1;235,-12,5;247,-7,2;261,-19,7;273,-9,3;287,-6,7;301,-18,-2;311,-14,6;323,6,-17;335,-2,-5;347,-5,-15
rua|doutor|lund|iporanga|35701221|14,-1948630,-4424056;26,-17,1;38,-9,-4;50,-11,-4;62,-10,14;74,0,11;86,-14,5;98,-11,5;108,-8,0;114,-12,7;120,-8,4;148,-13,3;152,-13,7;156,-10,0;186,-7,6;198,-15,11;210,-7,6;220,-9,-4;230,-9,2;240,-11,10;246,-11,-2;258,-2,2;260,-12,14;266,-10,-5;272,-12,7;300,-22,-2
rua|doutor|lund|pedras|35704899|111,-1955315,-4423998;113,-41,-25;127,48,26;153,25,-1;165,25,-4;185,8,6;195,24,-4
rua|doutor|murilo fernandino lanza|mangabeiras|35700428|20,-1944940,-4425891;32,32,5;44,8,6;150,96,58;162,10,8;180,12,0;244,31,18;258,15,9;270,11,5;282,9,5;336,32,23;348,10,0;360,14,15;394,19,1
rua|doutor|pedro luiz|centro|35700004|210,-1945992,-4424406;212,6,-6;220,-1,1;225,16,-1;230,-3,0;232,10,-8;237,7,14;244,-1,-14;256,4,4;266,8,9;280,21,-4;310,27,0;315,0,-4;318,0,4;324,17,0;327,-4,-6;339,10,-3;340,2,5;348,11,0;360,7,1;363,-5,-4;370,9,3;374,6,-1;376,7,-4;377,4,12;380,-4,-5;388,8,-7;399,11,-4;411,9,-12;415,2,15;421,6,11;429,16,-5;469,20,-13;473,7,4;483,14,2;489,1,-3;499,25,-1;514,-15,10;515,22,3;526,53,-17;537,-37,11;559,15,-2;565,1,-278;570,8,288;571,16,15;580,-6,-26;581,10,-5;616,22,7;617,0,-10;629,22,8;639,2,6;641,12,2;643,-12,-10;645,16,7;647,6,-2;649,-2,0;651,19,-6;661,3,-11;719,6,-5
rua|engenheiro|alcides lins|esmeraldas ii|35702104|20,-1948179,-4420266;40,2,16;51,7,8;52,-6,0;57,5,9;64,-7,8;65,9,-2;76,-6,4;77,3,8;81,0,12;88,-4,-2;100,0,13;105,4,11;112,-4,-5;117,7,17;124,-5,-1;148,-4,20;154,6,13;159,4,-13
rua|major|oswaldo lourenco|santa maria|35702090|37,-1947288,-4421305;39,206,185;57,-193,-176;69,5,7;76,45,48;88,37,26;106,24,27;111,-68,-65;112,78,75;124,11,10;136,4,6;157,11,2;160,-3,5;169,10,5;170,6,9;184,9,10;200,10,8;208,10,2;220,1,5;1173,-97,-96
rua|nossa senhora|de lourdes|barreiro de baixo|35701539|22,-1944367,-4433581;41,-13,2;51,-6,-8;56,36,-50;78,-42,-2;79,-26,21;80,25,-20;90,14,-18;100,-45,14;110,25,-36;127,-28,46;139,-9,-6;150,-9,-10;151,-16,-2;165,-10,-12;170,-1,-4;171,-19,35;172,-1,-44;181,-7,78;184,-9,-78;191,12,84;194,-60,-28;196,65,-28;197,-1,60;209,6,10;210,-12,-44;220,-51,11;240,22,12;254,-7,5;264,-1,35;326,75,20;338,-23,12
rua|santa|lucia|emilia|35701068|658,-1944043,-4422102;670,8,13;720,31,26;723,24,7;733,-10,12;769,-62,-67;779,8,15;781,14,11
rua|santa|lucia|sao vicente|35701068|24,-1944494,-4422522;25,7,-1;26,4,12;60,-5,-6;65,9,2;72,7,21;84,6,6;85,1,-13;96,9,22;97,3,-3;103,4,4;108,-7,8;115,18,3;118,-6,-2;125,14,10;132,-6,9;137,9,-3;144,-4,5;151,15,8;213,47,45;221,1,5;235,4,3;245,12,9;259,10,13;265,2,3;267,10,10;279,12,17;287,33,34;385,15,17;387,4,2;393,5,0;405,7,8;429,24,8;431,-4,12;441,13,0;453,6,25;497,58,33;511,9,7;520,2,11;523,-11,-17;532,25,35;533,0,-15;542,0,4;543,8,5;550,1,3;551,-13,-13;562,23,26;563,19,-17;574,-14,20;577,20,10;589,8,9;760,125,105;770,-13,20;782,19,-15;789,9,-2;794,10,18;795,5,-3;805,5,8;819,8,11;830,5,10;842,15,11
rua|santa|lucia|sao vicente|35701578|220,-1944383,-4422395;226,5,1;228,15,14;236,7,10;246,10,9;256,1,7;270,14,14;282,11,6;368,38,35;380,3,1;392,8,18;406,13,16;426,56,14;438,-20,10
rua|santa|luzia|new york|35701000|37,-1945023,-4423497;45,22,-17;85,15,-12;95,14,-5;98,3,7;103,5,-15;108,-20,50;120,30,-46;130,-12,115;157,45,-144;160,6,12;173,19,-27;176,-27,18;186,27,5;194,11,0;201,-33,-13;206,43,-10;222,4,15;239,6,-32;240,11,14;245,13,-23;257,8,-12;260,-5,36;270,2,-23;282,0,-5;310,39,0;311,7,-33;317,13,-4;323,-1,0;346,3,9;358,14,-2;365,3,-17;373,1,-2;390,5,4;410,31,-15;411,-3,-8;422,12,9;500,63,-28;507,-30,6;508,3,4;509,12,-6;513,-1,-2;517,32,-13;518,-23,21;519,46,-34;528,-41,20;540,17,-1;566,44,-20;570,20,-9;582,9,0;594,9,-11;600,5,-6;606,10,-3;618,15,-3;630,7,-12;817,168,-108;868,-62,44;884,21,-14;896,12,-9;904,12,-8;916,2,-1;928,9,-5;940,20,-7;952,9,-5;970,9,-8;992,6,1;1004,7,-5;1016,9,-8;1072,59,-46;1096,27,-14;1111,16,-27;1144,22,5;1180,19,-12;1192,11,-6
rua|santo|ignacio de loyola|jk|35704899|36,-1941959,-4425008;37,-6,-8;48,4,6;51,25,-8;60,0,6;72,9,-3;84,11,-1;96,3,-1;98,10,1;108,5,-1;120,17,-8;122,0,0;132,18,-4;143,-8,-2;144,16,5;155,-2,-13;156,7,12;165,11,-14;168,-6,10;175,35,23;180,-17,-28;272,32,-2;283,9,-8;284,0,2;300,22,5;301,11,-14;308,-4,7;320,18,-7;327,2,1;333,27,-11;357,3,-1;364,-16,10;369,44,-20;386,-28,22;410,23,-7;422,28,-11;434,-10,5;824,-293,56;840,306,-61
rua|sao|lourenco|nossa senhora das gracas|35700494|319,-1944134,-4424482;325,0,-1;333,-4,-17;335,3,6;347,-12,-22;359,7,-7;371,-3,-9;387,-12,-20;399,6,-6;409,-4,-18;415,0,-10;1705,24,119
rua|sao|lourenco|nossa senhora das gracas|35700497|27,-1944088,-4424209;43,-4,-18;53,-1,-3;56,4,4;63,-11,-19;64,10,-2;71,-8,-11;72,6,2;81,-9,-10;84,9,-3;93,-8,-6;98,2,-4;103,-5,-14;105,1,0;107,-2,-6;109,-3,-12;183,-7,-67;184,13,34;196,-4,-13;202,-8,-21;204,2,-4;212,-2,-10;213,-4,-2;225,-9,-6;230,12,-4;237,-12,-8;242,10,-3;249,-9,-15;252,5,4;269,7,82;310,-13,-130;322,-7,-19;332,0,-9;344,-3,-13;358,-1,-10;372,-1,-14;382,-3,-7;392,-3,3;410,-3,-22;420,-2,-11;460,-15,-45;472,7,-6;487,-8,-17;488,8,5;502,-3,-14;503,-5,-6;514,-3,-19;515,-2,6;525,-4,-8;536,15,-13;543,-14,1;551,-3,-12;559,-1,-12;561,1,-2;643,-14,-73;653,0,-11;681,-4,-18;693,-8,-16;707,0,-7;721,1,-13;726,5,-6;727,-10,-13;728,7,8;737,-5,-11;738,4,-2;750,0,-18
rua|sao|luiz|canaa|35700326|28,-1947024,-4426341;50,28,9;80,24,-8;104,26,19;118,11,-20;128,11,-4;140,4,-2
rua||abraham lincoln|jk|35702184|13,-1942488,-4424617;25,12,-4;35,5,0;44,6,9;56,10,1;59,9,-4;65,8,-11;68,-4,18;77,11,-8;80,-2,8;92,13,3;93,18,-3;104,-7,0;105,6,-7;116,6,7;119,-1,-4;127,16,1;128,-87,-2;176,123,13;183,7,-7;188,1,7;203,8,-8;210,1,9;215,15,-16;222,1,15;227,2,-19;234,10,19;239,2,-7;263,10,6;264,-7,21;275,17,-22;276,-2,2;287,14,-1;288,-13,13;291,27,-14;300,-4,11;303,6,-10;312,3,9;313,10,-1;324,1,2;325,13,-11;336,1,10;342,36,9;353,14,-12;354,3,8;365,11,-3;377,15,-3;380,-15,8;389,29,-4;404,-14,9;407,20,-1;416,-8,0;417,15,-7;425,16,4;437,4,0;440,-24,4;464,21,5;465,21,-8;476,-16,5;477,31,-4;496,9,6;499,7,-2;562,55,9;563,-9,-9;568,22,4;580,24,4;589,-20,-5;592,10,4;593,0,-3;604,11,5;605,-45,-7;613,54,2;616,0,7;622,13,-1;625,-15,-7;628,45,12;629,-19,-10;634,8,8;635,1,-7;646,11,8;647,1,-4;658,5,6;670,12,-4;671,10,1;682,3,4;683,-2,-6;689,20,3;753,30,2;765,11,1;766,3,-2;776,7,4;777,2,-1;789,-1,4;790,9,2;801,14,-1;816,7,1;817,4,-4;828,10,9;829,-8,-6;840,32,12;841,-1,-14;853,-43,1;865,65,0;1192,288,32;1197,14,2;1204,8,0;1215,-2,0;1216,1,-1
rua||abraham lincoln|planalto|35702184|930,-1941664,-4424537;934,10,1;946,6,1;951,12,-8;958,-3,6;963,19,-3;970,-7,5;975,15,-6;984,3,7;987,8,-8;996,0,9;1001,8,-4;1048,40,7;1055,-4,-12;1060,12,13;1063,4,-13;1071,13,3;1084,-5,7;1085,14,-7;1094,1,9;1097,19,-6;1100,-12,9;1101,48,-6;1103,-36,-3;1108,0,9;1120,11,0;1125,23,-3;1132,-13,2
rua||agostinho dos anjos lima|mata grande|35701681|15,-1948568,-4425303;18,10,-2;30,8,3;156,14,7;190,-1,-1;373,-15,-4
rua||albino da costa lima|barreiro|35703717|71,-1944444,-4432506;75,-6,14;81,-4,12;87,13,-35;91,6,-13;113,11,-30;117,3,-15;131,34,-84;137,8,-20;147,-30,81;161,0,-13;177,12,-13;247,20,-66
rua||aleixo lanza|canaan|35700298|40,-1946692,-4425166;41,-4,-1;52,-9,0;60,-15,2;72,-10,-1;84,-10,0;85,3,5;96,-16,-3;99,6,6;108,-19,-2;122,-10,3;134,-11,-7
rua||andre wagner de almeida lopes|iporanga ii|35704899|16,-1948964,-4423726;30,1,10;44,7,10;86,2,35;100,6,16;114,1,9;130,3,13
rua||angelo lanza|dante lanza|35701479|50,-1946669,-4423152;80,-81,43;88,3,-5;89,29,9;101,16,1;113,2,0;120,-17,2;125,35,8;132,-25,-7;180,38,9;192,7,6
rua||anthero lanza|dante lanza|35701486|53,-1946293,-4422920;54,4,-23;65,-15,43;78,-11,7;89,13,-5;90,-12,10;101,8,-1;102,-10,13;113,1,16;118,-6,2;126,-5,5;142,9,3;151,17,12;154,-19,17;166,-3,2;180,-13,4;3136,70,-148
rua||antonio fonseca leal|santa felicidade|35703243|552,-1941986,-4419990;562,18,-3;602,7,-3;612,11,0;622,9,0;632,14,-1;642,11,-1;652,12,-4;662,13,-1;672,8,3;682,10,2;692,15,-6;702,13,0
rua||antonio gaudencio lopes|mangabeiras|35700415|8,-1945027,-4425670;25,-5,0;37,18,14;48,54,27;72,8,7;84,19,10;111,-16,-15;114,54,42;123,-40,-28;135,8,5;147,25,3;159,0,1;264,66,55;265,33,9;277,-9,-6;289,24,1
rua||aurelio lopes|canada ii|35702752|23,-1944096,-4421059;24,2,-11;35,-9,12;36,-2,-8;47,-8,17;48,-3,-8;59,-6,10;60,-3,-5;69,-5,6;72,-4,-3;83,-6,14;97,-7,2;107,-17,9;108,0,-7;120,-11,6;121,5,1;131,-21,17;132,8,-15;144,-10,9;167,-17,14;189,-9,3
rua||barra longa|iporanga|35701228|661,-1948977,-4424197
rua||barra longa|iporanga|35701452|669,-1948979,-4424182
rua||bitula lanza|dante lanza|35701480|35,-1946803,-4423059;45,-8,1;75,23,4;87,51,2;151,24,16;181,-45,-17;199,88,28
rua||bitula lanza|vapabucu|35701480|30,-1946804,-4423063;32,2,-2;54,7,3;66,17,11;90,26,6;128,30,11;140,10,1;152,-2,-3;225,-118,-32
rua||bom jesus da lapa|quintas da varginha|35702814|781,-1958967,-4422777
rua||brasilina maria cristiano lazaro|bela vista|35701862|26,-1943792,-4421379;28,-3,-7;38,7,18;51,4,7;52,-6,-3;62,3,15;74,5,15
rua||candida dias lanza|dante lanza|35701489|36,-1946473,-4423084;48,-3,11;59,13,-11;60,-18,28;71,9,9;83,0,3;105,2,2;108,-25,35;114,0,0;121,14,-2;126,-13,9;150,-9,27;168,23,-84;180,-27,105;195,-7,20;204,-5,13;207,6,-11
rua||cecilia correia de lima|verde vale|35702571|11,-1941794,-4422662;20,-14,12;30,0,6;31,7,0;40,-12,10;41,9,4;50,-11,3;60,-5,10;61,8,5;70,-13,6;412,30,-62
rua||chichilo labbate|cedro e cachoeira|35700399|25,-1945577,-4425346;32,25,22;35,-10,-14;43,11,4;64,5,8;71,25,7;93,14,16;100,-13,-4;155,40,12;167,17,10;179,16,-3;180,-1,12;191,35,10;192,-28,-15;198,13,10;210,18,3;517,-89,-43
rua||conceicao ferreira lopes|catavento|35700401|7,-1934424,-4417880;11,370,-12;19,-342,10;20,125,14;21,171,-17;70,-278,-12
rua||crispim carneiro leao|sao geraldo|35700204|26,-1947322,-4424095;35,-12,4;40,10,-10;43,-8,8;49,-5,-12;54,8,-9;62,-6,-7;63,-4,5;75,-6,-14;76,6,-2;86,-4,-9;87,-7,-3;99,-5,-11;141,-27,-24;145,2,-9;150,18,-4;151,-14,-4;158,25,-23;163,-32,8;170,12,-4;171,-11,4;185,-8,-17;205,7,-13;206,1,-2
rua||daniela bahia lanza|dante lanza|35701483|47,-1946534,-4423097;67,-3,8;121,-14,61;131,0,8;143,-7,5;173,-3,26;185,1,10;197,-6,11;207,-2,17;227,-4,3
rua||daniela bahia lanza|vapabucu|35701483|64,-1946545,-4423078;76,-7,31;88,-4,-9;150,-11,70;180,-9,22;230,-4,13
rua||dante lanza|industrial|35701081|20,-1946912,-4422871;21,2,5;22,-6,-7;83,-5,4;84,2,-4;97,-9,1;98,-10,-8;110,-8,-2;111,7,6;121,-11,-2;129,-5,-2;149,-21,-4;261,27,4
rua||dante lanza|progresso|35701081|207,-1947011,-4422908;208,-4,-20;209,15,21;213,-17,-7;216,-3,-14;221,-4,6;230,-1,-13;233,-10,9;240,0,-13;255,-18,0;256,4,-4;278,-16,-13;290,-11,-10;295,-2,10;302,-1,-11;305,-11,2;312,-2,-11;324,-6,-9;325,-8,5;361,-14,-2;366,-20,-29;372,14,6;373,-13,11;378,-1,-17;385,-11,12;388,11,-18;393,-8,17;398,-9,-24;403,2,19;415,-7,-2;432,-18,-34;437,-1,15;441,-5,-7;444,-4,-20;453,-11,6;458,6,-9;470,-11,-4;479,5,14;495,-9,-5
rua||das laranjeiras|nossa senhora das gracas|35700495|37,-1944126,-4424178;48,20,-7;49,-10,6;60,20,-4;73,33,-6;77,23,-8;114,-4,1;138,21,0;145,22,-9;187,26,-4;188,-13,4;200,31,-5;209,-11,2;225,20,-8;230,2,4;247,11,-3;251,13,-5;255,13,-3;256,-17,3;263,25,-7;268,-8,3;278,14,2;299,28,-9;300,-3,5;311,10,-7;320,-4,4;323,19,-5;347,28,-6;356,-11,7;433,93,-23;446,-9,4
rua||domingos louverture|sao geraldo|35700177|31,-1946746,-4424296;47,-4,-10;48,6,3;52,-7,-10;57,0,-3;64,0,-5;68,-2,2;71,-5,-8;81,-10,-10;97,11,-17;103,-12,2;111,-2,-10;115,0,-2;121,2,-10;129,-7,-7;135,3,-1;141,0,-10;149,-3,-2;153,2,-2;161,-10,-5;176,39,105;195,-40,-137;203,-9,-9;209,5,-13;215,-1,-7;221,-6,-3;229,0,-6;233,-2,-9;241,-1,-4;247,3,-2;253,-1,-7;259,-2,-4;267,0,-12;271,-2,-2;279,2,-5;285,-18,-9;291,9,-5;297,-2,-8;305,3,-7;335,-15,-38
rua||dos lilases|montreal|35701354|18,-1945118,-4421804;30,11,8;33,0,5;42,-10,-7;400,12,12
rua||edson brasil lagoeiro|aeroporto|35701300|31,-1943015,-4422992;32,0,5;41,1,-12;42,10,-5;51,-2,-6;52,0,-10;61,2,-3;62,2,-4;71,3,2;72,3,-7;81,-6,-3;82,6,-5;91,-2,-8;92,8,-5;100,4,-9;101,-6,5;111,0,-7;112,6,2;122,2,-15;123,-7,-2
rua||elvira sena cordeiro lopes|mata grande|35701551|329,-1948575,-4425330;341,7,6
rua||elvira sena cordeiro lopes|mata grande|35701555|15,-1948725,-4425448;31,-7,20;100,66,114;136,-35,-133;142,7,8;148,7,9;160,5,6;161,69,156;172,-55,-145;182,89,131;184,-79,-117;196,12,15;208,5,10;220,12,8;244,24,12;300,-66,30;330,87,25;340,4,-18;342,3,-11;368,-12,-23;385,13,125;390,-54,-62;451,-13,3;463,-4,-6;474,-2,-16;475,22,28;486,-30,-35;498,-10,-12;544,-26,-34;616,-28,-47
rua||elza moreira lopes|eldorado|35702162|11,-1947980,-4427832;15,-1,-5;21,4,-1;31,4,-11;41,5,-10;57,8,-14;60,6,-1;67,-2,-10;70,1,11;77,0,-11;80,7,-5;90,1,-17;100,5,2;156,38,-53;159,-17,3;166,5,-4;169,-1,-11;176,6,2;179,-9,-3;186,11,-6;196,9,-7;206,3,-16
rua||fernando lanza|centro|35700545|29,-1946342,-4424184;30,1,4;31,3,10;40,-19,5;41,9,9;53,0,6;56,-21,-8;63,6,18;70,-130,224;82,120,-218
rua||flavia teixeira lima|mata grande|35701445|502,-1948594,-4425484
rua||flavia teixeira lima|vale das palmeiras|35701445|52,-1948313,-4425340;85,-39,-20;90,-6,4;97,-2,-11;102,-2,3;109,-9,1;114,-3,-5;121,-7,-2;126,3,0;133,-17,-5;138,1,-4;145,-9,1;150,4,-4;157,-14,-3;162,3,0;169,-10,-5;174,3,-1;185,-15,-2;186,5,-1;197,-23,-8;198,6,0;210,-7,-4;222,-12,-2;234,-6,-4;275,-13,-5
rua||flor de liz|residencial florabela|35701634|30,-1944592,-4432765;31,-53,-33;54,-24,-33;66,-1,-3;101,-36,-7;149,-35,-32;190,133,92
rua||flor de lotus|residencial florabela|35701629|73,-1944661,-4432985;372,-19,-20
rua||francisco goncalves lourenco|belo vale ii|35702333|84,-1940726,-4422569
rua||francisco goncalves lourenco|belo vale ii|35702616|12,-1940750,-4422636;65,12,10;75,10,44;85,4,16;95,6,12;105,2,10;165,17,61;170,-11,10;175,14,5;180,-4,5;190,1,5;191,7,0;200,-7,6;201,11,5;210,-8,9;211,9,-1;220,-5,12;221,6,-5;230,-3,12;231,7,2;240,-5,7;241,5,2;250,-5,9;251,13,1;260,-13,9;261,16,-1;270,-12,7;271,15,-2;280,-11,20;281,8,-11;290,-8,13;291,12,1;535,-77,-256
rua||francisco goncalves lourenco|jardim dos pequis|35700001|325,-1940655,-4422300;335,7,6;345,-1,14;355,3,10;365,4,6;375,1,6;385,0,8;395,7,13;405,-5,11;415,7,7;425,1,6;435,1,12;445,5,9;455,4,17;465,-2,3
rua||francisco goncalves lourenco|jardim dos pequis|35702616|330,-1940660,-4422302;340,1,11;350,1,5;360,2,12;370,-2,7;380,10,9;390,5,9;400,-1,12;410,3,13;420,3,2;430,0,10;440,0,8;450,6,10;460,0,13;470,5,4
rua||geraldo camilo de lima|jardim dos pequis|35704080|15,-1941083,-4422297;24,6,2;25,0,-6;34,11,7;35,-7,-8;44,14,8;45,-1,-12;54,8,8;55,-3,-6;64,11,3;65,0,-10;74,12,2;75,-7,-4;84,10,1;85,-2,-3;94,16,4;95,-1,-3;104,4,3;105,4,-12;114,10,6;115,-4,-7;124,12,3;125,4,-5;134,-4,9;135,2,-12;144,13,8;145,0,-11;154,7,5;155,2,-7;164,6,8;165,3,-8;174,11,3;175,4,-5;184,-4,5;185,12,-6;194,-1,7;195,7,-13;214,16,5;215,-8,-14;224,16,12;225,-3,-10;234,12,9;235,4,-13;244,6,9;245,-4,-9;254,11,8;255,-1,-9;264,15,2;265,-4,-7;274,10,5;275,-2,-9;284,5,8;285,-1,-10;294,13,1;295,-2,-2
rua||geraldo de moura lanza|aeroporto|35701460|30,-1943246,-4423082;31,0,-7;40,6,-5;41,-3,-2;50,6,-5;51,-5,-1;60,10,-9;61,-9,-1;70,11,-4;71,1,-3;80,0,-11;81,-2,-3;90,3,0;91,0,-10;100,3,-3;101,-3,0;110,11,-8;111,-5,-7;825,-25,89
rua||geraldo diniz lima|nossa senhora de lourdes|35703080|38,-1943262,-4420138;47,2,2;50,-13,0;62,-15,-5;77,0,17;83,-3,1;87,-19,7;94,5,-4;98,-21,8;99,8,-2;110,-14,6;111,-5,0;123,-5,9;134,-6,-5;135,1,-3;146,-15,8;147,9,0;159,-9,5
rua||joao lourenco|vapabucu|35701137|40,-1946777,-4421874;50,20,-4;60,4,1;70,12,0;80,22,-6;102,15,-7
rua||jose longines|belo vale|35702315|10,-1941953,-4423045;13,3,-8;25,-6,6;37,6,-16;49,6,-8;61,1,-9;73,3,-8;85,3,-21;92,-29,73;97,33,-76;109,2,-4;117,14,-12;127,0,-17;141,8,-10;153,3,-9;165,6,-9;177,3,-23
rua||jose lourenco|lontrinha|35702715|50,-1940578,-4433725
rua||jose luiz lima|jardim primavera i|35703092|72,-1942988,-4421395;82,-7,9;94,-2,12;106,-4,6;118,-1,23;141,-6,18;152,-8,10;153,-1,10;164,-2,0;165,1,1;176,-5,9;177,2,5;189,-3,9;209,-2,17;214,-18,-10;221,3,23;233,3,10;246,-8,13;257,-2,10;269,-5,12;281,-4,11;282,-3,-1;293,2,6;294,-4,-2;305,-5,21;306,-1,-10;317,2,13;318,-2,-4;329,3,21;330,-10,-1;341,4,14;353,-2,4;354,-9,-4;366,-3,17;378,-4,10;390,9,17;442,-57,60;460,-5,-13
rua||jose maria lanza|planalto|35702467|52,-1941258,-4424357;60,5,0;68,12,2;71,-8,-5;76,24,7;81,-8,-3;88,15,7;95,-8,-6;97,13,3;101,9,0;102,-4,4;112,10,0;113,8,0;124,3,6;135,12,-4;136,-4,4;148,18,1;160,5,1;172,16,4;177,-4,-8;181,9,2;184,-1,10;196,14,0;204,9,1;220,17,5;232,2,1
rua||jose tavares leao|eldorado|35702167|40,-1948044,-4427869;50,11,-6;60,-10,-1;70,8,-13;86,13,-17;96,-2,-6;106,-8,-9;116,-1,-5;134,14,-16;148,5,-22;162,2,-18;184,3,-17;198,-7,-4;212,16,-18;230,2,-17;240,-1,-5;252,-1,-8;262,30,-24;274,-11,0;284,0,-10;296,6,-11;306,-1,-4;318,6,-7;328,-1,-10;340,6,-13;350,8,-6;356,6,-8;360,-3,-12;364,11,-15;366,-3,2;376,4,-6;386,7,-4;396,2,-7;406,2,-17;416,11,-8;426,6,-9;436,-10,1;446,20,-12;456,-4,-8;466,5,-4;476,7,-11;486,3,-11;522,9,-17;532,4,-4;542,6,-10;552,2,-8;582,15,-26;592,6,-9;602,11,-9;618,2,-9;628,0,-12;638,7,-10;648,21,2
rua||julita de avelar lanza|sao geraldo|35700191|251,-1947169,-4423842;263,0,-6;285,-21,-12;289,1,0;301,-13,-14;393,-51,-47;413,-10,-27;425,-9,-16;443,-5,-11;459,-1,-4
rua||julita de avelar lanza|sao geraldo|35700624|342,-1947233,-4423901;354,2,-4;366,-15,-11;378,1,-8;388,-4,-9
rua||lambari|nossa senhora das gracas|35700489|10,-1944427,-4424324;26,-4,-12;38,0,-8;48,-2,-2;49,-7,-15;62,1,-4;63,-3,-6;74,5,-5;79,-3,-10;83,-4,-7;87,-2,-5;99,-1,-6;115,-2,-11;116,6,-7;125,-3,-10;134,3,-7;144,-3,1
rua||lavras|quintas da varginha|35702792|30,-1958726,-4423231;70,5,-18
rua||leopoldina|jardim cambui|35700473|27,-1945182,-4424641;45,13,-23;65,6,-19;77,3,-2;95,5,-15;103,2,-5;161,13,-32;203,3,-62;213,4,-5;245,2,-39;251,8,-13;261,-7,-4;271,4,-9;295,1,-24;337,-1,-37;351,1,-13
rua||leopoldina|nossa senhora das gracas|35700473|26,-1945178,-4424631;34,5,-11;44,-3,-11;52,6,-10;58,7,-6;72,8,-13;80,3,-7;94,4,-10;102,-2,-10;140,16,-19;160,-4,-23
rua||leopoldina|nossa senhora do carmo|35700473|190,-1945132,-4424793;202,1,5;214,6,-23;228,-3,-6;238,5,-15;252,2,-7;262,-5,-15;274,3,-8;314,-5,-43;433,1,-113;445,-2,-13;469,4,-23;480,10,5;481,-11,-23;493,-3,-2;500,15,-4;511,-11,-13;575,37,-159;587,0,-19;699,1,-13;711,20,-9
rua||liberdade|jardim arizona|35700386|25,-1945702,-4426172;30,-2,4;32,2,11;39,7,-9;44,7,12;53,12,-5;65,10,10;66,-13,1;83,20,4;86,-11,1;89,20,5;94,-14,0;101,19,-2;114,-7,9;121,21,2;124,-8,1;133,15,3;134,-6,6;145,16,-1;146,-6,6;157,8,0;158,-3,3
rua||licuri|catavento|35700401|2,-1933836,-4417669;10,11,51;15,-56,-28;20,9,0;30,-7,3
rua||lirios|fazenda velha|35701736|5,-1956902,-4422722;6,-25,35;7,-28,14
rua||lirio|nossa senhora do carmo ii|35700459|21,-1944118,-4425010;26,3,16;31,6,-16;36,7,17;41,2,-3;48,11,11;49,-1,-7;61,31,-62;73,-14,74;91,11,3
rua||lisboa|esperanca|35701264|23,-1943795,-4423521;35,4,-7;47,2,-12;48,1,-2;59,-1,-8;60,7,-1;72,1,-9;83,-1,-14;84,9,-14;95,-14,3;96,18,-9;107,-6,4;109,4,-4;113,3,-15;114,4,3;125,-6,-13;126,14,-2;137,-5,-8;138,4,5;149,-2,-12;163,1,-11;166,9,1;182,4,-12;190,5,-13;194,0,-9;195,-12,24;198,15,-40;202,0,-10;204,4,1;207,-13,40;219,2,-14;226,12,-35;231,-2,15;243,0,-6;255,9,-13;256,7,-24;261,-7,1;268,8,-1;279,-12,22
rua||lisboa|jardim europa|35701264|372,-1943694,-4423804;384,8,-13;385,-7,-6;397,18,-49;400,-3,23;408,11,-13;420,3,-10;432,-1,-20;444,1,-3;452,9,-9;462,5,-5;474,10,-8;478,23,-1;482,-31,-15;488,2,-15;500,12,-12
rua||londres|jardim europa|35701267|35,-1943582,-4423465;47,6,-11;48,6,2;59,-5,-17;60,9,11;72,2,-8;77,-5,0;84,6,-12;96,7,-13;99,-5,-10;108,9,-1;109,-4,-10;114,4,6;121,4,-17;126,2,-1;133,-2,-5;138,4,-3;145,-6,-7;157,10,-26;162,8,14;197,-8,-17;206,22,-27;209,-13,5;218,14,-6;223,-9,-9;230,12,-4;247,1,-22;258,8,-3;259,-11,0;270,10,-10;271,1,-7;334,18,-49;345,1,-4;348,19,-9;357,-15,-6;360,7,-15;369,-8,4;372,6,-5;375,-5,-5;384,4,10;389,2,-16;396,11,-8;408,8,-18;409,-13,14;416,10,-20;421,-8,-12;428,13,0;429,-4,-9;440,12,-1;441,-12,-2;452,11,-8;453,-4,-2;464,10,-12;465,-6,2;476,9,-5;477,-1,-4;488,6,-11;489,-10,-4;499,7,-13;500,5,6;509,-3,-15;512,5,6;533,2,-22;550,9,-9
rua||londrina|novo horizonte|35701472|13,-1947948,-4424125;22,2,6;33,8,-10;34,7,10;45,4,-12;46,13,15;70,10,-17;80,8,-5;81,1,-3;90,10,-1;95,8,-5;100,10,0;109,-3,-2;118,3,0
rua||lontra|lontra|35702715|1,-1940899,-4443266;5,-32,15;7,-24,7;13,-50,11;15,-132,46;17,104,-43;20,-61,24;21,52,-17;25,-22,5;30,-81,26;60,162,-42;64,106,45;68,-2,-32;70,-8,-8;74,-4,-25;79,-41,-160;81,-8,-16;85,25,123;86,25,42
rua||luciene batista guimaraes lobato|residencial campestre|35703519|30,-1943886,-4419769;33,9,5;45,-19,-1;56,-3,-6;68,-17,-2;69,-6,3;81,-14,0
rua||lucina linhares|bouganvile i|35703406|12,-1941325,-4418610;17,5,-4;23,2,17;26,-5,1;35,4,14;44,-2,-6;47,6,14;48,-4,1;59,6,12;60,-4,-3;71,-2,14;72,1,-7
rua||lutero|planalto ii|35702243|21,-1941410,-4424900;35,21,44;42,-20,-17;60,11,27;61,21,18;102,-7,14;114,-4,9;138,12,26;150,3,10;162,6,13;955,-3,23
rua||luxemburgo|nova cidade|35701283|48,-1942882,-4423174;58,6,-14;65,-1,6;70,10,-14;77,-9,7;81,5,-16;90,8,-5;91,-5,-6;102,11,-10;103,-5,-1;115,2,-11;126,10,-9;127,-5,-10;138,11,-2;139,-8,1;150,10,-12;151,-7,-1;162,11,-6;163,-4,-9;174,9,-2;186,0,-10;187,-4,-4;194,17,4;198,-4,-9;199,-7,-10;210,9,-5;211,-9,-1;222,4,-3;223,2,-10;234,5,-2;235,-4,-12;246,9,-2;247,-1,-8;258,7,-6;259,-5,-5;270,13,-2;271,7,-9;282,-9,-7;283,-6,3;297,1,-17;340,30,-49;354,7,-6;357,-10,-8;368,12,-12;369,-6,5;380,1,-9;381,1,-1;393,3,-9;394,6,-4;405,-1,1;406,9,-22;414,3,-9;415,-11,11;429,2,-14;433,6,-11;437,6,-7;438,6,-1;448,0,-7;449,-8,-1;460,16,-18;461,-8,-1;472,7,0;473,0,-1;485,3,-19;494,-1,6;506,8,-12;519,-7,-1;528,20,-34;531,-8,11;543,-2,-12;2435,-164,463
rua||lyra|nova serrana|35703690|47,-1941481,-4424163
rua||l|jardim dos pequis|35700001|83,-1940649,-4421872;125,56,47
rua||l|jardim europa|35700001|65,-1940622,-4421838;77,4,-2;89,13,9;90,27,14;137,4,3
rua||l|titamar|35700001|21,-1941612,-4423606;55,-33,-29;66,2,-4;67,-3,2
rua||maria aparecida lopes|canada ii|35702751|21,-1944076,-4421017;22,-2,-5;33,-6,10;34,-1,-6;45,-7,9;46,2,-9;57,-11,14;74,-4,2;75,-6,4;82,-2,2;94,-14,0;105,-9,14;106,-4,-12;117,-9,24;118,-4,-14;129,1,8;130,-8,0;141,-9,8;142,4,-6;153,-15,12;154,4,-6;165,-10,10;166,1,-6;177,-13,10;178,-1,-3;414,131,-69
rua||maria eulina lopes lanza|florida|35702513|481,-1949176,-4423757;490,0,-7;493,-21,13;522,-11,-2;529,-19,11;534,5,-6;550,-14,-1;564,-13,9;580,-16,3;611,-34,13;612,7,-6;628,-18,6;635,-14,10;636,6,-8;657,-31,16;669,-22,8;705,-35,5;729,-14,7;741,-15,5
rua||maria jose paiva lopes|verde vale|35702577|9,-1941728,-4422558;10,17,26;11,1,-10;20,4,5;21,8,1;31,1,0;32,3,5;40,10,4;41,-1,-2;51,14,1;52,0,2;61,8,13;62,-4,-8;71,17,-3;72,-10,7;80,-166,-83;81,68,34;82,105,58;91,-151,-78;95,160,77;101,-136,-62;102,144,61;111,18,2;112,-9,0;121,14,1;122,-6,7;131,15,-3;132,-5,3;141,11,0;142,3,5;151,2,0;152,-102,-37;161,117,41;162,-12,1
rua||maria miguelita lanza|centenario|35701108|28,-1947202,-4422469;40,-6,7;52,-15,16;55,-13,13;62,8,-9;76,-9,9;88,-9,11;95,0,2;100,0,-2;107,-5,8;112,-7,1;119,0,5;268,63,-74
rua||maria miguelita lanza|morro do claro|35701108|602,-1947584,-4422076;634,-11,13;636,-11,13;637,6,0;640,-16,16;649,6,-4;661,-4,2;673,-5,5;684,-8,-1;685,5,8;696,-13,6;697,-4,-1;699,3,3;709,-7,10;710,-5,-5;721,-3,14;722,-1,-3;734,-13,7;735,9,2;746,-15,7;747,9,0;781,-36,26;782,2,-2;793,-12,17;794,4,-13;805,-5,20;817,-13,10;818,0,-8;824,-7,4;829,7,6;830,-15,-3;841,-1,19
rua||maria miguelita lanza|progresso|35701108|157,-1947291,-4422374;158,-4,0;169,-3,7;170,-3,-1;181,-3,9;193,-8,0;196,3,1;205,-10,11;208,6,-9;217,-14,18;220,0,2;224,-7,2;260,-30,32;364,-58,55;365,4,13;376,-16,3;377,7,3;389,-7,8;400,-10,-2;401,7,4;426,-18,6;434,-3,5;438,-10,13;451,-1,11;490,-41,28;504,-4,4;505,13,1;516,-18,6;517,-3,13;525,1,-3;528,-7,-3;529,-3,19;540,-4,-8;541,-4,15;552,-7,-8;564,-1,6;565,3,5;576,-14,6;577,2,6
rua||mariela robine lopes|interlagos ii|35701564|45,-1943973,-4422850;57,0,1;69,11,7;79,16,1;80,-28,1;90,28,9;93,2,-5;105,17,1;117,9,11;129,20,-3;141,3,8;153,12,3;165,7,9;984,-135,-61
rua||mateus leme|padre teodoro|35702113|37,-1949479,-4424138;49,0,0;61,4,-10;73,8,-12;85,3,-9;97,6,-11;121,4,-8;127,8,-17;133,5,-9;145,26,-39;150,-11,27;157,-6,-13;169,7,-2;180,16,-1;181,-19,-16;193,10,4;232,5,2;244,10,-8;255,-5,-8;256,12,-8;267,7,-26;268,6,30
rua||meiry o lanza|dante lanza|35701484|37,-1946420,-4423024;48,-4,2;49,16,19;61,-3,9;73,-9,-29;75,7,33;87,-9,19;96,-17,-14;97,17,16;108,-13,11;113,-6,51;120,7,-49;125,-1,42;132,-4,-32;144,0,29;156,-7,9;173,2,28;180,-8,-16
rua||miguel lopes|canada ii|35702754|22,-1944103,-4421119;23,-11,11;34,-3,-7;47,-20,19;48,-1,-6;57,-7,12;71,-5,2;83,-11,8;95,-12,7;107,-7,5;131,-21,7;155,-21,4
rua||murilo fernandino lanza|mangabeiras|35700428|33,-1944909,-4425882;45,20,0;131,42,28;189,49,20;233,45,34;245,7,6;257,7,3;269,15,9;283,-15,-9;335,59,22;337,13,11;387,32,20;389,8,3;413,21,10
rua||nico do lau|catarina|35700247|35,-1947563,-4425351;43,-8,-1;61,-13,5;67,-12,4;91,-28,-2;99,-8,5;105,-9,1;129,-11,5;139,-7,2;147,-12,0;197,-44,3;211,0,24;225,-7,4;231,-4,6;239,-8,12;251,-1,0;263,-11,5;271,-5,19;285,-6,9;295,-4,7;309,-12,9;580,37,51;582,-37,7;608,-1,-35
rua||nico do lau|santo antonio|35700247|42,-1947570,-4425357;52,-12,2;62,-16,8;72,-6,-3;84,-11,3;96,-8,1;106,-9,-2;120,-9,7;130,-17,1;186,-52,7;198,-5,15;262,-32,45;274,-4,9;286,-19,2;300,3,12;310,0,13;316,-5,5;326,-7,9;591,-16,36;617,23,-25
rua||nico lanza|belo vale|35702625|18,-1941177,-4422957;23,14,8;28,-1,5;35,7,-1;38,3,5;45,4,0;48,3,9;57,10,1;58,-8,2;68,16,14;69,-4,-10;78,10,14;79,0,-4;88,5,10;93,2,-3;107,11,10;108,-5,1;117,17,10;118,-7,0;127,7,0;128,-1,6;141,14,7;148,0,4
rua||nicola lanza|centro|35700073|80,-1945656,-4424569;110,45,6;126,-7,1;140,17,-6;197,42,-120;200,39,195;221,-44,-69
rua||paula bahia v lopes|verde vale|35702584|11,-1941837,-4422216;20,8,11;21,-10,-8;52,13,10;62,9,3;71,24,9;72,7,1;81,5,2;82,-1,0;91,12,1;92,-8,2;102,9,4;112,11,1;121,19,6;131,15,4;141,-76,-191;161,49,181
rua||pedro gabriel de lima|jardim arizona|35700377|20,-1945890,-4425978;57,23,-40;69,2,-12;87,13,-18;99,1,-15;169,14,-25;170,15,-21;185,-4,6;188,10,-12;200,7,-11;201,-12,0;212,18,-8;215,-11,-7;224,15,-3;229,-7,-9;234,13,-3;248,10,-15;260,4,-11
rua||pedro leopoldo|vale das palmeiras|35701173|1,-1947840,-4425007;2,8,-3;3,-2,0;7,-9,-8;12,5,-11;14,-10,-8;15,-4,13;16,0,-19;18,-4,-2;22,-4,-18;25,-2,22;26,-17,-28;29,23,45;35,-42,-62;36,5,-4;39,-12,0;46,-2,-17;51,-1,9;54,-2,-12;61,-9,-6;70,-3,-7;84,-2,-4;129,-33,-36;137,-10,-10;138,19,17;149,-20,-18;150,11,4;156,-6,-5;162,-7,-14;163,-6,5;170,-2,-6
rua||raimundo silva liboreiro|riacho do campo|35702715|69,-1944200,-4436552;78,15,-8;80,5,-1;81,-7,-6;88,-16,23;90,56,-23;91,-31,-6;100,30,-19
rua||raymundo goncalves loura|mata grande|35701554|22,-1948915,-4425679;31,11,4;34,-8,13;46,4,-5;70,5,25;81,21,31;96,-9,-5;120,10,22;132,2,14;144,1,13;168,12,17;180,2,10;192,1,10;200,7,11;216,2,15;228,5,6
rua||rosa maciel lanza|sao geraldo|35700199|49,-1946822,-4424411;61,-8,9;84,-31,13;97,-20,0;108,-6,-18;144,-34,18;235,-85,65;240,-3,-10;245,4,9;259,-23,13;260,5,-20;263,-8,12;264,0,-7;274,-3,2;281,-2,10;284,-5,-9;293,-5,11;296,-7,-2;311,-8,4;316,-9,-7;325,-7,20;326,71,-38;347,-84,42;354,-10,-8;364,-6,1;367,-2,12;375,-15,5;380,3,-12;388,-16,7;404,-6,9;405,-1,-1;413,-3,4;414,-6,1
rua||silvio alves linhares|dona dora|35700590|31,-1947165,-4423283;77,-2,-25;89,-1,-12;109,1,-10;119,0,-20;129,0,-9;132,-8,-9;139,8,8;144,2,-20;149,1,0;168,-7,-5;180,4,-19;181,-8,-22;193,-1,-18;204,6,15;205,-8,-20;217,0,-87;229,-1,61;253,-7,-23;265,-2,-11;277,10,-22;289,-6,-7;295,0,-12;301,0,-2;303,-2,-15
rua||sofia da costa leite|monte carlo|35701411|28,-1944678,-4420792;40,14,13;52,3,14;55,5,-15;65,2,20;66,6,22;69,-5,-14;73,-1,23;78,-9,-10;84,2,6;85,8,19;100,-10,-2;112,-1,13;124,3,3;135,13,19;136,-7,3;141,6,4;147,2,10;155,0,4;168,-8,-1;191,11,51;205,4,5;208,-11,-1;220,1,8;241,10,22;244,-5,-13;253,12,24;256,-19,-2;258,2,0;260,1,17;271,13,0;272,-13,9;281,11,5;284,-5,13;296,-7,6;297,13,-3;305,0,12;308,-6,2;309,4,4;320,-5,5;321,8,1;332,-7,16;333,9,0;344,-7,7;345,8,2;356,-10,14;357,10,-1;368,-10,9;369,13,8;380,-14,7;381,15,3;392,-10,7;393,11,5;397,2,13;403,-24,-231;404,11,222;405,9,17;416,-6,8
rua||terezinha silva lopes|belo vale|35702445|23,-1941408,-4422634;24,-9,-1;35,17,7;36,3,3;47,10,2;48,-8,0;56,-5,2;59,23,-1;60,-10,3;71,22,1;72,-9,4;83,12,-4;84,1,10;95,12,-2;96,-8,1;107,26,5;108,-16,3;119,23,-1;120,-10,2;131,20,2;132,-7,11;143,10,-10;151,8,7
rua||via local|fazenda velha|35701736|31,-1956544,-4422710;51,6,3;87,26,44;119,14,33;151,13,18;171,24,29
rua||vicente de paula lacerda|cidade de deus|35703360|11,-1941251,-4418976;12,-14,20;21,15,-18;22,2,3;31,5,-4;32,1,1;41,7,-2;42,9,-1;51,4,-3;52,-4,6;61,11,-5;62,0,3;71,7,-4;72,10,1;81,0,-5;82,3,3;91,15,-8;92,-6,6;101,5,-7;102,0,3;111,9,-6;112,8,6;121,2,-7;122,4,5;131,6,-10;132,-1,6;141,9,-10;142,1,12;151,8,-9;152,1,2;161,9,-10;162,-3,9;171,17,-28;172,5,29
rua||vicente roberto de lima|jardim primavera i|35703115|25,-1943205,-4420556;26,-5,13;37,23,-16;38,-6,9;49,12,-6;50,-1,6;61,8,-13;62,2,6;73,6,-12;74,1,8;85,14,-12;86,1,9;97,12,-12;98,-5,3;109,10,-11;110,0,11;121,11,-13;122,-1,7;133,12,-12;136,2,9;145,16,-15;146,-8,12;157,13,-10;158,0,4;169,9,-7;170,-1,3;181,9,-10;182,1,7;194,8,-2;239,46,-27;240,-2,7;251,9,-22;252,7,19;263,8,-14;264,4,10;275,2,-15;288,13,3;299,16,-11;300,-2,7;311,12,-8;312,0,6;323,5,-8;324,0,3;335,10,-11;336,1,6;347,11,-1;359,10,-10;360,-1,7;371,12,-13;372,-2,6;383,13,-8;384,-2,2;395,9,-6;407,14,-9;419,6,4
rua||waldeju ferreira lutosa|nossa senhora de lourdes|35704899|103,-1943227,-4420082;104,-12,0;115,-7,11;116,-4,-9;127,-11,10;128,-2,-5;139,-5,8;140,-11,-1;151,-1,7;152,7,-7;163,-15,12;175,-8,2;176,-4,-6;187,-7,11;188,0,-7;199,-19,13;200,9,-10;212,-6,4;224,-14,6;236,-10,2
rua||weberth giovane lima|verde vale|35702565|42,-1942078,-4422442;52,-4,15;62,-1,8;64,3,22;82,-1,-3;92,-36,-6;102,18,26;112,2,-2;122,-3,8;132,-10,13;152,4,16;162,-9,7;172,-1,8
rua||welbert giovane de lima|verde vale|35702565|37,-1942061,-4422430;43,-26,32;51,19,-34;73,-20,16;81,0,1;91,-8,25;101,8,6;121,-3,6;131,-4,10;133,-8,12;141,-1,12;151,-8,3;161,1,13;171,1,-1
sitio||lontrinha|lontrinha|35702715|14,-1942474,-4434464
sitio||lontrinha|pousada do sol|35702715|21,-1942456,-4434457
