avenida||abilio tanure|eldorado|35702166|10,-1947732,-4428253;11,-171,359;20,204,-413;30,-11,2;40,-4,13;50,-4,10;60,-14,7;70,5,5;106,-13,32;116,1,10;126,-8,8;136,-11,12;152,-4,7;162,-3,16;172,1,10;182,-6,-1;183,-1,17;202,-3,7;212,-5,7;222,-7,5;232,-12,15;294,-14,45;317,-9,30;342,-11,-1;352,-11,23;362,5,1;372,-9,15;395,-4,24;412,-14,10;422,2,7;432,-7,7;442,-3,10;452,-6,16;462,-4,8;518,-20,37;528,-7,12;530,-3,3;538,-1,4;548,4,12;558,-7,4
avenida||tangara|itapoa ii|35702032|20,-1947386,-4419670;32,19,1;50,6,0;54,8,0;66,12,4;85,15,-6;90,7,5;91,7,-7;101,19,-6;102,-18,10;114,16,5;121,15,-5;126,-4,5;133,14,-7;145,9,4;150,-6,9;155,20,-8;158,-8,8;161,20,-6;168,-11,5;173,45,-8;174,-32,8;185,18,-7;186,-1,6;195,8,-10;198,0,14;242,43,1;264,9,5;276,7,-4;288,23,3;291,-16,-14;297,-1,4;299,14,3;300,6,5;303,1,-8;312,4,13;315,16,-10;324,9,9;374,41,6;386,16,1;389,-145,-12;398,156,12;401,-8,-11;403,16,6;408,-5,8;422,22,1;427,-1,-19;434,8,17;450,12,1;538,63,3;548,23,8;564,17,-4;576,12,-2;588,8,5;600,11,-1;612,7,-2;624,7,20;630,21,-15;636,5,1;648,16,2;667,25,-12;674,-20,6;684,17,7;690,-325,-38;693,328,25;694,3,8;704,6,2;705,14,-8;708,-3,14;712,7,22;724,3,-21;729,6,-9;736,9,8;748,11,5
avenida||tres|cdi ii|35701616|131,-1945613,-4421140
avenida||tres|cidade de deus|35703287|60,-1941901,-4419174;508,-67,-283;518,-10,7;519,8,4;528,-13,5;529,14,-2;538,-5,17;539,7,-8;548,-1,14;549,1,-8;558,-10,11;559,11,-1;568,-10,18;569,10,-3;578,-4,8;579,11,3;588,-3,3;589,4,3;598,-10,18;599,18,-3;608,-11,4;609,12,1;652,-20,41;662,23,20;669,4,-9;672,-12,4;679,18,3;682,-9,12;689,23,2;692,-24,12;693,15,13;702,31,3;712,-34,0;722,-4,10;732,9,8;742,-4,8;743,4,29;752,-1,-25;772,3,29;782,4,-9;792,3,15;802,3,16;923,14,31
avenida||tres|santa felicidade|35702386|9,-1942089,-4419954;23,19,61;33,1,9;53,3,15;63,3,8;83,3,14;93,1,12;103,3,6;113,1,13;123,4,8;133,2,6;143,4,17;153,0,-4;163,-10,18;175,12,10;211,-49,-191;213,56,217;223,2,11;233,4,11;243,-1,10;253,-1,5;263,3,10;273,6,11;283,-1,8;293,6,8;303,4,11;313,1,10;323,2,11;333,2,5;343,7,15;353,0,8;363,2,9
beco||calil jovelino tanure|centro|35700580|20,-1946516,-4424105;34,16,-4;35,3,7;45,13,-4;46,-5,-3;56,3,1;57,8,0
beco||tamandua|tamandua|35700808|70,-1945316,-4420015;80,-10,1;90,-11,4;100,-33,4;101,-18,10;103,-13,-2;104,22,-2;105,47,-8;111,-30,4;129,-62,19;152,27,-12;154,-21,3;165,-16,9;173,-27,6;190,1,-19
estrada||dos tropeiros|santa cruz|35700572|684,-1944869,-4425229
estrada||para tapera|morro redondo|35702715|15,-1951317,-4431281
estrada||para tapera|morro redondo|35703472|20,-1951262,-4431141
praca||juca tanure|fatima|35700556|305,-1945956,-4423587;315,-10,5
praca||juscelino tinoco|catarina|35700232|451,-1947121,-4424665;465,-1,-4;469,-12,-11;481,-7,-6;499,-7,-9
praca||tiradentes|centro|35700037|34,-1946644,-4424783;162,85,-37;168,-5,0;174,-3,0;186,-8,5;208,-9,-11;218,-12,-1;223,2,53;226,-14,-58;230,9,-8;240,-21,6;250,-9,0;259,5,82;264,-17,-92;275,1,98
rua|almirante|tamandare|nossa senhora das gracas|35700491|11,-1944320,-4424408;12,41,174;22,-4,-15;36,-1,-6;49,-5,8;80,-2,-56;87,-9,-7;104,13,-16;105,-13,4;110,-5,-11;115,0,1;126,19,-12;127,-22,-4;140,3,-3;141,-6,2;152,16,-23;155,-18,5;164,8,-12;167,-9,-9;258,-8,-70;260,0,-14;261,-2,2;270,3,-2;273,-9,-17;285,1,1;286,5,-7;294,-1,-9;295,-4,5;305,-7,-8;306,11,-4;317,-11,-4;318,5,-5;328,0,-10;333,-5,0;340,3,-15;343,-8,-3;355,-2,-16;356,4,15;400,-3,-50;407,-6,-7;409,-1,2;412,2,-5;413,-6,-7;421,-2,-8;424,10,4;433,-12,-21;434,9,13;440,0,-14;445,-10,-7;446,10,8;455,-11,-21;458,7,11;470,-1,-8
rua|coronel|joaquim tolentino|jardim arizona|35700361|3,-1946325,-4425890;9,6,7;13,10,3;37,15,8;40,-17,0;58,26,18;91,21,5;96,14,9;97,2,-2;114,11,9;117,1,-6;129,25,5;161,21,18;168,-3,9;178,-12,-15;180,17,19;183,10,-5;195,18,10;215,13,9;227,10,5;236,-5,9;242,9,6
rua|doutor|afonso franca teixeira|cdi|35701611|126,-1945503,-4421051;176,23,11;186,5,5;196,9,6
rua|maestro|jose tropia|planalto|35703603|36,-1941370,-4424642;48,12,7;64,49,5;75,4,-2;84,8,1;85,-1,0;86,-30,-1;95,51,2;96,-10,2;98,-4,0;115,45,-2;135,-11,-5
rua|mestre|joao timoteo|jardim arizona|35700380|110,-1946224,-4426113;120,4,-12;123,-3,-4;134,7,-3;135,-5,-1;143,7,-11;144,3,6;149,2,-17;158,5,2;170,0,0;175,-2,-11;176,4,4;181,-2,-8;187,2,-5;188,13,-1;199,-7,-9;200,7,7;211,1,-18;222,11,-5;223,-10,-4;226,13,-8;230,9,-14;232,2,-6;235,-15,15;247,2,-9;259,5,-8;578,-57,128
rua|padre|jose tomas|sao geraldo|35700206|2,-1947611,-4424182;3,75,2;12,-5,4;15,35,8;26,-104,-144;42,72,260;51,32,-51;55,9,23;77,8,17;80,-125,-270;89,130,281;134,-114,-220;179,117,280;193,2,11;205,4,4;206,-99,-258;215,95,272;218,-83,-251;225,74,320
rua|professora|ilka de jesus tavares|santa rosa|35701259|496,-1948335,-4426526;506,26,-12;520,10,-5;540,43,18;550,11,26
rua|professor|marciano tao|canaa|35700063|45,-1946138,-4425311
rua|professor|marciano tao|jardim cambui|35700063|671,-1945591,-4425174;675,10,2;715,15,-1;727,26,13;739,13,1
rua|professor|marciano tao|santa luzia|35700063|106,-1946092,-4425274;116,7,-1;127,11,-6;128,4,10;137,8,-5;147,12,2;148,-7,6;158,11,2;159,9,-4;166,-5,7;168,8,1;171,1,-9;179,7,5;211,23,3;212,10,9;228,7,-8;240,15,8;250,5,6;266,13,6;267,0,-9;275,8,6;285,13,-6;311,22,10;321,9,-1;322,-2,10;336,10,0;339,13,-1;346,1,7;355,5,-3;365,5,-6;373,10,2;374,7,5;384,-1,2;395,15,4;399,4,2;400,0,-11;401,4,5;408,2,14;420,28,0;427,-7,-11;460,23,26;471,15,-17;479,5,1;482,-2,8;489,7,-7;494,8,7;505,13,-6;510,2,11;511,9,-6;521,10,-26;522,-10,36;537,-14,-13;538,25,14;542,-204,-50;547,214,40;549,8,3;555,2,-2;565,15,14;573,2,-3;581,5,-4;584,1,5;589,8,-3;592,4,15;601,7,-10;610,12,6;615,-1,-2;672,49,16;682,7,4;686,14,23;704,-1,4;710,20,-13;730,12,-7;754,17,17;764,8,-10;778,4,6
rua|santa|teresa|sao joao|35701072|8,-1944305,-4422614;9,5,7;14,-2,10;19,14,10;24,-8,-3;29,9,2;45,5,8;57,10,9
rua|santa|tereza|sao vicente|35701072|117,-1944244,-4422544;118,1,13;127,0,-10;136,10,17;137,1,-4;147,9,11;148,-2,2;160,8,12;172,5,12;184,7,5;248,38,35;249,12,2;259,3,6;260,-7,-5;271,19,16;276,6,7;283,0,-2;288,5,6;297,0,-1;300,14,14;305,63,48;306,-54,-44;307,-7,-6;312,2,3;319,8,4;324,-3,3;336,11,10;337,-3,-8;343,8,10;344,2,7;355,5,-2;360,10,12;367,0,-2;368,9,3;379,-2,2;405,38,27;410,-15,-7;416,14,13;417,3,-4;420,-8,-1;429,18,12;434,-6,-1;441,11,0;446,-4,3;458,2,8;470,15,6;482,10,9;496,3,3;508,-14,17
rua||anderson de paulo teixeira|planalto|35702257|21,-1941239,-4424408;24,-74,81;28,32,-31;31,-10,7;170,62,-67;173,15,-26;174,-5,6;235,-18,20;243,12,-13;245,4,-5;247,2,-6
rua||angelo jorge tanure|belo vale|35702453|13,-1941991,-4423053;14,-2,9;23,10,-25;25,-1,-3;26,9,5;37,-6,-7;38,12,-6;49,1,-13;50,-1,10;61,3,-12;62,0,5;73,0,-13;74,0,3;85,3,-20;86,9,0;97,9,-29;98,-9,24;109,7,-12;110,4,-3;121,-6,-8;122,7,4;133,13,-38;134,-8,25;145,5,-18;146,-5,14;157,5,-16;158,4,-6;169,6,-23;170,2,15;181,-9,-5;182,8,2;194,12,-23
rua||antonio barbosa tavares|nova cidade|35702652|30,-1942449,-4423537;38,-5,8;50,-6,12;70,-6,19;80,-10,-1;90,-8,11;100,-3,8;110,-5,9;122,-6,7
rua||arinda araujo teixeira|areias|35700001|75,-1944725,-4418742;90,23,-20;95,4,4;100,8,-18;127,41,28;140,11,-38;148,-30,43
rua||cordezina de oliveira thome|nossa senhora de lourdes|35703071|40,-1943498,-4420351;52,4,10;64,-1,8;76,7,12;88,6,15;100,4,4;112,6,9;124,4,14;136,2,17;144,1,1;156,7,16;275,28,57;276,-24,-45;300,24,55;306,4,11;312,6,16;324,0,2;330,6,19;336,-9,16;342,14,3;348,2,2;354,4,19;360,6,4
rua||cordezina de oliveira thome|nossa senhora de lourdes|35704899|41,-1943487,-4420355;53,0,5;65,8,23;77,3,6;89,6,14;303,65,191;315,4,17;351,11,29;415,4,8;433,10,18
rua||das tulipas|fazenda velha|35701736|3,-1956830,-4422594;7,-6,-14;11,-40,-54;12,-21,6;14,-16,-98;15,6,13;16,25,61;17,33,59;18,-14,-37;19,-14,-12;21,-16,-40;25,-19,27
rua||delson marques teixeira|jardim dos pequis|35704066|15,-1940844,-4422130;25,16,-4;35,5,-2;45,11,-4;55,9,-2;290,18,-4
rua||dona tina|nossa senhora de lourdes|35703486|13,-1943772,-4420042;20,2,37;25,16,83;32,-13,-63;37,-4,-32;44,8,42;49,-2,-35;50,0,45;61,0,-35;68,5,46;73,-2,-27;80,3,43;92,3,9;97,1,-37;104,1,42;109,2,-32;116,2,47;121,-1,-34;128,5,53;140,1,3;145,-1,-27;152,6,47;157,-5,-41;164,11,40;169,-7,-27;176,4,40;181,-1,-21;195,-33,-177;245,39,233;256,-4,4;257,5,-2;268,3,13;280,4,19;281,2,-3;290,1,18;293,1,-8;300,0,12;305,2,3;316,0,8;317,4,1;328,2,15;329,-2,-7;340,1,17;341,2,-4;352,3,14;353,1,-10;364,0,18;365,2,-1;370,0,13;376,7,19;377,-7,-21;389,5,11;400,1,16;401,-5,-9;419,9,25;425,-1,-10;436,4,27;448,1,9;449,3,-5;460,-2,13
rua||dos trabalhadores|barreiro|35701534|1250,-1944112,-4433443
rua||estrada dos tropeiros|mangabeiras|35700572|517,-1944472,-4425853;1359,-170,181
rua||estrada dos tropeiros|nossa senhora do carmo|35700572|326,-1945082,-4424999;494,38,-25;497,-5,-1;498,14,-4;500,9,11;512,10,-34;522,-1,-3;524,5,5;536,5,-13;570,23,-18;592,10,-21;602,1,-8;614,6,-6;626,5,-12
rua||estrada dos tropeiros|panorama|35700572|783,-1944921,-4425325;845,25,-63
rua||estrada dos tropeiros|santa cruz|35700572|1171,-1944774,-4425562
rua||estrada dos tropeiros|santa rita de cassia|35700572|880,-1944897,-4425386;1180,143,-186;1192,13,-7;1204,2,0;1228,12,-7;1240,17,-16;1264,16,-15;1292,29,-17;1300,0,-7;1370,43,-33;1382,5,-11;1394,19,-7;1406,5,-8;1418,1,-3;1430,12,-8;1442,14,-16;1480,15,-18;1536,12,-17;1548,14,-7;1560,27,-16;1570,-6,-1
rua||felicio teixeira|titamar|35700001|99,-1940838,-4423519;383,0,4;470,34,-10
rua||felix tofani|jardim arizona|35700375|75,-1945899,-4425880;93,-12,-16;175,9,-116;332,-13,-156;352,1,-50;364,-3,-5;371,-7,34;383,3,-13;393,-6,-13;394,6,-36;401,13,40;406,-10,-40;440,-22,-77;451,2,-16
rua||fernando antonio torres|bouganvile i|35703153|48,-1941508,-4418247;49,-9,-22;53,18,25;54,-8,-3;55,38,51;58,-78,-82;59,40,18;64,52,91;90,-45,-60;102,4,11;103,11,-6;115,7,8;116,-1,15;122,5,5;126,5,12;127,-7,-24;154,124,208;155,-105,-186;163,6,13;175,11,6;187,-1,11;211,22,17;222,-7,19;223,7,-1;235,1,9;247,5,7;259,4,6;271,7,12;282,-6,6;283,12,3;290,-9,3;294,15,12;295,0,-4;306,1,13;307,7,-6;318,-3,13;319,7,-5;330,-6,12;331,18,0;342,-9,12;343,13,-4;354,-4,13;366,5,9;730,2,-15
rua||francisco fleury teixeira|jardim dos pequis|35704018|180,-1940526,-4422342;181,13,4;190,-9,7;191,2,1;200,-2,2;201,7,8;210,-5,3;211,9,5;220,-4,4;221,5,9;230,-1,3;231,4,8;240,0,-6;241,2,10;250,-1,-1;251,-1,12;260,0,-2;261,12,2;270,-12,10;271,8,8;280,-2,3;281,3,8;290,-3,1;291,6,3;300,3,3;301,-3,7;310,-4,3;311,6,5;320,-1,3;321,3,5;325,-1,9
rua||hugo caetano tavares|aeroporto|35701457|20,-1943642,-4423219;30,2,-20;40,-7,11;50,23,-40;60,4,-21;70,8,-21;80,2,-4
rua||joao batista teixeira|bela vista i|35703047|25,-1943512,-4420576;26,-3,-1;36,3,9;37,9,12;49,2,4;60,-8,4;61,12,8;72,-7,1;73,10,12;84,-5,3;96,6,11;97,1,-6;103,4,10;108,-3,7;109,8,8;120,-4,1;121,6,5;132,-3,4;133,-10,-50;144,11,57;145,11,3;156,-3,13;157,0,-1;167,10,10
rua||jose alves teixeira|florida|35702505|590,-1949160,-4423691;602,-15,1;603,-4,1;615,-7,0;627,-10,9;638,-10,-2;639,0,3;651,-13,7;662,-9,1;663,6,-3;674,-16,-1;675,80,-19;687,-94,28;699,-3,3;723,-17,4;735,-17,5;793,-53,20;800,-12,-4;805,-4,7;817,-13,0;818,5,-7;829,-22,11;830,11,-7;831,-17,10;842,9,-8;843,-11,10;854,-3,-2;855,-4,5;866,-2,-6;878,-15,5;879,-6,9;892,-2,-9;895,-12,8;909,-8,1;916,-6,-2
rua||jose teles|cidade de deus|35703300|15,-1941935,-4419471;16,-4,5;25,10,2;26,-7,5;36,0,8;37,13,2;46,-9,10;56,2,9;63,10,-4;66,-8,22;73,8,-2;76,-4,4;85,8,-1;86,-4,3;96,-6,23;106,8,1;109,6,-4;116,4,17;119,3,-1;131,-5,4;156,3,44;165,13,-3;177,2,14;190,-8,10;200,4,10;201,1,-4;210,2,15;211,10,0;223,0,11;230,-1,1;240,-6,10;249,13,9;250,-13,1;259,16,16;271,-1,9
rua||luiz thome|residencial vale do sol|35703690|64,-1941358,-4424001;112,-32,-27;139,-16,-9
rua||magela alves teixeira|dona lili|35703524|70,-1950888,-4423952;85,-1,9;110,7,-12;150,-28,-21;170,-17,-14;183,-8,0;201,-8,-9;283,-60,-54
rua||magela alves teixeira|residencial esplanada do moinho|35703524|313,-1951064,-4424086;335,-11,-8;351,-20,-12;391,-33,-39
rua||marco antonio tavares|verde vale|35702562|10,-1942243,-4422409;20,-10,-5;23,14,13;30,-3,5;31,-2,7;40,-5,7;41,6,7;50,-5,-2;51,-4,14;53,1,-1;60,0,-4;70,-7,11;71,2,4;80,-8,10;81,10,-1;90,-8,0;91,2,11;101,0,3
rua||maria da conceicao santos teixeira|cdi ii|35701618|215,-1945405,-4421083;231,-6,-3;241,-11,14;251,1,2;261,-4,9;271,-9,11;281,-5,6;291,-5,9;301,-2,5;311,-7,11;321,-4,7;331,-7,14;341,-3,6;351,-9,11;361,-5,5;371,-3,5;381,-6,7;391,-3,8;401,-4,4;411,-7,7;461,-23,36;471,-11,13
rua||maria da conceicao santos teixeira|cdi ii|35701721|22,-1945304,-4421265;32,-6,17;42,-8,6;52,2,10;62,-6,7;72,-10,5;82,-5,14;92,-6,4;102,-3,5;142,-22,37;152,-4,10;162,-5,18;172,-8,-2;224,-17,23;232,-10,22;242,-8,5;252,-2,17;262,-9,-1;272,-1,7;282,-7,9;292,-6,11;302,-15,2
rua||maria da conceicao santos teixeira|cdi|35701721|342,-1945472,-4421001;352,0,9;362,-7,8;365,-85,106;372,74,-99;382,-1,6;402,-16,19;412,3,4;420,-6,14;442,-10,7;452,-9,10;462,-2,8;472,-8,14
rua||maria jose teixeira|cidade de deus|35700001|7,-1941322,-4420922;413,-285,-146;438,21,13;486,42,24;509,24,2;522,2,14;541,106,47;558,-75,-35;589,3,-6;629,67,36
rua||maria tanure|jardim arizona|35700394|2,-1945440,-4426478;3,-7,-5;8,0,-3;15,-21,-7;19,-6,-5;20,8,0;25,-18,-7;37,-18,-8;44,1,-5;49,-14,-3;56,6,-1;96,-39,-24;108,-20,-12;112,-17,-6;113,4,0;114,-13,-7;126,-25,-14;131,16,7;138,-23,-11;150,-4,-3;161,-3,-1;251,-56,-31;260,3,-2;263,-13,-6;266,4,-3;275,-15,4;278,2,-7;287,-10,0;290,1,-8;300,-13,-5;315,-9,-1;325,-12,0;336,-22,8;337,13,-16;349,-9,-6;350,5,-12;390,-32,-14;396,-6,4;408,-9,-10;409,-8,7;420,-7,-15;421,-4,7;432,-5,-16;433,-1,14;445,-13,-8;456,-1,-11;457,-12,2
rua||mario alves teixeira|jardim arizona|35700382|31,-1946032,-4426275;42,-14,-16;43,2,9;54,-9,-12;59,-5,6;66,0,-9;67,-5,1;79,-13,-3;91,-6,-6;92,-3,-7;103,-9,1;104,7,-5;115,-15,1;116,5,-5;127,-16,-2;128,3,-7;139,-10,5;140,4,-7;150,-12,-7;161,-8,6;164,-1,-16;173,-14,8;176,1,-12;178,-3,0;185,-4,9;197,-9,-7;210,-10,-18;222,-10,-1
rua||messias teixeira|nossa senhora de lourdes|35703487|23,-1943711,-4419872;31,14,-9;32,-3,1;41,-11,16;51,-9,12;82,-8,-4;130,-24,30;135,-6,11;146,-8,3;151,-15,30
rua||nelson tarabal|silva xavier|35703754|11,-1934271,-4423918;20,9,18;32,3,21;35,2,-1;91,-4,51;180,-22,56;181,25,-26;260,-67,105;261,29,-29;280,-39,53
rua||nely teixera|panorama|35700414|164,-1945002,-4425580;176,15,12;188,3,7;200,19,5;212,9,7;236,7,10;256,56,28;268,15,10;280,9,6
rua||planeta terra|estiva|35703859|27,-1935953,-4425216;86,62,-46;187,-40,25;490,106,-77;500,29,-17
rua||planeta terra|estiva|35704899|114,-1935451,-4425588;120,-140,202;635,-92,-56;980,413,-201
rua||planeta terra|silva xavier|35704899|610,-1934360,-4426370
rua||rio taquaril|sao pedro|35701018|82,-1944694,-4423485;94,14,19;102,8,6;112,15,23;113,14,-8;126,0,12;127,6,-6;142,7,19;143,2,-5;156,8,11;157,3,-3;179,17,11;186,3,11;193,14,4;200,-4,3;215,10,2;216,-6,5;230,10,7;235,4,-2;258,16,21;259,9,-5;271,12,14;272,-12,-1;286,7,7;287,8,1;300,7,13;301,7,-2
rua||rufino teixeira|riacho do campo|35702715|71,-1943772,-4436538;72,4,-2;80,5,-17;90,12,1;95,-16,-12;98,9,-9;99,-3,2;105,-1,-11;115,-2,-5;124,26,-1;129,27,1
rua||salomao francisco tanure|chacara do paiva|35700166|30,-1946656,-4423897;34,35,-11;39,-2,3;45,-1,7;49,-10,4;60,0,1;63,-3,-4;84,-37,8;94,-6,0
rua||salomao jorge tanure|boa vista|35700119|21,-1946117,-4423714;22,-8,-2;31,2,5;32,-10,1;42,-2,0;43,-2,4;52,-11,7;53,-1,1;63,-12,7;64,6,3;74,-16,0;75,2,2;95,-11,3;104,6,-4;115,-19,9;116,7,-6
rua||sebastiao teixeira|planalto|35702413|35,-1941268,-4424332;36,-10,-1;43,18,3;48,-16,-1;54,8,2;60,7,3;67,12,-2;72,-2,2;79,15,-1;91,6,2;103,14,2;112,-24,-2;120,11,5;128,8,0;132,11,-3;144,-2,4;145,7,-2;151,7,2;156,13,5;161,3,-2;168,2,0;181,5,3;184,10,3;185,8,1;187,9,2;192,-9,2;196,3,-1;199,16,9;204,-9,-8;211,19,7;216,-9,-8;223,21,7;228,-5,-6;235,13,9;240,1,-4;246,6,4;247,6,2;252,7,0;257,10,3
rua||sem denominacao treze|cidade de deus|35700001|27,-1941446,-4421012;39,9,-13
rua||tabajaras|nossa senhora do carmo|35700447|26,-1944411,-4424977;38,-10,-16;45,-3,-11;50,13,-7;62,2,-9;67,-9,10;73,2,-4;74,-3,-19;81,7,5;94,2,-13;106,5,-19;109,-3,5;118,5,-12;121,-3,2;130,1,-8;144,5,-27;145,-3,7;157,1,-16;158,0,5;221,6,-40;223,8,-15;226,-1,5;235,-2,-12;236,3,2;246,5,-13;247,-9,-6;256,8,-4;259,-7,0;260,10,-17;264,3,-11;265,-3,23;270,4,-24;277,-2,10;278,3,-24;283,-4,13;285,1,-13;290,5,-4;294,2,-18;300,-2,-5;315,-2,13;381,10,-64;382,1,2;393,-3,-1;394,3,-23;405,2,-3;406,2,-1;417,1,-8;422,0,0;429,1,-9;441,2,-15;446,1,3;450,1,-4;453,1,-14;454,3,6;463,-1,-11;466,6,1;474,1,-12;475,-5,-5;480,10,-16;481,-4,10
rua||tamoios|nossa senhora das gracas|35700503|25,-1943901,-4424650;37,4,15;38,-5,-2;48,2,18;59,6,5;60,-6,4;70,2,16;98,0,5;1536,-6,-51
rua||tapajos|manoa|35700511|3,-1943727,-4424331;15,29,0;31,3,-2;45,17,10;77,22,7;89,20,-1;99,-5,-3;111,19,3;121,7,6;145,15,-1;157,19,10;169,3,-2;179,15,3;233,63,16;285,44,6;297,16,7;299,-2,1;315,588,-322;337,33,-11;407,-555,347;557,131,30;593,43,2;605,13,3;617,8,3;629,7,-1;641,12,4;653,2,0;665,10,2;677,13,6;689,4,-2;701,131,28;703,-115,-24;713,4,0;725,8,1;737,11,6;761,41,5;819,28,9;821,3,0;843,12,1;855,30,5;869,3,4;881,9,-2;893,12,5;905,17,1;917,2,1;929,15,10;933,5,2
rua||tapajos|sao francisco de assis|35700511|4,-1943721,-4424328;18,13,6;30,11,-2;40,15,2;52,6,1;116,57,17;126,9,0;144,21,2;212,41,9;226,29,6;234,17,6;254,10,1;274,7,2;286,27,4;346,35,6;358,8,2;622,252,53;660,5,6;754,64,9;768,13,1;784,24,9;846,51,9;858,17,6;894,10,3;904,22,1;916,37,13;970,37,24;1021,68,-97;1022,-52,116;1051,8,6;1052,13,7;1106,33,32;1118,3,2;1121,22,6;1130,-10,6;1150,15,12;1180,26,18
rua||taquaracu|quintas da varginha|35702000|26,-1958358,-4423059;90,18,99
rua||taquaracu|quintas da varginha|35702824|5,-1958344,-4422931;7,2,-6;151,-1,-57;195,-7,-44;255,-10,-84;420,4,-146
rua||taurus|nova serrana|35703690|165,-1941632,-4424030;189,14,-12;309,63,-79;321,10,-12
rua||taurus|residencial vale do sol|35703690|202,-1941614,-4424043;216,18,-17;230,-2,-1;286,37,-44
rua||telaviv|canaan|35700295|13,-1946651,-4425097;20,11,-17;23,-15,19;37,-17,0;99,-36,3;102,-16,0;114,-15,-6
rua||terenas|nossa senhora do carmo|35700405|22,-1944711,-4424858;35,1,-23;36,4,-3;47,-5,-12;48,12,-4;57,-9,-5;60,12,3;65,-9,-13;77,2,-21;88,12,20;89,-13,-24;100,19,12;110,-7,-7;122,-4,-14;134,2,-8;193,-5,-7;208,8,-8;218,9,-14;219,-13,-5;265,4,-26;278,15,-22;289,-11,-6;290,12,-3;291,-5,-17;298,8,3;303,-6,-9;306,136,-19;315,-135,8;318,11,4;327,-8,-16;330,0,7;339,4,-22;340,1,-3;353,-2,-5;427,6,-25;439,-1,-18;445,13,-26;451,3,-21;463,-1,-4;470,4,-1;473,-5,-12;480,7,-8;487,-6,-3;498,9,-2;517,-2,-29;529,2,-17;530,6,14;540,2,-14;541,-5,-3;550,6,1;553,-5,2;567,5,-38;570,-1,14;588,6,-47;600,8,1;601,-12,8;613,3,-12;620,12,-16;625,-10,1;637,1,-8;640,3,8;649,-2,-21;654,11,-4;666,-2,-1;674,3,-15;685,-8,-6;686,10,-11;691,4,-9;710,506,201;719,-515,-204;728,13,-20;731,-8,-6;750,15,-15;751,-10,-7;761,14,-12;773,-2,2;774,7,3;785,0,-13;793,9,-11;800,10,4;801,-1,-11;809,8,-11;810,-1,19;833,15,-40;918,34,-27;930,2,-7;931,-5,-3;942,18,-6;943,-17,-1;954,23,-4;955,-7,-13;966,14,3;967,-8,-9;979,10,-9
rua||terenas|santa rita de cassia|35700405|1011,-1944471,-4425666;1025,34,-28;1028,-7,11;1037,17,-16;1038,-5,9;1048,6,-5;1058,2,-7;1088,18,-14
rua||terezina|canaan|35700288|101,-1946149,-4425310;102,-81,-12;240,46,23
rua||terezina|canaa|35704899|10,-1946331,-4425126;25,-6,-18;35,2,3;38,5,4;41,2,-15;48,6,-3;49,0,-2;56,10,-13;60,6,0;61,-9,6;73,9,-10;84,9,-10;85,-6,9;95,9,-14;165,31,-36;168,19,-12;179,3,-16;180,0,6;192,11,-3;193,-4,-9;204,9,2;205,0,-11;214,13,-1;217,-3,-9;218,6,2;222,4,-1;229,-4,-5;239,11,-6;257,2,-5;267,4,-14;275,10,-9;535,5,-4
rua||tibagi|aeroporto industrial|35701308|39,-1943486,-4423099;40,-12,-5;51,4,15;60,-6,-4;71,-1,11;72,-4,2;84,0,1;94,-9,23;105,10,-3;112,-17,16;132,3,11;170,-13,36;176,-7,11;188,0,10;200,-9,7;212,2,7;224,-4,17;236,-5,15;246,-5,12;248,3,-4;260,-5,11
rua||tibagi|interlagos|35701308|244,-1943574,-4422868;318,-12,30;376,-19,52;388,-5,12;391,7,-11;399,-3,15;400,-6,9;411,-1,6;421,0,9;450,28,-85
rua||tijuco|vale das palmeiras|35701187|6,-1947983,-4424877;10,-12,-11;16,-44,-60;22,36,52;26,-45,-62;38,-7,-10;62,-15,-15;106,-28,-38;116,-8,-10;118,-15,-19;121,5,15;128,1,-5;133,-10,0;143,-4,-4;150,-5,-13;152,-5,-10;153,3,15;163,-11,-9;227,-22,-35;276,3,-4;288,-5,-11;289,-8,3;300,-2,-12;301,-7,6;312,-4,-18;313,0,7;325,-17,-18;326,11,3;337,-16,-11;338,7,-3;360,-9,-12;365,-15,-7;370,11,-2;380,-11,-13
rua||tijuco|varzea|35701187|13,-1948008,-4424899;15,-20,-21;25,-15,-36;31,-15,3;35,-12,-13;371,-13,-32
rua||tocantins|manoa|35700516|12,-1943551,-4424500;20,-1,-14;42,-5,-12;48,4,-4;86,-7,-45;89,-6,-6;95,-1,-7;100,1,-11;105,0,3;115,-6,-13;130,6,-11;139,-9,-10;140,5,-5;151,-6,-10;152,5,-1;164,-3,-6;177,-3,-2;180,3,-4;189,-7,-13;191,-1,-4;192,3,-1;201,-4,-12;204,0,-5;257,-10,-47;258,2,5;267,-3,-23;270,2,9;283,2,20;286,-2,-33;287,-5,1;299,1,-17;300,1,0;321,-12,-65;377,-4,1;389,-3,-17;397,0,-15;409,-5,-2;421,-4,-10;433,-2,-20;435,-1,0;488,20,49;500,-1,-5;512,-5,-13
rua||tomasina|interlagos ii|35701310|287,-1943504,-4422860;299,-6,9;311,-2,16;323,-2,9;385,-30,76;397,-5,10;409,0,15
rua||tomazina|aeroporto industrial|35701310|35,-1943427,-4423086;47,-2,8;48,-11,2;59,6,12;60,-3,-2;71,0,10;72,-10,-4;83,3,20;84,-5,-7;87,2,20;90,-7,-3;111,8,5;125,-7,17;131,-4,13;137,-2,5;161,-10,28;169,-4,7;171,0,0;185,-3,16;197,-3,7;209,-2,9;237,-5,20;249,-2,12;261,-8,12;274,-9,3;414,82,-226
rua||tomazina|interlagos|35701310|310,-1943520,-4422842;330,-6,45;384,-22,42;410,-4,15;465,-8,14;496,43,-121
rua||topazio|manoa|35700521|31,-1943406,-4424772;39,-5,-21;51,0,-6;63,-1,-3;75,-2,-23
rua||topazio|sao francisco de assis|35700521|30,-1943407,-4424770;38,2,-15;62,-7,-27;109,-3,-39;110,-3,-7;128,-2,-14;129,-7,-8;138,7,-5;139,-8,-5;149,0,-12;161,-6,-11;180,14,-1;194,-2,-12
rua||tres|fazenda velha|35703822|38,-1955206,-4421804;1330,60,-324
rua||tres|titamar|35700001|70,-1940960,-4423549;80,8,25;85,1,14;90,0,15;100,11,63
rua||treze|cidade de deus|35700004|31,-1941099,-4419994;41,2,4;51,2,6;71,3,28;81,8,9;91,-9,-25
rua||tubixabas|vapabucu|35701158|32,-1946176,-4422276;35,-11,10;52,11,-25;72,-2,-16;84,0,-9;85,-12,-6
rua||tupan|vapabucu|35701139|140,-1946607,-4422034;152,8,-8;359,96,-46;377,7,-5;379,-1,-1;387,10,-2;397,7,-3;407,12,-10;420,23,8;450,15,5;459,2,3;480,22,8;502,14,11;515,18,4;527,6,2;539,5,14;540,1,-5;552,4,0;564,26,16;601,13,3;612,3,5;613,-6,1;624,13,8;625,13,1;636,5,3;637,-2,-1;649,7,6;661,8,4;673,12,3;684,9,6;697,7,1
rua||tupinambas|nossa senhora do carmo|35700421|489,-1944968,-4424918;500,10,-6;505,-3,-10;510,4,2;521,1,-18;522,1,3;533,-8,-15;545,23,-17;550,-6,14;557,-8,-23;560,10,4;569,-8,-13;572,7,-1;577,-3,-12;580,5,4;585,-1,-18;592,7,2;607,-9,-6;619,3,-20;620,6,15
rua||tupiniquins|canaa|35700062|12,-1946163,-4425196;19,24,-11;26,-6,18
rua||tupiniquins|santa luzia|35700062|85,-1946096,-4425185;95,9,5;105,8,5;106,-6,-1;118,19,11;129,14,-12;130,0,10;152,5,22;155,16,-30;156,-8,8;160,10,5;166,3,0;167,0,-9;177,20,0;178,-13,10;187,15,-12;194,1,27;204,11,-12;205,1,-12;216,13,12;217,-4,-8;227,10,5;228,-4,9;231,9,-23;237,12,16;240,-9,5;243,28,-3;248,-12,7;309,47,3;321,12,3;337,10,2;340,-20,3;343,31,2;355,8,2;367,12,1;377,11,2;383,3,-2;423,37,10;431,5,-3;441,14,6;450,6,6;459,10,-9;460,-11,12;467,14,-10;472,2,14;477,10,-11;482,1,16;498,8,-1;499,9,-11;500,11,10;511,-4,-7;512,6,10;524,-1,0;525,11,-5;528,3,11;532,0,-1;535,11,-19;544,-6,19;546,15,4;551,-2,-15;552,1,14;560,0,0;569,21,-9;572,5,13;581,5,-10;590,2,14;591,1,-15;596,12,15;601,-3,-9;665,53,13;669,12,5;675,13,-5;689,0,5;703,8,3;715,9,-5;727,13,5;737,11,3
rua||tupis|nossa senhora do carmo|35700423|22,-1944824,-4424909;25,-11,-1;34,6,-6;43,-3,1;56,5,-19;57,-3,10;69,4,-18;70,4,-6;71,-6,-7;75,8,-7;82,0,-1;94,1,-6;95,-4,-1;105,0,-13;106,10,-7;115,-4,-5;118,3,-6;199,2,-40;200,11,-5;208,-16,36;210,14,-46;211,-7,-3;223,2,-11;230,7,-13;239,-1,-19;243,-1,-3;245,-5,25;246,11,-25;248,5,-10;255,-9,-6;265,-1,-11;268,9,7;275,-5,-20;276,9,15;280,5,-30;297,-12,6
rua||tupixabas|vapabucu|35701158|19,-1946182,-4422205;20,10,10;145,-2,15;416,-43,47;428,-7,10;440,-5,4;452,-5,12;464,-8,8
rua||turim|jardim europa|35701276|430,-1943046,-4423599;440,5,-24;452,11,-19;457,-10,6;469,3,-12;480,13,-6;481,-5,-14;492,13,-2;500,-3,-11;504,3,-8;505,-8,15;516,23,-13;517,-25,0;529,8,-15;540,7,-5;552,7,-9;553,-7,-14;564,2,12;565,2,-19;568,6,10;577,-9,-21;578,6,19;590,5,-21;595,-1,-17;602,12,7;614,2,-10;625,-7,0;637,7,-26;640,-2,25;650,14,-15;660,-5,-15
rua||turmalina|manoa|35700508|31,-1943636,-4424464;32,-3,0;41,-2,9;53,-1,11;92,-10,52;104,-2,17;106,-3,3;107,11,-37;117,-1,21;123,-6,11;130,-7,17;137,8,-5;161,-11,28;168,6,-6
rua||turmalina|sao francisco de assis|35700508|242,-1943663,-4424302;254,-2,23;264,1,2;276,-2,12;286,2,14;298,0,17;300,0,1;312,-5,21;322,4,3;334,-4,19;346,-2,6;358,1,16;404,4,25;428,-1,15;430,-2,-12;444,-3,24;458,2,6;472,-2,17;484,3,19;496,-4,2;508,3,16;520,-1,17
rua||t|condominio lago azul|35703438|10,-1942902,-4419037;29,-11,9;30,9,-8;43,-18,7;44,0,-3;57,-13,12;58,-2,-5;71,-11,4;85,-10,5;86,3,-8;93,-14,8;100,0,-2;114,-13,9;115,5,2;127,-18,-1;131,-8,4;141,-11,6;142,8,-10;171,-18,12;183,-14,3;184,-7,-4;197,-10,10;212,-27,0;221,1,8
rua||via local tres|fazenda velha|35703822|60,-1955918,-4422757;80,119,104;90,-1,3;225,-5,-18;250,-5,3
rua||vinte e tres|alvorada|35702414|70,-1942240,-4425474;80,48,-13;90,1,-1;120,26,-5;125,43,-8;126,-4,3;130,15,-3;132,-5,-3;135,1,-1;144,13,-6;145,-39,10;174,56,-5
rua||wilson tofani|boa vista|35700103|12,-1945438,-4423674;15,6,-3
travessa||antonio teofilo|catarina|35700236|23,-1947434,-4424792;35,6,10;53,6,12;71,14,19
travessa||antonio teofilo|sao jose|35700236|28,-1947431,-4424791;40,7,8;48,3,11
travessa||juarez tanure|centro|35700024|15,-1946256,-4424464;29,-20,8
travessa||tapajos|sao francisco de assis|35700631|28,-1942852,-4424073;40,-4,13;52,-3,13;70,-1,5
