rua|doutor|joao albano dolabela rua h|bela vista|35703058|48,-1943732,-4421020;49,0,6;60,-11,-11;61,-1,1;72,-8,0;73,7,1;84,-17,-1;85,0,7;96,-10,-9;101,-2,3;108,-8,-3;120,-11,0;132,-13,-1;144,-8,1;149,12,2;180,-46,-6;182,-15,3;204,-11,-4;213,-4,7;216,-3,-8;227,-5,2;228,-6,-2;239,-2,9;240,-9,-10;250,-13,0;251,13,4;254,-26,-6;260,-9,1;263,23,6;275,-11,3;287,-10,-7;288,-11,2;299,-4,2;311,-6,-1
rua|santa|helena|canaan|35700285|6,-1946458,-4424879;9,-19,-7;14,21,-5;26,-3,-18;29,-11,3;38,8,-10;43,-10,-9;60,16,-4;70,-16,-17;86,6,-14;103,-7,-3;110,-4,-11;125,1,-11;139,-8,-24;160,9,-8;168,-6,-24;190,0,-11;200,-1,-12;209,-10,-12;210,12,-5;222,-7,-12;234,1,-13;250,-3,-15;255,-13,15;271,1,-15;300,9,-26;311,-18,-21;321,0,-11;329,0,-12;334,9,6;344,-10,-13;354,4,-15
rua|santo|hipolito|santo antonio|35700267|27,-1947415,-4425583;30,-2,15;36,-10,0;42,20,-3;48,18,-4;59,5,-10;71,9,-3;458,-51,12
rua||belo horizonte|canaa|35700287|25,-1946293,-4425097;36,13,-1;37,0,7;51,5,-21;58,8,-4;61,-5,3;65,9,-11;72,1,4;82,12,-6;88,3,-9;104,11,-14;114,0,-7;128,7,1;130,8,-15;140,26,-21;159,-18,10;171,13,-8;173,12,-4;177,-5,-25;181,-2,13;191,3,-4
rua||das hortencias|catarina|35700248|16,-1947604,-4425323;25,4,5;34,-2,14;35,22,-9;55,-12,29;70,-10,-1;85,4,6;86,-18,1;100,-12,4;111,3,4;112,-11,-3;115,-6,7;121,-10,5;122,9,-10;134,-9,3;146,-13,4;149,0,18;179,-28,3;180,-10,-5;189,-10,12;190,5,-5;209,-13,4;211,12,11;212,-19,-11
rua||haiti|nova cidade|35702271|12,-1943010,-4422812;14,-17,19;21,20,-41;24,-15,19;31,17,-25;34,-35,50;36,46,-50;41,-4,-12;44,-51,72;48,54,-75;51,-1,-2;54,-55,83;60,69,-87;61,-16,-9;64,-54,106;71,64,-106;72,7,6;74,-79,106;81,79,-113;84,-39,55;91,44,-68;94,-97,145;96,103,-144;101,3,-15;104,-119,175;108,126,-175;113,-5,-6;114,-118,183;120,126,-181;124,-134,185;129,138,-201;134,-69,102;144,-81,113;154,-3,4;164,-12,13;174,-6,5;185,194,-278;188,14,-5;194,-212,294;195,205,-295;200,11,-8;205,-8,2;212,15,-13;215,-8,-3;225,6,-7;235,7,-9;245,-4,-5;255,13,-14;265,1,1;275,11,-19;285,5,-3;295,3,-2;305,0,-11;315,6,-13;325,4,-3;335,8,-7;345,4,-11;355,8,-4
rua||hirara|emilia|35701076|18,-1944108,-4422072;28,15,-14;36,6,-2;40,-5,-5;45,-48,51;46,54,-56;55,-54,60;65,-7,8;74,71,-80;75,-83,90;87,-3,9;88,-1,10;97,-4,4;100,-19,0;101,2,10;104,125,-140;107,-135,142;110,-15,-17;119,16,24;122,-1,-29;134,-4,25;144,-47,-12;158,22,39;170,-4,6;688,95,-107;3550,8,-3
rua||hirara|sao vicente|35701076|15,-1944111,-4422083;25,4,1;37,15,-13;44,-41,49;47,48,-54;54,-57,66;59,62,-77;171,54,-61;172,12,-4;184,11,-10;185,-5,-6;200,11,1;209,1,-11;212,11,-3;229,-13,-1;275,34,-23;543,-4,17;589,-97,84
rua||holanda|jardim universitario|35702142|51,-1948505,-4427617;61,8,3;71,17,3;81,1,5
rua||holanda|universitario|35702142|24,-1948592,-4427636;26,7,-2;30,9,2;36,8,11;70,69,21;110,47,15;126,18,16;129,6,-9;138,5,27;139,1,-29;149,10,0;159,11,8;164,40,31;169,-34,-30;172,5,12;179,8,-8;184,2,11;189,3,-10;196,4,10;199,1,-4;200,-2,43;209,22,-40
rua||honduras|nova cidade|35702267|28,-1942579,-4423279;47,22,1;59,10,11;69,9,5;79,2,-4;80,3,9;89,14,-3;90,-5,5;99,10,4;104,-9,-5
rua||huracan|nossa senhora do carmo ii|35700457|6,-1944154,-4424954;8,14,-42;14,-6,23;26,2,-10;50,9,-20;88,9,-25;100,12,-22;146,15,-40;170,4,-13;250,13,-65;262,7,-6;298,8,-28;310,5,-17;320,2,-9;332,6,-10;348,6,-29;360,2,-9;372,7,-14;384,0,-14;396,5,-5;400,-5,-8;420,9,-11;483,8,-92;487,4,-5;499,6,-13;511,-2,-8;523,0,-16;535,6,-6;547,-2,-2;559,-2,-14;665,15,-48;667,4,-5;691,3,-11;703,9,-17;709,1,-6;715,4,-7
rua||huracan|nossa senhora do carmo|35700457|65,-1944148,-4425006;75,6,-12;87,14,-22;99,15,2;331,57,-233;341,3,-5;351,6,-13;365,1,-7;375,8,-21;385,4,-12;387,10,-13;409,-36,105;421,0,-14
rua||hydra|residencial vale do sol|35703690|1,-1941789,-4423708;127,23,-25;277,71,-90;289,6,-11
rua||hydra|titamar|35703690|60,-1941791,-4423687
rua||h|condominio laranjeiras|35703750|13,-1933249,-4421486;14,-130,-5;17,-307,-17;18,40,4;19,-142,-7;20,8,-2;201,811,44;321,-911,-47;500,662,30;600,-92,-3;701,-110,-3;800,-83,-4;1100,-199,-18;1301,-269,18
rua||h|eldorado|35702155|33,-1948010,-4427892;43,11,7;44,-8,-2;53,8,17;54,3,-13;63,7,4;64,-2,-5
rua||h|golden ville|35700001|44,-1944516,-4419836;92,36,33;188,66,59
rua||h|iraque|35703886|11,-1941480,-4422966;12,10,-7;21,-1,-5;22,5,-6;31,-2,-3;32,6,-2;41,-4,-1;42,8,-10;51,-4,3;52,5,-2;61,-4,-6
rua||h|jardim dos pequis|35700001|41,-1940725,-4421913;65,-15,12;66,-5,0;91,-16,48
rua||joaquim do horacio|santa eliza|35700260|9,-1946970,-4425208;26,-15,0;31,4,-20;32,37,-8;49,-48,-6;61,-2,3;62,6,0;71,-16,-12;72,9,7;83,-16,-17;88,4,-6;93,-6,5;95,-2,-4;96,4,0;97,-13,-14;102,6,6;112,-10,-12;115,1,6;122,0,-10;125,-5,-4;128,-1,2;131,-1,-2;137,-11,-2;143,2,-1;144,1,-9;157,-9,0;174,-6,-24;177,-4,14;187,-13,-22;203,-1,-2;206,2,4;208,-6,-5;210,1,-10;219,-10,-3;220,6,-6;228,14,-11;236,-3,-3;250,-29,-7;256,-9,-13
rua||jose henrique|sao cristovao|35700277|307,-1947676,-4425822;318,-3,-8;325,-13,12;332,1,-7;344,-12,4;349,5,6;360,-22,2;384,-22,4;395,-14,24;396,6,-19;410,-22,4;415,1,11;422,0,-6;429,-3,13;440,-37,4;448,-6,2;460,-16,8;471,-30,16;483,9,-1;485,-144,61;531,21,-18;563,55,-11;585,-15,3;588,0,-4;597,-7,7;598,-13,-4;609,1,8;652,-44,9
rua||jose lucidio horta|nossa senhora do carmo|35700472|18,-1945179,-4425037;38,1,2;48,5,16;70,18,19;72,-1,-1;80,-23,-32;86,-1,-7;380,20,33
rua||manoel henrique|planalto|35702410|36,-1941596,-4425067;45,-1,-21;48,1,12;57,-1,-19;69,3,-12;72,4,14;81,-4,-18;84,-1,15;92,6,-12;93,-2,-20;105,3,-10;108,-1,11;116,-4,-2;117,8,-26;128,-2,2;139,2,-2;140,0,-2;151,0,-21
rua||maria helena|jardim arizona|35700354|11,-1946314,-4425472;22,18,-17;23,-7,0;35,6,-16;40,7,5;45,-2,-15;55,5,-8;60,4,7;67,-3,-9;74,10,-7;79,-10,-6;88,30,-7;91,-22,-3;126,24,-30;137,-3,-12;138,6,6;148,4,-12;149,-6,-6;160,15,-12;180,7,-16;224,64,-144;228,-57,129;253,-7,8;254,-99,184;280,116,-228;288,7,-11;293,-10,0;300,11,-5;303,-6,-3;314,13,-8;315,-10,1;328,16,-11;329,-10,-3;341,11,-13;342,3,9;351,-2,-21;352,3,13;358,3,-4;362,6,-12;374,4,-6;375,-3,-7;385,4,-8;390,28,-45;399,-24,30;401,23,-34;402,4,-8;403,2,-8;422,10,-3;431,-5,-6;457,3,-7;471,1,-12;480,10,4;492,5,-6;503,-8,-6;515,10,-14;528,2,-2;529,-1,-5;537,7,-9;540,5,4
rua||novo horizonte|nossa senhora das gracas|35700486|29,-1944643,-4424408;32,7,-3;35,-3,-7;40,8,-6;56,2,0;57,0,-14;62,4,-5;69,6,-6;78,2,-3;81,2,-10;90,4,3;137,23,-62;150,-6,12;155,8,-12;160,1,1;167,-1,-2;170,9,-8;179,-3,-5;186,7,-3;198,5,-10;199,-9,-10;208,10,-5;214,11,-9;217,-14,6;227,8,-12;228,0,4;232,10,-10;235,-1,-6;243,-1,-10;248,6,7;260,0,-12;284,15,-28;287,-9,13;293,5,-8;299,2,1;306,7,-15;311,3,-10;316,3,1;321,1,-10;330,9,-1;335,-6,-14;338,10,6;343,-4,-14;350,14,-1;355,-7,-5;363,8,-11;364,-1,16;372,5,-20;375,-2,-9;384,3,-19;423,6,-5;429,11,-14;441,3,-10;442,4,8;452,2,-8;453,-6,-10;464,7,-5;465,3,1;474,6,-9;477,-2,-9;484,7,-2;494,3,-3;500,3,-13
rua||regina helena|jardim arizona|35700352|85,-1946152,-4425524;97,9,-16;98,4,6;109,2,-19;110,7,-3;111,-5,-4;159,38,-51;160,5,-11;166,3,-13;167,2,38;175,-3,-38;178,7,-6;187,-4,-10;190,10,-7;201,-5,-2;213,6,-13;218,4,8;227,0,-15;230,5,-3
rua||ricardo hebach|bom jardim|35701023|40,-1944544,-4423523;48,-14,-25;60,2,-14;72,-1,-12;84,-3,-14;96,-7,-14
rua||ricardo hebach|new york|35701023|45,-1944560,-4423546;121,-14,-70;133,-2,-12;145,-2,-13;182,8,-2;194,-8,-12;206,-7,-16;218,-3,-19;230,-12,-2
