alameda|capitao|bernardino|centro|37002440|44,-2155975,-4543690;80,-6,21;121,23,-38
alameda|capitao|bernardino|nossa senhora de lourdes|37004420|25,-2155968,-4543706;35,-6,8;45,-12,15;55,4,0;59,-3,8;90,2,29;100,7,7;101,-15,18;110,12,0;117,-9,-23;120,24,32;127,-15,-14;137,-15,2;140,32,13
alameda||das begonias|pinheiros|37030540|27,-2153753,-4544642;36,10,-6;37,-10,4;45,-1,-15;46,4,5;54,-4,-13;55,-2,2;63,-4,-13;66,3,8;73,-3,-18;76,2,5;81,-2,-14;88,-3,1;91,-5,-7;98,2,0;101,-8,-1;108,6,-9;111,-7,1;116,1,-9;123,-8,-1;126,6,-8;133,-6,-6;134,3,0;141,-9,-5;144,9,-6;151,-8,-1;154,0,-5;163,-6,-5;166,1,-6;173,-6,0
alameda||dos balsamos|condominio lagamar|37038016|25,-2153562,-4550901;55,31,-42;100,111,-105;110,14,-9;140,35,-23;185,-14,1;215,16,-32
alameda||olivio bregalda|santa luiza|37062680|195,-2157754,-4544705;235,31,-15;245,15,-10;275,25,-12;285,14,-10;295,8,-5;305,12,-4;325,19,-12;335,10,-5;345,4,-6;530,171,-51
avenida|almirante|barroso|boa vista|37030320|31,-2154033,-4545092;73,-440,558;120,-103,47;130,-10,-5;251,243,-189;271,-18,14;295,12,-21;307,29,-47;315,3,-7;335,-66,-30;605,196,-182;635,52,-58;699,24,2;861,-484,536;911,52,-42;921,11,11;923,4,-2;931,5,-7
avenida|almirante|barroso|boa vista|37030355|105,-2154428,-4544563;135,19,-11
avenida|almirante|barroso|pinheiros|37030320|190,-2154384,-4544605;196,11,-9;200,-3,-2;210,13,-12;222,0,-1;230,13,-16;246,1,-7;258,1,-12;262,8,-6;268,6,-2;270,-4,2;280,3,-14;284,2,-7;288,11,7;292,1,-9;298,3,-2;304,7,5;308,-9,-13;314,4,-1;320,19,-37;330,10,-16;338,-1,-8;340,4,0;350,6,-6;360,3,-3;370,15,-23;500,32,-41;510,0,-13;520,1,-18;530,7,-7;536,1,-5;542,4,-3;548,7,-7
avenida|almirante|barroso|sao geraldo|37030320|196,-2153978,-4544952;588,-214,37;600,10,-16;610,2,-7;620,9,-9;630,8,-8;708,54,-55;712,7,1;716,-3,-5;722,15,2;728,-1,-3;740,24,-13;774,11,-12;792,7,-7;794,11,-2;804,2,-6
avenida|doutor|messias barros|industrial miguel de luca|37072000|280,-2158913,-4545123;300,-6,30;370,-20,-24;374,-9,-18;380,-19,-23;400,-23,-31;420,-8,-10;436,-11,-12;440,-12,-16;535,9,25;555,-108,-71;595,-93,-43;900,-1,-8
avenida|doutor|messias barros|santa terezinha|37072000|1000,-2159332,-4545362;1001,22,15;1011,-87,-26;1280,-50,-26;1300,-69,-31;1315,-15,-14;1515,-75,-60
avenida|padre|bruno|centenario|37060030|105,-2157935,-4542172;600,77,49;620,-36,-19;640,-8,-9
avenida|padre|bruno|damasco|37060030|155,-2158329,-4542307;696,137,49;899,59,18;907,-6,-6;909,-5,1;910,7,-1;919,-14,4;920,6,-7;929,-15,0;930,6,1;939,-18,-6;940,17,3;949,-26,2;950,11,-7;959,-9,-2;960,3,-1;979,-25,-4;989,-12,1;999,-11,-3;1009,-3,-4;1019,-9,-6;1028,15,2;1029,-28,1;1030,13,-15;1039,-26,14;1040,14,-9;1049,-67,-8;1054,49,66;1060,4,-57;1070,-12,-13;1080,-7,0;1089,-29,4;1099,-12,-1;1109,-8,-5;1119,-7,-1;1129,-14,-3;1139,-5,-4;1140,-6,-8;1197,-50,-8;1198,5,-10;1199,-11,15;1209,-7,-5;1219,-3,-4;1229,-12,-3;1230,7,-3;1239,-19,-9;1240,14,4;1249,-17,7;1250,8,-15;1259,-11,10;1260,-1,-7;1269,-17,2;1270,10,-4;1279,-23,7;1290,2,-15;1299,-9,13;1300,1,-24;1309,-7,17;1310,-3,-9;1319,-15,3;1320,6,-6;1329,-4,6;1330,-2,-12;1339,-9,10;1349,-15,-8;1350,8,-4;1359,-13,8;1360,-3,-7;1363,-1,1;1370,-5,-4;1371,-3,5;1380,-6,-19
avenida|presidente|castelo branco|jardim petropolis|37062770|125,-2156644,-4544721;275,-126,3
avenida|presidente|castelo branco|santa luiza|37062770|555,-2157002,-4544835;777,42,-160
avenida|presidente|castelo branco|vila verde|37012005|200,-2156682,-4544724;222,-31,-3;370,-118,-24;435,-52,-17;500,-73,-45;580,-32,-113;600,61,-64
avenida|vice prefeito|rafael barros|parque das grevileas|37076000|10,-2158775,-4545454;14,4,10;18,6,3;50,3,-3;80,46,20;90,5,3;111,31,3;115,1,2;120,7,13;125,2,-12;129,2,-5;130,-2,13;136,10,6;140,5,0;145,3,1;146,-2,-6;150,2,4;155,-1,-1;159,6,2;160,8,2;165,5,5;169,0,-8;170,0,22;176,-1,-16;180,9,0;185,4,2;186,1,-2;190,5,19;195,4,-19;200,11,18;205,-5,-4;210,15,2;215,-4,-3;219,7,5;220,-1,2;225,4,-4;226,2,3;235,2,-1;240,12,18;245,-5,-17;250,11,19;265,19,4;280,3,0;286,9,5;290,7,2;300,3,8
avenida||agenor aguinaldo braga|vila verde|37012000|15,-2156332,-4544839;140,-87,-33;160,-29,-12
avenida||alayde ribeiro bueno|jardim sion|37044490|359,-2156562,-4542238;366,-1,13;376,1,16;384,6,11;386,-6,0;426,-5,52;468,-10,34;480,-8,14;492,-8,26;502,5,-2;504,-5,3;516,-5,13;528,2,8;540,-2,11;552,-2,27;564,-1,8;578,5,11;590,0,14;604,-5,19;618,0,7;632,-3,9;646,7,16;660,0,13;674,-4,12
avenida||alayde ribeiro bueno|sion|37044490|12,-2156486,-4542526;26,-12,11;38,-1,19;50,-5,12;51,-96,504;56,95,-512;62,1,20;74,-8,8;86,-4,10;98,-2,8;112,-4,13;124,1,14;136,-11,9;148,-3,10;160,-5,8;172,-4,13;184,-3,19;196,-1,1;208,-2,17;212,0,1;220,-8,9;232,0,7;244,0,13;256,-7,6;268,2,19;280,-1,2;294,-1,17;310,0,14;415,9,100;551,-39,141;645,-6,73;804,3,-4
avenida||augusto jose baroli|bairro flamboyant|37010000|100,-2158958,-4546177
avenida||batistinha|santa maria|37022360|41,-2155406,-4542903;51,0,5;61,-4,5;71,-13,15;121,-15,24;123,4,-6;125,1,-12;127,-10,12;131,-10,18;135,-14,8;145,2,10;175,-26,19;185,-4,12;205,-10,13;231,-9,8;241,-8,9;251,-13,1;275,-23,17;285,-5,-3;295,-3,1;311,-18,8;317,-2,-6;323,-11,8;333,-10,-3;343,-14,8;363,-10,6;373,-14,-15;409,151,-57
avenida||brasil|bom pastor|37010680|490,-2155495,-4544757
avenida||brasil|vila pinto|37010680|4,-2155704,-4544321;5,-14,-6;9,5,-13;10,14,8;27,-6,-15;50,20,-18;55,-5,-15;150,50,-74;167,124,-194;170,-122,190;171,-8,-19;177,128,-175;187,-14,6;191,-105,158;192,14,-14;200,5,-6;205,-7,7;215,8,-6;220,2,-4;226,9,-13;233,-9,2;234,15,-10;243,-16,-4;265,-1,-12;288,31,-12;299,-4,-14;300,6,-5;303,-4,-4;313,5,-15;338,16,-4;348,2,-31;360,10,-1;370,3,-16;371,-17,-9;399,30,-26;411,4,3;497,25,-60
avenida||isaltina moraes braga|residencial vale das palmeiras|37031300|125,-2155664,-4546239
avenida||manoel reis bueno|imaculada conceicao|37070030|20,-2159462,-4544693;45,3,11;55,-1,-11;65,7,-9;75,1,-8;85,6,-13;95,-2,-4;105,14,-19;115,5,-19;120,3,5;125,-1,-16;130,3,6;135,-1,-7;140,3,1;145,-1,-15;150,12,0;155,3,-6;160,-1,2;165,-4,-20;175,8,0;180,9,-11;185,-11,0;190,12,-7;195,-2,-2;200,3,-11;205,-7,3;210,5,-2;215,5,-9;225,1,-3;230,7,-3;235,0,-12;240,9,2
avenida||maria jose barreto|jardim aurea|37034010|16,-2154117,-4545516;135,182,62;140,-140,-45;145,136,45;150,2,-10;155,-11,5;160,11,-2;163,-18,-1;169,-8,-1;180,-3,-13;190,-7,0;220,-33,-6;225,-16,-1;226,15,1;230,-13,-6;232,7,-1;240,-9,-1;246,-22,-6;250,-15,0;260,-1,-7;264,-3,-3;270,0,3;285,-43,-8;295,-10,-3;311,-11,-5;319,-5,-5;320,5,4;322,7,2;350,-38,-12;360,-3,0;364,-5,-9;370,-9,-1;380,-9,7;395,-23,-7;405,-11,-7;432,-16,-17;507,-89,-20;517,-3,4;521,-5,-4;527,-8,-2;532,15,-20;547,-28,10;555,10,8;563,-10,-10;567,-13,7;569,-12,-5
avenida||maria rezende braga|catanduvas|37012015|13,-2156679,-4543722;15,0,-8;16,-11,0;17,10,7;19,-5,-15;29,-2,-8;30,5,7;36,1,-4;39,-6,-9;40,4,6;46,3,-9;49,-6,-5;50,4,-3;59,-3,-7;60,5,3;70,-7,0;73,3,-14
avenida||maria rezende braga|vila martins|37012015|35,-2155865,-4544614;39,-176,-147;47,-1,0;50,-6,6;51,10,8;63,3,-1;64,-3,-1;93,22,14;97,8,-1;103,2,4;106,0,7;107,5,1;113,-3,0;116,7,1;123,9,6;130,-3,-1;133,7,3;135,8,-3;146,-4,7;147,5,5;153,8,3;154,-7,-1;197,37,28;198,-7,6;207,16,-3;208,-2,6;217,6,4;218,-2,0;227,12,4;237,6,7;247,3,6
avenida||maria rezende braga|vila verde|37012015|26,-2156723,-4544801;45,-23,-2;49,-8,-3;55,-11,1;75,-12,-39;79,-59,-10;85,55,32;95,-3,0;105,2,0;143,-73,-48;196,-54,-40;215,13,12;225,-13,-11;230,17,4;246,-31,-7
avenida||moacyr ribeiro bueno|imaculada conceicao|37070060|880,-2159655,-4544812;885,-2,-9;890,4,-1;895,-3,-9;900,7,8;905,-2,-13;910,9,1;915,-2,-10;920,4,-3;925,-7,-1;930,7,-4;935,2,-6;940,4,-6;945,-2,-13;950,2,10;955,1,-9;960,7,-6;965,-4,3;970,6,-7;975,-4,-8;980,10,-2;985,-2,-8;990,2,5;995,0,-17;1000,8,4;1005,-6,-12;1010,12,4;1015,-2,-16;1020,1,8;1025,-2,-9;1030,6,-6;1035,-3,-4;1040,1,-8;1045,1,-2
avenida||padre bruno|centenario|37060312|313,-2157831,-4542106;317,104,62;705,-234,-146;710,-7,4;720,-8,-9;730,-14,-9
avenida||padre bruno|damasco|37060030|375,-2158106,-4542226;815,52,13;825,-10,-3;835,-9,-2;845,-6,-3;855,-7,0;865,-15,-3
avenida||padre bruno|santa monica|37060030|575,-2157842,-4542098;625,-50,-31;755,-107,-47
avenida||rio branco|centro|37002010|2,-2155674,-4543426;9,-9,-34;15,1,2;18,2,23;30,14,23;44,-6,17;51,-16,-99;58,12,113;61,-12,-138;69,-2,-3;71,7,-1;74,14,157;77,-22,-165;85,6,2;87,9,-3;105,-7,-25;112,12,9;116,0,-11;121,-27,-2;123,3,-13;126,11,9;128,14,-5;131,-23,-4;132,25,4;136,2,5;141,-29,-26;150,30,-3;154,-2,-3;155,-31,-6;158,35,-2;160,-3,-4;166,-4,3;170,-1,-4;171,-22,-6;175,15,-1;180,0,-6
avenida||rio branco|centro|37002013|11,-2155647,-4543439;19,7,10;29,0,10;37,-25,29;53,19,21;75,-4,17;83,29,4;87,-3,10;397,-105,-497;399,-4,-5;417,5,-10;433,-24,-8;437,-1,-7;443,-22,-15
avenida||rio branco|centro|37002016|10,-2155644,-4543453;20,-5,-9;26,-9,-4;28,6,-5;32,4,-6;48,-17,-15;52,4,-7;56,-1,-1;60,4,-10;70,1,-4;74,3,-10;80,-9,7;84,-3,-12;88,6,1;92,-8,-3;100,-1,-3;188,1,-101;191,-39,8;192,29,-5;194,-4,-4;200,11,-5;202,-15,-8;207,-23,-8;212,18,2;218,0,-7;221,-23,-17;222,27,9;231,-27,-9;237,8,0;240,21,5;245,-19,-11;247,7,-13;249,-17,2;250,29,10;277,-30,-48;297,11,-14;305,-5,-10;315,-1,-4;329,-12,-6;347,-4,-18;351,22,-9;353,-8,-2;361,-6,4;363,8,-11;371,-16,-2;383,-2,-8
avenida||rio branco|centro|37002018|2,-2155724,-4543892;18,8,-26;40,-8,-16;50,-17,-26;84,11,-17;100,0,-21;280,48,273;288,-6,4;304,5,-17;310,-2,-15;314,-4,-7;328,-13,-16;330,-3,-4;338,-1,-4;348,-3,-12;362,13,-37;364,-2,25;372,-11,3;380,-1,-19;388,6,-12;394,10,0;412,-25,-19;422,-12,-6
avenida||rui barbosa|centro|37002140|13,-2155531,-4543969;17,7,-3;23,-7,4;35,-6,2;49,-17,-5;57,-8,-3;71,-1,1;75,3,-1;79,-10,-15;83,-8,3;93,-14,-4;105,-12,1;135,-17,3;143,-7,-9;159,-20,15;175,-15,-23;183,-5,-2;193,-7,-11;197,-5,0;205,-7,5;211,0,-11;215,-9,-2;225,1,-3;227,0,0;233,-16,3
avenida||rui barbosa|centro|37002141|331,-2155809,-4544053;341,-7,-1;377,-22,-5;385,-6,-10;399,-17,1;417,-23,-5
avenida||rui barbosa|vila pinto|37002140|10,-2155498,-4543968;22,-25,-7;34,-7,-6;46,-8,-2;50,-9,-1;52,-13,2;66,-4,-6;76,-14,3;82,-2,-1;86,-7,12;158,-13,-33;184,-60,1;200,-17,-18;206,-5,-6;212,-9,13;230,-8,-27;250,-27,16
avenida||rui barbosa|vila pinto|37002141|300,-2155754,-4544131;306,-7,79;318,-30,-3;340,-16,-2;342,6,-24;348,-17,47;356,-6,-28;360,16,-14;372,-16,-5;384,-15,-2;398,-12,6
avenida||sergio de biagi bueno|jardim bouganville|37031000|55,-2155816,-4546224;59,1,-4;61,-16,-4;80,11,-21;85,-12,-1;380,-3,-267;465,-79,-68;469,14,13;470,15,-9;489,-41,-25;499,-10,-2;510,10,-14;516,0,-3;520,-3,-5;526,-1,-3;530,-7,-10;540,-7,-8;550,-5,-7;560,-5,1;570,-5,-18;576,0,-1;579,-18,-1;590,5,-23;601,-18,6;605,-1,0;609,-1,-2;620,14,-17;629,-28,0;630,18,-8;640,-1,-10;651,-27,1;655,-2,-3;659,-2,-2;661,-4,-3;665,0,-4;669,0,-1;680,10,-23;690,-11,0;695,-17,4;699,3,-6;700,12,-6;704,3,6;740,-24,-49;746,-8,-5;760,-4,-11;764,0,-5;770,-5,-4;774,-4,-1;779,-16,-4;789,-3,-9;790,9,-5;796,-2,-5;799,-14,-1;802,11,-5;810,-1,-7;819,-18,-3;820,12,-1;824,-1,-6;829,-16,3;830,12,-5;839,-15,-5;840,5,-13;845,-14,5;849,4,-3;850,3,1;853,-8,-8;859,0,-2;860,5,-1;869,-15,-3;873,-5,-9;879,0,0;885,-1,-7;889,-1,-7;890,10,-3;899,-14,-2;900,6,-10;905,-11,6;909,-4,-4;919,-1,-2;929,-3,-12;930,7,-11;935,-12,4;939,0,-3;949,-4,-5;960,-3,-33;970,-1,-2;976,-6,-5;980,0,1;990,-4,-14;994,-3,-3;1000,-5,-4;1020,-7,-13;1030,-8,-16;1040,-3,-2;1044,-5,-3;1050,-1,-4;1054,0,0;1058,0,-1;1060,-4,-11;1080,-8,-15;1090,-5,-8
avenida||sergio de biagi bueno|jardim bouganville|37031100|105,-2155815,-4546273;153,-6,-39;155,-1,-2;189,-6,-35;193,-1,-1;201,-6,-7;205,4,-7;237,-5,-46;261,-3,-5;265,2,-1;273,-1,-7;285,2,-9;297,-4,-18;321,0,-22;329,-4,-10;337,0,-3;345,2,-7;369,4,4
avenida||terezinha maria bemfica|barcelona|37007000|20,-2154038,-4542977;24,4,119;50,-4,-75;70,4,53;80,5,7;100,11,38;105,21,3;115,0,-5;125,-2,23;140,-18,47;145,23,-7;165,7,45;175,1,7;180,-26,1;181,17,-3;185,7,9;189,-9,2;190,-14,8;200,-6,8;205,31,12;209,7,7;210,-23,-13;214,1,-4;218,-1,7;220,0,5;226,-2,4;230,1,7;245,30,40;255,10,7;260,-35,-3;270,2,8;280,0,16;284,0,2;288,0,0;290,1,8;294,0,-9;300,-1,11;306,6,8
avenida||terezinha padua biscaro|riviera do lago|37038102|510,-2152786,-4551462;530,25,1;550,13,-7
avenida||terezinha padua biscaro|riviera do lago|37038104|356,-2152793,-4551204;372,16,-2;381,-29,-7;386,41,3;402,14,-3;405,-31,-6;418,36,0;462,59,-22;496,7,-12;512,40,-14;545,8,-32;600,58,-173
fazenda||pedra branca|prainha|37109899|7,-2151894,-4551335
praca|sao|benedito|centro|37004050|47,-2155865,-4542922;63,-11,1;73,-1,-3;85,-5,-9;89,-4,-5;95,-7,-9;99,-4,-6
praca||henrique batista|vila pinto|37010690|10,-2155526,-4544214;22,23,24;32,3,-13;34,-3,2;62,-23,-21;76,6,9
praca||quintino bocaiuva|centro|37002180|4,-2155447,-4543698;5,-13,-4;21,18,5;25,-1,0;27,-17,-9;28,32,-8;29,-5,33;31,-10,-8;33,4,-1;37,-8,-28;39,26,27;40,-7,-28;43,-10,14;47,3,-2;57,3,22;58,10,-60;61,-15,-7;68,20,14;91,-17,-38;101,-1,54;102,12,-9;103,3,12;104,15,22;105,-11,-24;106,7,6;107,-5,-18;108,7,7;109,-1,-4;110,7,1;111,-1,-13;112,6,4;113,-5,-3;120,9,-11;124,-43,-31;128,17,15;136,8,-6;142,-24,-9;207,17,34;208,0,23;212,-10,-14;213,7,12;214,1,-7;219,11,-19;220,-2,13;301,-24,6;304,1,-26;306,11,1;307,6,8;310,-15,23;311,1,-2;315,12,-13;317,0,-10;402,-9,12;403,1,4;404,-3,-4;406,-3,-2;407,4,2;408,1,4
rua|capitao|pedro braga|catanduvas|37006300|10,-2156444,-4543910;20,-1,-10;21,-2,-10;25,-1,-3;29,11,-1;30,-8,0;31,1,-5;41,-6,-12;71,13,-23;80,-2,-8;81,0,-7;84,1,2;86,-1,7;90,-6,-12;91,1,-6;101,2,-8;102,4,7;110,4,-10;111,-9,-7;116,8,-1;130,-11,126
rua|doutor|adao barcelona|barcelona|37022110|6,-2155299,-4542936;8,4,6;26,23,4;32,-4,5;46,4,-1;54,8,6;58,6,5;66,11,2;72,0,2;78,7,1;92,1,2;110,9,6;135,23,0;144,8,12;151,10,-3;154,-1,10;160,7,6;163,5,-12;166,-9,21;170,16,-6;180,8,2;185,-1,-1;188,4,5;190,7,3;195,-5,-5;199,9,4;200,3,-4;205,3,6;212,1,3;230,22,3;231,-2,4;240,6,5;241,0,-1;250,6,1;251,0,0;260,1,4;265,6,4
rua|doutor|adao barcelona|vila barcelona|37022110|15,-2155275,-4542937;25,-6,3;35,10,2;41,3,4;49,6,4;57,8,6;63,0,3;69,0,-6;75,14,12;85,4,-2
rua|doutor|adelson barros|sion|37048220|16,-2157041,-4542357;50,26,29;54,4,6;68,3,6;72,0,-3;78,7,2;88,6,16;112,10,20;128,17,11;163,26,27;173,11,20;185,6,3;195,-3,9;199,5,6;205,-3,8;210,-2,3;215,-2,2;217,11,7;230,-8,5;233,7,3;235,-3,7;237,3,1;239,0,9;241,0,3;243,-5,8;257,2,8;271,-26,25;275,-4,1;303,-12,7;327,-9,10;337,-15,1;347,-6,13;349,-13,4;351,-1,1;353,-4,3;357,-4,0;359,-1,4;369,-5,2;373,-3,1;377,-5,1;383,-7,7;395,-7,7;422,-18,13;435,-4,-7;445,-7,7;455,-10,8;456,-8,3;457,6,-12;465,-8,16;466,4,-9;467,-4,19;468,-4,-9;469,-3,0;471,4,3;475,-8,7;476,5,-7;484,-12,1;485,-11,13;496,-2,-4;504,-2,6;511,-7,5;521,-9,7;530,4,-10;531,-17,22;550,9,-8;561,-35,23;565,-6,8;575,-4,-2;577,-8,4;586,27,-21;590,-14,12;594,1,-4;596,-7,6;605,-12,18;614,15,-9;615,-18,11;621,-4,17;622,13,-23;630,-7,11;631,4,13;638,-2,-10;643,-24,28;644,12,-23;655,-15,31;656,-20,34;658,26,-52;662,-3,2;664,-26,56;666,26,-56;667,-12,25;670,-6,-5;671,8,8;676,-10,10;679,4,8;680,-17,22;682,6,10;686,2,3;691,3,-36;696,6,51;697,-10,-51;700,-9,63;701,4,-48;704,-7,45;707,1,-37;710,-4,36;715,12,-22;719,-3,-4;720,0,47;725,-1,-40;730,-21,55;731,8,-2;735,20,-48;745,-11,13;761,-5,18;765,1,6;769,-5,1;789,11,-18;837,-16,43;839,-14,6;849,7,13;851,2,14;855,-7,18;865,-5,10;875,-5,-8;891,4,16;901,-6,18;911,9,1;921,-14,17;931,4,4;941,3,5;951,-4,4;961,-2,19;971,-2,31;981,-3,-15;991,-9,15;997,4,9
rua|doutor|adelson barros|sion|37048223|27,-2157023,-4542353;33,4,2;35,0,2;39,6,4;41,0,5;43,-2,5;51,10,9;65,5,6;85,14,15;89,0,8;97,-2,-9;109,14,19;119,7,8;139,14,18;141,5,15;273,-77,-106;280,7,271;304,-4,7;328,45,-26;338,-4,2;340,-8,2;342,-3,1;348,-8,5;358,-7,5;388,-33,21;398,-14,1;766,-221,313;770,-12,15;780,0,0;790,-4,9;800,-1,13;808,-3,6;816,-2,3;826,3,7;832,-4,16;838,-6,3;848,9,11;858,-13,5;878,6,20;888,-13,18;898,4,5;908,-13,7;918,-5,2
rua|doutor|arnaldo barbosa|vila murad|37010290|15,-2155921,-4544730;26,9,-2;35,8,-6;46,6,4;55,22,-18;56,-13,14;66,-1,-6;72,7,-6;76,-4,-3;80,13,-37;85,-1,8;86,-10,26;90,6,-6;92,1,-13;95,5,8;96,-2,-11;98,7,-9;100,1,-7;107,5,-13;115,6,-4;123,0,-19;124,0,7;130,2,-6;135,1,-7;139,7,-4;140,-7,4;143,8,-15;147,5,3;150,-9,3;151,6,0;153,0,-7;157,4,-2;158,-8,-3;167,8,-7;168,0,-6;169,-3,-2;171,3,1;186,8,-15;188,2,-1;196,0,-7;200,4,-7;203,-14,4;206,18,-9;208,3,-1;209,-11,5;217,10,-3;218,5,-11;223,-4,-4;228,5,-2;230,2,-5;236,-3,1;237,0,1;239,1,-6;244,1,-1;245,4,-16;262,5,7;272,5,-6;282,-6,-4;289,3,-23;292,8,17;299,5,-27;302,-6,17;304,15,-16;309,-6,-6;319,-5,-11;320,6,7;325,-6,-13;326,7,-13;329,-2,-2;330,1,-1;331,-3,-1;335,2,-20;338,9,9;340,-7,6;347,-9,-31;350,8,20;360,1,-8;368,-6,-10;376,5,4;386,-12,-12;394,3,-4;404,5,-4;414,-7,-11;424,4,-6;434,-9,-8;440,1,-1;450,-4,-13;458,-2,-1;459,-19,-37;464,24,25;469,-22,-29;470,17,23;480,-1,-2;491,-19,-42;499,2,-11;500,-3,47;510,5,-19;520,-1,-11;523,0,-21;529,-7,-3;540,5,7;541,-31,-40;549,-14,-21;550,37,50;560,-3,-13;561,-22,-34;576,12,14;577,14,26;579,-5,6;580,-18,-35;581,-10,-10;585,1,1;586,9,4;590,-2,-7;592,-9,0;594,1,-3;605,-9,-4;606,2,1;611,-7,-5;616,5,0;625,-13,-3;626,-3,-13;645,3,2
rua|doutor|edgard benfica|damasco|37060020|10,-2158108,-4542302;20,-14,-3;25,-16,0;30,5,-3;35,-6,1;40,-3,-2;45,-8,0;50,4,-3;55,-15,-3;65,-12,3;304,45,10
rua|doutor|jose biscaro|centro|37004000|318,-2155894,-4542898;328,-4,3;332,-1,2;338,-9,2;350,-6,2;354,-9,5;370,-6,3;382,-5,1;386,-6,3;392,-1,4
rua|doutor|jose biscaro|centro|37044283|600,-2156103,-4542822
rua|doutor|jose biscaro|ipiranga|37004000|133,-2155735,-4542965;134,15,-2;139,-15,2;140,-5,-2;147,-3,12;150,-2,-13;157,-8,10;160,2,7;164,-4,-11;167,-1,6;184,-7,7;188,-6,4;195,-11,4;200,3,-4;201,-5,3;211,-8,-1;212,0,-3;217,-9,18;219,-5,-9;227,-5,7;230,-4,-4;236,-8,-8;237,8,19;240,14,-8;244,-30,0;249,-2,6;252,-2,-5;255,-3,4;260,-5,3;267,2,5;275,-9,-4;276,-3,-1;283,1,9;285,-2,6;287,-13,-2;297,0,0;315,-22,0;317,-1,6;331,-9,8;341,-15,2;349,-2,8;359,-12,0;377,-5,10;383,-6,-2;387,-10,-4;395,-5,6;423,-4,-2;431,-55,31;445,-16,4;455,-4,-3;505,-11,8
rua|doutor|jose biscaro|nossa senhora aparecida|37044283|602,-2156131,-4542824;614,-6,2;622,-5,1;628,-12,4;634,-2,3;636,-3,3;644,-7,-8;652,-1,8;668,-14,2;676,-15,1;682,-14,3;713,-10,-1;723,-10,6;728,-5,0;729,2,3;735,-8,-3;745,-5,4;748,-5,-1;756,-11,6;764,-4,4;767,-6,-8;774,0,7;775,-3,-1;781,-4,1;786,-4,2;787,0,-4;788,-1,4;801,-16,3;804,-3,-3;815,-11,0;821,-6,4;824,1,-6;832,-7,6;835,-3,-1;836,1,-2;843,-6,4;844,-5,2;847,-85,20;853,82,-27;854,2,1;859,-11,2;868,-4,8;869,1,-5;874,-11,0;878,-8,2;881,0,4;888,-2,-1;890,-11,-2;893,4,3;900,-6,-11;901,-4,17;902,7,-12;910,-9,14;911,-2,-1;924,-9,-3;937,-19,7;947,-22,14;958,-5,-9;967,-1,16;970,1,-28;978,0,16
rua|doutor|jose biscaro|santa maria|37004000|4,-2155614,-4543013;12,-6,3;20,-10,8;22,-4,-1;30,-9,-3;34,0,2;44,-3,4;52,-8,1;54,-8,1;60,-5,14;70,-6,-4;82,2,0;86,-22,14;90,-13,-6
rua|doutor|jose biscaro|sion|37004000|545,-2156101,-4542822
rua|doutor|jose biscaro|sion|37044283|669,-2156184,-4542801;671,-3,1;675,0,0;685,-13,2;699,-6,1
rua|doutor|jose biscaro|vila floresta|37004000|508,-2156011,-4542852;510,-7,1;520,-3,0;530,-10,-5;540,-8,6;550,-10,0;560,-13,9
rua|doutor|jose biscaro|vila ipiranga|37004000|5,-2155621,-4543008;17,1,-4;23,-10,6;39,-26,6;51,-1,4;55,-3,9;67,-11,-4;69,-3,-1;83,-13,10;95,-10,2;103,-6,7;105,-3,-10;117,-3,3
rua|doutor|mario vani benfica|porto real|37031410|15,-2154937,-4545971;35,11,2;40,14,3;45,-9,-3;55,7,5;65,14,5;70,10,-1;75,-3,-2;80,4,6;85,8,-5;90,22,9;95,-15,-5;105,9,1;115,7,0;120,14,8;125,3,0;155,21,5;160,19,8;175,6,-5;185,10,4;195,7,4
rua|poeta|edgard de brito|sion|37044510|8,-2156477,-4542584;14,1,-2;15,-5,1;26,9,-5;37,11,-14;38,-2,5;41,-8,4;48,21,-9;49,-9,-2
rua|poeta|toninho bittencourt|vila murad|37010340|12,-2155982,-4544803;16,6,11;17,9,-4;25,3,6;32,2,-4;35,8,-4;38,-1,-2;40,4,7;42,8,1;43,-8,-1;46,14,-2;55,-7,2;60,11,0;65,-3,-3;75,9,1;76,1,7;77,2,-14;87,7,-4;88,-3,13;125,39,-15;126,-7,3;130,3,-3;135,11,-1;160,23,-1;180,12,-4;185,1,3;187,9,-7;189,9,-1;190,-3,2
rua|presidente|arthur bernardes|vila pinto|37010710|25,-2155489,-4544384;45,-38,-33;55,-11,0;65,-13,-12;70,17,-14;75,-27,3;85,-6,0;130,-33,-28;150,-5,-15;230,-59,-21;235,-8,2;240,1,-7;245,-14,3;252,7,-17;254,-17,9;259,2,2;270,-12,-7;271,7,-3;280,-17,-8;285,12,1;300,-21,-7;301,8,10;311,-18,-8;320,-2,-8;321,0,4;340,-14,-12;408,-48,-27;418,-12,-11;421,8,17;428,-14,-19;431,-4,4;443,-11,-12;451,-11,3
rua|presidente|maximiano batista|centro|37002590|11,-2155671,-4543174;17,0,12;25,-3,1;34,-2,9;37,2,2;44,-1,2;51,-4,13;54,7,1;60,-8,9;64,-4,13;74,-8,4;102,-5,10;116,1,15;130,-10,13;160,-10,13;180,-7,12;192,-19,11;200,-6,5;208,-11,2;216,0,0;228,-4,2
rua|professora|geralda barolli|campos eliseos|37018230|13,-2154527,-4544168;25,5,5;35,18,2;47,14,10;59,2,4;60,2,5;70,24,15;71,-19,-15;95,20,8;107,15,3;119,5,8;120,-11,2;130,13,-2;131,4,0;143,19,12;155,9,7;160,-11,-10;167,18,14;181,39,22;209,25,33;219,-4,10;220,-38,-48;226,14,4;228,7,9;230,13,20;280,6,24;288,7,27;300,0,16;310,0,6;320,5,10;330,-3,13;340,6,18;350,-1,9;360,0,0;371,-3,-37;397,0,39;403,4,11;421,2,13;433,2,18;434,-18,-129;445,17,132;534,-14,-116
rua|professora|leticia bueno|santa maria|37022495|37,-2155321,-4542338;49,4,2;59,16,10;195,89,60;199,4,1;205,5,6;215,11,1;225,3,7;227,89,52;237,-79,-48;245,5,6;255,10,9;261,6,1;269,11,6;277,6,6;287,5,-1;289,7,5;297,6,4;307,3,1;309,6,6;317,3,8;327,9,2;337,7,5;347,7,6;357,12,5;367,6,4;377,2,11
rua|professora|nelma baroni|sao sebastiao|37044030|25,-2155206,-4542211;30,4,-7;35,-8,14;40,0,-7;45,-3,14;50,-6,-1;55,-3,10;60,-1,-2;65,-6,11;70,-3,-3;75,-1,7;80,-3,-5;85,-9,15;90,3,-3;95,-1,2;100,-4,1;105,-7,21;110,1,-10;115,-4,13;120,-5,-3;125,-6,8;130,5,-8;135,-5,18;140,-2,-4;145,-4,8;150,-4,1;155,2,5;160,-6,4;165,1,8;170,-9,1;175,2,12;180,-7,-1;185,1,-6;190,-3,2;195,-2,19;200,-7,-5;215,-8,20;220,-4,-10;225,-1,7;230,-7,0;235,-6,16;240,8,-5;245,-9,14;250,-1,-7;255,-7,16;260,0,-7;265,-3,11;270,2,-10;275,-13,14;280,8,-5;285,-8,12;290,1,-2;295,-2,9;300,-1,-3;305,-9,16;310,-1,-6;315,-4,15;320,-1,-4;325,18,-26;330,-23,26;335,-5,15;340,3,-7;345,-7,16;350,-4,-7;355,-7,17;365,0,4;375,-3,0;395,-20,27;405,-8,6;410,11,-19;415,-13,27;420,7,-13;425,-13,23;430,6,-12;435,-10,19;436,12,-24;440,-10,6;445,-10,20;450,7,-8;455,-11,11;460,6,0;461,-14,13;465,-3,1;470,10,-11;475,-14,19;480,7,-14;485,-11,21;490,7,-12;495,-14,21;500,9,-18;505,-15,27;510,6,-21;515,-13,24;520,12,-14;525,-26,20;530,16,-9;535,-16,25;540,14,-19;550,-12,7;560,-1,6
rua|professora|sarah de abreu bueno|imperial|37045130|15,-2155625,-4541722;25,-5,10;29,2,2;35,-4,7;45,-8,8;55,-3,4;59,0,2;65,-6,12;75,-6,4;85,-11,12;95,-6,10;105,-7,8;115,2,0;125,-2,13;145,-10,16;155,0,2;630,-38,33
rua|sao|bento|vila martins|37010270|20,-2156003,-4544546;30,-4,-6;33,-2,7;49,-2,-1;58,-1,-32;59,-4,6;60,4,-1;67,-24,-63;70,17,50;84,1,-8;114,-16,-30;130,-4,-10;140,-6,-9;141,2,-11;151,-4,-8;163,-5,-13;164,4,10;174,-9,-15
rua|vereador|carlos magno benfica|porto real|37031416|30,-2154897,-4546085;55,36,0;60,-5,7;65,14,-4;75,4,4;85,10,1;90,4,7;95,8,-9;110,8,11;115,5,-2;135,29,10;150,8,7;155,14,-9;160,-7,5;165,8,1;175,10,3
rua|vereador|elio barra|carvalhos|37045017|10,-2155788,-4541128;15,12,-14;20,-4,4;30,8,12;40,8,-10;45,5,-6;50,6,9;55,0,-7;60,8,9;65,4,-9;70,3,10;75,2,-13;80,10,14;85,2,-14;90,7,13;95,4,-13;100,4,6;105,1,-2;110,9,-3;115,-4,4;120,11,8;125,1,-10;130,13,6;135,-4,-11;140,11,8;145,0,-7;150,3,11;155,5,-9;160,5,4;165,1,-9;170,8,11;175,3,-10;180,9,9;185,2,-5;190,12,3;195,-5,-12;200,10,12;205,2,-22;210,7,16;215,-2,-9;225,9,-1;235,16,-3;245,7,0;255,4,3
rua|vereador|manoel bueno|santa maria|37022420|28,-2155208,-4542610;32,0,2;42,-8,39;98,-21,20;108,-5,6;113,0,0;116,-3,4;119,-3,2;123,-2,6;145,-5,21;157,-8,6;161,-1,-1;170,-11,-1;175,7,10;179,-6,7;180,-9,5;181,11,2;204,-20,18;205,1,9;217,-2,-2;220,-20,26;229,14,-11;243,-7,6;310,-28,59;317,-1,-2;319,-5,10;320,2,-10
rua||alaor bernardes|alto pinheiros|37036822|15,-2153589,-4545244;20,-9,21;25,10,-16;30,-8,26;35,6,-15;40,-3,22;45,0,-10;50,-6,19;55,9,-9;60,-7,14;65,2,-10;70,-4,18;75,-2,-7;80,8,25;85,-4,-25;90,-3,31;95,8,-10;100,-6,14;105,0,1;110,-7,13;115,1,-5;120,4,20;125,5,-13;130,-10,20;135,9,-9;140,-16,21;145,16,-22;150,-34,40;155,40,-24;160,-7,25;165,5,-15;170,-15,21;175,19,-17;179,-4,10;180,-16,21;185,16,-16
rua||alaor de paiva belato|vargem|37005015|25,-2154181,-4541186;30,-7,24;31,9,-8;40,-8,8;44,1,2;60,3,21
rua||alberto baldoni|bela vista|37014790|10,-2154825,-4545372;15,1,12;20,-19,-22;21,-305,-156;25,159,78;30,155,80;35,-9,5;40,-15,-9;41,-322,-176;45,328,181;55,-340,-184;60,326,171;65,-1,-1;77,-7,-3;89,-8,-12;101,-11,6;131,-4,-10;155,-37,-26;192,-28,-19;195,-10,-1;200,1,-6;205,-4,2;206,-3,-4;215,-9,-1;216,7,-5;235,-22,-10;247,-8,-2;250,19,7;258,-19,-13;262,-12,-8;295,-24,-17;307,-10,-3;310,2,-3;319,-7,-5;320,-2,2;331,-8,-6;340,-1,-4;355,-26,-11;366,2,1;376,0,-3
rua||alvarina marina braga|campos eliseos|37002307|25,-2155144,-4543762;35,-6,8;45,-10,1;55,4,11;65,-10,10;75,-3,-2;80,-3,-1;85,-3,17;105,-9,6
rua||alzira magalhaes barra|bela vista|37014470|50,-2155011,-4545184;75,-1,-83;90,-27,106;110,21,5
rua||alzira magalhaes barra|boa vista|37014470|12,-2154716,-4544911;16,-11,-7;26,-9,1;50,-10,-18;70,-20,-5;74,-9,-7;80,-12,-11;90,-6,-6;140,-25,-13;146,-22,-10;150,-12,-9;166,-4,-3;170,-17,-18;180,-12,-8;190,-8,-6;200,-12,-1;258,-18,-20;260,16,13;262,-34,-24;280,-6,-6;300,-34,-23
rua||alzira magalhaes barra|bom pastor|37014470|131,-2154842,-4545008;135,4,12;145,-19,18;155,-13,-16;275,-87,-48;295,-4,-28;303,-11,-9;313,-10,-5
rua||amelia de biagi bueno|jardim ribeiro|37068010|145,-2159235,-4544070;175,44,30;185,7,1;195,4,9;215,34,20;225,4,-2;245,26,13;255,13,8;260,-6,0;265,17,8;275,-1,6;276,-3,-2;295,25,1;300,-5,9;305,13,0;310,-9,8;315,14,-6;325,10,-15;335,13,24;361,-8,31;365,31,-7;369,12,-3;375,9,-7;379,18,11;399,28,-6;1000,-203,-67
rua||amelia de biagi bueno|parque de exposicao|37068010|10,-2159366,-4544116;15,-10,-12;25,12,4;35,5,1;55,29,16;65,10,2;75,12,2;95,24,14;99,-3,-3;100,17,17;105,-5,-10
rua||ana augusta braga|barcelona|37004020|21,-2155520,-4543028;23,3,4;49,15,5;155,79,65;161,8,-3;179,4,2
rua||ana augusta braga|barcelona|37004023|77,-2155477,-4542997;93,14,5;109,10,10;121,6,-2;191,69,55;211,0,-3;220,0,17;221,13,-11;230,6,10;260,19,15;265,6,-1;270,6,13;271,-1,-6;274,-4,3;284,20,10
rua||ana augusta braga|santa maria|37004020|10,-2155534,-4543027;18,6,0;24,5,5;32,8,6;40,11,4;54,8,3;70,20,19;122,22,13;148,40,19;162,3,8;164,-2,-6;166,0,4
rua||ana de morais bueno|residencial belo horizonte|37031276|45,-2155754,-4546980
rua||antonio batiston|jardim aurea|37034070|15,-2154017,-4545395;17,6,-3;25,2,-7;31,0,-7;35,3,-6;45,-2,-5;49,2,-8;60,11,-1;70,1,-13;75,-4,-5;78,3,-1;80,1,-3;90,1,-6;120,9,-38;125,-2,-1;130,7,-2;135,1,-12;145,0,-6;155,9,-9;160,2,-19;165,-10,6;175,6,-8;178,1,-1;180,4,-6;181,-4,-1;182,4,-13;185,0,10;186,2,-13;190,4,-12;195,-6,12;205,3,-6
rua||antonio bregalda|vargem|37022483|20,-2155060,-4542309;50,29,-3
rua||antonio bregalda|vargem|37022600|156,-2154556,-4542239;360,-429,-49;365,-2,-14;370,8,20;380,4,9;394,32,16;395,-14,-25;396,22,27;410,-2,-2;412,7,6;414,3,2;416,1,1;420,8,2;425,10,-1;435,17,-9;440,-11,10;500,25,10;511,0,-12;521,12,5;527,-1,0;556,26,5;561,428,58;571,-408,-67;581,6,2;599,13,-5;606,12,12;615,13,-8;616,-2,9;620,9,-1;623,-92,-9;633,97,6;637,1,-5;640,7,10;643,-5,-7;657,13,-3;660,7,9;687,23,-7;697,5,-1;699,9,0;707,12,-3;746,37,4;786,8,-3;789,-11,-6;799,5,2;809,23,-2;819,1,0;820,11,11;829,8,-8;844,76,46;866,-44,-36;872,21,8;876,-4,1;884,22,31;893,-17,-39;894,39,22;913,-19,-18;916,11,32;936,16,3;938,24,49;939,-14,-75;940,-1,62;943,-92,-86;946,108,48;948,-3,8;949,-12,-28;950,8,69;952,1,-38;954,10,33;956,-7,-26;958,-4,1;959,-12,-42;962,15,51;965,-84,-71;969,107,45;972,4,1;976,-52,-21;979,-56,-26;982,108,48;983,17,-5;1000,1,11;1009,3,-8;1019,9,1;1033,15,13;1035,18,12;1052,-23,-10;1072,22,26;1087,8,11;1109,7,29;1115,14,-6;1145,9,-4;1155,-22,40;1178,-6,23;1180,13,26;1208,-4,20;1324,53,72;1360,22,27;1380,33,24;1460,34,38
rua||antonio jose barroso|sagrado coracao|37005003|20,-2154021,-4541379;25,-33,-9;30,26,9;35,-43,-2;36,23,6;40,5,-1;45,-38,-8;46,45,9;48,-14,-6;50,15,1;55,-52,-5;60,44,4;65,-51,-9;70,42,7;75,-26,0;80,6,3;100,-44,-40;220,-5,10
rua||antonio ribeiro barra|bela vista|37014670|220,-2154869,-4545325;235,18,5
rua||antonio ribeiro barra|boa vista|37014670|15,-2154682,-4545204;25,-20,-12;35,-6,-3;55,-11,-9;70,-21,-21;80,-3,-4;85,-6,8;90,-5,-13;95,-3,8;105,-9,-12;110,-14,-10;115,4,6;121,-14,-15;139,-18,-6;141,-5,-11;151,-12,0;160,62,8;161,-71,-9;170,24,-1;180,-9,3;190,-8,-9
rua||baependi|sion|37044600|13,-2156484,-4542144;26,-21,-10;27,2,5;40,-12,-6;41,6,-2;54,-6,-8;55,-9,12;66,-13,-22;67,0,20;78,-1,-21;79,-11,14
rua||baguari|santana|37056110|40,-2157128,-4542358;50,-11,7;53,11,-2;60,-19,-14;61,2,7;69,2,2;74,-7,-16;80,-13,-7;90,1,-29;99,-8,27;100,2,-11;149,-49,-16;159,0,-4;160,4,-2;169,-17,4;170,5,-3;179,-22,-6;180,18,4;189,-20,0;190,5,-6;199,-12,3;200,6,-8;206,-12,-4;210,-7,1;219,-4,7;220,-1,-12;239,-14,8;240,-2,-7;249,-9,2;250,1,-6;259,-9,3;269,-6,-2;300,-30,-14;301,5,8;305,-9,-11;306,-6,6;309,-16,-7;310,10,2;319,-19,-13;329,-17,8;330,20,5;339,-27,-10;340,20,3;349,-26,-5;350,15,0;359,-20,0;360,9,-2;369,-20,1;370,10,-5;379,-20,12;380,16,-19;389,-29,12;390,20,-5;400,-14,-5;409,-20,1;419,-10,-11;420,13,1;429,-16,3;430,5,-1;440,-1,5;450,-14,-14
rua||baguari|sion|37056110|12,-2156972,-4542380;18,-6,2;20,5,11;22,6,5;45,3,-8;51,-2,9;63,9,8;64,-9,0;68,9,2;69,9,3;75,3,10;85,4,1;90,-15,0;95,23,12;100,-6,2;105,11,5;106,-5,-4;118,14,22;128,1,-2;129,-6,2;132,11,8;135,1,-10;139,6,5;140,2,1;141,0,10;168,19,32;171,7,-12;176,-8,19;177,-11,-18;179,17,12;186,2,26;189,0,-15;196,1,28;199,0,-21;206,0,22;209,5,-14;216,-2,27;219,0,-17;224,2,27;230,-1,7;236,2,12;246,-3,5;249,-7,-3;250,5,9;253,8,-23;255,-3,-3;259,1,18;263,3,-22;265,-3,27;276,-4,29;279,5,-15;289,-4,11;299,-3,6;303,0,5;305,4,5;311,-11,6;335,2,12;345,-10,10;346,-3,-7;355,-4,14;365,-4,0;378,2,-5;380,-11,4;382,-4,6;383,2,3;392,-12,5;393,8,3;400,-18,3;403,15,-3;413,-14,11;418,-3,-7;454,-7,8;455,-8,18;465,-11,-4;466,-3,-8;473,-8,17;476,3,-6;477,-8,6;478,4,-3;484,-5,2;489,0,11;496,-9,-6;499,-51,33;502,40,-29;503,15,-2;505,-11,6;510,-10,4;515,12,-1;520,-68,30;526,3,7;527,52,-30;531,-3,-1;532,0,-6;537,-42,27;538,32,-22;543,2,7;545,2,4;550,-64,30;556,4,-1;560,36,-29;561,-24,27;565,2,5;566,-10,-3;569,15,-7;572,13,-8;573,-37,25;575,0,-2;577,2,2;579,-4,3;581,-4,3;585,-12,11;586,-5,-11;595,4,4;597,-9,12;605,-2,-2;620,-7,-4;625,0,15;670,-27,7;680,-4,-2;690,-4,9;699,-9,7;700,10,-4;702,-14,7;703,7,12;707,-4,-3;710,-4,-3;711,-8,21;713,-5,9;717,-11,14;720,18,-40;723,-17,37;729,-12,34;730,25,-63;731,-24,35;733,8,6;737,-6,16;740,24,-52;741,-28,66;750,24,-59;760,-3,6;772,10,2;776,-10,8;780,-5,-2;786,-7,5;790,1,0;800,-4,13;810,-7,6;817,-12,58;827,2,1;837,-3,14;846,14,-60;850,-6,-6;860,-4,11;872,-2,8;880,2,11;886,1,16;888,5,-5;895,-10,14;900,0,13
rua||benedito geonesio benetolo|santa luzia|37005164|10,-2154408,-4541547;55,-103,-254;80,3,47;85,8,-8;100,-3,32;115,31,58;120,-28,-45;135,16,3;265,37,128;270,5,22;274,5,8;275,-7,-24;285,7,15;290,12,22;295,-7,-22
rua||berlim|jardim andere|37026450|22,-2157332,-4543653;32,7,6;40,2,7;41,2,-6;50,11,14;51,1,2;60,4,0;68,7,12;73,4,-4;80,4,7;85,1,-3;90,8,15;100,4,3;103,-4,-9;107,10,14;110,-1,3;112,0,1;126,9,5
rua||bolivia|vila pinto|37010715|110,-2155572,-4544516;215,-69,-44;220,-4,-8;225,-6,1;230,-17,-12;245,5,1;250,-21,-10;265,16,7;270,-65,-37;285,38,34;290,-58,-46;297,47,32;337,-49,-31;387,-24,-17
rua||brasilia|catanduvas|37006040|80,-2156195,-4544058;91,11,6;110,-27,12;111,6,1;112,-4,-1;116,-8,2;123,-4,11;126,-3,0;128,-3,5;130,-6,5;132,18,-15;136,-13,3;142,-2,8;150,-14,6;155,6,4;158,-6,7;163,0,0;168,-15,4;169,4,-1;177,-12,10;178,3,-9;182,10,1;190,-10,8;191,-5,19;196,1,-14;200,-7,4;201,-6,6;222,-15,11;223,10,-5;233,-10,11;238,-4,3;240,-3,5;241,1,-7;243,-4,6;244,-11,3;255,9,-1;258,-6,8;259,-3,-4;273,-5,20
rua||b|imperial|37045100|20,-2156258,-4541617;30,2,2;34,2,6;38,8,8;50,8,-6;60,5,11;70,7,1;80,16,4;90,9,10;106,8,1;110,4,2;130,14,19;140,5,12;180,39,22;185,-1,-16;190,7,18;195,5,-7;200,2,14;215,12,-5;220,2,11;225,14,-7;235,1,7;240,-1,12
rua||b|imperial|37045105|25,-2156254,-4541623;35,8,11;45,4,-4;55,14,12;65,2,-2;75,6,8;85,13,4;95,7,1;125,31,24
rua||b|santa luiza|37026653|55,-2157476,-4544232;65,-2,7;75,-7,21
rua||b|sion|37048000|6,-2156920,-4541722;10,8,-8;30,17,16;110,-8,-5;731,-25,-10
rua||daniel biasoni|santa clara|37031464|55,-2156192,-4547222;70,7,-8;75,-19,-6;105,-22,-20;145,-21,-23
rua||djalma barbosa|imperial|37045112|50,-2156225,-4541734;65,10,1;70,7,0;75,3,-4;85,1,4;100,21,22;110,3,5;120,11,6;125,1,-7;130,8,14;135,-3,-17;140,7,30;145,4,-16;150,7,23;175,14,-6;185,-3,8;195,16,-3;205,6,7;215,-4,21;230,35,10;270,29,20;290,13,13
rua||do barreiro|jardim aurea|37036020|380,-2154034,-4545384;390,-9,-3;400,-7,-3;420,-18,12;500,-66,-45;504,-4,3;520,-25,-9
rua||do barreiro|jardim aurea|37036420|17,-2153894,-4545238;27,-17,-33;94,-26,-18;108,-3,-33;121,9,21;126,-18,-29;131,-9,-6;163,-30,-26;175,-17,14;199,-10,3;201,14,-27;214,-29,-9;216,0,0;218,-6,0;222,-7,-3;228,0,-2;249,-23,5;255,-6,-13;258,40,10;260,80,54;265,-131,-66;278,131,65;280,-9,-7;286,-2,-2;300,-4,-6;315,-176,-69;325,-5,-9;340,171,66;440,-103,-45;450,-4,-3;460,-6,-3;501,-68,-13;590,-80,-33;606,-3,-1;610,-9,-6;620,12,10;636,-36,-17;640,-4,2;656,-7,-1;658,-5,-1
rua||domingos brito braga|jardim sion|37048020|35,-2156800,-4542058;45,6,7;105,35,39;109,1,6;119,1,0;149,25,40;159,16,13;169,-4,23;223,32,16;231,9,5;276,13,30;280,4,-1;290,7,9
rua||domingos brito braga|sion|37048020|34,-2156805,-4542059;48,19,4;50,-6,-3;60,4,12;97,30,44;106,-9,-11;118,18,20;148,12,22;158,7,0;166,10,20;174,-2,1;200,16,26;206,13,11;222,5,11;226,10,9;265,14,15;275,9,10;308,12,16;318,2,10;328,14,12;900,-5,-10
rua||domingos pereira braga|centro|37002560|19,-2155728,-4543068;25,-6,-14;30,-7,-6;31,0,1;57,-8,-8;73,-18,-17;83,1,-8;89,-6,-5;105,-4,-6;115,-21,-9;122,4,-6;125,-4,-6
rua||dos bancarios|vila murad|37010320|131,-2155881,-4544903;140,8,3;143,2,-10;144,-3,12;153,1,-12;160,8,-5;163,0,-6;177,19,-9;185,1,-3;188,-4,11;195,16,-19;200,-7,11;205,11,-13;208,-7,11;212,20,-16;215,5,0;218,-11,2;229,16,-8;235,2,-15
rua||eunice reis batista|sao mateus|37007152|30,-2154204,-4542881;40,2,-5;75,-5,-26;80,7,-20;170,7,-90;220,-34,-50;230,1,-6;340,-63,-87;360,-10,-18
rua||genesio raimundo borges|alto da figueira ii|37004758|20,-2153897,-4540300;25,-15,-6;26,12,5;30,-3,-2;35,-22,-1;36,17,3;39,-11,2;40,7,-3;45,-18,-2;46,8,0;50,-1,-3;55,-12,3;56,6,-4;59,-14,1;60,12,2;65,-15,-2;66,11,0;69,-18,-1;70,13,0;76,-5,-3;80,-3,-1;85,-16,2;86,12,-2;89,-13,-1;90,7,-1;96,-5,0;110,-15,-1;115,-10,-4;119,-3,4;120,4,-2;125,-10,1;126,5,0;129,-12,-1;130,5,-4;135,-9,-3;136,4,4;140,34,-26;145,-50,28;150,4,-9;155,-11,5;160,1,-9;165,-12,4;166,12,-4;169,-13,4;170,10,-1;171,-13,2;175,-5,2;176,8,-4;180,-3,-10;185,-13,11;190,9,-5;195,-15,5;196,9,-11;200,-6,-2;205,-16,11;206,13,-6
rua||geraldo braz|carvalhos|37045023|10,-2155945,-4540965;15,21,-11;20,-6,10;25,14,-9;30,-8,7;35,18,-4;40,-8,3;45,16,-10;50,-8,10;55,10,-8;60,1,7;65,15,-10;70,-8,9;75,15,-10;80,-4,8;85,13,-6;90,-2,4;95,11,-3;100,-1,4;110,0,3;115,33,-17;125,9,4;135,5,-2;145,13,-5;155,15,6;165,6,4
rua||geraldo goncalves de brito|jardim bouganville|37031015|10,-2155992,-4546515;20,4,-1;21,-8,-10;25,7,6;30,-4,25;40,-1,1;50,3,12;55,1,-13;59,4,6;60,-4,8;65,2,-1;69,5,3;70,-6,16;75,7,-10;80,-6,26;85,7,-12;90,-8,11;95,6,-7;100,-4,25;105,8,-11;110,-7,14;115,6,-4;120,-13,24;125,17,-11;130,-5,9;131,3,-6;135,-12,7;140,5,13;145,8,-11;150,-2,20;155,0,-8;159,2,1;160,-3,23;175,1,-5;185,3,11;186,1,32;205,1,-16
rua||helio barra|campos eliseos|37002900|55,-2155122,-4543785;75,3,-1;80,9,18;90,-5,4
rua||ines leonina bichara|carvalhos|37045021|10,-2155900,-4541025;20,8,2;30,6,2;40,13,-3;50,7,-3;60,10,0;80,32,8;85,-1,-5;90,8,-3;95,0,-3;100,12,1;105,4,-2;110,2,6;115,1,-9;120,9,8;125,-2,-1;130,12,-2;135,-1,-7;140,8,8;145,0,-5;150,13,5;155,-2,-4;160,6,0;165,6,-9;170,7,11;175,-5,-7;185,5,-4;193,16,-1;205,12,1;215,7,-1
rua||ines leonina bichara|novo tempo|37045252|10,-2155780,-4540783;20,18,-2;30,8,-6;40,6,-3;45,-176,73;50,184,-73;55,-176,73;60,186,-73;65,-181,72;70,194,-78;75,-184,70;80,195,-67;85,-180,65;95,4,-6;105,10,-1;115,6,-5;125,6,-1;130,-92,65;135,99,-72;145,9,-2;155,17,-3;165,-1,-4;175,5,-7;185,14,-6;195,6,-2;200,21,-2;205,-13,-1;215,9,-8;225,12,0;235,5,-6;245,5,-5;255,12,0;265,11,-10;275,2,-2;285,6,-4;295,12,-4;305,5,3;325,31,-23;335,10,-5;345,12,-4;355,6,-3;365,7,-4;375,8,-6;385,8,-2;395,12,-9;405,3,0;410,6,7;415,4,-12;420,7,8;425,2,-12;430,5,7;435,6,-13;440,3,7;445,-2,-11;455,10,-1;465,5,-5;475,11,-6;485,11,-4;495,8,-4;505,8,-2;515,-1,-6;525,9,0;535,12,-6;545,6,-4;555,10,-4;565,7,-4;575,11,-6;585,8,-6;595,3,-3;605,11,-2;615,9,-8;625,9,-3;635,8,-3;655,26,-13;665,6,-1;675,2,-3;685,20,-11;695,7,-1;705,4,-4;715,11,-4;725,6,-3;735,10,-5;745,7,-3;755,5,-9;765,7,5;775,10,-7;785,8,-4;795,9,-3;800,6,7;805,3,-12;815,9,-7;825,7,-1;835,3,-3;845,13,-8;855,8,-4;865,10,-6;875,3,1;885,2,1;895,17,-13;905,6,0;915,8,-4;925,13,-8;935,2,0;945,11,-12;955,9,-3
rua||jacinto moreira basques|sete de outubro|37005062|25,-2154134,-4541567;35,-7,15;45,0,13;55,-7,4;65,2,12;75,-1,5;85,-8,14;95,-1,8;105,0,1;115,-5,11;125,-1,13;135,-5,9;145,-3,8
rua||jacinto moreira basques|sete de outubro|37022562|60,-2154155,-4541520;70,-11,-4;80,7,12;90,-8,16;100,-2,6;110,1,7;120,-1,13;130,-5,7;140,-5,12;150,-1,8;160,2,9;170,-7,8
rua||joao augusto bottrel|damasco|37060100|188,-2158149,-4542438;198,-5,20;208,-4,11;217,16,5;218,-17,0;227,3,19;228,-6,-12;238,-1,11;244,-2,6;247,5,14;248,-2,-8;256,-5,2;257,7,22;258,-10,-20;267,2,23;268,-1,-8;277,-4,9;278,2,-4;287,5,32;288,-7,-20;298,-4,7;308,-2,11;318,-4,10;328,-2,9;348,-7,21;358,0,5
rua||joao batista branco|porto real|37031406|20,-2154949,-4545910;55,35,2;70,16,17;90,24,3;95,-5,-12;105,11,5;125,24,6;140,24,13;145,-12,-11;150,24,15;155,-13,-12;165,14,2;185,13,1;195,15,8
rua||joao batista bueno|vila bueno|37006480|15,-2156294,-4544454;25,-2,0;35,-15,3;40,-27,25;45,1,11;50,-4,1;60,-10,5;70,-3,1;78,-8,5;88,-8,14;95,-8,0;100,2,4;102,-8,2;107,2,-2;114,-2,13;129,-7,0;134,-7,-3;142,-7,6;143,-5,6;150,-3,4;151,3,-1;156,-5,2;159,0,3;160,-5,-1;162,-5,0;163,2,3;168,-5,-8;172,-5,14;180,-7,8;185,17,1;188,-21,-4;191,7,3;199,-5,10;200,-4,-3;211,-6,7;212,-4,-7;215,-17,25;225,-11,10;245,-16,13;249,49,-23;250,-17,-9;255,-50,35;260,46,-23;263,-47,43;265,5,-10;269,-11,11;270,47,-42
rua||joao braga|ipiranga|37004190|18,-2155709,-4542952;22,1,3;36,14,19;54,-12,7;64,10,7;90,-1,28;100,11,25;116,-3,2;126,-1,1;136,5,15;154,-9,13;158,9,5;160,7,6;170,0,7;182,2,12;192,3,11;202,-1,12;351,-9,14
rua||joao braga|vila ipiranga|37004190|11,-2155712,-4542976;19,4,29;29,3,6;45,1,11;49,1,2;59,2,8;63,-1,16;67,-2,2;75,6,6;83,3,-5;95,-9,18;97,14,11;101,-4,-4;111,3,10;125,5,5;131,2,9;135,-2,0;145,-4,12;153,-4,2;159,12,13;169,1,7;181,9,19;189,-1,4
rua||joao bregalda|jardim bouganville|37031024|11,-2156055,-4546503;30,61,-33;40,-22,16;50,7,-8;80,26,-16;110,18,-13;130,35,-28;135,-5,-7;139,1,-1;180,61,-24;181,-15,1;185,15,0;195,1,-16
rua||joao marcelino bernardes|barcelona|37022190|15,-2154989,-4542936;88,77,-41;135,-55,30;136,-2,11;145,20,-21;146,-17,12;155,23,-16;160,3,-1;165,8,-8;170,4,3;175,6,-6;180,-1,5;183,4,-7;185,3,-5;188,-1,7
rua||joaquim procopio bueno|centenario|37056290|35,-2157760,-4542501;40,2,-31;50,-1,4;67,-2,-31;77,-7,-9;89,-2,-11;99,-8,-11;111,-3,-6;121,-4,-4;133,-2,-13;143,-9,-20;155,-8,6
rua||joaquim procopio bueno|santana|37056290|90,-2157761,-4542571;106,-11,-19;118,-1,-15;130,-9,-6;144,-3,-16;158,-10,-13;170,-4,-13
rua||jonas biscaro|parque imperador|37031065|87,-2155641,-4545850;155,-6,-78;162,19,5;171,-16,-15;180,17,-4;187,-14,-10;196,18,5;235,-17,-57;244,13,2;251,-13,-13;260,12,-1;276,2,-19;292,6,-15
rua||jose atilio bortolosso|sion|37048192|10,-2156765,-4541837;15,-9,-4;20,-1,-8;30,-1,-8;35,-14,-2;40,11,-5;50,-11,-11
rua||jose barcelona|barcelona|37018570|10,-2154783,-4543102;17,-22,-5;26,-8,4;27,-6,-7;33,0,-4;36,7,1;45,-13,-3;62,-15,-6;72,1,-4;73,-9,-10;75,3,9;82,-7,-4;92,-11,-9;93,5,4;115,-14,-11;125,-7,-6;133,-10,-6;165,-28,-19;175,-8,-8;180,12,15;185,-24,-17;190,23,13;195,-21,-9;200,12,-2;210,-9,-1;223,-22,-11;230,-22,-24;233,15,18;240,-9,-1;243,-6,-10;250,-8,11;260,-7,-26;261,6,10;270,-23,-10;271,16,4;281,-12,-5;291,-11,-7;380,194,124
rua||jose barcelona|vila barcelona|37018570|300,-2155024,-4543252;306,-3,1;310,-2,-9;314,-4,13;318,-2,-13;470,-131,-54;485,-9,-11;489,2,8
rua||jose barra|centenario|37062060|22,-2158667,-4542634;27,-13,-10;34,15,19;37,10,10;48,-7,5;55,10,8;62,-5,-6;74,19,34;88,0,-7;98,3,12;112,4,3;126,8,19;138,4,4;152,9,10;166,-13,9;178,15,20
rua||jose beltrao|centenario|37056480|19,-2157908,-4542394;20,-3,-8;29,2,18;34,-4,-3;39,8,20;48,-7,-9;51,9,20;62,-4,-2;63,-2,11;77,7,11;78,-7,-8;103,6,30;113,3,7;120,-2,5;121,5,5;134,-5,9;135,9,1;146,-10,7;147,9,3;160,-7,12;161,7,7;172,-7,4;173,10,9;186,-9,0;187,11,12;198,-9,-3;199,8,9;212,-6,11;213,8,6;222,-8,4;223,6,8;235,0,8;247,5,11
rua||jose benetolo|riviera do lago|37038112|445,-2152840,-4551402;465,19,1;485,27,2;500,13,8;540,37,9;545,3,-19;605,64,1;620,11,9;640,18,-5
rua||jose bregalda|treviso|37007074|205,-2154675,-4542512;215,8,2
rua||jose bregalda|vila paiva|37007074|15,-2154654,-4542533;45,2,-19;55,5,-6;59,1,-5;65,-1,-8;69,3,-6;75,0,-1;79,2,-8;85,-1,-4;89,3,-1;95,3,-10;97,-2,-5;105,6,-4;109,0,-3;115,4,-5;125,2,-12;145,8,-23;175,7,-26
rua||jose cardoso braga|treviso|37007066|20,-2154857,-4542676;25,-10,2;30,18,13;45,8,-17;50,12,7;60,11,-3;85,17,-6;120,45,11;130,4,-12;136,3,5;140,6,0;155,12,-8;160,9,5;165,2,-3;175,7,7;185,6,-11;189,5,0;200,8,15;205,7,-14;209,-1,16
rua||jose fernando barros|damasco|37060090|15,-2158190,-4542183;20,-1,11;25,-5,1;30,-5,9;35,7,-1;40,-10,12;45,6,0;50,-16,12;55,11,-6;60,-8,9;65,2,0;70,-1,11;75,2,5;80,-13,2;85,7,7;90,-2,10;95,6,-9;100,-12,17;105,8,-3;110,-3,10;115,4,-1;120,-14,9;125,8,4;130,-6,10;135,-7,31;140,0,-25;145,6,2;150,1,8;155,-1,-1;159,1,7;160,-3,4;165,2,0;175,-2,10;185,1,3;215,-3,28;220,-18,7;225,9,2;230,-9,11;235,4,4;240,-8,3;245,4,5;250,-2,0;255,3,11;260,-10,3;265,4,10;270,-6,-2
rua||jose ferreira de brito|barcelona|37022583|15,-2154171,-4542536;20,11,-35;25,-10,31;40,11,-33;44,-1,-5;45,-1,-17;48,2,13;55,-3,-22;59,1,-3;60,3,21;62,2,-11;64,-4,-2;65,0,-18;66,4,9;70,1,-8;75,-3,-11;80,5,-8;90,5,-8;91,-7,3;95,0,-5;100,7,-7;105,-7,-2;110,9,-13;115,-2,-3;116,1,9;120,-1,4;130,3,-19;136,2,-4;140,2,-2;145,-4,-11;150,5,-4;155,-5,-6;160,-1,51;161,1,-56;165,3,-5;170,7,0;175,-10,-6;180,11,-1;183,-6,-11;185,-16,-1;186,21,12;188,2,-16;190,0,-6;205,-22,-27;210,13,22;220,-2,-5;230,-9,-14;250,-7,-6;489,-6,219
rua||jose francisco de barcellos|residencial belo horizonte|37031284|165,-2155590,-4546751;175,-7,-14;505,-167,-381
rua||jose maria belo|centenario|37056390|5,-2157579,-4542379;15,5,-2;17,-3,-13;29,5,-3;41,18,-9;44,-4,12;46,9,-7;53,1,-13;56,-2,11;65,8,-17;68,0,8;77,9,-15;80,-1,7;89,11,-19;90,2,9
rua||jose maria belo|santana|37056390|145,-2157496,-4542483;149,-1,-59;159,1,47;169,-1,-14;179,3,-13;180,-1,11;189,-1,-11;190,8,-12;209,-8,-14;219,-4,-6
rua||jose orlando bueno|eldorado|37062409|10,-2158326,-4544750;20,0,-10;30,-5,-168;40,3,148;50,2,-4;60,-2,-14;70,-4,-9;80,2,-9;90,0,-8;96,-5,-9;110,9,-24;120,-3,-15;126,1,-4;130,-4,-3;140,1,-18;160,3,-19;170,-3,-2;180,-1,-35;200,-8,1;210,7,-2;220,2,-16;230,-1,-10;240,-5,-4;254,-2,-13;270,-1,-16;272,-2,-6;280,12,-15;310,19,-30;330,6,-7;340,-1,-21;350,0,-3;360,2,-10;380,10,-19;390,3,-8;400,3,-7;416,7,-14;420,2,-3;430,5,-9;440,1,-7;450,3,-9;460,7,-11;470,3,-10;480,5,-10;488,5,-8;490,-3,5;498,1,-4;500,6,-19;510,-3,11;520,3,-11;550,16,-34
rua||jose orlando bueno|industrial jk|37062409|35,-2158338,-4544766;45,-2,-4;61,2,-19;65,1,-11;85,-1,-11;95,0,-12;105,0,-10;115,1,-6;129,1,-16;135,2,-7;145,0,-9;149,1,-2;155,0,-9;165,-5,-8;175,4,-10;205,-1,-28;215,-3,-13;225,-2,-6;227,-2,-8;245,5,-8;255,-1,-9;265,3,-12;275,-2,-12;279,1,-2;295,-3,-16;305,1,-14;385,36,-81;395,7,-21;405,6,-14;435,6,-15;445,10,-13;455,3,-10;465,1,-9;501,15,-29;505,1,-4;509,2,-1;515,1,-9;525,2,-4;529,0,-6;533,3,0;535,2,-4;537,1,-2;545,-5,-17;555,5,-2
rua||jose reis bueno|damasco|37060190|15,-2158378,-4542491;25,-3,12;30,-9,-1;35,3,16;40,-14,11;41,13,-8;45,0,8;50,-6,17;55,0,-7;60,-9,2;65,6,14;70,-6,-4;75,7,9;80,-10,2;85,9,5;90,-13,1;91,11,4;95,-3,10;100,-9,-3;105,5,13;110,-8,-6;115,5,18;120,-9,-7;125,8,16;130,-7,-9;135,3,16;140,-6,-11;145,4,23;150,-10,-9;155,9,27
rua||jose sebastiao boareto|sion|37048315|14,-2156779,-4541559;17,-2,8;24,-2,-9;27,-4,12;34,-8,-13;37,-2,2;44,-6,-9;47,-10,4;54,1,-7;55,-80,-62;56,-4,-5;57,80,66;60,-79,-59;64,73,56;67,-5,2;70,-72,-57;74,77,47;77,-20,4;84,0,-9;87,-9,5;90,-53,-34;94,59,24;97,-8,8;100,-55,-27;104,29,12;107,13,6;110,-45,4;114,39,-12;117,2,9;127,-13,-3;137,-20,-10;144,-14,36;155,74,-133;160,-80,151;165,38,-70;166,-40,71;170,8,9;174,-5,3;175,61,-149;176,-70,159;185,62,-151;195,-8,-2;205,-7,8;215,-8,13
rua||julio bonifacio|sao francisco|37044370|15,-2156404,-4541918;25,4,9;26,-7,4;35,20,0;36,-3,1;45,11,4;46,1,-2;55,13,-2;56,-5,2;65,7,-1;66,4,-3;75,7,5;76,-1,-10;85,7,9;86,7,-5;95,4,10;96,3,-4;105,-1,7;106,7,5;115,10,-7;116,-6,4;125,11,-2;126,-3,2;135,15,4;136,-2,0;145,6,-1;146,-1,4;155,10,-2;156,3,5;165,10,-4;166,0,4;175,9,-5
rua||laura pedreira benetolo|jardim oriente|37037100|10,-2152337,-4545266;20,8,9;30,4,-1;34,0,9;38,5,7;60,25,10;70,12,11;80,3,2
rua||leonizio bregalda|alto da figueira iii|37005156|17,-2154463,-4540372;19,4,-4;20,314,54;30,-4,8;40,0,-33;45,-18,3;50,-8,-7;55,-1,8;60,9,-7;65,-15,6;66,12,-8;70,-4,-3;75,-16,10;76,13,-12;80,-5,7;85,-18,4;86,16,-7;89,-20,5;90,20,-3;95,-23,1;99,-5,3;105,-4,-1;109,-3,-6;110,17,-5;115,-24,3;116,13,-1;120,-14,-1;130,-1,-1;136,2,3;140,-10,-10;150,-13,0;156,-3,1;160,-14,1;170,-2,-2;175,-10,5;176,16,2;179,-21,-8;180,6,4;185,-6,-1;186,-1,-4;189,-7,6;190,0,-4;195,-9,4;196,6,-5;200,0,-1;205,-12,4;210,7,-10;220,-9,5;240,-32,-14;250,-3,8;258,-9,-2;260,-3,-1;270,-5,-1;290,-18,-3;296,-5,0;300,-4,-5;310,-11,5;316,-2,-6;340,-25,1;360,-19,8;374,-17,13;380,-22,-3;400,-4,13;410,-21,-14;450,-54,-7;460,-5,-1;480,-17,-7;490,-7,-12
rua||leonizio bregalda|santa luiza|37005156|175,-2154476,-4541375
rua||leonizio bregalda|santa luzia|37005156|100,-2154451,-4541482;110,-103,-32;120,-2,4;140,46,42;144,38,11;150,-70,-24;160,0,7;170,8,11;180,5,11;200,9,13;210,2,14;220,3,31;230,3,-20;235,9,-10;240,-42,81;280,-11,14
rua||luiz bernardo braga|jardim estrela|37037000|15,-2152571,-4545206;25,-3,-7;30,10,10;35,-3,-18;36,-2,23;40,7,-7;45,1,-28;50,0,14;55,0,-23;60,2,14;65,-2,-27;100,15,-9;270,-13,3
rua||luiz bregalda|jardim zinoca|37018610|40,-2155102,-4543476;50,1,-4;55,0,2;60,7,-6;65,4,-12;70,4,3;75,6,-15;80,2,5;82,2,-5;90,0,-3;100,14,-13;120,-2,-3;130,-12,-7
rua||manoel marcolino batista|rezende|37066010|20,-2159704,-4543203;25,-197,95;35,5,-5;40,29,-5;45,-19,10;49,-26,14;55,32,-25;60,36,2;65,-28,-5;70,24,-20;75,-11,8;80,21,8;85,-15,-5;90,31,2;95,-19,-9;105,6,-3;115,3,-26;125,18,15;135,2,4;145,4,-13;155,-14,15;163,23,-16;175,21,-20;185,1,2;189,12,-11;195,9,8;205,-69,39;220,99,-53;230,16,9;245,-1,-22;255,5,-8;265,10,-8;270,18,-1;271,-10,3;275,6,-16;285,5,-1;290,-4,8;295,18,-14;305,11,0;315,6,-17;325,9,4
rua||marciliano braga|vila pinto|37014120|10,-2155409,-4544430;20,10,-19;23,16,-19;30,-13,16;50,-3,6;53,4,6;57,-9,8;60,-3,-5;65,2,7;70,0,3;73,0,8;80,-5,1;83,2,2;90,-3,4;93,-4,10;96,-1,-3;100,1,11;103,-5,2;105,-1,0;110,-2,-4;120,-3,9;121,1,0;130,-6,8;135,14,2;145,0,13;150,-11,-10;154,-1,0;155,7,7;165,-8,6;175,-2,5
rua||marcus vinicius bandoni|imperial|37045120|10,-2156170,-4541999;30,5,10;40,9,9;50,3,4;70,23,15;80,6,-1;85,5,-4;87,-5,-5;93,9,13;95,1,-7;100,6,25;110,6,-16;116,4,-5;120,3,16;128,6,15;130,-3,0;140,20,6;155,5,-9;170,15,29;175,3,-15;185,5,0;221,51,34;225,-2,7;240,15,8;255,10,3;260,0,12;266,3,1;270,22,-21;275,-12,19;280,11,-2;285,-2,4;290,-6,18;300,21,-4;301,-8,-7;305,1,2;309,4,12;310,4,4;315,2,-9;320,4,12;325,4,-5;329,6,2;330,-4,7;335,13,6;340,-3,-6;344,6,5;389,30,13;390,20,32;395,-2,-16;405,11,5;415,3,9;430,15,18;440,3,2;446,3,4;450,3,4;456,6,1;460,5,5;465,10,-3;475,1,4;479,1,-1;480,3,8;485,10,-2;486,-7,3;490,2,0;495,13,2;496,-10,0;500,5,10;510,5,4;515,9,-4;520,4,11;521,3,-10;525,3,4;535,6,1;540,-1,11;545,11,-4;546,-7,7;549,11,-5;550,-1,6;555,6,1;560,0,2;561,9,0;567,1,2
rua||maria benedita|vila pinto|37010520|5,-2156088,-4544374;15,-4,-5;25,13,-11;51,16,-5;54,41,-20;61,-40,20;63,8,-21;75,12,7;78,-19,14;114,39,-18;126,-1,-4;134,23,-18
rua||maria bortolosso batistao|barcelona|37007102|7,-2153955,-4542552;9,10,-13;11,5,15;15,3,-6;19,11,2;35,4,-5;39,5,0;45,2,-4;49,5,6;55,5,0;59,9,-1;65,4,4;66,-12,-4;69,14,7;70,-1,-5;75,5,-2;79,2,-5;80,1,5;85,9,1;86,-3,-1;89,10,0;90,-6,1;95,5,1;96,-3,-4;99,11,1;100,-9,3;105,16,-8;106,-8,-1;109,12,-5;110,-6,3;115,6,-9;116,1,14;119,1,-4;120,-1,4;125,10,-8;126,3,1;129,0,0;130,-5,3;135,8,1;136,-13,-2;139,20,3;140,-7,-3;146,15,1
rua||maria do carmo benetolo|alto da figueira ii|37004750|15,-2153997,-4540628;25,8,6;29,1,0;35,7,4;39,2,3;45,2,2;49,3,7;55,8,8;65,5,4;69,1,1;75,2,5;85,3,5;90,4,11;95,6,0;99,2,1;100,1,8;105,4,1;110,-2,3;115,8,0;119,2,2;120,-1,4;125,1,-3;135,11,7;139,2,5;140,-1,7;145,2,0;146,1,4;149,4,-4;155,9,6;159,-2,0;160,0,5;165,5,1;166,-3,1;169,6,2;170,-3,3;175,2,-3;176,3,8;179,-2,-2;185,9,2;189,-5,6;190,0,4;195,9,4;196,-1,-1;200,5,1;206,0,11;210,5,-4
rua||maria ines de brito|residencial belo horizonte|37031213|15,-2155945,-4546801;25,-2,-5;29,5,1;30,13,13;40,-1,-12;45,-10,-15;60,21,6;64,3,0;65,-8,-11;70,13,-8;75,-6,-4;80,16,9;85,-5,-5;90,11,-1;100,8,-10;105,-3,-2;110,4,5;115,-5,-24;120,15,22;130,3,-7;140,11,-16;145,-3,-3;146,7,2;149,-3,-5;150,6,0;156,3,-2;160,3,-2;166,4,-2;170,2,-6;175,5,2;176,6,-3;179,-2,-2;180,2,-1;185,2,-1
rua||maurilio goncalves braga|sao francisco|37044380|25,-2156402,-4541866;26,-7,-7;35,17,10;36,-7,-5;45,13,3;46,3,-1;55,5,2;56,2,-4;64,-4,2;65,14,6;66,-7,-8;75,18,5;76,-11,-3;85,17,8;86,-5,1;95,16,2;96,-10,0;105,16,1;106,-5,-2;115,12,7;116,0,1;125,10,-9;126,-8,-5;135,10,9;136,6,5;145,6,-14;146,2,14;155,2,-2;156,-1,7;165,6,3;166,3,-7;175,21,5;176,-14,-2;385,-138,-28
rua||miguel barbosa|padre vitor|37048440|11,-2157264,-4541006;14,6,6;21,-15,-22;26,21,16;31,-7,-24;38,1,13;41,-4,-15;50,11,-1;51,-1,-6;61,1,-12;62,7,8;71,4,-12;80,2,1;81,-1,-12;92,26,5;104,8,3;116,8,-2;125,62,8;128,-46,-7;134,25,5;140,-16,0;152,11,-3;164,13,-1;176,7,-2;188,15,-7;200,12,15;210,12,-16;218,-3,11;228,5,5;235,1,-2;237,14,2;238,-3,-4;239,-4,12;248,16,-2;257,1,-8;258,9,11;267,25,-6;268,-11,1;278,16,-4;288,4,4
rua||noca braga|vila verde|37012141|24,-2156547,-4545019;38,-1,-15;72,-9,-45;80,-3,-5;81,2,-2;94,-4,-12;108,0,-13
rua||pedro goncalves de brito|sete de outubro|37005065|15,-2154072,-4541608;25,-9,11;35,4,8;45,-5,11;50,0,21;55,-2,-9;60,-16,4;65,12,6;70,-16,5;75,14,3;80,-16,1;85,6,9;90,-2,5;95,4,5;100,-8,5;105,6,4;110,-10,5;115,14,-2;120,-13,9;125,6,5;130,-6,2;135,4,2;140,-10,16;145,3,-6;150,-7,17;155,11,-9;160,-10,10;170,-7,12
rua||procopio bueno|vila ipiranga|37004170|9,-2155672,-4542978;21,-2,9;27,6,6;33,2,9;43,6,10;52,1,5;58,7,5;59,-1,-5;66,2,14;67,5,-6;69,6,0;70,-4,18;83,1,-5;93,11,19;95,-6,-9;96,-4,1;103,11,8;106,1,8;121,3,-2;151,-1,15;164,9,28;165,3,9;185,2,1;195,3,9
rua||rafael de oliveira barreto|centenario|37056020|11,-2157393,-4542361;14,-12,6;17,1,5;30,-13,6;34,-3,3;37,9,1;44,-20,7;49,10,1;129,-41,77;187,-62,254;290,0,-117;299,14,10;301,-3,-29;304,-8,28;307,3,-17;311,5,30;318,-7,0;325,8,13;327,1,-43;332,-11,51;337,11,10;346,-8,-5;349,6,8;360,-5,3;361,5,6;371,5,9;373,-2,-5;374,-6,5;388,2,19;428,6,18;430,0,16;431,0,-2;440,-2,15;441,7,6;442,7,-13;453,-4,24;454,-8,-8;465,7,13;466,-12,-2;475,15,8;478,-11,7;487,4,13;490,5,5;497,4,5
rua||reinaldo orlando barbara|parque alto da figueira|37004724|30,-2154323,-4540578;32,4,-2;40,-12,4;50,-7,5;60,-2,4;70,-7,9;90,-7,18;96,-2,1;100,-7,4;110,-9,6;116,-3,1;120,-2,4;130,-7,11;140,-3,10;146,2,2
rua||rosa bartelega|barcelona|37018560|150,-2155260,-4543312;165,-16,2;175,-12,0;180,-2,-6;185,0,-6
rua||ruth martins beltrao|porto real|37031402|3,-2154920,-4545871;15,6,-7;40,-8,12;60,0,24;65,6,4
rua||santos belo|sao francisco|37044390|16,-2156434,-4541833;25,22,2;26,-4,2;35,11,1;36,-3,-8;45,19,14;46,-5,-7;54,10,7;55,4,-5;65,4,6;66,-7,-7;75,14,4;76,-4,0;85,14,4;86,-1,3;96,11,-3;105,11,1;106,-5,6;115,8,-7;116,-2,8;125,7,-8;126,-1,9;135,4,5;136,16,0;145,0,-14;146,3,15;155,6,-7;156,6,8;165,10,-5;166,-7,0;175,19,1
rua||sebastiao goncalves braga|centenario|37062040|22,-2158824,-4542612;36,5,10;41,-2,-12;50,9,28;55,0,-18;59,-1,-2;64,9,30;69,-3,-18;72,6,25;78,4,4;83,-4,-16;91,6,14;92,2,24;97,6,-14;104,2,20;108,7,3;111,-4,-15;117,-2,-6;120,8,35;125,-1,-18;126,-3,20;132,12,4;137,-4,-15;144,7,19;149,4,0;156,-8,16;161,9,-9;173,8,8;185,4,20;265,-84,-152
rua||severino ferreira de barros|rezende|37011015|15,-2158118,-4543210;25,11,0;29,1,-5;31,8,2;35,8,-3;45,4,-1;55,5,1;65,15,-4
rua||silva bittencourt|centro|37002050|32,-2155785,-4543834;55,-11,-11;56,8,19;66,4,2;73,2,25;81,-2,20;91,4,11;100,1,-30;107,0,46;117,-4,1;127,4,11;137,0,5;150,6,-28;179,2,78;189,3,2;197,3,6;199,-6,4;201,3,21;204,-7,-18;207,5,5;212,3,6;222,1,6;230,-3,11;240,2,13;250,10,3;389,18,133;403,-8,17;407,-2,9;425,4,1;433,7,5;435,-5,0;447,-16,21;507,-6,50;515,15,33;523,-6,-12;531,-12,-6;539,38,19;547,-30,-1;551,10,6
rua||silva bittencourt|centro|37002051|265,-2155764,-4543600;279,-2,4;280,0,-13;289,-4,29;296,12,0;297,-3,4;298,-29,-2;305,26,10;310,15,-12;312,2,4;315,-8,18;316,4,-5;335,-1,12;338,6,2;348,-2,26;362,9,-5;366,-16,4;368,2,12;376,6,9;380,-4,14;392,9,-7;404,-11,4;410,13,46;414,-14,-17;416,-35,-20;420,30,15;430,-7,7;442,24,13;454,-6,13;474,-15,40;486,17,-6;500,-5,17;512,3,29;526,-16,-7;542,14,3;554,-15,19
rua||silva bittencourt|centro|37002053|564,-2155765,-4543326;574,-7,7;578,0,8;604,-2,14;605,0,-14;610,-1,27;621,-2,6;625,-4,6;630,1,6;635,-2,3;639,4,5;654,-1,11;667,-7,17;668,-3,-10;686,-3,20;692,-3,5;710,-1,9;711,-1,-8;715,1,14;721,-4,6;724,3,8;727,-14,5;732,3,11;739,-3,3;744,-1,-3;764,-2,24;784,-10,16;787,3,9;798,-3,-1;799,-1,10;804,-4,2;813,4,7;814,-6,-3;821,1,15;829,-7,5;830,7,-3;833,-10,9;836,3,0;843,-3,11;861,-2,19;900,3,-21
rua||silva bueno|vila ipiranga|37004180|2,-2155680,-4542970;4,3,-2;6,2,7;12,-1,9;13,6,11;16,0,-4;26,1,15;38,6,13;50,2,8;60,1,10;63,0,0;70,5,7;71,-3,4;76,5,6;79,-1,0;86,0,9;92,3,7;101,4,13;102,-2,-9;110,0,10;117,2,0;120,3,8;130,2,8;136,3,5;142,2,1;146,-1,12;148,0,1;156,5,7
rua||tarcisio cardoso braga|barcelona|37022020|18,-2154954,-4543078;25,6,-13;28,-6,7;35,8,-15;38,-2,8;45,5,-14;46,0,5;53,4,-13;59,2,-5;60,1,9;66,5,-10;74,6,-5;75,2,0;83,4,-11;84,-7,5;90,7,-5;91,7,-14;98,-6,8;100,4,-4;110,4,-5;114,4,-6;120,1,-4;151,23,-32;165,6,-14;177,2,-13;180,-22,39;187,24,-41;188,-1,4;198,6,-9;208,-1,-14;237,26,-28;247,4,-6;248,-4,1;258,0,-8;261,18,-4;265,-13,3;267,4,0;268,5,-8;277,1,-2;278,2,-9
rua||vital brasil|novo horizonte|37026010|38,-2156634,-4544124
rua||vitorio bertoli|barcelona|37007022|24,-2154034,-4542851;25,2,5;35,-12,3;44,-7,-6;45,-4,11;54,-5,-9;55,-1,6;64,-6,-6;65,-2,2;74,-7,0;75,-1,4;84,-10,-2;85,0,7;95,-10,-2;104,-9,-3;105,2,6;114,-8,-2;115,-2,4;124,-8,-6;125,-3,5;130,-4,-2;134,-1,-1;135,2,5;139,-10,1;145,1,1
rua||vitorio bertoli|sao mateus|37007022|55,-2154212,-4542844;85,-28,-3;105,-19,-4
rua||waldemar batista braga|barcelona|37022830|35,-2155246,-4542725;447,-7,5
rua||wenceslau braz|centro|37002080|15,-2155599,-4543673;19,5,-7;25,-14,-15;29,11,3;37,25,14;41,2,-11;45,4,1;53,-33,14;55,41,-19;57,1,-1;61,-45,26;71,52,-30;89,15,-20;129,15,-4
rua||wenceslau braz|centro|37002081|150,-2155483,-4543776;157,-4,21;167,0,-5;171,6,-3;176,2,-6;177,10,-1;178,-9,3;184,-1,-1;188,5,-9;192,1,-7;202,6,8;204,5,-16;221,14,-7;222,-4,16;225,7,-4;227,4,-2;233,4,-11;248,12,-22;258,-1,3;262,9,-2;269,-9,14;275,23,-18;286,8,2;289,-7,-6;291,-15,-23;300,32,21;303,-8,4;313,17,-21;318,-3,10;321,11,-13;328,-6,6;335,20,-10;342,-9,4;344,0,-3;346,3,-1;348,3,1;358,4,-7;366,7,-4;368,11,-4;386,0,-2;392,11,-7;396,4,-3;404,0,-3;412,9,-11;432,11,-9;434,6,1;436,2,-10;438,6,-3;452,5,-2;458,-2,8;462,7,-13;466,9,-11
rua||wenceslau braz|centro|37002082|20,-2155580,-4543688;30,0,-5;36,15,-12;60,0,-1;78,-2,-2;82,12,-9;86,6,-2;90,3,-5;94,5,10;98,-4,-6;102,6,-8;104,0,-2;108,-12,14;122,26,-22;363,180,-124;373,4,-14;383,8,-4;393,6,-2;395,-7,-12;397,14,18;399,-1,-16;415,9,-12;431,10,-4;441,5,-3;445,11,-3;449,6,-3;461,8,-7;463,2,-6;471,8,-2;487,-10,-40;490,15,3;502,1,4;512,21,-6;514,-11,13;515,4,2;516,-6,-1;525,-2,-19;526,16,6;531,9,6;534,-3,2;540,15,-10;545,2,4;549,5,-22;554,1,12;555,-4,-2;561,-1,-9;571,16,-1;576,6,-5;582,4,4;585,-3,-12;586,0,9;594,17,4;599,-8,-17;600,9,9;605,-4,-10;609,2,-4;620,10,6;623,-6,-16;625,4,1;628,18,-1;633,-6,-3;637,0,-1;672,30,-7;674,0,-4;676,1,-9;680,8,-5;700,5,-5;712,7,-5;720,19,-7;730,-1,-18;754,7,9;764,4,-11;768,11,-10
rua||wenceslau braz|centro|37002083|669,-2155138,-4544034;679,8,-12;681,10,1;689,16,-14;703,14,-2;713,-10,7;721,12,-13;731,3,2;735,6,-4;747,8,-17;763,6,-8;771,15,-1;790,0,-8;799,6,-7;800,15,-3;802,-5,3;813,6,-8;814,8,-2;817,2,-5;823,1,-5;824,4,5;829,-4,6;832,14,-20;835,-6,9;837,10,-11;845,-1,3;850,2,1;853,3,-11;856,-1,7;857,10,-7;865,4,1;866,-6,0;874,7,-11;875,5,8;877,2,-14;878,1,2;888,0,-1;904,22,-10;910,-1,-3;911,-2,-8;920,11,0
rua||yvone vilas boas|damasco|37060230|25,-2158482,-4542485;30,-28,9;35,8,8;40,-5,1;45,10,10;50,-9,3;55,4,6;60,-4,-7;65,2,13;70,-4,0;75,-1,8;80,-9,2;85,9,15;90,-3,2;95,-3,2;100,-1,-1;105,-13,11;110,0,6;115,2,4;120,-3,3;125,5,-1
travessa||silva bitencourt|tres bicas|37002035|25,-2155867,-4543057;35,2,-5
travessa||silva bittencourt|centro|37002065|40,-2155863,-4543064;70,-12,-21
