alameda||das orquideas|pinheiros|37030570|10,-2153830,-4544571;20,2,-10;30,8,-7;40,6,-1;50,17,-1;60,7,0;70,10,-7;82,12,-5;94,8,-1;104,6,-7;114,12,-6;124,2,2
avenida||antonio frederico ozanan|sion|37044480|12,-2156505,-4542070;13,13,-16;189,14,-432;191,-4,2;193,2,8;203,7,3;213,-5,-2;223,7,7;235,-3,16;245,4,5;255,7,5;257,-6,7;259,3,6;295,6,32;301,9,24;313,-3,28;317,2,-23;322,-4,15;333,1,-3;334,3,29;346,-1,7;355,4,-15;358,6,30;370,1,12;382,1,6;394,2,13;395,3,25;405,7,13;406,-1,-21;407,17,23;410,-19,-20;411,3,23;415,-15,-70;420,12,56;431,0,32;433,-3,1;434,-5,-10;435,5,15;459,-5,18;462,-5,-14;465,3,19;485,-7,18;495,-4,10;505,-1,15;525,-7,27;535,-8,0;545,-4,12;546,3,-30;555,-3,40;575,-10,20;585,0,3;595,3,-1;599,-11,5;615,2,20;625,-6,12;635,-13,32;645,-2,0;665,-1,23;680,28,-116;690,13,-19;710,-50,145;760,-36,31;795,20,43;800,-34,-9;804,-4,13;970,-78,143;980,-6,-12;984,4,-2
avenida||celina ferreira ottoni|centenario|37060715|3070,-2157259,-4542108;3080,4,7;3090,-6,16;3100,-8,5;3120,-6,23;3122,-3,14;3208,-28,48;3243,-17,30;3314,-24,43;3320,-3,29
avenida||celina ferreira ottoni|minas gerais|37048395|4000,-2157628,-4541214
avenida||celina ferreira ottoni|padre vitor|37048580|65,-2157774,-4540348;4567,40,-586;4855,-28,278;5165,-47,228;5205,-11,36
avenida||celina ferreira ottoni|padre vitor|37062170|3875,-2157500,-4541407;3945,-32,65;3967,-16,35
avenida||celina ferreira ottoni|rezende|37060715|775,-2158269,-4543557;795,-1,38;805,15,14;845,-6,42;865,11,10;905,23,63;915,-11,16;925,13,6;945,19,14;1005,36,72;1025,9,13;1065,19,31;1075,2,8;1085,3,9;1125,21,40
avenida||celina ferreira ottoni|rezende|37062170|39,-2157923,-4544175;80,-393,342;90,-13,2;145,334,-230;150,-254,208;440,45,-39;450,-2,-3;499,-20,52;518,-37,-20;545,-30,78;546,0,-58;570,-47,82;585,37,-1;640,-21,30;644,0,16;645,16,15;648,-13,-2;655,16,11;675,17,41;680,-34,-20;682,1,5;684,12,10;686,-1,17;695,24,3;700,-22,6;715,26,12;740,-33,40;760,23,38;888,30,198
avenida||celina ferreira ottoni|santana|37048005|196,-2157166,-4542474;2488,5,-105;2527,4,-35;2540,-9,109;2546,4,6;2556,-6,3;2566,1,19;2569,13,-131;2576,-9,138;2605,3,-20;2617,-2,11;2650,-31,87;2675,21,-28;2685,-2,17;2731,1,31;2785,17,69;2800,-75,68;2830,4,34;2850,-8,9
avenida||celina ferreira ottoni|santana|37060715|395,-2157218,-4542678
avenida||celina ferreira ottoni|sion|37060715|2871,-2157215,-4542204;2875,-10,8;2889,-9,5;2993,12,15;3001,-12,19
avenida||celina ferreira ottoni|sion|37062170|3097,-2157266,-4542030;3139,-36,50;3167,-5,4;3177,-9,19;3311,-17,39;3351,-15,29;3361,-13,19;3389,-11,12;3415,-2,21;3435,-22,30;3465,-9,16;3495,-10,23;3501,-11,12;3511,3,8;3517,-14,3;3521,8,-3;3533,-13,10;3549,-8,24;3555,1,3;3591,3,35
avenida||clodegano de oliveira|vila verde|37012080|105,-2156339,-4544936;147,-4,-58;182,-3,-40;207,-22,-16;235,0,-40;263,-7,-22;294,0,-73;308,29,176;319,-36,-169;333,-5,-1
avenida||jose elias de oliveira|padre vitor|37048320|163,-2156988,-4541096;165,-58,128;193,41,-94;1455,218,-424
avenida||jose elias de oliveira|sion|37048320|150,-2156720,-4541608;170,-2,3
avenida||jose elias de oliveira|sion|37048335|355,-2156728,-4541615;959,105,-172
estrada||para o condominio ilha das orquideas|condominio ilha das orquideas portao 1|37030087|6,-2160710,-4549874;8,-31,-2;9,-31,-7;12,30,5
estrada||para o condominio ilha das orquideas|condominio ilha das orquideas portao 4|37109899|3,-2160723,-4549562;4,-14,16;6,53,-28;8,21,-2;9,4,-3;13,56,7;17,6,42;18,9,-25;19,-10,27;20,1,-11;22,-26,53;24,29,9;25,-2,6;26,-13,-10;27,-16,-8;28,-14,-3;29,-11,-10;30,-14,2;31,-1,-5;32,11,-36;33,-31,31;34,-20,-4;36,8,0;37,-11,-5;39,-36,-10
praca||pinto de oliveira|centro|37002160|4,-2155494,-4543961;7,-8,50;29,1,29;31,-4,-4;33,11,-28;34,13,-37;45,-22,50;48,33,2;49,-30,-10;52,17,-58;56,-12,83;58,-6,9;59,-2,-45;60,7,9;62,-4,10;84,3,-22
rua|doutor|antonio francisco de oliveira|boa vista|37014290|326,-2154725,-4544728;801,2,-7;811,5,-1;812,10,7;821,5,-15;822,-1,11;832,5,-2;839,10,-15;842,1,9;849,-1,-7;852,6,7;855,10,-6;859,-5,-4;864,10,4;869,-1,-6;872,4,2;877,9,-20;878,-6,11;887,8,-13;892,-5,15;922,25,-23;929,4,-17
rua|doutor|antonio francisco de oliveira|bom pastor|37014290|26,-2155330,-4544436;31,1,0;37,3,-10;39,4,0;40,2,-1;49,4,0;54,6,1;59,-4,-16;61,1,5;64,15,7;65,-1,-7;68,6,3;76,5,-5;77,1,5;80,6,-4;84,4,-2;89,-9,0;98,14,-8;99,-5,3;107,7,-1;108,9,-5;111,-1,-4;125,10,-2;169,43,-22;174,0,-7;181,8,2;186,-4,2;187,345,-165;203,-330,157;205,53,-18;213,-47,17;215,18,6;218,-18,-5;220,3,4;223,13,-9;233,10,-3;234,-33,0;238,39,-12;254,1,3;258,4,-10;277,19,0;287,10,-9;297,8,0;379,24,3;380,5,-15;382,2,-1;390,4,-14;394,5,2;396,-14,21;398,20,-14;399,4,6;408,3,-11;409,7,-8;412,-174,87;419,183,-92;420,-4,6;429,15,-7;430,-4,-1;439,32,-13;440,-23,14;450,9,-2;456,2,-9;469,-2,4;470,1,-6;479,29,-12;480,-18,7;490,15,0;493,15,-7;555,47,-22;570,18,-8;576,8,-5;584,3,2;667,60,-33;679,19,-11;684,0,3;689,3,-6;694,6,4;704,12,-4;710,4,-1;714,4,-4;724,5,-5;734,13,-4;743,3,-5;746,1,5;749,6,-12
rua|doutor|jose silvestre de oliveira|boa vista|37014650|90,-2154820,-4545076;99,8,-18;100,-3,10;105,3,-22;110,2,13;120,8,-13;125,2,-11;135,4,-18;136,3,13;137,-59,89;146,58,-95;147,-57,85;156,67,-92;157,-59,89;167,7,-18;186,67,-109;190,5,-3;201,2,6;215,3,-20;220,15,-9;225,-14,1;230,17,-9;240,5,-23;244,-9,20;245,3,-7;255,-1,-18;311,28,-32;315,7,-16;325,-1,2;335,3,-7;360,28,-42;370,6,-12;375,0,1;380,7,-5;385,-2,-10;390,7,-1;395,4,-7;400,1,-6;405,-5,2;410,11,-5;415,-4,4;465,22,-46;475,0,-6;485,0,-6;495,8,-9;505,7,-6;515,3,-17
rua||adolfo ferreira de oliveira|carvalhos|37045013|10,-2155709,-4541244;15,27,-4;20,-13,6;30,8,5;35,15,-13;40,-7,10;45,19,-9;50,-8,5;55,16,-6;60,-5,12;65,15,-10;70,-8,8;75,19,-8;80,-9,3;85,13,-5;90,-3,2;95,13,-15;100,-5,19;105,14,-10;110,-8,13;115,14,-11;120,-3,8;125,16,-7;130,-10,1;135,16,-8;140,-6,11;150,9,-5;155,28,-10;165,11,6;170,-6,3;175,9,-5;180,-4,5;185,15,-4;190,-9,9;195,20,-10;200,-6,5;205,15,-7;210,-10,8;215,19,-5;220,-13,3;225,20,-10;230,-9,9;235,24,-10;240,-17,13;245,21,-9;250,-9,5;255,23,-10;260,-17,10;265,27,-2;275,5,-2;285,3,0
rua||adolfo ferreira de oliveira|carvalhos|37045035|1,-2155639,-4541317;10,-35,46;150,-38,38
rua||alzira benedita de oliveira|barcelona|37018600|2,-2154977,-4543126;5,-4,-4;7,3,0;11,12,-9;15,-5,2;16,9,-9;17,14,-25;19,-22,27;21,11,-18;25,9,0;27,-13,14;28,96,-157;30,-4,2;31,-81,139;34,75,-138;35,-79,139;45,0,-6;48,73,-125;50,2,2;87,-57,92;93,4,-8;99,5,-4;108,0,-5;118,20,-17;126,27,-54;130,-40,62;131,29,-29;135,-14,11;150,1,2;160,3,-8
rua||antonio benevides oliveira|vargem|37022597|30,-2154362,-4542096;85,36,-36;95,-1,-7;155,27,-62;1171,-77,146
rua||auristela batista de oliveira|padre vitor|37048341|20,-2157374,-4541335;25,-10,1;30,20,-16;40,8,-2;50,21,6
rua||celina ferreira ottoni|padre vitor|37048830|10,-2157435,-4541209;20,46,-126;30,-3,4;35,-4,25;40,2,-20;50,-5,8;60,-4,3;70,1,14;80,-2,10;86,-7,0;95,-26,-380;96,20,394;100,1,6;110,-9,-3;116,9,10;118,-4,3;120,-1,1;125,-42,112;130,41,-104;136,-3,5;140,-9,11;150,2,8;160,-1,2;166,-10,10;176,4,0;185,-25,89;280,-8,1
rua||conceicao aparecida de oliveira|jardim oriente|37037104|25,-2152334,-4545149;35,4,-2;45,5,-5;55,3,-1;65,10,-13;75,4,-11;85,8,-1;89,-1,-4;95,5,-4;99,4,-5;105,2,-4;109,18,9
rua||do ouro|vila bueno|37006570|2,-2156426,-4544417;3,19,11;9,-12,3;11,-3,-15;12,40,58;15,-37,-61;22,43,70;25,7,-3;34,-4,6;37,5,4;42,7,6;46,2,3;49,-4,-7;52,3,15;61,6,1;66,-4,7;118,-45,-69
rua||dos operarios|barcelona|37002245|7,-2155402,-4543413;25,19,4;35,3,0;45,10,5;53,10,-6;63,9,0;77,11,1;91,8,2;103,12,6;135,15,-9;145,10,21;165,24,-5;167,6,10;183,6,-6;197,18,20;209,20,-27;235,2,11;245,-5,0;255,24,11
rua||dos operarios|barcelona|37002246|18,-2155376,-4543404;20,-16,-1;30,13,0;40,5,1;52,9,3;86,32,3;94,9,0;98,0,0;106,6,1;110,6,3;128,9,0;146,12,1;152,0,-6;164,9,31;172,8,-21;178,21,2;190,1,4;200,6,0;210,9,0;223,10,3
rua||dos operarios|barcelona|37018440|360,-2154901,-4543331;640,39,8;650,29,-1;800,21,22
rua||dos operarios|campos eliseos|37018405|631,-2154862,-4543326;641,14,1;659,15,5;671,7,-3;835,45,14;845,6,-2;865,2,-1
rua||dos operarios|campos eliseos|37018443|445,-2154964,-4543337;455,12,-5
rua||dos operarios|jardim europa|37018405|335,-2155122,-4543365;345,0,-5;355,10,2;395,43,5;397,17,5;415,3,1;425,18,4;575,101,17;585,12,3;595,13,-2
rua||dos operarios|vila barcelona|37022006|290,-2155163,-4543368;314,25,7;324,-1,-9;334,13,8
rua||fabio cesar de oliveira|residencial vale das palmeiras|37031322|25,-2155562,-4546501;29,6,3;35,3,4;39,-1,7;55,11,19;75,8,14;85,3,3;89,3,5;95,1,6;105,1,3;109,3,9
rua||honorio benedito ottoni|bela vista|37014760|20,-2155001,-4545578;25,6,-1;30,-15,16;35,10,-9;40,-12,16;45,9,0;50,-11,7;55,5,-3;65,-6,8;70,-10,6;75,5,5;80,-13,7;85,16,-18;95,4,0;110,-38,58;120,-6,2;130,-3,14;131,20,-25;137,-7,14;140,-14,18;145,10,-16;155,-6,10;160,-13,13;165,11,-2;166,-9,14;172,-10,4;175,7,-23;180,-12,32;185,5,-11;190,-11,15;195,13,-3;200,-20,14;201,17,-14;205,6,6;210,-19,18;215,7,-7;220,-21,17;225,16,-12;230,-25,15;240,10,11;245,4,-11;246,-16,16;248,5,6;250,-2,5;255,2,-17;260,-8,20;263,10,-19;267,2,4;270,-18,20;275,11,-9;279,-7,13;280,-8,10;285,16,-15;290,-22,32;300,-2,3;305,-4,-11;315,9,8;320,-18,19;325,15,-20;330,-20,36;335,13,-23;340,-19,32;346,0,7
rua||ismael de souza oliveira|rezende|37062183|30,-2158887,-4543287;35,13,-8;55,7,-19
rua||ismael onofre|rezende|37011018|4,-2158074,-4543554;10,-2,18;50,-2,47;60,0,8;70,3,11;90,-2,28;100,19,22;110,-1,4;140,15,42;180,5,48;186,4,-1;190,-7,16;200,6,14;206,-5,-1;210,8,4;240,-10,39;248,-8,13;262,1,5;270,0,6;296,-35,-340
rua||jayme de oliveira|parque rinaldi|37036070|10,-2153046,-4545832;15,-9,-13;20,2,1;21,-11,-14;30,7,9;31,-7,-9;40,0,-1;45,-7,-4;50,1,-8;51,-12,-2;55,3,-4;61,-6,-8;65,-1,1;70,7,1;75,-11,-5;85,0,-5;87,0,0;89,-2,0;90,13,7;95,-17,-17;100,5,1;104,0,-3;105,-16,-14;109,12,10;110,-5,-7;113,-6,-2;115,-5,-1;120,8,-2;130,-6,-6;135,-7,1;145,-13,-18;155,-5,-8;165,2,-4;166,9,4;170,-1,-2;175,-12,-12;179,-5,0;180,13,4;185,-19,-14;190,14,11;195,-17,-17;196,14,15;200,-3,-3;204,-4,-7;205,-13,-15;210,9,7;215,-13,-14;220,11,8;225,-20,-17;230,16,8;235,-20,-16;240,13,7;245,-11,-16;249,-1,4;255,-8,-8;270,4,-3;280,-7,-10;285,-13,-12;290,12,10;295,-18,-16;296,16,11;300,-3,-5;310,-4,-4
rua||joao ossani|cruzeiro do sul|37045224|30,-2155670,-4540666;50,199,-65;60,-4,1;70,-7,3;80,-12,-2;90,-7,5;100,-8,3;110,-5,1;120,-15,3;130,-5,-1;140,-5,4;150,-10,5;160,-12,1;170,-10,1;180,-7,1;190,-10,2;200,-10,5;210,-5,1;220,-13,-2;230,-10,7;240,-5,1;250,-13,2;260,-11,2;270,-4,3;290,-17,7;295,-4,7;300,-13,-7;305,-2,16;310,-5,-13;315,0,5;320,-11,-1;325,11,4;330,-24,1;335,8,4;340,-12,-6;345,0,6;350,-9,-5;355,4,10;360,-14,-8;365,3,10;370,-11,-9;375,4,9;380,-7,-6;385,1,6;390,-12,-1;395,-1,6;400,-11,-5;405,2,9;410,-16,-2;415,6,4;420,-9,-3;425,1,3;430,-11,-8;435,-1,12;440,-7,-7;445,1,6;450,-9,-1;455,0,6;460,-10,-8;465,1,12;470,-7,-9;475,1,14;480,-12,-8;485,0,7;490,-10,-6;495,-1,6;500,-1,-2;505,-7,6;510,-5,-9;520,-5,0
rua||jose barcelona de oliveira|barcelona|37022100|8,-2155172,-4543242;14,0,6;16,-2,5;18,-2,7;34,-6,9;46,-3,12;54,-5,12;62,-2,2;68,-5,7;78,-2,7;80,0,-2;82,0,2;86,-3,11;100,-9,7;104,-1,9;130,-2,10;140,-5,7;150,-3,3;160,-3,12;166,-5,8;172,-1,3;174,-3,5;196,-9,21;210,-2,15;226,2,7;234,-8,8;260,-10,25;280,-5,20;288,-5,0;312,-12,18;330,-5,15;348,-9,12
rua||jose barcelona de oliveira|vila barcelona|37022100|18,-2155124,-4543175;19,-50,-47;31,46,56;32,-7,1;33,-42,-41;38,46,48;42,-10,7;43,-38,-52;45,46,45;54,-13,15;55,-2,-5;57,-36,-47;65,-4,12;75,-7,12;82,43,52;85,-45,-48;91,37,61;94,1,-7;100,-3,8;108,-1,0;119,-43,-41;125,37,56;129,-49,-52;131,45,57;136,-1,3;137,-35,-47;138,39,38;141,-48,-27;143,40,49;145,-40,-55;149,5,1;157,-1,8;165,-6,8;170,41,3;171,-53,3;173,10,-1;177,36,57;179,-41,-57;184,40,41;185,-52,-31;191,42,66;194,3,-14;196,-5,12;199,-2,4;205,-43,-41;207,45,51;208,-3,-9;215,-44,-36;289,-10,42;299,-21,22;319,-6,18;333,-6,14;343,-9,4;351,2,5
rua||jose de oliveira|parque das grevileas|37076002|20,-2158646,-4545455;25,-6,-6;30,4,8;35,3,-4;40,6,11;50,9,4;55,2,-9;70,17,6;75,-3,1;80,18,10;85,-5,-4;95,8,4;100,6,2;105,9,2;109,-10,2;110,4,2;115,5,-3;116,-1,4;119,5,-4;120,19,-2;125,-13,5;126,6,9;130,3,-5;135,3,-6;136,-3,16;139,0,-11;140,0,11;145,10,-18
rua||jose marcilio de oliveira|padre vitor|37048852|80,-2157778,-4539753;90,-8,7;95,7,8;100,-19,8;150,-34,36;160,-7,12;170,-3,8;176,-6,4;180,-4,3;186,-2,7;190,-4,9;200,-7,5;220,-12,18;230,-9,9;245,-3,17
rua||julio cesar de oliviera|jardim dos passaros|37026380|30,-2157345,-4544045;134,21,-91;150,-16,43;206,6,9;208,-2,2
rua||marcos ferreira de oliveira|parque imperador|37031068|90,-2155444,-4545793;110,3,-22;130,-2,-13;150,-41,-10;160,38,-12;190,7,-64;195,-7,5;210,7,-12;215,-8,0;235,-1,-20;250,10,-5;255,-3,-20;270,10,-4;275,-11,-6;290,8,-9;310,5,-18;315,-13,-7;330,11,-5
rua||miguel mendes de oliveira|parque de exposicao|37012025|210,-2159906,-4543977;234,-59,-15
rua||miguel mendes de oliveira|parque de exposicao|37068300|170,-2159848,-4543955;180,-44,-16;3330,129,46
rua||miguel mendes de oliveira|vale dos coqueiros|37068300|440,-2160129,-4544023
rua||oiapoque|santana|37048560|12,-2156657,-4542660;15,3,-9;20,-2,0;25,0,-17;26,4,10;30,-4,-6;35,-1,-7;60,7,-3;80,2,-22;84,1,5;98,8,-23;110,2,-8;166,6,-43;170,0,-6
rua||olaria|vila murad|37010450|15,-2155670,-4544942;19,-2,-11;21,-36,-44;25,27,32;27,0,7;31,-30,-49;35,25,42;45,-5,-7;51,-2,-5;61,5,-18;86,-13,-6
rua||onze|bairro corcetti|37036230|85,-2153228,-4545147;105,-9,7;115,-4,17;133,-10,17;145,-2,8;147,-1,0;155,0,6;185,-11,30;205,-7,15;225,-7,20;235,-5,12;245,-2,9;255,-3,4;265,-4,14;269,1,0;680,72,-243;700,35,39
rua||onze|jardim mont serrat|37036230|25,-2153619,-4545343;27,3,3;30,19,13;35,-22,-16;40,13,12;215,-5,-11
rua||onze|vale dos coqueiros|37007072|35,-2160179,-4544219;50,-10,-20;60,-11,-10;80,-8,-10;85,-2,6;90,-6,-11;100,-10,-8;105,-6,-2;170,-37,-42
rua||onze|vila verde|37012142|34,-2156353,-4545203;58,25,-5;82,20,-4
rua||paulo mendes de oliveira|sao mateus|37007154|160,-2154256,-4542920
rua||sebastiao de oliveira|centenario|37056330|13,-2157811,-4542536;24,3,-15;27,-6,0;32,-2,-2;34,6,-3;39,-2,-11;46,-8,5;53,-5,-12;56,-1,2;65,0,-7;68,8,-11;77,-18,0;78,3,-5;79,0,-2;89,-7,-12;90,4,2;99,-7,-7;100,1,1;102,3,-4;111,-16,-11;112,24,-9
rua||teofilo otoni|sion|37044590|12,-2156463,-4542191;13,-7,3;26,-12,-10;27,-1,2;40,-5,-1;41,-10,4;54,-4,-7;55,-4,0;57,2,1;66,-9,-7;67,-3,2;78,-4,-8;79,-11,0
rua||wilsom celso oliveira|urupes|37062640|12,-2158551,-4544435;16,-13,4;22,0,-20;25,0,-1;35,10,-14;40,4,6;45,-1,-14;48,3,8;50,-2,-4;56,4,0;65,6,-21;66,-6,21;76,16,-19;85,-3,-8;88,4,2;95,-2,-7;102,7,-3;105,4,-16;112,4,6;115,0,-9;122,-1,3;125,0,-8;132,8,-1;135,2,-10;142,2,0;143,4,-11;152,2,5;155,0,-11;162,8,0;175,2,-15;180,0,7;185,5,-13;190,-5,6;195,10,-21;200,-1,15
travessa||jose gomes de oliveira|nossa senhora aparecida|37044283|1,-2156195,-4542835;2,-1,28;3,4,-35;21,1,23;676,-2,-8
