alameda||dos manacas|pinheiros|37030510|13,-2153720,-4544743;14,-29,-59;25,31,69;30,-32,-64;37,37,77;46,-35,-67;49,34,79;56,-25,-66;68,6,11;73,35,81;78,-36,-76;85,40,81;86,-37,-71;97,44,87;100,-38,-80;108,1,8;111,39,82;118,-37,-75;126,6,10;136,4,9;146,-3,7;156,9,13;168,4,9;178,3,9
alameda||dos mandarins|cidade nova|37044180|7,-2155584,-4542440;10,64,20;20,12,12;21,5,-7;30,-20,7;36,21,19;48,15,3;60,-2,4;70,-3,6;110,45,22;120,-2,11;123,-6,-18;130,25,24;141,-10,-7;142,16,18;160,5,11;162,4,-1;165,-8,-16;166,14,18;178,13,7;189,0,-5;190,2,8;191,1,-3;199,6,7;200,2,5;214,6,0;228,14,14;229,16,7;230,54,62;234,-57,-54;272,27,23;285,4,-2;294,-2,15;295,0,-18;304,13,20;305,8,-1;314,0,11;315,0,-11;335,8,8;339,2,-2;345,14,9;376,-12,5
avenida|dom|othon motta|jardim sion|37048570|423,-2156797,-4542478;465,-20,-3;475,-18,13;477,-32,-7;485,0,12;499,-4,-2;505,-10,5;509,-2,17
avenida|dom|othon motta|jardim sion|37048591|525,-2156899,-4542442;527,6,7;534,-13,-7;543,-11,2;545,3,2;547,0,0;555,-12,11
avenida|dom|othon motta|santana|37048570|12,-2156554,-4542636;14,-9,-2;26,-3,3;50,-17,-3;60,-15,2;75,-77,19;80,73,-17;100,-17,-2;110,-7,1;112,-12,9;114,-17,-8;240,-26,39;270,-24,19;300,-6,13;310,-13,16;320,-11,0;326,-7,4;330,-2,4;360,-20,12;370,-11,13;380,-16,-20;502,-96,68;506,1,27;508,-2,-4;510,-19,-1;520,0,3
avenida|dom|othon motta|santana|37048591|554,-2156944,-4542425;566,-10,10;578,-10,3;604,-18,15
avenida|dom|othon motta|sion|37048570|15,-2156571,-4542644;65,-26,3;75,-21,4;97,-8,6;107,-12,8;155,42,66;185,-46,-64;195,-9,4;205,-12,12;215,-4,4;235,-15,9;245,-6,2;253,5,28;255,-5,-2;265,-11,-3;269,-8,0;275,6,-7;295,-35,28;297,21,-17;363,-48,36;375,-5,10;377,2,9;387,-6,-5;389,2,8;575,-174,82;579,-7,13;599,-15,8;619,-36,12;621,0,2;631,-16,-1;645,4,16;653,-4,0;659,1,-7;667,-27,4;669,-4,4;671,0,3;675,-27,16;679,12,-9;689,-7,3;705,-36,27;715,-6,12;725,-3,-1;735,-10,14;751,-21,16;753,-4,13;763,-13,-9;795,-22,25;803,-12,12
avenida|doutor|jose marcos|bom pastor|37014260|9,-2155294,-4544262;12,-7,-11;19,11,2;20,-12,-7;25,22,0;26,-14,-5;35,28,1;44,-4,12;46,8,-5;52,11,-10;55,-5,3;56,-1,2;60,15,2;65,-6,-12;69,13,2;70,-1,-1;71,1,-1;77,7,-8;80,1,6;88,7,-1;89,3,-10;100,9,2;109,-7,-5;110,14,6;115,-6,-5;135,8,-7;161,26,-15;166,9,8;167,3,-13;175,11,-2;176,1,6;185,7,-17;192,5,11;193,8,-15;195,-4,4;202,3,6;211,6,-12;212,0,6;221,8,-5;222,-1,0;230,14,-3;231,-6,-3;237,-2,0;238,11,9;243,-1,-9;248,6,4;253,4,-7;256,2,4;260,8,2;261,-4,-14;262,-4,5;268,2,-2;269,10,-10;271,12,2;272,-7,2;278,2,1;281,13,-9;282,-12,4;291,17,-8;292,-3,12;301,9,-12;310,2,3;316,7,-11;340,15,-12;352,16,11;361,-13,-8;367,9,-5;368,5,2;371,3,-4;375,17,-11;385,-1,-9;386,0,22;392,15,-2;394,-10,-10;395,11,-10;396,-23,23;402,31,-15;405,-1,-8;412,5,5;415,-2,-11;421,6,4;422,0,8;426,8,4;431,1,-17;432,3,1;437,1,-2;443,-3,0;445,10,-4;446,8,13;449,-2,-15;452,17,3;461,-11,-8;466,20,6;475,-8,-15;476,-4,18;484,21,-6;503,25,-16;506,-11,1;513,0,-4;516,12,-5;521,-6,5;523,8,-3;528,36,-20;533,-29,12;536,6,2;543,7,-10;553,9,-5;556,-2,9;562,6,-3;563,0,-7;567,-3,3;573,2,-3;579,17,-13;586,-12,14;589,10,-18;593,15,-3;600,8,3;601,-7,1;612,12,4;613,0,-9;620,10,7;634,18,-10;639,-18,-6;657,27,-10;666,5,10;669,-5,-9;674,16,2;675,-4,-8;684,9,8;687,6,-9;698,4,3;703,-2,-8;704,11,1;708,7,-4;713,-4,-5;714,1,4;717,7,-5;728,-6,2;735,14,-7;738,1,-2;746,12,11
avenida|doutor|modena|jardim orlandia|37010190|683,-2155938,-4545137;686,-7,8;693,8,-19;703,1,-16;713,-4,-12;723,0,-6;755,-16,-23;759,-9,-10;791,-18,-9;811,-26,-19;881,7,4
avenida|doutor|modena|nossa senhora de fatima|37010190|8,-2156230,-4544570;12,-7,1;16,1,-7;20,1,1;30,12,-7;36,5,-10;40,0,-2;42,1,1;50,2,-14;52,1,-3;60,0,-5;66,2,-2;70,-3,-6;74,11,-11;75,-3,8;84,3,-5;85,5,-8;92,-6,3;96,6,-6;97,0,-13;98,2,12;101,0,-11;110,3,-3;116,6,-2;121,4,-5;124,-2,-5;125,2,-14;131,2,-4;137,12,-6;138,-7,10;139,-3,1;144,10,-3;149,0,-24;151,1,3;154,1,9;164,-6,-5;168,11,-6;174,8,-4;182,0,-5;194,16,-5;202,-12,-9;214,9,-11;224,3,-9;232,5,-7;240,0,-6;248,11,-5;254,2,-5;264,7,0;268,14,-10;275,-9,-7;277,-1,6;286,3,-13;289,5,-2;297,11,-16;298,-10,11;303,0,-3;310,4,-10;320,12,-8;358,22,-25;366,5,-6;369,-7,-12;372,8,3;380,5,-4;383,-5,-8;388,13,-5;404,2,-8;422,7,-12;425,-4,-15;432,6,4;438,-1,-14;448,-2,-2;455,0,5;458,3,-9;462,11,-5;465,-5,3;472,16,-15;475,-15,10;480,3,-16;485,1,8;490,17,-16;494,2,-3;506,-2,-14;516,16,-9;517,-10,-4;523,2,1;528,13,-5;547,-2,-18;558,12,-14;567,0,3;577,-2,-18;578,2,11;591,5,-25;599,6,-21;606,-1,29;624,8,-13;628,3,-15;629,-5,-8;636,12,-8;648,2,-5;652,3,-19;660,-1,8;662,8,-12;672,0,-13;690,3,0;694,3,-34;696,6,2;702,-6,20;714,-2,-6;722,8,-14;726,-2,3;732,1,-6;734,-7,-8;736,0,0;750,0,-2;752,-2,-11;762,7,-9
avenida|irmaos|mayo|novo horizonte|37026070|17,-2156800,-4543943;21,149,-20;22,-7,-10;27,-144,31;33,123,-31;35,18,7;40,-17,-12;48,-3,6;50,-7,0;53,2,5;60,-4,-9;63,-15,15;73,-2,3;80,-4,-2;90,-14,2;93,-1,11;96,3,-8;100,-10,0;109,-5,7;119,-14,8;128,7,-5;131,-25,11;134,17,-6;141,-17,9
avenida||joao miranda|imperial|37045102|460,-2156149,-4541294
avenida||marajos|rezende|37062220|575,-2158552,-4543610;585,-10,6;595,-5,0;596,15,-12;605,-26,18;606,14,-14;610,-8,4;617,-18,18;636,12,-17;637,-38,31;646,25,-20;655,-23,17;660,0,-7;667,-17,17;679,-15,7;686,5,-11;691,-8,14;698,3,-8;710,-11,1;718,-9,6;726,-4,7;727,-14,11;730,11,-11;737,-16,14;740,3,-9;750,-19,15;753,8,-1;763,-12,7;770,-10,2;787,-23,11;799,0,3;809,-8,5;849,-51,27;865,-24,10;869,0,1;870,46,-34;879,-57,39;880,55,-35;890,-14,8;900,-7,8;905,-57,31;910,39,-24;920,-8,2;930,-14,9;940,-8,4;945,-22,15;970,4,-8;980,-9,3;990,-7,8;995,5,1;997,-5,4;1000,-4,-3;1001,-2,6;1005,-5,4;1010,-11,-1;1015,-4,7;1025,-14,5
avenida||marlene pieve miranda|imperial|37045105|45,-2155582,-4541417;100,-576,-480;110,5,7;113,-1,-31;120,12,32;126,-4,7;130,11,-15;140,10,13;155,17,-21;180,12,42;190,7,5;200,11,5;210,8,8;220,-1,2;250,32,24;260,9,0;280,12,6;285,28,-2;290,-12,17;295,17,-13;299,-1,14;335,-8,20;415,116,47;445,26,20;475,17,11;479,6,5;490,1,18;495,8,-8;500,1,10;510,5,8;520,8,6;530,11,7;535,3,-11;540,-3,10;545,8,-2;550,-3,6;556,7,7;570,7,2;590,20,16;610,14,5;616,4,3;625,60,26;630,-50,-10;635,52,11;764,63,71;770,0,-8;800,14,36
avenida||mexico|parque das americas|37030030|35,-2155737,-4545474;36,13,2;40,-3,-5;48,0,-1;65,-20,-18;73,-3,-3;75,3,-12;85,1,-8;86,9,-28;90,-1,-11;95,-10,32;100,12,-42;105,-12,33;115,2,-14;141,-3,-32;175,2,-36;210,9,-33;215,-10,-8;218,10,0;225,-11,-15;230,8,0;235,-8,-4;245,-3,-14;255,3,-11;260,5,-20;265,-6,18;270,8,-25;275,-7,10;276,9,-18;278,-3,-9;285,1,17;294,6,-32;295,-12,20;304,10,-32;305,-10,24;314,7,-35;315,-3,26;325,-4,-9;335,-2,-12
avenida||pascoal maganha|barcelona|37018460|85,-2155171,-4543389;95,2,5;99,-8,-19;109,3,-13;121,-13,77;125,10,-106;133,9,3;143,5,-6;153,-3,-1
avenida||pascoal maganha|vila barcelona|37018460|10,-2155176,-4543391;18,0,-10;42,11,-36;50,9,-11;115,-25,88
corrego||novo mundo|curralinho|37000001|25,-2164217,-4543938
estrada||varginha mascatinho|mascatinho|37109899|4057,-2153147,-4541212
estrada||varginha para eloi mendes|fazenda cachoeira|37000001|4,-2162082,-4545111
praca|dom|othon motta|santana|37048591|400,-2156802,-4542508
praca|professora|ana candida macedo|jardim alvorada|37004425|49,-2155954,-4543584;69,-11,11;79,-1,15;147,0,-43;730,18,9;736,-8,-11
praca||alexandre mambelli|centenario|37056160|8,-2157358,-4542147;14,-7,-4;24,-9,-4;34,-12,-9;44,-5,-2
praca||das missoes|vila floresta|37004040|570,-2155973,-4542879;588,-8,-7;598,-3,6;608,-11,2;614,-2,9;626,-11,-9
praca||leopoldo melo|vila murad|37010330|20,-2155894,-4544894;28,-10,2;36,-2,0;66,33,3;96,-12,8;104,-12,13;116,0,8;126,-5,10;136,9,-15;137,-24,13;139,2,-11;143,-7,-1
rua|dona|margarida|vila pinto|37010580|19,-2155814,-4544157;25,0,-1;36,15,-26;46,-8,-16;48,7,26;50,-1,-31;55,-9,3;57,12,5;60,4,-25;67,-12,7;70,-1,-4;79,-6,2;89,5,-15;102,11,-20;112,-10,-7
rua|doutor|jose marquinho|porto real|37031412|20,-2154861,-4546203;30,17,9;40,10,0;50,11,2;60,13,9;70,10,0;75,-161,375;90,174,-374;100,10,2;110,8,2;120,17,2;123,-148,371;125,3,2;130,151,-371;140,11,14;145,-145,351;150,160,-327;205,-90,320;210,87,-269;230,-1,20;245,-55,240;255,15,-13;265,4,-1;270,24,-174;280,-2,9;300,-7,39;310,-2,5;350,1,37;360,0,12
rua|monsenhor|moacir matias marques|cidade nova|37044192|40,-2155756,-4542592;60,12,0;66,7,0;90,22,11;100,9,3;110,8,4;116,2,3;130,9,11;150,16,8;155,-18,-15;159,2,2;160,29,17;165,-22,-13;169,2,3;170,28,13;175,-24,-11;179,5,-1;180,29,6;185,-25,-5;186,38,8;189,-31,-5;195,18,9;200,13,15;206,1,-3;210,11,7
rua|professora|alice macedo|nossa senhora de lourdes|37004430|16,-2155910,-4543621;23,-5,-3;26,3,4;35,-4,-11;38,3,-3;39,-11,0;41,3,-5;50,10,0;51,-11,-6;52,3,5;54,1,1;58,-5,-10;67,-3,-3;68,-2,-5;72,-3,-5;77,6,-6;78,-2,-8;97,0,-1;101,-3,-13;108,0,13;109,0,-7;111,-4,-17;121,-6,-11
rua|professor|fernando maximo|campos eliseos|37018418|325,-2154773,-4543846;330,-10,-19;345,24,35;350,1,-5;355,8,13;360,0,-6;370,4,7;376,3,-1;380,3,8;385,10,20;390,-1,18;400,11,-12;404,12,17;433,61,45;440,4,23;445,-23,-35;450,99,122;475,-69,-82;515,33,36;525,10,9
rua|professor|fernando maximo|campos eliseos|37018670|10,-2154962,-4544062;12,3,2;15,0,-3;23,6,11;27,8,0;28,-3,4;35,9,1;41,-1,3;43,-3,-1;51,14,21;54,-7,-8;61,5,8;73,23,19;82,4,5;83,2,3;85,-4,-12;91,8,18;111,4,1;113,0,6;125,1,8;135,15,14;150,4,-3;160,3,4;170,8,6;175,5,9;180,5,0;184,-1,6;189,-6,0;195,7,6;200,12,10;203,-1,-10;209,9,13;215,-9,-13;220,14,28;230,-1,-8;240,5,7;248,2,7;250,4,-6;260,2,12;266,-2,5
rua|santa|margarida|boa vista|37014280|763,-2154689,-4544682;773,6,-3;783,12,-6;795,4,-1;799,9,-5;805,4,2;813,4,-11;823,12,-4;833,7,-2;841,17,-3;863,5,-4;873,3,-8;879,8,-7;889,7,-5;897,1,-7;901,7,-10;911,10,-3;919,2,-8
rua|santa|margarida|boa vista|37014282|760,-2154689,-4544681;772,12,-6;788,7,0;800,12,-7;806,6,-1;816,10,-4;826,7,-8;836,15,-5
rua|santa|margarida|bom pastor|37014280|13,-2155312,-4544377;23,0,-7;32,8,-10;33,3,9;35,-7,-18;39,9,11;42,6,2;52,4,-4;53,2,-3;62,4,1;63,1,2;65,2,-8;72,5,-2;75,2,-4;81,9,-1;85,-3,3;87,-3,-2;95,18,-10;96,-2,11;150,42,-21;165,24,-16;177,-14,9;178,12,-7;196,16,-3;206,8,-7;213,6,-2;221,24,-14;223,-3,5;226,-9,5;227,10,-10;235,19,-9;236,-19,11;241,23,-11;242,-2,3;251,7,-9;252,-18,14;271,51,-16;286,-32,0;311,51,-16;315,-6,-2;324,11,-1;325,1,-2;327,3,0;328,2,-3;330,1,0;331,3,-5;335,7,-4;336,-2,6;338,4,-5;340,2,1;342,5,-2;343,-11,5;350,16,11;351,-8,-18;357,6,0;360,6,-4;361,1,0;362,5,3;364,6,-9;365,-13,6;379,8,-15;380,30,8;381,-18,-1;387,0,-6;390,17,2;391,-7,2;395,0,-6;399,13,-4;401,-4,4;406,2,8;411,2,-18;414,0,6;421,10,-4;422,4,2;427,-2,-3;430,7,7;437,4,-16;447,1,1;448,0,7;477,30,-24;487,4,-3;488,5,3;491,4,-1;497,1,-7;498,-1,8;507,11,-6;510,4,1;515,12,-13;516,-9,12;522,16,-4;523,-2,-19;530,1,18;544,9,-15;552,5,6;560,5,-3;578,14,-7;581,7,-12;625,35,-13;635,8,-2;645,9,-5;646,0,7;655,2,-19;656,3,15;663,4,-8;664,9,4;665,-8,-7;675,10,-3;676,5,3;685,12,-4;686,-2,2;695,5,-9;696,6,4;705,2,-12;706,-3,17
rua|santa|maria|tres bicas|37004110|3,-2155995,-4543482;10,-19,52;27,-2,-2;30,6,1;39,-6,-2;42,0,1;49,0,6;52,-6,-5;59,8,9;63,-1,3;68,-8,-5;72,-2,-1;82,0,0;86,9,-6;87,24,39;88,14,4;89,-40,-56;90,-8,9;91,64,44;93,-50,-40;94,5,56;95,-4,-56;98,11,58;101,-18,-56;109,0,0;117,0,0
rua|santa|marinho moterani|rezende|37002000|23,-2159610,-4543209;27,16,1;35,0,-8;39,5,0;51,-1,-18;111,40,-36;123,5,-3;130,19,6;135,0,-14;137,15,-11;141,-13,9;147,6,-5
rua|santa|marinho moterani|rezende|37066309|30,-2159597,-4543202;40,11,-6
rua|santo|massa|eldorado|37062412|45,-2158263,-4545044;50,11,24;55,-1,-21;60,2,15;90,44,9;100,9,2;170,-15,-8
rua|santo|massa|industrial jk|37062412|115,-2158161,-4544999;117,0,0;125,0,0;130,-13,6;135,26,8;140,-21,-9;150,14,4;160,9,8
rua|santo|menegucci|centenario|37056490|34,-2157935,-4542382;84,-5,39;120,-9,35;129,7,21;132,-7,-12;141,8,22;144,-5,-2;153,4,12;156,-2,6;165,10,2;168,-10,5;177,4,10;180,-5,0;189,13,10;192,-10,2;201,6,17;213,1,10
rua|sao|martinho|barcelona|37022270|2,-2154911,-4542828;26,-53,30;28,-1,1;33,1,8;40,-7,-2;41,-11,8;55,-5,3;61,-5,1;67,-4,5;68,-3,-1;69,-1,5;72,-7,0;77,1,1;78,2,1;111,-30,15;115,-2,0;121,-10,7;122,7,-4;125,-11,5;132,9,-7;137,-7,18;142,-2,-6;157,-21,12;166,-6,-2;169,5,4;176,-9,-2;179,-5,8;180,-8,-13;189,0,25;190,-2,-14
rua|sao|mateus|urupes|37062580|30,-2158435,-4544552;35,0,8;40,-5,-2;45,-1,10;50,-3,6;55,-9,2;60,-1,1;65,0,9;70,-3,-2;75,1,7;80,-7,10;85,-1,3;90,1,-4;95,-8,18;100,0,-6;105,-4,6;111,1,6;120,-15,11;121,9,-5;130,-12,6;140,-4,9;150,-4,3;160,-10,14
rua|sao|miguel|centro|37002100|155,-2156014,-4543901
rua|sao|miguel|centro|37006060|118,-2156004,-4543890;128,-13,0;132,1,0;138,0,-11;148,-8,-6
rua|sao|miguel|nossa senhora dos anjos|37006060|28,-2155894,-4543773;38,-24,-11;48,-8,7;60,-7,-18;62,-48,-48;66,18,9;74,-6,-7;80,30,25;88,14,-6;90,-35,-10
rua|sao|miguel|vila nossa senhora dos anjos|37006060|7,-2155897,-4543766;35,-23,-18;43,-7,3;47,-1,-8;55,-5,-9;57,-12,-7;59,-24,-18;61,-4,-12;65,-5,-6;73,1,-5;85,-7,-6;89,-13,-12;101,-3,-16
rua|vereador|antonio mitidieri|canaa|37026180|42,-2157132,-4544016;52,-7,-6;60,1,-6;80,6,-3;90,-4,-21;100,7,-15;110,-3,-3;114,2,-5;120,3,-12;134,-5,-9;138,7,0;150,0,-18;153,-12,0;161,3,-7;166,12,-5;174,-4,-2;175,-10,3;185,-13,-13;205,21,-10;210,1,3
rua|vereador|antonio mitidieri|vila isabel|37026180|13,-2157141,-4544007;15,10,-23;95,4,-33;99,-10,-3;105,5,-3;109,-1,-3
rua|vereador|aristeu ferreira mendes|rezende|37011006|10,-2158120,-4543385;25,-67,17;26,13,-4;32,8,2;35,-13,-2;36,18,0;45,1,-6;46,4,4;65,13,-9;75,4,-1;85,14,0;95,14,-4;96,12,6;106,10,-4;115,-3,-7;118,13,5;125,-7,-8
rua|vereador|sebastiao pereira menezes|aeroporto|37033027|15,-2157317,-4545766;76,-81,-34;87,11,10;99,-10,-2;111,-18,-4;112,-15,-10;124,-11,5;136,-10,5;148,-7,4;160,-13,5;172,-6,4;203,-20,16;215,-14,4;227,-9,11;255,160,-28;257,-189,43
rua|vereador|sebastiao pereira menezes|aeroporto|37033031|15,-2157532,-4545847;40,52,314;52,-6,-13;101,-42,-27;103,2,-4;105,-1,-4;114,0,7;125,-7,-25;126,7,12;149,-5,-38;150,6,11;161,-7,-21;173,-1,-3;185,0,-17;221,-2,-38;233,-1,-9;300,-12,-87;305,15,7;312,3,-2;317,-5,-15;318,6,12;365,-9,-67;377,5,-12;404,26,-35;444,26,-30;456,9,-2;468,15,-4;487,26,-13;504,1,9;511,25,-14;516,-14,11;535,40,-15
rua||afonso monticeli|vila floresta|37004580|2,-2156343,-4543404;3,7,-6;4,-8,4;7,5,0;12,-7,7;17,4,4;18,-7,-1;26,3,12;31,10,5;38,-14,8;39,3,-1;40,-5,8;41,-1,-9;45,3,14;46,1,-2;47,0,-3;73,-2,32;80,1,16;83,-2,3;96,2,1;100,-2,-2;103,0,0;113,-10,1;114,8,11;123,-5,15;130,-7,-1;133,9,0;135,-2,15;138,-5,4;143,5,-9;144,-7,16;153,8,0;158,-16,7;164,2,14
rua||alice zamboti mendes|santa helena|37109899|100,-2153784,-4540675
rua||aloisio massa|rancho guimaraes|37109899|140,-2153302,-4540767
rua||aloisio massa|santa helena|37109899|140,-2153307,-4540777
rua||aloisio massa|vargem|37022670|20,-2153402,-4541220;26,9,6;30,-7,7;35,-5,-1;40,2,6;46,0,6;56,3,6;60,-4,9;70,10,11;80,-9,7;84,3,4;90,-3,3;100,9,3;120,-4,41;130,-7,2;141,10,-29;143,4,37;149,16,12
rua||amado melo|boa vista|37014620|15,-2154704,-4544988;22,2,-2;25,-4,3;36,-23,-19;46,-8,-4;49,4,6;56,-9,-12;59,6,14;69,-10,-8;76,-16,-19;120,-40,-22;130,-10,-2;135,14,10;145,-8,-7;155,-12,-4;161,-40,-26;162,20,-2;165,12,21;174,-17,-18;180,-14,-8;190,-10,-7;200,-28,-17;214,19,9;240,-38,-20;245,8,6;246,-7,-5;250,-5,-3;260,-7,-7;265,-5,3
rua||americo barreto de matos|rezende|37011012|11,-2158136,-4543272;21,5,15;22,12,-5;31,-6,-6;32,11,-4;41,-3,2;42,16,4;51,-4,-4;52,8,1;61,11,-10;62,6,17;72,10,-12;82,11,-4;89,-9,3;99,16,-6
rua||americo noronha de menezes|imperial|37045160|40,-2156229,-4541661;50,16,0;65,9,6;75,15,6;80,-6,9;85,17,-8;90,-4,11;95,8,-19;100,-7,24;110,10,20;125,10,-19;130,7,14;195,56,37;200,10,11;205,-5,-11;210,7,13;220,6,12;225,11,-13;230,-9,7;235,14,-3;240,4,9;260,4,15
rua||antonio ferreira de miranda|parque rinaldi|37036050|5,-2152970,-4545904;9,-5,-3;15,2,-9;20,-7,-12;30,-5,-8;35,7,12;44,-8,-16;56,-12,-12;65,2,-5;66,-2,-1;72,-3,-7;75,0,5;76,-5,-12;80,-2,-5;85,4,8;86,-9,-15;105,-8,-2;106,0,-6;115,-3,0;126,-7,-20;136,-5,-4;143,-5,-4;156,-2,-6;165,-3,-4;166,-8,-7;174,2,-4;176,-5,-10;186,-3,4;195,-1,-7;205,-10,-9;221,-10,-19;225,-3,1;280,68,100;360,33,55
rua||antonio menegueli|jardim bouganville|37031229|85,-2155835,-4546576;105,-10,-18;145,-19,-30;255,-54,-85;259,1,-12;265,-9,-5;285,-10,-14;305,-5,-21;315,-5,0;335,-13,-15;365,-23,-25;375,-2,-13;445,-41,-53;455,-4,-9;465,-3,-8;475,-3,-7;481,-5,-14;485,-6,2;495,-5,-9;505,-7,-9;515,-4,-7;525,-2,-4;535,-1,-11;545,-10,-12;565,-8,-18;575,-6,-8;585,-2,-7;589,-5,-2;615,-21,-33;695,-31,-58;735,-20,-41;745,-3,-3;755,-5,-13
rua||antonio menegueli|residencial belo horizonte 2|37031229|640,-2156127,-4547057
rua||antonio menegueli|residencial belo horizonte|37031229|140,-2155859,-4546618;162,-9,-30;166,-3,-14;180,-12,-7;186,-6,-7;320,-59,-83;330,-3,-11;360,-29,-44;372,4,0;380,-9,-8;430,-25,-45;436,-2,-5;470,-27,-41;480,-5,1;484,-5,-11
rua||antonio moreira monteiro|cruzeiro do sul|37045206|10,-2155141,-4540661;15,-13,21;20,2,-15;25,-7,15;30,-1,-7;35,-20,13;40,6,-5;45,-2,8;50,-4,-5;55,-6,10;60,-1,-6;65,-7,5;70,-6,1;75,-2,12;80,-2,-12;85,-6,14;90,1,-11;95,-7,15;100,-8,-3;105,1,3;110,-5,1;115,-4,6;120,-7,-4;125,0,10;130,-1,-9;135,-9,15;140,-8,-13;145,2,16;150,-9,-10;155,-3,16;160,1,-12;165,-8,18;170,-6,-19;175,-2,21;180,-9,-6;185,-1,7;190,-1,-4;195,-6,12;200,3,-13;205,-9,18;210,-4,-11;220,-9,8;230,-8,1;240,-2,1;250,-13,8;260,-7,3
rua||arthur mori de mesquita|sagrado coracao|37005038|15,-2154147,-4541302;20,17,3;25,-34,1;30,26,-3;35,-34,1;40,26,-1;45,-27,1;50,18,-10;55,-24,3;56,17,0;60,-8,-3;65,-29,1;70,22,-7;75,-29,6;85,-6,-5;90,18,2;95,-28,-4;100,21,2;105,-27,-3;110,20,-2;115,-28,0;116,24,1;119,-31,1;120,28,-10;125,-35,5;130,22,-5;145,-42,2
rua||baena vinhas maselli|parque alto da figueira|37004776|171,-2154246,-4540613;180,-11,11;181,-3,3;185,-7,4;186,11,-5;190,-5,2;275,-47,83;279,-5,7
rua||baena vinhas maselli|parque alto da figueira|37004808|10,-2154150,-4540754;20,-5,4;30,-3,6;40,3,19;45,-4,-1;50,-9,4;55,3,-3;59,-1,12;60,0,3;65,-4,2;70,-8,-2;75,8,2;80,-15,0;85,-3,13;90,-3,-2;95,1,3;100,-5,4;105,4,5;106,-4,-1;110,-15,8;125,2,28;129,-8,-1;135,-5,1;140,-9,11;146,-4,0;150,0,8;225,-35,55;235,-4,8;245,-1,0;255,-12,19
rua||benedito ribeiro de morais|centenario|37056170|9,-2157299,-4542011;19,-5,-6;29,4,-14;43,-3,-4;49,-3,-10;54,8,2;59,-12,-19;66,11,5;69,-10,-17;76,11,4;79,-14,-13;88,14,-3;89,-10,-8;95,-55,-116;99,53,110;142,8,-34;145,-14,-7;154,8,-10;161,-10,-9;164,7,6;174,4,-17;177,-17,-4;186,7,-1;193,-14,-10;196,5,-5;206,-9,-3;211,-5,-3;216,-2,-4;221,-4,2;226,-6,-2
rua||carlos fernando de mesquita|parque rinaldo|37036362|25,-2153842,-4545861;30,8,4;35,-6,-16;40,11,6;45,-8,-11;50,7,2;55,-8,-7;60,11,3;70,-1,-5;75,-7,-5;79,-2,-8;80,11,5;90,0,-5;95,-11,-9;96,13,-1;101,-9,-2;110,12,-8;115,-11,-4;118,11,-1;121,-11,-2;130,12,-2;131,-11,-7;133,-2,-8;134,14,5;135,-14,-13;137,10,0;138,4,4;139,-7,-11
rua||carlos jaime maiolini|nova varginha|37074306|15,-2158341,-4545669;20,-5,33;30,6,-12;34,-4,-19;35,11,22;39,-15,-11;40,6,17;45,7,-2;49,-11,-9;50,-5,-2;60,-4,9;64,-5,2;65,0,12;70,-2,-11;75,4,19;80,-9,-3;81,1,16;85,0,0;86,-4,-19;90,-1,15;95,3,16;100,-4,-11;105,0,19;115,0,11;120,-6,-11;123,5,16;125,-5,3;130,0,-14;135,-7,20;140,0,-7;145,4,15;150,-8,-9;155,0,22;160,-1,-16;165,0,20;170,-6,-7;179,-1,27;180,-1,-18
rua||carmen pereira marcelino|residencial belo horizonte 2|37031227|220,-2155978,-4547203;226,1,-5;230,3,-2;236,4,5;240,3,-21;246,2,5;250,8,-11
rua||carmen pereira marcelino|residencial belo horizonte 2|37031262|15,-2156136,-4547095;20,5,3;25,4,-15;30,3,7;40,7,-8;44,6,2;45,-9,-8;49,6,-4;50,5,8;53,1,-11;55,3,0;65,4,-2;80,15,-3;90,16,-8;95,-6,-8;100,5,3;105,3,-11;120,8,1;125,7,-6;130,-1,3;140,13,-2;144,3,-6;148,1,1
rua||clotilde de morais|barcelona|37004280|11,-2155414,-4543047;18,3,3;21,1,-1;27,11,5;28,-1,3;33,-10,-8;37,7,-7;38,7,18;43,3,2;44,4,0;51,-1,2;52,4,5;63,8,4;64,-4,0;72,8,2;73,6,7;78,-3,-2;85,3,4;86,4,-1
rua||da maconaria|vila bueno|37006640|40,-2156308,-4544321;75,-34,34;82,-8,-3;102,-12,20;160,4,-6
rua||delfim moreira|barcelona|37002070|10,-2155534,-4543222;18,4,-8;28,-2,-12;36,7,-5;46,-11,-9;64,5,-20;76,2,-2;78,0,-2
rua||delfim moreira|centro|37002070|65,-2155528,-4543268;75,1,-8;83,3,-4;85,-4,-10;87,0,-3;97,0,-8;101,-2,-9;112,-1,-14;120,-7,1;121,12,2;126,-5,-5;127,13,2;129,-6,-27;130,-13,20;135,11,-9;139,0,-7;142,-9,-4;144,1,-3;146,4,6;148,-5,-12;150,0,1;154,3,-2;159,8,2;163,6,-4;164,-12,-6;171,2,-6;176,2,-10;177,-2,6;181,0,4;183,4,-6;187,-8,-7;192,10,-4;195,-2,-1;200,-2,-4;211,0,-3;217,0,-17;218,3,12;222,5,-9;227,-7,-4;228,0,-8;233,-3,-4;236,3,1;238,8,7;243,0,-13;245,1,-28;246,-5,27;258,4,-21;263,-3,0;264,-6,-6;277,5,-9;283,-2,-9;284,-6,3;285,14,-4;288,-27,-1;293,17,-6;300,-23,-7;301,27,-4;302,-5,-5;303,9,9;304,-19,-10;305,14,-1;308,-8,-3;311,10,-7;315,6,6;316,-16,-1;319,11,-7;323,2,-5;324,18,0;325,-23,4;326,-11,-8;328,7,-6;329,12,16;330,-14,-18;336,2,-14;339,10,22;341,2,-8;343,-4,4;345,15,50;347,-13,-60;349,1,3;353,-2,-4;360,-10,-10;361,2,2;374,1,-11;381,13,-78;384,3,64;386,-5,-4;388,-2,-11;392,4,0;398,-9,-3;404,-17,-8;407,17,24;408,-12,-25;412,4,-1;414,-6,-10;418,22,0;421,-3,-6;426,7,-4;427,-4,-3;430,6,-5;431,-12,16;451,8,-19
rua||delfim moreira|centro|37002075|463,-2155517,-4543654;465,7,-50;466,-6,51;468,-1,-3;470,1,-7;481,7,-5;482,-1,-8;495,0,-10;500,-6,-4;507,6,0;510,-18,7;511,18,-7;513,0,-3;514,-11,-6;515,10,0;520,-9,-4;523,9,2;532,4,-14;535,3,-63;536,-29,36;550,22,-13;595,6,-40;599,-5,-7;602,-11,9;619,10,-16;620,-4,-1;641,11,-29;650,-6,12;660,0,-15;668,-13,-13
rua||domingos monterani|sao geraldo|37030460|10,-2153982,-4544793;19,-10,-25;22,12,0;25,-5,-2;34,12,-1;35,-2,-4;43,7,-5;46,3,3;54,4,-2;59,-1,-2;62,13,0;69,-5,-6;95,23,-19;100,10,1;105,0,-9;110,7,2;115,-1,-3;116,2,3;124,9,-3;125,-4,-10;136,10,3;168,25,-13;171,-10,1;172,5,3;180,13,-9;186,3,-7;189,-16,11;195,11,-6;196,14,-4;199,-13,-3;205,4,5;231,29,-21;241,5,-9;246,4,5;251,0,-9;255,3,2;256,-3,7;261,8,-11;266,-1,5;271,12,-9;276,-5,3;281,17,-12;286,-6,3;290,6,0;301,24,-18;311,7,-8
rua||domingos moterani|sao geraldo|37030430|15,-2153916,-4544806;18,-3,-4;25,-4,-4;26,2,-1;31,-4,1;36,5,-11;37,-6,8;45,-1,-17;46,2,-1;51,-12,-5;52,8,-6;67,-13,-2;77,-6,-14;87,2,-7;88,3,-1;98,-2,-9;99,-11,-12;108,7,-2;109,-6,1;114,-3,-10;115,18,54;116,-20,-52;118,7,5;123,-11,-17;128,2,8;132,4,-2;140,2,-12;148,-11,-2;154,2,-11;196,-14,-24;204,1,0;214,-12,-23;221,-33,187;224,34,-194;229,7,9;234,-8,-28;239,-6,17;241,-16,-40;244,14,22;249,2,5;251,-18,-40;254,13,32;259,-1,-1;264,-6,-15;265,-4,-6;271,5,16;275,8,6;277,-1,-20;279,-73,203;804,54,-229
rua||eloi mendes|jardim andere|37006430|19,-2156892,-4543773;25,0,0;40,-23,6;44,4,0;47,5,0;57,-13,-1;67,-13,0;74,3,-1;79,-15,11
rua||emilia de alvarenga mendes|residencial belo horizonte|37031209|10,-2156020,-4546888;15,-6,-7;25,9,-7;35,6,-3;39,12,-6;40,6,2;50,8,-2;55,-10,-7;60,13,-3;75,1,-7;79,2,-2;85,5,-5;89,5,3;90,9,-4;100,5,-3;105,-7,-5;109,7,-3;110,10,-6;115,-4,3;125,13,-4;129,-4,-5;130,12,3;136,-1,-5;140,7,-2;145,0,-4;149,1,-4;150,5,4;155,0,-8;156,1,1;160,5,-2;165,-4,-3;166,9,5;169,-2,-6;170,8,3;175,1,-11;176,0,8;185,6,-14
rua||francisco goncalves de morais|vila floresta|37004360|8,-2156061,-4542954;12,2,-8;20,8,-5;32,4,-30;35,-29,58;36,21,-37;56,9,-10;70,4,-22;80,19,-12;84,-15,5;94,5,-27;119,-18,59;615,-29,41
rua||gabriela flausina de miranda|sao francisco|37044430|14,-2156466,-4541672;15,4,-6;17,0,0;25,7,1;26,-1,8;34,10,3;35,-1,-9;44,6,9;45,6,-6;54,6,6;55,0,-6;64,8,6;65,-2,-4;74,10,9;75,5,-8;84,3,11;85,0,-8;94,9,9;95,3,-11;104,7,13;105,-2,-4;114,11,9;115,5,-9;125,5,4;126,-1,0;134,2,1;135,11,-2;144,6,7;145,-3,-1;155,9,1
rua||geraldo fernandes moreira|residencial portinari|37062862|20,-2158456,-4545022
rua||heleno crispim maciel|parque de exposicao|37068180|10,-2159449,-4544331;15,-4,0;20,2,-11;27,2,-3;28,-1,6;30,4,-10;35,4,-8;37,3,-9;40,-3,11;45,6,-12;50,-2,-5;55,-1,-1;60,1,-5;65,-6,-3;70,6,-10;75,0,-6;80,4,0;85,-3,-7;90,3,1;95,0,-15;100,6,-12;105,-6,6;110,9,-4;115,-8,-17;120,3,15;125,-3,-4;129,-1,-14;130,7,7;135,-1,-9
rua||henrique maritan|sao francisco|37044360|13,-2156397,-4541949;15,5,-2;16,-11,-9;25,10,12;26,1,-7;33,2,10;35,8,1;36,-3,-4;37,9,4;45,9,3;46,-7,-3;55,11,-1;56,-3,5;65,13,-3;66,-1,-10;75,5,12;76,0,0;85,13,1;86,-3,0;95,15,2;96,-3,0;105,11,3;106,-5,1;115,9,4;116,-4,0;125,11,2;126,-3,-5;135,11,6;136,1,-9;145,9,4;146,-2,1;155,5,10;156,3,1;165,9,2;166,4,-5;176,8,0
rua||hercules monticelli|jardim bouganville|37031030|10,-2155946,-4546600;14,1,-3;50,-34,-15;110,-23,-44;120,-12,-16;130,2,-4;136,-2,-2;160,-8,-21;180,-14,-13;186,-1,-10;190,-1,-1;196,-2,-1;200,-2,-2;256,-42,-53;260,-1,-1;264,-2,-4;268,-2,-3;272,-3,-5;280,-6,-8;286,-6,-8;300,-3,-2;306,-7,-12;320,-4,-10;340,-7,-3;346,-3,-7;350,0,0;358,-2,-7;360,-5,-1;366,-4,-8;385,-5,-24;390,-8,5;395,-3,-8;400,-3,-3;405,-9,-15;409,7,16;410,-2,-11;416,-2,4;420,-5,-7;425,-8,3;426,7,-9;429,1,-1;430,-2,-4;435,3,-2;439,-16,4;440,7,-10;445,-6,-6;449,3,7;450,0,-6;455,-4,-11;456,3,6;460,0,0;464,-6,-6;465,1,1;469,-4,-6;470,0,-5;475,1,3;479,1,-10;480,-6,3;485,-15,-3;489,15,-9;490,-4,1;495,3,6
rua||horacio goncalves de moraes|sion|37048190|2,-2156714,-4541894;4,-12,3;5,16,0;6,-24,1;7,17,4;8,-21,8;23,12,-14
rua||ionda brito marques|rezende|37011009|30,-2158140,-4543324;40,4,4;46,4,-2;50,22,-4;60,-10,4;61,-29,2;67,22,-1;69,6,-8;965,-51,10
rua||itamar ribeiro morais|centenario|37060750|10,-2158029,-4542768;18,25,-4;20,-16,-4;24,-5,6;30,2,14;36,4,12;40,7,16;44,0,5;48,-3,15;50,-1,5;54,7,-3;58,-6,4
rua||izaura conceicao mambeli|bela vista|37014630|17,-2154933,-4545150;27,5,-6;37,5,-4;47,6,-1;57,2,-16;67,2,-7;77,9,-11;87,4,0;97,4,-21;107,2,-5;121,27,-35;127,-22,1;131,26,-11;141,-9,-14;147,-1,31;151,22,-36;157,-22,39;161,33,-60;205,5,-15;207,-14,24;215,25,-34;231,15,-29;243,3,-7;251,8,-15;259,0,-6;267,7,-9;275,4,-8;283,8,-7;289,4,-8;295,5,-5;305,2,-16;315,10,-4;345,23,-51;355,-3,4;365,6,-14;880,-23,34
rua||izaura conceicao mambeli|boa vista|37014630|44,-2154922,-4545153;48,1,-8;56,8,-11;66,5,-1;76,4,-15;86,4,-6;116,28,-43;122,2,-9;124,5,-9;126,3,-6;136,9,-5;146,-2,-9;200,25,-47;202,0,-4;210,9,-8;216,3,-6;220,5,-8;270,32,-52;280,8,-14;290,4,-6;300,3,-12;310,-1,-1;320,13,-9;380,23,-49;390,4,-10;400,2,-2
rua||jeronimo diniz miranda|jardim ribeiro|37068080|200,-2159183,-4544393;210,8,-1;250,47,17;260,22,1;290,24,10;320,-5,-1;340,68,21;350,-6,6;354,24,-5;360,11,1;370,5,4;376,13,-8;380,-16,11;390,29,1
rua||jeronimo diniz miranda|parque de exposicao|37068080|10,-2159454,-4544483;20,8,2;30,10,7;40,34,4;60,9,8;74,39,10;80,13,3;96,18,11;100,11,2;108,-9,0;110,14,5;114,15,-14;130,35,21;132,-20,-10;140,10,10;160,43,8;180,21,12
rua||joao alves de miranda|campos eliseos|37018070|11,-2154297,-4544362;20,-12,8;23,3,0;30,-10,13;33,8,2;165,-33,90
rua||joao de deus massote|alto da figueira ii|37004752|5,-2153973,-4540572;15,-7,8;17,-7,7;19,3,15;25,7,5;29,2,7;35,1,1;39,3,1;45,5,-1;49,0,5;55,9,7;59,-1,1;65,8,8;69,2,0;75,3,5;79,6,1;80,-25,-74;85,29,81;95,7,9;99,-3,-5;105,10,12;115,4,3;119,-1,1;125,7,7;129,2,-2
rua||joaquim eloy mendes|san marino|37037234|10,-2152814,-4545445;50,12,-34;56,4,-6;60,-1,-6;66,3,-2;100,16,-39;110,2,-3;116,2,-8;120,4,-3;135,-23,4;139,3,-2;140,27,-19;145,-22,15;149,4,-4;150,19,-24;155,-16,12
rua||joaquim ferreira moraes|centenario|37056250|7,-2157633,-4542396;19,14,-7;33,4,-9;47,17,-15;48,-3,17;51,-1,-16;59,5,-2;60,5,6;72,4,-10;73,1,-11;84,10,5;96,11,-11;100,2,-4;110,1,0
rua||joaquim moraes|imaculada conceicao|37070510|30,-2159834,-4544581;35,-8,7;40,2,-9;45,-9,3;50,-2,-8;55,-6,7;60,-3,-8;65,-4,4;70,-7,-8;75,1,5;80,-6,-7;85,-9,1;90,3,-3;95,-10,-5;100,1,-5;105,-7,9;110,-8,-8;115,1,7
rua||jose carlos mendes|damasco|37060010|20,-2158099,-4542366;25,-12,6;30,-5,-5;31,1,1;35,-5,7;40,-8,-14;45,0,10;50,-11,-14;55,3,8;65,-15,-3;224,62,8
rua||jose gabriel maciel|corcetti|37037005|10,-2153052,-4545323;20,5,4;30,2,3;40,13,6;50,9,4;60,1,1;70,13,2;80,7,3;90,6,3;100,12,6;110,0,-4;120,12,13;140,24,8;150,8,2;160,5,0;170,9,6;190,19,8;200,5,0;210,14,5;220,8,5;230,6,-2;240,10,7;250,9,11;310,183,321;320,-6,1;330,1,-3;340,-92,-270;360,22,3;370,8,5;380,1,2;390,8,7
rua||jose geraldo miranda|santa maria|37022350|21,-2155469,-4542770;26,-3,-4;31,-3,11;36,0,-2;43,2,16;46,-2,-13;55,-4,17;56,1,-12;62,-9,44;66,5,-31;67,-1,8;76,-7,4;77,10,6;82,-8,2;87,10,17;97,-10,15;100,3,-6
rua||jose luiz maia|centenario|37062000|59,-2158282,-4542673;90,9,-15;96,4,-10;100,2,-1;130,16,-21;140,-3,-12;150,8,-16;160,2,-9;170,-1,-1;180,5,-10;200,16,-25;206,12,-3;210,11,-1;220,6,1;240,10,15;246,31,-20;250,9,7;252,3,1;254,-1,3;260,19,18;280,19,21;290,15,-31;296,9,-8;300,7,7;310,13,8
rua||jose maritan|centenario|37062020|15,-2158397,-4542540;48,-13,-4;60,-54,-1
rua||jose marques|residencial belo horizonte 3|37031280|40,-2155810,-4547066;50,9,-3;60,9,-8;70,6,-4
rua||jose marques|residencial belo horizonte|37031280|55,-2155796,-4547079;75,17,-10;85,12,-17
rua||jose miguel|san marino|37037214|25,-2153185,-4545373;29,-1,-1;35,-3,-7;38,-6,-20;40,2,6;45,0,7;49,-2,-1;50,1,-9;55,-5,6;59,-5,-7;60,5,1;65,-2,0;66,-2,-12;70,-5,-5;76,0,2;90,-12,-11;100,-7,-8;106,-5,-2;110,-3,-2;160,-17,-46
rua||jose olnem marcelini|industrial miguel de luca|37074060|110,-2159048,-4545470;130,2,4
rua||jose olnem marcelini|santa terezinha|37074060|15,-2159184,-4545543;20,82,23;55,-31,8;85,29,13;115,44,17;125,23,11;165,24,11
rua||jose procopio mendes|centenario|37060753|30,-2158056,-4542759;35,-7,-16;40,-5,33;45,13,-12;50,-13,14;54,-3,6;55,7,-12;60,-7,16;65,9,-6;66,-12,15;70,-7,7;75,13,-9;80,-10,8;84,-6,9;85,12,-9;90,-10,9;95,8,-9;100,-14,23
rua||jose raphael de mesquita|residencial belo horizonte|37031223|40,-2155668,-4546548;91,-91,52;95,1,-2;125,8,-4;135,20,-7;145,3,-9;155,3,-10;165,6,5;169,14,-7;185,7,-9;189,4,5;195,-1,-14;199,2,-1;205,12,-1
rua||jose ribeiro de mattos|sao miguel|37005102|15,-2154472,-4541794;25,7,3;35,11,-1;40,17,14;41,-13,-12;43,-1,1;45,-1,2;49,8,3;50,15,15;75,12,-15;79,4,8;80,-6,8;85,9,-7;89,3,0;90,-4,8;96,9,0;115,14,-5;125,18,2;135,4,6;145,9,1;149,-3,2;165,25,7;169,-9,-2;175,15,8;185,6,-2;189,5,2;190,5,14;205,6,-12;209,2,4;215,9,-1
rua||josina de freitas maritan|santa maria|37022550|10,-2155476,-4542535;16,-2,1;17,6,6;37,-10,14;41,-7,10;46,-9,4;53,4,9;56,-8,-5;65,1,6
rua||josino meri|centenario|37056240|17,-2157528,-4542365;29,3,-5;41,16,-11;48,6,-6;50,8,8;53,-9,-6;60,5,-11;65,7,-4;68,2,3;72,6,-6;77,5,-7;84,3,-3;96,12,-3
rua||julio paulo marcelini|campos eliseos|37018050|105,-2154488,-4544479
rua||julio paulo marcelini|pinheiros|37018050|40,-2154470,-4544438;50,-2,7
rua||laercio da silveira massoti|boa vista|37014680|60,-2154667,-4545303;83,-32,-15;90,1,-8;93,-12,-2;100,3,-2;103,-12,-3;110,-3,-6;115,-6,5;122,4,-9;125,-9,-1;144,-17,-14;145,0,9;154,-12,-15;155,1,2;164,-4,-5;165,3,2;174,-12,-11;175,-8,5;185,-6,-9
rua||lazaro ribeiro mendes|santa helena|37109899|15,-2153802,-4540589;40,20,3;60,23,0;90,26,1;120,29,1
rua||leila albuquerque manso|padre vitor|37048510|10,-2157364,-4541044;13,5,-24;18,-5,20;21,7,-26;26,-1,11;31,7,-19;34,-7,12;40,2,-13;50,5,-10
rua||lele massagista|novo tempo|37045262|10,-2155402,-4540915;15,0,-11;20,4,6;25,1,-7;30,8,7;35,1,-12;40,10,7;45,8,-10;50,1,9;55,4,-10;60,5,3;65,1,-5;70,8,5;75,-4,-3;80,15,1;85,-3,-5;90,1,8;95,7,-13;100,10,6;105,0,-2;110,15,1;115,-2,-12;120,10,12;125,-2,-9;130,6,9;135,-1,-12;140,3,9;145,25,-12;150,-14,10;155,10,-10;160,3,8;165,1,-10;170,11,7;175,-2,-12;180,6,9;185,1,-7;190,11,5;195,0,-7;200,9,6;205,-1,-6;210,8,9;215,1,-15;220,9,10;225,-1,-13;230,10,9;235,0,-14;240,5,5;245,2,-4;250,13,3;255,-5,-5;265,8,0
rua||lele massagista|ribeirao santana|37109899|15,-2154840,-4538000;75,-147,-40;310,90,74;1327,74,-47
rua||lele massagista|sagrado coracao|37045262|20,-2154522,-4540974
rua||luiz magiapelo|centenario|37062030|71,-2158607,-4542498;81,-5,-1;90,-14,-3;91,10,-5;94,-13,16;95,4,2;101,-10,-1;113,-14,-2;123,-14,8;135,-3,-3;140,-7,-2;147,1,6;157,-9,-1;169,-3,2;170,-76,10;180,58,-8;181,-1,9;193,-6,-4;194,-2,-2;203,-20,5;204,4,-3;215,-4,3;227,-11,1;239,-14,5;249,-4,2;251,-4,2;263,-15,0;275,-3,3;287,-12,1
rua||machado|jardim andere|37026320|74,-2157038,-4543874;75,-94,-98;81,80,98;82,12,16;86,-10,-2;92,3,2;100,-7,4;101,10,5;120,-17,8;132,-12,15
rua||maiza pedrosa moraes|centenario|37056200|31,-2157356,-4542103;32,-5,-1;41,3,11;46,-8,1;53,11,5;58,-5,13;63,1,1;70,-2,14;75,8,-3;82,-1,6;85,2,3;94,-6,13;97,4,-5;107,4,8;119,1,11;125,2,10;129,4,8;138,-11,-2;141,8,9;145,-3,2;150,-1,3;151,3,5;162,-6,5;163,8,-1;173,4,9;174,-8,-3;185,5,19;186,-6,1;198,3,9;210,0,8;222,2,11
rua||manoel madeira|vale dos ipes|37026560|67,-2157652,-4543737;100,61,20;110,4,0;185,-85,-23;195,-10,-6;205,-13,-4;215,-23,-7;270,-14,-12;271,-31,-12;273,-5,-8;281,-3,6;285,-7,-1;291,-5,-3;300,10,1;310,3,-4;316,-15,-5;320,-3,-3;328,-8,0;330,5,0;340,-10,-4;374,-39,-20
rua||maracana|campos eliseos|37018060|28,-2154461,-4544374;32,-2,11;48,-3,21;66,-1,3;290,-3,48
rua||marajos|rezende|37062220|25,-2158102,-4543788;35,-14,6;86,-22,-2;105,-52,21;110,20,-17;122,-4,3;125,-41,25;128,31,-25;134,-5,5;135,-34,20;146,23,-18;155,-46,19;170,24,-14;194,-24,3;320,-94,33;323,-13,21;330,-4,-9;335,-43,29;340,39,-58;341,-57,65;345,49,-19;350,-1,-10;355,-17,14;360,4,-16;365,-14,23;370,4,8;380,-17,-7;392,2,-5;400,-12,5;415,-6,10;416,2,-4;425,-10,2;430,-9,0;435,2,9;442,-10,-2;445,-2,12;454,-6,-11;457,-8,18;464,7,-12;467,-17,9;474,-2,5;484,-13,4;485,46,35;495,-41,-26
rua||margarida da silva maximo|rezende|37066080|4,-2159642,-4543231;10,22,25;15,-14,-36;19,4,1;20,5,29;25,5,-11;30,-11,6;34,-2,12;40,3,1;50,7,14;70,19,18;76,-8,4;85,14,9;90,-10,0;95,20,10;100,-19,1;106,8,5;110,-3,9;115,5,-11;120,-1,15;130,-1,8;134,3,4;140,3,5;141,10,2;151,6,6;155,-4,-1
rua||maria aparecida misael|vargem|37022700|17,-2153508,-4541259;20,-17,-4;21,20,3;25,-11,16;26,-6,-9;30,-1,-1;35,9,17;40,-11,-3;47,11,9;60,-8,20;65,8,-9;70,-10,8;75,23,-4;80,-19,15;81,9,-5;85,8,4;95,15,16
rua||maria rezende mota|jardim dos passaros|37026390|300,-2157244,-4544340;330,26,-19
rua||maria rezende mota|santa luiza|37026390|31,-2157396,-4544146;71,22,-46;81,6,-5;86,-16,30;91,34,-49;92,-29,45;110,12,-16;123,21,-35;126,-9,28;136,8,-13;202,55,-66;212,0,-4;222,4,1;232,9,-14;235,-2,-10;242,8,-1;245,-2,2;252,6,-8;259,8,-8;275,29,-43
rua||maria|sion|37044660|10,-2156502,-4542618;20,-5,25;30,-3,9;45,-3,-2;50,1,12;55,-1,-2;60,-1,5;65,-2,3;67,1,2;70,-1,2;75,-2,6;83,-2,6;90,-5,8;93,-2,0;97,2,6;98,5,-3;100,0,-2;110,-6,6;113,1,1;119,-6,15;120,0,2;127,-3,1;130,0,-4;135,-2,12;136,6,-10;137,-5,11;150,-11,6;153,3,7;160,3,7;175,0,-4;180,-9,12;185,5,-6;186,-5,9;187,2,0;196,-7,7;199,8,4;200,-10,6;205,2,14;210,-2,-5;220,-1,4;225,3,4;232,-21,17;245,17,-15;250,-11,11;255,7,0;260,-4,11;262,-1,5;265,-2,1;270,-6,4;279,6,-2;280,-5,15;286,-11,8;287,13,-7;297,-8,15;300,-2,-7;307,0,10;313,-6,7;320,-1,9;321,1,3;326,-1,4;331,-7,10;339,-6,5;340,5,8;343,-6,-1;353,-2,7;363,-5,7;369,5,6
rua||marilda|vila murad|37010390|21,-2155863,-4544713;31,5,-2;41,12,-25;47,-6,11;51,5,1;64,11,-15;65,24,-94;67,-30,86;70,5,-4;80,11,-8;85,-15,8;88,13,-11;95,-10,3;97,12,-20;101,-7,16;104,9,-13;107,2,-16;114,-1,8;117,2,-11;122,7,4;130,0,-3;136,6,-13;154,4,1;168,4,-29;172,0,3;175,-4,-14;176,7,8;185,-4,-16;186,11,6;190,-6,-9;192,2,1;195,-4,3;198,-3,27;202,5,-35;203,4,0;210,-1,-5;213,4,0;216,8,-9;219,-5,-1;226,6,-3;227,-8,-5;231,8,-8;234,6,4;235,-8,-6;244,14,0;245,-12,-4;251,9,-7;256,-4,3;261,7,-8;270,-2,-8;271,5,-2;284,2,-5;287,2,-1;289,3,-8;290,-3,0;296,4,-4;299,1,-10;300,3,-1;305,-3,-8
rua||marilia|catanduvas|37006010|20,-2156084,-4543925;34,-1,4;38,-9,5;55,13,0;63,-25,13;75,-8,4;82,-4,-4;83,5,10;93,-13,6;102,-4,3;103,0,6;105,-11,-7;112,4,7;113,-7,7;114,-8,0;115,11,-8;135,-82,-84;137,69,96;138,-8,4;145,12,-6;150,-9,14;155,7,-10;156,-10,13;161,-10,8;162,-1,-6;169,-11,22
rua||marilia|parque catanduvas|37006010|50,-2156316,-4543726;187,123,-109;188,8,-5;190,-9,6;196,2,-1;198,-6,3;199,-12,1;207,6,15;208,0,-9;209,-1,5;218,-3,2;219,-2,6;223,-7,6;224,-1,-5;229,-3,4;232,-4,1;239,4,2;242,-7,-2;249,-9,8;259,3,1;268,-10,5;269,0,8;274,-2,-7;277,-4,14;280,-4,-1;285,4,2;294,-12,6;298,-15,8;301,14,-3;314,-17,13;317,4,-3;318,-5,1;327,-3,6;333,-2,1;337,-6,6;349,-5,5;352,1,0;353,0,-2;361,-14,8;373,-9,14
rua||mario moraes|boa vista|37014580|14,-2154364,-4544763;27,8,-1;50,7,10;60,-8,0;75,2,-11;91,-26,-7;100,-1,-10;103,-6,-2;110,1,0;117,-11,-1;118,7,-1;130,-82,-55;133,60,52;140,7,-9;157,-12,-6;160,-7,-6;170,-8,-4;180,-15,-11;200,-11,-7;205,-9,1;220,2,-1;225,-22,-10;234,7,-6;235,-16,2;244,3,-6;251,33,34;255,-42,-38;270,-10,-2;285,-14,-13;290,5,-5;291,8,8;295,-31,-12;300,12,-1;305,-32,-24;306,27,29;310,-1,-6;325,-7,-8
rua||mauro messias mendes|residencial belo horizonte|37031207|10,-2156051,-4546936;20,5,-10;25,4,-5;26,-5,1;29,6,-4;30,5,1;40,4,-6;45,5,0;49,-1,-1;50,2,-6;55,3,-4;56,-3,-4;60,8,6;65,3,-7;66,1,3;70,4,-4;75,4,-8;80,2,5;85,6,-8;86,-3,3;100,14,-5;106,6,-2;110,1,-1;116,6,-4;120,2,-9;130,6,-1;140,5,-6;150,12,-2;154,4,-4;160,2,-1;170,8,-5;176,8,-6;180,0,-1;185,2,-12
rua||mecia figueiredo morais|vila floresta|37004330|8,-2156073,-4542878;11,26,-28;12,-18,22;16,10,-9;20,3,-8;22,6,-2;23,12,-15;26,-7,11;29,8,-10;30,-3,12;36,13,-12;39,-3,-9;40,5,4;45,0,-2;54,13,-4;58,-1,-3;59,-2,-3;71,1,-7;87,22,-11;92,1,0;97,2,-7;98,7,2;104,4,1;107,-4,-5;113,6,-4;116,8,-2;117,-2,-7;120,6,8;125,1,-10;126,-1,8
rua||mexico|vila pinto|37010730|182,-2155522,-4544582;194,7,-15;206,2,-14;270,25,-54;525,-22,33
rua||michel mansur|boa vista|37014660|35,-2154803,-4544993;36,13,0;45,-3,-11;46,3,1;55,3,-11;80,24,-32;90,6,-16;95,-6,5;100,10,-9;105,-7,-4;115,5,-9;120,12,1;123,1,-32;125,-17,20;130,19,-3;133,1,-7;137,-2,16;141,7,-26;155,14,-17;165,0,-8;176,3,-5;195,10,-30;205,9,-4;215,2,-8;221,11,-12;421,76,-140;431,4,-4;590,32,-44;600,9,-9;610,-3,-7;620,9,-2;650,2,-11;833,-188,-50
rua||muneaki miyake|parque mariela|37030020|5,-2155965,-4545587;15,14,1;35,11,-2;55,8,-2;60,-5,-2;61,15,4;65,1,1;70,-11,-4;80,9,-6;84,4,4;94,2,3;95,10,0;98,-5,-3;104,12,-1;105,-55,9;115,63,-5;120,1,-6;135,5,2;153,18,3;160,-25,-6;210,58,1;220,-1,-4;230,15,-1;240,1,10;245,-12,2;250,17,-5;255,-14,0;260,19,2;265,-8,2;267,8,2;270,12,-8;275,-13,0;277,12,7;280,8,-7;281,-6,7;285,12,-2;290,-1,-5;300,6,-2;310,12,3;320,11,-1
rua||neman murad|vila murad|37010370|10,-2156044,-4544831;13,-9,6;20,12,-13;25,-2,-1;35,6,-4;40,8,1;45,6,-9;50,-1,2;55,5,-8;60,5,-1;65,-1,-5;75,8,-7;84,2,-3;85,-1,-13;92,9,7;95,-8,-5;102,10,3;105,-1,-21;115,2,-4;116,2,9;125,2,-28;126,4,19;128,2,-6;135,1,-12;136,-4,11;145,4,-26;146,3,16;155,3,-27;156,-2,16;162,5,-9;163,-5,-7;169,7,-18;172,6,13;175,-6,-2;189,7,-13;199,7,1;200,-8,-10;209,7,1;210,3,-18;213,-2,7;232,8,-10;241,-2,-7;242,6,1;250,7,-6;251,-12,-1;252,8,-10;262,-6,-13;276,11,-4
rua||nicol machado|porto real|37031404|15,-2154852,-4545877;20,-14,9;40,-1,26;45,12,-1;55,-3,15
rua||nicolino morais|jardim sion|37048010|15,-2156638,-4541998;19,6,-7;25,-14,1;28,4,-3;42,-6,7;43,-3,15;44,1,-13;53,-15,24;54,10,-13;63,-9,18;64,5,-18;67,-10,22;68,7,-17;75,-8,20;80,3,-20;85,-23,31;90,12,-16;100,-16,1;110,6,11
rua||nicolino morais|sion|37048010|140,-2156731,-4541929;165,6,13;193,-1,-2;206,-20,6;210,-2,3;216,-3,2;220,-5,-1;223,-12,15;230,1,-5;233,-17,20;234,14,-18;236,-6,1;238,1,3;240,-6,6;250,-11,5;253,-13,7;260,14,-8;263,-34,6;266,24,-5;270,-5,9;274,-9,3;276,4,-3;280,-7,7;290,-5,1;294,-14,4;360,-13,8;392,-11,9;400,-18,9;404,1,2;408,-13,-18;412,3,27;420,-6,-2;426,-2,-2;432,-4,2;438,-10,5;450,-10,3;454,10,1;678,-18,24;688,-6,11;694,-2,19;702,-4,10;712,-3,5;718,4,11;722,-2,2;725,5,22;731,6,-12;740,-17,3;741,5,11;745,-3,3;750,-4,-3;757,0,19;767,1,4;770,-2,-15;778,0,13;805,0,28;809,-11,3;815,14,8;819,-4,1;825,5,10;835,-3,6;855,-12,20;865,1,15;869,-7,2;885,-3,16;895,-9,3;915,5,21
rua||nicolino morais|sion|37048011|800,-2156961,-4541660;840,-11,42;850,0,14;860,2,0;870,-7,15;880,0,9;886,-5,-2;890,5,2;898,2,9;900,-13,2;910,6,5
rua||norberto miranda|parque mariela|37044830|12,-2155951,-4545612;20,-4,-18;30,3,-5;40,-1,-8;42,-2,-9;50,0,-1;54,7,-12;60,-3,1;70,-1,-4;76,-6,-9;80,0,-15
rua||norberto miranda|sao francisco|37044830|10,-2156304,-4542103;11,-3,-5;25,12,5;30,1,3;35,12,3;40,-1,-1;45,8,4;50,-3,-3;55,10,2;59,15,18;60,-13,-13;65,13,7;70,-4,-9;80,9,11;85,5,-3;143,-62,-20
rua||onofre sanches moreno|sion|37048180|15,-2156375,-4542290;25,-4,-12;30,-34,18;35,32,-32;45,1,-10;50,-1,53;55,-1,-61;60,3,63;65,-6,-75;70,12,79;75,-13,-86
rua||oswaldo maiolini|centenario|37056360|27,-2157764,-4542459;32,14,-2;36,3,-10;39,-1,-5;44,1,9;51,5,-16;56,1,3;68,16,-9
rua||pedro marcelino|cruzeiro do sul|37045204|10,-2155132,-4540616;20,-15,7;30,-10,3;40,-8,11;50,-7,3;60,-2,7;70,-12,5;80,-4,0;90,-10,8;100,-6,7;110,-12,1;120,-9,7;130,-12,1;140,0,-5;150,-11,17;160,-10,-1
rua||primeiro de maio|barcelona|37018510|7,-2155349,-4543396;8,-3,8;11,6,3;19,-7,7;20,7,3;31,-5,7;40,-3,6;43,1,0;49,2,8;50,-9,3;56,1,1;59,5,11;66,-5,1;70,-3,6;71,7,-2;72,-4,7;76,2,-2;79,0,7;86,-2,1;87,3,5;94,-18,-2;97,18,9;99,-1,-1;100,-6,-6;110,4,15
rua||rafaella cunha martins|sion|37048319|14,-2156736,-4541675;15,6,3;24,-12,3;25,-10,4;34,1,6;35,5,-1;44,-9,8;45,1,3;54,-18,-4;55,5,6;64,-7,0;65,6,11;74,-14,9;84,-9,-11;94,-5,18
rua||rio madeira|imaculada conceicao|37070340|25,-2158849,-4544722;30,29,-15;35,-66,29;40,54,-28;45,-42,22;50,36,-16;55,-46,15;60,40,-14;65,-51,26;70,40,-19;75,-47,21;80,40,-20;85,-48,27;90,40,-20;95,-46,22;100,30,-20;105,-42,19;110,40,-19;115,-48,22;120,39,-16;125,-50,14;130,40,-11;140,-10,1;150,-7,5;160,-8,3;170,-10,4;194,-47,15;195,-12,17;205,0,-10;215,-7,8;225,-8,-2;230,26,-12;235,-35,10;240,21,-5;245,-27,15;250,21,-19;255,-7,15;260,2,-10;265,-37,20;270,21,-12;275,-20,9;280,10,-10;285,-31,14;290,23,-6;295,-57,18;300,49,-17;305,-26,15;310,22,-12;315,-45,12;320,30,-5;325,-37,9;329,5,0;330,29,-12;340,-16,4;350,1,6;360,-15,2;370,-1,3
rua||rio mississipi|imaculada conceicao|37070350|25,-2158815,-4544781;30,20,-19;35,-31,20;40,28,-12;45,-42,17;50,36,-13;55,-43,17;60,35,-19;63,-40,15;65,-4,3;70,35,-13;71,-39,15;73,-2,5;75,-1,0;80,33,-12;85,-40,14;90,29,-15;95,-33,16;100,26,-11;105,-41,17;110,25,-12;115,-31,11;120,22,-11;125,-34,16;130,27,-14;135,-38,18;140,32,-12;145,-39,15;150,36,-15;155,-45,21;160,32,-19;165,-38,22;170,29,-20;175,-38,22;180,29,-19;185,-33,20;190,24,-15;200,-9,2;210,-2,7;220,-12,1;221,-50,19;245,-7,4;255,-7,1;265,-4,4;275,-10,2;280,25,-14;285,-35,16;290,29,-10;295,-39,15;300,33,-17;305,-44,19;310,31,-13;315,-37,18;320,29,-13;325,-37,15;330,30,-14;335,-39,16;340,30,-14;345,-43,17;350,34,-15;355,-42,18;360,34,-14;365,-40,17;370,32,-14;375,-43,17;380,30,-15;390,-6,2;400,-9,8;410,-10,4
rua||sergio meneguci|campos eliseos|37018706|155,-2153984,-4543374;165,7,-10;200,26,-22;230,17,-27;250,13,-32
rua||silvio massa|campos eliseos|37018190|36,-2154534,-4543719;39,-8,2;50,-5,-26;86,-19,-27;87,3,9;88,-3,-6;98,3,-8;125,-21,-31;137,-1,-5;140,3,-2;180,-25,-57;187,-16,-5;190,10,-6
rua||trinta e um de marco|jardim andere|37006810|3,-2157170,-4543885;42,-22,21;60,-30,19;84,-17,17;94,-5,8;104,-6,9;112,-6,1;132,-14,11;146,-21,7;158,-2,10;185,-16,20;200,11,-17;204,-16,9;214,-2,11;224,-6,3;228,-19,6;230,-1,24;231,16,-25;232,-18,17;241,1,0;244,-18,-13;255,-1,16;262,-25,9;272,-2,2;284,-15,6;306,-5,9;311,12,7;315,-9,5;316,-10,-6;321,6,13;328,-15,-1;338,-8,1;350,-10,9;360,-8,4;372,-10,7;382,-7,7;389,13,-1;395,1,9
rua||vicente paulino martins|boa vista|37014540|25,-2154351,-4544692;40,-37,-10;50,-53,-52;60,57,29;70,-4,5;75,-14,-1;80,8,1;85,2,-2;89,-26,-14;90,15,2;95,-41,-22;100,33,16;105,-8,-6;110,4,4;120,-6,-5;130,-8,-3;140,-13,1;150,-28,-31
rua||virginia maritan|vale dos ipes|37026610|45,-2157751,-4544064;55,-9,0;91,-29,1;100,3,-8;103,-11,8;123,-6,-1;202,79,2
rua||zeca marcelino|jardim orlandia|37010100|7,-2155971,-4545002;47,-43,-11;57,-6,-1;58,19,7;63,-20,-8;68,8,1;71,-18,-5;73,2,-2;74,-1,-3;75,-10,4;117,-25,-2;120,-16,-1;127,4,-2;130,0,-3;133,0,3;135,-7,1;140,-1,-11;145,-9,11;149,-9,-2;150,10,-7;161,-18,4;164,7,-8;168,-12,2;171,-2,2;180,-13,-5;181,6,7;191,-8,-4;196,-1,-4;199,-13,5;206,1,-5;209,-10,9
rua||zilda ferreira mendes|industrial jk|37062860|70,-2158388,-4544835;80,11,21;90,3,-19;120,-6,-20;130,2,-11;160,0,-32;190,0,-30;210,-3,-16;220,-2,-11
rua||zilda ferreira mendes|residencial portinari|37062860|95,-2158383,-4544844;115,-1,-16;125,-3,-16;135,1,-5;145,0,-10;165,0,-23;175,0,-12;185,0,-9;205,-2,-27;215,0,-2
travessa||julio paulo marcelini|campos eliseos|37018050|13,-2154500,-4544399;17,-9,-12;29,1,-7;37,0,-5;41,-1,-4;45,0,-3;57,-8,-14;59,1,6;65,0,4;73,-10,-32;83,5,32;95,16,-23
travessa||madrid|barcelona|37004270|25,-2155317,-4542966;35,-12,-14;40,-12,-4;47,-3,0;48,-1,-5;54,0,0
travessa||mariza|centro|37002440|11,-2155858,-4543635;12,-2,-2;21,-2,3;22,-5,-6;32,-7,12;40,2,9;45,-8,-1;49,7,3;69,0,31;86,0,5;92,-1,14;99,3,-1;100,-4,4;105,7,3;115,6,7;137,7,22
