avenida|sao|sebastiao|vendinhas|39663000|20,-1750919,-4260014;24,-15,-5;40,-10,21;50,149,-50;52,-163,61;94,-50,22;98,-8,7;102,-19,7;130,-94,62;136,15,-1;140,-19,16;154,72,-54
avenida|sao|sebastiao|vendnhas|39663000|21,-1750893,-4260012;83,48,-16;87,-12,5;95,-19,6
avenida|sao|vicente|liberdade|39663000|8,-1739584,-4273729;21,6,-21;33,9,-12;40,16,10;43,-3,-16;55,7,-6;64,17,18;83,10,-35;95,10,-7;111,8,0;125,8,-2;139,10,-4;149,-2,-10;165,28,0;175,9,-7;191,11,-3
avenida|sao|vicente|vila tobias|39663000|8,-1739522,-4273766;15,59,-26;82,-85,-17;90,50,37;98,-4,4;104,22,20;110,-17,-34;126,3,-25;144,13,24
avenida|senhora|do socorro|campo|39663000|30,-1739802,-4273532;331,-182,193;332,-7,-3;339,-1,21;349,-10,-3;351,-3,13;358,-10,-1;375,16,20;387,-5,36;399,-25,-13;427,0,18;487,-19,7;495,-1,46;507,-15,41;525,7,-51;533,-122,15;537,111,19
avenida|senhora|do socorro|independencia|39663000|15,-1739784,-4273527;21,-128,134;25,121,-118;37,2,2;49,-27,-17;55,3,30;73,-17,8;99,-7,20;110,3,-26;111,-13,26;121,-8,11;131,-6,5;141,-7,9;157,-5,2;163,-6,8;169,-5,2;176,-4,-5;179,-2,14;180,-6,-7;186,122,-104;194,-65,49;200,61,-46;203,-133,108;204,144,-126;216,-153,142;219,1,10;233,-3,0;234,-6,-4;239,4,16;245,-7,1;253,-9,13;254,-8,-32;267,14,49;276,-27,-20;280,4,2;283,-2,13;294,-13,-2;295,10,1;305,-8,22;306,-9,-18;576,87,-80;1111,-57,60
avenida||arthur bernardes|independencia|39663000|105,-1739631,-4273488;115,-191,150;117,185,-150;127,-21,12;139,-9,5;151,-10,4;156,5,-10;170,12,0;171,-26,16;173,-11,4;180,48,-27;208,-58,47;211,-14,0;230,-3,3;235,3,22;288,-42,25;295,6,-2;296,-12,-1;308,-11,3;317,5,13;320,-7,-1;339,-18,24;348,0,5;349,-8,6;362,-2,-1;363,4,-1;366,15,-23;376,-31,31;385,10,8;392,-17,2;397,56,-54;404,-61,59;411,-5,12;412,-3,-2;419,-2,8;422,-5,-4;423,4,8;433,-10,8;434,-7,-4;441,3,9;446,-5,-6;461,-9,19;470,-19,-10;473,16,17;485,-9,-1;530,-33,18;541,2,-18;549,-8,47;558,-67,-27;560,13,16;570,15,22;575,5,10;587,19,-13;596,-30,57;604,6,2;613,-16,-32;631,-19,9;638,18,14;650,-10,6;651,3,9;661,-9,24;664,10,-17;671,-11,6;674,-9,-10;683,-4,20;684,4,-16;700,16,34;711,-27,6
avenida||arthur bernardes|liberdade|39663000|20,-1739560,-4273519;32,0,2;44,-11,2;56,-15,4;80,-25,10
avenida||arthur bernardes|senhora do socorro|39663000|709,-1740094,-4272995;761,40,-45;773,-3,3;780,-8,-8;790,-12,12;800,-5,9;808,2,-2;819,-6,25;820,-4,-11
avenida||artur bernardes|liberdade|39663000|1,-1739543,-4273521;4,80,-50;6,-23,4;7,-66,52;8,66,-44;9,-76,22;10,81,-2;29,-86,33;39,-9,-18;49,1,5
avenida||carbonita|vila tobias|39663000|14,-1739232,-4273736;22,-5,-8;35,-20,-17;36,10,3;46,-1,-17;50,-9,-12;80,-6,-11;91,-5,-12;96,-2,-1;134,-14,-39;152,-4,-13;161,-45,-96;162,46,94;174,-11,-16;186,-3,-7;202,-5,-17;212,-7,-10;222,3,-1;235,-15,-8;236,6,-6;245,-15,-4;250,11,-6;253,-19,-10;256,20,3;267,-20,-5;272,6,-9;273,-8,1;278,0,5;281,-10,-4;286,18,-12;294,-6,-15;305,-20,2;318,15,-10;327,-10,1;328,6,-15;586,40,228
avenida||castelo branco|independencia|39663000|18,-1739718,-4273572;26,2,-1;34,8,-2;40,4,5;50,5,-16;62,4,-1;74,21,-3;688,-53,16
avenida||castelo branco|liberdade|39663000|27,-1739725,-4273585;29,14,2;35,-3,-17;47,13,9;71,18,-10;100,23,0;109,5,-6;120,3,3;123,13,-6;126,6,-3;135,1,-4;140,13,0;145,-6,-3;151,5,-3;152,9,14;162,11,-14;176,5,2;179,-2,-14;188,17,11;189,-28,-1;200,36,-2;203,1,-12;216,5,2;271,40,-27;291,12,-6
avenida||castelo branco|mangabeiras|39663000|105,-1739551,-4273656;125,54,-16;272,-13,23;336,40,-55;342,11,9;355,25,32;373,5,-36;378,20,15;385,-14,-32;390,4,-2;397,15,4
avenida||castelo branco|vila tobias|39663000|437,-1739375,-4273728;543,-12,12;547,10,-25
avenida||da saudade|liberdade|39663000|240,-1739516,-4273864;340,27,-36;362,-4,18;372,-9,4;386,-7,6;410,-11,19
avenida||da saudade|vila tobias|39663000|8,-1739395,-4273970;11,-19,-2;18,29,-13;19,-6,-4;31,-1,-3;43,14,-11;57,7,-6;75,9,-5;85,6,-11;97,9,-8;108,8,7;111,-2,-18;123,13,-4;131,12,-16;147,6,1;158,12,-2;161,-7,0;170,12,-8;171,1,-1;178,11,-6;180,3,-7;183,-10,7;184,13,-8;191,2,-9;199,9,-9;200,-4,19;208,10,-14;211,7,-17;220,-7,16;221,11,-20;230,2,9;233,1,-29;244,-1,29;256,-178,151;272,-19,14;320,-30,29
avenida||diamantina|vila tobias|39663000|239,-1739397,-4273850;252,11,70;253,-4,-59;257,18,-5;275,17,-1;276,1,16;277,-14,-10;295,29,16;300,-8,0;308,18,-7;334,19,-21;344,9,24
avenida||liberdade|campo|39663000|20,-1739990,-4273437;70,125,-106;80,-21,22;86,12,-13;88,-7,2;92,-6,10;116,-9,3;120,-3,7;132,-4,4;140,-14,14;164,-15,13;198,-6,29;200,0,0;212,-20,-3;222,-9,10;238,-6,9;244,-5,3;252,-7,3;268,-14,10;288,-17,17;300,-2,3
avenida||liberdade|centro|39663000|7,-1739834,-4273582;15,-1,14;21,-5,-1;28,6,-5;31,-6,7;36,-3,-4;38,-2,5;44,-3,5;66,-4,4;106,25,-25;108,-3,5;110,-2,3
avenida||liberdade|independencia|39663000|165,-1739923,-4273476;171,-7,-4;193,-13,21;207,-3,10;233,-19,15;253,-3,25;265,-26,-4;277,-2,5;291,-12,7;307,-3,14
avenida||mendonca|campo|39663000|80,-1740197,-4272940;325,172,-425;359,-5,21;381,-4,21;391,-1,1;394,-8,-23;396,-4,25;406,2,23;419,4,27;422,-8,-22;427,7,5;548,-34,105;566,-18,60;586,-16,15;588,32,-45;592,-46,44;596,-30,60;600,77,-98;602,-53,35;624,47,-6;696,-70,51;706,5,48;718,-26,6
avenida||mendonca|senhora do socorro|39663000|681,-1740108,-4273048;695,-4,6;790,-70,100;795,-12,35;824,-32,13;940,-66,115;1057,-48,111;1079,4,-7;1200,-179,263;1440,-141,218;2003,313,-468;2013,-8,10;2365,-167,266
avenida||santos dum0nt|independencia|39663000|525,-1739708,-4273505;542,36,-20;547,-29,16;552,20,-8;555,3,-6;566,-13,4;569,1,5;576,-5,-2;577,12,-2
avenida||santos dum0nt|liberdade|39663000|219,-1739490,-4273572;221,-6,-18;231,-7,-5;263,-35,-23;393,-7,57;399,-8,-5;404,1,-13;416,0,-2;417,-14,20;429,-6,-2;430,-6,-11;441,-12,21;450,-6,-4;453,-1,4;470,-9,-2;480,-15,7;485,-11,6;488,8,-1;495,-9,10;496,3,-7
avenida||santos dum0nt|mangabeiras|39663000|12,-1739400,-4273679;35,73,-7;47,-20,10;59,-12,10;83,-19,11;95,-10,11;117,-13,7;125,-20,18;137,-5,-4;148,-1,-1;149,-12,3;158,-46,-47;161,34,50;168,-19,-5;172,22,-7;173,-7,11
avenida||santos dum0nt|vila tobias|39663000|32,-1739336,-4273657
avenida||santos dumont|independencia|39663000|130,-1739817,-4273246;618,86,-250;624,0,1;627,1,7;639,-6,7;646,-18,1;652,-3,-1;664,-1,10;665,-3,14;705,-18,22;714,-15,-1;715,6,1;724,-13,14;725,6,-1;733,-8,6;736,2,-5;741,-4,8;742,-4,-3;754,-8,7;768,-6,7;769,-1,10;772,-2,-5;781,-2,3;782,-7,-3;793,-8,18;794,-1,-6;806,-12,-1;807,6,17;819,-4,3;827,-12,9;840,-13,5;845,10,1;849,-11,4;855,-1,4;860,-19,-20;866,11,21;869,-3,14;872,-2,-10;881,-7,16;886,-3,-5;887,1,5;895,-4,8;935,-24,24;954,23,42;964,-71,-14;965,45,-4;975,-2,3;976,-43,54;979,18,-53;988,-17,84;1000,-7,-59;1014,25,15;1026,-35,-9;1027,-67,-36;1043,84,91;1068,-5,-42;1072,-26,5;1073,-8,21;1088,-8,0;1099,8,-3;1111,-8,24;1129,-22,0;1133,6,29;1141,-10,5;1147,-7,-5
avenida||tancredo neves|independencia|39663000|100,-1739681,-4273627;122,19,-17;132,7,-1;144,9,-9;154,9,-1;176,16,-5;208,32,-15
avenida||tancredo neves|liberdade|39663000|13,-1739748,-4273614;17,-3,9;23,8,-13;25,11,-6;26,-7,16;34,5,-4;41,8,-10;42,0,8;54,7,-5;60,3,-4;66,2,1;76,11,-6;81,1,-9;87,12,-7;113,21,-1;185,68,-42;227,23,-8;258,24,5;261,6,-8;280,5,1;283,13,-10;292,3,6;296,13,-7
avenida||tancredo neves|mangabeiras|39663000|326,-1739484,-4273689;360,16,-19;372,-1,-23;384,25,-4;396,14,6;408,-12,-7
avenida||tancredo neves|vila tobias|39663000|7,-1739130,-4273955;15,-280,188;48,236,-96;86,-211,140;95,280,-274;345,-383,312;355,16,-14;371,22,-43;381,33,-2;395,-21,-38;405,40,46;420,-4,-39;488,3,13;528,60,-21;530,-5,3;536,18,-21;550,3,-7;558,8,0;563,-5,7;576,16,-13;585,-9,10;599,8,-18;600,37,-4;632,15,-3;644,38,-19;656,3,-2;675,-2,-8
avenida||tiradentes|liberdade|39663000|3,-1739683,-4273675;14,-22,-13;15,15,7;28,-17,-8;33,-6,25;40,-12,-22;41,9,20;54,-13,-8;62,-13,9;69,0,12;75,2,6;83,-10,2;84,-9,-17;89,6,19;95,-7,2;96,-10,-15;104,-8,-2;134,88,-25;148,18,-14;174,19,-10;188,-1,-11;200,18,0;218,11,-2;232,21,-12;242,1,-4;308,-169,106
avenida||turmalina|vila tobias|39663000|2,-1739216,-4273724;10,-9,-2;21,-51,-14;70,16,2
avenida||varginha|mendonca|39663000|1,-1754418,-4275732;32,-154,-283;45,207,554;48,-226,-601;50,-3,-2;63,-6,-13;87,218,565;337,92,432;355,-303,-966;414,247,720;501,-230,-690;789,236,689
barragem||macaubas|macaubas|39663000|19,-1751035,-4264941;20,78,157;24,-26,123;40,32,-97
comunidade||tendas|tenda|39664000|4,-1742984,-4286716
estrada||capao grande para monte belo|capao grande|39664000|14,-1751868,-4284958;15,-250,-139;19,756,513
estrada||corrego encantado|comunidade encantado|39664000|19,-1754292,-4281702
estrada||jorge santo antonio|capao grande|39664000|1,-1752036,-4285614;4,-2762,2813;5,3374,-2863
estrada||jorge santo antonio|santo antonio|39664000|3,-1754813,-4283117;5,476,40
estrada||monte alegre|monte alegre|39663000|6,-1749713,-4262081
estrada||para atoleiro|mendonca|39663000|4,-1754573,-4276150
estrada||para atoleiro|mirante|39663000|68,-1740130,-4273769
estrada||para macaubas|macaubas|39663000|9,-1750471,-4264416
estrada||para o povoado nossa senhora de fatima|monte alegre|39663000|3,-1750600,-4261929
estrada||para porto velho 2|vista alegre|39663000|102,-1739284,-4274452
estrada||porto velho|porto velho|39663000|3,-1736715,-4277914;33,-2578,3459
estrada||principal gameleira|gameleira|39663000|1,-1746876,-4271127;24,537,143;25,-139,157
estrada||principal para boiada 1|comunidade boiada 1|39663000|1,-1747144,-4268057;7,558,356
estrada||principal para boiada 2|comunidade boiada 2|39663000|5,-1749355,-4269096;20,2332,3260
estrada||sentido veredinha mendonca|corrego atoleiro|39663000|11,-1741853,-4271270
estrada||veredinha para capelinha|macaubas|39663000|38,-1747707,-4263664
praca||do cruzeiro|centro|39663000|86,-1739833,-4273611;102,4,7;104,0,4;138,39,31;144,5,19;156,-5,-8;162,8,3;168,0,0
praca||do cruzeiro|independencia|39663000|214,-1739753,-4273548;222,4,-10
praca||do cruzeiro|liberdade|39663000|4,-1739850,-4273614;6,-12,-27;12,88,7;20,-35,-1;28,8,5;36,-23,-8;44,-6,15;50,9,-5;72,-25,0;220,70,73;242,26,-30;252,2,5;282,-24,-36
ribeirao||d0 lamba|grota do engenho|39663000|10,-1734822,-4278914
rua|dom|orione|vista alegre|39663000|30,-1739714,-4273734;33,-2,-4;95,-7,-1
rua|frei|inocencio|mendonca|39663000|22,-1754060,-4275248;49,3,-80;50,-4,30;52,-1,-53;63,0,28;224,0,-2;226,2,106;240,23,40;630,-2,109
rua|nossa senhora|aparecida|independencia|39663000|283,-1739960,-4272935;295,-4,-1;311,-12,20;325,2,7;354,-14,16
rua|nossa senhora|aparecida|senhora do socorro|39663000|22,-1739997,-4272845;36,-8,7;60,-14,11;216,98,-161;228,-10,-1;252,-21,13;300,-20,47;324,-3,1;334,-7,7;336,50,-54
rua|nossa senhora|aparecida|vendinhas|39663000|7,-1750903,-4260054;16,-16,-25;17,9,-22;22,-20,-3;23,17,44;25,-14,-57
rua|nossa senhora|de fatima|senhora do socorro|39663000|262,-1739962,-4272960;264,3,-3;282,-17,-9;368,-11,-2;378,5,4;391,7,6;392,14,9;401,-64,-47;410,7,12
rua|nossa senhora|de fatima|vendinhas|39663000|13,-1750845,-4260071;33,9,-1
rua|nossa senhora|fatima|vendinhas|39663000|21,-1750843,-4260068;23,15,22
rua|professora|belmira|mendonca|39663000|22,-1754172,-4275512;32,-3,14;34,-5,-36;129,18,63
rua|professora|maria prisco|mendonca|39663000|17,-1754218,-4275579;19,-16,5;21,3,13;36,-25,71;105,41,118;216,-3,189;217,6,23;343,-9,-172;354,-14,-132;400,14,187
rua|sao|vicente|mendonca|39663000|33,-1754527,-4275361;37,8,21
rua|sao|vicente|mendonca|39664000|34,-1754531,-4275354;36,8,18
rua||8|independencia|39663000|2,-1739735,-4273368;10,0,-1;15,5,15;30,-30,7;31,30,20
rua||8|sao jose|39663000|43,-1740283,-4272955;79,-25,45;113,33,9
rua||agua boa|mendonca|39663000|32,-1754262,-4275542
rua||aguas marinhas|liberdade|39663000|44,-1739634,-4273815;317,112,-117;327,2,1;351,-20,17;369,-14,12;381,-8,9;485,-64,67
rua||aguas marinhas|vila tobias|39663000|25,-1739343,-4274097;27,13,-16;35,-9,8;65,-5,13;75,-11,5;113,-26,28;157,-28,37;211,-15,11;231,-16,21;265,-58,-17
rua||aguas marinhas|vista alegre|39663000|26,-1739334,-4274119;53,-148,151;56,132,-136;64,0,1;124,-41,50;219,-69,60;262,13,-5;322,-73,56;358,-34,31;378,-18,17;486,-58,62;570,-30,28;606,-19,21;614,-9,5;640,-13,13
rua||alfenas|mendonca|39663000|180,-1754106,-4275110;235,-33,-223
rua||amazonas|campo|39663000|53,-1740066,-4273330
rua||amazonas|liberdade|39663000|23,-1739824,-4273545
rua||ametista|vila tobias|39663000|222,-1738947,-4274239;248,22,-3;303,-316,-241;544,257,267
rua||ametista|vista alegre|39663000|22,-1739109,-4274158;23,-11,-1;25,-2,11;34,23,-16;35,-5,-2;51,-156,-491;90,209,486;245,121,-87;274,-296,-161;277,-15,-44;282,29,331;283,303,-137;305,-287,116;314,2,12;326,7,-1;327,319,-152;331,-319,141;337,328,-146;341,-305,144;342,307,-134;350,-297,148;356,11,-1;357,296,-165;365,-298,157;367,310,-161;400,-397,-199;420,-6,-22;450,4,-30;473,182,371;515,27,-14;542,178,-92;564,-395,-349;580,419,331
rua||antonio barbosa|mendonca|39663000|42,-1754240,-4275144;305,-22,-80;351,22,71
rua||antonio barbosa|mendonca|39664000|78,-1754284,-4275332
rua||antonio clarindo|mendonca|39663000|35,-1754090,-4275515;85,4,67;94,3,-49;221,22,91;222,5,14;436,-6,-42
rua||antonio cordeiro|mendonca|39663000|50,-1754202,-4275489
rua||a|independencia|39663000|17,-1739764,-4273183;62,-12,-17;85,7,57;95,-21,8;110,25,-48
rua||bela vista|vendinhas|39663000|16,-1751123,-4259960;53,23,-11;61,32,-35;62,-18,34;64,23,-42;109,-43,45;110,-42,30;114,38,-51;120,27,-6;145,-96,89
rua||belo horizonte|mendonca|39663000|5,-1754394,-4275644;8,376,-1;9,-51,-21;10,242,-4;33,-517,8;36,210,-2;45,-196,0;72,37,11;93,27,-11;133,97,16;179,-39,-3;182,7,-8;225,69,15;556,-46,-16
rua||berilo|vila tobias|39663000|9,-1739248,-4273860;10,5,0;20,-5,-3;30,3,-9;37,-11,2;38,1,-8;42,8,3;43,-15,-9;62,4,-11;72,-7,-17;84,-6,-13;108,-7,-13;120,-10,-11;136,-1,-17;148,-3,-8;160,7,-11;161,-19,9;162,17,20;170,-17,-35;181,-13,-14;184,11,3;194,12,-22;196,-10,3;206,-7,-2;221,30,90;222,-43,-105;277,32,88;318,-25,-62
rua||bias fortes|independencia|39663000|121,-1739546,-4273637;141,11,25
rua||bias fortes|liberdade|39663000|39,-1739572,-4273701;59,5,19;73,4,14;85,8,9;126,6,33;140,-5,20;150,9,4;194,21,46;205,15,16
rua||caratinga|mendonca|39663000|2,-1754311,-4275616;15,11,69;70,-12,-34
rua||carlos drumont|liberdade|39663000|19,-1739718,-4273644
rua||carmelita cordeiro|mendonca|39663000|6,-1754274,-4275590;21,12,63
rua||cinco|senhora do socorro|39663000|9,-1739989,-4272843;63,-26,20;75,-8,7;83,-8,8;89,-20,15;108,18,-15;119,-28,24;129,-8,8
rua||cirilo cordeiro|mendonca|39663000|8,-1754430,-4275897
rua||das flores|vila tobias|39663000|28,-1739227,-4274040;49,6,-12;59,23,-9;60,-8,7;70,-10,12;80,32,-19;256,153,-73
rua||das flores|vista alegre|39663000|35,-1739101,-4274105;105,-67,31;141,38,-18;153,3,-3;186,36,-11;197,11,-7;198,-1,-1;226,19,-9;278,48,-25;279,21,-10;354,32,-9
rua||david cordeiro|mendonca|39663000|25,-1754004,-4275467;27,10,0;41,28,122;42,-15,-23;47,-7,-25;80,22,49;81,-11,16;83,-5,42;87,0,49;90,-22,29;91,21,-7;95,-1,31;96,-6,28;97,6,21;99,2,10;102,-1,-277;133,8,-253
rua||do campo|caquente|39663000|7,-1752754,-4268662
rua||do campo|mendonca|39663000|184,-1754127,-4275092;230,202,-36;449,-91,13;486,0,3
rua||do imbirucu|campo|39663000|21,-1740099,-4273532;33,-1,10;39,2,-3;71,-38,45;83,11,19;95,-69,-37;107,18,16;116,12,35;121,-9,-5;129,9,11;145,4,5
rua||do pau doleo|campo|39663000|11,-1740073,-4273232;17,-3,-15;29,-10,-8;39,-6,0;45,2,-7;53,-29,-18;69,6,-6;71,7,-10;75,-8,-5;85,-5,-8;99,-26,14;113,9,-32;125,-3,-17;141,1,-7;149,-19,-18;159,-4,-15;171,-13,12;181,-24,7;187,18,-48;197,-2,7;209,5,13;219,-12,-17;229,-32,36;231,12,-34;232,21,10;233,-54,-9;234,64,-2;236,-23,-4;260,16,-3;271,-73,-14;274,5,17;279,-4,-19;286,5,5;312,31,-15;326,55,56
rua||dois|senhora do socorro|39663000|10,-1740066,-4272920;20,-10,4;21,17,19;27,-189,-27;31,176,25;32,-9,-7;39,-177,-7;42,176,18;49,-185,-11;54,176,18;55,-196,6;66,195,3;75,-201,3;99,189,27;111,-7,11;114,-6,-7;120,-9,17;123,12,-3;133,-6,14;143,-3,6;144,-13,-3;145,9,7;153,-6,8;156,-8,-3;180,-13,20;181,5,6;244,-37,45;252,-6,12;271,2,16;288,-20,13;300,-10,14;301,12,-9;322,-24,28;346,-14,20;384,-45,32
rua||doze de outubro|independencia|39663000|8,-1739781,-4273249;16,-15,9;31,4,24;32,-11,-7;43,-12,16;44,4,-9;53,-5,16;60,-6,-9;62,-12,7;63,11,3;77,-9,14;87,-3,12;100,-34,14;105,23,-12;117,-15,18;136,-12,5;144,-12,-4;158,3,10;166,-12,2;180,3,14;186,-14,13;204,-16,17;217,5,20;222,11,-30;231,-20,40;238,4,-23;243,-14,24;244,11,-28;248,-9,5;264,-15,31
rua||doze de outubro|senhora do socorro|39663000|318,-1739978,-4273011;323,19,-13;325,-5,8;328,-3,-6;337,-11,20;347,6,9;352,-14,-6;356,-34,39;366,28,-24;376,-30,37;391,15,-21;400,-9,4;413,-4,18;424,-6,-5
rua||gameleira|campo|39663000|9,-1739998,-4273459;29,-11,16;30,-9,-6;42,-7,3;43,23,-18;50,-31,24;60,-13,16
rua||geraldo cordeiro|mendonca|39663000|298,-1754072,-4275391;632,311,244
rua||geraldo ferreira|mendonca|39663000|22,-1754029,-4275500;130,-16,-51
rua||geraldo monteiro|mendonca|39663000|222,-1754166,-4275155;255,16,105;275,4,3;277,-14,-84;278,-4,-33;279,0,0
rua||guaxupe|mendonca|39663000|6,-1754539,-4275700;64,-81,-36;65,-101,-44;220,188,83
rua||guimaraes rosa|liberdade|39663000|5,-1739616,-4273770;7,8,-9;18,8,-2;25,8,-7;26,94,-52;36,1,-16;41,-91,65;46,98,-64;58,12,-5;62,7,-8;65,-99,63;66,-7,12;74,110,-74;77,-92,52;80,-1,9;84,97,-70;105,-64,27
rua||guimaraes rosa|vila tobias|39663000|150,-1739437,-4273901;162,10,-6
rua||guimaraes rosa|vista alegre|39663000|6,-1739620,-4273769;10,-8,3;20,-5,7;36,-9,9;52,-10,21;64,-6,0;70,-9,3;86,-13,6;100,-7,10
rua||israel pinheiro|independencia|39663000|166,-1739638,-4273504
rua||israel pinheiro|liberdade|39663000|26,-1739685,-4273618;55,23,38;76,-32,-44;89,39,68;104,-1,19;125,13,21;139,7,9;149,6,13
rua||itamarandiba|vila tobias|39663000|6,-1739431,-4273852;20,10,-4;21,-1,-8;30,14,0;41,7,-19;42,14,4;53,-46,20;67,47,-30;72,10,8;76,13,-10;82,16,-2;92,-8,0;95,-9,-6
rua||jatobazeiro|campo|39663000|40,-1739875,-4273574;63,15,0;64,-6,20
rua||jenipapo|liberdade|39663000|2,-1739462,-4273594;60,-56,-142
rua||jenipapo|mangabeiras|39663000|134,-1739496,-4273657;135,-20,-15;145,35,-18;146,-15,93;157,-6,-109;158,4,82;170,5,23;193,41,17;311,-48,-114;314,-14,9
rua||jenipapo|vila tobias|39663000|47,-1739510,-4273716;76,40,-20
rua||joao antonio da marica|mendonca|39663000|57,-1754379,-4275726;121,105,1
rua||joao dias|mendonca|39663000|45,-1753933,-4275233;110,-3,75;130,-1,8
rua||joao moraes|mendonca|39663000|11,-1753873,-4275344;48,-5,32
rua||joao paulo ii|liberdade|39663000|32,-1739626,-4273784;40,-11,-17;284,31,42
rua||joao paulo ii|vista alegre|39663000|66,-1739654,-4273823
rua||joao paulo|vila tobias|39663000|35,-1739211,-4274091;69,20,19
rua||joao paulo|vista alegre|39663000|4,-1739214,-4274168;18,0,-10;25,2,76;53,-10,-106;56,31,128;65,-27,-136;82,9,-20;91,-9,-9;101,2,-2;106,6,-5;116,3,-8;124,-4,-9;134,0,-17;170,-2,-30;187,-3,-8;190,2,-4;200,-6,-6;208,-9,-12;214,0,-8;222,-1,-15;270,-3,-18
rua||jose francisco cordeiro|mendonca|39663000|20,-1754554,-4275844
rua||josefino goncalves ramos|mendonca|39663000|10,-1754282,-4275439;44,-43,6;50,59,3
rua||josefino goncalves ramos|mendonca|39664000|21,-1754473,-4275422;22,-17,2;24,-19,2;34,-43,24;52,0,-1;80,-34,22;203,182,-58
rua||juiz de fora|mendonca|39663000|18,-1754194,-4275632;53,10,16;139,-15,47
rua||juscelino kubitschek|independencia|39663000|21,-1739733,-4273552;27,3,9;34,-1,8;39,11,8;40,-10,-6;45,51,146;50,-49,-134;54,0,0;63,13,14;76,0,10;111,12,23;116,-4,-2;162,5,7;190,5,34;215,6,42;220,11,19;224,-10,3;230,32,16;247,-10,-3;253,3,4;342,-30,-128;369,-24,-30
rua||malacacheta|mendonca|39663000|4,-1754054,-4275371;7,50,22;11,89,58;165,-280,-156;241,234,136;243,9,7;245,15,12
rua||manoel moreira|mendonca|39663000|10,-1754145,-4275537;79,49,95
rua||manoel roberto cordeiro|liberdade|39663000|86,-1739180,-4273978
rua||manoel roberto cordeiro|vila tobias|39663000|106,-1739166,-4273957
rua||monte alegre|vendinhas|39663000|1,-1750839,-4260131;3,-65,95;6,6,-2;10,18,-21;12,20,-18;15,-8,-2;16,15,0;20,5,-24;50,-29,41;72,50,-82;98,46,-96;99,-14,27;101,9,-23;108,3,-10;110,4,33;173,-43,34;240,45,-69
rua||oito|independencia|39663000|35,-1739750,-4273301;75,-1,3;80,-13,-7
rua||oito|sao jose|39663000|22,-1740269,-4272977;52,-15,35;62,1,-18;86,-54,23;94,16,23;118,-24,9;130,-28,-23
rua||oito|senhora do socorro|39663000|6,-1740063,-4272950;8,-62,-47;35,129,125;144,-36,-44;153,19,8;156,-32,-22;165,35,22;176,1,20;415,-115,-113;445,11,8;751,-21,-9;821,42,17
rua||pau darco|campo|39663000|268,-1740011,-4273430
rua||pau terra|campo|39663000|32,-1740067,-4273441;46,-13,-14;84,-14,-19;87,8,-22;95,-8,-10;110,24,6;336,-28,43
rua||pedra azul|liberdade|39663000|19,-1739434,-4273848;29,-6,-12;117,-50,-72
rua||pedra azul|vila tobias|39663000|10,-1739434,-4273823;20,21,30;100,-34,-92;101,5,9
rua||pequizeiro|campo|39663000|15,-1740068,-4273283;35,-18,-7;51,-3,-12;52,-3,-14
rua||pindaiba|campo|39663000|45,-1740025,-4273501;48,28,26;57,-20,-15;60,14,0;66,-1,1;73,249,-73;76,-253,67;92,-46,-30;250,17,3
rua||primeiro de maio|campo|39663000|363,-1740008,-4273366
rua||primeiro de maio|independencia|39663000|19,-1740003,-4273368;100,28,48;108,16,14;114,1,3;144,-14,23;152,34,24;163,20,-12;169,-2,-1;174,-21,22;175,24,-21;187,15,8;201,14,8;212,-12,11;215,14,5;216,4,9;222,6,15;226,-12,-14;243,13,-1;259,11,16;262,1,13;266,12,4;272,-33,-36;277,29,30;278,13,12;285,-7,-6;290,0,11;914,-95,-122
rua||principal|atoleiro|39663000|20,-1746958,-4281636
rua||quinze de novembro|independencia|39663000|8,-1739832,-4273315;18,19,23;23,-3,-15;31,9,3;43,5,7;67,12,21;73,9,12;81,5,9
rua||rubelita|vista alegre|39663000|35,-1739589,-4273915;48,6,-4
rua||sebastiao cordeiro de campos|vila tobias|39663000|158,-1739154,-4274014;171,-6,-3
rua||sebastiao cordeiro de campos|vista alegre|39663000|285,-1739040,-4274079
rua||sem denominacao 10|senhora do socorro|39663000|25,-1740023,-4272884;61,-35,46;78,20,-25
rua||sem denominacao 11|independencia|39663000|55,-1739729,-4273136;137,86,67
rua||sem denominacao 12|independencia|39663000|12,-1739696,-4273123;218,13,-41;220,2,6
rua||sem denominacao 13|independencia|39663000|150,-1739750,-4273198;158,15,7;170,14,8;177,-9,-13;196,28,23;205,-9,-19;225,16,21;243,13,7
rua||sem denominacao 15|independencia|39663000|15,-1739711,-4273339;216,5,-15;217,14,-10
rua||sem denominacao 16|vila tobias|39663000|10,-1739462,-4273786;22,15,-6;26,-4,-7;36,24,26;50,1,-13;62,-63,-12;74,85,10
rua||sem denominacao 22|vila tobias|39663000|188,-1739389,-4273950;200,-2,-4
rua||sem denominacao 23|vila tobias|39663000|45,-1739295,-4274125
rua||sem denominacao 28|vista alegre|39663000|65,-1739145,-4274039;118,-2,-22
rua||sem denominacao 2|mendonca|39663000|25,-1753918,-4275271
rua||sem denominacao 2|vendinhas|39663000|17,-1751169,-4259867
rua||sem denominacao 30|vila tobias|39663000|75,-1739223,-4273924
rua||sem denominacao 32|vila tobias|39663000|122,-1739076,-4274010
rua||sem denominacao 33|vista alegre|39663000|1023,-1739113,-4274237
rua||sem denominacao 35|vista alegre|39663000|60,-1739039,-4274101
rua||sem denominacao 37|vista alegre|39663000|15,-1738886,-4274245;53,17,21;272,-36,-41
rua||sem denominacao 38|vista alegre|39663000|312,-1738704,-4274221;345,-172,49;374,-27,7;584,174,-43;596,1,0;720,68,-48
rua||sem denominacao 3|atoleiro|39663000|49,-1746866,-4281660
rua||sem denominacao 3|mendonca|39663000|120,-1754146,-4274984
rua||sem denominacao 41|vista alegre|39663000|26,-1738773,-4274286;36,4,4;78,2,55
rua||sem denominacao 42|vista alegre|39663000|60,-1738692,-4274185
rua||sem denominacao 44|vista alegre|39663000|49,-1738764,-4274158;550,-6,-39
rua||sem denominacao 4|senhora do socorro|39663000|271,-1740181,-4272699
rua||sem denominacao 52|vila tobias|39663000|122,-1739197,-4273739;124,-4,-2
rua||sem denominacao 55|vila tobias|39663000|33,-1739092,-4273960;80,29,50
rua||sem denominacao 6|mendonca|39663000|359,-1753830,-4275238
rua||sem denominacao 6|senhora do socorro|39663000|50,-1740160,-4272749;60,8,8;201,-4,-11
rua||sem denominacao 7|mendonca|39663000|79,-1753855,-4275348
rua||sem denominacao 9|senhora do socorro|39663000|334,-1740253,-4272661;359,-13,-14;365,8,11;388,-28,-19
rua||sete de setembro|campo|39663000|185,-1739940,-4273042;512,13,15
rua||sete de setembro|independencia|39663000|95,-1739989,-4273081;107,2,-5;125,3,4;159,29,25;714,-72,-72;1157,-25,1
rua||sete de setembro|senhora do socorro|39663000|38,-1740042,-4273105;86,37,25;108,7,6;180,49,39;190,9,10;196,-2,-2;200,10,9;212,8,8;605,-133,-108
rua||sete|sao jose|39663000|8,-1740278,-4272905;16,16,-13;32,5,-13;36,29,-14;56,-31,11;80,58,-19;92,-86,56
rua||tamboril|campo|39663000|35,-1739857,-4273605;55,-17,15;83,-29,14;86,-119,67;115,109,-50;117,-9,-7;129,-15,6;157,-28,15;169,-2,1;187,-7,6;197,-14,7;199,41,8;203,-51,-1;207,-7,4;264,-105,28;270,49,-8;280,-118,-42;286,116,66;287,7,-9;291,-6,10;296,13,-20;348,-107,-65;358,20,47;370,5,74;378,-42,-19;390,34,36;400,-4,-4;414,-12,17;420,10,43
rua||tamboril|liberdade|39663000|4,-1739849,-4273611;10,-7,3;28,-16,5;38,-3,5;50,-11,6;58,-9,2;74,-4,10;76,-17,0;86,0,7;94,-8,2;102,-3,2;116,-9,5
rua||topazio|vila tobias|39663000|67,-1739267,-4273953;106,51,-33;109,-71,48
rua||tres|sao jose|39663000|47,-1740181,-4272977
rua||tres|senhora do socorro|39663000|40,-1740111,-4272873;80,-25,2;128,47,28;140,9,7;153,34,27;166,-14,-9;175,17,0;781,-138,-96
rua||tupi|vista alegre|39663000|22,-1739125,-4274137;99,-32,-67;111,-1,-8;123,-4,-7;143,-1,-9;153,-6,-18;165,-6,-12;171,58,129;174,12,30;177,-77,-175
rua||um|mangabeiras|39663000|70,-1739388,-4273692;82,0,8;100,3,30;400,11,-58
rua||um|senhora do socorro|39663000|12,-1740166,-4272864;57,43,-65;60,-4,-6;77,-8,28;86,1,-15;91,-3,24;98,-2,-18;110,-22,6;148,-28,92;166,3,-21;312,-69,114;325,4,10;399,-38,64;412,-7,-8
rua||um|vila tobias|39663000|410,-1739398,-4273756;420,6,42;427,0,-16
rua||varginha|mendonca|39663000|20,-1754365,-4275493;59,-33,-227;77,-182,-320;288,221,579
rua||verednha|vendinhas|39663000|106,-1751149,-4259975
rua||vila nova|vendinhas|39663000|3,-1750988,-4260043;4,-2,-8;6,38,-34;33,0,2
rua||vinte e dois de outubro|independencia|39663000|16,-1739797,-4273486;29,2,9;42,-6,20;43,18,-11;55,-21,-22;62,22,33;73,-19,-26;77,33,41;78,3,0;85,6,-7;90,-4,15;91,6,-10;99,2,10;100,-8,13;107,12,-3;113,4,0;120,-4,9
rua||vinte e um de abril|senhora do socorro|39663000|316,-1740022,-4273021;329,-4,9;345,30,-32;355,-5,8;365,-2,5;371,-7,6;377,-11,20;404,-15,5;413,-1,14;425,3,-2;440,-20,13;456,-11,9
rua||vinte um de abril|independencia|39663000|22,-1739814,-4273271;25,9,5;30,-21,-6;33,16,15;45,-14,7;60,-8,-1;61,6,0;73,-12,17;77,-10,6;84,0,-3;88,-2,1;98,-4,4;99,0,5;146,-27,22;152,1,-26;162,-16,21;174,-12,-41;186,4,83;252,-46,59;274,-49,-3;276,105,-28;286,-70,63;292,-30,-10
rua||vinte um de abril|senhora do socorro|39663000|147,-1739868,-4273212;157,-19,24;163,11,10;175,-16,8;189,-24,-14;203,7,42;211,-21,4;229,-8,1;239,8,23;251,44,-47;257,-66,57;261,-183,68;262,247,-160;271,-75,93;285,2,20;299,-1,-14;313,5,2
saida||para mendonca|liberdade|39663000|20,-1740021,-4273531;32,-8,1;45,2,-2
travessa||bela vista|vendinhas|39663000|85,-1751145,-4259964;97,-6,-9;120,43,46
travessa||dois|campo|39663000|40,-1740334,-4272884
travessa||dois|sao jose|39663000|74,-1740371,-4272912;86,5,4;100,-10,-10;110,-14,-6
travessa||jose francisco|mendonca|39663000|42,-1754610,-4276010;69,-6,3;70,12,-7
travessa||juscelino kubitschek|independencia|39663000|53,-1739744,-4273240;63,-2,-26;75,-8,-1;124,35,-32;142,7,-14;180,43,-28
travessa||varginha|mendonca|39663000|9,-1754531,-4276013;35,0,0
vereda||pontezinha|pontezinha|39663000|3,-1735589,-4273810
