avenida|presidente|antonio carlos|mathias lobato|35110000|10,-1857852,-4191943;40,164,448;60,-23,-41;70,-7,-6;81,-7,4;90,-95,-243;91,91,238;105,-3,0;134,-110,-327;150,29,119;158,35,91;160,-19,-66;163,-9,20;168,23,39;170,-18,-51;175,-14,5;180,19,-2;183,-23,-24;186,-15,-98;225,38,140;274,-31,-131;285,4,44;289,-12,-17;305,2,-36;308,1,2;310,-28,-105;318,25,84;325,-8,10;328,4,-14;348,-5,-23;357,-5,-3;367,4,4;368,-1,-21;377,-8,-2;387,0,-10;388,4,2;408,-1,-18;430,-11,-40;438,5,14;485,128,402
avenida|vereador|jose lucas de oliveira|mathias lobato|35110000|1,-1857412,-4191300;6,-129,-326;10,68,107;11,62,193;12,98,13;14,-129,-221;16,121,211;22,-15,-1;23,-84,-3;28,79,-4;29,-240,-443;35,164,442;46,106,27;47,-118,-37;58,74,9;99,-678,-877;102,661,838;103,-68,18;110,38,-50;140,-6,4;151,-93,-230;154,87,220;166,-2,-4;178,-20,-10;180,12,2;198,-11,-24;200,-53,23;210,49,-28;220,-2,-16;233,-52,5;238,45,-21;240,73,159;253,-124,-161;263,-7,-25;271,-2,-17;275,-6,-2;284,53,-12;311,-11,-13;324,-4,-15;342,-3,-12;346,-2,-4;350,83,258;354,-80,-266;364,-10,-4;380,-5,-26;400,-10,-17;423,-70,-150;434,71,296;436,5,15;509,-64,-231;604,178,398;751,-147,-275;761,-13,-11;1305,-358,-613;1345,114,81;1346,43,-8;1430,-37,-66;1440,-28,-17;1500,-46,-21;1523,-119,23;1530,69,-43;1532,-14,-3;1533,-69,45;1540,56,-42;1543,-72,34;1545,4,5;1555,-15,3;1567,0,-1;1615,-41,-2;1625,-23,-6;1645,0,5;1677,-139,-26;1697,36,12;1767,-46,-18;2094,488,139;16947,-438,-129
avenida||magalhaes pinto|mathias lobato|35110000|8,-1857453,-4191201;60,-40,-38;80,70,22;230,43,-100;240,7,1;250,3,18;260,-1,12;270,2,6;275,3,6;280,-6,12;285,1,15;290,-1,-12;295,3,24;298,-1,-16;304,-1,7;311,-7,13;314,4,3;321,-1,15;326,-5,-17;331,10,21;336,-7,0;361,2,37;376,-3,1;411,-35,-25;606,89,-25
barra||do bugre|correnteza e ribeirao do bugre|35110000|12,-1855257,-4200461
corrego||correnteza|corrego correnteza|35110000|4,-1857754,-4199812;5,-4102,747;8,1830,3201;9,781,-3790;10,-1156,3050;20,3054,-1908;511,-3016,1902
corrego||correnteza|correnteza e ribeirao do bugre|35110000|6,-1857699,-4200507;18,466,1606
estrada||br 116|rodovia br 116|35110000|5,-1863297,-4194909
estrada||lagoa nova|estrada principal|35110000|2,-1859613,-4189159
estrada||sentido a chonim de cima|sentido a chonim de cima|35110000|3,-1864427,-4198620;4,75,-318;6,1,-693
fazenda|sao|geraldo|corrego barra do suassui|35110000|2,-1855840,-4195498;3,182,-30;4,168,-1557
fazenda||almenara|corrego correnteza|35110000|1,-1863272,-4198659
fazenda||araujo antiga lagoa nova|estrada principal|35110000|3,-1859482,-4188827
fazenda||cachoeira do paiol|corrego cachoeira do paiol|35110000|3,-1861774,-4186872;4,-192,124;5,190,-307
fazenda||cachoeira do paiol|rural|35110000|1,-1857184,-4190582
fazenda||correnteza|corrego correnteza|35110000|3,-1862442,-4198857
fazenda||da soja|fazenda da soja|35110000|6,-1865732,-4192435;8,794,-364;10,-73,-106;11,183,-233
fazenda||fortaleza|estrada principal|35110000|3,-1858077,-4190763;4,-1522,2032;11,891,-2050;15,-354,569;16,-25,36;19,-530,-122;20,239,305
fazenda||fortaleza|fazenda brazil|35110000|13,-1861619,-4190556
fazenda||fortaleza|rural|35110000|1,-1860789,-4187268;2,-2010,1245;3,-1895,-683;10,1002,-2238;11,286,-364;17,1429,-935;18,-331,124;19,-7,51
fazenda||fortaleza|sitio casa verde|35110000|12,-1858783,-4190794
fazenda||jacobina|rural|35110000|5,-1863834,-4190560;8,-530,765;13,-430,900;17,-291,1510;18,1,32;19,-113,208
fazenda||porto alegre|rural|35110000|5,-1858128,-4189690;6,-22,-120;8,-15,646
fazenda||zequinha|fazenda zequinha|35110000|4,-1862799,-4193332;14,1077,2036
praca||antonio carvalho de morais|mathias lobato|35110000|9,-1857337,-4191507;30,23,-27;31,-19,40;32,24,-58;34,1,-2;36,-2,-13;40,-11,24;41,-22,82;50,-41,-107;61,42,112;71,2,9;77,-3,7;89,3,5;94,-30,-5;101,24,13;108,-20,-5;115,21,23;116,-20,-14;122,1,16;123,21,8;135,-1,11;145,-2,8;155,-22,12;175,19,13;189,-1,2
praca||arthur bernardes|mathias lobato|35110000|17,-1857324,-4191515;23,9,1;29,11,-7;87,-48,-5;93,-4,-10;113,-14,-1;123,-3,-1;131,-6,-4;137,-28,-34
rodovia||br 116|rodovia br 116|35110000|1,-1858820,-4192246;10,-5822,-3906
rua|deputado|cunha bueno|mathias lobato|35110000|53,-1857587,-4191797;72,-346,9;162,214,-53;171,-10,-7;172,3,14;174,-6,-8;181,-1,3;184,-7,2;191,-3,7;194,-4,-3;200,-7,0;201,0,7;208,43,-15;211,-51,10;212,-2,-2;214,4,-4;221,-6,11;222,-11,-4;224,-3,-5;231,-6,4;232,11,1;234,-11,4;241,-5,8;242,-4,-14;244,-1,8;251,2,7;254,-9,-6;262,-8,-1;264,-1,8;272,-2,-4;300,-51,1;308,-6,17;310,-10,-2;320,-8,4;321,22,-4;331,-22,5;340,-13,3;341,6,1;342,3,0;350,-21,0;351,6,1;361,0,-1;371,-20,15;381,-12,-5;391,-28,11;407,-4,2;427,-11,8;440,151,-48;473,-148,38;480,-7,1;570,-10,2
rua|juiz|de paz antonio lopes de melo|mathias lobato|35110000|10,-1857562,-4191510;20,-40,37;21,-29,-12;22,2,-1;31,-4,1;32,-9,9;39,4,-6;42,-16,7;43,5,-6;65,41,-13;85,30,1;87,-91,16;97,-16,2
rua|operario|jose chaves|mathias lobato|35110000|22,-1857757,-4192357;32,-12,-18;39,17,-20;42,-4,26;55,11,10;65,-1,3;72,-15,16;75,13,5;76,1,-1;82,-10,-55;101,-1,86;107,7,-5;111,-1,9;112,-7,2;122,0,1;127,11,8;136,-7,14;137,5,-7;146,-9,2;156,6,17;157,5,-8;167,-3,10;177,1,8;187,1,7
rua|prefeito|joao antonio barbosa|mathias lobato|35110000|33,-1857725,-4191760;47,-14,0;62,-39,-6;64,-6,-8;135,-169,-105;154,176,100;155,-109,-59;165,3,-15;174,89,64;175,-105,-61;180,49,24;204,-78,-54;246,60,40;273,60,38
rua|prefeito|lourival lourenco ferreira|mathias lobato|35110000|8,-1857557,-4191424;121,107,50;131,-13,1;143,-9,-2;151,-7,-7;160,8,0;161,-15,-3;190,-8,-11;199,-17,-1;200,2,5;207,-11,-8;210,7,-3;215,-17,5;225,-9,-13;235,-4,11;245,-12,-5;255,-3,-9;265,-9,3;275,-10,-15;285,-1,-2;295,-18,2;300,-52,-28;305,46,22;315,-17,5;320,-28,-35;345,3,10;355,2,-2;365,-9,1;375,-12,-3;395,-21,-9;405,-9,6;411,1,-5;417,-5,-10;429,-19,3;445,-3,-5;465,-13,1;477,-3,-11;485,-9,-8;495,-17,-14;496,14,7;500,-15,-13;505,-2,6;515,-9,-6;520,-2,-19;525,-3,8;545,-7,-12;550,-5,-13;555,-6,7;560,5,-10;565,-8,8;570,3,-24;575,-8,18;585,5,-10;595,-16,-3;600,-20,-24;610,-11,-14;615,21,24;630,-36,-45;635,30,39;645,-17,-10;655,-6,-8;675,-10,-16;685,-5,-5;695,-6,-1;699,-194,-189;705,182,180;715,-5,-11;725,-9,0;735,0,-15;745,-9,0;755,-6,-19;795,-24,-23;805,-8,-2;815,-5,-10;820,1,2;825,-8,-6;830,-10,-18;835,2,10;845,-15,-1;846,-1,0;860,-33,-56;865,29,44;870,-71,-85;875,62,74;880,-86,-90;885,80,87;895,-7,-13;900,-106,-107;911,100,100;925,-12,-8;935,-7,-7;945,-6,-8;955,-10,-8;965,-3,-2;1000,-76,-77;1055,-4,0;1065,-7,-1;1075,-7,-10;1085,-5,-15;1243,-47,-9;1247,-4,-27;1251,-6,-5;1255,10,0;1257,-4,-3
rua|sao|joaquim|mathias lobato|35110000|36,-1858605,-4192345;301,-5,-36;343,0,29;345,-29,-45;375,3,-4
rua|vereador|abelino gomes santana|mathias lobato|35110000|14,-1857731,-4191901;15,1,9;24,-15,-11;25,10,15;34,-16,-7;35,3,7;44,-17,3;45,20,-10;54,-26,9;64,-8,-4;74,-8,-6;75,7,16;84,-10,-1;85,4,0;94,-26,4;95,21,-5;100,-30,6;104,17,-4;105,3,1;115,-12,3;125,-16,8;135,-202,47;144,160,-41;154,-7,1;155,6,0;164,-16,8;174,-14,-6;184,-7,-2;185,4,20;194,-9,-22;195,-2,16;198,150,-40;199,7,0;205,-162,43;215,-14,0;244,-2,-9;247,-54,17;254,35,-7;264,-22,5;265,1,4;271,-15,8;275,20,-10;281,-34,17;304,-8,-9;305,8,-1;314,-14,6;325,-5,7;334,-16,-7;335,4,9;407,326,-80;510,23,-6;515,-11,-4
rua|vereador|francisco jose cardoso|mathias lobato|35110000|49,-1857492,-4191748;138,79,133;141,1,16;151,-6,-13;175,-7,-14;182,10,5;192,-7,-16;202,-8,-15;212,3,-12;215,-13,12;220,1,-15;245,-12,-6;248,-2,-18;265,-12,2;268,16,9;272,13,-32;280,-31,-5;295,-5,-13;300,-4,-2;308,-4,-4;314,-2,0;325,-11,-15;328,4,-1;333,-15,-7;343,-4,-11;346,13,6;350,-10,-4;353,-10,-16;354,10,4;382,-5,-10;392,10,17;422,-30,-50;432,-12,-14;452,-6,-17;462,-5,-1;498,-13,-22;510,-10,-14;528,-6,-11;542,-19,-17;544,0,-7;554,-5,1;568,-6,-7
rua|vereador|jose antonio da silva|mathias lobato|35110000|19,-1857574,-4191730;20,-40,-11;25,6,7;28,17,-5;33,-18,10;42,-26,-16;45,30,16;50,-23,-15;55,14,15;60,-18,4;71,7,-1;72,-11,-2;76,-6,-5;81,8,10;91,-7,3;145,-65,16;148,4,-10;154,-11,8;161,-5,10;162,0,-12;172,-7,9;175,-13,3;182,-3,-4;185,-7,8;186,5,-10;187,18,7;192,-30,-1;195,-6,10;205,-9,1;220,-3,-11;229,-9,17;230,14,-4;239,-47,19;294,-16,-12;295,1,13;305,-7,-7;311,-8,8;316,6,-10;317,-27,18;318,9,-14;327,-15,12;328,-10,-5;337,5,8;338,2,-8;351,192,-56;366,27,2;367,3,-2
rua|vereador|jose claudino silva|mathias lobato|35110000|26,-1857877,-4192399;33,6,-1;34,-6,9;44,-4,9;45,6,-5;54,-6,16;61,6,-6;65,-3,3;70,-7,16;75,8,-1;80,-5,5;88,-12,7;91,21,7;92,-9,-3;95,8,13;110,-8,0;128,1,9
rua|vereador|jose gomes chaves|mathias lobato|35110000|10,-1858401,-4192224;24,23,2;47,34,5;54,-3,7;98,34,11;138,23,6;144,-9,16;145,6,-11
rua|vereador|otilio rufino|mathias lobato|35110000|12,-1857524,-4191422;16,-10,0;19,25,-21;27,-3,5;29,-11,7;47,-4,9
rua|vereador|paulo pereira oliveira|mathias lobato|35110000|11,-1857410,-4191316;21,-1,23;23,-4,-29;41,10,86;100,-2,16
rua|vereador|valdomiro silva|mathias lobato|35110000|10,-1857911,-4191968;26,-95,25;30,-41,11;37,-77,16;60,56,-15;80,-20,13;90,-8,0;100,-13,5;120,-4,29;176,196,-78;177,-12,-5;187,5,-1;197,-20,4;207,-15,-9;217,-1,6;227,-10,2;247,-18,6;277,-31,6;287,-10,5;295,-5,3;327,-15,5
rua||absalao bezerra cavalcante|mathias lobato|35110000|21,-1858070,-4192339;31,0,-10;32,-11,5;65,9,-35;85,-10,-16;90,-3,15;100,-6,-20;120,0,16;130,1,-21
rua||ana moraes pessamilio|mathias lobato|35110000|5,-1857398,-4191544;6,-25,-42;17,22,26;27,-10,3;28,-23,-45;31,18,34;36,-21,-42;46,-11,-12;53,19,43;54,-17,-53;65,15,45;68,-28,-50;78,-4,-9;90,22,-2;95,-10,39;100,-16,-55;110,-11,2;116,-3,-11;130,-7,-2;131,16,36;143,-6,-7;144,-16,-43;149,16,37;154,-26,-49;161,16,36;164,-23,-40;167,11,40;171,9,-3;177,-4,-12;178,-18,-38;189,11,34;209,-10,-21;215,-5,-5;219,-5,-7;313,4,-11;323,-3,-8;348,1,-12
rua||batista miranda|mathias lobato|35110000|8,-1857406,-4191513;19,2,0;24,0,12;25,1,-24;27,2,20;36,-13,-1;37,26,19;48,-16,3;56,23,24;57,8,-1;62,-14,-13;67,25,28;76,-26,-22;88,12,13
rua||bela vista|mathias lobato|35110000|10,-1857963,-4192220;20,-1,15;30,2,23;40,25,6;50,-36,12;55,7,11;60,-7,-6;70,-9,-8;71,7,-16;74,51,15;78,-4,5;80,-65,-4;83,-8,-9;90,-1,3;109,-11,7;150,-42,-8
rua||b|mathias lobato|35110000|10,-1858191,-4191851;20,2,18;40,0,5;55,9,-25
rua||carolina lopes de oliveira|mathias lobato|35110000|10,-1858494,-4192360;17,-17,-20;20,-16,-34;26,27,26;27,4,23;37,-5,15;60,10,0;63,-13,64;97,0,-9;203,17,-43;214,-13,37
rua||c|mathias lobato|35110000|6,-1858226,-4191848;11,-8,4;12,6,7;15,3,-16;17,-6,29;18,5,8
rua||delfino moreira|mathias lobato|35110000|10,-1857663,-4191775;15,9,42;22,-3,-8;32,1,-7;42,-2,-11;54,2,-9;62,-10,-7;76,12,-8;82,-10,-8;89,-8,-3;92,9,-8;95,-6,-5;99,-1,-13
rua||d|mathias lobato|35110000|95,-1858271,-4191849;100,-13,2;105,14,11;115,0,12;120,-10,-22;125,10,33;140,-10,-21;160,7,10;180,-3,16;200,-1,17
rua||elias tome|mathias lobato|35110000|10,-1857674,-4191668;20,-4,0;25,-4,10;40,-19,-18;50,-7,9;60,-5,4;61,2,8;80,-22,6;90,-13,-3;91,12,7;100,-23,-4;101,14,8;108,-17,-10;111,6,5;121,-11,11;131,-26,6;140,7,-11;141,-11,15;170,-19,-3;180,-7,1;190,-17,3;191,17,3;198,-31,3
rua||erminia aurelia de moraes|mathias lobato|35110000|20,-1858410,-4192240;50,11,-132;58,7,18;60,-19,157;65,7,-1;68,12,-161;75,-16,174;80,-7,12;85,25,-159;95,-16,152
rua||esmael valentino da silva|mathias lobato|35110000|10,-1857454,-4191212;20,-66,-143;31,76,117;40,-14,-4;41,24,0;43,-4,-70;51,1,56;60,-5,1;93,-45,-107;100,52,72;102,-144,-94;115,70,20;120,69,48;130,-29,-22;184,-20,-11;200,-10,1;210,-13,-7;228,4,-7;235,-16,-1;264,-28,-12;265,5,-1;275,-15,-9;305,-18,-1;1260,64,23
rua||genival rodrigues|mathias lobato|35110000|32,-1857784,-4192385;50,-56,31;70,-1,-19
rua||geralda maria moreira|mathias lobato|35110000|1,-1858106,-4192301;2,47,-11;3,3,-10;4,8,2;5,0,-14;6,-8,43;8,35,-49;9,-21,12;10,-29,35;11,45,-43;23,-119,30;25,146,-41;35,6,1;41,-90,26;43,107,-34;48,-61,38;54,16,-2;63,54,-36;68,24,8;73,-11,-18;78,9,15;88,5,-12;90,6,1;97,-7,-9;98,12,0;107,6,-19;122,2,1;158,29,-37
rua||g|mathias lobato|35110000|1,-1858204,-4191871;4,6,-18;5,-9,25;10,-39,-15;20,-9,2;35,13,15;40,-27,-13;45,11,7;55,-7,0;60,-17,-11;80,-1,8;1115,103,-24;1287,-61,-10;1298,-12,-5;1988,-4,-4
rua||hebia da silva melo|mathias lobato|35110000|23,-1857675,-4191620;33,-19,4;45,-9,-3;58,3,15;62,-10,-2;65,-1,-5;75,-17,5;85,-10,2;104,-12,4;105,-45,2;330,17,6;380,-15,11;488,193,-54
rua||isaias lopes de melo|mathias lobato|35110000|8,-1857967,-4191888;23,70,202;33,-5,-5;38,1,14;40,-3,-9;42,-5,-16;43,5,3;48,-73,-223;60,57,179;64,-28,-86;65,11,19;68,9,57;70,0,-21;75,-6,-43;83,12,51;85,-23,-72;96,1,35;98,-18,-66;102,-2,-12;105,13,28;152,7,37;155,-26,-105;156,-5,-13;157,-8,-6;175,12,-1
rua||joaquim cecilio|mathias lobato|35110000|22,-1857419,-4191522;36,3,-8;37,-30,31;51,-5,1;136,7,-6
rua||jose francisco dos santos|mathias lobato|35110000|23,-1858067,-4191984;25,21,-8;60,-147,26;70,2,-7;125,-38,27;307,176,-40;1090,-48,8;1278,-141,52
rua||jose gomes chaves|mathias lobato|35110000|5,-1857925,-4192410;20,-105,33;30,50,-12;40,-7,8;50,-9,0;55,50,-29;60,-59,28;65,43,-15;70,-58,27;80,-8,-5;90,-13,14;100,-18,-5;140,-55,23
rua||jose jonas|mathias lobato|35110000|23,-1857603,-4191754;26,-3,3;56,-11,-29;58,-1,-7;60,-3,-19;65,9,13
rua||leovegildo lopes|mathias lobato|35110000|21,-1857520,-4191448;25,-7,-11;30,-11,11;40,4,-21;50,-8,-9;60,1,-9;70,-6,-6;80,0,-16;95,-1,-13;100,-8,12;110,7,-21;126,-1,-3;130,8,-23;140,-13,1;145,-14,-16;150,4,2;160,5,-6;170,-3,-14;180,-8,-4;190,-1,-4;200,12,-16;210,-19,-10;220,-4,-9;222,1,-2
rua||luiz nunes de oliveira|mathias lobato|35110000|65,-1857715,-4191507;82,101,-49;84,-23,10;141,-43,20;154,21,1;163,2,-11;164,-7,11;174,-2,13;184,-18,0;245,-11,-8;480,-27,23
rua||maria amalia barbosa|mathias lobato|35110000|6,-1858504,-4192165;7,34,5;10,-37,-2;15,7,-10;17,-5,6;22,12,15;25,-25,-9;26,38,13;30,-1,-1;33,45,-16;75,56,9;87,15,1;105,5,6;120,-12,-1
rua||maria lopes cavalcante|mathias lobato|35110000|101,-1857841,-4192320;102,81,2;104,-29,0;111,-64,1
rua||nadir de almeida meira|mathias lobato|35110000|22,-1857710,-4191776;24,-2,3;26,-10,-4;32,-3,-1;51,-16,17;52,-10,-7;56,-167,52;58,157,-65;61,6,30;62,-25,-11;72,-14,11;81,20,-2;84,-24,3;91,20,-4;100,-129,29;101,110,-26;131,-38,11;142,10,-8;157,-22,9;162,14,-8;167,-32,10;172,19,-9;177,-22,14;182,7,-8;187,-12,7;197,-14,6;202,15,-9;207,-21,12;212,8,-10;222,-8,2;232,-13,-3;269,170,-35
rua||olegario maciel|mathias lobato|35110000|3,-1857584,-4191434;17,-12,-40;20,-87,-287;34,120,304;44,-29,-17;55,-22,-45;56,11,21;60,-9,-17;70,6,-24;75,-10,20;90,5,2;98,-116,-410;100,79,320;120,13,19;125,3,8;191,-47,-126;201,15,10;221,0,34;231,8,9;241,0,11;251,3,4;261,-15,-57;263,-23,-88;271,23,97;281,5,8;365,-40,-147;415,5,16;436,10,7;445,-20,-35;450,2,-26;460,0,-7;465,-4,11;475,-2,-5;485,-4,-20;495,-2,-1;525,-8,-36;530,6,-6;540,-5,-12;545,-2,4
rua||paulo eremita ferreira|mathias lobato|35110000|13,-1857745,-4191951;21,-4,5;23,-12,-7;25,6,11;32,-22,-4;39,15,1;42,-24,5;43,19,-4;45,-5,-1;50,-4,4;52,-12,0;65,4,4;70,-13,-4;72,-11,3;76,5,9;85,-3,-5;95,-3,3;98,-20,-8;105,2,8;115,-4,10;117,-105,15;125,51,-12;135,-5,3;140,-4,-6;145,-2,6;150,-13,-7;155,-3,10;160,4,-2;165,-7,12;170,-2,-18;175,-15,12;190,-5,-3;200,-7,3;205,-10,8;210,3,-2;215,-29,8;220,-9,-3;225,-7,12;230,3,-13;235,-11,14;245,-12,4;250,8,-5;255,-16,10;256,6,-14;260,-12,7;275,-6,5;276,-3,-3;285,-15,8;290,-39,2;300,32,-10;310,-8,2;315,-10,13;320,1,-13;890,-20,26
rua||pucina luiza de souza|mathias lobato|35110000|50,-1858551,-4192392;59,-55,94;69,-11,0;70,-4,1;173,62,-70;217,-5,51
rua||quinze de novembro|mathias lobato|35110000|29,-1857484,-4191612;111,18,-13;370,-14,6
rua||rogerio ferreira|mathias lobato|35110000|6,-1857901,-4192409;26,59,0
rua||sadi almeida campos|mathias lobato|35110000|10,-1858286,-4192299;12,-222,-33;14,-38,-1;15,230,23;35,-22,-3;50,-34,-2;54,34,11;56,5,-3;65,-34,-19;73,-9,3;75,-4,0;93,140,61;94,7,4;103,-178,-68;123,-6,-6;133,-7,2;143,-8,-2;153,-11,-6;160,1,13;163,-21,-42;182,-5,38;183,0,-2;313,-113,-7;329,-11,3;336,-6,8;345,-17,-5;346,3,5;355,-13,-8;356,-18,11;465,-18,-11;466,14,7;1779,391,58
rua||venceslau bras|mathias lobato|35110000|44,-1857565,-4191460;65,-3,-18;75,0,-8;105,-14,-16;113,-1,-21;121,-10,-13;183,-3,-39;193,-1,1;201,-7,-18;205,2,-10;215,-1,-8;222,-2,-10;229,-8,-3;232,9,10
rua||vitor chaves de lima|mathias lobato|35110000|51,-1857707,-4191575;56,33,32;60,-2,-19;61,-22,-7;82,18,-14;171,-6,37
sitio||guanabara|correnteza e ribeirao do bugre|35110000|8,-1854548,-4199745
travessa||jose gomes chaves|mathias lobato|35110000|2,-1858122,-4192350;11,4,-11;22,-3,-18;32,-1,-1;52,-15,-18;62,-6,-13;100,26,40
