acesso||da ponte sem denominacao|bairro ype|29395000|7,-2022426,-4151360
avenida||7 de novembro|bairro vila nova|29395000|4,-2023169,-4149541;5,27,-98;6,-23,53;7,1,-4;8,26,-118;9,19,18;11,-10,0;12,-5,-10;1350,-5,11;1500,-37,179
avenida||cambraia|bela vista|29395000|18,-2023856,-4151380;20,-11,-34;23,-324,-197;27,340,165;28,-6,5;29,10,13;48,37,108
avenida||laurindo alves moreno|bairro lacerda|29395000|2,-2022723,-4149549;3,-5,13;6,17,-2;10,-6,-10;12,1,8;13,62,75;18,-78,-91;21,-119,-62;60,171,123
avenida||laurindo alves moreno|lacerda|29395000|4,-2022684,-4149509
avenida||m rodrigues alcure|bairro ipe|29395000|18,-2022355,-4151242;56,-698,131;61,146,23;86,-103,-6;218,127,-1;258,18,-9;266,11,-10;298,39,-17;326,7,-9
avenida||m rodrigues alcure|bairro ype|29395000|10,-2022454,-4151208;11,33,-14;13,-431,98;40,309,-79;41,-30,1;43,-13,-4;44,-23,2;46,12,-13;50,-22,13;56,-44,-3;57,-7,6;76,-409,103;78,135,13;279,99,-19;289,1,-16;302,-61,26;303,76,-33;335,23,-7;355,28,-9;365,7,3;473,78,-52;485,12,-8;511,22,-5;521,10,-3;531,17,4;551,18,0;591,39,7;643,38,-12;653,11,-6;673,18,12;693,11,3;785,90,-29;799,10,6;805,19,5;815,4,-10;835,7,-18
avenida||mario andreaza|bairro boa esperanca|29395000|12,-2023368,-4150589;42,-27,-43;54,-9,-18;92,-9,-7
avenida||mario andreaza|bairro centro|29395000|150,-2023428,-4150702;172,-14,-40;218,-48,-23;226,10,-3;234,-6,-3
avenida||mario andreaza|centro|29395000|32,-2023713,-4151140;34,-6,-8;410,146,235;446,-13,-21;460,-22,-15;472,-18,-15;486,-1,1;510,-7,-19;528,-13,-21;534,2,-5;544,1,-6;600,-47,-82;620,15,16
avenida||servulo rodrigues trindade|bairro boa esperanca|29395000|54,-2023269,-4150549;74,43,66;269,-121,-233;274,35,-5;277,-30,19;293,16,15;300,-7,4;303,26,-8;308,-19,13;311,15,1;316,-3,-5;321,-4,20;326,9,-6;329,0,18;334,0,-4;335,7,8;338,2,-2;351,7,-1;354,5,17;363,4,20;372,-13,-4;378,0,10;393,16,3;397,-7,6;400,6,7;405,-7,2;410,23,22;413,-9,-24;442,20,38;445,-11,0;450,0,5;453,-17,15;456,32,-11;461,13,36;484,-7,15;487,-3,-10;494,4,11;495,11,-12;503,-9,11;504,4,-3;511,19,-1;518,0,-7;526,-7,17;549,1,26;558,4,6;559,7,-1;570,-2,5;571,13,22;572,-8,-6;573,4,-4;574,-4,21;603,18,-1;605,3,15;606,0,-9
avenida||servulo rodrigues trindade|bairro centro|29395000|1,-2023442,-4150934;48,8,19;51,85,169;68,-73,-159;72,9,23;74,-2,42;112,-23,-37;131,-5,-54;148,44,85;150,-8,26;156,13,7;172,-4,35;184,29,4;198,0,5;228,2,10
avenida||servulo rodrigues trindade|bairro floresta|29395000|1,-2023106,-4150385;686,-46,5;706,35,1
avenida||servulo rodrigues trindade|centro|29395000|25,-2023381,-4150790;26,15,26;31,-20,-36;41,-68,-123;89,10,-12;125,40,83;129,8,-22;153,4,73;161,15,1;163,18,5;171,-19,27;195,14,-4;207,18,16;209,-3,-10;221,-10,21
avenida||sete de novembro|brasil novo floresta|29395000|62,-2023402,-4150518;346,-29,-37;382,3,-7;401,24,28;404,-12,-5;438,10,16;500,9,12;512,2,0;516,16,13;520,-57,-95;530,63,120;544,21,1;548,4,0;570,6,32;574,12,11;600,8,26;602,-23,-12;606,25,22;608,4,2;610,13,10;611,0,-7;612,23,19;622,-2,8;628,-2,7;630,16,26;632,9,21;638,6,-1;640,1,15;642,9,9;644,6,16;648,8,6;650,10,16;652,-3,5;654,14,6;668,11,10;670,-4,10;680,9,6
avenida||sete de novembro|brasil novo|29395000|180,-2023504,-4150648;204,51,28;226,-10,14;266,24,14
avenida||sete de novembro|floresta e vila nova|29395000|1,-2023055,-4149900;2,-15,4;6,-15,64;8,8,7;10,-24,-121;56,-9,1;89,38,15;91,-63,-20;93,29,11
avenida||sete de novembro|floresta|29395000|77,-2023109,-4150085;80,52,149;81,-24,-3;82,-7,-5;83,6,-112;84,9,138;86,-26,-23;89,-6,-3;91,29,-83;710,-101,-166;712,6,23;800,11,6;826,18,72;846,39,-7;856,-17,5;890,15,17;940,-11,1;950,39,23;960,-19,-12;970,22,26;980,-9,-5;1050,16,53;1060,0,7;1070,13,12;1080,-4,3;1090,1,11;1099,-83,2;1100,85,5
avenida||sete de novembro|novo horizonte|29395000|4,-2023675,-4150946;8,-90,-232;10,21,75;22,94,206;40,15,48;44,-54,-139;47,-4,15;52,0,8;56,-78,-189;58,97,213;61,-67,-197;80,211,400;140,6,55;146,14,6;150,14,2;156,4,5;182,-55,-67
barranco||sem denominacao|floresta|29395000|3,-2023357,-4150182;11,9,-11;80,24,-31;81,3,2;82,6,10;83,-4,-15;84,6,-6;85,16,4
beco||a direita depois do pto final|santa maria de cima|29395000|13,-2026588,-4146285
beco||sem denominacao 2|bairro novo horizonte|29395000|68,-2024041,-4150966;71,-5,2;75,5,50;77,-4,27;79,5,14;91,-2,-14;105,-4,-57;107,2,19;228,-2,-31
beco||sem denominacao|bairro vila nova|29395000|2,-2023148,-4149749;3,-2,13;4,18,1;5,16,-3
beco||sem denominacao|boa esperanca|29395000|110,-2023194,-4150649;113,-23,17;143,2,-10;145,7,1;149,-9,9
beco||sem denominacao|sao jose|29395000|15,-2023146,-4151014;18,-10,1;23,2,7;24,-5,-5;34,5,15;35,11,10;44,-12,-2
beco||sem denominacao|vila nova|29395000|24,-2023117,-4149739;26,-18,-4;27,-9,4;30,-33,-13;34,53,11
cabeceira||da santa maria de cima|santa maria de cima|29395000|115,-2024507,-4145447;117,8,106;118,-59,154;122,87,31;139,982,1288
caminho||do horto|brasil novo e novo horizonte|29395000|50,-2023726,-4150630
condominio||sem denominacao|bairro ype|29395000|1,-2022244,-4151319;2,11,-3;3,-3,-34;4,18,1;5,24,24;6,-6,3;7,31,7;8,-1,-11;9,10,-4;10,20,-6;11,-99,26;12,-8,15;13,-1,20;14,19,6
corrego|santa|clara|santa clara|29395000|6,-2021060,-4159064
corrego|santa|maria de cima|est para o sitio o menegate|29395000|9,-2024733,-4145137;39,-213,-174;41,-418,-401;42,-160,-41;43,126,193;47,-290,-1;51,-285,178;57,-171,76;59,-52,29;61,-343,23;65,-135,-88;67,-224,285;73,1312,-228;78,110,709;80,221,20;132,1874,942
corrego||agua limpa|agua limpa|29395000|37,-2028034,-4152409
corrego||da santa maria de cima|est ao lado da mercearia|29395000|100,-2024790,-4145699
corrego||santa maria de cima|sitio do eledison gringa|29395000|36,-2025133,-4145876;37,-178,2;40,53,137;105,316,424
corrego||santa maria|santa maria de cima|29395000|52,-2026054,-4145424;53,-145,160;55,-112,-161;56,207,204;58,-92,-42;60,-347,5;67,-322,271
corrego||vista alegre|agua potavel|29395000|202,-2028490,-4165068
entrada||km 174|corrego pontal|29395000|174,-2027352,-4163104
escadaria||sem denominacao 2|bairro novo horizonte|29395000|3,-2024038,-4150923;66,7,-1;69,-2,3;86,7,0
escadaria||sem denominacao|bairro novo horizonte|29395000|48,-2024021,-4150954;67,11,6;69,-11,-4
estrada|santa|maria de baixo 1|est que vai para escola|29395000|166,-2024743,-4148178;177,99,921;179,-633,-1009;183,-271,274
estrada|santa|maria de baixo|santa maria de baixo|29395000|142,-2024527,-4147806;144,-93,-237;145,-41,-43;149,56,197;1016,150,461;1371,190,-943;1372,-13,-2
estrada|santa|maria de cima 2 pedaco|santa maria de cima|29395000|228,-2025489,-4146974;230,-166,206
estrada|santa|maria de cima|santa maria de cima|29395000|219,-2025799,-4147596;220,27,3
estrada|santa|maria|inicio do setor|29395000|102,-2024038,-4149794;103,75,11;104,26,17;105,34,0;106,-246,142;107,31,102;109,267,512;115,52,449;118,13,196;125,-247,35;156,-692,502;161,688,976
estrada|santa|maria|santa maria de baixo|29395000|2,-2025381,-4146443;93,840,61
estrada|sao|joao|alto ines|29395000|35,-2021521,-4143027;148,-497,-313;150,435,60
estrada||alto criciuma dep ent cachimbo|alto criciuma|29395000|39,-2022629,-4165306
estrada||atras do secador do jaci nunes|corrego santa maria|29395000|64,-2024445,-4149404
estrada||bifurcacao antes do ze do brej|corrego santa maria|29395000|47,-2024899,-4150169
estrada||br 441 depois trevo sant clara|santa clara|29395000|2,-2024400,-4157616
estrada||br 441|santa clara|29395000|3,-2023359,-4158111;8,335,-14
estrada||cambraia restaurante vovo rosinha|cambraia|29395000|8,-2025796,-4152828
estrada||cambraia sitio dodo dias|cambraia|29395000|58,-2024975,-4151859;59,-100,-9
estrada||coletor antes da serraria|carangola|29395000|25,-2021874,-4149076;26,-18,62;919,6,4
estrada||corrego criciuma div com nebli|corrego criciuma|29395000|29,-2023107,-4162033
estrada||corrego dos perdidos 2|santa maria|29395000|34,-2026381,-4150784;37,-168,56;41,269,-8;42,12,136;47,286,280
estrada||corrego dos perdidos|santa maria|29395000|78,-2027395,-4148954;82,650,-890;83,-97,-258;86,37,152;88,573,309;92,110,149;101,-504,403;102,-248,-144;109,-1320,228;111,-217,16;112,842,302
estrada||corrego feliz mudanca|feliz mudanca|29395000|12,-2027011,-4153207
estrada||da saibeira|cabeceira do rio pardo|29395000|153,-2022033,-4145791
estrada||das perobas|perobas|29395000|116,-2025893,-4153960
estrada||dep d seador do jac nune 1 ent|corrego santa maria|29395000|93,-2024214,-4149403
estrada||descendo para posto fiscal|posto fiscal|29395000|7,-2021294,-4159122
estrada||descida para santa clara 2|santa clara|29395000|9,-2023218,-4159224
estrada||do corrego sao joao do alto ines|alto ines|29395000|150,-2021776,-4143869
estrada||do sitio do seu onideo|corrego santa maria|29395000|84,-2025756,-4148996
estrada||dpos da encruzilhada lado esqu|santa maria de cima|29395000|222,-2025602,-4147456;223,141,181
estrada||entrada da escola|santa clara|29395000|1,-2024928,-4157279;165,-1192,203;166,748,240
estrada||entrada depois posto policial|santa clara|29395000|5,-2022047,-4158879
estrada||loteamento de santa clara|santa clara|29395000|18,-2023786,-4158090
estrada||para bom sucesso|santa maria|29395000|1,-2024243,-4151265
estrada||para cambraia|cambraia|29395000|45,-2025267,-4152514;46,-2,10;69,459,459
estrada||para cambraia|chacara do soniter|29395959|2,-2024030,-4151518;6,0,50;7,-11,1;9,-24,-6;11,49,-11;14,7,22;15,7,-7;21,7,-9
estrada||para cambraia|loteamento do arvarino|29395000|6,-2024109,-4151581;8,-62,-29
estrada||para cambraia|loteamento gilda toledo e chacara do so|29395000|23,-2024081,-4151594;100,6,18
estrada||para corrego dos almeida|corrego dos almeidas|29395000|43,-2023604,-4156977
estrada||para corrego dos almeida|santa clara|29395000|40,-2023915,-4157108
estrada||para o antigo paraiso do lazer cambraia|cambraia|29395000|32,-2024682,-4153008;36,126,155
estrada||para o corrego cancao 2 pedaco|santa maria de cima|29395000|12,-2026514,-4146646
estrada||para o loteamento da iracilda|cambraia|29395000|77,-2024491,-4151627;83,-43,-45;85,152,233;86,-14,-33;88,-168,-233;91,171,272;92,7,42;94,-26,19
estrada||para santa maria|bairro novo horizonte|29395000|1,-2024032,-4151168;5,39,7;8,-173,-38;9,4,-1;10,-4,3;11,23,9;12,14,12;201,110,7;202,0,0;301,0,0;302,0,0;337,19,-4;401,-19,4;402,0,0
estrada||para santa maria|novo horizonte e santa maria|29395000|1,-2024203,-4151226;3,-23,-24;7,-9,-10;18,32,34;20,26,1;21,-10,8;22,0,0
estrada||para santa maria|santa maria|29395000|28,-2024208,-4151230
estrada||para tiao ricardino|santa clara|29395000|13,-2020775,-4155416
estrada||pedra tia barbara|santa maria|29395000|121,-2027278,-4148281;132,166,906;135,-136,95;136,-154,645;137,-218,-518;138,-76,3;142,-29,137;146,59,875
estrada||perobas sitio claudio moreno|perobas|29395000|59,-2025421,-4154480
estrada||pra escola santa maria|santa maria de baixo|29395000|191,-2025669,-4148179
estrada||primeira entr para cachimbo|alto criciuma|29395000|19,-2021783,-4165065
estrada||principal de alto criciuma|alto criciuma|29395000|76,-2023998,-4166532;78,-125,-251;80,-66,42
estrada||que dece ate o terreiro do nes|santa maria de cima|29395000|25,-2026583,-4146045
estrada||que sai no ze d brejo 2 pedaco|corrego santa maria|29395000|61,-2024311,-4149981;63,3,366
estrada||que vai pro ze do brejo|corrego santa maria|29395000|78,-2025308,-4149138
estrada||saida para localidade carangolas|lacerda e boa vista|29395000|7,-2022609,-4149439
estrada||santa maria de cima|santa maria de baixo|29395000|30,-2025599,-4146403
estrada||santa maria de cima|sitio tita barba|29395000|31,-2025769,-4146274
estrada||sem denominacao 2|sao sebastiao|29395000|1,-2022873,-4149978
estrada||taticos|alto criciuma|29395000|66,-2024190,-4166421
loteamento||apos a serraria do iguinaldo|carangola|29395000|1,-2022215,-4149154;2,11,1;3,2,-13;4,6,-5;5,5,-12;6,3,-1;7,5,-15;8,12,-11;9,-5,-2;10,8,-10
praca||davi gomes|bairro centro|29395000|10,-2023453,-4151118;13,-24,-19;26,19,5;34,-6,-11;74,-17,14;78,-13,5;80,-11,0
praca||francisco carlos|centro|29395000|9,-2023513,-4150971;27,7,13;317,0,14
praca||jose gregorio|sao sebastiao|29395000|4,-2022791,-4150116;5,-1,6;10,1,-8;50,-1,-24
rodovia|sao|br262 joao|alto ines|29395000|150,-2021566,-4143090
rodovia||br 262 alto ines|alto ines|29395000|69,-2021638,-4142039;72,-252,24;147,133,-12
rodovia||br 262 bica bar|bica bar|29395000|62,-2022612,-4146312
rodovia||br 262 em frente dep da aracruz|trevo da aracruz|29395000|155,-2022778,-4148412;156,-187,-33
rodovia||br 262 em frente entrada da saibera|corrego sao jose do meriti|29395000|47,-2022188,-4146765;48,8,-30;153,-245,613;154,226,-8;155,-191,-595
rodovia||br 262 entrada apos chacara 3g|corrego sao jose do meriti|29395000|153,-2021620,-4145782;154,-255,-161;155,-487,-852
rodovia||br 262 entrada para chacara 3g|cabeceira do rio pardo|29395000|154,-2021304,-4145452
rodovia||br 262 entrada para chacara 3g|corrego sao jose do meriti|29395000|30,-2021395,-4144562
rodovia||br 262 entrada para o imbirucu|alto ines|29395000|147,-2021283,-4142046
rodovia||br 262 fazenda do dico ribeiro|antiga fazenda do dico ribeiro|29395000|116,-2021094,-4145172;152,-182,-27;153,-689,270
rodovia||br 262 km 155|ent para sitio do figueredo|29395000|155,-2022724,-4147572
rodovia||br 262 viveiro de cafe|viveiro do moacir|29395000|155,-2022621,-4147092
rodovia||br 262|cabeceira do rio pardo|29395000|154,-2022604,-4146734
rodovia||br 262|corrego dos aleixo|29395000|38,-2022745,-4146988;153,-241,-809;154,12,147;155,114,332;156,144,268
rodovia||br 262|corrego resgate|29395000|176,-2027546,-4163845
rodovia||br 262|corrego santa isabel|29395000|20,-2025872,-4158714;25,290,-177;169,-750,695;170,173,-1314
rodovia||br 262|corrego sao jose do meriti|29395000|3,-2022034,-4145926;151,637,702;152,41,-235;154,-394,-509;155,-607,-1019;156,-391,-323
rodovia||br 262|ent para sitio do figueredo|29395000|154,-2022715,-4147634
rodovia||br 262|imperio da sucata|29395000|153,-2022760,-4147038
rodovia||br 262|neblina|29395000|173,-2026998,-4162536
rodovia||br 262|primeira entrada depois da curva ferro velho fialho|29395000|156,-2022609,-4146788
rodovia||br 262|primeira entrada depois da curva|29395000|155,-2022633,-4146785
rodovia||br 262|santa clara|29395000|166,-2025362,-4156791;168,-560,-445
rodovia||br 262|santa izabel|29395000|169,-2026478,-4158571;172,-418,-2215
rodovia||br 262|trevo da aracruz|29395000|146,-2022319,-4141750;147,554,-464;148,52,-733;149,40,-115;153,-86,-2613;154,-1127,-1744;155,-73,-282;156,-103,-702;158,-100,200
rodovia||cafe teero|corrego vista alegre|29395000|180,-2029275,-4167982
rodovia||pedro paiva es 441|santa clara|29395000|1,-2024982,-4156820;2,241,-737;4,1733,-641;5,437,-44;7,1085,-1015
rua|marechal|rondon|centro|29395000|8,-2023506,-4150960;14,-3,29;21,-30,26;23,18,-35;28,5,28;33,-7,-24;34,-10,22;35,-3,-23;43,-4,2;44,28,14;52,-53,-9;53,19,10;60,-9,7;61,7,1;71,-3,8;74,8,6;86,-9,2
rua|nossa senhora|do rosario|bairro brasil novo|29395000|1,-2023728,-4150352;19,59,-33;36,-57,35;163,164,-118;171,-3,-9;203,13,42;213,-33,-27;225,-13,18;233,-2,1;251,-14,13;257,-11,8;273,-8,8;287,1,0;311,-27,-3;331,-3,26;375,-15,1;445,-7,8;465,-5,9;474,-27,15;475,9,-7;476,-9,3;485,2,5;495,0,-1
rua|nossa senhora|do rosario|brasil novo|29395000|5,-2023511,-4150518;26,45,-33;31,-71,61;33,-7,-11;34,38,-27;37,-8,21;39,70,1;40,1,-8;42,-32,-25;50,1,15;58,4,20;92,-32,-8;102,-15,7;114,-59,81;115,46,-72;122,15,8;125,-22,-6;132,-51,38;160,52,-34;174,-24,21;182,-1,0;200,-8,6;214,-27,13;226,-6,0;232,-7,19;250,-19,-5;260,1,10;272,-17,11;286,-5,6
rua|nossa senhora|do rosario|centro|29395000|312,-2023654,-4150387;326,-25,-3;336,-4,11;344,-5,3
rua|professora|izabel lopes valinhos|loteamento do alvarino toledo|29395000|1,-2024231,-4151545;3,5,-19;4,8,-7;5,-18,26;6,32,-47;7,-46,75;14,2,-7;30,26,-47
rua||1 de maio|bairro vila nova|29395000|1,-2023204,-4149585;2,-66,-31;3,8,1;6,-69,-9;7,40,-5;9,16,-6;10,13,15;12,-8,-1;13,-10,-10;15,60,34;30,16,-1;74,-31,-7;105,-50,-12;152,-30,8;172,1,-20;200,-17,-9;210,-17,-10
rua||12 de outubro|bairro vila nova|29395000|1,-2023334,-4149509;2,29,-76;3,-5,15;4,5,-10;5,-4,1;6,-10,45;7,14,-75;9,-27,110;10,47,-155;11,-3,18;13,-9,25;14,5,4;15,0,-29;16,-9,40;18,-11,16;21,4,7;22,-1,3;23,-7,12;27,1,-13;95,18,-68;104,-9,-6;151,5,51;158,-5,10;223,-22,74
rua||15 de novembro|bairro vila nova|29395000|6,-2023202,-4149538;7,-21,12;9,-25,0;10,12,-4;11,26,10;14,-13,-20;20,-58,25;21,-2,-15;24,-39,-26;64,74,29;65,5,9;72,17,0;73,-1,-2;74,-28,-13;91,-39,-14;125,-4,4;154,-35,-23;164,-31,-3;168,33,8
rua||19 de abril|vila nova|29395000|5,-2023201,-4149809;7,-41,-10;9,44,7;10,59,6;11,-60,-13;15,41,4;18,47,-1;22,-134,2;24,2,-1;26,127,0;27,-10,-2;28,1,1;37,-3,5;46,-2,-3;47,-3,-3;55,-13,5;66,-102,-12;75,87,8;78,1,4;95,-23,-4;108,1,10;109,-3,-8;124,-21,-7;125,3,13;144,-22,-15;187,-34,13;193,6,-2;195,-16,2
rua||20 de setembro|bairro vila nova|29395000|2,-2023349,-4149550;3,9,-47;4,12,-34;5,-12,24;6,4,6;7,-16,50;8,-2,-12;9,4,-14;10,11,-46;11,18,-16;22,-54,98;23,2,34;54,48,-170;124,-4,65;135,-14,2;164,7,54;225,-32,12
rua||21 de abril|bairro vila nova|29395000|5,-2023172,-4149671;12,-30,-11;13,16,2;14,15,19;15,-14,-10;16,15,-3;80,-44,0
rua||24 de outubro|bairro vila nova|29395000|1,-2023288,-4149519;2,30,-81;3,0,7;4,25,-80;5,-1,9;9,-8,27;12,-27,89;13,13,-60;14,-27,116;15,-16,12;18,30,-84;19,2,-4;90,18,-88;104,10,18;116,-1,9;155,-12,40;158,-10,-6;170,1,17
rua||25 de dezembro|vila nova|29395000|8,-2023238,-4149775;11,23,2;13,15,3;16,24,2;19,38,-6;22,-138,-2;24,158,-4;26,-110,6;30,98,-11;32,13,17;33,-24,2;36,-17,-22;37,38,13;38,-51,-8;39,-7,4;40,-31,2;41,-31,-2;58,96,7;67,-19,-5;68,23,7;86,-70,-7;87,28,1;96,-8,5;97,-2,-3;106,-4,0;116,-11,-3;135,-21,2;145,-2,7;190,-41,-10;208,-23,2;215,0,1;221,-5,2
rua||29 de outubro|loteamento do arvarino|29395000|6,-2024178,-4151447;7,1,1;8,9,-4;9,3,9;25,-56,-33;26,-8,-5;27,-1,-1;28,11,14;32,43,3;37,6,17
rua||29 de outubro|loteamento do varino|29395000|26,-2024206,-4151469
rua||31 de janeiro|sao jose|29395000|53,-2023168,-4150986
rua||8 de marco|bairro vila nova|29395000|1,-2023392,-4149537;10,18,-82;11,21,-40;13,-17,28;18,-12,55;19,1,-11;157,30,4;164,-6,12
rua||adenir goncalves ferreira|novo horizonte|29395000|19,-2023784,-4150897;63,-10,0;71,37,-25
rua||adriana campos de aquino|bairro centro|29395000|7,-2023147,-4151121;17,12,-11;18,-16,16;358,-4,-9
rua||afonso claudio|bairro boa esperanca|29395000|10,-2023299,-4150517;12,-56,-74;202,70,133;609,-123,-224;627,17,14;628,1,1;633,-3,1;634,9,5;643,3,10;644,5,-7;651,-17,19;653,21,-1;654,8,4;667,-8,9;677,14,7;699,3,16;709,-2,12;725,9,18;753,-12,26;759,40,13;769,9,8;793,8,-8;819,-19,39;821,34,12;833,0,16;849,37,-8
rua||afonso claudio|bairro centro|29395000|331,-2023504,-4150923;345,5,5;355,10,5;359,-3,13;377,3,10;379,10,7;395,7,17;415,5,33;425,-3,-2;433,5,0;449,-1,23;451,16,20;465,18,-4;479,-2,-1;493,-9,30;509,10,5;521,-1,3;533,-12,21;537,26,-2;548,-12,19;573,30,-1;585,1,13
rua||afonso claudio|bairro floresta|29395000|1,-2023036,-4149751;2,5,-6;12,15,-68;16,11,-15;17,5,-17;36,16,-36;42,3,-108;45,-13,-21;114,-42,251;853,-234,-669;869,17,19;879,-6,8;889,19,6;899,3,13;907,2,3;911,22,-3;919,-20,21;929,8,6;939,25,7;949,-7,-2;953,-17,23;959,40,-1;1060,68,69;1080,-13,42;1267,138,218;1287,-7,28;1297,18,12;1300,-4,5;1320,-11,26;1340,-16,19;1410,-11,131
rua||afonso claudio|bairro trocate|29395000|29,-2023054,-4149692;2002,8,-30
rua||afonso claudio|centro|29395000|23,-2023500,-4150931;330,4,2;348,9,17;378,1,18;380,15,12;472,35,96;494,11,3
rua||afonso claudio|floresta|29395000|72,-2023070,-4150153;1110,-37,-58;1118,-2,-4;1120,8,17;1130,8,4;1145,11,14;1150,2,6;1157,-2,8;1177,18,34;1182,15,24;1197,4,-14;1207,13,30;1217,11,15;1227,14,8
rua||afonso claudio|floresta|29395959|155,-2023141,-4150286;1000,-23,-52;1011,-2,26
rua||agenor correa|centro|29395000|15,-2023606,-4151139;21,-7,11;23,3,-2;26,-10,20;30,20,-14;32,-13,6;35,-8,-2;51,-6,7
rua||agenor joao da silva|loteamento do arvarino|29395000|1,-2024192,-4151424;2,15,-46;3,-7,12;4,-1,-1;5,-6,16;6,11,-19;7,8,-49;8,6,0;14,40,-39;19,-28,19;21,11,-3;22,-25,31;23,-5,12;24,-1,14
rua||agib pereira de souza|bairro centro|29395000|15,-2023489,-4151204
rua||agib pereira de souza|bairro comercio|29395000|21,-2023484,-4151207;25,5,-14
rua||alaecio lopes campos|sao sebastiao|29395000|24,-2022825,-4150186;25,13,8;28,0,11;54,-12,-20
rua||alberto bernado dos santos|bairro brasil novo|29395000|30,-2023530,-4150426;52,-22,32;62,-14,-6;72,-10,6;102,-23,9;114,-1,17;132,-7,3;150,-6,-6;176,-9,33;180,-14,2;182,-6,-3;186,-17,1;190,-1,4;200,-3,12;226,-28,18;236,-7,-11
rua||alberto bernado dos santos|brasil novo|29395000|5,-2023532,-4150420;31,4,-7;37,-11,20;51,-17,5;61,-9,14;71,-5,2;73,-17,16;111,-12,-2;117,-21,0;127,4,13;137,4,5;151,-12,0;153,-16,8;157,5,2;175,-18,12;185,-6,2;195,-3,10;215,-11,-5;217,0,7;223,-32,18;317,162,-106
rua||amancio teixeira|bairro boa esperanca|29395000|15,-2023347,-4150624;20,-2,-19;23,24,18;26,-2,24;30,-6,-32;33,9,4;40,-7,-12;84,42,-10;87,4,-1;90,3,-6;93,5,-2;98,3,0;101,3,-2;102,4,-13;104,4,5;107,-4,7
rua||amancio teixeira|boa esperanca|29395000|3,-2023218,-4150692;5,-31,15;112,29,-19;121,-5,18;122,-23,-5;125,62,10;190,-63,5
rua||americo gomes pereira|novo horizonte|29395000|13,-2023973,-4150919;18,76,14;23,-22,-2;24,-15,2;34,-11,-1;36,-13,-1;138,152,46;139,11,9;142,-10,-7;145,-14,-5;197,-55,-29
rua||anastacia maria da conceicao|sao jose|29395000|8,-2023268,-4150982;10,-14,-16;12,-11,-7;30,9,-14;38,61,33;51,-76,-31;61,-3,13;63,8,2;82,34,21;92,14,9;101,-32,-20;112,41,28;120,23,-11;121,-36,3;131,10,-4;145,-32,-4;161,51,28;171,2,7
rua||angelo colombo|novo horizonte|29395000|22,-2023866,-4151125;32,38,-5;45,0,-8;50,1,-9;51,-25,-21;57,49,22;60,-42,-11;70,31,-8;73,-3,18;83,29,-19;97,0,-17;99,-4,-17;101,1,-2;107,-48,16
rua||aniceto sudre de assis|bairro novo horizonte|29395000|8,-2023938,-4151000;9,2,-3;13,-18,-25;15,12,9;18,9,21;19,-16,-4;20,8,-11;31,-4,-12;36,-3,8;39,-3,-8;40,0,-1;49,-9,-11;52,0,-2;55,10,-6;62,-16,2;63,-2,-7;69,-2,-10;74,51,70;83,-48,-65;88,-6,33;100,11,-8;104,-9,5
rua||antonio da silveira|bairro novo horizonte|29395000|74,-2024040,-4150900
rua||antonio estevao|bairro novo horizonte|29395000|8,-2024018,-4150887;9,2,-1;107,-1,-14;110,-3,-11;111,0,-2;114,-4,2;115,-2,-8
rua||antonio francisco de amorim|centro|29395000|1,-2023266,-4150857;6,-156,-148;14,7,-2;20,-3,-7;34,28,15;48,8,8;50,7,11;54,61,76;64,-68,-86;71,114,162;78,-98,-157;84,6,15;100,11,0;110,8,16;120,-2,2;130,4,7;134,8,7;138,12,25;140,2,9;156,-7,-28;166,1,8
rua||antonio francisco de amorim|sao jose|29395000|21,-2023381,-4151027;31,-22,19;45,-2,21;46,15,-3;73,2,8;81,38,22;83,10,12;85,1,4;93,5,6;101,10,29;107,9,3;113,-14,-27;117,27,33
rua||antonio mendes|bairro brasil novo|29395000|1,-2023572,-4150449;2,3,4;32,26,31;129,-24,-33;140,-2,4;150,3,10;157,7,1;160,10,14;165,-10,-3;203,-23,-41
rua||antonio mendes|brasil novo|29395000|14,-2023537,-4150384;17,1,1;28,-127,-189;30,6,10;34,9,3;35,-14,-16;39,7,0;41,5,13;43,-2,4;49,2,6;50,37,25;52,-29,-23;55,22,42;57,4,-4;61,-7,21;72,4,-17;88,13,-2;89,-7,21;99,-7,-27;100,13,28;108,6,6;109,13,8;117,1,13;120,-3,-23;193,48,98;249,3,2;268,-1,-12;321,-87,-140;333,110,156
rua||antonio ribeiro|sao sebastiao|29395000|2,-2022736,-4150192;3,-11,-57;4,4,57;10,-10,-3;15,-12,29;34,13,-14;37,-12,-11
rua||antonio teodoro da silva|bairro novo horizonte|29395000|19,-2023969,-4150974;20,3,8;27,-7,-17;28,1,8;35,-8,-6;36,2,-2;42,-1,-1;45,-1,0;48,-6,-7;50,-7,-7;51,-2,2;60,5,-3;61,1,-1;64,-4,-3;73,11,4;76,-15,-9;83,5,10;87,-10,-15
rua||aristides theodoro de almeida|bairro ype|29395000|9,-2022914,-4151153;12,-6,49;22,6,-3;32,1,-9;42,1,-14;45,8,-2;52,-5,-15;55,0,2;72,5,-13;75,-11,-5;82,15,-5;85,-11,3;92,6,-23;95,-9,1;101,17,86;102,-9,-13;103,-2,4;201,-26,14;202,23,-7
rua||arminda dias de carvalho|bairro floresta|29395000|25,-2023088,-4150250;35,16,0;67,3,0
rua||arminda dias de carvalho|floresta|29395000|1,-2023030,-4150292;2,-30,-30;3,25,13;9,39,-1;10,-85,57;37,1,1;39,2,-9;40,11,1
rua||armindo jose|bairro novo horizonte|29395000|9,-2024024,-4150880;10,148,-198;12,10,5;16,-6,-7;18,0,26;20,-1,6;30,-15,2;36,-3,5;37,-100,131;40,83,-97;45,40,-67;52,-22,36;56,-3,-59;57,-18,20;60,7,57;70,-11,18;71,-109,163;78,90,-137;81,-95,137;102,74,-119;104,-2,8;120,-22,20;280,-38,38;294,16,-19;300,-24,52
rua||armindo jose|novo horizonte|29395000|13,-2023925,-4150983;19,41,-91;21,4,22;31,6,-3;33,-1,16;35,-7,-8;39,-8,9;45,-5,7;61,-9,12;65,1,7;69,-1,-2;73,-6,8;83,-10,9;89,-27,24;97,-6,5;103,-10,16;105,-10,14
rua||armiro tome de aquino|bairro ipe|29395000|81,-2023064,-4151016;111,-21,-13;366,9,2
rua||armiro tome de aquino|ipe|29395000|14,-2023010,-4150982;59,5,-17;60,-10,15;65,-14,-26;66,-9,-1;69,1,5;70,-6,2;76,-33,-10;77,1,-10;80,12,2;87,-6,2;108,-24,-14;110,10,9;135,31,25;136,-7,-9
rua||astrogildo s de assis|bairro trocate|29395000|1,-2023038,-4149518;3,-16,4;21,-50,13;31,12,-3;41,5,1
rua||augusto angelo de souza|bairro novo horizonte|29395000|8,-2023977,-4150954;9,-5,0;15,12,17;20,-17,-23;21,1,1;26,-12,-16;27,4,9;28,-3,-2;31,-7,0;32,5,-3;39,-4,-1;47,-3,-8;78,-3,-17
rua||cantidio roberto de moraes|novo horizonte|29395000|51,-2023683,-4150909;67,-7,6;75,-9,-1;83,-2,-11;97,5,-6;105,-9,-2;111,-13,-3;117,7,-21;125,-2,-1;127,4,-11;129,-8,-5;135,1,-1;139,-18,-8;141,-5,-9;145,2,-9;147,5,-12;149,-7,0;151,-4,-28;153,4,-3
rua||cantidio roberto moraes|novo horizonte|29395000|19,-2023675,-4150888;58,-3,-4;72,-6,-5;78,-2,-17;96,-9,-15;106,-11,-8;118,-6,-4;122,2,-11;130,-15,4;134,-4,-12;140,-3,-13;144,-3,-11;146,1,-8;300,32,68
rua||carmo dias de carvalho|floresta|29395000|25,-2023225,-4150202;34,-7,10;35,6,4;45,0,-1;46,-10,-7;52,12,-10;53,-18,-6;56,-5,-5;64,1,-5;65,-11,-6;74,11,-11;75,-3,7;77,-4,-2;79,-2,-4;83,-11,-6;86,0,-10;135,23,56;187,-15,-51
rua||ceciliano dias de carvalho|brasil novo|29395000|11,-2023384,-4150081;202,45,-23;210,-8,7;218,-3,17;230,-22,-9;240,-1,2;260,-17,8;270,-2,12;280,-12,-2
rua||ceciliano dias de carvalho|floresta|29395000|1,-2023420,-4150061;3,-24,0;4,5,-16;13,129,-57;16,113,-40;19,-270,132;21,-15,8;23,214,-113;24,2,-6;25,-5,-4;26,1,-3;29,-51,39;33,117,-64;35,-26,22;41,20,0;45,-42,-1;57,-33,19;59,-4,-13;90,42,-4;92,6,24;93,-9,-20;101,-10,-6;106,14,32;121,-23,0;122,65,-49;131,-229,126;132,161,-75;142,-14,-2;147,91,-62;149,-96,59;151,81,-27;152,-88,33;153,-4,-8;157,4,-2;162,-5,7;173,-12,6;181,-11,7;182,1,-1;207,-22,26;219,-6,-10;229,-10,7;241,-15,-3;251,-4,16;261,0,4;271,-8,4;281,-16,3;311,-23,1;312,5,10;341,-19,5
rua||cecilio freitas|bairro trocate|29395000|1,-2023043,-4149433;2,-20,-6;3,-2,1;4,6,6;5,-5,-4;26,-38,8;56,-16,-2
rua||cirilo alcantara|sao jose|29395000|16,-2023294,-4151053;17,1,12;20,-26,-37;22,35,49;29,-2,-9;35,5,8;37,55,44;39,-49,-38;42,71,62;43,-1,15;51,-71,-77;55,16,12;71,6,-2;80,-22,-10;86,5,5;88,8,8;100,20,7;106,13,15;108,3,3;114,12,9;120,1,3;190,-6,-8
rua||claudio machado da silva|bairro boa esperanca|29395000|9,-2023146,-4150493;11,19,7;13,3,-16;15,-8,-4
rua||cleuza g souza|sao sebastiao|29395000|12,-2022843,-4150161;32,19,8
rua||cleuza goncalves souza|sao sebastiao|29395000|1,-2022924,-4150276;2,-7,1;3,8,5;4,13,-18;5,-9,29;6,-5,5;7,17,2;8,-4,10;10,33,31;11,26,-15;12,-14,18;13,-9,8;18,19,2;19,0,17;21,-7,-9;22,15,23;23,-19,-23;24,27,35;25,-7,-19;26,-67,-59;27,12,1;28,4,-1;29,-4,-1;30,-3,2;31,-3,-40;33,-12,-2;35,-12,-7;101,46,73;111,3,2;112,-4,-12;133,-18,4;135,54,38;145,-62,-68
rua||cleuza rodrigues colombo|bairro centro|29395000|10,-2023479,-4151158;13,9,-7;20,-9,-2;28,-6,0;38,-6,-10;50,-11,-11;55,11,3;70,-18,-7;80,-3,-10;88,-6,-10;97,4,-19;98,16,-10;99,-16,0;101,-3,4;108,-9,6;120,-5,-7;123,-3,-14;126,-7,0
rua||corina assis dias|sao sebastiao|29395000|12,-2022698,-4150174;40,-54,32;50,8,12;70,22,-22
rua||cristiano pinto|bairro brasil novo|29395000|40,-2023627,-4150368;59,-2,6;62,-6,-10;71,1,3;72,-2,-15;73,-1,6;78,-4,-10;83,-4,-2;92,-12,8;311,9,-11
rua||cristiano pinto|brasil novo|29395000|20,-2023619,-4150342;33,4,25;120,-44,-113;142,-5,-31
rua||cristiano pinto|centro|29395000|107,-2023658,-4150401;115,7,-13;121,-22,-11;127,-5,-5;129,-5,-2;149,-3,-9
rua||davi galote|chacara do soniter|29395959|4,-2024029,-4151405;5,5,-9;6,10,-20;26,12,-4
rua||davi gomes de oliveira|novo horizonte|29395000|23,-2023899,-4150743;115,-51,-25;120,53,24;125,1,-9;127,37,22;129,17,11;151,-75,-35;156,-37,-12;168,14,7;278,-26,-9
rua||davi gomes oliveira|brasil novo|29395000|177,-2023768,-4150698;250,-14,1;266,17,6
rua||davi gomes oliveira|novo horizonte|29395000|144,-2023820,-4150717;152,0,-3;174,7,15
rua||delfino a carlos|floresta|29395000|1,-2022894,-4150164;2,-23,20;28,-51,28;29,21,-23;30,52,-23;31,-14,18;38,-61,32;41,-10,0;58,47,-29;90,15,-17;753,-28,24
rua||dezair delfino fialho|bairro centro|29395000|19,-2023687,-4151313;53,9,-1
rua||dezoito de outubro|sao jose|29395000|10,-2023395,-4151071;29,19,-3;30,3,-5;32,-26,64;39,33,-62;42,1,0;45,2,-7;46,124,17;49,-121,-17;52,2,4;59,8,-8;62,0,6;67,8,-2;72,28,76;78,-9,-79;87,-7,-3;95,12,0;107,5,1;108,168,40;110,-167,-20;113,12,-19;114,75,23;115,2,-4;117,-76,-16;119,117,24;120,2,-3;123,-13,16;124,-6,-12;125,-97,-25;126,58,20;133,-49,-16;136,24,12;138,-22,-9;143,12,-4;144,98,29;150,-98,-27;155,3,3;160,9,4;183,19,3;195,14,6;234,36,16;300,57,-4;301,14,4;305,-1,-5;310,-8,5;549,-97,-9
rua||dimas ambrosio trindade|bairro centro|29395000|36,-2023470,-4150950;46,13,1
rua||dimas ambrosio trindade|centro|29395000|4,-2023369,-4150932;5,-46,-16;6,69,56;7,-20,-24;16,37,43;22,-150,-74;31,-4,13;49,24,-8;55,14,6;77,24,-9;86,-12,-5;92,26,-7;98,16,0;102,24,32;112,-4,-13;116,-13,6;117,-8,-28;123,18,14;124,15,45;125,-1,-14;129,-7,-9;135,3,5;142,20,40;149,-15,-35;171,5,11;173,3,8;175,2,5;179,7,17;181,4,7;317,-138,-11;370,-2,-75
rua||dorcelina santos de jesus|bairro lacerda|29395000|1,-2022654,-4149451;2,7,5;3,10,13;4,-3,-16;5,-14,17;8,-9,8;10,18,-23;12,-14,7;15,17,-14;18,-19,22;19,-4,-6;20,-5,24;21,-5,-4;22,-11,14;23,7,-4;27,33,-18;54,-50,30
rua||edberto scussulim|brasil novo|29395000|17,-2023800,-4150685;27,-10,10;39,2,15;196,12,-31
rua||edberto scussulim|novo horizonte|29395000|16,-2023805,-4150682;26,1,-1;40,-7,9
rua||elias alcure|bairro centro|29395000|10,-2023441,-4151108;55,13,-4;63,8,-10;73,9,4;85,15,-3;97,5,0;107,16,-2;123,9,-12;143,8,-8
rua||elias alcure|centro|29395000|7,-2023438,-4151101;56,19,-7;66,-1,-17;74,10,4;96,21,-7;104,-4,-2;110,18,-7;120,10,3;134,8,-11;140,8,-1;150,10,-5;154,-2,2
rua||eucarlinda s de souza|bairro centro|29395000|7,-2023085,-4151143;55,-3,-12;63,4,-1;73,1,-17;81,3,-5
rua||eucarlinda s de souza|bairro ype|29395000|43,-2023074,-4151178;48,-4,17;60,-7,18;64,1,0;66,-3,22;83,-6,7;88,6,-22;94,10,-25
rua||euzebio florindo de freitas|centro|29395000|25,-2023568,-4151106;26,-8,9;28,2,-15;29,11,-7;37,-6,-18;38,-61,-60;41,58,60;45,4,1;51,-25,-13;52,16,27;54,-6,-9;73,-10,-15;83,3,-6;101,-21,-16;115,-1,-13;127,8,-3;130,-12,-8;131,-3,3;140,-4,-5;147,-3,-21;150,1,5;170,-14,-30;191,-7,-2
rua||francisco antonio dias|bairro trocate|29395000|1,-2023033,-4149486;2,-7,2;29,-81,29;112,31,-13;121,-19,10;134,32,-19;139,-10,9;152,14,-8;156,3,-4;161,-8,10;162,29,-8;165,-17,8;175,17,-1;185,-1,-6;191,8,2
rua||francisco dias de carvalho|bairro boa esperanca|29395000|15,-2023251,-4150501;18,-35,22;20,49,-56;21,90,-52;23,-138,80;26,66,-36;30,80,-43;31,-131,76;32,-24,-15;39,31,7;46,-10,19;74,48,-43;75,-3,13;87,-12,-14;88,2,5;95,19,-25;102,20,16;103,-29,-55;110,33,54;129,1,-8;144,4,-6;151,13,-14;158,2,6;159,7,-12;164,-2,4;165,-24,-58;171,30,60;175,11,-3;183,13,-14
rua||francisco noia|brasil novo|29395000|22,-2023558,-4150718;31,52,92;40,0,-7;43,-20,15;50,-1,6;51,2,-2;56,-9,6;63,-14,10;84,-8,-27;94,0,28;116,-4,2;119,-6,8;121,-4,3;131,-11,2;138,9,-3;146,-8,-2;160,-3,8;171,0,8;178,-7,0;182,0,1;183,-18,16;208,-8,-34;217,11,39;228,-9,-3;231,-5,-1;238,-1,5;300,-2,2;309,-10,21;310,2,-11;328,-12,3;338,-5,3;343,-17,0;347,20,4;350,-10,3;356,-12,11
rua||gislayne trindade da cruz|loteamento do alvarino toledo|29395000|28,-2024213,-4151489;33,-3,8
rua||gislayne trindade da cruz|loteamento do arvarino|29395000|11,-2024202,-4151499
rua||gregorio aquino de oliveira|bairro novo horizonte|29395000|13,-2023916,-4151111;20,-19,15;23,14,-2;28,-2,-3;29,-1,7;34,-4,-4;39,0,7;51,-10,1;59,0,6;60,-13,2;69,3,8;70,-8,6;79,2,-12;80,-14,14;81,5,1;82,-8,-2;83,2,9;87,-6,10;92,3,-7;102,-12,5;121,-15,10;122,13,-8;134,-6,2
rua||guilhermina freitas cesar|floresta|29395000|9,-2023397,-4150040;10,8,17;11,16,11;13,-26,-45;19,-8,1;62,10,15
rua||heitor batista miranda|novo horizonte|29395000|21,-2023735,-4150888;28,10,11;41,-16,-38;52,7,20;70,-4,-5;71,-9,-25;79,16,51;96,-9,-34;100,-7,-24;104,5,15
rua||horondina rocha|sao sebastiao|29395000|2,-2022744,-4150230;4,59,-47;6,-35,25;10,-44,48;34,12,-5;36,2,-4
rua||idefonso rodrigues de paula|bairro boa esperanca|29395000|16,-2023299,-4150569;26,2,3;32,5,13;58,109,-59;68,-61,34;74,-10,-20;79,-30,1;80,55,-18;86,-6,14;122,24,-11;134,40,9;142,-4,-14;146,31,50
rua||idefonso rodrigues de paula|boa esperanca|29395000|2,-2023228,-4150603;113,8,-2;121,4,-9;129,10,0;135,8,-7;141,7,-2
rua||idelfonso rodrigues de paula|bairro boa esperanca|29395000|15,-2023312,-4150552;57,52,-27;61,4,-9;69,8,3;77,10,-4;85,5,1;91,4,4
rua||ilza silverio da silva|chacara do soniter|29395959|10,-2024001,-4151382;14,-32,51
rua||joao alves moreno|bairro lacerda|29395000|3,-2022774,-4149524;8,-9,10;9,22,-23;11,16,-11;31,-12,37;44,-18,-14;50,-23,16;52,48,-20;65,-38,24;71,-6,9;82,32,-42;85,-15,18;86,-4,2
rua||joao ananias|sao jose|29395000|8,-2023136,-4150903;37,57,26
rua||joao dionizio da silveira|novo horizonte|29395000|28,-2023985,-4150697;29,-7,2;30,-1,-16;31,-3,-14;108,29,-9;118,11,22;128,5,10;166,3,26
rua||joao lucio campos|sao sebastiao|29395000|7,-2022802,-4150183;8,-3,-11;9,7,15;10,-4,-3;16,-9,-17;20,11,3;21,-6,3;22,18,13
rua||joao nunes da silva|bela vista|29395000|95,-2023842,-4151271
rua||joao nunes da silva|novo horizonte|29395000|3,-2023886,-4151234;17,-13,39;34,-1,-7;35,6,-6;38,1,-5;45,5,-3;48,2,-3;51,-2,-7;62,-1,-3;72,15,-5;75,-4,-12;85,0,-1
rua||joao rodrigues vieira|bairro centro|29395000|151,-2023341,-4151154;165,11,2;167,5,2;173,5,8;179,10,6;189,2,20;203,12,-11;205,10,-5;209,7,5;217,6,-16;223,10,12;231,5,4;239,4,4;247,14,-10;259,3,15;265,14,4;275,6,-8;295,26,9;303,9,-2;311,6,-1;319,11,3;327,5,1;337,6,4;363,14,5;371,10,-1;377,11,-6;391,-3,14;397,10,-3;405,7,6
rua||joao rodrigues vieira|centro|29395000|49,-2023286,-4151143;50,4,0;51,-5,8;156,-50,-23;170,17,13;180,7,-5;190,12,3;206,1,-3;214,25,13;220,11,-1;242,7,7;260,18,0;266,4,-5;268,6,11;274,0,7;278,7,0;280,11,-1;290,6,7;308,19,6;314,4,-5;320,11,7;326,5,-7;338,6,8;350,6,9;358,12,-6;368,11,-8;380,6,14;386,10,-16;396,6,12;400,12,7
rua||joao salomao|novo horizonte|29395000|7,-2023775,-4151081;14,1,-7;29,10,-1;31,-5,0;39,11,-18;40,-9,9;47,4,-18;48,8,-4;76,-8,9
rua||joao soares de oliveira|sao sebastiao|29395000|4,-2022772,-4150184;7,-5,-15;9,-5,-8;10,-6,-1;12,-3,6;13,2,-10;14,21,26
rua||joaquim barbosa mendes|bairro ype|29395000|2,-2022891,-4151182;15,-10,-10;17,7,5;19,15,-9;22,-2,6;23,-23,2;33,6,-10;42,79,-11;45,-63,8;53,6,4;63,5,-2;73,5,4;83,15,-10;103,12,5;113,12,-11;141,30,3;175,24,-13
rua||joaquim ferreira de souza|bairro ype|29395000|20,-2022463,-4151236;338,-13,-2
rua||joaquim jose honorio|bairro ipe|29395000|10,-2022904,-4151063;25,111,-20;37,-40,42;49,-45,0;65,41,3;67,-23,-6;77,8,7;85,11,1;117,40,-53;118,-3,34;119,-12,-1;135,3,-14
rua||jose angelo de oliveira|bairro floresta|29395000|13,-2022916,-4150097;14,27,-3;15,13,6;29,-69,29;70,-26,5;90,49,-19;172,62,-26
rua||jose angelo de oliveira|floresta|29395000|35,-2022924,-4150077;36,-12,0;37,0,5;41,-16,7;42,3,-1;43,2,5;76,10,-2;99,13,-13;109,3,-14;119,2,8
rua||jose angelo de oliveira|sao sebatiao floresta|29395000|3,-2022865,-4150095;4,4,-6;147,-23,12;157,14,-15
rua||jose augusto bezerra|chacara do soniter|29395959|5,-2023999,-4151353
rua||jose augusto da silva|brasil novo|29395000|120,-2023677,-4150625;125,-14,-28;128,3,-7;129,-25,-8;379,-80,8;395,31,-3;405,24,-11;455,38,17;475,14,19;487,5,9;505,8,30;687,-2,69
rua||jose augusto da silva|novo horizonte|29395000|12,-2023844,-4150660;26,40,4;38,78,-21;244,-197,-8;250,3,-13;255,11,26;260,-3,7;264,7,0;270,5,3;272,6,-4;282,8,-1;286,-16,-10;290,31,10;292,6,-3;306,11,7;310,4,5;315,13,-1;320,26,-4;328,-10,3;334,77,-10;350,14,-6;362,-66,14;376,-41,7;380,55,-23;384,-4,19;390,9,-4;420,14,-10;450,46,-2;468,5,10
rua||jose aureliano de oliveira|novo horizonte|29395000|10,-2023914,-4150960;20,-2,6;30,-4,23;40,-3,3;43,-9,1;87,-27,48;89,-2,97;145,18,-85;180,-20,51;181,2,9;188,-4,6
rua||jose dias de carvalho|floresta|29395000|4,-2023613,-4150788;10,358,597;40,37,67;43,5,-15;45,-23,-3;47,6,11;48,16,-25
rua||jose geraldo cabral|bairro novo horizonte|29395000|1,-2023983,-4151118;2,5,-2;3,-3,-13;4,-12,4;6,3,-2;12,-10,41;70,15,-23;73,4,-3;80,-3,13;90,-8,6;99,2,-12;102,-5,18;103,2,-2;118,-9,7;124,-9,4;127,18,-8;137,-5,8;159,-5,6;169,-7,6;331,24,-53
rua||jose moreno filho 34|centro|29395000|14,-2023471,-4151068;34,4,-10;38,22,17;56,-17,-2;58,17,21
rua||jose nunes da silva|bairro brasil novo|29395000|10,-2023531,-4150448;61,3,-11;69,-3,2;79,-6,-11;97,-4,0;153,-2,-10
rua||jose nunes da silva|brasil novo|29395000|12,-2023496,-4150410;20,-21,-23;28,16,14;29,-142,-211;30,131,202;34,-1,-8;36,-5,-14;40,6,2;42,-7,-3;50,-11,-7;58,1,-8;60,3,14;66,-26,-43;70,-1,-6;78,-8,-11;114,-19,-10;125,15,17;126,-5,-29;127,34,51;134,-47,-58;135,13,36;146,-14,-39;149,17,9;155,-9,-4;166,22,43;167,-31,-41;174,-25,-48;175,24,42;183,-8,-22;184,-28,-24;190,-4,-12;196,0,-8;201,16,30;202,-27,-38;208,29,32;211,-7,-7;223,-10,-11
rua||jose pereira|chacara do soniter|29395959|8,-2024052,-4151407;10,-10,-11
rua||jose pimentel|bairro novo horizonte|29395000|5,-2023977,-4151006;20,30,20;21,0,-10;29,-12,-4;36,-9,-7;39,-3,7;45,2,-8;46,8,7;52,-6,-6;66,-12,-5;68,1,-1;75,-9,-4;76,7,5;84,36,26;85,-46,-24;91,-7,-24
rua||jose pires de andrade|bairro ype|29395000|11,-2022865,-4151122;18,2,-4;21,-10,1;28,2,-2;31,10,-1;38,-4,-9;41,2,-14;48,2,1;51,-4,-3;61,-6,-9;68,13,-4;71,-4,-2;78,-10,-8;81,14,2;88,-2,-23;91,-4,3
rua||jose ribeiro|brasil novo|29395000|22,-2023626,-4150632;29,-4,6;33,5,-6;41,19,-8;44,-15,6;55,-15,-120;56,24,112;67,23,-8;70,-8,14;74,2,-17;79,22,-9;81,4,-13;87,2,4;187,-23,21
rua||jose ricardo mont mor|bairro ipe|29395000|79,-2023018,-4151045;99,8,5;109,20,-5;129,6,17;535,17,-6
rua||jose ricardo mont mor|ipe|29395000|13,-2023056,-4151051;18,20,25;20,17,-38;21,6,26;22,4,12;26,-63,-46;35,90,31;38,-82,-37;40,106,54;85,-135,-58;88,31,-1;95,35,37;103,53,20;106,-31,-10;110,6,3;120,1,14;176,48,-5;190,15,5;440,-108,-40;460,12,6;500,21,6
rua||luiz carlos monteiro|bairro ipe|29395000|17,-2022978,-4150974;53,-28,5;69,-18,0;133,-46,-6;145,-10,-6;177,-25,-1;183,-21,8;184,15,-1
rua||luiz carlos monteiro|ipe|29395000|22,-2022980,-4150976;112,25,5;113,-18,-1
rua||luiz crispim|centro|29395000|15,-2023448,-4151013;16,4,-4;32,-32,12;38,-38,30;39,43,-39;45,0,8;46,3,1;48,15,-4;49,-1,-7;60,24,16;62,-7,-15;269,-59,5
rua||luiz rodrigues campos|bairro boa esperanca|29395000|19,-2023257,-4150451;26,1,-8;27,1,-5;32,3,0;40,12,6;41,-18,23;46,38,-24;47,-21,-12;71,31,-12;76,4,4;79,5,-4;84,-5,-4;87,4,-29;90,6,27;93,2,0;98,10,18;103,-4,-20;104,0,-1;111,5,-8
rua||luiza dias de carvalho|bairro novo horizonte|29395000|34,-2024023,-4150968;36,-8,12;41,8,23;43,-10,-9;47,19,-24;48,8,26;50,16,8;53,-4,11;54,-4,-13;55,2,5;60,1,1;62,-16,-16;69,-2,-9;73,1,-5;74,0,14;75,-1,-29;80,-1,20
rua||manoel alcantara de oliveira|bairro boa esperanca|29395000|20,-2023382,-4150720;66,45,-10;72,5,-1;76,0,-5;88,-2,-3;93,15,1;104,4,-17;609,-80,35
rua||manoel alcantara de oliveira|bairro centro|29395000|17,-2023378,-4150707;23,5,-6;31,3,10;51,13,-24
rua||manoel alcantara de oliveira|centro|29395000|63,-2023334,-4150728;71,4,-9;79,6,-9;87,9,-4;89,-1,6;101,0,0;103,1,5;109,5,-5
rua||manoel da silveira|bairro novo horizonte|29395000|6,-2023951,-4151153;7,-6,9;24,48,25;255,28,12;269,5,-4;285,-13,-7;289,-1,6;297,-11,-6;303,-12,-12;311,-15,7;313,-10,-14;315,-9,-1;329,-23,-2
rua||manoel da silveira|novo horizonte|29395000|18,-2023871,-4151112;19,-4,-9;20,-5,5;72,86,44;104,-16,35;172,56,-1;174,-2,-1;180,0,-9;184,-7,-12;186,-11,4;194,2,-13;197,-30,-9;199,-11,13;202,-8,-36;204,25,33;212,-15,-3;220,-1,-1;224,-14,0;226,-2,4;228,-2,-14;231,11,-6;233,-5,-6;241,-13,6;244,-15,-9;247,13,-3;250,-23,-3;251,8,4;270,-20,-21;290,-23,-4;294,-16,1;298,-9,-8;306,-7,15;310,-9,-18;316,-6,-6;326,-10,-1;336,-8,-15;346,-7,4;348,-12,-13
rua||manoel de paula|floresta|29395000|1,-2023433,-4149974;2,25,-4;7,32,-24;8,3,-2;9,-2,-1;10,-5,21;31,-8,-13;33,-16,16
rua||manoel luiz trindade|bairro boa esperanca|29395000|5,-2023160,-4150479;12,-12,20;14,-20,-82;18,12,28;19,65,-33;29,-95,19;37,26,-28;38,-5,34;41,-23,-53;54,6,5;57,-4,-11;68,0,-2;69,17,-1;70,-4,2;79,-27,1;107,-13,-40;109,2,-5;112,74,139;115,-83,-137;117,7,-13;121,-12,-4;127,10,-7;151,-12,-6;175,-4,-33;189,-6,-16;202,40,113;261,-65,-142;282,95,208;322,37,74
rua||manoel luiz trindade|bairro floresta|29395000|3,-2023129,-4150397;291,22,3;372,34,72;421,-41,-65;438,12,11;460,5,28;479,14,11;505,10,19;509,-1,27;515,8,-27;516,-10,19;527,9,-3;545,17,13
rua||manoel luiz trindade|boa esperanca|29395000|21,-2023291,-4150753;71,35,57;113,34,90;114,-8,-19;116,-7,-13;120,-6,-5;144,-7,-17;198,-13,-27;200,-20,-35;220,27,9;244,-9,-10;260,-9,-6;268,-5,-6
rua||manoel luiz trindade|centro|29395000|109,-2023309,-4150772;317,3,-16;319,-8,-1;349,4,38;377,-19,-61;381,-4,-8;391,-8,-3
rua||manoel luiz trindade|floresta|29395000|1,-2022930,-4150100;3,-4,-7;5,-1,1;6,-4,2;7,-8,-7;9,3,-9;16,-44,-63;17,6,11;19,-23,-46;21,-20,-30;22,59,99;23,4,0;24,4,3;25,3,2;26,-39,-56;27,1,-1;28,42,69;44,-91,-127;45,50,61;53,50,83;55,8,20;548,-90,-161;566,-10,-15;587,0,22;596,15,-5;604,-5,20;614,22,-7;626,-9,22;645,27,11;696,16,40;700,7,14;717,-6,-10;725,14,25;753,11,19
rua||manoel luiz trindade|floresta|29395959|10,-2023165,-4150478
rua||maria a nascimento|bairro lacerda|29395000|8,-2022680,-4149454;10,7,-11;12,6,-17;17,-47,50;20,-10,9;22,29,-24;23,-21,18;28,49,-35;38,-10,-4;53,-18,24;61,-1,1;75,-13,11
rua||maria knup colombo|bairro centro|29395000|5,-2023469,-4151206;17,17,22;20,5,-2;27,-7,-10;30,1,-5;33,6,-14;36,-13,11;37,4,-11;54,-8,0
rua||maria madalena florindo|floresta|29395000|4,-2023428,-4150025;5,99,-64;6,-13,20;8,123,-54;9,-141,91;10,-4,-10;11,44,-36;14,45,-19;20,46,-35;24,-203,116;28,-10,6;29,209,-118;30,-15,17;41,5,-24;51,-3,-1;61,-12,26;66,-4,-10;70,-14,13;71,7,-1;80,-11,-1;100,-24,18;101,10,7;115,-12,-5;143,-21,15;148,-12,9;155,23,-22;158,-34,32;172,-2,-1;210,-30,32;250,-41,7;316,15,-9;321,3,-3;331,-8,5
rua||mickeil chequer|centro|29395000|15,-2023537,-4151100;30,13,1;49,-7,10;55,-17,-3;66,-13,12;71,8,-13;75,-13,18;88,-78,32;89,51,-44;90,16,20;97,-23,2;100,18,13;103,-24,-13;108,15,11;118,-7,3;122,2,-8;125,-34,3;126,21,15;146,-14,-10;147,-34,-3;149,9,3;158,19,13;160,-10,6;164,2,5;444,5,-13
rua||moacir correa|bairro centro|29395000|11,-2023709,-4151283;20,102,16;26,-12,-29;30,-19,6
rua||moacir correa|centro|29395000|25,-2023615,-4151274;31,-76,0;32,4,4;43,52,-2
rua||nacif alcure sobrinho|bairro centro|29395000|11,-2023454,-4151147;21,1,2;31,6,-10;36,2,-12;38,-1,5;45,193,1;46,-187,-17;47,10,-11;56,127,7;63,-97,-5;70,-28,-1;71,17,9;72,-9,-8;75,1,-5;85,12,11;86,3,-12;87,-3,3;88,149,21;89,5,6;90,-134,-14;93,89,-2;100,-73,-9;109,85,19;110,-2,-13;111,-86,-2;112,99,9;120,-7,-2;121,-88,-16;126,106,18;141,-73,-14;151,18,-5;155,65,17;159,13,21;228,-1,-19;238,7,-1;239,2,14;241,-120,-21;249,128,23;250,-6,-13;257,11,7;268,-3,7;269,10,-3;270,3,4;277,11,6;280,-9,-8;285,16,4;286,-5,5;297,13,-3;298,-6,4;305,14,-6;308,0,-1;310,5,7;313,7,-3;320,-2,4;330,7,4;339,18,-8;349,-3,0;357,12,7;358,-6,6;366,19,-6;367,-1,10;378,3,-1;379,2,1;383,11,0;384,5,-3;389,-1,-1;394,-4,7;400,9,0
rua||nelson alves moreno|bairro ype|29395000|9,-2022818,-4151139;19,2,-17;29,0,-5;39,-1,-3;40,7,-23;49,1,14
rua||neusa maria rodrigues de moura|novo horizonte|29395000|17,-2023922,-4151246;19,-15,18
rua||odete rodrigues pinto|bairro novo horizonte|29395000|90,-2023950,-4151101;92,-17,-7;94,-4,-4;95,-3,8
rua||olegario silveira de amorim|bairro centro|29395000|32,-2023633,-4151442;35,12,-10;38,3,12
rua||olegario silveira de amorim|saida pro corrego sao jose|29395000|31,-2023685,-4151426;39,7,7;47,8,-8;59,16,-2;70,26,-15;75,28,-2
rua||olimpio da silveira|loteamento do alvarino toledo|29395000|2,-2024165,-4151407;10,31,-81;11,25,-62;17,-20,33;18,20,-44;21,-7,19;23,-6,10;28,-2,33;30,10,-1;33,-29,30;34,-6,7;35,-2,7;90,30,-75
rua||olimpio da silveira|loteamento do arvarino|29395000|1,-2024156,-4151441;7,30,-59;8,-31,56;9,10,-4;10,12,-64;15,21,-14;17,-6,6;21,17,-32;27,-6,9;29,-21,58
rua||olimpio da silveira|loteamento do varino|29395000|10,-2024165,-4151418;12,0,-1
rua||olimpio dias|bairro novo horizonte|29395000|4,-2023904,-4151027;11,-9,1;13,-35,-39;18,37,35;21,-9,8;28,5,-8;29,-8,-6;35,-27,-22;36,33,4;43,-16,7;50,5,7;51,-15,-22;54,8,15;58,-8,-7;59,-9,-5;67,3,-8
rua||olinda aleixo|sao jose|29395000|2,-2023233,-4151040;8,95,50;56,-160,-54;78,34,-14;86,-19,7;94,29,3;120,24,24;126,18,2;130,1,2;132,12,6;138,-1,9;146,4,7;160,-33,-37;166,45,29;173,4,0;174,8,8
rua||olindo florindo de freitas|novo horizonte|29395000|42,-2023796,-4150819;48,-13,10;74,-15,20;80,10,-17;82,-21,58;91,-19,49;97,-2,8;106,14,-38;117,-11,46;125,-2,8
rua||orli barros|bairro vila nova|29395000|1,-2023165,-4149716;2,-50,152;3,-11,9;4,7,1;8,42,-126;15,-64,202;17,51,-180;18,-44,161;19,67,-194;32,-5,-17;42,0,7;47,3,6;52,-3,-7;57,-1,16;62,-11,4;103,-2,38;105,9,20;174,-37,55;211,6,31
rua||orli barros|novo horizonte|29395000|20,-2023694,-4150871;29,-6,12;32,-6,-7;35,-8,-1;40,14,-2;50,-8,4;51,23,-15;65,-53,-1;76,-11,10;79,17,14;85,-15,1;94,10,6;108,-32,1;114,-7,6
rua||ortelino jose rodrigues|bairro brasil novo|29395000|54,-2023582,-4150398;102,-12,3;257,-26,-23;795,20,-1;807,0,0;810,-6,7;816,9,7;825,-5,15;850,5,-9
rua||ortelino jose rodrigues|brasil novo|29395000|1,-2023560,-4150348;7,-4,-13;53,-114,-157;656,-5,-20;666,4,0;676,5,9;690,8,22;696,-2,6;699,10,16;700,5,-4;709,6,2;710,-6,1;719,-4,-1;728,10,20;729,0,-8;736,23,5;737,-17,8;742,10,7;747,-6,-5;758,8,10;759,1,-1;845,52,58;860,-5,22;861,19,-3;870,-8,11;891,4,7;900,-8,5;905,19,1;914,-13,-1;915,11,13;926,-2,-9
rua||otozino coelho arruda|ipe|29395000|3,-2023230,-4150958;4,32,19;5,-39,-28;9,90,69;19,27,49;26,46,31;160,-121,-125;200,19,37
rua||ozorio aquino de oliveira|bairro ype|29395000|5,-2022410,-4151304;8,-39,3;10,172,-24;12,-236,31;14,2,-33;15,206,3;16,3,14;18,-170,12;19,13,12
rua||palmerindo silveira de carvalho|chacara do soniter|29395959|43,-2024071,-4151389
rua||paulina c carvalho|bairro floresta|29395000|15,-2022975,-4149871;17,7,4;18,2,-3;19,-1,6
rua||paulina roseno|novo horizonte|29395000|6,-2023996,-4150862;7,6,-8;13,9,-33;21,-6,19
rua||pedro antonio de amorim|brasil novo|29395000|5,-2023495,-4150542;9,-17,-16;14,7,24;22,1,-21;30,-10,2;31,-2,-8;56,-34,-55;58,30,105;60,-5,-47;62,4,-9;70,1,-7;80,-11,-6;90,-7,-11;96,-3,-12;121,7,27;133,5,-6;140,-37,-48;141,39,44;149,-16,-9;155,-26,-80;163,9,47;168,-2,-4;171,0,-5;172,-15,-16;179,4,6;183,-5,-11;185,-13,-34;191,-8,5;200,5,1;230,-1,-4;231,1,-5
rua||pedro gomes vieira|bairro ype|29395000|4,-2022268,-4151291;14,-178,31;25,-276,35;30,321,-56;32,-325,63;49,0,-12;51,380,-53;52,7,7;55,38,-10;57,-277,35;90,-109,25;91,1,-4;100,3,-3;101,1,4;111,12,-5;112,2,4;120,2,-3;121,6,-2;130,243,-39;131,-236,42;139,12,-9;140,-8,0;151,11,6;152,-3,3;161,13,-1;162,-4,-3;169,13,7;172,2,-9;179,4,-2;180,4,0;190,10,4;191,-1,-7;200,7,9;201,17,-1;208,-10,4;234,27,-8;244,3,-3;246,3,-1;275,38,-2;285,10,-3;294,2,-11;295,-1,10;305,10,-2;306,0,-4;358,36,-10;368,10,-1;378,16,12;388,12,-8
rua||pedro gomes vieira|centro saida pro corrego sao jose|29395000|1,-2022397,-4151270;2,0,13;3,-15,-1;8,3,-13;335,-64,20;355,21,-1;377,25,-9;387,6,-6;399,3,2
rua||pedro vicente|sao sebastiao|29395000|1,-2022711,-4150188;2,-8,4;8,-48,44;9,-9,5;10,13,1;13,27,-33;14,8,-2;15,6,-10;54,-14,61;59,-46,-11
rua||projetada 12|crisciuma|29395000|4,-2021835,-4161855
rua||projetada 1|bairro floresta|29395000|35,-2023118,-4150323
rua||projetada 1|bairro novo horizonte|29395000|1,-2024178,-4151169;4,0,0;5,0,0;6,-6,2;7,9,-22;8,-1,15;9,30,3;10,-26,-14
rua||projetada 1|boa esperanca|29395000|6,-2023280,-4150794;12,-2,-15;13,-42,-29;51,8,-64;156,21,80;160,5,21;161,-8,2;162,4,11;164,16,4;166,5,-2;191,-39,-45;193,12,21;199,32,25
rua||projetada 1|crisciuma|29395000|5,-2021694,-4161906;6,-5,-2;15,-30,46;16,9,-5;28,-36,18;29,3,-5;30,13,0;31,4,0;32,13,-5;33,10,-8;34,5,5;35,6,-13
rua||projetada 1|novo horizonte|29395000|2,-2023842,-4151232;3,-2,0;65,-12,17;76,-23,53
rua||projetada 2|bairro novo horizonte|29395000|1,-2024193,-4151174;2,31,20;3,-52,-33;4,12,6;5,-11,-31;11,21,34;13,4,5;14,-13,-15;15,-3,-8;35,-10,0;38,-17,-3
rua||projetada 2|boa esperanca|29395000|73,-2023263,-4150804;74,-3,-7;75,-4,0
rua||projetada 2|floresta|29395000|31,-2023418,-4150095
rua||projetada 3|bairro novo horizonte|29395000|8,-2024225,-4151157;9,1,3
rua||projetada iii|bairro floresta|29395000|10,-2022938,-4149812;11,9,0;12,9,1
rua||projetada ii|bairro floresta|29395000|16,-2022920,-4150049;28,10,55;37,0,-56;44,7,12;48,-30,11;52,-16,-4;60,32,68;61,6,56;62,26,-45;63,-15,2;64,-9,6;65,13,5;66,-72,83;67,57,-94;68,0,0;69,28,30;70,-14,13;90,-47,-132;105,32,155;325,-5,-111
rua||projetada iv|bairro floresta|29395000|12,-2022963,-4149767;79,-5,17;80,6,-2;88,0,-6;460,10,9
rua||projetada viii|bairro floresta|29395000|1,-2022971,-4149706;2,-8,-17;3,-1,1;4,-3,5
rua||projetada viii|bairro trocate|29395000|30,-2023028,-4149732
rua||projetada vi|bairro floresta|29395000|10,-2022978,-4149818;11,-4,4;13,-4,14;14,2,5;17,-20,34;49,3,-3;50,4,-32;60,7,15;69,-4,1;87,12,-15;95,7,-20;110,-8,-3
rua||projetada v|bairro floresta|29395000|1,-2022982,-4149736;2,-33,-24;3,-8,-1;6,14,6;7,6,2;13,31,20;15,3,3;16,9,-1;180,-24,-20
rua||projetada|sao jose|29395000|20,-2023310,-4151033
rua||rafael pires de andrade|novo horizonte|29395000|59,-2023857,-4151144;70,-18,-9;75,-2,-4;76,0,0;77,-7,-2;85,24,24;86,-48,-51;89,-8,6;90,-10,-6;93,-5,3;95,-1,-4;98,0,-3;99,-12,4;100,0,-5;101,-25,-19
rua||raimundo bernadino salgado|chacara do soniter|29395959|44,-2024059,-4151360;51,-29,14;56,-9,-2;59,17,-90;67,12,-37
rua||ramiro alexandre dias|bairro floresta|29395000|30,-2023103,-4150424;84,14,10;140,23,43;166,12,17;176,8,16;200,12,13
rua||ramiro alexandre dias|floresta|29395000|3,-2022972,-4150224;4,48,65;5,-64,-103;6,-8,-17;7,75,122;9,24,42;11,-78,-148;12,-2,9;13,-7,1;14,5,18;15,4,0;16,42,56;17,33,35;19,-8,2;20,-11,-7;21,34,0;22,-25,14;23,15,-7;24,-58,-69;25,6,8;26,-2,-1;35,28,34;90,1,28;260,-72,-128;270,5,-4;315,16,34;388,48,71;393,-13,-11;421,23,51;437,11,7;438,15,-7;448,-15,18
rua||ramiro alexandre dias|floresta|29395959|15,-2023053,-4150366;51,-43,-68;61,4,8;95,30,24;121,-8,22;169,31,29;177,1,7;181,-27,-42;217,42,74
rua||reinaldo lucindo|bairro ipe|29395000|16,-2022900,-4151058;26,-11,12;45,-248,107;46,215,-53;138,-20,37;210,-47,29;254,-39,9;294,-28,-12;295,-17,5;314,-3,-6;324,-10,1;366,-35,-5
rua||reinaldo lucindo|ipe|29395000|109,-2022945,-4150989
rua||reinaldo lucindo|sao jose|29395000|25,-2022915,-4151048;35,9,17;43,-23,27;55,21,-8;67,-13,3;83,-8,12;100,-138,71;105,128,-49
rua||rodrigo leite justo|floresta|29395000|4,-2023282,-4150207;5,-112,74;6,13,-1;7,3,0;8,95,-74;11,-36,119;18,30,-111;23,-39,102;28,33,-92;29,-37,93;38,27,-89;52,-25,32;53,0,-18;54,11,-8;55,7,7;56,-9,-1;57,-16,30;58,13,-5;59,18,-45;60,11,4;61,1,-8;62,-4,1;63,2,4;65,8,-9;66,5,-1;67,-34,33;153,-74,49;202,53,19
rua||romeu rios|novo horizonte|29395000|51,-2023894,-4150817;71,26,1;72,-12,2;75,-18,-9;78,3,5;83,-6,-5;85,-31,-9;92,-34,-17;95,-2,8;101,-6,7;111,-14,-23;124,33,11;140,-20,-8;146,-8,-4;355,-2,9
rua||sadmar alcure|novo horizonte|29395000|7,-2023860,-4150865;14,15,15;17,5,2;48,-8,12;54,1,18;55,-8,-18;80,-4,46;107,-8,7;115,-10,7;119,-3,14;120,7,-19;121,-5,13;127,-3,11;140,13,-13;144,-2,20
rua||salomao fadlalah|bairro centro|29395000|7,-2023597,-4151251;13,9,2;23,1,12;34,9,8;55,5,15;97,29,39;111,7,13;131,10,9;137,9,8;145,1,4;155,5,8
rua||salomao fadlalah|centro|29395000|1,-2023507,-4150993;12,-79,-250;36,6,11;44,8,22;50,-4,-2;52,70,102;68,-72,-88;76,9,5;86,24,0;118,3,39;132,13,12;138,8,-4;152,9,18;198,9,52;202,24,15;205,24,2;216,-51,2;227,9,0;254,-13,37;255,16,-14;269,-9,31;275,-7,16;286,10,7
rua||sebastiao alves moreno|bairro lacerda|29395000|1,-2022770,-4149460;2,8,-16;3,44,-54;4,5,-5;5,1,-8;7,-22,32;8,38,-40;9,10,-20;10,-20,25;11,-10,6;12,12,-8;13,-20,10;14,32,-24;15,13,-16;17,-40,47;22,-38,34;25,-33,14;26,15,12;33,49,-36;72,-12,-7;73,-7,1;75,-4,16
rua||sebastiao capitao|centro|29395000|26,-2023375,-4150843;36,11,-7;42,-6,8;53,10,5;133,-26,15
rua||sebastiao saraiva|novo horizonte|29395000|15,-2023773,-4151158;20,-9,6;35,-7,10;48,-8,13;50,5,3;55,-2,-4
rua||sem denominacao 3|loteamento do varino|29395000|1,-2024180,-4151468
rua||sem denominacao 4|loteamento do alvarino toledo|29395000|2,-2024183,-4151600;12,17,-17;14,-45,107;16,37,-67;17,-19,3;18,6,9;19,-12,19;20,-7,20;21,-3,6;23,-7,12
rua||sem denominacao 4|loteamento do arvarino|29395000|14,-2024184,-4151573;15,5,-8
rua||sem denominacao 4|novo horizonte|29395000|3,-2024077,-4151308;4,-121,-15;5,50,32;9,-32,23;10,12,2;12,7,49;26,45,10;29,-9,-17;34,34,-48;348,111,107
rua||sem denominacao a|chacara do soniter|29395959|11,-2024064,-4151472;12,4,19;19,-1,-7;37,-29,-44
rua||sem denominacao|bairro lacerda|29395000|26,-2022712,-4149406;27,-51,-50;49,31,31;59,-8,-7
rua||sem denominacao|bairro vila nova|29395000|9,-2023383,-4149532;15,15,12
rua||sem denominacao|boa esperanca|29395000|2,-2023205,-4150697;4,-15,3;7,4,87;8,33,-64;9,-9,-33;11,10,18;13,-12,14;29,7,-17;124,-19,-11;127,7,-1;132,13,18
rua||sem denominacao|sao jose|29395000|8,-2023326,-4151030
rua||sercino augusto ferreira|bairro ype|29395000|26,-2022764,-4151234;82,-18,43
rua||theodomiro dias santiago|bairro floresta|29395000|1,-2022941,-4149727;2,7,-22;3,2,-17;14,-13,14;15,-9,-88;16,21,93;17,-7,10;18,-13,-116;20,0,-21;21,-3,10;23,-9,40;26,17,-89;27,0,-98;31,-3,100;201,-21,-110;250,11,-13;251,3,65;261,5,9;281,1,14;290,2,-34;300,5,12;310,-7,9;311,5,34;320,-5,-28;321,2,30;340,-7,-10;341,4,30;351,-3,11;360,2,-2;370,1,5;380,-3,19;391,12,24;410,-11,24;411,27,-8;420,-21,21;430,-4,4;431,11,2;440,0,11;441,-2,2;446,-1,-3;451,5,18
rua||theodomiro dias santiago|floresta|29395000|1,-2023016,-4150136;2,-21,-31;3,-16,-29;4,-19,-33;5,-6,-5;6,7,7;7,5,10;9,-2,5;10,-19,-22;20,20,23;21,-6,1;22,5,-2;23,24,35;24,3,5;25,-10,0;26,7,-5;27,5,2;28,52,64;29,-16,-8;30,-57,-73;31,16,17;32,-4,11;33,-39,-70;34,19,22;35,-30,-20;36,120,154;38,2,16;41,-86,-143;44,88,146;45,-4,-6;46,-8,-6;50,-75,-141;51,5,13;60,-6,1;61,12,17;63,66,96;71,-48,-100;80,-12,0;90,-2,9;91,20,35;100,-8,-23;101,24,25;110,-23,-13;111,21,29;120,-13,-29;121,20,31;130,-22,-26;131,26,30;161,21,32
rua||tiburcio dias de souza|novo horizonte|29395000|59,-2023852,-4151125;85,-9,-22;87,25,-8;99,6,-17
rua||ubaldo rodrigues dos santos|bairro brasil novo|29395000|134,-2023714,-4150419;174,19,52;184,5,21;194,2,7;220,17,5
rua||verotildes p de amorim|bairro trocate|29395000|108,-2023119,-4149478;119,-8,45
rua||vila velha|bela vista|29395000|5,-2023813,-4151382;32,-11,-47;33,-4,5;45,30,56;46,-1,-5;76,-11,-14
rua||vinte e nove de marco|bairro centro|29395000|170,-2023717,-4151304;196,-11,-32;230,38,-59
rua||vinte e nove de marco|centro|29395000|5,-2023634,-4151116;7,-8,2;21,6,-14;22,-6,-4;28,11,5;31,-16,-15;40,12,-5;41,-19,-7;42,18,30;50,-15,-26;51,-2,-11;54,-1,3;60,-3,-5;61,-14,-7;69,36,62;70,-23,-60;71,-7,-9;80,3,0;81,-27,2;90,17,-19;91,-3,6;109,-6,-20;125,-4,-15;129,-11,-4;140,-1,-2;153,12,-15;160,-28,-12;163,33,-12
rua||vitalina alves moreno|bairro lacerda|29395000|1,-2022736,-4149447;4,45,-72;5,33,-51;6,-48,82;7,11,-26;9,-7,20;10,27,-54;11,-15,28;12,10,-11;13,-15,16;17,-36,44;42,27,-18;45,-11,24;47,-21,8;52,26,-37;53,-10,6;54,-1,6;56,-9,21;59,-22,20;64,20,-21;70,-11,10
rua||zita senra de oliveira|floresta sao sebastiao|29395000|1,-2022929,-4150236;2,2,2;3,4,-1;4,-4,6;8,-23,-6;10,8,7;11,-15,-9;12,-1,12;14,11,-13
rua||zita senra de oliveira|floresta|29395000|17,-2022972,-4150205;23,-4,-3;24,-33,35;32,0,1;37,1,-14;45,4,4
rua||zita senra de oliveira|sao sebastiao floresta|29395000|1,-2022938,-4150228
rua||zumira florindo|novo horizonte|29395000|2,-2023913,-4150799;7,15,-79;17,-11,10;20,14,-8;27,-18,21;30,9,11;32,-2,1;34,-2,4;37,7,-2;40,23,-80;86,-47,141;111,12,-20;120,-7,12;121,8,-6;131,-4,11;150,-9,16;151,2,-5;170,-18,33;184,2,6;190,-4,18
sitio||joao calirio|cafarnaum|29395000|65,-2024837,-4155129
sitio||vagner|agua potavel|29395000|185,-2029083,-4166455
