alameda||dos tucanos|pontal|23942310|2,-2294946,-4431873;3,-49,38;28,55,-35;46,-105,71
alameda||tres|praia do jardim|23907000|2,-2300786,-4429356;4,42,-29;6,15,-5;8,-4,7;10,13,-19;12,10,6;14,1,2;16,6,2;18,1,-6
alameda||tres|praia do jardim|23907205|1,-2300740,-4429388;3,2,-5;5,9,-4;7,9,2;9,-1,-1;11,12,-4;13,5,-2;15,7,15;17,6,-19;19,7,6
avenida|marques|de tamandare|verolme|23914445|20,-2300262,-4423761;21,24,40;33,17,-129;35,4,176
avenida||do trabalhador|jacuecanga|23914360|2,-2299514,-4423818;3,-5,-7;4,-7,-3;10,50,7;15,82,4;17,12,10;19,8,6;20,-83,-19;429,-46,-1
avenida||do trabalhador|verolme|23914360|4,-2299625,-4423817;6,-115,-5;8,-54,-33;9,-55,5;10,49,22;11,4,-26;19,41,30;21,55,4;25,97,3;28,-58,-5;30,8,5;79,-112,-5;161,27,-10;193,29,12;200,102,1;215,-88,14;831,-161,-55
avenida||dos trabalhadores|village|23914290|23,-2299301,-4423745;29,3,1;35,13,-2;41,-2,2;47,1,9;53,7,11;59,-5,13;65,22,-16;71,1,3;77,5,11;80,4,3;83,-5,0;93,14,5;99,18,-4;105,-12,2;111,10,14;117,5,7;123,3,0;126,-3,9;129,15,-10;132,-9,9;135,2,0;138,10,4;141,0,3;144,-3,-9;147,5,12;150,3,-1;156,1,7;157,2,-4
beco||da tainha|bracui|23943040|4,-2294204,-4439668;6,-33,97;8,5,-25
beco||do tucunare|bracui|23943015|2,-2293724,-4439394;3,-12,33;4,-3,15;5,-6,0;6,-7,-2;8,5,-18
escadaria||do tinica|morro da caixa dagua|23903512|419,-2300369,-4431975;423,-2,9;1404,-123,-58;1408,20,-6;1410,-20,1;1416,11,3;1426,19,-5;1436,6,10;1442,8,-11;1450,17,-1;1460,6,3
escadaria||do tinica|morro da caixa dagua|23903520|2,-2300360,-4431959;218,18,31
escadaria||do tinica|morro da caixa dagua|23935142|174,-2300510,-4432008;1401,8,-14;1411,23,16;1425,36,-25
estrada||da torre|sapinhatuba iii|23907000|2,-2301015,-4429186;12,-45,14;14,55,-10;26,-3,-6;27,-7,8;106,-30,29;115,-3,-20;133,-12,-21;159,-1,5;310,58,-39;700,-13,55;711,1,-61;712,12,0;713,-35,23;716,-11,26
linha||do trem|banqueta|23933600|8,-2297334,-4426660;9,146,156;10,-122,127;12,-32,-281
praca|marques|de tamandare|centro|23900070|116,-2301027,-4431994;156,-29,-4
praca||lopes trovao|centro|23900490|26,-2300895,-4431764;40,29,-2;52,-30,12;58,10,-2;62,-8,-16;66,1,-11;70,12,-5;84,-19,-9;201,20,44
rua|barao|de tefe|verolme|23914395|24,-2300271,-4423781;38,-23,23;44,5,-14
rua|santa|teresa|belem|23935337|350,-2295414,-4428496;360,-4,-1
rua|santa|tereza|parque belem|23935010|19,-2295704,-4428945;20,-13,-45;21,-10,-32;22,-9,-2;27,26,86;28,-13,-74;36,5,8;39,6,68;40,-2,-8;44,-2,-54;52,2,2;60,6,6;68,8,11;76,1,4;84,4,7;100,9,9;108,6,5;116,5,13;124,6,7;131,-6,4;132,5,4;140,6,4;156,5,7;164,7,7;226,53,71;227,6,8;231,-17,-27;237,21,33;247,-13,-19;279,18,26;287,-1,6;295,-3,6;311,16,15;319,-1,5;327,12,4
rua|santa|tereza|parque belem|23935321|29,-2295587,-4428772;30,-12,-11;39,1,16;40,-8,-9;232,-16,-80;240,6,10;248,6,9;256,2,6;264,9,3;272,7,11;280,2,1;282,0,6;288,-4,-1;296,2,24;312,16,4;320,6,6;328,10,2;338,-4,-1;342,8,13
rua|santa|tereza|parque belem|23935337|27,-2295720,-4429012;37,5,4;43,7,12;59,3,3;67,7,12;75,5,7;83,6,11;91,-4,3;99,13,2;107,-2,8;123,8,11;131,5,12;139,8,3;150,7,17
rua|sao|judas tadeu|belem|23935330|191,-2295992,-4428746;195,4,4;196,14,3;250,24,-15;260,-26,-2
rua|sao|judas tadeu|parque do belem|23935330|16,-2295951,-4428886;23,8,4;48,-25,13;50,-37,83;51,50,-92;52,-17,17;53,12,-3;62,-22,3;64,1,5;74,-12,11;77,21,-3;81,-18,3;84,-4,0;92,-6,5;95,-8,11;96,2,-3;111,11,18;131,-6,33;137,21,-44;141,-24,36;144,-3,0;154,3,13;157,5,1;167,1,15;189,2,11
rua|sao|thiago|japuiba|23933310|5,-2296885,-4429511;133,16,-50;300,-28,-14;308,-15,-29;310,6,20;313,7,5;317,7,12;319,4,5;320,10,-8;321,-4,7;332,3,39;340,8,-28;342,0,24;351,-4,-9;360,14,-30;361,13,8;362,5,-9;370,1,1
rua|sao|tome|belem|23935090|21,-2295821,-4429268;22,-20,-10;23,-3,6;24,-7,-12;26,3,-2;34,-6,1;35,5,7;43,-16,-5;45,21,9;50,-14,-23;56,-1,-5;63,-5,5;68,-8,-16;69,-7,3;70,1,-3;77,-3,7;83,-6,-15;84,11,3;89,-12,-8;90,2,-2;97,-2,1;98,-20,-4;99,20,6;100,-45,-70;101,46,61;102,-1,2;103,-6,-4;107,-8,-9;122,1,-5;147,-19,-13;149,-6,-16;154,15,12;156,-9,-13;159,-8,4;160,3,-5;161,3,10;165,-1,1;168,-39,-38;169,34,34;170,-15,-29;175,4,17;181,-3,-19;189,0,11;190,-2,-8;192,1,0
rua||da torre|frade|23946000|109,-2295926,-4444020;319,-9,-16;331,-9,-14;333,-4,0;335,24,3;337,-34,-15;339,-4,-10;466,47,66;467,-9,-4;469,24,31;470,-28,-60
rua||da torre|frade|23946290|19,-2295926,-4443948;25,6,6;30,-38,-124;33,42,117;60,4,-7;240,-29,-87;330,4,11;334,-11,-19;336,-18,-29;338,-2,6;340,24,28;342,-12,-17;447,39,133;450,-7,-1;452,11,-56;454,5,27;456,6,-12;462,-6,20;463,9,-21;464,2,-1;469,-8,-8;471,-8,-10
rua||da torre|village|23946290|1,-2299061,-4423429;2,1,-1;3,11,-10;11,73,-273;16,-22,88;22,-51,150;23,6,15;25,11,-65;30,3,-9;31,-9,16;32,9,-18;34,7,-47;36,-5,29;40,-24,39;43,19,-14;46,59,-167;49,-1,-1;51,3,11;52,-30,67;58,15,8;61,-44,77;63,-3,16;65,37,-154;67,-26,117;68,1,15;69,-3,-18;70,8,-6;73,-1,-8;74,27,-28;75,-23,22;76,-2,-6;77,0,-2;78,33,-104;79,-31,100;80,-6,20;81,6,-22;82,8,-14;138,25,-74;140,-18,6;142,2,16;378,29,-55;484,-66,188;494,-15,80;572,45,-184
rua||das torres|caieira|23935120|487,-2295555,-4432072
rua||das torres|ponta da cruz|23936010|1,-2295958,-4432350;2,-7,16;3,18,22;4,-4,6;5,9,29;6,-2,19;7,11,10;8,11,16;9,9,19;10,4,3;11,15,-10;12,-9,-10;13,-4,-11;14,-17,-10;15,12,-31;16,2,-21;17,-3,-15;18,-8,-21;19,3,-17
rua||das torres|serra dagua|23938000|3,-2288740,-4427982;4,13,-8;5,-34,22
rua||do templo|nova angra|23933215|1,-2297092,-4429207;3,18,3;4,0,-7;5,-10,9;6,9,-3;7,9,3;8,2,-1;78,-3,-3;650,39,15;651,-9,-8;652,9,3;653,7,3;654,-9,-5;691,-22,0;695,-6,-6;696,8,-1
rua||do triangulo|monsuaba|23916153|6,-2301117,-4421387;7,-1,11;8,-4,1;14,12,-70;17,40,53;19,3,-7;21,-39,-38;24,20,101;25,39,-67;35,-49,-16;120,-32,163
rua||do triangulo|monsuaba|23916160|2,-2301120,-4421483;3,-7,12;5,-2,-6;6,15,32;7,3,26;8,1,-50;9,-8,76;11,0,6;12,2,1;194,-25,108;195,4,15;197,9,18
rua||hipolito travassos|frade|23946185|9,-2296425,-4443944;11,-10,11;13,154,-170;14,-113,119;19,62,-54;20,4,-7;23,10,-10;26,33,-23;30,-91,80;34,61,-63;35,8,-3;37,-105,104;38,264,-260;44,59,-50;45,5,-15;48,-208,211;49,-119,112;52,49,-54;57,-39,47;65,-2,5;70,7,-13;71,11,-28;79,54,-41;80,-55,63;85,-2,-12;91,1,1;96,3,0;111,11,-12;112,0,-2;116,-1,8;123,45,-37;125,-28,0;129,93,-71;150,232,-217;205,-286,254;207,19,9;219,8,-8;242,9,-17;247,10,5;248,9,-29;249,-17,12;250,2,7;252,4,-4;260,9,-2;266,227,-212;269,-306,273;271,82,-67;295,85,-85;307,-59,53;317,0,0;318,6,-2;319,9,-12;320,-8,-2;334,31,-16;335,-60,53;337,39,-38;347,5,-10;348,0,3;349,2,-8;365,23,-20;382,3,11;388,8,-9;391,-19,19;394,18,-17;395,-6,1;408,15,-9;411,1,-10;416,5,2;417,-2,-3;425,14,1;426,-2,-8;461,14,-27;462,0,13;464,7,-8;469,1,-3;473,9,-5;474,-8,2;483,10,-6;484,1,7;493,2,-27;503,8,2;511,8,-1;530,2,-12;544,14,-14;550,2,-4;559,16,-2;569,5,4;571,-18,-21;572,5,3;580,19,7;581,0,-7;686,-44,43
rua||ivo candido teixeira|japuiba|23934085|1,-2297584,-4430049;2,36,-162;3,-24,96;4,-31,177;5,10,-133;6,29,-124;7,-13,28;8,-34,302;9,-1,-54;10,13,-255;11,-11,87;12,1,93;13,-15,183;15,1,-86;16,9,-200;17,-17,206;18,13,-187;19,-1,72;20,-6,15;21,7,-9;22,-12,26;23,-2,5;24,9,-64;25,-7,73;26,14,-30;27,-15,72;28,4,-6;29,11,47;30,14,-25;31,-33,34;32,29,-22;33,12,20;34,-42,-44;35,19,67;36,8,45;37,13,-202;38,-24,183;39,35,-37;40,-50,64;43,0,-121;44,28,-217;45,-6,124;49,-21,219;50,3,-171;75,25,-185;117,-44,283;120,13,16;121,-1,11;127,-4,-33;167,-4,13;288,3,-2;303,2,90;306,4,-1
rua||jardim tropical|parque mambucaba|23954415|3,-2300597,-4454018;6,-4,6;8,7,3;9,20,8;10,-10,-9;11,15,23;12,-16,-19;13,18,25;14,-26,-24;15,32,26;17,-8,-5;18,-7,2;19,33,15;20,-16,-6;22,-2,3;25,9,0
rua||jose galindo toledo|pontal|23942300|50,-2294766,-4432926
rua||laura tavares|monsuaba|23916085|8,-2301041,-4421882;29,-9,19;53,23,-35;76,-10,4;82,-24,5
rua||mario das gracas toledo|parque mambucaba|23953450|9,-2302079,-4453706;10,4,44;11,-16,-28;12,-4,-15;29,461,492;32,7,5;38,-137,-168;43,127,150;44,-1,12;56,-5,-9;57,-2,-16;65,-10,2;76,-319,-373;77,314,357;87,-1,-3;90,2,2;95,-12,8;109,-7,-21;112,6,8;119,-13,-18;122,6,7;131,-11,-5;134,7,1;137,-55,-65;143,39,49;144,6,10;153,8,-17;156,-14,9;163,-7,6;173,-28,-62;175,11,38;176,9,-4;177,-4,-16;188,-141,-156;192,143,171;204,30,37;207,-39,-59;210,-4,6;216,-2,-6;217,-14,-5;222,15,4;227,96,126;228,-100,-124;240,-4,-14;243,-22,-9;257,2,-9;267,-28,-7;272,33,4;283,-20,-15;290,12,14;295,-35,0;302,34,-22;305,-29,-9;310,12,7;315,-19,-16;316,12,20;323,-13,-21;328,12,12;329,-22,-11;338,24,0;339,-32,-6;341,8,-15;347,-7,2;348,19,16;352,-7,1;360,-2,-9;372,-41,-54;380,-17,-11;388,4,-10;397,18,38;404,-21,-27;412,3,0;417,7,12;419,-6,-9;420,-7,-6;440,11,14;476,-95,-1;485,50,-53;487,-7,3;501,-185,-161;502,198,168;503,-194,-167;504,0,0;509,184,153;520,1,-9;528,-5,5;529,-15,-20;530,15,14;537,-19,-17;538,16,14;540,-4,-3;544,-49,6;545,21,-21;549,6,-8;551,-6,-1;558,17,12;564,0,-2;571,-29,-22;578,-56,24;580,75,-13;588,-72,13;589,74,-2;590,9,-26;599,-33,-2;600,8,3;610,-1,-6;614,-3,-7;616,18,-9;630,-23,7;646,-14,-17;680,-13,-14;698,-13,-14;700,3,2;730,-24,-23;746,-10,-15;762,-6,-6;786,-17,-23;789,11,74;799,-49,-110;809,1,-2;810,24,22;815,-30,-33;826,25,29;842,-11,-14;858,-10,-9;874,-11,-17;890,11,-26;906,-25,11;914,-7,-13;922,-4,-8;938,-6,0;951,-4,5;952,16,8;954,-3,-46;955,-22,25;969,-27,-32;970,15,13;971,8,11;986,-16,-20;1044,-30,-35;1058,-1,-6;1074,-14,-18;1090,-9,-15;1106,-6,-11;1118,-15,-10;1124,-1,-1;1140,-4,-8;1172,-22,-30;1188,0,-8;1200,-11,0
rua||miguel tavares|garatucaia|23919010|5,-2303271,-4417372;9,55,-49;10,5,-9;11,16,-6;12,-3,-2;13,10,-16;14,-1,-1;22,-28,31;50,-53,87
rua||pedro teixeira|village|23914275|5,-2298824,-4423522;10,6,-37;11,3,3;12,1,-15;13,-10,1;14,5,6;15,-1,1;16,7,10;22,-6,12;26,-35,157;28,29,-151;38,-10,5;58,12,20;64,-18,-7;70,3,11;76,-2,10;82,-3,-5;88,-2,15;94,-2,8;100,0,1;106,-6,15;112,2,-2;124,-2,19;130,-5,4;136,1,5;142,-5,5;148,-6,3;154,5,8;160,-10,7;166,4,7;167,17,23;172,-19,-21;173,15,15;178,-12,-9;188,-5,10;200,2,3;204,0,7;206,13,5;208,7,-5;209,6,3;210,0,1;211,5,-2;212,0,3;213,4,-3;214,8,4;215,4,-4
rua||silva travassos|frade|23946035|2,-2296149,-4443753;23,-231,216;34,15,-10;39,69,-70;52,-49,53;54,3,-3;60,4,-5;62,-11,14;80,17,-21;86,3,2;88,5,-9;101,0,-7;108,3,3;111,7,-5;112,1,1;117,2,-8;121,0,-2;130,0,-6;169,30,-24;173,13,-11;176,-2,9;193,6,-17;194,20,16;204,3,-28;205,-6,-2;207,-42,41;210,66,-41;223,-13,-14;232,12,2;235,-8,-7;243,14,-26;245,-10,23;249,58,-13;254,-53,7;258,14,-2;267,15,-20;268,-3,9;287,12,-23;288,-11,33;299,17,-36;310,-5,6;311,2,-6;320,9,9;321,-3,-10;322,4,3;323,3,-12;324,-6,14;334,18,-23;340,-4,2;351,6,-4;354,11,5;356,-9,-3;376,5,-9
rua||taquipe|village|23914235|20,-2299242,-4423672;26,-2,1;32,-1,1;38,-2,-1;44,-3,16;50,-4,7;56,-1,7;62,-4,4;72,-7,8;78,-8,-6;84,-7,7;90,-12,15;96,-13,-9;108,10,20;114,-3,2;120,67,-84;130,-77,92
rua||teresina|parque mambucaba|23954450|8,-2300224,-4453934;14,-32,-39;16,-9,-13;19,-14,-28;111,87,126;113,8,12;117,20,31;119,-12,-14
rua||teresina|parque mambucaba|23955150|2,-2300196,-4453900
rua||teresopolis|aeroporto|23934615|5,-2298008,-4430638
rua||teresopolis|vila nova|23934615|1,-2298024,-4430602;2,-97,104;3,-55,33;4,24,-19;5,18,-13;6,-123,121;7,182,-189;8,-176,154;10,-6,24;11,-3,-3;13,10,-2;15,12,-14;55,268,-229;63,12,3;91,-220,137;98,27,-18;99,-88,76;100,53,-60;101,78,-54;102,-97,77;104,83,-73;105,-75,67;106,92,-71;108,-5,-1;109,-2,-3;110,22,-8;111,-24,9;112,27,-4;150,-30,8;180,-122,129;220,-29,91;254,-3,-30;255,202,-218;256,0,-22;257,27,-4;266,2,2;485,-141,105;486,-10,8;487,23,-30;489,11,-13;491,18,-1;492,2,-13;493,13,0;748,-130,139;753,8,-10
rua||tiago|banqueta|23933613|1,-2296950,-4428631;4,-23,14;11,-60,30;22,3,0;23,50,-32;25,-72,41;26,12,-6;197,-22,19;200,0,-5;202,-10,-4;203,-18,22;204,6,-8;1075,116,-63;1078,-38,25
rua||tiago|belem|23935128|30,-2295521,-4428896;39,-3,10;40,3,-10;50,-8,8
rua||tres|camorim|23912555|13,-2299959,-4426721;25,26,63;27,17,-7;30,-14,6;36,-12,-54;40,18,46;54,0,-15;60,49,-12;62,-49,0;84,-8,-12;98,-18,-1
rua||treze|praia brava|23950130|1,-2300394,-4447759;2,-10,2;3,18,-8;4,-5,17;5,-22,1;6,21,2;7,5,-3;8,-9,8;9,-4,2;10,13,5;11,-7,-15;12,-13,19;13,28,-7;14,-23,30;15,18,-25;16,-18,16;17,19,-25;18,-10,36;19,15,-6;20,-3,18;21,-6,-33;22,1,25;23,19,1;24,-16,37;25,-3,-61;26,8,55;27,-10,-32;28,13,32;29,-15,-22;30,15,53;31,-8,-54;32,19,24;33,-25,-33;34,24,42;35,-12,-33;37,-7,-9;39,2,9;41,20,11;43,-8,-5;45,-7,5;47,11,-2;49,4,10;51,1,-6;53,-7,11;55,7,0;57,-5,0;59,10,5;61,-4,12;63,2,-6
rua||treze|sapinhatuba ii|23910000|4,-2300489,-4429680;5,-20,-35;91,3,-4;96,33,-15;98,-12,6;133,-33,23;275,2,7;279,-2,3
rua||tricolor|verolme|23914415|1,-2299722,-4423841;5,6,-26;30,-2,15;37,-1,3;50,14,-17;161,-15,38
travessa|sao|thiago|japuiba|23933000|79,-2296901,-4429618;80,-3,0;81,7,-9;100,9,3;105,6,-6;110,2,4;150,11,-6
travessa||do tigrao|parque mambucaba|23955410|1,-2300484,-4453263;2,2,3;3,-3,-2;4,9,11;5,-8,-10;6,-3,4;9,-1,-11;11,16,23;12,-2,-3;15,13,9;16,0,-1;17,0,5
travessa||ivo candido teixeira|japuiba|23934090|2,-2297573,-4430070;4,-31,-7;5,28,6;7,2,-8;100,-26,5;101,3,-9;102,-3,-3
travessa||jardim tropical|parque mambucaba|23954415|13,-2300529,-4453933;25,7,0;26,-4,12;27,3,0;28,1,9;29,5,-4;31,10,5;33,-3,9;34,-1,3;35,10,8;36,3,-1;37,7,5;39,3,4;41,4,3
travessa||joao tavares|parque mambucaba|23954150|2,-2301793,-4453881;3,-11,-9;5,-7,-15;6,-4,-6;7,-10,-6;9,1,2;13,-5,-10;14,33,18;15,-8,3;16,-5,-12;17,-8,-3;18,-6,-4;19,-5,-9;20,-8,-7;21,-4,-7;22,-8,-8;23,11,18;99,-18,-24
travessa||taboas|parque mambucaba|23954000|3,-2301060,-4453363;5,-6,7;8,-16,9;10,-6,5;15,-1,-4;693,39,-35;703,-32,38;1238,28,-29;4120,0,-11;4360,-38,45;4380,-2,6
travessa||telmo|parque mambucaba|23954081|403,-2301044,-4453991;407,-7,-11
travessa||tiradentes|parque mambucaba|23955210|4,-2301085,-4453198;5,-15,-8;6,2,-7;9,-18,-13;32,36,43
travessa||tradicional|parque mambucaba|23954078|3,-2301138,-4454095;42,-4,0;43,-2,-1;44,6,9;63,-1,1;139,-8,-15
travessa||tranquilidade|parque mambucaba|23953080|11,-2300688,-4452339;13,8,22;15,22,5;16,-10,-5;21,6,21;22,12,5
travessa||trindade|parque mambucaba|23954094|3,-2301116,-4453682;4,7,8;5,5,5;6,-13,-7;51,16,15
travessa||tucano|parque mambucaba|23955280|5,-2300595,-4453425;6,4,2;507,-7,-8;509,17,22
