alameda||1|moinho de vento|27337010|20,-2258313,-4412225;30,59,71;50,-46,-53;60,3,3;61,19,30;81,10,8;91,4,5;101,5,7;121,15,22;131,10,5;140,-15,-21;180,27,32;181,4,28;260,39,44;261,-59,-21;270,55,26;400,-141,-135;410,-14,-38
alameda||1|santa ines|27335030|15,-2253448,-4411329;22,-28,-17;24,21,16;25,13,-3;32,-6,7;35,8,-12;45,12,4;46,-15,6;54,15,-2
alameda||2|santa ines|27335024|105,-2253609,-4411323;109,-7,31;115,-14,-23;118,-50,24;696,38,-32
alameda||2|santa ines|27335030|4,-2253539,-4411338;5,-23,-19;6,0,-3;40,6,11;42,33,15;51,2,18;55,6,8;57,-51,-26;58,56,22;59,-43,-1;61,5,-18;62,-1,6;63,-2,8;66,-9,-29;67,-12,-18;74,16,48;79,9,4;81,-51,17;82,37,-7;83,5,-10;95,-9,-20;99,-11,13;102,-22,27;104,2,-7;111,11,13;113,3,-25;114,0,7;118,-4,8;120,52,-10;150,38,-16;223,-28,-17;702,-59,-27
alameda||2|santa ines|27335450|390,-2253498,-4411390;410,-50,-4
avenida||9|santa clara|27340370|13,-2258177,-4417067;19,-37,-68;20,-3,27;51,58,33
beco||1540|ano bom|27323642|1540,-2254511,-4416232
beco||1560|ano bom|27323642|1560,-2254513,-4416219
beco||1570|ano bom|27323642|1570,-2254508,-4416214
beco||1580|ano bom|27323642|1580,-2254492,-4416193
beco||1590|ano bom|27323642|1590,-2254500,-4416183
beco||1600|ano bom|27323642|1,-2254505,-4416172;2,-9,-5;3,18,6;5,0,2;7,-20,-8;9,4,1;11,4,-4;13,-1,2
beco||1620|ano bom|27323642|12,-2254513,-4416152;13,-1,-1;1620,7,-3;1640,0,11
beco||1640|ano bom|27323642|1540,-2254479,-4416214;1640,-12,58
beco||1650|ano bom|27323642|1650,-2254515,-4416139
beco||1660|ano bom|27323642|1660,-2254492,-4416157
escadao||1|loteamento santa rita|27336160|156,-2255716,-4410683;160,11,7;161,-3,-6;369,-15,-9
estrada||amaparo x santa rita de cassia bma 007|nossa senhora do amparo|27310000|1100,-2241347,-4414276;1400,-157,-182;1500,-410,-265;1600,-655,-999;2505,1554,1704;2555,0,0
estrada||amaparo x santa rita de cassia bma 007|rodovia engenheiro alexandre drable rj 157|27310000|29,-2247700,-4416308;680,1420,242;1400,3274,450;1900,-4684,-692;1930,-2,-3;1950,67,-4;2021,-240,-143;2170,330,-123;6950,1959,861;7001,160,-207
estrada||amaparo x santa rita de cassia bma 007|rodovia engenheiro alexandre drable rj 157|27333392|922,-2247379,-4416010
estrada||amaparo x santa rita de cassia bma 007|rodovia engenheiro alexandre drable rj 157|27351007|1409,-2247675,-4416334
estrada||amparo x quatis rj 143|nossa senhora do amparo|27310000|514,-2239426,-4415976;3201,-750,2840;3535,565,-640;3821,-607,410;3851,606,-420;6205,-91,-1394;6209,6,419;6850,433,-712;7000,-546,-5084;8000,284,719;9000,-47,473;9300,-37,19;10000,-259,208;11977,99,1871;13000,516,223;15000,-3254,1697
estrada||amparo x sao jose turvo rj 143|nossa senhora do amparo|27310000|1201,-2238681,-4409615
rodovia|engenheiro|alexandre drable rj 157|rialto|27360030|17,-2258920,-4422207;2006,-55,44;6570,413,618;7006,-409,-618;7007,389,264;7400,2673,-3991
rodovia|presidente|dutra br 116|moinho de vento|27335026|151,-2257594,-4411599
rodovia|presidente|dutra km 271|jardim america|27343000|8,-2256148,-4417204;110,133,-78
rodovia|presidente|dutra km 271|monte cristo|27343000|9,-2256263,-4417082;960,0,0
rodovia|presidente|dutra km 273|cotiara|27343000|175,-2255249,-4418171;177,3,-2;179,-4,2;181,13,-12;187,-7,8;221,11,-26
rodovia|presidente|dutra km 274|sao vicente|27350000|750,-2253534,-4419698
rodovia|presidente|getulio vargas rj 155|goiabal|27340140|74,-2257615,-4417372;78,14,-5;1418,173,-280;1420,-34,361;1430,-4,-20;1490,-82,-44
rodovia|presidente|getulio vargas rj 155|santa clara|27340002|1558,-2257589,-4417332;1560,4,0;1574,-8,3;1576,-24,-2;1578,17,10;1594,-5,6;1600,-17,-7;1610,-9,10;1614,15,5;2340,-500,252;2342,-56,61;2350,26,-37;2390,-36,39;2400,-10,-4;2403,2,-1;2420,-16,18;2422,-8,-3;2450,-9,4;2452,-6,4;2476,-58,-31;2486,11,51;2514,-11,11;2550,-30,-8
rodovia||gecy vieira goncalves rj 153|nossa senhora do amparo|27310000|2,-2240532,-4410085;13,-376,-615;240,2840,-814;250,5,-18;260,15,-18;280,-1,-6;400,-3373,268;405,-1,6;420,-9,15;505,2720,-807;1111,-3246,251;1600,1362,1747;11301,-1099,-1527;12501,-3,-25;13001,204,73;13504,878,436;13640,17,1044;14799,333,-225;14800,449,273;18000,-624,9;18001,-155,-56;21251,6672,-3490;21259,155,87;21261,-2,-69;21263,-19,-7;21267,-73,-6;22635,-933,154;23000,-187,-98;23600,-748,-61;23777,137,196;23781,21,35;23800,-312,-16;23900,187,-34;23902,116,25;23920,-218,-83;24100,-49,51
rodovia||gecy vieira goncalves rj 153|nossa senhora do amparo|27321575|21257,-2233757,-4413471;21511,-204,-53
rodovia||gecy vieira goncalves rj 153|nossa senhora do amparo|27322280|102,-2238468,-4410618;103,0,1;104,0,3;105,1,-19;107,-49,39;109,9,-10;111,-26,14;17500,-205,-4;17771,207,-5
rodovia||gecy vieira goncalves rj 153|nossa senhora do amparo|27351007|21153,-2233758,-4413476;21265,-43,-71;21511,-238,-34
rodovia||getulio vargas rj 155|antonio rocha|27322000|483,-2265056,-4415485
rodovia||lucio meira br 393|assuncao|27335000|706,-2254652,-4411286;745,-430,-13;747,46,26;749,14,1;755,1,-38;765,40,33;775,-1,-30;805,43,5;1650,-242,-17;1750,3,0
rodovia||lucio meira br 393|bairro malvinas|27335000|1057,-2255621,-4411424;1401,93,73;1431,2,6
rodovia||lucio meira br 393|boa vista iii|27336000|367,-2255942,-4411838;377,-1,6;385,23,4;401,3,2;441,16,21;519,43,62;521,14,7;531,7,49;571,43,23;591,21,18;603,1,16;913,40,53
rodovia||lucio meira br 393|jardim guanabara|27336000|9,-2255399,-4411266;99,93,62;109,-1,2;1501,-79,-81;1503,11,-2
rodovia||lucio meira br 393|loteamento santa rita|27336000|200,-2256025,-4411815;294,179,155;348,-145,-156;360,41,28;362,20,15
rodovia||lucio meira br 393|morada da granja|27336000|75,-2253570,-4411602
rodovia||lucio meira br 393|nove de abril|27335000|7,-2253686,-4411530;17,-8,3;27,-6,9;47,-4,-2
rodovia||rj 153|nossa senhora do amparo|27310000|16700,-2239361,-4410159
rodovia||rj 155|antonio rocha|27310000|4500,-2260387,-4417270;7363,-996,924;7369,86,-20;8500,-1408,349
rodovia||rj 155|antonio rocha|27333002|7399,-2261393,-4416284
rodovia||rj 155|antonio rocha|27340002|378,-2263350,-4416513;7296,2029,194;7363,-67,-30;7366,-17,-22;7369,68,5;7397,-69,131;7602,-110,182;7610,-305,-13;7611,269,-14;7615,-6,-8;7620,-412,22;7630,-119,49;7632,91,-26;7635,-231,173;7640,-11,-14;7645,18,20;7650,137,-145;7654,-187,112;7734,-46,-22;7824,-101,-39;7890,-2,-9;7900,-89,-40;7905,9,59;8355,-444,-213;8375,-387,-100;8499,611,254;8500,10,-7;8501,-41,0;8570,-213,-272;8600,172,243;8615,-225,-300;8655,-38,-27;8700,-283,-140;8754,547,468;8855,-292,-357;8875,-267,95;8950,50,-197;9000,-113,-130;9015,500,460;9232,-788,-330;9321,209,147;9441,-105,63;10062,-198,304;10345,-5,21;10470,-651,264;10500,-38,-7;10825,-76,90;10875,-132,47;10950,-185,43;11067,810,-220;11206,-1036,241;11208,7,1;11210,-160,14;11900,-282,422;11905,99,110
rodovia||rj 155|antonio rocha|27351005|7399,-2261384,-4416283
rodovia||rj 155|antonio rocha|27365003|10615,-2263871,-4415883;10617,-18,12
rodovia||rj 155|ataulfo de paiva|27340002|7618,-2261919,-4415997;7650,-170,-9
rodovia||rj 155|ataulfo de paiva|27340500|7905,-2262498,-4415947
rodovia||rj 155|rodovia engenheiro francisco saturnino braga rj 155|27340002|3500,-2258941,-4417015;3502,1,0;3504,-128,-115
rodovia||rj 155|rodovia engenheiro francisco saturnino braga rj 155|27340680|2050,-2259592,-4417744
rodovia||rj 155|santa clara|27310000|1543,-2257568,-4417341;1545,2,5;1561,-26,16;1587,-14,4;1617,-23,19;1621,7,0;1625,2,9
rodovia||rj 155|santa clara|27310170|312,-2256564,-4416968;314,-4,-18;316,13,-12;318,-13,28;320,-8,14;352,-26,5;354,0,-11;510,-113,-23;520,-28,-22;522,-11,7;536,-4,-8;556,-2,-6;560,-16,3;566,-12,-14;622,-22,-25;746,-116,-67;766,-9,-17;776,3,-11;812,-44,32;826,-15,-8;828,2,-5;838,-38,16;840,5,-19;884,-31,1;940,-43,26;944,-6,-14;948,-10,0;954,23,3;956,-39,-7;1006,-29,2;1012,0,0;1014,-11,4;1024,-7,-13;1088,-34,-16;1098,-6,14;1108,-23,-19;1114,-22,7;1134,-23,2;1138,1,-3;1144,-4,-2;1234,-55,-30;1238,-4,-2;1244,-13,-10;1246,-3,4;1254,-1,-7;1256,-5,-14;1258,6,7;1290,-13,-10
rodovia||rj 155|santa clara|27340003|70,-2258526,-4416804;465,1782,-167;571,-52,-48;579,-29,-21;655,-62,-32;657,39,-4;815,-126,-34;827,-45,9;955,-95,-2;1147,-142,-24;1155,-3,-27;1157,-28,32;1167,2,-11;1169,-3,-11;1177,-19,-2;1187,-8,5;1197,-13,29;1205,-7,-39;1207,17,-5;1209,-15,6;1231,-10,-18;1233,4,0;1237,-14,-2;1249,-12,-12;1253,-11,-4;1255,10,11;1271,-10,-29;1321,-24,-25;1331,-4,-1;1337,-12,-14;1341,-2,-8;1645,-218,-20;1673,-6,8;1675,-2,6;1685,-6,5;1695,-8,5;1705,-12,7;1715,0,14;1729,-18,20;1731,-32,17;1733,2,5;1743,-7,5;1789,-3,3;1805,-28,3;1813,-2,12;1815,6,-7;1821,-15,17;1823,-11,-4;1825,-13,4;1863,-5,1;1869,-40,8;1993,0,0;1995,-9,9;1997,-10,-5;2005,-327,155;2007,302,-151;2261,-208,67;2339,-44,42;2341,-9,8;2343,-1,4;2345,-8,6;2401,-24,16;2403,0,1;2405,-8,7;2407,-347,191;2435,319,-172;2449,-9,2;2459,-13,7;2479,-14,8;2505,-11,13;2509,-18,7;2513,0,0;2515,-7,1;2517,-7,6;2525,-22,11;2527,-26,6;2591,-33,22;2603,-10,8;2605,-8,1;2609,-15,12;2695,-89,30;2697,-28,26;2699,19,-20;2707,-29,30;2717,0,4
rodovia||rj 155|vila pepita|27323786|4175,-2258735,-4416494
rodovia||rj 155|vila pepita|27340500|3431,-2258983,-4417002;3501,-145,55;4500,-574,-32
rua||10|loteamento santa rita|27336190|20,-2255697,-4410760;30,-10,-7;50,-18,-18;60,3,-2;70,-1,-3;130,-16,-20
rua||11|vila principal|27338140|141,-2256647,-4413611;142,-4,2;148,1,41;172,9,33;181,34,-25;195,-28,35;356,12,33;358,112,-107;460,0,-1;462,-5,7;464,-10,15;494,-28,25;495,3,-11
rua||12|boa sorte|27338070|57,-2255934,-4415786;409,5,-17
rua||12|boa sorte|27343000|375,-2255924,-4415791
rua||13|goiabal|27340390|11,-2258224,-4417255;13,7,-11;14,11,6;15,-9,2;30,5,-3;32,12,4;239,-12,-22
rua||13|vila orlandelia|27323475|12,-2253865,-4416483;22,-5,-19;29,-13,1;30,10,-1
rua||14|loteamento santa rita|27336220|10,-2255639,-4410750;118,-22,0;120,1,16;522,27,-13;602,80,453;608,-19,-51;611,10,25;629,-74,-102;637,-96,-119;643,140,182;645,-30,-9;700,-97,-139;775,35,51;785,23,17;787,55,52;790,-23,-3
rua||15|ano bom|27310000|10,-2253824,-4416554;14,0,6;18,-1,4;22,1,2;26,-8,5;46,-14,2;50,0,0;56,-1,3;60,-6,-1;66,-7,4;78,-14,11;90,-9,-7;94,-9,10;96,-10,5;100,2,13;106,-26,-8;116,-9,18;120,6,-8;126,-30,2;144,1,10;148,-14,4;158,-5,-1
rua||15|ano bom|27323000|89,-2253897,-4416514;95,-39,0
rua||15|vila orlandelia|27323000|21,-2253827,-4416535;41,-14,2;67,-26,11
rua||16|boa sorte|27331000|11,-2256113,-4416109;15,3,-7;33,-1,-15;154,61,-1;156,31,13;168,-17,-7;175,69,84;221,14,38;604,37,86;608,-17,-17;610,13,-6;618,-14,-16;628,-2,-5;630,-3,-23;632,1,-1;634,-2,8;636,-7,-13;640,-3,-23;670,-14,-28;690,4,-4;700,-4,-2;702,3,-1;712,-3,-23;722,-14,-4;732,9,10
rua||16|goiabal|27340760|16,-2258305,-4417310;298,57,-16;348,-48,-16
rua||17|boa sorte|27330520|29,-2256015,-4416005;53,-77,-101;54,-7,-1;55,12,16;56,-10,-10;64,9,3;66,1,1;70,8,8;71,25,-28;79,-7,49;81,-9,-16;175,75,68;181,9,7;185,0,0;190,-28,-2;200,69,36;210,-42,-46;218,9,11;220,5,12;230,10,8;240,2,-3;246,7,9;250,5,5;802,-25,26;816,-9,-6;820,-4,-4
rua||17|boa sorte|27331000|6,-2256130,-4416094;8,12,-18
rua||17|goiabal|27340180|682,-2258200,-4417544;687,-5,-13;699,-1,-1;701,2,6;703,3,-31;705,-1,-7;707,8,10;710,1,6;720,3,-11;725,-7,-5;727,-2,-20;728,19,29;730,-9,-22;750,-4,-7
rua||19|boa sorte|27331000|179,-2255583,-4415843;211,-11,-7;215,-30,-27;219,-22,4;221,4,5;225,-2,-7;299,-70,28;303,4,-1;389,-29,11;431,-66,-15;451,-17,3;453,-3,-7;459,5,-12;465,-19,-16;469,-12,6;471,-11,5;473,3,-7;573,-62,-51;575,-15,-20;577,18,34;579,16,12;609,-36,-53
rua||1|boa vista i|27332420|500,-2256052,-4412422
rua||1|cajueiro|27365360|24,-2253808,-4412770;28,-14,-9;31,10,-11;32,-20,6;36,1,-8;52,-3,-10;53,3,7;63,-7,-17
rua||1|jardim redentor|27336300|1,-2255959,-4411061;5,-3,-7;7,-3,-16;10,11,16;11,-71,-115;14,60,101;20,-7,-31;23,25,57;35,-17,-44;40,-4,2;45,8,-8;50,-12,-19;55,-1,0;57,-7,3;60,7,-20;65,-3,3;80,-3,-18;90,8,-9;100,-13,-4;109,-15,10;110,8,-15;111,-9,-11;113,-1,0;115,-3,-9;117,-20,-6;576,124,154;577,-6,-20;578,-17,19;580,12,-10
rua||1|loteamento santa rita|27365360|157,-2255707,-4411345;165,-4,29;175,0,4;195,-1,10;209,-1,21;279,-5,103;363,-23,28;451,-12,14;471,-11,8;481,-32,16
rua||1|nossa senhora do amparo|27310000|22,-2240075,-4409216;24,110,-68;1200,34,-20
rua||1|piteiras|27331210|106,-2255617,-4414940;107,0,-18
rua||1|santa rita de cassia|27322390|161,-2249446,-4416700;170,12,34;171,-7,-21;175,0,11;177,6,3;199,9,4;212,1,14;215,1,-6;218,10,14;223,18,-16;233,-5,21;243,14,29;251,7,12;261,11,13;270,21,20;273,-11,-33;275,18,25;290,18,11;307,-7,-12;310,14,18;314,10,-2;330,0,0;339,-1,-2;340,18,12;349,21,-4;350,-19,10;351,34,1;360,-26,-1;386,16,37;392,27,31;396,-24,-12;421,18,16;429,-5,-18;431,-14,-7;433,86,100;435,-72,-63;437,17,7;441,7,10;451,7,12;460,51,48;480,-10,-10;481,-20,-27;490,30,37;495,-24,-27;501,20,17;521,13,4;541,18,-8;550,36,35;551,-27,-19;567,12,-13;571,14,23;591,26,10;613,19,26;630,2,91;636,-3,13;640,-3,24;652,-3,12;658,14,20;679,-8,-168;681,7,41;683,36,16;687,-35,-1;698,10,129;703,-6,-95;713,-7,20;719,-5,12;720,28,72;730,26,37;731,-53,-91;732,11,80;740,28,-7;741,-17,-30;751,35,46;755,6,3;760,-11,30;764,6,8;770,27,14;780,-20,8;781,18,22;785,13,2;787,-15,12;788,7,-21;790,-3,11;798,-12,24;805,9,-15;810,11,43;901,5,49;907,7,4;933,3,25;935,4,25;937,31,25;939,-15,-12;941,0,5;967,-12,19;1000,0,11;1010,2,-4;1024,5,13;1028,12,31;1030,4,6;1040,1,15;1042,2,6;1073,0,-22;1075,7,26;1079,-2,11
rua||20|boa sorte|27330240|9,-2255608,-4415800;15,-8,13;30,-3,10;32,0,4;33,4,-2;38,-11,-7;40,-4,23;50,-5,5;52,-3,3;58,-3,4;65,25,-24;67,-12,11;69,1,7;78,-22,15;90,-7,1;107,20,4;115,-12,-5
rua||21|cicuta|27350000|1584,-2253109,-4409998
rua||2|boa vista i|27332390|45,-2255993,-4412670;55,-90,-48;57,-16,-8;75,-34,-18;91,131,191;102,34,-143;231,-51,141
rua||2|cajueiro|27333420|12,-2253753,-4412815;18,-5,-12;22,-6,2;28,-2,-10;35,-20,4;36,11,-9;38,-4,5;48,2,-29;59,-19,17;61,1,-8;65,-13,-11;68,13,11
rua||2|jardim redentor|27336270|19,-2256017,-4411153;20,13,-3;29,-9,10;30,6,-7;36,-12,-6;40,-1,8;46,-4,2;50,-16,4;59,9,24;61,-4,10;63,-6,-5;65,-10,-7;77,-17,-7;80,-5,-16;140,-31,-43;145,1,-37;147,-16,-20
rua||2|loteamento santa rita|27336150|20,-2255691,-4411273;30,7,-1;43,-128,156;47,13,5;49,125,-151;53,-113,146;57,124,-158;84,25,-8;94,27,-2;104,3,-5;114,14,-11;124,17,11;126,2,2;320,111,115;330,-2,2;335,-164,-52;345,146,59;351,34,-19;355,-48,33;362,-44,-29;365,7,9;372,-32,-4;375,12,5;382,-33,-18;385,13,11;403,-7,-1;405,-20,-13;410,-2,-14;415,-7,23;425,-14,-9;444,-1,-29;454,-16,-29;464,14,1;485,-24,9;494,6,-20
rua||2|nossa senhora do amparo|27310000|1,-2239777,-4409360;2,-12,13;3,-4,21;4,-8,24;5,-26,53;7,-335,302;8,191,-217;9,-159,204;10,-108,64;16,-21,20;17,104,-70;18,-109,73;20,435,-377;22,-338,275
rua||2|piteiras|27331280|15,-2255519,-4414914;46,-7,0;48,-18,-2;65,-6,2;66,2,-2;74,-30,0;75,33,2;80,-37,-2;86,-3,0;89,10,-3;96,-14,1;101,67,18;104,-82,-14;105,31,16;106,-36,-18;137,20,2;141,-31,-7;147,-20,11;159,-8,-2;167,-3,-2;169,-18,-3;179,-8,13;189,-24,-11;199,-17,5;219,-21,11;255,-27,-5;269,-11,20;275,-32,7;307,-47,-1;309,31,-5;311,-23,9;315,-7,-1
rua||2|santa lucia|27340290|15,-2258565,-4418056;20,13,0;25,-14,-8;30,-7,-1;35,6,-10;40,-1,3;50,-6,1;60,-7,-27;70,3,-3;80,-4,-6;100,-3,-16;110,-6,-15;115,-7,16;120,5,-30;125,-7,-6;130,2,3;135,-5,2;140,-3,-14;145,4,8;150,2,-19
rua||2|vila principal|27338110|32,-2256266,-4414216;89,-119,43;102,-12,21;108,-48,4;183,81,-47;230,-99,29;242,-20,-7;248,-9,-4;258,-8,-1;277,-24,-13;278,-14,-5;335,-21,-11;345,-37,4;355,-13,-2;365,-22,5;385,-46,-9;500,-26,-17;502,9,-9;504,-14,-6;506,2,-3
rua||3|jardim redentor|27336290|13,-2256010,-4411197;15,-1,-8;30,15,-13;50,25,-21;51,-22,2;53,6,-14;55,11,-5;60,7,9;61,2,-9
rua||3|morada da granja i|27335120|25,-2253534,-4411803;30,14,-7
rua||3|nossa senhora do amparo|27310000|3,-2240448,-4408906;13,5,16;14,-74,80;15,77,-74
rua||3|presidente vargas|27325380|1,-2253073,-4415426;2,1,-18;3,8,13;4,-5,16;5,7,-29;6,-4,19;7,7,-24;8,-2,12;9,5,-22;10,-3,19;12,3,0;14,4,-14;16,-1,-4;18,1,-10
rua||3|santa rita de cassia|27322370|30,-2249162,-4416366;34,-3,5;50,-9,10;61,1,14;62,-13,-6;70,-22,47;71,30,-30;75,-16,21;76,-14,10;81,-3,1;86,-28,17;91,27,-12;92,-42,33;97,34,-20;99,-5,3;100,-33,24;101,25,-19;116,-33,21;143,16,-22;160,-21,33;164,-7,21;180,-6,4;181,25,-38;183,-21,40;191,17,-33;201,-7,24;203,-7,4
rua||3|vila principal|27338180|15,-2256726,-4414263;101,-46,63;105,7,-9;108,-22,31;120,-65,58;126,-9,0;130,-12,42;160,16,13;302,208,256;351,-169,-199;352,121,46;442,-99,-33;446,43,3;448,18,10;450,3,2;452,9,-1;453,-3,-5;484,39,82;492,14,63;496,-2,-11;509,26,16;601,52,50;602,-7,-12
rua||4|cajueiro|27333430|20,-2253692,-4412933;33,-19,1;40,-1,-36;53,-18,32;55,-14,-10;86,14,-12;90,-21,1;572,60,-5;578,-12,36
rua||4|jardim redentor|27336270|35,-2256061,-4411184;47,5,-11;57,8,-7;67,5,-28;73,7,7;140,-62,46;150,8,-45;160,-18,17;190,8,-8;200,-7,-2;500,-33,-64
rua||4|jardim redentor|27336280|20,-2256063,-4411171;30,0,-7;40,21,-30;101,30,-60;103,12,-18;105,20,-3;109,5,1;119,22,16;120,8,8;129,6,-3;130,6,14;167,11,7;169,2,4;170,3,23;184,0,130;226,-2,-125;228,-6,8;232,-5,17;238,-1,-6;240,-11,23
rua||4|presidente vargas|27325380|1,-2253090,-4415505;3,3,1;5,-7,-3;7,-1,-6;9,-5,-12;11,-4,-6;13,-2,-6
rua||4|roselandia|27338280|6,-2256854,-4416510;18,-2,1;25,16,-19;38,3,-14;68,8,0;70,3,-18;80,6,-10;81,-38,-92;90,25,92;91,-36,-87;101,-1,-1;111,-6,3;113,-8,6;114,-19,15
rua||4|santa rita de cassia|27322380|65,-2248548,-4417229;67,5,8;131,-190,855;141,1,20;151,-7,18;160,12,0;166,-32,8;170,14,-18;171,24,21;172,-36,-16;174,23,-22;181,33,58;184,-40,-86;194,-6,-14;290,2,-50;302,-2,-27;310,9,-27;448,21,196
rua||4|santa rita de cassia|27322420|48,-2248573,-4417243;50,0,14;389,150,-9
rua||4|vila orlandelia|27323525|150,-2253707,-4416036;160,-12,4;303,-47,17;307,4,-6;315,-13,3;325,18,-9;327,-42,9;333,56,-12
rua||4|vila orlandelia|27325800|25,-2253992,-4416149;37,-2,24;47,6,10;57,16,-3;65,-7,16;67,-2,4;69,8,-9;71,2,1;93,-2,36;97,21,-15;107,-4,0;115,-1,6;117,9,-1;127,10,19;135,1,0;137,4,2;141,15,3;147,1,5;161,13,7;185,23,15;187,-6,6;189,9,2;205,9,0;209,3,0;211,5,0;221,13,1;231,19,3
rua||4|vila principal|27338150|7,-2256397,-4414023;14,-45,94;15,13,7;22,86,-351;28,7,36;35,-102,310;39,102,-352;45,-137,363;51,146,-327;55,-144,324;67,-25,13;71,130,-116;73,-1,-2;77,-26,-2;128,49,-152;130,8,18;131,-2,-6;142,-2,17;148,0,-10;151,6,13;178,4,30;202,12,25;210,-1,32;261,-28,-127;263,7,15;267,22,102;273,-74,82;275,92,-39;281,-20,-23;283,-22,28;285,44,7;293,-110,70;297,10,-6
rua||5|roselandia|27338280|1,-2256901,-4416498;5,1,5;10,-3,0;23,44,-106;27,-1,15;30,-35,63;41,5,13;45,-12,7;47,32,-58;50,-18,29;57,16,-14;60,-23,26;70,19,-34;77,-7,18;80,11,-21;90,6,-18;93,-22,46;100,24,-46
rua||5|santa lucia|27340270|1,-2258536,-4417786;10,54,-15;20,-5,12;30,3,-8;31,-43,22;34,-3,0;48,-1,-9;60,-8,-7;70,-6,-1;73,-31,-33;80,28,22;83,-34,-37;93,-9,0;100,26,16;110,-8,-12;120,-17,-5;180,-53,-46;190,-18,-10;199,-25,-21;200,21,10;209,-28,-25;210,29,27;217,-20,-37;220,10,29;221,1,-35;230,1,33;239,8,-40;240,10,4;249,-4,-4;269,22,-16;270,-2,12;278,13,-5;279,-4,-10;280,20,9;285,29,-2;286,-22,4;287,43,-21;289,-55,13;290,26,-17;291,-25,24;293,71,-12;294,-180,87;295,120,-74;309,17,-5;310,26,7;320,-30,-2;330,-3,-3;340,20,-4;350,5,0;360,19,-1;370,23,-6;371,-7,0;373,11,-16;380,-1,18;390,9,-3
rua||5|vila principal|27338180|212,-2256492,-4413954;238,-14,-23;273,9,-81;275,-21,42;279,8,27
rua||5|vila principal|27338230|53,-2256445,-4414146;61,-12,17;71,-15,38;81,-12,12;93,103,-89;95,26,-30;97,-13,12;99,-14,31;101,-12,2;103,-11,20;105,-28,-16;116,-62,104;211,-18,37;215,15,-32;216,2,-17;235,6,108;239,22,13;257,3,-197;271,2,16;283,-48,124;286,-4,-15;288,2,0
rua||6|morada da granja i|27335680|7,-2253579,-4411994;11,9,-6;15,12,-4
rua||6|roselandia|27338280|31,-2256849,-4416614;39,-15,10;43,9,0;47,-21,6;49,-7,1;51,-6,4;53,-8,11;55,-9,-2;68,39,-18;80,19,-9;91,-64,25
rua||6|santa lucia|27340320|15,-2258561,-4417832;25,0,2;35,12,-2;45,21,-1;55,-28,5;60,32,-7;65,-9,-2;70,16,-8;75,10,-6;80,3,9;85,-2,-8;100,-16,13
rua||6|vila principal|27338160|69,-2256553,-4414084;107,-27,-3;109,-11,0;110,-3,-1;112,-17,-10;161,-16,0;162,-41,2;350,-108,88;351,18,-31;358,-29,81;359,21,-61;360,-3,-11;361,-11,32;380,-9,52;400,-6,25;410,88,-180;439,-40,25;480,-58,243
rua||7|loteamento santa rita|27336230|30,-2255689,-4410929;70,17,-9;79,-17,-8;82,29,-4;90,-6,15;98,20,-27;100,23,-11;120,11,-7;122,17,-13;124,13,-13;126,14,4;128,1,-10;130,4,-2;132,10,2;134,0,2;143,-17,-1;180,41,-8;183,12,-7;361,-167,106;367,350,-80;379,-335,74;383,7,-22;385,172,-80;386,8,3;393,97,6;395,2,-3;397,-301,90;407,206,-99;411,114,315;443,170,338;444,-6,23;471,-155,-663;480,-65,-7;482,38,7;492,30,16;512,71,70;514,3,13;523,24,51;556,26,183;562,-34,-149;564,-5,4;565,6,22;569,82,115;608,-50,2;635,-10,45;637,-67,-1;639,17,-11;650,-9,-2;660,5,-1;681,45,-16;700,36,-27;706,61,33;707,-1,-29;708,2,22;712,32,8;715,-13,-18;727,41,53;728,-27,-35;763,28,87;783,2,3;784,-24,20;793,11,-14;794,-12,14;823,-6,15;824,-20,25;833,13,-13;834,-28,39;843,21,-30;844,-28,47;853,32,-33;854,-33,40;864,0,-7;870,-21,40;874,50,-90;1023,-67,127;1100,-39,74;1597,-180,4
rua||7|morada da granja ii|27335080|125,-2253866,-4411928
rua||7|morada da granja ii|27335190|5,-2253864,-4411908;7,-3,-2;11,-5,-7;21,0,-9;61,-10,-40;135,1,17
rua||7|morada da granja i|27335282|90,-2253505,-4411644
rua||7|vila principal|27323740|350,-2256478,-4413606;352,-4,52
rua||7|vila principal|27338170|4,-2256513,-4413812;65,36,-100;67,-15,4;70,-24,19;75,15,-13;111,-8,34;129,4,30;151,0,23;251,13,61;271,7,65;281,3,5;283,-22,-115;284,10,47;285,-4,-42;291,19,125;301,10,8;311,-4,20
rua||7|vila principal|27338180|66,-2256472,-4413920
rua||8|loteamento santa rita|27336210|80,-2255323,-4410973;120,-78,35;122,26,-39;249,-100,75;250,-27,-13;251,-32,-9;458,-40,7;460,-69,67;464,66,-50;465,19,-18;466,-20,12;475,-31,27;486,2,-2;489,-19,10;491,-13,14;492,283,-122;498,-97,90;507,41,-25
rua||8|morada da granja ii|27335190|10,-2253766,-4411999;11,-5,7;20,-7,-11;21,9,11;34,-13,-4;50,-18,7;51,-10,11;59,-8,-2;60,1,1;61,-6,2;63,5,1;70,0,-7;71,-20,7;73,7,1;80,-3,6;90,-11,4;95,3,-3;100,-13,5;105,3,-2;110,-1,2;115,-9,7;120,0,-8;140,-38,12;150,-5,4;155,-4,4
rua||8|roselandia|27338280|55,-2256856,-4416642;57,1,-7;64,-3,9;67,-11,-5;70,4,5;77,-5,4;80,-9,1;86,7,1;89,-14,3;98,-4,3;101,-8,2;107,-23,10;110,32,-7;116,-16,4;120,-4,7
rua||8|santa lucia|27340330|57,-2258473,-4417733;67,12,-3;75,19,54;76,-8,-23;77,-10,-23;79,12,12;86,7,27;97,16,21;99,-21,-25;101,-3,-11;106,27,42;127,7,22;129,8,99;130,-45,-83;135,51,81;137,20,-75;139,-6,79;143,2,-25;149,-9,-32;150,-51,-21;156,47,1;162,3,7;166,1,14;176,9,11;180,-71,-36;186,64,52;196,-16,19;225,-5,3;245,15,18
rua||8|vila principal|27338130|66,-2256560,-4413793;76,-8,4;150,-147,142;200,47,-110;219,-17,10;220,-6,-3;230,-10,11;255,-33,77;315,147,-116;319,19,-5
rua||9|loteamento santa rita|27336180|39,-2255341,-4410929;49,-5,19;51,-18,12;91,-2,37;101,-2,23;111,-2,-6;125,-2,12
rua||9|loteamento santa rita|27336200|30,-2255347,-4410924;120,-40,97;130,33,-29;174,-124,63;204,-75,29;490,4,0
rua||9|morada da granja ii|27335080|2,-2253820,-4411923;12,0,2;14,-17,3
rua||9|vila principal|27338120|22,-2256487,-4413710;32,-16,26;33,-35,23;42,21,-23;123,-90,28;126,0,-14;133,-19,13;219,-47,0
rua||amaro wenceslau 1|boa sorte|27343000|5,-2255714,-4415447;7,27,-39;11,-3,6;23,-8,7;51,-26,18;59,-9,7;93,-22,12;99,2,5;105,-7,5;125,-21,21;143,-11,7;153,-13,9;159,-8,3;163,27,-22;165,-49,32;217,-9,12;219,-5,8;227,-11,8;243,-2,5;249,-11,-7;255,-9,7;289,-23,16;291,-15,-3;293,26,5
rua||f 2|nove de abril|27335550|23,-2254713,-4411608;26,-2,3;28,11,-8;33,0,5;43,2,2;47,9,-8;53,5,1;64,8,-3;73,5,-1;74,-3,10;76,4,-15;78,18,-2;82,-5,6;83,-12,3;84,16,-10;93,0,-1;95,13,-16;97,-20,4;99,-5,-18;101,4,4;103,25,10;117,7,-17;118,7,3;119,-10,7;120,7,-7;122,7,6;123,-10,-12;124,6,12;130,-25,16;143,35,36;146,7,10;149,-3,-25;150,-14,18;155,35,-5;156,-6,13;157,-50,57;159,34,-106;160,-13,41;162,-8,11;166,9,-15;169,-19,24;170,6,0;171,-14,1;180,16,0;187,2,12;190,-10,8;197,10,-3;207,-5,10;216,9,19;234,-16,-26;401,7,-130
rua||h 18|cotiara|27347550|1,-2254957,-4418435;2,-86,127;3,-3,-15;4,12,3;5,-2,-12;6,-4,0;8,16,-7;9,2,-6
rua||jose dos passos rua 4|sao genaro|27340540|22,-2259014,-4418440;24,-1,-1
rua||jose dos passos rua 4|sao genaro|27340550|15,-2259012,-4418438;180,79,23;200,-21,15
rua||rodovia lucio meira br 393|metalurgicos|27335000|341,-2253896,-4411421;393,-13,19;415,19,-3;493,-26,-42;495,-12,29;601,179,-25;603,0,-1;623,-33,10;643,16,-9;653,-2,11;703,-52,-2;723,-4,16;743,-5,-15;763,-14,-10;773,-6,-1;777,-24,32
rua||santana travessa 3|vila independencia|27347130|114,-2256642,-4418102;115,123,168;116,-6,4;117,5,-4;119,15,52;120,-1,2;148,36,-55;152,-6,27
rua||sem denominacao 1|colonia santo antonio|27353470|9,-2254841,-4424013;10,-12,-3;15,55,-33
rua||sem denominacao 1|loteamento santa rita|27336130|62,-2255392,-4410411;64,6,0;66,5,-1;76,50,-12;78,7,-4;82,15,-12;84,9,-3;88,16,-8;98,41,-17
rua||sem denominacao 1|loteamento santa rita|27336230|55,-2255371,-4410418;57,13,-4;65,55,-22;67,11,-10;73,16,-11;75,6,-3;77,13,-6;79,3,-1;87,36,-14;89,10,-4;91,-1,-4;93,14,0;95,7,-5
rua||sem denominacao 2|colonia santo antonio|27353470|17,-2254836,-4423941;20,25,10;26,-41,-27;30,-10,-27;32,-1,1;33,-6,18;34,7,12;35,4,11
rua||sem denominacao 3|colonia santo antonio|27353470|18,-2254815,-4423818;121,39,-20
rua||t 1|ponte alta|27332260|10,-2254049,-4413283;20,0,5;36,-1,8;46,-34,-5;49,-1,12;53,2,6;56,-6,-9;66,-7,0;76,6,3;77,-12,11;88,5,-13;89,-21,15;90,-18,0;91,10,20;97,-27,-16;100,7,-4;101,-14,4;108,2,-6;112,2,2;113,-15,5;115,6,5;118,4,-12;125,-24,14;128,14,-3;137,-22,3;138,12,-3;140,-19,-1;144,-10,2;148,-17,-5;149,19,8;151,1,6;158,-26,-15;161,23,2;171,-38,13;182,6,-11;185,3,3;188,-15,-14;197,7,17;203,-16,-8;206,-25,6;208,26,-15;209,-5,23;219,-20,3;228,-7,10;236,-3,18;240,5,6;250,-22,12;267,22,-28;268,-14,23;277,-4,3;278,7,2;287,3,-7;288,-16,31;297,10,-32;298,-4,38;307,-5,-16;308,-2,32;311,9,-23;328,-23,41;330,-8,12;332,5,22;340,19,-23;341,237,-165;375,-226,175
rua||t 2|ponte alta|27333200|20,-2254237,-4413119;29,-18,-33;30,14,21;31,3,-17;35,-37,1;41,24,-7;43,-22,-16;45,0,32;49,16,-2;51,27,-37;54,-10,12;56,14,-14;65,5,3;71,16,-13;74,-15,15;81,3,-13;91,19,-8;98,-2,12;1230,-40,54
rua||t 3|ponte alta|27332270|20,-2253915,-4413266;30,-14,15;42,-14,-4;48,30,-15;51,1,5;60,-31,14;61,19,-9;70,-37,12;71,29,11;80,-44,-5;81,28,5;92,-37,6;94,-30,-7;95,57,4;105,-13,-1;115,2,15;125,4,-17;129,-30,10;133,-31,-1
rua||u 1|ponte alta|27332290|5,-2253931,-4413281;10,4,-17;20,-6,39
travessa||326|ano bom|27323440|336,-2254173,-4416366
travessa||326|ano bom|27323641|35,-2254193,-4416348;40,8,2;50,3,11;60,11,3;65,-5,-1;75,14,8;105,26,23
travessa||3|cajueiro|27333602|146,-2254011,-4412931
