avenida|doutor|francisco vilella de andrade netto|centro|27330590|188,-2254725,-4416627
avenida|presidente|tancredo neves|aiuruoca|27320360|117,-2250737,-4419670;1015,-6,3;1025,5,-4;1035,14,-7;1045,3,-2;1055,11,-7;1065,8,-6;1075,9,-18;1085,24,2;1087,-18,0;1095,40,-14;1105,-8,-10;1115,-10,3;1125,-2,-19;1135,-3,-5;1139,12,-4;1147,10,-3;1153,-22,-28;1155,27,16;1165,-2,-15;1171,-9,-8;1175,15,-2;1185,3,-6;1195,8,-13;1205,4,-18
avenida|presidente|tancredo neves|aiuruoca|27320730|426,-2251105,-4419425;440,14,13;446,11,-19;466,6,-6;467,-16,25;476,15,-44;477,-14,30;480,62,-4;484,-44,-32;494,29,-8;497,-32,18;504,27,-10;507,-23,-1;514,25,-11;517,-10,3;529,9,5;534,21,-15;535,-23,18;537,17,-23;544,24,-9;554,6,-4;557,-24,5;564,36,-13;567,-31,0;570,35,0;574,5,-6;577,-29,11;584,30,-16;587,-26,13;588,37,8;594,9,-2;597,-35,-9;604,41,-22;605,-13,-22;614,10,28;615,23,-34;624,4,2;625,15,10;635,0,-17;637,-49,43;645,63,-40;647,-38,20;657,-4,-6;665,51,-30;675,17,8;685,-3,-22;694,-35,37;695,45,-32;704,-54,27;705,67,-31;708,-65,56;714,11,-34;715,73,-33;724,-65,37;730,8,-7;820,-1,-14;850,27,10;860,-1,-14;873,33,-13;883,2,-10;890,1,9;893,7,-18;900,-1,16;903,27,13;910,-24,-26;913,12,-11;923,5,-3;925,7,5;936,5,-8;953,6,8;956,8,-10;965,-11,-8;970,19,0;973,-11,4;975,5,-5;980,-25,51;990,46,-58;995,-8,-9;996,12,6;1020,14,-10;1030,11,5;1040,5,-9;1050,3,-11;1060,16,-3;1070,-6,-8;1074,11,-5;1076,4,-9;1078,-3,-10;1080,10,-6;1090,9,-5;1100,-2,-1;1110,18,0;1120,-3,-15;1122,-4,-3;1130,7,-3;1140,7,-14;1150,5,-2;1154,-4,-15;1160,12,-4;1170,11,-23;1180,-8,-6;1182,9,4
avenida|presidente|tancredo neves|belo horizonte|27320730|220,-2250621,-4419908;230,8,6;240,-3,10;250,-3,10;260,2,8;268,-10,8;270,9,10;274,-1,11;285,-3,10;689,-1,-6
avenida|presidente|tancredo neves|vista alegre|27320360|2,-2251430,-4419136;4,30,-3;21,-6,3;80,-3,-10;687,-11,12
avenida|presidente|tancredo neves|vista alegre|27320730|10,-2251398,-4419144;20,6,-4;30,2,-2;31,-1,7;40,3,-8;50,2,0;53,-29,-12;60,29,12;63,-15,-18;72,128,-40;73,-127,39;74,46,-10;76,-35,28;83,6,-26;84,165,-217;93,-142,206;103,-3,-3;104,-23,40;105,36,-33;107,8,-7;110,71,-15;114,-115,55;117,74,-66;124,34,9;127,-43,0;134,-5,34;137,10,-41;144,-71,65;147,84,-71;154,0,-4;164,17,5;177,-13,-15;185,4,-1;187,5,-3;197,-6,0;200,18,-14;203,-19,14;213,21,-17;214,0,1;217,3,1;224,16,-11;227,-10,2;234,18,-11;239,-3,2;244,-23,25;254,23,-25;257,10,-17;264,12,-7;267,-10,8;274,-36,42;277,38,-52;284,14,-7;287,-3,8;288,-47,46;290,1,7;291,50,-51;294,21,-12;297,-24,-13;298,32,4;300,0,0;302,-6,-8;304,0,1;305,17,-3;317,-24,10;327,10,-17;330,31,-25;337,-27,15;340,39,-24;347,-22,24;357,6,-7;367,4,-7;374,21,-26;377,-16,20;378,43,-32;381,-36,34;387,9,-2;397,3,-16;407,4,-3;417,14,0;420,3,25;427,2,-28;437,7,-11;447,10,-25
rua|deputado|jose leite nader|vila ursulino|27351120|30,-2252712,-4420242;38,9,4;45,9,-5;46,-2,5;54,12,-3;55,2,-6;62,6,3;65,3,-8;70,3,4;71,9,-18;78,-3,17;86,9,-10;91,9,7;92,-5,-4;99,5,0;100,1,-2;107,11,-13;108,0,10;116,9,-5;124,8,-4;129,10,-1;132,-9,1;139,14,-9;140,-2,6;147,12,-9;148,-5,6;155,9,-13;156,0,8;164,4,-6;172,7,-7;180,5,-5
rua|doutor|melchior porto nunes|verbo divino|27345230|16,-2254785,-4417811;26,-1,5;70,33,2;90,28,-6;100,29,-7;111,-87,153;117,9,19;120,-38,-1;126,120,-179;138,13,3;148,5,-8;158,22,-32;180,-121,152;184,3,16;190,-6,-2;277,182,-67;280,-199,91;320,-8,9;360,-5,7;363,36,20;380,-18,-39;390,-54,35;392,3,13;400,55,-28;420,-6,13;440,-1,3
rua|nossa senhora|de nazare|sao judas tadeu|27332050|20,-2254711,-4413803;30,-2,-9;31,6,22;32,-8,-25;38,-5,-9;40,-31,-36;41,41,66;47,-8,-15;89,-13,-25;91,13,8;97,-18,-21;107,-6,-9;113,-12,-13;119,-8,-1;159,0,-19;163,-12,-23;166,-3,-24;169,-11,7;171,-4,-19;176,12,10;186,-2,-15;243,-22,-13;253,-7,-1;263,-24,-20;265,3,2;266,-11,-5;287,-5,3;297,-17,-17;340,-4,-41;645,-67,-211
rua|prefeito|feres nader|boa sorte|27331330|187,-2255888,-4415525;201,-10,9;211,-10,22
rua|prefeito|feres nader|boa sorte|27338080|4,-2255846,-4415582;13,36,-63;14,2,-10;20,-12,12;25,9,6;27,-23,8;28,0,-8;31,14,8;37,-3,3;45,-5,11;48,4,-9;61,-7,14;126,-26,4;134,16,25;142,-38,15;158,-3,14;168,0,17;178,-5,-2;186,13,-5;188,-27,6;192,-15,18;210,-1,-8;220,1,31;230,-53,-10;240,38,18;251,3,36;252,-10,-36;262,-15,21;267,5,18;272,-3,-14;277,-3,20;280,-9,-14;296,-9,-4;313,-6,54;319,-10,7;325,-6,17;330,-25,2;340,-3,11;411,5,9
rua||15 de novembro|nossa senhora do amparo|27310470|22,-2238433,-4411289;30,-12,-4;32,-4,5;33,-4,1;34,-3,-6
rua||antonio leal de souza neto|santa rosa|27345200|54,-2253312,-4416662;57,18,13;59,-13,-11;88,-25,-2;89,4,8;99,-21,-10;102,13,0;109,-16,-4;110,6,-9;119,-6,7;120,-4,-12;138,-8,-10;143,-19,-73;148,13,51;149,-7,8;151,0,-77;155,3,1;159,-3,64;169,0,4;175,19,-67;200,10,36
rua||antonio pinto neves|ano bom|27323230|15,-2253891,-4417148;23,4,18;38,5,4;45,11,-4;260,12,-5
rua||antonio ventureli neto|boa vista i|27332370|90,-2255923,-4412139;96,-3,-10;146,17,36;156,10,12;158,10,13;160,4,8;1315,75,62
rua||antonio venturelli neto|boa vista i|27332370|91,-2255930,-4412176;105,18,36;115,9,1;139,1,18;143,-4,13;165,31,32;243,26,32;253,3,-2;263,16,7;273,6,7;1340,8,7
rua||antonio venturelli netto|boa vista 2|27336620|1315,-2255805,-4412025
rua||denisar leon do nascimento|vila ursulino|27351090|3,-2252978,-4420619;10,24,-10;13,31,-5;14,-25,6;16,12,-9;19,-3,1;23,1,15;33,-10,-14;43,-13,7;50,-142,51;56,239,-89;63,-113,48;368,-168,129;372,7,5;639,-3,-80
rua||dirceu custodio do nascimento|paraiso|27333100|10,-2254786,-4412227;16,-17,-2;26,-14,-22;30,13,-5;31,-13,2;32,2,3;34,-5,-3;41,-42,-370;44,36,330;53,-2,36;54,5,-40;55,-9,40;65,29,-72;75,-29,57;85,0,-9;95,10,-20;101,3,1;114,11,-31;124,0,-6;125,6,-24;131,-12,1;134,8,18;141,-18,-25;143,11,-2;147,0,0;151,-16,-22;184,17,-70;194,9,-19;206,-14,-1;239,-17,87;241,-12,-12;255,0,-16;257,16,-7;259,12,198;272,13,-146;274,-6,-11;275,-25,-60;276,23,51;278,2,-8;287,-5,-62;314,20,42;326,-28,-92;336,-4,-6;346,-2,-8;353,6,57;355,-5,-11;356,-7,-59;365,8,52;367,-4,-1;375,-4,-2;376,-3,-61;385,14,47;386,-18,-69;405,11,51;415,-5,-7;425,-9,-8;435,0,-29;445,1,-10;455,1,-61;458,4,5;463,4,-30;467,-18,71;468,21,-61;469,-24,54;470,16,7;471,-6,-22;475,-8,26;488,22,-84;501,32,-24;503,-26,7;510,26,-37;512,-5,1;517,0,-5;534,-11,17;536,-5,12;667,17,-27;705,10,-19;708,7,-9;709,-1,-7;710,10,-4;712,8,-2;721,-4,-5;725,25,-7;780,6,7;790,9,-13;830,-39,-44;833,-7,-7;845,-20,17;850,64,34;853,-68,-33;861,-2,8;863,-26,0;890,72,-13
rua||francisco vilela de andrade neto|centro|27330590|8,-2254894,-4416430;13,280,-337;24,-150,163;31,134,-154;33,-23,-9;41,9,9;51,-12,33;73,-2,11;87,-8,2;89,4,6;102,-292,375;103,278,-367;104,-276,344;105,296,-361;107,-32,25;111,4,18;123,-4,-3;133,-10,7;135,3,0;171,-10,-5;173,-1,37;175,-19,-24;186,-14,45;188,7,-11;201,0,9;213,-16,11;223,-4,22;224,-3,-44;225,-8,36;227,6,-5;233,6,7;237,-1,4;239,-19,3;243,3,3;245,-1,1;248,5,-35;249,-3,36;260,-15,6;271,-12,3;273,-5,-5;277,1,6;278,13,6;292,-11,13;297,1,-3;298,-7,3;301,9,-3;303,-5,6;307,39,0;314,-56,4;317,11,8;325,-6,2;327,-2,12;337,-14,-40;347,3,43;349,-3,4;357,-9,8;361,-7,15;380,-39,-33;381,28,44;382,1,-8;384,-30,-36;388,13,9;392,15,29;393,-6,11;401,-3,5;402,-13,-21;414,4,89;419,3,-64;429,13,29;430,-37,-13
rua||joao n da silva neto|boa sorte|27338200|7,-2256011,-4415456;17,8,-6;27,35,18;30,28,43;31,-3,-23;35,14,17;38,-6,6;51,10,-4;53,9,0;63,-20,-3;65,8,17;66,9,5;70,7,-8
rua||joao nunes|boa sorte|27338200|257,-2256044,-4415475
rua||joaquim nicolau|belo horizonte|27320270|12,-2250566,-4419816;22,-4,4;25,9,-1;30,7,-4;35,-5,-1;40,9,-7;45,-13,-32;50,22,35;55,-16,-38;65,17,9;69,16,28;96,-1,-9
rua||jose barbosa neto|nove de abril|27335240|21,-2254285,-4411526;22,4,8;31,-9,-9;32,4,6;41,-15,-18;42,7,5;46,-8,-9;48,0,1;50,-3,-9;51,2,3;52,-9,-17;54,-8,-9;61,12,18;71,-7,-2;76,41,50;81,-45,-59
rua||jose carlos vieira ferraz netto|morada da granja ii|27335100|391,-2253556,-4412028;399,4,-4;415,-6,-14;435,4,-20;455,2,-19;475,-12,-10;485,7,-6;495,-6,-14;505,1,-7;515,-16,-13;525,9,-9;545,-9,-16;555,-9,-10;565,-9,0;575,-8,-5;585,-7,-7;595,-11,-6
rua||jose carlos vieira ferraz netto|morada da granja i|27335100|13,-2253454,-4411668;15,-4,-9;17,20,22;19,-26,-27;20,-17,-22;21,12,22;23,-2,-14;25,-2,2;29,-2,5;30,-4,-13;40,-3,-14;47,-1,18;50,-1,-22;55,1,12;57,-373,-190;60,371,168;67,-4,12;70,6,-22;77,-8,12;80,2,-22;87,-2,12;90,1,-25;97,-6,12;100,7,-14;107,-8,5;110,1,-14;117,-2,6;120,2,-18;127,-5,4;130,4,-12;137,-10,6;140,6,-16;147,-4,9;150,0,-20;155,-3,13;160,2,-27;170,-3,-4;177,-3,5;180,2,-15;185,-2,10;186,-1,-13;190,-4,-7;195,-1,5;200,4,-10;205,-7,1;206,7,-6;213,-5,0;220,0,-12;221,-1,4;229,-6,-5;230,8,-10;239,-8,-3;240,-2,1;249,-2,-14;250,-10,-1;257,12,-5;260,-10,-4;267,4,-1;272,-5,-5;277,5,-8;280,-1,-1;287,12,-16;297,-13,-3;300,-5,-5;305,-10,-7;310,8,1;313,-1,-4;320,-5,-11;323,3,3;326,5,-9;330,-4,-10;333,-6,7;340,8,-13;343,-9,-1;350,6,-9;353,-6,8;360,2,-11;370,4,-4;380,-4,-5;390,-1,-7;400,-1,-6;410,1,-3;420,5,-34;456,-10,-48;486,0,4;496,1,-8;506,-1,-8;516,-4,-13;526,-5,-9;536,-5,-4;540,-6,-15;546,-1,7;550,-10,-12;560,-5,-6;570,-15,-10;580,-2,0;590,-8,-6;600,-7,-4
rua||jose novo|saudade|27350050|19,-2253268,-4418934;29,-9,-6;35,25,-3;38,-27,33;40,4,-33;42,14,10;50,25,5;100,21,-3;122,5,50;123,1,2;134,-6,2;149,5,5;159,10,5;169,11,18
rua||luiz ferreira naves|nossa senhora de fatima|27351700|2,-2253683,-4420203;26,32,12;36,-3,3;39,-5,-5;46,-4,6;49,-7,-3;59,-6,2;60,-1,3;61,-21,-4;66,23,-22;68,-1,21;80,-18,-21;90,-12,25;102,-14,2;112,-8,-13;122,-16,4;125,7,8;132,-15,-12;144,-1,14;146,-3,-10;829,115,0
rua||mario novaes|vila nova|27321060|18,-2251937,-4418863;30,-3,13;55,6,13;64,-7,-6;74,-3,13;75,5,-3;77,1,8;88,-7,9;89,2,-2;90,-2,7;95,0,4;99,4,7;100,-4,7;106,-1,11;107,-2,11;108,-2,-9;109,5,12;110,13,0;111,-13,-25;112,0,18;118,-2,12;121,-10,7;122,8,13;123,1,-41;124,-5,46;131,0,2;137,-3,-32;141,6,44;142,-4,5;149,-3,15;152,5,-11;159,0,3;160,-4,11;161,9,6;165,-18,-8;168,17,25;175,-9,-16;187,-4,20;189,-1,-3
rua||napoles|goiabal|27340400|25,-2258481,-4418117;35,12,3;42,-1,6;44,28,-3;45,-16,-9;47,12,-2;54,14,9;55,-9,-27;57,-1,24;62,19,-1;64,-4,-1;65,-5,1;74,11,-1;75,1,-6;84,12,6;85,-9,-2;94,14,1;95,0,-5;104,1,1;105,3,-2;115,5,-3;120,18,0;125,-5,7;130,1,-4;135,13,-2;145,5,-1;148,-5,4;150,1,0;155,10,-7;158,7,4;165,12,4;175,9,-12;180,44,-16;185,-42,21;195,11,0;205,5,4;215,9,-9;225,24,5;235,-7,4;236,0,-3;245,6,1;246,7,0;255,-6,-3;265,26,8;266,-8,-7;276,4,7;285,15,4;288,0,-1;295,26,5;297,1,-1;299,7,1;306,-22,3;308,12,-3;682,-266,0
rua||niteroi|roselandia|27338450|42,-2256726,-4416357;45,0,2;46,-2,30;75,-3,-39;77,7,-14;79,-8,-11;87,-9,-10;88,13,23;97,-10,-28;98,7,13;108,-2,-1;118,7,-13;123,-14,-11;125,-2,-3
rua||nove|colonia santo antonio|27353100|20,-2253737,-4421785;68,74,-23;70,4,-1;72,8,-2;76,-63,20;83,8,-7;86,12,0;93,9,-6;103,4,0;113,5,-8;123,8,0;142,27,-6;143,-9,7;152,15,-3;153,-10,2;162,19,-5;163,-12,-2;164,18,-1;165,-3,-4;166,11,0;175,-5,-4;183,7,3;192,4,1;195,0,-2;202,11,-3;205,-6,-1;212,14,-5;242,17,1;243,-14,-2;252,30,-16;253,-23,14;273,12,-3
rua||nove|colonia santo antonio|27353220|1,-2254012,-4422696;2,6,6;11,-2,3;12,-5,-5;21,10,11;22,-4,6;31,2,-1;32,4,5;41,-5,3;42,7,6;51,2,-3;52,-4,7;61,-3,7;62,2,-3
rua||n|boa vista 2|27336600|5,-2255324,-4412106;8,85,3;9,-93,-5;15,10,-21;18,17,-7;20,65,-109;25,-81,111;26,15,-18;28,61,-100;30,4,-3;32,-61,105;40,46,-108;50,0,-8;60,-11,-9;66,-25,125;70,28,-135;73,-4,11;76,-22,102;86,2,-6;87,-23,23;89,11,0;91,6,-16;95,-2,-4;96,20,-12;99,-15,6;104,22,-14;107,-8,-1;113,3,-2;118,0,-10;120,10,-14;123,-6,13;126,8,-1;128,-1,-7;133,6,1;143,-1,-8;153,12,-20;159,0,10;728,-64,138
rua||n|floriano|27365340|11,-2245753,-4429040;12,13,15;13,-10,-29;15,9,13;16,2,14;17,-9,-16;18,0,3;19,-2,-25;20,-27,-12
rua||osmarino oliveira novaes|vila elmira|27332020|600,-2254172,-4413778;610,-34,50;612,-2,6
rua||osmarino oliveira novaes|vila elmira|27332080|211,-2254179,-4413720;288,33,58;290,20,-3;298,-24,-22;400,13,-20;401,-15,16;410,19,-23;411,-6,1;420,13,-9;421,-9,1;430,23,-22;440,-5,-7;445,-17,20;451,4,0;460,-8,12;461,21,-42;464,-19,54;471,25,-56;476,-3,-19;481,4,3;485,-27,-11;491,-27,2;585,6,9;593,-8,30;600,27,45;615,-37,-27;631,1,16
rua||paulo luiz nogueira|cotiara|27347400|36,-2254802,-4418620;39,20,4;40,-14,-1;44,0,15;169,-45,138;170,13,11;171,-9,-8;172,28,21;173,-31,-9;175,6,3;176,-8,-12;185,-5,-4;191,-1,-6;192,5,5;201,2,-46;202,-11,30;205,1,-49;212,2,32;222,-1,-4;223,6,-43;225,-6,35;232,2,-8;234,-14,-1;236,12,-15;251,19,-28;252,-20,17;253,11,-10;274,1,4;287,82,-106;288,-83,101;297,23,-24;299,-9,18;300,2,-7;307,9,-13;308,-6,7;317,16,-18;320,-2,6;325,27,-38;329,-25,32;338,7,-4;342,0,-3;348,2,-7;356,10,-2;364,4,-3;370,5,-12;374,0,3;378,3,-1;384,-6,-4;390,3,-14;400,9,1;416,14,-18;420,5,-6;430,7,-10;450,6,-4;465,-7,-10;470,10,3;474,4,-9;475,1,0;477,-2,-31;480,9,23;485,-6,-11;499,13,7;505,0,-4;510,-3,4;515,8,-16;522,9,1;525,4,-14;530,-4,18;535,6,-25
rua||quinze de novembro|centro|27310470|9,-2253867,-4417640;14,21,-15;19,-19,9;25,10,5;28,-15,-26;35,19,11;38,-11,-2;42,11,6;50,45,-12;51,-51,18;55,9,-17;60,-1,-5;72,12,-10;79,6,-8;86,7,1;91,-7,-20;96,4,10;99,5,-8;109,4,-5;112,1,-3;118,-5,-11;148,25,-35;156,-2,14;162,-1,-4;164,1,5;170,3,12;172,0,-29;174,-2,-1;180,5,-3;184,11,-8;186,1,-1;190,-5,0;200,10,-10;218,8,-14;220,3,1;230,-3,-15;246,16,-4;248,-7,-7;250,-1,-3;256,4,-6;262,-2,-6;270,7,-8;271,7,0;273,-117,30;280,126,-41;298,-3,-9;299,-14,2;300,5,-8;301,3,-3;302,5,2;304,0,-6;305,-8,16;306,11,-14;308,1,-14;319,4,-2;327,-14,4;336,4,8;340,7,-3;342,-3,-23
rua||reduzino neto|vila coringa|27321180|14,-2252840,-4418066;30,11,12;43,-8,-5;82,-10,-30;92,-13,-13;95,6,5;97,-1,-3;103,-19,-22;114,16,-3;124,-5,11;126,-1,-37;142,6,-13;150,4,-5;208,-44,-131;254,30,49;273,-13,106;283,11,-9;325,7,-12;327,0,-8;329,5,-12;334,8,-5;335,-17,-2;337,20,2;339,-7,-13;340,-5,18;343,12,-32;344,19,29;345,-30,-47;348,25,19;350,11,36
rua||risoleta neves|morada do vale|27351150|39,-2253304,-4419705;40,31,4;60,-34,-25;70,-11,-68;80,-8,1;100,-2,-29;110,-2,-27;126,-1,-42;130,-13,-12;170,-6,-47;180,6,-9;190,-6,-19;210,-5,-15
rua||risoleta neves|santa maria ii|27351150|7,-2253397,-4420138;68,-19,-6;88,-6,-34;102,-8,-15;228,-27,-108;238,5,-12;240,63,232;246,-58,-165;248,-7,-73;256,-2,62;258,7,-73;260,53,225;270,5,-3;276,-59,-173;278,-7,-10;288,9,-70;296,-6,-12;300,2,-5
rua||tancredo neves|vista alegre|27320730|10,-2251076,-4418909;20,-14,5;25,-2,8;26,20,-39;27,-45,26;28,-26,-3;29,37,12;30,-42,-16;31,22,10;32,3,-4;33,-1,-4;34,9,10;35,7,-6;36,11,16;37,4,-4;38,-51,-16;39,69,24;41,1,14;42,10,16;43,14,-10;44,6,25;45,-25,-30;46,27,24;48,10,14;54,15,21;65,13,15;90,-17,-18
rua||tancredo neves|vista alegre|27332350|56,-2251050,-4418923;57,6,-2;58,3,-7;59,8,-13;60,0,1;70,47,54;72,-25,-75;79,-62,57;82,69,-56;86,12,-8
rua||tancredo neves|vista alegre|27350190|5,-2251077,-4418956;15,-3,29;49,43,-10;51,6,-2;53,15,-5;55,-8,-29;66,77,-19;79,-125,88;81,72,-53;89,-69,72;109,2,8;115,4,10;116,98,-120
rua||virgilino alves nogueira|goiabal|27340140|23,-2257578,-4417361;31,7,-17;39,-31,-1;43,13,-15;47,-18,14;73,-9,-3;75,4,0;79,-2,21;97,-38,-34;99,5,10;101,-6,-11;105,-50,-17;114,58,29;115,-6,-7;124,-8,-3;134,12,-10;146,-23,-1;158,-9,-2;165,-19,-8;168,14,7;175,-20,1;178,13,-20;180,9,12;185,-35,0;188,17,-3;194,-8,-7;195,-16,10;198,13,-9;202,-13,2;205,20,9;208,-25,-20;220,-21,-4;296,-38,-28;301,6,9;307,-42,-12;309,-11,1;311,-8,-5;315,-3,-10;321,34,13;325,-48,-15;331,75,28;335,-78,-32;338,54,26;345,-66,-28;354,38,5;355,-46,-7;360,37,7;365,-36,-8;366,34,5;367,-37,-22;369,-23,-1;370,60,24;376,-18,-8;386,-3,-1;396,-5,-3;400,-16,-4;401,-16,13;405,-2,-17;415,-12,-2;425,-4,-3;428,18,-2;438,-4,-1;453,-24,-9;454,-4,0;463,-13,-5;464,3,1;473,-11,-2;474,5,-12;481,-5,7;482,1,-9;491,-15,7;501,-7,-3;525,-10,-8;526,8,-8;533,-12,2;534,0,4;535,-11,-5;544,5,-5;545,-2,8;554,-9,-16;556,35,17;564,-44,-21;565,10,15;574,-20,-14;575,9,8;576,-9,-11;585,4,10;590,-13,-9
travessa||benedito nascimento|centro|27310160|744,-2254636,-4416596
travessa||benedito nascimento|estamparia|27310160|24,-2254861,-4416000;25,-7,-11;26,-6,3;27,3,2;29,-7,-8;31,17,7;33,-27,-9;34,5,5
travessa||henrique firmo do nascimento|vila nova|27321220|1,-2252352,-4418865;20,-31,3;30,-1,-12;40,3,9;43,3,-7;45,0,-3;50,-3,-5;51,-5,-10;59,-12,-13;60,8,7;64,-12,-4;70,-17,-2;85,5,-12;2207,44,56;2219,2,-3
travessa||nicodemos|estamparia|27330210|121,-2254934,-4416026;441,52,65;443,2,2;445,-63,-61;447,-1,0;451,24,-7;457,1,49
travessa||quinze de novembro|cotiara|27345212|9,-2254454,-4418078;11,4,0;21,-15,-8;23,29,1;33,-37,-5
