alameda||dos sabias|pontal|23942345|11,-2294737,-4432899;31,16,-31;40,-22,49;53,5,-19;75,14,-24;80,-24,34;83,45,-41;85,-13,-7;94,-20,-8;95,24,9;102,12,-29;109,-26,51;110,0,-3;126,33,-37;153,-151,912;166,116,-912
alameda||dos sairas|pontal|23942363|1,-2295076,-4432195;3,21,-105;4,-4,44;5,7,-48;6,-1,14;8,12,-57;9,0,-8;10,1,-3;11,3,-8;12,1,-2;13,-83,426;25,55,-270;29,-13,41;33,37,-202;93,-52,268;212,42,-233;394,-37,222;400,-8,15;412,104,-294;416,-123,407;501,6,-5;510,-17,70
alameda||jose lopes de souza|gamboa do belem|23936000|90,-2295577,-4430098
alameda||seis|praia do jardim|23907205|1,-2300753,-4429410;2,7,-1;3,4,-7;4,6,4;5,1,-2;6,-12,1;7,23,5;8,-16,-9;9,18,-6;10,-11,10;11,20,4;12,-1,3;13,8,-19;14,-2,11;15,12,-3;16,-12,-5;17,15,5;18,-3,-4;19,13,0;20,-5,-1
avenida||ayrton senna|praia do anil|23904010|213,-2300602,-4430770;317,4,-12;580,92,-227;600,5,-68;650,-11,-42
avenida||jose andrade sampaio|parque mambucaba|23954050|1,-2301329,-4454215;2,6,3;3,18,23;4,-20,-12;5,16,27;6,-38,35;7,28,-22;8,-19,37;9,-132,33;10,107,-69;11,4,-2;12,8,9;13,4,5;14,2,6;15,10,-29;16,-8,41;17,-128,37;18,124,-73;19,-81,35;20,87,-36;21,-4,-3;22,10,20;23,-64,30;24,80,-25;25,-94,31;26,78,-14;27,-43,3;28,51,-6;29,-67,-6;30,79,-3;31,-41,-71;36,55,-21;37,-35,26;41,68,-71;43,10,-7;45,-31,41;47,4,-20;57,66,-68;124,-219,269;141,1,-30;142,-18,8;166,25,-26;174,1,-2;204,14,-2;214,10,-22;224,13,-6;244,-2,-3;304,52,-47;328,15,-18;412,48,-51;432,4,0;442,27,-27;470,14,-25;472,-5,11;473,-1,-4;492,11,1;512,12,-11
beco||do souza|monsuaba|23916065|615,-2300723,-4421750;647,-3,-2;699,16,-11;721,7,-3;733,3,0
caminho||pedro correia da silva|morro do santo antonio|23902630|57,-2300544,-4432108;275,9,-11;350,-30,17;354,31,3;363,-42,19;366,-2,-29;389,12,6;402,13,-9;403,-5,10;405,-2,10;416,20,-26;464,53,-72;473,-61,84
escadao||francisco severiano soares|vila historica de mambucaba|23951310|633,-2302485,-4451820;634,-1,1;635,39,151;637,8,-38
escadaria|senhor|moacir dos santos|morro da caixa dagua|23935142|494,-2300263,-4431968;505,-9,18;589,8,27;590,-15,-34;741,17,-1;769,-10,19
escadaria|senhor|moacir santos|morro da caixa dagua|23935142|112,-2300255,-4431931
escadaria|senhor|severino|morro da caixa dagua|23933218|338,-2300238,-4432008;341,-38,17;343,35,-30;345,10,17;352,6,-16;371,13,-16
escadaria||lincon correia da silva|morro da carioca|23900285|36,-2300868,-4432282;56,3,-14;153,-18,52;155,13,-21;174,-14,7;500,-4,-60
escadaria||sete de setembro|sapinhatuba iii|23910615|39,-2300710,-4429093
escadaria||vinte e sete de setembro|sapinhatuba iii|23910615|39,-2300716,-4429093
estrada||fazenda engenho da serra|itanema|23906570|14,-2291622,-4435564
ladeira||joaquim jose da silva|balneario|23906060|544,-2299800,-4430958;556,3,18;560,9,-2;570,-22,-32;592,20,27;597,-22,-2
ladeira||maria jose silva|campo belo|23932530|5,-2298215,-4430055;10,31,-1;13,-45,13;30,-26,39;43,11,-21;56,10,-10;57,2,1;96,22,-18;100,12,-2;126,16,1;135,-63,26
rodovia||rio santos|agua santa|23915500|1,-2300502,-4423040;2,7,-13;3,13,8;6,-4,48;24,-9,11;30,-51,-88;38,16,65;47,-9,-10;49,3,-1;50,26,-22;52,-14,22;54,43,27;55,-9,-34;74,-52,-63;75,-28,-13;76,-23,-18;77,18,36;79,-71,-50;82,160,135;105,12,-33;178,-36,-35;195,-8,18;225,10,20;255,13,-8
rodovia||rio santos|bracui|23943000|1,-2293184,-4439059;2,-19,13;3,23,-5;6,119,509;7,2,11;10,54,204;11,-2,-2;14,-49,-182;503,28,102
rodovia||rio santos|caetes|23919000|30,-2303668,-4418324
rodovia||rio santos|camorim|23912400|1,-2299838,-4426621;6,-82,-157;7,-29,-12;8,51,84;12,-25,-78;88,-28,-25;205,99,179;248,22,-86;267,-65,-20;359,-60,-59;362,101,6;387,-79,-26;393,-26,-33;395,-1,12
rodovia||rio santos|frade|23946000|45,-2296018,-4443818
rodovia||rio santos|gamboa do belem|23936130|41,-2295592,-4430285;54,-51,151;76,9,-10;423,46,-263
rodovia||rio santos|gamboa do bracui|23954370|858,-2293582,-4440754
rodovia||rio santos|garatucaia|23918500|1,-2303139,-4417371;2,9,12;3,-1,13;4,-6,-70;5,1,-1;6,6,34;7,-6,-40
rodovia||rio santos|gratau|23945000|1,-2294920,-4443459;2,-152,-90;3,-278,-264
rodovia||rio santos|itanema|23943000|34,-2292698,-4437464
rodovia||rio santos|jacuecanga|23914000|45,-2298999,-4424116
rodovia||rio santos|lambicada|23913000|3,-2298864,-4423960;6,-166,-446;10,113,388;32,39,51;33,-20,-46
rodovia||rio santos|lambicada|23913400|1,-2298976,-4424263;2,-6,9
rodovia||rio santos|parque das palmeiras|23906570|33,-2300138,-4429814;136,-17,1;702,19,0;756,-22,8
rodovia||rio santos|sapinhatuba iii|23907000|35,-2300744,-4429237
rodovia||rio santos|sapinhatuba ii|23910300|1,-2300175,-4429726;2,3,7;4,14,23;35,22,-63;129,2,54;276,-22,-49;286,-35,60
rodovia||rio santos|sapinhatuba i|23910000|28,-2300027,-4429733;116,-71,-31;179,50,-26;187,21,39
rodovia||rio santos|sapinhatuba i|23945000|1,-2299948,-4429961;2,27,12;3,-32,2;6,30,50;17,-31,-4;25,-17,-24;64,12,53;90,-15,-44;310,-3,24
rodovia||rio santos|village|23914295|45,-2299002,-4423324;440,-123,-3;1115,253,4;1116,29,3;1118,5,-14
rua|arcebispo|santos|centro|23900160|14,-2300992,-4431956;16,21,-13;17,8,121;20,9,-126;22,10,1;23,-8,121;27,4,-2;31,-8,-10;34,-5,-120;35,11,116;46,-10,-115;80,11,-25;95,-4,80;97,6,12;101,5,-5;104,-6,21;105,-1,-31;109,-2,-7;113,15,-5;131,-3,-27;135,0,22;146,-2,-11;182,-3,-59;190,-5,-8;196,-14,2;198,6,0;199,1,-2;208,-2,3;209,18,-13;243,-20,-28;251,1,-12;260,0,-10;262,18,-3;275,-11,-4;293,-10,-19;295,-9,-1;303,3,-7;307,2,-12;311,2,-3;337,-19,-28;345,-1,5;371,-11,-17;379,-17,-19;386,46,298;401,-53,-294;403,6,-9
rua|desembargador|altenfelder silva|centro|23900320|21,-2300621,-4431718;25,31,-12;36,-3,-4;39,5,2;46,6,-7;47,-3,1;50,8,-2;54,20,-15;55,-30,2;57,13,5;66,1,2;69,3,-9;75,8,-2;76,0,5;77,0,-6;84,3,0;87,7,-7;97,11,-2;98,-11,2;113,18,-12
rua|doutor|herminio sardinha|vila do abraao|23968019|9,-2313921,-4417077;14,-35,-5;20,-48,36;22,7,10;24,-10,6;26,7,-1;29,-3,3;30,-32,36
rua|doutor|leo correa da silva|centro|23903100|88,-2300519,-4431861;106,6,8;110,11,3;112,-18,9;116,29,0;118,-31,2;122,32,7;130,17,18
rua|doutor|leo correa da silva|morro da caixa dagua|23903100|17,-2300548,-4431922;31,5,8;37,1,7;49,12,18;58,0,-2;65,12,6;71,-2,13;188,-19,-82
rua|doutor|leo correa da silva|morro do carmo|23903100|26,-2300452,-4431791;107,-55,-61;113,13,2;123,11,20;131,8,16;139,1,4;141,14,17;418,21,46;440,-8,-3;450,10,3;452,17,-33;454,-20,19;458,4,35
rua|enfermeiro|carlos de sousa|garatucaia|23900050|1,-2302392,-4416607;3,6,25;5,0,-2;6,29,-29;7,-34,37;8,2,-6;11,-25,25;12,8,0;13,78,-124;14,4,4;15,-6,8;16,0,8;21,-98,109;22,-6,6;23,2,-5;24,-16,11;26,0,-3;27,-19,6;28,16,-4;29,-25,5;30,-18,12;32,-1,-1;33,-14,1;34,142,-62;38,0,14;40,-3,2;43,-1,8;44,-2,0
rua|irmao|manoel dos santos|sapinhatuba iii|23910665|6,-2300741,-4429178;12,-9,-12;20,10,-47;29,-34,129;30,8,-40;34,-3,26;45,-27,15;71,36,-93;73,10,-11;76,-8,4;78,2,21;92,0,4;93,8,2;126,3,15;143,-7,30;188,-29,21;195,-8,-18;203,-9,25;295,-29,32;330,30,-36;558,56,-77;589,36,-71;5499,-103,150
rua|professora|alice kury silva|vila do abraao|23968047|38,-2314028,-4416904
rua|professor|jorge salomao|bonfim|23909100|47,-2302054,-4432917;117,-10,-19;198,-20,-2;210,-14,28;217,38,27;228,-41,-24;240,14,48;274,18,-6;290,-29,46;300,-10,5;487,29,-20;488,19,-68
rua|rei|salomao|parque mambucaba|23955540|7,-2300613,-4452729;8,-4,-1;28,4,3;29,-22,-30;40,31,48
rua|rei|salomao|parque mambucaba|23955563|30,-2300538,-4452645
rua|sao|bernardino de sena|morro do santo antonio|23900350|2,-2300690,-4431933;7,18,-17;10,-2,13;18,8,-14;25,-33,13;26,38,-6;27,5,-3;34,0,-2;35,5,-13;41,12,0;42,-7,1;48,-38,1;52,-6,12;53,-1,-26;58,57,7;60,-43,26;66,54,-25;69,13,-8;72,-10,3;77,1,-15;82,-1,11;86,16,3;570,2,13;574,31,-33;576,-11,23;578,-19,-7;590,-5,-11;595,-21,6;604,8,-4;608,15,-9;618,-13,-3;621,-8,-15;630,-10,-13;634,0,-6;636,16,19;640,-17,-32;642,-9,-12
rua|sao|sebastiao|belem|23935045|70,-2295979,-4429414;88,4,-6;94,16,3;98,-9,-10;124,14,-8;125,22,-2;126,-8,-3;127,14,-8;155,33,-35;168,-20,23;174,10,-5;186,7,-3;190,9,-8;191,9,-6;192,-1,-2;204,11,-1
rua|sao|sebastiao|frade|23946010|8,-2296204,-4443821;12,14,16;14,-59,410;17,-23,-45;22,72,-387;23,-92,369;24,22,4;26,54,-233;28,-8,80;36,-53,139;37,-7,2;38,18,64;39,23,-38;41,-29,-48;43,7,73;54,88,-382;60,21,4;62,-14,4;64,-77,312;66,-11,-10;74,68,-203;80,34,-96;81,3,5;90,-81,274;96,88,-274;100,25,30;101,-19,-17;105,21,16;107,-20,-20;110,-86,261;116,118,-230;117,-2,-6;123,-18,-14;124,-27,-18;125,63,35;126,-29,58;127,50,-20;128,-16,-30;129,5,8;130,2,8;131,-39,-42;132,44,28;134,-49,-25;137,8,9;140,-75,202;145,78,-205;146,25,287;150,-110,-71;154,118,-140;155,-25,39;156,-8,-114;157,10,4;164,-82,196;166,3,-2;167,-2,0;179,93,-179;182,9,6;186,3,-2;202,13,12;210,-103,182;217,7,-75;218,79,-71;219,-78,103;223,11,-7;224,5,-1;225,-15,-28;226,17,24;232,67,-90;237,-61,84;241,12,-13;243,-14,-10;246,31,-9;247,-27,27;252,-9,-181;255,14,172;264,48,-46;276,-13,11;313,4,-3;318,-38,41;323,8,-5;325,-3,3;331,-8,12;336,-1,2;365,-9,48;381,100,-113;437,-171,129;449,-6,8
rua|sao|sebastiao|sapinhatuba iii|23910675|11,-2300865,-4429239;40,6,51;43,58,-62;53,-53,7;63,16,-1;69,10,-2;77,-2,-6;79,-13,8;89,-2,-9;133,-36,30;139,-5,0;149,-6,16;163,10,13
rua|sargento|ayres da silva|morro do carmo|23903030|4,-2300451,-4431439;17,-4,-19;28,10,5;29,-5,-15;31,6,0;33,-3,4;41,5,-15;42,9,6;47,-8,-7;51,0,-4;60,8,-16;69,-2,-2;70,0,2;86,3,-20;96,3,-6;104,3,-3;116,-23,-27;126,9,-5;142,-5,-13;150,-1,-4;158,2,-9;170,-6,-7;178,2,-11;180,2,3;186,-6,-12;198,0,-18
rua|sargento|ayres da silva|morro do carmo|23903040|121,-2300437,-4431553;123,-2,1;131,-3,-13;143,-2,-9;151,-1,-5;161,-1,-2;169,-3,-32;177,-14,6
rua|sargento|beanor joaquim de souza|morro do carmo|23903050|26,-2300317,-4431349;46,25,-19;172,16,11;174,-2,32;200,29,4;206,-10,13;208,9,27;236,22,57;238,-6,-61;240,5,15;286,8,27;290,0,7;322,-9,30;326,10,-17;403,3,49;404,-3,-14;408,4,22;410,-11,21;412,1,2;422,-11,12;456,0,16
rua|sargento|jose da silva|praia do anil|23904090|17,-2300426,-4431051;29,20,-51;39,-7,61;51,7,21;75,20,41;77,5,-26;95,27,45;107,5,16;113,-10,-10
rua|segundo sargento|beanor joaquim de souza|morro do perez|23903050|19,-2300206,-4431361;29,-102,4;47,3,-3;55,10,-7;67,13,-9;69,3,-10;71,4,-9;106,74,82;107,7,-11;109,-37,-46;110,-44,-35;111,47,23;117,-47,-18;122,77,17;123,-17,1;124,15,-8;125,-76,-5;129,7,13;133,57,41;134,25,40;135,-36,-59;136,28,41;137,-7,-1;140,-13,-30;145,-7,-8;157,3,0;163,-36,2;173,17,17;187,-1,7;195,39,46;197,-22,-36;199,18,-43;207,-39,53;233,4,24;239,8,2;243,7,22;245,17,-17;247,-36,-54;283,24,82;293,-1,9;303,2,12;313,1,12;326,-5,-185;329,7,208;333,-12,35
rua|tabeliao|manoel onofre de souza|morro do carmo|23903160|2,-2300494,-4431561;4,-5,-8;16,-7,2;17,5,-5;26,21,-18;31,-26,2;33,-6,-14;36,3,15;46,-4,-20;61,-4,12;71,4,-18;81,-1,-7;83,-13,-21
rua||1 heloisa de luca goncalves simoes|praia das goiabas|23951000|3,-2302551,-4451301;4,-15,-2;10,0,11;11,33,-2;12,-5,7;13,13,-6
rua||abilio silva|morro do perez|23903190|551,-2300324,-4431092;561,9,0;603,3,-61
rua||adamastor venceslau dos santos|cantagalo|23918510|1,-2302732,-4417216;3,-12,-116;20,-36,-47;60,34,34;116,-36,-40;120,2,-50;121,27,-7;122,-30,38;123,41,-37;126,-20,95;127,17,-76;128,8,26;139,20,-34;174,-54,171;513,7,-59;605,-20,5;612,36,-39
rua||adamastor venceslau dos santos|cantagalo|23919500|13,-2302812,-4417455;60,-66,-87
rua||airton sena|parque mambucaba|23955488|6,-2300707,-4452246;14,43,-6;20,-6,4;38,-18,-29
rua||aluizio silva|morro do carmo|23903000|20,-2300418,-4431416;38,8,6;40,-4,-8;46,7,-8;50,8,27;192,-19,-32
rua||aluizio silva|morro do carmo|23903010|5,-2300428,-4431418;8,-120,-350;15,133,347;21,21,4;25,-17,-202;80,24,222;106,2,-20;109,1,-33;112,2,16;122,1,-15;123,0,1;125,-5,-6;132,7,0;142,-3,-11;143,10,-11;145,-9,-3;152,-2,-1;157,5,-9;160,-4,9;170,0,-12;174,-1,-6;175,1,10;180,2,-9;190,6,-14;195,-6,-2;208,-5,-15;213,1,-8;220,8,-9;227,-7,4;229,1,-19;240,-6,-1;250,8,-9;251,-12,-4;259,3,-2;260,-1,-2;269,0,-11;270,-11,2;274,9,-9;280,2,-1;281,-4,16;289,-5,-30;290,13,-11;294,-8,10;299,7,48;300,-12,-61;309,3,-5;310,5,1;316,1,-6;319,-11,2;320,36,-8;330,-40,1;339,-5,-18;340,4,1;350,6,-2;361,-12,-20;362,-3,1;375,10,-17;385,-16,0;411,1,-21;413,3,-4;417,-15,-2
rua||amancio felicio de souza|vila do abraao|23968049|3,-2314175,-4416944;5,17,12;6,-26,-26;8,66,55;18,-114,-88;19,2,23;26,14,-9;53,68,54;68,-6,-7;76,-6,-5;84,-8,-7;102,-5,-1;115,0,2;122,-26,-27;161,-20,8;202,-23,-59;222,-15,8;239,-21,-16;1255,82,19
rua||ananias simao da silva|camorim pequeno|23912020|29,-2300843,-4427845;40,10,7;61,8,-7;63,37,3;65,-42,3;70,-20,-1;74,32,-3;75,15,-2;76,-21,18;77,11,-10;78,19,5;80,-1,-1;85,-4,-7;89,14,0;100,170,-24;102,30,-1;103,-10,0;104,-17,-1;105,0,0;106,20,-11;130,12,-19;139,-188,37;143,-1,5;153,7,1;155,4,-23;156,4,21;160,-8,-9;164,-13,10;171,98,-42;176,-1,0;196,-52,26;197,8,-11;201,-4,-43;217,4,24;221,80,22;233,-53,-29;239,-4,18;248,12,11;256,11,-29;258,7,24;267,15,-45;278,-3,6;279,20,1;280,-10,5;282,20,3;289,-3,2;313,4,1;315,2,-5;316,-2,5;318,8,-3;320,11,5;321,4,-2;325,-2,-5;328,15,2;347,0,-1
rua||anjos do senhor|belem|23935105|9,-2295396,-4428522;13,-87,-119;28,-65,-96;38,17,21;58,9,2;60,3,13;67,3,-2;73,14,16;74,-3,7;75,3,4;76,12,4;89,11,16;119,-2,7;136,15,30;138,-12,-20;140,12,13;157,16,21;160,4,10;588,-34,-63;589,11,13;592,-23,-31
rua||anjos do senhor|belem|23935174|8,-2295403,-4428554;149,-50,-47;171,17,13;189,11,11
rua||anjos do senhor|belem|23935337|279,-2295395,-4428508;349,-21,15
rua||aristides lopes de souza|enseada|23931060|1,-2298595,-4431772;2,1,7;3,-9,2;4,-13,9;5,-10,10;6,-5,7;8,-5,23;135,18,-40
rua||aristides salvador|sapinhatuba iii|23910620|5,-2300826,-4429160;38,0,22;51,-18,6;55,2,-2;72,19,-26;100,-7,-3
rua||ayrton senna|parque mambucaba|23955560|2,-2300611,-4452850;6,-59,93;8,-8,0;9,-61,142;19,41,-87;20,1,-12;21,6,-16;25,19,-22;26,-63,102;33,114,-169;34,-16,15;35,-24,41;37,54,-92;40,0,-6;46,-167,310;1500,62,-135
rua||ayrton senna|parque mambucaba|23955565|3,-2300812,-4452470;5,6,-20;6,114,-248;10,5,-3;2015,88,-133
rua||azevedo e souza|balneario|23906010|16,-2299981,-4430649;27,-2,11;33,-10,-25;41,5,14;43,-12,-12;54,14,-10;57,-17,-7;59,-5,-12;60,14,11;68,-14,-15;80,3,-12;92,-8,-6;101,-4,15;103,1,-22;105,-5,-6;110,-4,-2;128,1,-9;131,-4,6;143,-11,-20;146,6,12;180,-28,-63;194,25,46;203,-26,3;205,-8,-33;217,-13,-25;220,-6,-5;231,2,-18;252,87,109;418,-81,-125
rua||barra rio santos|lambicada|23913000|1,-2299597,-4425048;3,25,32;15,43,43;25,67,43;31,-108,-84;33,107,104;84,-26,-14;146,-41,-63;164,-5,-11;260,-44,-33
rua||benedito severiano da silva|enseada|23931066|103,-2298541,-4431668;107,-15,7;115,-10,-4
rua||benedito soares|japuiba|23934060|1,-2297745,-4430101;2,-7,4;3,-6,30;4,-42,168;5,55,-360;6,-12,76;7,2,13;8,2,14;9,-5,-30;10,5,-8;11,9,5;12,-24,63;13,-3,7;14,10,5;15,-10,0;18,5,34;19,4,14;20,-1,27;22,-2,-3;23,-9,-1;24,13,-26;25,-11,15;27,-2,26;28,0,36;32,12,-3;37,0,-14;40,-8,106;41,8,4;42,-6,0;43,-1,11;44,-3,9;45,4,3;46,-6,3;47,-13,23;50,53,-396;54,-25,106;55,-10,7;57,25,-103;59,2,14;77,-27,245;80,13,-229;88,8,13;171,-12,291;180,-7,-57;181,20,19;183,-11,-40;184,2,47;185,0,-31;186,0,11;188,-1,36;195,-4,8;227,1,-21;277,-4,6;400,0,37
rua||benedito souza|itanema|23940000|1,-2292688,-4437502;2,-7,-3;3,16,6;4,5,14;6,-12,-16;8,-1,0;9,66,104;10,-23,-51
rua||boa sorte|santa rita do bracui|23943510|15,-2293776,-4440179;18,2,-12;25,3,-9;26,43,-103;27,-44,106;28,6,-3;37,-3,-14;38,2,1;48,5,-11;49,5,-10;51,3,-6;52,-2,-4;53,0,0;54,1,-11;56,36,-75;85,-34,59;91,1,-65;121,-2,55;123,2,-6;125,1,-4;128,-1,-19;145,-1,-4;155,-2,-10;157,5,-17
rua||bom sucesso|frade|23946180|5,-2296051,-4444399;6,1,-5;7,4,12;10,-1,3;14,0,9;651,-14,-43;653,2,17;952,11,10
rua||carlos de paula souza|parque mambucaba|23955560|1,-2300679,-4452696;11,31,33;13,-2,13;19,-25,-29;22,-3,-15;27,94,124;28,-42,-53;30,17,14;32,5,6;108,-82,-92
rua||carolino de souza|japuiba|23934040|2,-2297794,-4429883;3,3,6;6,-6,-1;15,11,10;16,-66,-118;22,56,109;38,2,-25;100,4,13;172,-87,-127;173,12,7;176,-11,3;177,15,7;181,9,11;182,4,3;207,-5,-53
rua||costa do sol|gamboa do belem|23936000|48,-2295699,-4429910;52,-17,0;55,-7,0
rua||costa do sol|gamboa do belem|23936200|3,-2295727,-4429931;27,-7,16;30,38,-57;103,-26,38
rua||costa do sol|praia da ribeira|23936200|11,-2296146,-4429734;19,293,-63;97,-348,1;98,79,76;99,164,37;4845,103,-101
rua||da saibeira|itanema|23940000|5,-2292836,-4437923;6,90,51;20,75,147;93,-136,-190;500,23,34;700,-13,-37
rua||dalva moreira da silva|monsuaba|23916120|9,-2301006,-4421766;10,-6,0;16,10,8;18,1,1;21,-2,-9;26,8,15;29,-17,-8;33,6,6;34,6,16;37,0,-4;42,12,11;45,-4,-12;53,-3,9;60,4,13;61,4,-8;69,6,5;73,8,8
rua||das samambaias|bracui|23932630|151,-2293590,-4438828;152,5,-12;153,-3,-7;154,1,-5;155,1,-9;156,0,-3;157,-1,-11;158,0,-7;159,0,-6;162,-3,42;163,4,-2;164,-3,-9;165,1,-2;166,3,-17;167,-2,1;168,0,-11;169,-8,-12;170,-2,-4;231,6,86;232,-1,5;233,1,9;234,0,8;235,0,10;236,0,6;237,1,10;238,1,4;239,3,5;241,-3,-52;242,-2,3;243,0,21;244,-1,2;245,0,2;246,2,7;247,-5,4;248,6,11;249,0,-5
rua||das samambaias|campo belo|23932630|6,-2298331,-4429761;7,-20,-6;9,32,-26;18,-9,11;25,3,-4;33,-4,13;41,11,9;48,-27,-11;54,-2,8
rua||do sertao|garatucaia|23900010|1,-2302190,-4416601;4,30,-1;5,101,-20;6,-59,36;7,307,-42;9,-84,-26;10,-224,68;15,-103,-38;16,382,-68;20,-417,64;22,40,12;82,-56,-19;219,436,-56
rua||do sertao|monsuaba|23900050|1,-2302250,-4416642;5,-2,-8;10,29,30;11,1,0;20,37,13
rua||do sossego|monsuaba|23916105|8,-2300915,-4421702;13,13,5;16,-8,16;24,18,-4;25,-12,-3;26,2,18;28,6,5;30,-8,3;33,4,-24;35,1,26;40,-2,-8;46,10,24;49,-1,-22;54,-5,26;59,-1,-16;61,3,1;64,0,16;65,11,-12;68,-15,19;72,9,16;73,-2,-29;91,10,13;95,-4,-12;262,-100,-67;266,6,-1;272,0,14;308,28,-6;328,15,-8;334,5,11
rua||dos suspiros|campo belo|23932605|8,-2298102,-4429842;9,-8,24;13,-6,-18;17,3,6;28,-10,17;45,-17,0;46,3,-10;47,-8,-6;69,-13,9;77,-7,10;85,-6,-16;90,-15,-2;91,6,9;93,6,5;99,-8,-6;106,-17,-14;107,15,13;108,-164,-114;115,159,111;123,-10,-13;130,-40,-18;132,-43,-33;138,39,28;139,0,-10;143,22,15;144,-4,3;145,2,2;146,-22,-15;148,-10,-7;160,60,39;161,-39,-31;162,6,10;163,62,29;164,9,1;169,-85,-35;170,-22,-18;177,21,12;178,-26,-19;184,-153,-116;185,161,126;186,-8,-10;187,-139,-189;191,66,144;193,83,53;194,-26,-13;199,23,11;203,-1,3;210,-19,-16;215,6,12;222,-34,-29;223,-39,-28;231,63,47;234,-26,-27;239,24,23;242,-24,-23;245,33,40;247,0,-12;250,-38,-29;258,-22,-14;261,27,22;266,-20,-17;267,13,14;269,-8,3;274,-17,-19;275,13,19;282,-13,-18;283,13,5;288,231,96;289,-13,2;291,-224,-93;297,-1,-9;298,-12,-13;304,-10,0;305,17,6;306,-18,-9;314,-3,-4;315,12,2;322,-19,-6;329,14,8;330,-16,-16;332,-4,5;338,-1,-5;339,5,15;346,-10,-22;353,11,14;361,-15,-11;367,-12,3;377,-6,-3;385,3,-15;393,-8,1;401,-10,-2;403,3,-9;417,-1,-15;433,2,-9;439,-6,-7;447,6,-11;455,-5,-11;463,20,-9;471,-30,3;479,9,-5;487,12,-13;495,-4,-3;503,-5,-10
rua||espirito santo|areal|23912470|20,-2298232,-4429295;22,3,6;24,-17,-6
rua||espirito santo|areal|23932040|2,-2297906,-4429356;3,-16,1;4,-7,9;9,-320,45;17,255,-35;25,-235,39;27,-12,-2;76,28,1;78,13,-2;84,8,-8;85,-6,4;175,82,-21;205,-15,33;208,160,-54;225,-78,15;226,-6,8;231,1,-8;238,6,10;254,9,-8;272,22,-3;278,9,-2;280,9,6;313,21,-15;323,-9,4;324,-13,10;326,29,-11;330,6,18;336,17,4;340,1,-10;364,17,-7;370,2,-12;652,-124,20;656,-20,5
rua||espirito santo|bracui|23912470|10,-2293430,-4438458;52,74,6
rua||espirito santo|bracui|23937000|7,-2293181,-4438435;20,2,-5;24,-30,-2;25,2,4;28,3,10;31,54,-22;33,-10,5
rua||francelino alves dos santos|frade|23946100|15,-2296419,-4443611;21,4,-9;22,-5,14;23,8,-17;28,-3,1;33,23,-28;38,-16,20;40,4,-6;41,-3,3;43,-1,0;44,12,-11;50,-7,7;51,2,-4;57,0,-4;63,6,-7;67,16,-26;68,-4,4;75,-9,16;82,-1,0;91,4,-18;98,2,9;99,5,-12;102,0,4;106,2,-7;112,2,3;115,2,-3
rua||francisco de souza|frade|23946160|1,-2296662,-4444001;9,137,-146;11,-15,-33;13,1,9;22,-18,26;29,-97,127;43,4,4;47,4,-9;49,-1,5;57,5,-10;73,6,-8;80,99,-92;82,7,-1;85,-94,81;99,16,-9;107,7,-12;115,149,-145;116,-26,13;120,-10,12;122,22,-12;124,11,-3;125,1,-4;128,-25,-2;175,-104,123;205,33,-29;207,-14,-39;210,79,-37;211,-65,61;212,50,-30;213,13,-12;214,-32,26;215,29,-32;216,-43,5;219,39,-30
rua||francisco de souza|frade|23946200|3,-2296089,-4444513;4,11,-14;5,-11,-9;13,-13,28;14,16,-6;548,-227,162;550,6,-2;560,15,-9;570,-3,1
rua||francisco guedes da silva|parque mambucaba|23953080|1,-2301083,-4452716;3,8,26;6,132,73;21,-641,-695;33,536,644;35,-665,-773;37,676,792;39,19,14;50,-1265,-1509;64,168,215;65,1170,1316;72,-1151,-1305;239,-90,-112;259,9,4;262,-5,6;263,10,8;265,20,14;267,-22,-22;269,8,30;272,-96,-123;284,112,135;285,-85,-103;313,116,138;319,5,5;321,9,11;389,33,31;398,4,6;401,28,-7;409,-11,26;425,13,19;427,6,3;429,-18,-20;467,30,38;477,27,28;483,-15,-13;503,37,3;519,-7,35;520,-6,-10;521,9,16;559,-51,-60;656,124,143;715,20,22;717,-11,-9;719,-5,-14;720,-8,-10;721,-4,-3;725,39,51;735,17,23;757,6,8;765,0,-2;777,16,22;795,9,11;798,420,493;800,12,0;802,0,11;814,96,104;824,-6,-4;834,-21,-21;844,11,9;854,-13,-13;864,-2,-6;873,-494,-591;874,489,582;884,-10,-8;894,-4,-8;897,-505,-585;912,493,575;928,-5,-11;946,-18,-12;956,-18,-13;966,1,-8;982,-10,-15;1015,-270,-319;1024,232,282;1026,1,-4;1044,-224,-258;1071,-179,-208;1145,333,391;1177,-37,-42;1178,41,23;1189,-46,-27;1201,-12,-16;1213,-6,-7;1237,-6,-16;1238,13,16;1247,-19,-17;1277,-22,-26;1278,233,276;1284,8,9;1308,-597,-711;1309,347,418;1315,4,-16;1335,-25,-9;1351,-12,-14;1357,182,194;1358,-174,-200;1359,186,211;1362,-155,-162;1365,-44,-46;1371,-12,-27;1377,1,10;1388,11,5;1415,-32,-30;1417,249,287;1418,-243,-293;1429,-11,-5;1436,2,0;1442,-7,-3;1443,-6,-2;1452,1,-10;1457,-7,5;1464,0,-15;1467,-5,0;1474,-1,-3;1481,15,13;1486,-21,-21;1496,-10,-2;1502,-1,-6;1507,2,-5;1508,0,-1;1521,-14,-12;1522,18,-13;1534,-17,-6;1548,-5,-3;1555,386,475;1557,-197,-233;1561,277,328;1562,-459,-575;1572,-20,-19;1586,-21,-40;1592,-10,47;1602,0,-4;1608,-2,-10;1643,-21,-29;1645,565,657;1646,3,11;1653,-569,-667;1665,-12,-16;1684,550,654;1685,-559,-660;1688,550,691;1690,36,12;1701,-606,-700;1710,1,-40;1717,1,17;1733,-8,-12;1749,-13,-19;1765,-7,-7;1766,-5,-2;1811,-29,-25;1815,0,-7;1827,-11,0;1843,1,-15;1855,-5,-21;1871,-6,-6;1887,-17,-3;1890,710,831;1891,16,21;1893,10,-3;1894,-16,4;1900,-3,-10;1907,-727,-857;1939,-22,-30;1969,-5,-11;1971,-16,-8;1981,787,917;1985,7,-2;1987,-478,-538;1991,480,547;1993,19,33;1996,-17,-8;1997,21,13;1999,5,8;2000,-13,-6;2001,24,14;2005,15,18;2007,19,26;2008,7,7;2009,19,21;2010,-18,-16;2011,25,18;2013,-12,-6;2015,18,27;2019,-927,-1094;2020,1105,1212;2029,-126,-64;2033,0,4;2035,-990,-1167;2039,1017,1204;2041,11,0;2045,27,10;2047,9,6;2049,10,4;2067,-1093,-1246;2083,-12,-8;2099,-10,-23;2115,-3,4;2131,-16,-22;2149,-7,5;2183,-25,-40;2204,1207,1340;2206,-1,1;2210,35,1;2213,-1254,-1357;2231,-11,-16;2245,-13,-12;2275,-2,-8;2293,-18,-18;2491,-110,-115;3000,1313,1510;3001,-20,-3;3002,17,-1;3005,19,13;3007,0,-2;3009,8,-1
rua||francisco guedes da silva|parque mambucaba|23955480|1908,-2301119,-4452753;1920,16,21;1921,5,9;1958,0,7;2002,-61,-82;2003,32,39
rua||francisco guedes da silva|parque mambucaba|23955555|47,-2300785,-4452554;49,-103,-54;2213,-8,-3;2342,93,41;2349,-10,-3;2351,16,5
rua||ilha da samambaia|praia da ribeira|23937130|34,-2296449,-4430472;37,5,18;41,-15,2;53,-11,-6;54,9,-2;64,-10,9;75,-6,3;90,-8,-5;99,-13,13;100,1,-12;157,-54,35;163,-10,1;165,-6,2;184,-7,-2;188,-9,4;193,-20,11;194,2,-5
rua||ilha do sandri|praia da ribeira|23937150|18,-2296508,-4430579;29,23,-6;30,1,-3;31,-12,6;43,-9,-5;50,-9,6;66,-8,3;75,2,5;85,-21,6;90,3,-3;146,-59,25;158,-14,5;169,-12,4;170,6,-6;181,-18,10;182,11,-7;194,-17,5;200,-11,4;621,93,-32
rua||ivania martins da silva|camorim pequeno|23912035|3,-2300311,-4428056;39,-114,142;55,11,-14;81,26,1;83,6,0;101,34,-18;103,-7,9;115,-23,13;119,28,-30;121,-7,-1;123,-2,-7;274,63,-113
rua||ivania martins silva|camorim pequeno|23912035|2,-2300305,-4428060;3,-6,27;12,-128,123;18,7,4;20,10,4;28,11,-14;38,-7,24;56,5,-15;58,12,-8;82,16,-5;110,37,-32;112,-11,17;121,3,-24;248,51,-67
rua||jose aladia dos santos|divineia|23934695|155,-2297866,-4430354;420,7,-21;450,-1,11;452,6,-5;6001,-10,8
rua||jose andrade sampaio|parque mambucaba|23954050|550,-2301177,-4454354
rua||jose de andrade sampaio|parque mambucaba|23954050|605,-2301097,-4454442
rua||jose de souza|frade|23946075|15,-2296536,-4443737;30,3,2;34,-1,0;39,-5,-28;45,5,20;46,9,-5;53,1,2;54,5,-7;57,-1,5;67,-5,-2;69,9,-7;74,13,-7;83,-13,5;85,-38,34;86,60,-47;90,2,-8;93,-12,10;102,14,-9;103,-2,-5;105,3,2;111,4,-12;112,14,11;113,-9,-13;124,8,-1;125,8,-12;141,16,-12;150,-7,11;202,45,-19;206,27,-4;280,-169,114;290,14,-12
rua||jose luiz de souza|serra dagua|23938000|3,-2288945,-4427891;5,-183,-84;6,146,47;8,112,95;19,-172,-145;20,-64,-30;22,38,32;25,-10,-13;27,141,95;30,47,27;34,-14,-23;35,-8,0;39,-37,-20;50,-135,-98;51,218,197;86,-221,-207
rua||jose rodrigues soares|jacuecanga|23914023|1,-2299177,-4424102;2,4,7;3,16,13;309,18,6
rua||jose santana|ariro|23938000|28,-2288887,-4433335;77,385,1575
rua||jose santana|zungu|23938000|4,-2289017,-4431539;8,107,-41;9,43,-52;10,23,-22;40,-198,89;46,58,56;47,37,-39;60,31,-27;77,402,-175;80,-52,-9
rua||jose sebastiao|marinas|23907250|5,-2301126,-4429634;8,7,-46;14,-13,79;15,78,-59;16,-33,-24;22,-54,38;25,25,-42;33,-6,62;34,3,27;58,-45,-24;60,-9,15;70,-5,12;71,17,-23;80,-18,53;82,4,-1;85,-20,29;86,-9,13;87,-27,-14;89,24,3;181,104,-154;1001,-19,109;1111,6,5;1117,-17,2
rua||leontino antonio de souza|agua santa|23915505|3,-2300219,-4422766;6,-57,46;25,278,-78;34,-274,10;49,48,16;57,-35,32;67,15,-15;98,-5,-6;99,5,22;110,-35,-17;117,24,20;128,-11,3;133,11,13;149,-9,19;163,-5,11;166,-1,-17;167,-5,27;179,6,8;206,-25,1;211,6,13;221,-20,6;229,-6,4;235,-3,3;256,-19,-7;267,-16,-4;279,-10,0;307,-34,-3;330,26,6;336,-38,-39;340,32,41;343,-38,-12;348,-21,-8;382,4,-29;404,-23,-15;411,4,10;425,-5,-17;432,1,-22;444,-2,-13;447,-1,33;458,-6,-38;461,-4,3;473,6,-22;494,6,-15;497,1,6;515,-4,-33;547,-3,-51;580,0,-13;625,2,-41;643,-16,-6;647,23,139;672,-1,-172;687,-7,1;697,-1,-14;715,8,-7;723,4,-37;739,-111,27;7819,242,341
rua||lincoln correa da silva|morro da carioca|23902160|279,-2300868,-4432286;319,-128,-28;320,-12,-10;323,-32,17;329,18,-20;512,120,9;520,-8,-3;530,-7,-5;538,-11,0;548,-3,-15;550,-15,1
rua||lincoln correa da silva|morro da carioca|23902300|30,-2300852,-4432232;34,-43,-28;56,47,-42;67,7,113;82,0,1;89,-28,44;94,8,-42;96,-30,6;97,13,22;100,-18,-34;103,3,11;104,40,-25;105,-14,-6;106,-29,19;107,-7,-16;111,45,2;119,-3,-8;120,-55,6;123,42,-69;125,2,58;131,10,-6;146,0,-7;152,10,-5;153,0,7;156,-1,-19;157,-11,-41;158,15,44;159,10,-3;160,-7,-13;168,-43,36;170,5,-17;171,42,-27;174,-38,9;185,-25,9;192,-2,11;195,-1,8;220,-22,-12;226,-12,-17;229,7,13;245,53,-56;246,15,197;261,-89,-161;263,-12,-7;265,-10,-10;270,8,7;279,84,-44;333,-116,-3;345,3,-4;357,7,18;360,7,-3;366,1,4;367,2,-1;374,8,5;380,6,3;385,2,-1;387,9,-11;390,-3,19;395,-8,-6;398,16,6;400,3,2;405,-2,6;414,-12,9;417,14,-10;423,12,8;425,-2,-5;426,0,16;427,1,-16;436,-7,26;437,14,-7;442,5,-10;457,9,-4;470,-5,4;480,15,-14;484,4,-7;489,-1,9;500,3,-9;507,9,8;512,1,-24;580,-70,-31;592,-3,-15;594,-18,9;599,124,264;619,5,-12;623,3,-2;698,-138,-262;702,136,258;704,-156,-242;705,160,235;706,-140,-266;708,-4,-2;712,152,259;713,-1,-7;714,-147,-251;718,-14,9;726,-3,-5;729,163,269;732,-164,-288;736,2,-17;738,-9,29;748,-5,-5;752,117,172;754,-131,-191;760,-3,8;771,181,233;772,-192,-237;773,200,240;774,-3,4;784,-205,-250;792,216,242;799,1,-13;935,-24,-33
rua||lincoln correa da silva|morro do abel|23902160|300,-2301133,-4432370;331,125,-4;366,-107,-22;393,3,15;395,0,-12;410,18,2;412,9,-2;428,19,-5;430,-6,-2;471,-49,30;519,207,51;529,-11,3;531,6,-13;541,-12,0;549,-9,-4;557,-2,-11;569,-12,1;579,-5,-2;595,-11,-11;599,-18,-17;705,-7,12;723,-31,5;724,12,-27;735,-6,2;743,-35,6;747,23,-16;763,-10,5
rua||lincoln correa da silva|morro do abel|23902300|321,-2300942,-4432403;349,-207,37;519,215,-41;525,2,7;527,-4,-19;530,-22,3
rua||luis dos santos|santa rita do bracui|23943533|2,-2293793,-4439819;51,-11,5;192,0,-14;790,54,8;793,-1,16
rua||luiz de souza|bracui|23943150|3,-2293235,-4439369;4,0,-4;6,-8,-2;7,31,-8;8,1,-11;9,34,7;18,48,-35;36,-120,102;37,-2,-41
rua||luz do sol|zungu|23938000|45,-2289399,-4431800;49,-36,147
rua||manoel domingos dos santos|morro do perez|23904460|231,-2300185,-4431023;275,6,-31;456,-55,-62;460,-21,66;486,0,-37;492,3,12;512,5,3;524,-5,26;664,50,44;690,-35,-19;708,-1,14;821,42,-6;860,20,-20;866,-3,13;876,-12,2;888,-13,18;922,-3,3;924,-9,2;926,-5,-3;928,-8,28;930,-10,-34;932,21,5;950,-28,1;960,2,-13;976,-3,-20;986,-8,-21;1000,13,32;1010,-1,-3;1011,-17,-15;1036,20,-41
rua||maria de jesus nunes silva|monsuaba|23916000|40,-2300767,-4421668;42,7,8;43,2,9;44,1,4;45,12,12;46,1,1;50,-31,-40;51,6,14
rua||maria jose da silva|village|23914000|10,-2299449,-4423438;11,30,-9;16,-3,42;36,-23,-32;38,1,-9;40,0,0;101,-4,-4;102,0,0
rua||milton silva|parque belem|23935155|38,-2295598,-4429118;52,9,22;74,16,23;75,-4,-20;92,-14,-13;94,28,44;100,5,5;120,7,10;153,-51,-81;154,-2,5;162,65,102;164,11,4;166,0,2;182,11,20;403,-72,-108
rua||milton silva|parque belem|23935220|214,-2295510,-4428974;244,12,6;245,5,4;246,4,12;250,7,5;264,3,9;304,8,13;308,10,7;310,0,11;312,-14,-22;326,33,41;545,-66,-84
rua||milton soares|encruzo da enseada|23931460|1,-2298312,-4430977;2,154,-50;3,-17,-14;4,22,-2;5,-45,-1;7,79,-8;8,-13,14;9,-6,-24;22,-234,80;40,142,-81
rua||natalicio dos santos|japuiba|23934020|1,-2297917,-4430283;2,-6,0;3,17,2;4,-8,1;6,18,1;7,18,33;8,-16,-20;9,22,31;10,11,26;11,-1,-5;12,4,16;13,-2,-9;14,8,26;15,-2,-16;16,1,19;17,3,1;18,1,14;19,1,-4;20,-2,-6;22,8,22;23,-6,3;25,-70,-131;30,31,21;31,2,-1;35,-47,-24;40,46,26;98,17,45;172,-21,-56
rua||olimpia silva|gamboa do bracui|23943512|1,-2293561,-4440692;2,-5,5;17,-115,50;41,29,-17;46,-27,9;47,24,-7;48,-1,2;50,-48,14;51,84,-36
rua||olimpia silva|gamboa do bracui|23946000|17,-2293684,-4440643;32,40,-9;37,11,-5;38,1,0;40,-312,438;41,292,-430;48,-3,-2;290,-77,33;291,-16,-1
rua||paraiba do sul|vila nova|23934600|1,-2297996,-4430392;24,-26,-5;27,-17,5;30,4,-2;41,1,-4;45,33,2;46,0,1;47,-32,7;50,21,-4;52,-44,8;53,40,-6;54,-38,8;56,-11,1;58,61,1;60,-69,1;62,7,2;64,71,-17;66,-89,27;68,9,-8;70,76,-14;74,8,-1;99,-19,4;102,-65,15;103,-19,27;104,0,2;105,12,-13;155,71,-38;374,21,0
rua||pedro soares|proveta|23968000|2,-2317960,-4434413;8,-8,-27;22,-3,119;26,8,28;28,9,27;30,-22,-5;32,1,14;34,11,4;40,-33,29;46,-1,46;48,6,17;50,-44,70;51,5,-28;52,24,-19;55,-5,17;56,10,5;60,18,2
rua||pedro soares|proveta|23968356|8,-2317942,-4434405;60,-26,-8;80,-13,17;160,-21,-27;180,-1,5;300,11,8;320,6,-13;1080,16,-28;1100,1,17
rua||petrolina silva|japuiba|23934135|1,-2297363,-4430129;2,-14,-18;3,3,32;5,-14,53;7,-2,2;8,3,7;9,-9,32;11,-12,36;12,13,-55;13,7,-45;14,-14,51;15,7,23;16,-17,31;17,44,-160;18,-41,139;20,-20,35;22,14,11;25,53,-179;26,-29,105;27,31,-100;28,-14,10;29,-66,159;30,74,-151;32,-62,150;33,16,15;40,-34,-18;50,41,-30;69,18,-81;70,-1,33;97,-15,42;100,-32,32;150,26,-43;151,3,20
rua||por do sol|camorim|23912433|1,-2299993,-4426804;2,1,4;3,-28,44;4,30,-39;6,-3,23;7,9,-4;8,-24,15;9,30,-11;10,-13,-29;12,6,10;13,-29,36;15,-12,7;26,-30,32;27,42,-40;28,-40,28;58,25,-15;71,37,-68
rua||rosa de sharon|belem|23935125|200,-2295535,-4428956;208,-1,5;216,10,6;224,5,6;232,3,8;240,5,2;242,10,3;256,0,13;272,7,9;280,9,10;288,5,4;296,3,11;304,2,1
rua||rosa de sharon|parque belem|23935125|1,-2295601,-4429017;10,5,-5;19,-25,-78;20,1,4;27,-1,15;28,-1,-9;29,9,74;30,3,-9;35,-9,8;38,4,-67;39,3,74;40,-3,-10;42,17,-44;44,-22,-17;46,118,156;51,-122,-181;52,19,39;67,8,4;72,-6,5;75,7,2;79,-17,36;80,1,-61;83,25,37;84,-6,-4;90,-25,-40;91,29,44;99,5,2;103,8,20;106,14,6;107,-13,-17;108,-13,3;111,15,2;115,15,18;116,-19,-7;117,1,1;120,20,11;130,1,9;155,5,1;156,-4,6;157,1,2;166,-14,-22;172,14,22;203,22,19;211,13,20;219,5,9;227,3,0;235,2,11;251,13,11;259,1,9;267,2,2;275,6,13;283,5,4;291,4,3;299,2,6;307,9,3;315,-2,11;320,2,1;328,4,7
rua||rosa de sharon|parque belem|23935390|30,-2295584,-4428989;40,-4,5;42,0,4;47,1,6;60,9,-14;106,-13,12
rua||saira|areal|23932145|8,-2297770,-4429323;9,0,-3;15,-2,12;16,6,-22;18,10,-8;20,10,-9;21,2,-2
rua||salomao|belem|23935435|5,-2296326,-4429623;43,-35,-61;49,7,32;50,35,45;56,3,10;57,7,6;58,-42,-76;72,17,49;78,-28,-73;85,61,110;86,1,6;96,-39,-52;100,-30,-81;105,84,157;115,-7,-15;119,-34,-49;120,27,42;125,-18,-25;126,38,49;127,-13,-5;130,-11,-32;131,-33,-60;139,93,130;145,-93,-110;153,9,3;156,7,17;246,54,81;289,8,-6
rua||samuel|parque belem|23935008|2,-2296047,-4429031;40,7,-3;47,2,-4;63,15,-13;78,2,-6;108,15,-14;115,3,-11;420,5,-3;1195,-76,65
rua||santana|vila do abraao|23968077|440,-2314157,-4416688
rua||santos|frade|23946050|2,-2296337,-4443720;14,4,0;15,0,-5;29,5,-4;44,6,-9;50,9,-3;51,3,-4;54,-3,3;60,-10,13;62,24,-19;71,-17,-12;78,21,8;79,-10,8;80,20,-23;81,1,1;85,-9,3;95,7,-5;99,9,-7;117,10,1;120,1,-11;131,0,13;132,-10,-4;134,23,-10;138,7,-16;152,14,-9;166,-10,-7
rua||sape|nova angra|23933030|173,-2297606,-4429506;174,-5,6
rua||sapolandia|parque mambucaba|23954395|58,-2300430,-4454068;62,-16,-14;64,5,-1
rua||sapucaia|gamboa do belem|23936000|31,-2295468,-4430010;38,27,-9;50,63,-89;51,2,-21;52,-5,-18;110,2,-81;170,2,9;306,-23,167;428,19,-142;440,1,-146;470,2,78;471,-1,-70;494,2,84;496,-3,38;497,6,4;529,7,149;545,-56,34
rua||sapucaia|gamboa do belem|23936170|27,-2295454,-4430009;32,-20,-5;33,16,-2;34,76,5;36,-31,-3;38,-14,-5;42,18,11;45,55,-65;49,-54,-45;51,20,1;52,0,-3;53,10,-18;87,1,-161;103,-1,29;105,5,27;107,-3,4;109,-4,12;454,-5,165;462,-6,-320;463,16,300;464,29,16;490,-27,10;505,-90,-434;700,78,144;701,4,-13;702,-23,-27;703,-10,-16;706,15,15;707,-30,-21;709,-4,0;710,17,4;711,-16,-15;712,16,18;714,-35,-63;715,12,20;716,4,-4;717,-8,-8;723,-25,-36;725,-28,6;727,16,-8;729,-8,-33;731,-6,-9;745,-4,30
rua||sara|parque belem|23935210|30,-2295662,-4428981;40,-3,2
rua||sara|parque|23935210|28,-2295663,-4428973;29,5,-8;100,11,-13
rua||sebastiana salvador|sapinhatuba iii|23910600|16,-2300823,-4429003
rua||sebastiana salvador|sapinhatuba iii|23910670|21,-2300636,-4429159;22,-55,21;92,-2,7;120,-5,-3;140,-11,10;469,-22,5;475,1,-1;479,22,-4;483,0,-2;496,-31,9
rua||seis|praia brava|23950110|2,-2300561,-4447930;4,11,-2;6,8,-1;8,2,-4;10,5,0;12,5,3;14,4,-8;16,32,-4;18,-4,14;20,-4,-18;22,-13,-21;24,29,20;26,9,3;28,1,-6;30,1,-37;32,26,14;34,-10,5;36,11,6;38,10,-13;40,0,9
rua||sem saida|caputera i|23915610|15,-2297540,-4421911
rua||serafim|parque do belem|23935290|30,-2295745,-4428863;38,4,-2;39,-5,0;40,-4,2;388,2,-2;398,-16,11
rua||sergipe|bracui|23937000|3,-2294818,-4438476;7,11,-133;9,3,-17;10,-6,27;11,18,46;12,-32,17;13,14,-101;14,-2,104;15,11,-13;18,37,22;19,-3,0;20,85,15;21,-61,-15;22,24,7;32,-93,1;34,-4,3;280,36,-12;348,-51,7;411,374,2;413,-10,4
rua||sergipe|bracui|23943140|13,-2294684,-4438949;26,13,3;100,-129,228;190,-2,25;200,-5,13;545,41,-251
rua||sete de setembro|lambicada|23913400|1,-2298712,-4423633;2,-3,8;3,15,24
rua||sete de setembro|morro do moreno|23913400|2,-2298591,-4423678;19,-69,-300;20,51,162;25,-48,192;28,63,-48;40,23,-36;53,-32,83;68,37,-111;71,-42,-70;72,6,8;73,-14,-23;75,-13,-22;76,-1,4;78,58,77;82,-2,-39;86,3,66;126,-47,-142;127,10,-7;129,-40,12;165,15,222;215,-17,-270;250,20,-11;432,-40,124
rua||sete|camorim|23912490|242,-2299570,-4426470;657,-9,17
rua||sete|praia brava|23950120|1,-2300540,-4447872;2,2,-1;3,-6,-31;4,4,35;5,21,14;6,-17,-14;7,15,-13;8,-11,8;9,16,1;10,-7,6;11,11,-19;12,-9,-6;13,24,1;14,-32,12;15,31,-12;16,-25,-12;17,33,12;18,-24,16;19,22,-54;20,-23,56;21,37,-31;22,-25,22;23,37,-5;24,-69,-22;25,76,15;26,-77,20;27,68,-29;28,-32,11;29,47,-21;30,-40,27;31,51,-30;32,-53,42;33,57,-40;34,-52,31;35,52,-51;36,-51,49;37,59,-38;38,-58,17;39,59,-28;40,-57,36;42,6,4;44,10,-4;46,-2,-1;48,9,-6;50,-5,5;52,23,-9;54,-19,-13;56,16,13;58,-12,7;60,10,-10;62,4,4;64,4,-1;66,0,-6;68,-8,-2;70,14,-8;72,-6,-1;74,11,1;76,8,8;78,-2,-7;80,4,-6
rua||simao|portogalo|23935280|8,-2304367,-4421049;14,189,498
rua||sucupira|gamboa do belem|23936050|20,-2295601,-4430320;28,67,-44;33,20,4;50,-58,23;103,-20,-4;142,32,-60;409,-12,66;417,-14,-35;419,16,-50;420,-16,46;421,4,17
rua||surubim|santa rita do bracui|23943503|4,-2293233,-4439863
rua||s|vila da petrobras|23915030|2,-2300045,-4422927;4,-1,9;6,7,2;8,10,2;10,-1,11;12,10,7;14,5,4;16,3,6;18,9,4;20,4,4;22,5,0;24,7,11;26,8,7;28,-1,7;30,10,2
rua||vitorino silva|santa rita do bracui|23943540|35,-2293745,-4439880;47,-24,-4;52,3,-4;57,-8,2;60,-3,0;62,-9,3;63,-2,1;85,-8,8;95,-2,-6;100,21,-29
sitio||serenga|morro do serenga|23943503|5,-2302174,-4451140
travessa|dona|santinha|parque mambucaba|23954213|1220,-2301193,-4454145;1222,18,22;1223,-12,-17
travessa|santa|sarah|parque mambucaba|23954040|6,-2301561,-4454109;8,13,7
travessa|sao|salomao|belem|23935435|33,-2296357,-4429660;36,120,165;38,-55,-62;40,-44,-17;49,-16,-85;53,48,81;57,-2,-8;78,-60,-106;86,58,121;100,-65,-140;105,82,162;120,-2,-9;125,-53,-83;128,91,118;131,-85,-110;139,87,112;200,-11,-3;206,-30,0
travessa|sao|salvador|parque mambucaba|23954175|40,-2301572,-4453844;41,-2,-2;51,-6,-8;52,3,0;57,-8,-9;59,-7,-7;64,1,1;73,-6,-4;74,-9,-5;76,-4,-8;81,-14,16;118,11,-44;120,-4,-5;122,-12,2;123,-3,-1;124,4,-7;125,-11,-1;126,-17,-35;128,0,15;129,2,4;131,-8,-8;132,1,-5;135,-10,-8;138,0,-6
travessa|sao|sebastiao|frade|23946030|22,-2296209,-4443491;39,20,-9;48,-7,24;49,1,-5;56,7,10;59,17,-21;68,-22,16;87,35,2
travessa|sao|sebastiao|parque mambucaba|23946030|10,-2300785,-4452923
travessa|sao|sebastiao|parque mambucaba|23955493|2,-2300909,-4453148;3,9,7;4,-3,1;5,98,183;6,3,7;9,28,32;10,-78,-125;12,44,76;14,-102,-177;16,0,-2;116,-5,-2
travessa|sargento|ayres da silva|morro do carmo|23903020|41,-2300508,-4431544;42,18,2;47,-10,9;49,13,-1;56,8,-9;62,9,-1;63,-1,1;64,15,-6;75,3,-7;121,0,7
travessa||alberto machado da silva|parque mambucaba|23954100|16,-2301849,-4454442;30,40,-10;194,-29,-1
travessa||arinat nogueira silva|parque mambucaba|23955578|38,-2300626,-4452861
travessa||ayrton senna|parque mambucaba|23955565|3,-2300566,-4453087;5,-15,-12;7,5,1;8,-12,-21;9,-1,13;11,-5,-5;13,0,-2;15,68,74;21,-3,-7;23,8,6
travessa||benedita pimenta soares|camorim|23912565|2,-2300118,-4426845;15,48,-58;85,-60,51;105,16,-13;117,11,1;118,-4,-5;125,17,-6;153,11,-12;155,2,-7;167,21,-10;192,15,-18;193,1,-12;194,7,11;241,-48,20;422,59,-34
travessa||berian da silva|bracuhy|23943150|5,-2293011,-4439200;9,13,74;19,-7,-21;23,6,20;39,-16,-61;47,3,31;49,-4,-43;55,-2,8;57,8,25
travessa||boa sorte|parque mambucaba|23943510|4,-2301556,-4453394;12,1,-10;18,-8,-6;19,2,9;20,0,-3;22,-2,-6;31,-9,-6;32,7,0;35,-11,2;36,6,-5;43,-8,1;46,1,-5;55,-5,-2;66,-8,-8;67,-4,-1;76,2,-10;77,-9,-4;78,6,-4;79,-5,9;81,14,-15;88,-14,6;99,-5,-12;100,5,5;364,13,25;430,-25,-26
travessa||boa sorte|parque mambucaba|23954235|8,-2301649,-4453511;13,-11,-18;15,-17,-7;151,41,48;152,0,0;161,-12,-10;162,8,0;174,-6,-10;181,-11,-8;182,2,3;192,-5,-8;198,-4,-9;201,-4,1;427,36,46;447,-8,-7
travessa||brito soares|enseada|23931470|10,-2298387,-4431469
travessa||candido silva|parque mambucaba|23954155|3,-2301842,-4453878;4,24,19;7,-6,7;9,-39,-35;10,23,5;12,-1,4;16,-21,-23;25,17,15
travessa||deysson santiago|parque mambucaba|23954080|19,-2300507,-4453079
travessa||do espirito santo|camorim|23912470|142,-2299716,-4426694;182,-9,-19;187,5,19;254,11,3
travessa||do espirito santo|camorim|23912475|7,-2299630,-4426677;28,12,11;52,-54,-14;114,-11,6;222,12,-15;226,-19,-54;232,15,-8;278,-17,8;299,2,35;390,42,5
travessa||do espirito santo|camorim|23932035|187,-2299731,-4426653;278,13,-11
travessa||do sossego|monsuaba|23916110|12,-2300921,-4421699;16,12,33;17,-7,-8;27,-6,-16;30,4,-7;34,-10,21;36,-12,5
travessa||do sossego|parque mambucaba|23954050|1,-2301159,-4454368;4,5,7
travessa||do sossego|parque mambucaba|23955135|7,-2301868,-4453853;8,1141,488;13,-1059,-379;26,-49,-41;27,9,-9;29,-2,1;39,10,11;40,-6,4;52,9,10;53,5,0;54,-4,6;63,10,-2;64,-4,4;65,-8,-10;67,18,15;74,8,12;80,-2,-2;81,-3,-4;84,-4,16;90,3,1;92,-6,-1;95,24,-10;96,-10,0;190,1038,383;197,14,19
travessa||el shadday|parque mambucaba|23953110|21,-2301768,-4453504;30,2,-6;31,-9,14;40,-7,9;41,4,-3;50,-11,11;51,2,-5
travessa||espirito santo|areal|23932035|16,-2298223,-4429356;30,-1,14;52,-4,-3;53,0,-7;55,1,-14;56,-2,2;57,8,0;76,0,41;77,0,-5;753,-7,3
travessa||espirito santo|bracui|23932035|3,-2293797,-4438442;6,11,-4;7,-11,0;8,151,17;9,-214,-13;11,1,-1;12,139,-3;15,-13,-2;16,-24,4;17,22,-11;19,-99,12;21,160,-10;23,-17,5;26,-11,1;29,-49,11;144,-143,-12
travessa||espirito santo|bracui|23937000|6,-2293450,-4438444;7,9,-6;9,186,-2;10,-161,2;11,-48,3;12,-23,-1;13,-17,-5;14,-98,8;16,55,-2;18,-33,-3;19,27,3;20,22,-2;22,6,5;25,276,3;30,-225,-10;34,285,13;35,-6,1;40,-202,-10;44,27,-2;51,4,10;61,8,-12;91,32,3;101,-1,4
travessa||espirito santo|bracui|23954300|4,-2293898,-4438462;5,8,14
travessa||espirito santo|parque mambucaba|23954300|5,-2301307,-4453266;21,9,2;30,0,-3;40,-10,-7;41,1,-1;51,-10,-9;52,2,-1;61,-2,-5;62,-5,-2;72,-7,-3;73,2,-7;82,-8,-4;83,1,-1;92,-4,-7;95,4,2;102,-11,-10;105,0,3;411,48,51
travessa||ferreira sanches|parque mambucaba|23955393|1,-2300624,-4452392;3,-2,-5;4,6,11;8,-23,-29;9,1,6;11,4,3
travessa||gliceria p dos santos|vila dos pescadores|23918000|8,-2303735,-4417824;9,8,-6
travessa||iracy silva dos santos|sapinhatuba iii|23910620|37,-2300890,-4429174;119,0,31;206,7,13
travessa||jayme p de souza|frade|23946010|126,-2296082,-4443750
travessa||jose dos santos|ariro|23941000|1,-2289062,-4433352
travessa||maria jose da silva|sapinhatuba iii|23910665|1,-2300856,-4429080;16,4,-14;25,-19,2;27,14,-8;33,-26,17;36,10,-12;50,19,33;83,-13,-34;145,16,-1
travessa||monte siao|parque mambucaba|23954290|11,-2301306,-4453431;23,8,-5;24,4,7;38,6,-13;42,22,-33;47,-28,18;52,10,13;54,34,-54;59,-22,43;66,-9,-8;70,13,-4;112,56,-59;122,-13,19;141,0,2;145,11,-9;152,-5,0;164,6,-7
travessa||monte sinai|parque mambucaba|23954100|2,-2301724,-4454366;3,2,2;32,-29,-31;33,42,36
travessa||morada do sol|bracui|23943150|2,-2292996,-4439248;3,-1,-9;4,1,-10;5,-2,7;6,5,-8;7,2,0;9,-7,6;10,11,-14;11,9,-16;12,-1,10;17,-6,8
travessa||morro da serenga|morro do serenga|23943503|1,-2302244,-4451106;2,2,2;3,38,-15;4,-32,3;5,67,57;6,7,10;7,-31,-25;8,-11,-26;9,1,-4;10,49,80;11,16,5;12,3,9;13,-1,8;14,3,-2;15,2,4;17,-169,-32;19,5,-104;20,-6,40;21,11,12;22,-50,-8;23,-11,-14;25,405,5;27,-348,-4;43,304,-4
travessa||nosso sonho|parque mambucaba|23955053|25,-2300850,-4453478
travessa||nova siria|parque mambucaba|23954099|41,-2301184,-4453533;51,-6,16;52,5,2;62,-11,3;905,12,-27
travessa||oseas soares|parque mambucaba|23954070|3,-2301083,-4454132;4,13,16;5,-31,-24;6,11,4;465,8,-6
travessa||pedro silva|parque mambucaba|23955480|33,-2300420,-4453282;41,-26,-39;42,21,34;43,5,-3;46,-13,-5;60,1,31
travessa||petrolina santana|parque mambucaba|23954020|10,-2301252,-4454378
travessa||petrolina silva|japuiba|23934135|4,-2297358,-4430089;5,11,0;7,-17,0
travessa||porto seguro|parque mambucaba|23953530|14,-2300666,-4453147;57,0,1
travessa||recanto do sabia|parque mambucaba|23954065|4,-2300940,-4454140;5,-16,17;6,23,-27;7,-2,7;9,-48,-39;10,8,2;11,19,0;14,-7,64;55,-11,-29;56,4,-22;2222,-2,-7
travessa||recanto do sabia|parque mambucaba|23954076|2,-2300987,-4454119;3,0,-1;4,27,-38;5,18,-3;6,8,-7;12,-22,15;13,-24,22
travessa||rio grande do sul|parque mambucaba|23953150|2,-2301633,-4453362;31,-6,13;38,-8,-2;39,0,3;52,-12,5;53,6,6;66,-9,-2;67,-1,8;76,-3,-1
travessa||salgueiro|parque mambucaba|23954245|14,-2301466,-4453359;21,-6,-7;26,4,-3;31,-12,0;38,1,-9;43,-8,-4;50,4,-1;55,-8,-4;60,1,-4;62,-5,-3;67,-1,3;74,0,-6;77,-7,-8;86,-4,-2;89,1,-2;98,-3,-5;99,-3,3;110,27,37;111,-33,-47;120,-9,-5;123,3,-2;130,-6,-14;133,-3,4;140,-1,-6;145,-2,-5;152,-3,0;153,-6,-4;162,-4,-6;163,-2,4;167,-3,-8;172,-1,-8;175,-2,11;182,-6,-14;187,-1,4;188,-2,-13;194,3,2;197,-11,-1;204,6,-6;207,-10,-2;484,1,-1
travessa||salomao|belem|23935435|43,-2296362,-4429688;605,43,192
travessa||sambaetiba|parque mambucaba|23955245|6,-2300334,-4453562;8,-10,-17;10,6,-11;12,9,-1
travessa||santana|parque mambucaba|23955145|3,-2300780,-4453300;6,7,6;135,-33,-27;139,28,33
travessa||santana|parque mambucaba|23955480|2,-2300252,-4453476;3,-22,-2;4,6,4;6,35,4;18,-45,-11;20,4,3
travessa||sapucaia|gamboa do belem|23936160|4,-2295356,-4430318;6,6,0;9,23,5;700,-53,-4
travessa||serelepe|parque mambucaba|23954475|2,-2301867,-4454041;6,13,10;7,1,-8;9,7,12;10,-5,-1;11,7,3;14,7,13;15,5,5;17,0,5;100,-10,-17
travessa||serpa|parque mambucaba|23955560|1,-2300699,-4452657;115,10,6
travessa||sete de setembro|parque mambucaba|23953250|18,-2301858,-4453175;24,34,1;32,-11,-15;46,10,-1;50,-4,-6;55,-2,-2;59,-20,13;62,21,-15;70,14,-6;76,4,-3;84,3,-18
travessa||severino|parque mambucaba|23955480|2,-2300501,-4452171;96,-97,-53;97,97,52
travessa||silva santiago|parque mambucaba|23954077|13,-2301211,-4454113;15,11,16;18,8,0;25,3,26;26,0,0;35,21,16;1178,-51,-66;1206,6,7;1210,0,1;1211,1,3;1213,-1,-3
travessa||silvestre|parque mambucaba|23955494|2,-2301021,-4452729;4,24,29;5,-12,-14;6,25,33;7,-26,-41;8,3,9;9,33,35;10,-25,-22;12,7,11;25,-42,-47;27,7,5
travessa||sitio serenga|vila historica|23943503|1,-2302360,-4451887;2,179,670;3,4,5;4,33,10;5,-2,1;6,-6,1
travessa||solidaria|parque mambucaba|23954451|4,-2301066,-4453493;11,10,15;12,13,4;13,0,-1;14,-11,-8;16,13,9
travessa||sorriso|parque mambucaba|23955040|2,-2300530,-4453724;6,0,3;74,6,-21
travessa||souza|parque mambucaba|23953300|1,-2301228,-4452736;2,22,20;3,-14,-20;4,4,22;12,8,3;14,-8,-3
travessa||sulamita|belem|23935400|1,-2296121,-4429026;3,-5,3;235,-44,7
viela||sem saida|morro da caixa dagua|23900375|1572,-2300347,-4432141
