alameda|sao|bento|pauline|26172130|18,-2272858,-4337064;19,-179,24;38,-34,111;186,39,-14;188,-140,-218;381,116,236;387,-54,-15;388,25,26;389,2,3;391,-5,-2;414,120,-66;1297,-172,-190
alameda|sao|bento|retiro feliz|26172130|9,-2273355,-4336766;54,59,-29;119,44,-21;154,-48,19;158,0,11;580,86,-50;582,-15,17;600,-26,-13;605,4,25;610,-44,-11
alameda|sao|bento|vila pauline|26172130|1,-2272860,-4337054;2,-15,11;3,33,-17;4,-29,10;5,-40,8;6,23,5;14,-146,99;15,-6,-12;51,198,-106;52,-124,69;53,0,2;61,103,-67;62,-120,70;63,-8,8;90,111,-77;91,1,4;111,-27,9;131,-22,7;132,12,-2;151,-27,24;171,-15,12;191,-32,55;194,-9,24;201,-31,-23;219,-13,7;846,104,-90;1511,-7,16
alameda||brasil|jardim brasil|26185020|1,-2270914,-4333155;2,-12,552;3,8,-545;6,1,55;7,-17,352;9,4,-1;10,40,-19;12,-43,59;13,7,-78;16,3,-120;25,0,15;30,0,0;33,-5,13;40,-8,22;66,23,-229;163,-7,3;169,8,28;180,-10,147;239,12,276;241,2,22;288,-20,-25;345,0,-228
avenida|sao|bernardo|belford roxo|26160275|1,-2272117,-4339684;2,17,32;3,1,11;4,10,5;5,32,11;6,1,4;7,-25,-28;8,-9,-20;9,8,21;10,-1,-6;11,-14,-8;12,-10,-27;13,9,3;14,-7,11;15,11,48;16,-19,-67;17,-17,20;18,10,-11;20,-9,7;21,-22,34;23,-4,2;24,-1,1;25,-2,8;26,-9,2;27,-2,2;28,-7,6;29,2,-7;235,-208,-80;239,-14,-7;256,19,11;305,56,53;316,-8,-12;318,6,13;325,12,5;333,5,9;335,-1,1;375,19,16;385,10,9
avenida|sao|bernardo|belford roxo|26160280|16,-2272332,-4339664;34,191,79;35,26,15;36,-15,-2;39,-40,-33;40,27,12;69,19,73;73,-230,-152;79,110,80;121,-107,-79;340,47,39;360,7,9;380,9,15;400,1,-4;420,10,13;450,13,6;470,26,13;473,-25,-8;480,30,2;490,5,-8;650,109,92;690,13,-44;770,23,100;780,15,1;790,2,1;800,1,4;810,-1,4;812,7,17;830,-4,-9;838,2,13;850,13,5;860,-3,12;880,3,13;1517,-118,-199
avenida|sao|bernardo|belford roxo|26163385|10,-2272115,-4339348;11,57,-61;12,-23,-65;28,-91,79;55,118,22
avenida||babi|recantus|26163000|14,-2271335,-4338929;18,3,22
avenida||babi|recantus|26163170|116,-2271520,-4339285;117,1,-1;121,4,0;171,-67,10
avenida||babi|recantus|26163190|1,-2271555,-4338712;10,-111,-91;12,23,2;14,14,5;17,163,-48;21,128,-83;26,-70,-32;28,47,-98;30,-4,-45;50,-252,306;82,102,188;83,-8,8;84,3,-20;94,7,20;95,-19,-14;100,11,5;103,-10,-32;104,5,7;106,-9,-24;110,80,-574;115,96,168;117,-7,-13;121,-1,43;377,-174,376;1200,74,-584;1208,9,-7;1230,36,38;1240,-45,-35;1250,52,42;1270,-6,1;1280,-44,-43
avenida||babi|recantus|26163270|1080,-2271512,-4339201;1090,-36,-77;1140,16,-3;1160,24,12;1170,12,-2;1180,8,13;1190,5,22
avenida||babi|recantus|26163300|260,-2271505,-4339292
avenida||boiobi|heliopolis|26112620|25,-2274269,-4340133;53,-18,-6;101,111,19;102,10,0;820,-79,-5;830,13,-4;831,15,5
avenida||boulevard|parque sao vicente|26170190|29,-2272073,-4336886;208,-32,47;220,-4,-3;234,6,-3;244,17,-19;256,0,2;268,4,-9;444,-12,23;549,27,-53;553,8,-10
avenida||boulevard|parque sao vicente|26170484|173,-2272589,-4337174
avenida||boulevard|sao vicente|26170190|1720,-2271874,-4337167;1800,27,-34;1880,-3,9
avenida||boulevard|sao vicente|26170484|574,-2272160,-4336817;586,17,8;594,-19,-9
avenida||brasil|centro|26130530|54,-2276352,-4340773;63,-5,5;123,19,-17;125,-10,11;128,-8,11;226,15,-20;230,-2,8
avenida||brasil|jardim america|26130530|7,-2276401,-4340645;8,6,6;17,-3,-10;18,2,-5;19,4,-6;27,0,0;38,7,-10;45,-4,-15;51,16,-30;52,-7,7;53,9,-7;56,-11,29;58,7,-11;68,6,-10
avenida||estrela branca|santa maria|26165340|5,-2272402,-4338416;6,31,-31;7,-137,88;8,18,-13;15,-712,400;17,17,12;19,534,-322;23,-538,284;25,620,-354;35,-597,386;37,309,-185;39,-304,169;55,21,-12;60,278,-148;76,-161,95;78,599,-367;79,-4,-5;85,-681,436;86,101,-71;95,-122,17;99,825,-446;101,-1,-5;105,-804,468;111,422,-249;115,-404,245;135,261,-156;137,19,0;158,540,-348;175,-739,455;186,41,-28;215,-72,28;235,303,-146;245,-275,170;250,31,-27;256,22,1;260,-3,-12;269,-12,-2;276,-79,79;302,427,-308;466,-175,139;543,38,-41;610,104,-75;612,-18,58;655,245,-189;680,-98,69;907,45,-39;935,20,-11;971,129,-95;1084,84,-34;1111,-7,25;3765,-903,552
avenida||estrela branca|santa maria|26165500|550,-2272584,-4338317;560,12,-4;738,-26,30;770,29,-35
beco|sao|bento|monte das oliveiras|26183606|65,-2272219,-4333790
beco||berilio|dos ferreiras|26183600|11,-2272278,-4333764;21,4,-6;31,14,0;39,-13,3;51,32,-13;54,9,-18;61,-2,8;66,1,-3
beco||berinio|monte das oliveiras|26183606|9,-2272286,-4333748;10,12,-15;30,27,-4;45,34,-15;59,-35,3;60,9,-6;70,17,-6
beco||brasil|jardim redentor|26110250|2,-2275436,-4336571;5,-27,10;7,28,-4;8,5,-10;9,-2,17;11,-5,-4;12,4,-4;13,-28,10;14,9,9;15,11,7;16,-6,9;17,4,-5;21,-15,24;27,53,-75;28,-2,1;30,15,-18
beco||brito|santa teresa|26193545|35,-2274319,-4333327;38,-10,-2
beco||brito|santa teresa|26193584|37,-2274329,-4333329
beco||b|santa teresa|26190060|9,-2274022,-4333291;10,36,45;11,4,-4;14,-18,5;66,-68,14;70,42,-6;74,-2,-3;75,-4,3;92,39,-21;94,17,17;97,-23,-2;98,-15,2;99,5,-2;100,7,-1;131,-62,18;170,7,-7;1000,55,-7
beco||da bomba|vila medeiros|26115395|28,-2275284,-4340233;89,-3,33
beco||da bomba|vila vitorio|26112000|1,-2275284,-4340211;2,4,7;4,-10,12;27,10,-36
beco||do bambu|malhapao|26187500|185,-2272908,-4333067
beco||do coelho branco|jardim redentor|26110160|13,-2275535,-4336452;18,1,-49;20,1,9;40,4,4;50,-5,9;55,-3,6;64,-22,38;80,60,11;102,11,10;105,-12,-2;110,11,-14;120,-47,-4;123,6,-70;127,-3,-1;130,-3,67;135,8,-11;140,-11,9;142,8,-8;143,-7,-2;150,7,1;160,-1,4;165,-33,16;168,-9,9;170,35,-60;172,21,34;175,-49,22;180,35,-21;182,23,21;185,-58,4;188,-9,-1;190,17,-15;195,-13,18;210,38,-32;220,2,3;225,18,3;230,-10,0;240,5,0;260,-1,-4
caminho||alameda sao bento|vila verde|26178185|42,-2272724,-4336362
escadaria|sao|bernardo|nova aurora|26160275|18,-2272433,-4339700;70,9,21
estrada|santa|barbara|miguel couto|26157579|3,-2270479,-4342752;6,21,-25;7,28,123;12,14,-55;16,-96,-57;20,60,93;22,-4,35;24,-22,-111;26,52,26;28,-61,-24;30,75,36;52,-101,-48;54,23,17;56,-7,9;64,-18,-33;74,37,22;83,94,53;85,-57,-41;86,50,39;87,-33,-35;88,41,39;90,-57,51;92,56,-55;195,22,-29;205,-7,31;210,0,2;212,11,8
estrada|santa|barbara|miguel couto|26160265|2,-2270092,-4341723;6,-4,5;7,-35,44;8,30,-30;10,15,-26;11,-4,-4;12,-13,19;13,15,-25;60,2,51;86,-16,27;87,8,-15;95,-14,1;96,0,6;100,-3,-1
estrada|santa|barbara|miguel couto|26167265|110,-2270057,-4341768
estrada|sao|bernardo|belford roxo|26160275|37,-2272118,-4339577;39,10,10
estrada|sao|bernardo|nova aurora|26160275|2,-2272520,-4339740;7,-76,-2;15,-17,-6;17,-4,10;51,33,31;71,40,-28;72,-32,-7;81,-15,-7;127,48,14;165,34,-6;172,13,8;174,5,4;465,232,133;515,23,5
estrada|sao|bernardo|parque sao jose|26187095|3,-2273295,-4334849;4,-11,3;53,10,14
estrada|sao|bernardo|parque suecia|26160275|16,-2273183,-4334674;19,-19,-18;32,-7,0
estrada||babi|miguel couto|26157180|8,-2270182,-4341648;10,-20,-24;11,10,18;12,32,11
estrada||babi|miguel couto|26157579|1,-2270331,-4341759;14,8,-24;15,-18,8;16,-18,12;17,61,33;19,-4,-11;50,62,89;78,-2,0;1002,-2,-6
estrada||babi|miguel couto|26160265|11,-2270129,-4341589;13,12,91;19,8,-37;21,-9,112;26,1,-55;110,0,-94;205,-11,152
estrada||babi|shangrila|26157180|4,-2270324,-4341746;5,0,3;12,-33,-39;13,52,85;14,-2,5;15,152,322;16,-6,24;23,-30,-134;24,59,38;25,-4,5;60,-202,-317;803,-779,1452;805,6,-5;807,13,-13;809,-4,-7
estrada||babi|shangrila|26160265|8,-2270254,-4341568;9,-44,-138;16,-84,100;20,115,-48;28,146,135;29,-855,930;36,714,-1092;41,99,376;42,8,13;43,-1,-12;44,-8,27;45,5,15;49,-17,51;51,-12,29;54,-22,18;55,-8,9;56,-9,8;57,-7,15;58,-10,-1;60,-14,24;61,-8,5;161,91,-544;162,-4,-14;163,45,48;164,13,45;165,3,5;422,-863,862;460,-9,-71;470,7,-9;490,0,11;560,-54,284;570,13,-26;590,-35,104;610,-3,13;616,3,-19;648,-3,17;658,-18,25;719,85,-189
estrada||babi|shangrila|26180170|3,-2270389,-4341872;4,-8,8;6,56,402;15,-8,426;20,51,-33;21,8,15;22,-33,-10;23,2,5;66,-13,23;390,-553,146;392,178,-85;394,30,-4;400,-121,44;402,26,-39;404,-33,24;419,-87,136;429,-42,-19;430,26,-25;834,571,-941;840,-57,-91;1565,-52,844
estrada||do babi|nova aurora|26157180|12,-2271124,-4338820;16,288,-1086;27,-57,-54;30,53,47;31,-296,1129;33,318,-1096;34,-12,-18;35,-312,1118;78,-36,60;80,15,-14;82,5,-14;83,5,-1;84,4,-12;85,11,-2;123,270,-1196;369,-269,1159;370,-3,20;378,13,-31;1129,285,-1103;2690,71,139;2700,2,14;2701,-21,7
estrada||do babi|nova aurora|26160655|1,-2272872,-4339655;2,-26,8;8,108,-36;9,-33,-6;12,70,-12;16,21,-12;28,-175,69;40,59,-23
estrada||do babi|recantus|26157180|1,-2271034,-4340270;2,-32,-105;3,860,-789;4,-614,693;5,-147,299;6,-53,-98;7,-4,7;9,21,13;10,41,95;11,-47,-99;12,28,52;15,98,169;17,3,22;18,4,13;19,0,14;20,0,1;30,-111,-582;54,-179,1937;59,0,-56;68,999,-2525;121,-812,502;395,286,-249;397,-33,-10;399,-48,17;401,-16,-6;513,-211,402;521,-9,15;529,-21,31;540,3,-4;541,-19,63;563,14,-50;569,-9,32;579,2,10;585,-3,6;609,5,11;617,-21,19;625,7,2;641,-6,9;643,3,19;651,-6,14;1745,687,-646;1747,0,0;2505,-586,871;2510,-13,-19;2525,10,1;2530,-7,6;2535,14,20;2540,-1,18;2541,5,4;2545,0,-19;2555,3,10;2560,1,24;2575,3,-7;2585,9,11;2590,-11,1;2591,5,7;2595,26,25;2600,-18,-23;2605,2,6;2615,8,9;2630,7,20;2650,21,15;2651,-7,-13;2655,13,19;2950,0,17
estrada||do babi|recantus|26163170|3,-2271119,-4338821;6,19,-30;46,-65,133;51,5,85;52,-1,-14;69,31,-139;368,6,-17;372,6,-9
estrada||do babi|recantus|26163185|18,-2271146,-4338755;373,35,-74
estrada||do babi|recantus|26163190|1,-2271151,-4338535;3,17,-202;7,100,-1569;11,-24,1560;17,13,-1553;20,-26,1562;23,-67,161;42,174,63;46,-120,36;485,-80,-115;510,93,114;511,-9,-2;515,-58,-27;519,67,40;535,-54,-32;545,12,10;625,59,16
estrada||do baby|nova aurora|26160385|22,-2272991,-4339593;49,20,-13
estrada||do baby|sao francisco|26163190|39,-2272750,-4339725;44,-113,45;47,-185,112;48,3,-10;49,11,-5;50,6,-15;52,61,-21;53,215,-101;54,-236,126;55,212,-111;57,-143,65;58,191,-89;59,-162,65;60,24,-9;61,184,-55;62,-248,81;63,138,-46;64,-122,40;65,-55,18;66,38,-4;67,77,-31;68,-51,18;69,-57,13;70,279,-102;71,-279,106;72,55,-20;73,-57,30;75,180,-77;77,-86,39;78,-134,69;79,1,0;80,137,-64;81,41,-24;82,142,-62;83,-317,146;84,315,-140
estrada||do baby|sao francisco|26163440|1,-2273083,-4339565
estrada||do bosque|santa tereza|26193000|18,-2274849,-4334432
estrada||do bosque|santa tereza|26193420|2,-2274860,-4334480;12,20,-7;19,-21,29;20,11,-14;24,25,-25;30,84,-39;33,-35,3;35,20,-2;36,9,-2;38,29,-3;39,12,-8;40,6,-4;56,-165,93;138,130,-74;164,-51,16
estrada||dos bosques|parque sao jose|26193000|17,-2274223,-4334921;19,-12,19;21,-2,2;23,-8,16;24,1,0;25,-22,-5;27,1,3;33,-24,20;35,-1,3;46,-46,26;52,-18,16;94,216,-102;96,-18,7;100,-18,-10;102,-11,7;104,-25,-1;106,-6,7;108,-17,1;110,-8,7;118,-12,25;120,12,18;122,-31,-13;124,-18,4;128,-15,20;129,12,-18;132,-42,28;355,34,-15
estrada||dos bosques|santa tereza|26193000|3,-2274136,-4334913;4,-187,90;5,-1,-6;6,-17,15;7,164,-107;8,3,-3;9,-10,0;10,-329,213;11,41,-18;12,-124,74;15,386,-266;23,-181,126;25,-99,58;89,-53,42;90,-7,9;91,-6,4;93,-7,3;94,-15,10;96,-19,11;214,191,-134
estrada||dos bosques|santa tereza|26193420|1,-2274491,-4334741;3,-16,19;4,-18,0;5,4,14;8,-26,13;9,-94,66;10,73,-49;11,-4,7;13,-22,8;14,-35,32;16,2,-11;17,26,17;18,-30,4;39,141,-113;66,18,-22;67,-69,56;200,112,-78;201,17,-12;202,19,-10;346,19,-15;347,-6,11;348,-10,-1;350,22,-6;453,-6,1
estrada||itaipu babi|belford roxo|26127170|14,-2271947,-4340593;31,113,57;38,-115,-98;42,23,22;155,-87,-31;185,8,-37;1870,0,1;1900,-32,-36
estrada||itaipu babi|belford roxo|26155500|15,-2271869,-4340576;95,1,10
estrada||itaipu babi|jardim sao francisco de assis|26127170|8,-2272314,-4340996;55,-24,-45;557,45,103;559,-1,-14;3233,-14,-18
estrada||itaipu babi|jardim sao francisco|26127170|1,-2272404,-4341210;5,-2,-18;13,41,125;14,1,5;174,-137,-291;219,75,125;220,11,9;250,-49,-86;484,-83,-78;590,65,66;594,-8,-15;595,41,65;610,-11,-14
estrada||itaipu babi|nova aurora|26127170|13,-2272269,-4340895;15,1,123;16,29,-54;17,5,26;18,29,21;19,14,4;20,19,15;22,12,4;1720,-81,-100;1725,-10,0;1730,-5,-14;1740,-4,-10;1750,-3,-7;2180,136,153;2190,6,-7;2200,13,2;2221,0,0
estrada||itaipu babi|shangrila|26127170|1,-2272484,-4341298;3,-42,-67;5,137,186;7,143,311;8,-364,-649;9,229,350;10,1,-5;11,-590,-955;17,583,927;18,581,687;20,-886,-1155;22,-53,-303;23,-17,-17;24,-9,-79;25,-19,-153;26,-8,6;27,-2,6;28,126,411;29,-16,-1;30,204,321;31,-350,-721;35,360,806;36,-137,-199;37,-297,-568;38,822,1419;40,-581,-930;42,-284,-468;43,14,0;44,-13,1;45,-12,8;56,291,356;71,166,374;98,-394,-748;100,63,-47;118,895,1537;120,-275,-149;130,-5,-10;136,-557,-981;138,325,470;140,-145,-220;141,-103,-148;142,241,344;143,-276,-388;145,21,23;151,16,21;152,0,-1;153,6,10;179,-297,-333;192,1174,1496;250,-625,-791;335,56,137;350,-225,-321;483,62,56;503,74,74;513,-519,-751;515,-1,0;517,-17,4;519,-1,11;603,317,402;725,81,204;800,-264,-682;1008,39,249;1010,11,17;1012,0,6;1101,350,535;1950,88,159;2135,275,469;2215,3,5;2235,29,2;2986,-757,-1210;2990,-1,10;2992,5,1;2998,-6,-4;3000,5,23;3141,496,866;3201,27,52;3203,-2,2;3251,-54,-132
estrada||itipu babi|sao francisco de assis|26127170|17,-2272644,-4341518;18,12,17;19,4,1;50,-74,-111
ponte||altamiro barone|sao francisco|26160480|6,-2273202,-4339498;7,-4,11;8,-12,11;9,10,-4;10,-17,15;12,-12,18;14,-16,20;15,-6,10;16,-7,16;25,10,-1;26,9,-16;27,-1,-10;28,18,-12;29,2,-12;30,-4,0;31,16,-12;32,12,-14;33,-1,-4;34,9,-13;43,-76,101
praca||eliaquim batista|centro|26130065|4,-2276360,-4340052;16,-41,-14;20,17,-14
praca||eliaquim batista|centro|26130250|5,-2276390,-4340031;11,-10,8;15,-5,-33;20,56,-9;21,-53,12;23,62,-18;29,-71,25;31,28,-29;39,-13,0
projetada||biriba|shangrila|26127310|33,-2272483,-4341956;34,3,2
rua|capitao|batista|sargento roncalli|26178310|19,-2271332,-4337767;21,4,-7;23,5,-12;25,6,-7;27,7,-5;28,1,7;29,2,-13;30,4,3;31,5,-12;32,6,-7;33,-1,-5;34,3,9;35,4,-13;37,4,-7;39,5,-6;41,9,-4
rua|capitao|batista|sargento roncalli|26178360|16,-2271340,-4337747;18,5,-8;20,4,-8;22,7,-10
rua|capitao|batista|sargento roncalli|26178400|40,-2271275,-4337836;42,5,-10;44,6,-7;46,8,-14
rua|capitao|ciro estevao de brito|sargento roncalli|26178260|3,-2271871,-4337378;5,2,-10;6,3,4;7,7,-9;8,-6,-3;9,10,-9;10,0,7;11,7,-14;12,2,4;13,3,-12;14,-1,8;15,4,-9;16,3,-2;17,6,-2;18,2,-2;19,1,-17;20,4,9;21,4,-12;22,3,-1;23,1,-9;24,1,5;25,7,-10;26,0,2;27,3,-11;28,4,1;98,3,-8
rua|comendador|francisco barone|sao leopoldo|26167390|20,-2273737,-4336771;21,16,-10;22,14,-6;23,21,-6;24,28,-14;25,9,-3;26,19,-8;29,10,-2
rua|coronel|julio braga|andrade araujo|26135320|3,-2275195,-4341338;205,-23,-65;207,5,16;227,-6,15;229,31,10;233,-24,-5;335,0,4;339,13,33
rua|coronel|julio braga|areia branca|26135320|3,-2275309,-4341574;4,2,3;10,7,29;17,274,572;23,-273,-584;25,258,578;37,-251,-571;39,-2,4;45,7,8;48,-1,-6;50,-5,18;59,17,-4;67,-2,16;68,-9,0;72,-1,-5;73,5,15;76,-1,-7;78,11,5;80,-5,10;83,6,-2;106,2,10;107,4,0;108,-5,9;110,3,-1;127,10,9;129,4,10;147,2,10;149,8,12;150,-14,-13;151,14,24;153,9,10;156,-11,-3;160,-2,15;161,16,-4;162,-9,8;188,19,22;190,11,12;272,5,48;280,4,-9;286,11,8;306,-1,17;308,1,-5;309,10,-1;311,15,7;313,-6,7;315,-5,-10;326,-7,18;345,10,16;347,6,-10;348,-7,15;356,1,1;362,8,13;366,1,-4;370,5,32;371,5,-24;372,-9,7;376,-19,-64;377,29,61;379,-14,-23;381,8,5;383,10,27;386,-31,-67;393,34,68;394,-13,-1;398,9,13;405,7,2;407,2,3;410,-11,6;417,16,15;423,-5,-15;424,-6,19;428,10,-7;437,7,3;438,-17,13;443,16,2;446,-3,-2;452,0,6;453,14,0;462,-7,7;463,2,46;472,2,-39;480,1,14;492,6,5;500,4,18;507,8,-3;508,-7,4;517,10,8;518,-2,2;520,1,-3;530,-4,8;532,4,3;542,11,2;549,-21,5;550,15,5;552,1,2;564,16,16;573,5,8;574,-6,21;591,15,-8;593,-4,-9;595,6,14;596,-11,0;605,11,4;612,-3,12;618,13,10;619,-8,-13;621,9,2;622,-8,10;629,3,1;630,-1,7;637,17,-4;639,-6,8;643,-1,2;644,-10,-4;648,10,8;653,4,9;658,3,13;665,-2,-12;667,3,8;669,2,3;679,10,10;681,0,2;685,3,4
rua|dona|beatriz|bom pastor|26170110|9,-2274531,-4336641;10,11,2;15,-54,-55;16,-3,2;17,-2,-1;36,31,23;45,58,66;90,-86,-89
rua|dona|berta|shangrila|26157080|1,-2270381,-4341771;2,-13,14;5,-92,182;13,114,-186;14,-14,0;15,3,6;16,-21,13;17,6,7;19,-19,42;20,-6,-17;21,-10,14;22,7,6;23,-5,2;25,-18,24;26,2,12;27,-19,70;28,10,-45;29,0,-13;30,6,3;33,-8,30;35,1,-25;37,-7,18;38,29,-46;39,-36,49;40,-13,59;41,13,-43;44,7,-1;46,-5,17;47,-16,14;52,11,7;53,-3,-10;99,33,-113
rua|doutor|buriche|glaucia|26195420|38,-2275683,-4335404;81,20,-33;387,-18,42
rua|doutor|burich|glaucia|26195420|1,-2275569,-4335749;10,-6,76;11,-69,237;16,21,-124;46,69,-122;65,-18,23;81,-90,206;87,10,-31;89,1,-2;95,71,-161;100,-49,111;107,45,-94;140,-16,25;141,-10,40;145,24,-48;151,-16,29;153,-5,8;180,1,7;185,-11,19;226,-27,46;235,12,-17;267,-18,38
rua|expedicionario|eliaquim batista|areia branca|26135040|3,-2275685,-4340954;59,38,2;69,1,7;79,10,-2;86,9,6;89,-1,-6;99,8,3;101,5,0;111,9,4;119,9,0;133,3,0;141,17,1;151,7,0;165,25,3;175,-16,5;181,24,-25;189,7,27;197,9,-4;217,2,11;227,7,-6;231,19,8;237,2,2;248,19,-4;250,2,-6;251,7,-2;1013,-127,-10
rua|expedicionario|eliaquim batista|parque laranjeiras|26135040|374,-2275389,-4340938;376,22,-15;378,10,0;380,-8,0;418,48,-26;446,-1,10;448,0,-5;450,6,0;452,6,-9;462,17,5;472,16,-14;480,-5,9;490,15,-7
rua|expedicionario|eliaquim batista|santo antonio da prata|26135040|317,-2275417,-4340943;329,3,1;335,13,-13;363,8,10;375,12,-13;401,32,-5;407,10,-4;423,8,-5;431,16,-7;443,7,2;451,4,-3;455,-2,-6;463,8,-1;471,9,1;473,3,-1;481,16,-7
rua|expedicionario|eliaquim batista|vila souza|26135040|9,-2275619,-4340942;36,-41,-9;46,10,8;56,12,-7;78,8,6;102,15,0;108,10,2;120,13,4;142,11,0;148,10,9;162,9,0;164,8,8;178,8,-7;184,4,-1;190,9,2;198,7,5;216,7,2;220,5,-4;224,5,8;234,4,-2;244,11,0;258,11,-1;268,13,-11;270,-2,-1;272,14,-17;282,7,13;294,7,3;302,15,-4;314,-21,0;318,34,0
rua|general|delio barbosa|bom pastor|26113140|5,-2275853,-4338043;6,-56,19;7,-91,22;41,126,-38;66,-13,6;85,-4,4;95,13,-2;130,-49,10;135,21,0;145,-134,37;160,160,-51;164,-24,3;175,-70,27;183,54,-18;185,-63,25;195,-11,0;205,3,-1;210,5,-6;215,-16,15
rua|padre|jose beste|centro|26131080|27,-2276815,-4339921;217,-9,5;222,26,-20;223,-8,23;224,0,-15;225,-4,-1;226,20,-11;227,-17,10;235,5,-11;243,5,-2;244,-1,8;250,12,-11;257,-7,-1;263,10,-11;270,9,-2;273,-4,-6;280,3,0;305,15,-20;315,7,-5;325,6,-11;328,-1,10;341,7,-12;350,13,2;354,0,-7;355,4,-8;360,-4,-12;366,12,6;376,-3,-1;386,8,-1;387,3,-12;399,-3,-11;401,7,-2;402,6,2;403,1,-5;404,11,-5;415,-6,-1;425,10,-6;428,-1,7;435,11,-18;436,-1,6;701,-41,33
rua|padre|jose beste|vila dagmar|26131080|84,-2276904,-4339852;96,13,-7;108,3,-2;118,12,-9;128,2,-1;138,8,-7;140,4,-1;144,8,-5;164,4,-6;174,10,-10
rua|presidente|bernardes|bairro wona|26183640|8,-2272784,-4333893;9,7,13;10,18,31;11,-3,6;12,14,16;15,19,25;16,11,12;62,7,18
rua|presidente|bernardes|parque alvorada|26183640|35,-2272724,-4333772;36,-8,1;40,-16,-43;41,1,-14;43,-12,-16;44,-8,-8;45,-7,-13;46,-27,3;47,15,-16;48,-1,-24;49,-8,-7
rua|presidente|castelo branco|parque sao vicente|26167760|14,-2272478,-4337534;16,0,11;18,8,-12;22,-5,-8;24,-3,11;33,0,17;34,-4,-6;36,2,-19;41,-1,34;44,-7,-8;51,6,14;54,-2,-3;61,1,18;63,5,4;64,-5,-13;65,0,17;67,55,19;74,-60,-26;84,1,12;94,2,4;101,-22,112;102,20,-93;104,-4,-11;114,-9,9;124,1,17;134,8,0;144,1,9;154,-7,10;164,9,-82;171,-3,121;174,-12,-30;184,1,18;191,-15,69;194,16,-66;204,2,16;214,-5,2;224,1,8;234,-13,-1;238,41,53;244,-34,-30;254,-2,9;264,5,10;274,5,4;284,33,-7;294,-39,21;304,2,0;314,-7,18;324,-5,3
rua|santa|barbara|recantus|26157180|2,-2270969,-4340515;265,5,10;292,-22,-13
rua|sao|benedito|sao vicente|26178405|2,-2271772,-4337172;5,-6,-5;6,-12,38;7,-5,10;8,26,-34;10,-25,-23;12,-20,51;13,9,18;15,9,-3;16,-17,-56;17,-3,19;18,1,2;20,-6,-18;23,2,20
rua|sao|bento|recantus|26160161|1,-2271023,-4338124;2,6,-57;3,0,26;4,-39,-226;5,28,189;6,9,37;7,14,63;9,3,-16;11,-60,-329;16,56,333;17,8,8;54,-31,-95;274,24,79;275,-18,-24;365,19,49
rua|sao|bento|recantus|26163170|3,-2270946,-4338042
rua|sao|bernardo|nova aurora|26160275|16,-2272460,-4339725;21,-62,-6;39,76,10;128,-38,-13;129,-25,0;131,-29,1;141,124,20;150,-55,-11;155,-52,-15;156,12,10;170,55,3;173,-164,-16;180,188,11;187,-152,26;193,57,-29;199,97,20;200,-42,-11;207,56,9;260,43,24;261,-5,-5;264,-9,-2
rua||agnaldo barbosa|boa ventura|26150000|6,-2271142,-4332414;20,38,-26;30,-31,20;46,10,-9;48,9,-11;50,16,-1;52,-6,1;53,5,10;55,-34,11;65,-18,3
rua||aguia branca|parque suecia|26187200|1,-2273596,-4334222;4,-66,87;11,28,-32;14,-32,24;15,37,-39;20,-45,68;115,44,-62;118,1,-3;130,-35,45;299,71,-95;311,-64,83
rua||alberto boldrim|parque novo lar|26193575|16,-2275548,-4333395;17,-2,-19;19,2,20;21,0,-13
rua||alberto brigagao|andrade araujo|26135280|6,-2275166,-4341352;10,40,-36;13,-78,54;23,246,-191;27,-213,167;35,228,-176;47,9,-4;51,-223,183;55,231,-192;61,-222,181;63,7,-15;71,222,-187;81,15,18;83,-229,172;130,54,-45;135,-29,17;137,4,7;145,6,-13;155,3,-20;156,11,3;157,6,-3;158,21,-11;217,26,-28;255,37,-28;343,-117,97
rua||alberto brigagao|areia branca|26135280|8,-2275142,-4341365;11,5,-10;14,-42,52;15,176,-164;16,56,-33;18,-53,35;26,35,-27;27,13,-6;35,-55,37;40,-155,136;42,227,-181;52,-223,176;54,13,-10;56,118,-116;78,117,-63;82,4,-9;100,-218,164;104,-49,48;105,1,0;106,56,-49;112,9,-5;124,-65,48;130,96,-78;380,48,-41;390,6,-2
rua||alencar baleiro|santa emilia|26176210|6,-2271853,-4335140;8,9,6;9,19,4;13,42,16;19,28,4;20,-15,-7;26,-63,-25;27,-9,-2;29,-21,-7
rua||alfredo barbosa|heliopolis|26140280|4,-2274360,-4341798;6,99,-53;7,-67,36;8,35,-25;9,-23,21;10,50,-28;11,-23,17;12,17,-13;13,-8,3;14,28,-12;16,28,-9;18,11,-3;19,-7,-15;20,24,6;21,-27,10;22,21,-11;23,-30,6;24,31,-5;26,-16,-5;28,19,-7;40,-139,78;42,-5,3;44,2,-4;50,-1,5;52,-9,3;54,-6,2;83,61,-34;85,-13,4;141,39,-4;150,11,-17;161,-1,-8;163,13,-2;172,-2,-2;175,-16,7;180,19,-10;228,41,-10
rua||alice brandao|parque uniao|26175210|1,-2272146,-4334500;2,-25,108;3,-1,-4;4,4,-21;6,13,-14;7,-3,-9;8,-28,72;12,38,-125;14,-4,28;18,-33,9;22,-2,106;32,-13,-39;33,26,-1;34,-20,-47;35,25,27;37,3,-16;38,-1,-4;40,-12,-18;41,2,-1;50,9,24;52,8,-43;61,-9,63
rua||altamiro baroni|sao francisco|26160480|1,-2273393,-4339218;4,62,-92;5,-37,48;10,-12,41;15,-5,-21;22,-5,15;23,4,-5;25,15,-26;28,26,-24;29,4,-14;30,5,-7;31,12,1
rua||alvaro braga|parque amorim|26112150|2,-2270199,-4333290;3,-3,12;9,-2,-28;14,6,-70;59,0,54;62,-4,12;147,-3,-44;155,4,-34;159,0,-65;160,7,33;164,1,-38;180,-9,-76;362,8,91;366,-5,-58;381,0,-35
rua||alvaro braga|vila medeiros|26112150|16,-2275299,-4340662;36,-44,6;49,21,-16;50,-9,5;59,5,-5;62,2,12
rua||amara aguiar brandao|parque sao jose|26193600|23,-2273994,-4333182;31,22,29;101,-21,-26
rua||amaro aguiar brandao|parque sao jose|26193600|24,-2274027,-4333180
rua||amaro aguiar brandao|santa teresa|26190060|6,-2274252,-4333234;17,-51,-64;20,19,48;30,-4,-13;35,-16,-60;54,13,58;56,2,-4;63,38,34;72,-39,-48;120,23,53;200,-11,1
rua||amaro aguiar brandao|santa teresa|26193545|1,-2274190,-4333244;8,1,1;9,-36,2;15,-31,9;16,43,-14;181,-11,5;211,-61,16
rua||amaro aguiar brandao|santa teresa|26193600|11,-2274197,-4333245;12,21,8;14,32,2;15,-19,5;18,38,13;19,-7,-13;20,18,14;62,-128,-26;77,89,22;88,-11,-7;187,-70,-12
rua||aparicio borges|shangrila|26127080|5,-2272551,-4342055;12,-32,32;13,-68,18;14,98,-40;15,-80,33;16,17,-10;17,2,-2;19,117,57;20,-164,-39;21,142,-42;22,-125,37;23,198,-82;25,-42,9;26,60,-7;31,-41,8;33,-8,6;34,8,3;35,-13,3;36,-43,13
rua||armando barcelos|lote xv|26183370|8,-2271372,-4332622;22,28,65;36,-22,-60;44,-4,4;47,39,35;60,-10,7;69,-6,-25;70,29,35;82,-16,-25;100,-10,11;115,-10,-22;122,-9,14;124,25,-1;126,-26,-18;131,-15,-48
rua||assis brasil|sao vicente|26178210|6,-2272383,-4336546;7,-1,9;129,54,49;196,-27,-26;197,13,14
rua||assis brasil|vila rica|26178210|203,-2272298,-4336449;205,4,25;210,3,-14;217,-2,-9
rua||assis brasil|vila verde|26178210|5,-2272325,-4336472;6,-50,-61;59,-11,-3;61,-8,-10;216,29,33;218,49,45
rua||avenida asdrubal braga|sao francisco|26160450|1,-2273289,-4339139;3,10,-1;24,117,-162;25,5,-14;26,4,-2;29,9,-26;30,17,-18;31,6,-6;32,5,-10;33,4,-14;34,14,-6;35,3,-8;36,11,-16;37,7,-13;38,5,-3;42,-217,299;191,92,-115
rua||baba|sitio floresta linda|26175305|54,-2272851,-4334499
rua||babilonia|recantus|26157320|9,-2271194,-4340189;10,20,-9;11,7,1;12,20,7;13,-8,-4;14,35,7;15,13,10;106,-1,-14
rua||babi|recantus|26163190|18,-2271506,-4338562;19,11,13;25,-7,-10
rua||bacairis|recantus|26157420|4,-2271264,-4340131;6,12,-11;7,5,-37;8,19,-18;10,-42,68;11,-3,6;13,1,34;16,21,-87;21,11,-14;22,-3,2;23,-2,11;24,-7,15;25,-18,44;45,39,-75;71,-5,5;93,29,-63
rua||bacanga|recantus|26157370|1,-2271127,-4340059;6,34,-100;8,2,-16;10,-20,53;13,-27,83;15,80,-243;16,-42,128;17,37,-117;18,-4,8;19,-8,22;20,-5,12;21,4,7;22,-8,10;23,-2,7;24,-9,14;30,-18,94
rua||bacuria|recantus|26157360|1,-2271102,-4340161;3,-34,34;5,107,-27;6,-285,78;7,179,-20;8,-73,22;9,71,14;10,-164,-11;17,69,22;18,34,13;26,172,-127;27,-64,58;29,-68,83;30,-7,4;105,-67,-30;123,213,-121;125,-192,126
rua||bacurua|nova aurora|26155130|3,-2271278,-4340071;4,-37,3;5,229,33;6,-63,24;9,-178,-61;10,164,59;11,-122,-51;12,20,11;13,-75,-23;15,57,14;16,11,0;50,177,48;4220,-195,-54
rua||bacurubi|recantus|26150393|4,-2271138,-4340101;5,11,-2;6,-15,-9;7,-67,26;9,-10,2;10,128,-21;13,23,9;18,-13,-6;19,9,-8;20,-70,-16;21,-24,2;22,4,0;30,-29,17;53,45,-17;70,-32,11;79,-29,19;80,24,-18;81,3,0;90,-16,10;95,0,8;100,-1,-4;110,-30,6;112,-18,-1
rua||badajos|heliopolis|26120140|4,-2274349,-4340141;5,-43,-6;6,10,5;7,7,-3;8,10,-3;9,1,7;12,25,-4;14,8,10;15,-21,3;21,127,-35;25,-93,17;27,-20,5;31,27,-4;35,0,-1;37,17,0;39,-58,12;40,94,-25;45,10,-3;48,-31,16;50,32,3;55,-40,-11;64,-34,16;65,-11,-2;66,47,-16;81,14,-8;84,-95,37;189,17,2;820,94,-25
rua||bahia|sao francisco de assis|26125140|28,-2273449,-4340713;31,-14,-7;32,4,0
rua||bahia|vila pauline|26125140|5,-2273405,-4336397;11,-4,-2;21,6,-13;27,18,2;37,4,-4;43,5,-9;53,10,5;59,5,-8;69,4,-2;75,5,-4;85,5,-6;91,9,-7;101,11,-4;107,-3,-1;117,9,2;123,11,-12
rua||bahia|vila pauline|26170270|10,-2273403,-4336404;20,7,0;28,9,-5;36,2,-2;44,9,-5;52,5,-5;58,3,-11;68,16,-4;74,0,-1;84,12,-2;92,6,1;100,5,-9;108,4,-3;114,5,2
rua||baiare|sao francisco de assis|26125020|15,-2273625,-4340228
rua||baiare|xavantes|26123410|4,-2273862,-4340161;6,66,33;13,-46,-37;28,-10,1;149,-56,9;237,33,4;256,-86,19
rua||baiare|xavantes|26125010|1,-2273841,-4340170;2,-268,59;3,450,-106;5,-409,99;7,-6,1;9,14,-11;10,-17,15;11,33,-14;13,30,-2;15,-26,3;16,11,0;17,370,-74;18,3,-11;19,-182,41;20,-16,0;21,4,-1;22,-245,57;23,160,-31;24,28,-7;25,184,-46;27,-64,18;28,27,-11;31,-199,43;39,202,-41;40,-18,8;54,90,-20;56,-89,20;62,4,-3;79,-246,63;90,-2,-1;95,-35,5;120,-61,4;126,381,-87;146,-154,43;253,5,-14;261,-199,51;310,151,-25;312,21,-16;430,271,-38;468,-131,14
rua||baicuru|xavantes|26123410|2,-2273990,-4340138;5,107,59;7,101,-34;13,-83,25;15,-27,11;21,264,-74;24,-39,15;25,-23,8;26,-139,17;30,18,-7;31,-43,15;33,93,-23;34,-199,39;36,160,-17;37,-153,20;38,-1,-6;51,103,28;88,11,2;108,-45,-9;137,1,-14;139,-14,-1;140,4,2;151,-14,-7;157,211,-41;161,-224,38;178,-1,11;189,-21,2;205,14,-6;207,-17,-3;260,28,8;261,0,-3;310,215,-51;315,-282,39;420,20,-1;454,-71,0;456,24,1;458,-2,1;465,10,-2;741,-16,-1;742,12,-9;744,-1,24;745,-19,-16;746,2,6;750,-5,3;754,-1,3;758,-9,-3;778,-38,4;882,23,-5;886,24,-9;887,-47,7;889,-11,1;890,41,7;892,-77,-10
rua||baicuru|xavantes|26125000|12,-2273672,-4340132;13,7,0;14,16,-6;128,-76,23;130,-12,1;170,10,-7;180,32,-5;190,9,5;199,154,125;212,-91,-141;222,5,-11
rua||baipinas|heliopolis|26120150|2,-2274206,-4340177;4,-3,23;10,18,34;13,-12,-37;14,-18,-31;16,-7,-31;17,19,76;18,-13,-62;20,2,5;47,2,14;49,-14,6;61,9,-4;101,-6,-40;120,18,57;143,-26,-57;286,9,20;288,-7,-14
rua||baldraco|xavantes|26125085|1,-2273997,-4340148;2,-41,-203;3,45,230;4,11,-10;6,-12,26;10,17,-8;14,-26,-17;15,-30,-180;18,-16,-63;39,25,68;47,9,93;101,-13,-156;147,42,284;742,-6,-8
rua||baliza|wona|26175010|3,-2272688,-4334065;7,-6,-11;8,-1,-14;9,-3,-14;10,2,-6;11,-6,-10;12,-5,-7;13,-3,-12;14,29,73;19,-38,-81;20,7,1;29,23,61;30,-7,-17;31,-7,-20
rua||barauna|belford roxo|26112530|216,-2275030,-4340494;242,-3,-12;262,-5,-18;272,6,-5;282,2,-13;292,-2,-4;302,0,-10;312,-5,-11;324,-3,-10;332,0,-10;342,2,-5;352,2,-15;362,1,-6
rua||barauna|vila medeiros|26112520|7,-2275037,-4340247;8,2,14;17,4,-25;29,3,-18;39,-18,-10;46,13,56;49,8,-38;51,-13,43;59,5,-77;69,1,-8;79,-6,-31;89,8,-8;98,-2,59;99,-2,-49;101,0,1;912,5,-24
rua||barauna|vila medeiros|26112530|10,-2275032,-4340253;18,6,-12;28,1,-8;38,-1,-12;48,1,-8;58,1,-7;76,-7,-35;101,-4,-1;155,0,-75;165,1,-5;175,-2,-6;185,2,-13;193,0,-12;209,0,-6;219,-7,-18;229,7,-3;239,-2,-16;249,7,-7;259,-6,-10;269,-6,-9;279,-2,-12;289,5,-8;299,4,-14;309,-12,0;319,20,3;329,-12,-28;339,-2,0;349,2,-9;359,-6,-9;360,-4,-70;369,12,58;379,-6,-3;389,-6,22;399,7,-48;409,-9,-5;419,6,-8
rua||barbacena|andrade araujo|26135660|6,-2274733,-4341762;7,64,-51;9,-46,19;10,-48,29;12,49,-28;17,-46,26;20,93,-43;21,-89,34;22,176,-60;23,-11,-6;30,-165,70;32,172,-70;38,25,0;42,-3,-2;45,-64,15;50,80,-20;81,-162,51;95,12,-10;105,7,7;115,185,-58;117,-177,55;125,189,-62;135,8,-14;145,13,9;150,-115,5;153,14,22;155,107,-25;161,13,-3;182,-150,36;183,2,6;184,-7,-16;202,4,14;275,-141,66
rua||barbacena|andrade de araujo|26120160|466,-2274381,-4341901;476,13,-2;486,12,-6;496,8,-13;506,12,-1;516,10,-10;526,6,-9;536,19,-10
rua||barbacena|andrade de araujo|26135660|171,-2274398,-4341894;175,5,-5;203,-21,11;445,36,-15;455,7,-3;465,9,5;469,-8,-8;471,-4,-3;475,18,5;485,8,-11;495,6,-14;505,8,-2;515,10,4;521,14,-34
rua||barbacena|heliopolis|26120160|2,-2274097,-4340421;3,4,-6;5,7,-2;7,-62,70;9,80,-82;10,-18,1;11,16,-2;12,24,-16;13,-24,19;14,39,-22;15,12,-6;16,-13,-2;17,-3,-4;18,-195,209;19,144,-166;20,-143,178;22,-154,55;28,337,-269;30,25,-13;34,-329,277;35,-4,-12;48,13,5;57,314,-243;84,-269,240;94,1,-1;95,239,-240;96,-158,155;97,164,-155;98,-172,178;100,20,-63;105,-79,110;106,7,13;107,-13,-12;109,-15,4;111,190,-184;132,-156,182;134,0,7;142,18,-3;221,25,-71;222,1,0;223,1,2;236,51,-73;238,11,-5;240,-33,28;242,7,9;244,10,-23;246,-2,-8;250,55,-22;260,-16,-4;270,-8,32;278,-64,45;279,1,0;280,4,-11;281,72,-67;284,109,-89;310,-115,86;322,67,-49;337,-37,32;338,-63,43;339,69,-53;349,-103,89;350,19,-24;429,-140,129;480,97,-14;907,-1,-1
rua||barbacena|heliopolis|26135660|62,-2274471,-4341867;102,-31,2;104,0,0;106,0,0;108,-1,11;128,-11,1;130,28,-10;132,4,-3;142,-1,4;162,19,-3;192,-19,4
rua||bargela|recantus|26163185|13,-2270886,-4338484;18,-41,26;21,57,-44;27,-29,38;29,16,-26;31,-11,11;61,28,9
rua||barnabe|malhapao|26190290|4,-2273574,-4332937;5,0,-21;6,-3,-10;7,3,-10;9,5,-73;10,4,4;11,-9,16;12,1,26;105,0,-15
rua||barnabe|parque fluminense|26185260|2,-2273551,-4333153;4,-6,3;8,-5,46;67,10,-31;112,-12,13
rua||barnabe|parque fluminense|26190290|112,-2273577,-4333107;116,5,25
rua||barnabe|parque sao jose|26190290|19,-2273581,-4332957;105,11,-58;108,-10,-13
rua||bartolomeu|barro vermelho|26110065|160,-2274195,-4337377;170,-2,13
rua||baturiti|xavantes|26160065|7,-2274012,-4339737;8,19,7;9,7,7;23,16,42;28,-15,-56;40,-11,-34;50,26,89;51,4,6;52,1,7;59,1,-4
rua||beatriz|vila pauline|26171180|2,-2274091,-4336043;4,-15,-16;5,-11,-2;6,-47,3;10,-244,-474;11,221,481;12,-209,-504;15,25,126;17,124,321;18,-1,-5;22,129,69;24,-279,-500;26,301,493;28,-89,-169;30,-201,-312;32,348,498;35,-360,-516;39,163,492;40,-138,-253;41,0,-2;43,46,76;44,-47,-111;48,37,105;49,49,42;50,-62,-47;54,-18,-41;55,-36,-272;60,37,158;70,-18,9;74,201,343;75,-215,-513;77,17,197;83,6,-117;84,33,243;86,-37,-91;87,6,4;90,-1,-155;93,-25,-77;94,25,114;98,238,259;99,-238,-239;100,33,166;110,-45,-278;121,10,146;122,13,129;123,-3,-10;130,106,228;146,-127,-415;220,6,-63;221,-20,-33;280,294,504;1954,-294,-505
rua||beberibe|xavantes|26160110|16,-2273661,-4339709;35,271,-67;54,-98,19;72,-79,30;76,18,-4;95,-65,11;99,7,2;100,98,-27;101,-95,25;103,128,-37;105,-137,30;130,67,-19;135,-53,31;137,8,-3;139,4,-10;172,-169,38;201,223,-56;474,6,-11;545,95,-11;560,-66,18;590,66,-20;620,20,-9;653,22,-2;655,12,-11;658,16,9;661,16,-22
rua||beco boaria|xavantes|26160080|2,-2273343,-4339909;4,-32,33;5,10,9;6,25,56;8,-30,-64;13,0,-36;14,-27,-2;15,43,8;16,3,-29;31,-1,30;33,-1,-12;35,9,-3;70,-14,52;105,-28,-46;106,-2,9;107,2,-10;108,4,2;661,43,96;1762,-12,-95;1763,0,40
rua||begonia|bom pastor|26115140|2,-2276087,-4336766;148,100,489;155,-11,-102;156,5,-20;226,-53,-225;227,4,9;228,11,65;270,-2,-10;383,-67,-272;426,41,149;563,-97,-366;611,157,521;818,-162,-491;820,13,23;860,-10,-28
rua||begonia|hiterland|26115145|39,-2274083,-4339083;40,-5,10;46,-1,-10;49,-1,-2;53,4,-3;111,35,-57
rua||begonia|jardim redentor|26115140|3,-2275994,-4336324;100,13,-13;219,-11,90
rua||bela|parque suecia|26187150|3,-2273338,-4334386;4,-3,9
rua||bela|shangrila|26150070|50,-2271957,-4340965
rua||bela|shangrila|26150081|16,-2271961,-4340956;20,-10,6
rua||belem|santa amelia|26116700|5,-2275038,-4338627;37,237,-132;43,-249,132;46,28,-2;49,235,-340;104,-215,325;241,75,-35;242,3,3;243,-13,10;244,-11,6;283,65,-34;292,17,-7;293,0,2;295,-94,44;305,160,-103;308,1,-4;309,1,4;310,-12,15;311,-12,13;312,-8,6;313,66,-39;314,-69,51;317,-44,30;318,1,-3;319,-18,6;321,-14,5;322,-19,5;323,-10,3;324,-10,11;347,178,-161;348,20,-18;357,-61,-124;358,13,-5;359,9,-6;360,17,9;363,46,36;364,4,22;365,-25,28;366,20,-20;367,2,-10;369,-21,68;371,6,-15;372,-21,46;373,11,-12;374,-1,-1;376,13,-21;377,9,-15;378,3,-7;379,11,-8;380,0,-19;381,-1,-12;382,-3,-6;383,-24,41;385,13,-72;386,-5,-17;387,-1,22;388,-14,-42;392,24,50;395,0,52;401,-11,-54;402,11,-10;411,-19,-22;412,15,21;445,-56,155;523,-295,127;524,-2,-1;525,-8,-4;527,-9,-4;528,-4,-11;529,-4,7
rua||belila|xavantes|26160090|4,-2273895,-4339875;6,-5,-3;11,9,23;13,37,152;14,-32,-158;15,10,52;16,-6,-1;30,12,4;50,-42,6;51,94,250;56,-52,-220;61,4,-4;68,2,29;128,-38,-162;138,14,10;140,-15,5;200,-3,-20;291,28,131;296,19,26;311,-23,-43;670,24,53
rua||belvedere|shangrila|26157332|4,-2270537,-4341492;5,-21,-30;6,14,14;8,14,31;9,-13,13;10,30,60;11,-9,-6;13,-21,-45;30,28,25
rua||benevaldo|miguel couto|26157579|15,-2271155,-4342402;16,-19,4;17,3,-25;35,-1,-12
rua||beneventes|xavantes|26160100|27,-2273801,-4339790;96,21,83;98,5,14;125,-22,-56;155,13,18;311,8,50
rua||benevente|jardim xavantes|26160100|109,-2273752,-4339578;111,6,12;113,4,5
rua||benevente|xavantes|26160100|8,-2273828,-4339789;80,95,309;88,1,-9;90,-71,-273;92,2,15;144,6,7
rua||benguel|nova piam|26115550|15,-2274167,-4339492;24,-25,16;34,-27,7;139,-44,43;149,-3,2;159,-15,3;179,8,-8
rua||berilo|bom pastor|26110620|56,-2274239,-4337098;66,-7,11;82,-21,4;92,-3,1;94,-11,2;122,-15,16;192,-50,19
rua||bernadete|jardim ideal|26171195|1,-2274081,-4336023;11,4,0
rua||bernadete|vila pauline|26171195|62,-2274158,-4335918
rua||berquior|xavantes|26160120|17,-2273777,-4339958;30,-15,-38;51,15,71;81,-1,-25;580,-5,-45
rua||berquio|jardim xavantes|26160120|10,-2273652,-4339491
rua||berquio|xavantes|26160020|6,-2273796,-4340031;14,-1,9
rua||berquio|xavantes|26160120|15,-2273758,-4339897;16,-17,-15;24,48,146;28,-16,-52;40,13,76;54,-61,-244;74,9,16;78,8,19;82,59,221;95,-77,-243;195,45,134;220,-3,9;400,-22,-116;410,2,13
rua||bertioga|jardim xavantes|26160130|4,-2273647,-4339693;40,31,132;366,-30,-116
rua||bertioga|xavantes|26160130|10,-2273709,-4339936;22,2,26;23,-6,-35;25,99,343;26,-127,-381;27,27,10;28,-8,-7;29,15,11;31,-6,19;33,97,360;36,-106,-384;72,18,26;74,-1,4;101,90,338;102,-100,-385;103,-5,-12;104,0,25;105,18,43;108,-4,13;110,-1,-3;158,23,103;160,4,5;166,3,15;176,4,5;180,-27,-133;197,5,65;253,25,62;255,2,14;265,8,2;266,-12,7;300,65,224;361,-49,-194;367,25,78;386,-91,-316;435,35,115;439,2,2;443,-2,-1;525,65,268;530,-96,-357;717,166,626;1174,4,14;1175,-6,1
rua||biguacu|xavantes|26160140|1,-2273519,-4339812;14,-17,15;15,64,359;55,-79,-425;100,33,136;103,-12,-36;150,38,135;152,-6,-41;156,-61,-243;157,2,51;168,44,173;175,11,40;187,-57,-228;215,13,24;232,50,248;240,4,-21;250,-7,-9;255,58,184;276,-141,-543;277,0,2;278,16,15;348,70,330;367,-22,-65;378,10,-9;390,-72,-252;474,24,259;738,-14,-232;740,-3,-13;1237,42,249
rua||biquiba|xavantes|26160165|2,-2273537,-4339524;4,17,82;10,-112,-518;16,133,569;18,-2,-32;19,-87,-318;20,-2,-22;24,-12,-44;25,-5,-21;30,-14,-49;37,-19,-69;72,64,240;98,40,165;102,-108,-419;139,59,225;150,-18,-32;187,-8,-19;220,-6,-54;371,46,145;379,11,82;382,-44,-184;427,42,160;519,-76,-292;710,26,119;732,1,-36;746,-4,17;751,8,-1;781,-13,-36
rua||biritinga|xavantes|26160150|26,-2273496,-4339892;42,18,63;160,-25,-75
rua||biritinga|xavantes|26160155|20,-2273462,-4339743;21,33,121;26,-10,-51;28,-39,-245;30,6,2;47,66,398;55,-6,-50;99,-81,-339;120,83,350;237,-34,-125;390,28,111;400,7,45;525,-16,-256
rua||boacica|xavantes|26160170|3,-2273434,-4339925;5,-12,-15;8,18,53;26,17,-22;35,-18,-8;37,-16,-20;38,6,-13;41,13,32;48,60,269;62,12,-20;72,-18,-11;115,-36,-135;134,-12,-10;150,52,171;260,-9,-46
rua||boacu|xavantes|26160180|150,-2273448,-4339570;315,-54,6;407,41,2
rua||boaria|xavantes|26160080|23,-2273350,-4339825;24,9,3;30,13,62;54,34,98;612,-33,-140;1761,-27,-39;1767,10,4
rua||boassu|xavantes|26160180|15,-2273321,-4339606;95,-63,18;375,-2,-5;379,-7,2;471,18,-3;484,26,20;485,-20,-23
rua||bogari|sao francisco|26160190|1,-2273517,-4339326;44,20,-17;46,-11,9;1202,-15,17
rua||bogari|sao francisco|26160630|2,-2273236,-4339664;3,-2,7;4,-9,6;8,-36,39;10,-14,12;12,-17,26;13,-2,-2;16,-25,30;18,-8,16;20,-17,20;28,100,-119;40,-25,24;42,-75,81;43,3,7;44,2,-9;45,1,8;48,-14,16;272,51,-61
rua||bogari|xavantes|26160190|4,-2273513,-4339342;6,-8,-5;42,163,-184;44,1,-1;48,-17,18;211,-45,56;269,61,-72;491,105,-129;493,0,1;1025,-271,321;1026,0,17
rua||boiobi|xavantes|26112620|2,-2273782,-4340075;3,38,5;4,-26,-11;7,50,-6;8,4,1;13,82,-15;14,-119,21;15,103,-19;16,-91,11;18,10,9;25,37,-17;26,23,5;27,-3,-5;31,-33,9;41,105,17;43,-32,-35;52,-97,16;61,-33,16;88,238,80;89,-161,-101;90,-43,12;94,95,20;128,-85,-24;170,24,0;180,20,-9;640,59,-9;641,-27,-2;642,26,1;643,-5,6;644,19,-3;645,-4,0;647,-24,8;650,42,-2
rua||bolero|apolo xi|26185540|6,-2272103,-4332821;13,-28,13;15,-7,1;16,-8,6;17,-29,16;19,2,-10;28,-9,57;100,190,-126;126,-5,6;128,-7,2;130,-16,3;132,-15,5;134,0,4;136,-15,3;138,-7,3;140,-7,3
rua||bolero|bairro imperio|26185540|4,-2271716,-4332961;53,26,9;54,-6,-6;55,-28,5;56,-18,5;58,-34,3;59,-15,6;61,-27,11;62,-11,6;63,-3,-7;64,-33,19;65,-4,-1;72,77,-31;73,-14,1;74,-11,3;76,-19,10;77,-8,-3;78,-9,10;79,-9,-1;80,-7,7;82,-17,9;83,-11,5;102,112,-41;103,-4,-6;110,36,1;120,-3,-7;129,20,0
rua||bolero|jardim tupiara|26185540|10,-2272094,-4332837;11,-28,15;14,-31,13;20,-7,10;22,-6,1;24,-21,9;26,105,-73;42,106,-11;52,-18,-13;54,6,24;56,1,-4;84,82,-33;90,-98,45;91,-17,4;96,-13,-4;97,-7,11;191,-8,4;192,-8,3;200,61,-21
rua||bolivia|jardim brasil|26185070|17,-2270751,-4332881;18,12,4;35,-85,-13;36,5,1;37,3,4;69,-18,-4;80,18,7;88,5,6
rua||bonfim|parque aida|26193010|5,-2273496,-4334966;8,4,9;24,-22,-43;25,12,6;26,3,22;28,3,5;29,-2,13;30,10,18;111,8,-30
rua||boris|parque suecia|26187140|2,-2273265,-4334611;3,3,1;5,-191,160;7,31,0;9,-103,66;11,15,-11;13,156,-139;14,-4,8;15,-46,31;17,-105,93;18,106,-103;19,0,2;20,34,-13;21,9,-24;22,4,-2;23,-8,-9;28,57,-40;29,-2,1;30,29,0;31,-9,-18;32,10,-6;34,-226,229;36,223,-225;38,-307,290;43,89,-94;113,213,-157;116,16,-19;117,1,0;118,-17,10;139,-271,219;226,128,-118;335,101,-67;336,-12,1
rua||bororos|malhapao|26187020|18,-2273069,-4334401;20,-56,58;24,42,-40;58,12,-12;84,-4,2;94,-7,10
rua||bororos|parque fluminense|26187020|2,-2273098,-4334360;5,-38,32;11,-12,5;30,-24,28;51,-6,7;89,105,-90;300,-109,94
rua||bororos|parque morada|26187020|15,-2273049,-4334400;17,-7,8
rua||botanica|itaipu|26143130|1,-2273031,-4343059;2,74,-41;3,86,-21;4,-97,31;5,-196,68;6,36,-14;7,-53,8;8,363,-158;9,223,-115;21,-99,63;32,-30,21;54,-10,7;64,-421,169;70,385,-157;75,-1,13;80,-8,-6;84,-3,-2;90,-9,11;93,-308,225;100,296,-223;101,25,32;103,-42,-25;104,-7,-2;111,-26,13;116,45,6;138,318,-203;148,-17,12;150,-291,145;154,262,-131;156,3,-3;158,5,-5;160,-20,15;210,-55,30;450,-567,257;460,-9,8;470,-12,0;478,-67,30;560,650,-294;578,7,4;581,-29,31;583,-19,-13;585,-15,15;1132,-197,102;1304,-47,14;1314,7,2;1324,49,-29;1330,-7,14;1332,-9,4;1334,-18,-4;2824,-219,90;2834,4,1;2836,19,20;2864,-1,-24;2874,10,-8;2882,7,2;2908,15,-6;2926,-1,-1;2940,13,-4;2944,18,-5;2950,-21,24;2974,29,-31;2975,-3,13;2980,-8,-12;3003,18,-7;3004,18,8;3012,10,-17;3014,-13,2;3028,12,-5;3036,12,3;3038,-1,-8;3048,15,-3;3054,7,1;3058,12,-1;3064,10,0;3074,1,-13
rua||brasilia|vila pauline|26170280|5,-2273382,-4336354;11,4,-2;12,11,3;18,1,-2;21,-4,-5;27,14,6;28,-9,-4;34,7,0;37,1,-10;43,13,-4;44,-9,6;50,11,0;53,3,-6;59,2,-2;60,2,-3;66,5,0;69,0,-4;75,5,-2;76,5,-2;82,2,1;85,-3,-6;91,11,-7;92,-3,5;98,-46,36;101,54,-42;107,9,2
rua||brasilina|sao vicente|26178180|6,-2272234,-4336650;14,-1,12;24,-16,1;71,5,3;75,-26,35;76,5,-5;85,-6,13;86,-9,-6;101,3,21;102,-6,-7;112,-8,5;113,1,1;125,-13,27;136,-1,-9;137,0,3;148,-11,8;149,5,-1;160,-16,8;161,-2,1;172,-2,9;173,-5,-3;184,-4,16;185,-4,-2;197,-1,13
rua||brasilina|vila verde|26178180|5,-2272514,-4336307;9,36,-60;217,122,-127;228,-13,6;229,3,-1;240,-5,12;241,-2,-2;252,45,2;253,-52,11;264,5,-24;265,-14,29;276,-2,5;277,-4,1;288,-18,1;289,3,12;300,-2,2;301,-5,-4;302,1,28;304,-3,-5;306,-17,10;313,11,-15;325,-1,8;335,-7,20;344,-4,-14;345,-8,6;354,-5,5;355,3,8;364,-10,13;365,-1,3;376,-7,3;379,-3,1;388,-16,17;389,6,-2;401,1,9;414,-8,10;423,-11,-6;424,-5,17;435,-7,10;436,-3,-10;447,1,18;448,-7,-17;458,-7,20;468,-9,10;476,0,-2;478,-1,9;488,-18,8;517,11,2;518,-21,22;519,6,-8;520,-3,6;521,5,-2;525,-82,94;530,75,-99;540,-9,21;560,-24,26;565,-2,10;570,-10,5;580,-8,-1;589,46,-50;591,-13,22;593,11,-18;595,6,36;597,-44,10;599,-3,9;600,-18,1;601,3,11;603,45,-51;605,0,21;610,-48,31;619,-102,86;620,84,-68;625,9,5;627,-12,32;629,15,-5;630,-12,-21;631,-11,35;635,-11,6;636,3,-1;800,10,-25;900,-11,7;901,-7,21;903,-2,9;904,-9,0;911,-26,5;913,13,2;914,25,-24;915,-21,21;917,-27,4;930,-6,-19
rua||brasil|heliopolis|26120280|18,-2273976,-4340815;21,14,-9;29,3,10;30,-15,15;42,19,2;55,-3,17;56,6,-12;66,8,13;71,5,3;75,-4,13;81,5,-4;88,-1,9;91,18,8;97,0,8;102,-6,-3;107,10,2;116,-11,8;125,25,8;126,-15,5;135,16,35;138,-12,-26;147,7,-4;148,-5,13;173,25,15;199,6,35;265,9,8;267,4,19;268,-11,-23
rua||brechon|parque uniao|26175090|15,-2272461,-4334399;16,-5,23;17,2,-2;19,-3,15;20,-3,13;22,0,21
rua||brigadeiro|jardim do ipe|26180360|19,-2271148,-4334725;20,4,0
rua||brigadeiro|roseiral|26180360|8,-2271242,-4334725;9,16,0;10,-1,1;11,24,-3;12,-9,2;13,18,1;22,27,3;23,-17,1;24,8,-6;26,7,-3
rua||brisa|parque esperanca|26173460|15,-2272978,-4335234;16,-127,80;96,61,-26
rua||brizola|shangrila|26150019|10,-2271734,-4342187;15,31,4;20,-40,58;25,41,-35;30,-41,-6;35,41,19;90,-37,44;100,-6,9;110,-10,7;112,13,31;114,3,-27;115,38,-6;116,-45,4;120,3,55;129,1,-22;151,47,-26;154,-4,-36;535,-48,72
rua||brontossauro|jardim sao francisco de assis|26125600|1,-2272707,-4341285;12,-74,-37;14,66,34;17,-104,-87;21,5,38;26,218,173;27,0,-9;28,-21,-36;34,-233,-179;35,-35,19;100,14,-5
rua||buriti|santa maria|26165310|16,-2273181,-4338258;17,12,-2;18,10,-10;19,14,-9;21,25,-12;36,-141,100;40,-21,3
rua||buriti|sao bernardo|26165310|24,-2273243,-4338215;25,-7,11;29,-40,16;39,14,-3;41,64,-47;43,-70,38;59,17,2;97,83,-68;261,65,-26;355,0,-5
rua||butia|heliopolis|26140090|6,-2274378,-4341659;8,1,-8;9,-3,0;11,-16,20;12,-10,23;13,-25,11;14,11,-2;15,-11,5;18,14,-28;19,73,-34;21,3,17;26,-45,-6;33,-8,37;46,17,-41;61,-10,36;70,-59,67;85,34,-59;90,24,-5;98,-32,-10;125,58,-6
rua||butucarai|heliopolis|26123030|20,-2274505,-4341355;34,16,26;188,66,73;189,-30,0;190,-1,-8;191,-5,-7;192,-12,-14;193,-2,-5;194,-9,-12;195,-5,-11;196,0,-11;198,55,95;201,-56,-107;203,10,13;204,4,20;205,13,9;206,2,6;207,0,11;208,12,17;209,0,0;211,11,17
rua||b|parque amorim|26185000|3,-2270502,-4333357;36,-164,10;68,2,-17;69,-4,3;70,21,14
rua||b|parque uniao|26175700|4,-2272567,-4334346;5,1,-15;6,-2,1
rua||b|santa maria|26165365|1,-2273149,-4338184;10,13,-2;16,7,62;25,57,-88;29,-74,23;50,124,-45;57,-89,41;67,-15,5;77,11,-4;81,-24,8;87,32,-19;95,7,0;97,6,-2;98,13,-4;107,-7,2;155,43,-21;156,5,-8;165,-26,5;201,51,-7;203,-13,-6;204,2,0
rua||b|santa maria|26165366|50,-2273024,-4338236;74,-108,49;76,10,-3;80,9,-7;88,10,3;96,7,-6;102,2,-8;110,-9,10;112,25,-11;114,10,-7;148,10,-3;150,12,9;155,-12,-15;180,12,-9;181,4,0;200,-71,32
rua||b|vila madalena|26130300|2,-2276668,-4340951;6,27,16;8,-10,-5;14,-1,1;21,12,0;28,11,11;31,-22,-14;32,17,15;35,0,-7;36,0,-2;38,-13,-3;39,-7,-1;40,-8,-6;44,35,19
rua||cabo branco|santa amelia|26115330|3,-2274391,-4339000;5,-14,-7
rua||cabo branco|santa amelia|26115340|1,-2274623,-4339080;2,-1,-4;4,233,79;11,-191,-67;14,44,-11;16,19,-1;26,132,65;27,-4,-10;29,-16,-8;30,-71,-50;31,53,31;32,0,-8;33,-12,-14;34,-4,1;35,-5,-15;73,25,37
rua||clovis bevilaqua|santo antonio da prata|26130450|29,-2276129,-4341223;78,250,68;86,-53,-13;243,31,9;245,-16,2;247,-3,-8;249,-7,5;256,4,-1;259,-21,-13;269,-7,0;271,-4,-5;279,0,6;280,-1,-9;284,-6,2;294,-42,-11;330,-2,-6;350,-47,1;364,-37,-17;369,48,16;379,2,4;389,-12,-3;399,-23,38;419,0,-46;426,84,16;429,-93,-17;431,0,-10;439,-6,7;449,-8,15;450,-8,-25;459,0,9;469,-17,-11;479,-19,2
rua||coelho branco|jardim redentor|26110160|1,-2275691,-4336399;2,-24,8;12,-141,159;14,2,-51;15,-4,19;32,28,-52;38,217,-154;39,13,-13;42,-242,187;43,272,-213;44,6,-10;46,-256,213;48,276,-238;90,-74,112;94,-155,99;97,29,-6;107,76,-72;108,6,-4;109,3,-4;110,10,-4;119,67,-58;123,-11,2;125,57,-54;127,-27,19;128,32,-37;130,12,-14;131,27,-38;132,-2,18;133,2,-11;134,19,-12;137,35,-5;149,-65,35;154,-213,197;160,20,-11;164,-12,9;177,17,-31;184,-1,22;233,103,-98;246,15,-6;248,8,-5;253,-12,-2;283,25,-25;308,-49,74;322,-30,36;328,35,-60;348,16,-14;359,3,-6;390,-33,39;402,-11,1;420,22,-7;428,151,-147;480,-214,199;541,186,-202;555,-317,285;565,-19,16
rua||crisantemos beco|hiterland|26115080|3,-2274370,-4339363;6,23,-10;44,-9,7;45,-9,0;48,29,6;53,-34,8;150,13,-18;152,-23,20;153,9,-13
rua||da bica|shangrila|26150064|4,-2271967,-4340875;8,-21,-8;10,-25,-5;11,-15,-3;13,16,0;20,-9,0;24,66,18;36,-46,-16;120,68,21
rua||da borracha|parque sao vicente|26178020|65,-2272341,-4336715;103,-27,-20;111,-5,-3;119,-10,-2;127,-8,-4;135,4,-7;139,-7,-3
rua||da borracha|vila verde|26178020|186,-2272418,-4336794
rua||de vila b|parque veneza|26183588|27,-2271968,-4333305;28,-2,10;29,3,13;31,14,14;33,-5,-7;34,-8,-4;35,-1,-7;36,-6,-28;37,-3,-1;109,-5,-15
rua||dierte barbosa|jardim do ipe|26185045|9,-2270695,-4333758;15,15,-50;16,11,-2;18,80,-123;19,-10,12;20,-5,8;21,-2,10;23,-8,16;24,-51,71;26,-22,38;27,5,2;30,57,-75;47,38,-94;53,-5,14;60,-61,75;105,-26,68;130,21,-41;140,2,8;141,-3,-3;261,84,-96
rua||dierte barbosa|vale do ipe|26185045|169,-2270640,-4333860
rua||djalma borges|parque amorim|26185320|2,-2270141,-4333279
rua||do cabo branco|santa amelia|26115340|2,-2274628,-4339055;25,197,-11;37,-12,6;166,-130,-8;172,7,20;177,-3,3;415,42,-29
rua||dos bombeiros|xavantes|26160020|1,-2273885,-4340034;2,-60,5;4,14,-3;7,-111,31;8,10,-1;9,86,-22;10,-1,97;11,-76,-81;12,48,-13;13,-33,12;14,14,-4;17,55,-14;18,-99,20;20,126,-22;140,-134,31
rua||dos bosques|bairro wona|26183595|20,-2272474,-4333344
rua||dos bosques|jardim tupiara|26183595|7,-2272468,-4333346
rua||ernesto pinheiro barcellos|sao bernardo|26150050|72,-2273592,-4338668;270,-5,16
rua||ernesto pinheiro barcellos|sao bernardo|26165050|128,-2273592,-4338691;140,10,-17;150,2,-9;205,-41,132;215,9,-19
rua||ernesto pinheiro barcelos|hiterland|26165050|11,-2273601,-4338637;37,-23,51;39,5,-5;50,76,-240;125,-39,118;195,21,-38;223,-24,57
rua||estrada itaipu babi|sao francisco de assis|26127190|690,-2272706,-4341655
rua||fabiano bento|andrade de araujo|26135653|2,-2274247,-4342184;3,-25,-37;5,10,-2;21,-1,18
rua||florisbelo leivas b|parque uniao|26175700|1,-2272529,-4334384;4,-57,15;5,1,-5;6,-27,11;8,13,-5;11,-26,11;12,-11,7;13,69,-28
rua||freitas braga|andrade araujo|26135341|355,-2274591,-4341972;764,-5,-1;820,76,41;830,11,-10;866,12,19;880,17,-1;884,6,-6;886,10,9
rua||gabriela sant anna bastos|boa esperanca|26113005|1,-2275792,-4338222;2,2,-6;3,7,-7;4,-17,7;5,15,-21;6,1,7;7,19,1;8,-10,-5;9,21,-11;10,-15,7;11,2,-8;12,5,-2;13,-38,28;14,47,-29;15,19,-23;16,-19,18;17,7,-14;18,0,6;19,-52,36;20,61,-45;21,5,-8;22,-3,3;23,-62,53;24,73,-56;25,5,-10;26,0,7;27,9,-14;28,-4,5;29,9,-11;30,-2,6;31,7,-11;32,2,8;33,4,-16;34,-124,66;35,130,-70;36,-1,3
rua||galvao bueno|sao francisco de assis|26125200|2,-2273284,-4340300;3,55,36;4,2,183;5,-4,-84;7,11,-86;9,10,2;13,60,13;18,-60,-16;21,45,61;22,4,24;23,-18,-58;24,-47,-50;25,-12,7;27,72,115;28,-60,-101;29,46,58;49,-6,-22;63,-69,184;123,62,-194
rua||guilherme brauler|vila santa tereza|26193615|10,-2275061,-4333996
rua||helvia braganca|bom pastor|26110030|1,-2275768,-4337154;36,-299,131;37,146,-69;42,61,-26;48,48,-20;49,11,-4;50,1,-16;51,14,5;55,36,-11;56,4,-4;57,12,-1;59,9,-13;63,41,-23;64,4,7;65,35,-27;123,-438,208;142,332,-150;180,-37,20;314,-106,45;390,-192,88;544,329,-154;820,-131,62;2023,247,-102
rua||ivaldete buequer|shangrila|26150120|20,-2271747,-4340640;25,-10,0;30,-2,-5;35,-3,0;40,-10,-7;50,-1,-8;55,-11,0;56,-12,-6;60,11,-2;75,-16,-6;140,10,1
rua||joao batista|parque esperanca|26173375|1,-2272579,-4335446;2,3,2;5,-10,12;7,0,16;8,-42,87;9,36,-80;10,8,1;11,6,-18;13,-12,16;14,-2,15;16,-2,8;19,-9,6;21,-12,18;22,3,-2;27,-15,31;29,-2,4;51,-13,23;52,1,-4;55,23,-35;57,2,12;60,-11,26;86,7,-22;148,-2,-13
rua||joao de barros|luzes|26183130|2,-2272184,-4333977;4,15,-15;5,-8,-14;7,-6,-16;8,16,-9;12,6,-8;13,0,4;14,-7,18;15,3,5;35,-13,10;37,-5,14;62,-2,-29;82,7,12;111,-6,34;118,32,-74;165,-80,44
rua||jorge braganca|bom pastor|26110080|6,-2276130,-4336794;7,392,-177;22,-54,49;25,-89,46;35,-154,42;67,247,-65;99,-345,99;150,373,-114;180,15,-23;211,-279,113;262,-39,7;281,294,-99;358,-223,67;388,-94,31;457,288,-86;550,-279,81;675,-96,47;695,-15,-1;705,-13,1;715,-7,4;747,-14,20;757,-3,-4;767,-6,-7;836,86,-43
rua||jose barsoto|miguel couto|26157579|3,-2271197,-4342465;6,7,23;8,-5,-6;10,-3,-39;30,4,30;50,0,11;80,3,29;90,10,0;100,6,4;110,-7,16;120,0,27
rua||jose barsoto|miguel couto|26160265|5,-2271194,-4342488;15,2,13;73,5,23
rua||jose bonifacio|nova piam|26115680|43,-2273579,-4339177;44,-9,-8;45,-13,-7;46,-3,-6;47,45,4;48,-7,-1;49,42,-2;133,-123,-29;141,1,-9;163,44,-33;171,-63,13;178,-26,-1;179,-51,-17;187,35,41;202,80,15;211,-89,-44;212,4,-5;219,-9,4;220,5,-2;227,-9,-1;228,5,-3;237,-9,-3;238,-4,-4;261,-17,-1;262,2,-8;269,-7,4;270,4,-9;277,-2,0;278,-11,-3;285,0,2;286,-3,-16;481,-35,-3;483,7,-1;485,-9,-8
rua||jose bonifacio|santa tereza|26115680|1,-2275207,-4335649;2,347,39;10,-342,-228;20,9,8;22,84,99;53,-19,183;54,9,-6;70,-45,-85;72,1,6;74,5,39;75,21,24;76,-67,-270;79,12,223;103,5,-212;260,-1,-3;328,23,236;332,-24,-230;465,-6,126
rua||jose machado braga|santa tereza|26193120|2,-2274002,-4334325;4,-35,19;22,57,-23
rua||jose machado braga|santa tereza|26193130|3,-2274066,-4334243;4,-5,-3;5,-2,9;8,5,17;22,-1,-40
rua||jose ribeiro barbosa|vila joao rodrigues|26196010|9,-2275194,-4336081;11,35,6;12,-24,4;18,17,7;20,44,-179;45,-80,148;63,-50,-19;64,1,-3;65,-21,-32;66,-1,32;69,48,-137;70,9,-3;71,4,2;72,12,80;73,16,-93;77,34,18;79,4,1;81,4,2;87,-125,88;88,3,-17;97,0,6;99,0,-14;101,70,101;105,-75,-78;108,22,-54;120,-15,81;122,-5,-6;126,111,-107;129,-88,5;130,1,5;131,33,-21;132,-15,-3;134,-28,71;135,-30,46;144,27,-53;181,11,-38;197,-6,17;198,-8,34;199,111,-69;213,-88,2;215,-3,-3;216,2,4;221,1,-3;248,-4,150;275,60,-155;285,8,8;360,-36,101;370,41,84
rua||julio bastos|glaucia|26195020|3,-2275322,-4335782;12,-76,0;13,-10,-6;15,-13,-1;18,-25,1;22,-42,-4;25,-7,42;45,0,-30;87,99,-3;139,-40,-3;176,-21,-6;177,-3,4;243,-34,21;244,-3,12;1340,187,-28
rua||juracy brum|jardim redentor|26190510|5,-2275170,-4335962;6,15,40;11,-57,20;14,-3,36;55,2,-10;64,19,-48;69,-13,21
rua||juracy brum|jardim redentor|26195510|27,-2275183,-4335942;28,8,-19;99,-31,59
rua||lages brandao|santa marta|26171150|95,-2273646,-4335652
rua||lages brandao|vila pauline|26171150|2,-2273852,-4335937;3,76,109;5,12,23;9,-105,-128;10,-2,-17;11,138,185;13,5,9;22,-52,-70;28,-6,-5;48,89,113;77,-41,-56;83,45,76;89,-107,-159;95,152,206;100,-236,-325;106,204,296;149,-167,-250;177,-42,-45;179,13,9;280,33,51;345,15,23;370,1,2;700,13,25;702,-5,-5;773,5,-15;775,-1,18;777,7,-1;907,-44,-56
rua||lajes brandao|vila pauline|26170450|47,-2273631,-4335604;48,25,21;49,-6,4;50,12,7
rua||lucas moura bastos|bom pastor|26110327|1,-2276013,-4338258;2,-1,5;3,4,-7;4,4,2;5,5,-11;6,-5,1;7,7,-5;8,8,1;9,17,-24;10,-8,14;11,-4,-7;12,5,2;13,3,-5;14,26,-23;15,-19,15;16,2,5;17,-1,-8;18,7,1;19,2,-7;20,2,1;21,3,-6;22,6,0;23,5,-6;24,3,4;25,0,-11;26,5,7;27,6,-8;28,-1,2;29,-2,-12;30,8,-1;31,9,-7;32,-1,3;33,3,-6;34,2,5;35,6,-14;37,3,-4
rua||lucia barsoto|miguel couto|26157579|1,-2271206,-4342235;2,2,10;3,5,21;4,-13,-60;102,-55,-213;150,18,70;151,4,17;165,12,60;581,18,75;582,-11,-22;583,8,-6;584,-5,-6;585,7,10;586,-23,-35;587,11,-16;588,0,-1;590,-13,-15;591,-8,-11;594,-22,-47;595,18,-24;596,4,-11;597,-7,-8;598,-15,-36;599,11,18
rua||lucia bassoto|shangrila|26150085|19,-2271272,-4342487;65,0,46;66,15,24;67,-4,-9;156,30,75;166,17,-23;176,-34,54;177,8,-16;214,-24,-134;216,-2,14;601,34,149;602,-1,-9;608,-8,-59;609,-25,-16;610,11,-16;612,3,-9;616,-18,-35;620,0,4
rua||manoel barbosa|barro vermelho|26167240|3,-2273572,-4337646
rua||manoel barbosa|miguel couto|26157579|1,-2270416,-4342316;5,-25,-113;7,-9,-5;15,73,-241;17,-32,128;34,26,-113;37,-42,217;38,-2,6;43,32,-218;44,9,8;45,-36,211;46,0,6;50,33,-215;53,-2,6;54,-5,-9;56,-26,210;58,3,5;64,30,-211;68,-17,19;72,16,-27;78,9,-18;80,-18,51;82,-8,11;83,4,-10;84,-7,6;93,4,4;94,-11,8;100,8,0;103,-4,4;104,-4,10;108,2,-6;113,-9,12;114,3,-7;118,-8,17;123,-2,-10;124,-7,19;133,12,-2;134,0,14;135,0,-10;143,1,6;144,-5,8;145,-3,3;147,3,-1;154,-3,1;163,3,0;164,-10,13;170,-2,7;173,-1,-9;183,3,12;184,-6,5;185,-2,28;188,2,-16;189,-8,0;193,3,9;194,3,-5;196,2,1;203,-8,5;204,0,5;213,-6,7;214,1,-3;223,25,16;224,-28,-4;227,4,15;233,-2,9;234,1,-11;244,-5,11;254,-2,5;255,19,8;264,-12,1;274,2,2;284,4,5;294,2,13;300,-6,5;301,8,-9;303,6,-1;304,-8,17;305,7,-3;313,6,8;314,-4,5;323,11,5;324,-22,14;333,20,-5;334,-13,6;343,17,3;344,-7,12;353,5,-3;354,2,7;364,4,3;373,-11,19;374,1,-10;384,15,3;394,-6,15;403,10,9;404,-8,8
rua||manoel barbosa|sao bernardo|26167260|7,-2273631,-4337771;48,26,39
rua||marcos barbosa|vila pauline|26172000|4,-2273548,-4336239;8,-8,-14;14,90,96;15,-29,-23;18,-20,-32;19,-9,-2;20,-3,-7;22,-17,-20;23,-8,-2;24,-8,-15;27,-68,9;28,3,7
rua||margarida bueno|parque fluminense|26187600|1,-2272932,-4333430;2,-124,38;3,154,29;7,-72,-83;12,2,168;14,-14,24;19,-2,55;20,-88,-68;21,-34,-44;22,50,8;23,28,4;25,-80,-40;26,156,47;28,-15,-35;29,-66,-78;30,106,80;31,-43,-52;33,15,-52;34,62,51;35,-7,13;38,-108,-61;40,11,224;47,79,-139;148,-122,-54;152,-23,8;154,3,6;156,0,0;158,-16,9;164,-3,17;166,104,159;167,-59,-214;169,-67,58;171,-3,9;209,98,-99;225,-138,146
rua||marina borgea|malhapao|26187640|15,-2273249,-4332968
rua||mariza resende bastos|bairro das gracas|26113363|18,-2275973,-4339214;111,144,114;120,-7,13
rua||mateus moura bastos|bom pastor|26110327|1,-2275978,-4338240;2,1,13;3,0,-7;4,22,-9;5,-21,6;6,10,-3;7,-3,-2;8,6,0;9,-4,-9;10,18,2;11,-7,-8;12,8,7;13,-6,-11;14,11,0;15,-3,-8;16,10,-1;17,-4,-3;18,-10,27;19,14,-32;20,14,0;21,-2,-8;22,6,2;23,-4,-9;24,10,3;25,-3,-6;26,11,-4;27,-5,-2;28,10,-2;29,-2,-2;30,5,-1;31,0,-1;32,16,-5;33,-9,-6
rua||matias braga|santo antonio da prata|26130470|2,-2275915,-4341072;4,-6,0;5,-4,-3;6,-12,-5;7,-17,11;8,20,-5;9,-17,5;17,218,53;21,-22,-4;29,11,1;30,-202,-58;32,-7,11;38,206,42;39,-1,14;48,-14,-7;62,-5,-11;74,-13,-6;86,-8,1;93,-3,3;97,37,15;98,-44,-11;102,0,-18;128,-24,0;141,-19,8;142,8,-14;152,-17,-2;157,-3,10;162,-12,-15;197,-27,3
rua||moreni de sousa bastos|bom pastor|26110329|1,-2275816,-4338257;2,-10,-8;3,7,1;4,-13,-37;5,24,30;6,23,-25;7,-10,32;8,-7,-22;9,8,-5;10,-45,11;11,53,-8;12,-4,-8;13,-30,32;14,-19,-16;15,18,15;16,44,-41;17,12,-5;18,-73,32;19,80,-39;20,-5,2;21,9,-3;22,-78,38;23,84,-44;24,3,0;25,1,-9;26,2,-2;27,-6,10;28,10,-16;29,10,-1;30,-5,-8;31,10,5;32,-4,-4;33,9,-2;34,-3,-6;35,15,-1;36,-10,-1
rua||nelson bispo|xavantes|26160000|5,-2273995,-4339866;7,46,-4;8,-17,-3;10,-24,5
rua||nelson bispo|xavantes|26160090|12,-2273957,-4339877;14,11,0;17,14,-5;25,-18,12
rua||neuza brizola|shangrila|26150130|4,-2272102,-4340806;6,181,38;8,9,4;15,137,175;20,-172,-180;24,170,176;28,-22,-8;29,1,7;58,-18,-19;65,-10,-6;73,-10,-9;74,17,10;75,-20,-9;76,8,5;82,-1,-6;124,-42,-34;125,6,2;126,-9,-7;127,-8,23;132,-3,-25;134,15,3;135,-6,7;136,-9,-8;137,2,-3;145,-6,-5;150,2,-6;155,-9,-4;174,-1,0;175,-2,6;178,-7,-21;179,-1,8;184,8,-18;185,-17,15;186,-13,-9;194,2,-4;213,-7,0;215,-13,-20;218,-2,-3;220,-21,-11;221,-91,-52;223,-8,1;225,-23,-9;228,104,53;230,-77,-48;232,48,28;262,31,17;264,-13,-8;266,-5,-5;274,-38,-15;275,19,8;277,-31,-16;289,18,7;318,97,84;327,-154,-107
rua||nogueira braga|heliopolis|26120270|20,-2274012,-4340813;30,3,-4;34,43,-32;36,1,-3;69,-23,15;72,-4,6;79,15,-14;100,32,-14;110,-15,1
rua||nunes sampaio beco|andrade de araujo|26135350|69,-2274384,-4342532;1090,-2,0
rua||olavo batista|bom pastor|26110007|5,-2275794,-4336491;6,10,9;8,7,-6;9,7,-14;15,-307,90;16,7,-1;17,-18,13;29,-117,10;30,18,8;43,110,-31;50,-85,36;52,386,-111;100,-308,74;116,290,-66;117,-276,77;265,-67,15;465,324,-85
rua||olavo bilac|hiterland|26115710|201,-2273755,-4339089;211,-2,-7;219,-10,4;229,-4,1;239,-11,-14;247,-13,0;253,50,27;254,-4,-1;257,-45,-37;265,-8,-4;273,-13,0;283,-4,-5;291,-9,-4;301,2,-4;309,-17,-4;319,-2,-3;325,-8,-5
rua||olavo bilac|nova piam|26115710|29,-2273641,-4339039;30,26,-155;31,-4,170;119,-65,-29;127,-8,-3;135,-2,-3;138,-12,-4;145,3,-11;146,259,-641;153,-270,647;154,-10,-6;160,-7,-16;163,7,18;196,-29,-20;204,-7,-3;210,-12,-8;232,-4,-5;240,-18,0;248,-2,-10;252,-6,-7;282,-34,-5;290,27,-6;294,-32,-6;356,104,68;427,81,38
rua||olavo bilac|piam|26115710|24,-2273623,-4339009;25,-7,-16;26,-21,-5;27,-8,-4
rua||olavo bilac|santa emilia|26177325|12,-2271786,-4334924;15,16,-82;17,4,10;19,11,-43;20,-5,32;22,4,-18;26,16,-55;29,10,-31;46,-101,280
rua||oton bezerra|shangrila|26153043|28,-2271456,-4342215;29,5,-1;66,15,2;68,-4,1
rua||paiva de brito|vila pauline|26196340|2,-2274079,-4335090;4,-3,6;6,4,-18;8,-38,-402;13,12,31;16,30,372;17,-6,-10;18,4,-1;19,2,-3;22,-47,-397;23,74,36;24,-24,2;25,9,-4;27,-19,16;29,46,256;30,-3,-272;32,54,37;34,-82,288;35,12,0;36,19,-113;37,17,-50;38,10,-51;39,-19,89;40,-26,72;43,72,-212;44,-2,16;46,-116,125;47,124,-118;48,-118,108;49,69,-41;50,-78,57;52,13,-27;53,29,-28;55,18,-32;56,4,-119;58,-18,144;59,56,-52;148,22,-43;200,-2,22
rua||pau brasil|sao vicente|26176000|1,-2272028,-4336691;10,-35,-32;11,-3,-6;12,-2,-1;13,20,21;14,-19,-16;15,29,27;17,-19,-20;18,0,-1;20,7,6;21,4,6;30,1,2
rua||paulino barbosa|areia branca|26112400|5,-2274651,-4341139;20,-21,-51;22,2,10;31,6,7;32,2,3;34,-10,-6;38,4,12;48,5,6;50,4,21;69,4,-18;73,1,9;78,2,26;79,7,-16;80,3,28;89,0,-10;99,6,5;100,-2,3;107,4,6;110,5,2;120,6,9;121,0,-8;127,12,16;132,-25,17;135,22,-12;136,4,1;142,-8,2;155,7,13;159,1,-12;164,6,19;167,0,5;172,2,0;182,7,9;183,2,7;184,-2,-1
rua||porcina braga|heliopolis|26120320|18,-2274144,-4341081;38,-159,115;42,-6,4;43,-6,9;44,1,-11;86,51,-21;102,9,-24;106,25,-6;114,-12,10;116,14,-1;134,-2,-15;141,0,-15;150,13,7;157,-10,-15;167,18,-5;169,8,-1;197,11,-21;206,-167,139;210,127,-91;215,53,-50;216,-187,149;218,-10,15;220,-11,6;222,7,33;226,123,-140;236,98,-63;238,-11,2;273,47,-21;291,-78,37;327,96,-75;447,-269,223;450,13,-26;451,8,12;452,-53,-6;467,99,-59;468,19,1;469,6,-3;470,10,-6;472,4,-8;484,-7,19;486,-19,12;488,6,-1;502,19,-31;575,164,-116;577,-19,9;578,-23,15;580,-8,10;581,-16,8;586,30,-24;587,-107,83;588,5,-2
rua||porcina braga|heliopolis|26120330|27,-2274091,-4341119;280,-15,8;573,21,-10
rua||projetada b|bom pastor|26193085|32,-2275655,-4337924;47,-11,19;57,1,-12;67,11,-7;87,9,-14;116,25,-13;117,-4,-6;127,4,-1;137,2,-3
rua||projetada b|jardim tupiara|26183809|2,-2272809,-4333187;3,5,-5;4,71,18;5,-38,-77;6,-3,6;8,-14,19;9,-1,-4;10,-29,-98;17,62,78;18,-16,6;19,-14,4;20,4,18;21,0,-5;22,-8,19;39,-3,7;130,57,-89;140,-61,0;150,64,-10;161,-3,7
rua||projetada b|lote xv|26185532|1,-2271762,-4332524
rua||projetada b|lote xv|26193085|24,-2271788,-4332581;25,-8,-8;26,-13,-5
rua||projetada b|maringa|26183809|55,-2271225,-4335411
rua||projetada b|parque sao borges|26182430|1,-2270567,-4334576;2,-9,13;3,15,-17;6,-1,3;7,-16,11;8,-13,0;9,-4,5;11,-9,-22;12,-4,3;113,54,100
rua||rio branco|santa amelia|26116640|22,-2274914,-4339190;31,5,43;109,2,68;110,7,8;111,-5,11;150,-10,-58;160,5,20;513,-9,19;522,17,-1;547,-15,-78;548,2,-14;583,-7,-3;584,-3,26
rua||roberto batista|santa marta|26173300|2,-2272906,-4335726;9,-29,2
rua||salvador barone|andrade de araujo|26135400|9,-2274548,-4342097;10,-94,20;11,17,0;12,3,-17;13,13,-3;14,8,2;16,29,-24;19,-24,4;20,-10,11;26,-64,30;27,10,-2;32,-8,1;40,17,-6;52,7,4;87,20,-17;97,-12,9;99,16,-22;114,-13,22;125,46,-39;127,1,-26;251,-57,61
rua||suelem santana bastos|vila dagmar|26130165|2,-2275767,-4338199;3,7,-1;4,0,0;5,8,-9;6,-4,-4;7,11,-6;8,-5,1;9,7,-1;10,-1,-4;11,-21,17;12,38,-30;13,4,6;14,-6,-5;15,8,3;16,-4,-10;17,8,-2;18,-1,1;19,6,-9;20,0,-1;21,7,-5;22,5,-1;23,-5,-2;24,11,-17;25,-13,22;26,15,-6;27,5,-11;28,-9,3;29,14,-9;30,0,0;31,7,-5;32,-1,-2;33,3,-7;34,4,3;35,8,-2;36,-2,-2;907,-81,106
rua||suellen cristina barroso|parque novo lar|26193575|3,-2275324,-4333290;4,0,-14;5,8,40;7,6,-1
rua||teofelo bispo|shangrila|26143500|22,-2271904,-4342573;117,11,-3;125,5,24;135,8,10;137,3,-9;145,2,13;157,-2,11;167,4,10;187,18,17;195,9,5;205,16,8;215,11,10;225,12,7;245,2,0;255,0,1;265,37,9;275,9,10;285,4,0;295,16,16;305,13,4;315,0,2;325,24,16;335,3,-3;355,6,12;367,8,-1;375,17,0;385,3,0;395,15,15;405,1,3;415,30,29;425,14,24;435,-6,24;455,22,4;465,6,20
rua||teofilo bispo|shangrila|26143100|10,-2271964,-4342610;17,3,-4;20,24,-3;25,-12,7;30,-6,10;35,6,-1;40,32,4;45,-19,0;55,6,9;100,23,16;110,12,19;120,6,2;130,7,6;140,2,13;150,7,2;160,1,28;170,4,2;180,14,11;190,2,13;200,14,-1;210,6,-10;220,24,13;230,1,12;240,13,-13;246,11,13;250,10,11;260,3,25;271,24,-2;280,15,-5;290,6,-4;300,5,19;310,10,3;321,24,9;330,4,-14;340,1,28;350,10,-7;360,6,10;370,17,1;380,1,16;390,16,6;400,5,-1
rua||teofilo bispo|shangrila|26153024|10,-2271574,-4342275;440,-36,-51;450,-5,17
rua||teresinha braga|centro|26130480|132,-2275782,-4340883;156,-3,12;166,-5,15;178,-2,8;185,5,1;200,-3,2
rua||teresinha braga|santo antonio da prata|26130480|12,-2275760,-4341004;15,1,9;27,-7,24;33,3,-11;36,0,-2;45,-3,15;52,1,9;58,-3,0;65,2,8;67,-4,-4;69,2,12;71,0,13;78,-5,-11;86,-4,24
rua||tobias barreto|santa maria|26165530|1,-2272531,-4338105;2,-135,88;3,135,-88;4,43,-10;5,13,-19;7,21,-11;9,-190,114;14,459,-277;15,-51,28;21,-6,-17;24,108,-46;28,-211,136;29,-10,1;30,-314,194;31,297,-177;32,-221,133;33,0,2;37,159,-96;39,-229,137;41,-16,12;86,238,-155;95,-187,115;109,10,-5;114,2,4;115,6,-10;144,26,-11;155,-4,-3;158,6,-5;163,211,-128;200,38,-23;210,5,1;212,-322,195;293,219,-138;375,19,-10;379,6,-7;400,10,6;410,139,-87;412,-131,79;461,120,-78;520,136,-82
rua||umbelina barcelos|hiterland|26165000|1,-2273617,-4338911;2,-72,196;3,32,-72;5,42,-116;6,-2,9;8,17,115;10,-8,-98;11,-52,103;18,33,-127;24,11,-3;110,-64,156;112,8,2;148,-11,19;157,3,-39;160,5,25;169,-12,42;240,30,-90;250,2,-14;321,18,-72
rua||umbelina barcelos|sao bernado|26165000|1,-2273697,-4338683;80,0,15;82,-15,-12
rua||vale dos bambus|nova aurora|26150140|3,-2271589,-4340766;4,-9,3;5,16,1;6,-17,-2;7,24,9;8,5,3
rua||vila b|jardim tupiara|26183588|30,-2272450,-4333213;40,7,-72;50,-2,24;60,-1,7;70,2,15;90,-9,23;94,-3,35
rua||virginia bicchiere|das gracas|26113510|1,-2275570,-4339886;2,-16,11;8,3,11;10,-6,16;14,-31,79;15,-6,10;19,59,-114;20,-35,54;21,-10,14;22,11,1;27,29,-63;61,-16,40;76,-7,-17;84,-7,19;117,17,-3;120,-25,18;764,37,-82
travessa|sao|bento|pauline|26172130|3,-2272904,-4337100;5,6,11;6,0,-1;7,-9,-11;10,7,9;15,-25,-44
travessa||bau|heliopolis|26123063|210,-2274419,-4340922;358,-10,-8;359,4,8
travessa||betel|boa ventura|26115100|72,-2271022,-4332646;93,44,9;107,-17,-1;181,-27,-9;182,2,3;183,0,31;184,1,-32;185,-1,18;186,9,-14;187,11,-6;188,-11,6;189,17,0;191,12,5;195,7,0;197,10,0;200,-41,-4;202,2,-1;204,0,3;206,23,5;208,-4,0;210,0,-9;212,16,-10;214,-2,13;216,-9,10
travessa||bismark|roseiral|26173310|6,-2271564,-4335273;15,-82,28
travessa||bolero|vasco|26185640|66,-2271888,-4332881
travessa||bonfim|sao bernardo|26176400|5,-2272519,-4334745;37,1,-13
travessa||borboletas|shangrila|26153034|25,-2271576,-4342218;31,8,-2;36,-4,-1;38,3,16;40,10,8;41,-13,-23;42,-1,-1;44,17,41;46,-17,-38;49,29,49;52,2,-11;53,-11,-13;63,3,10;80,11,18;84,5,19;100,-15,-19;117,14,11
travessa||das begonias|parque floresta|26171410|1,-2273480,-4335326;52,11,55;53,-38,-23;54,35,9;55,6,3
travessa||julita de souza belone|jardin do ipe|26182290|18,-2270867,-4334452;25,2,-9
travessa||julita de souza belone|vale do ipe|26180290|21,-2270879,-4334435;23,8,-18;24,-2,-6
travessia||av boiobi|heliopolis|26120140|18,-2274303,-4340135;200,-3,3
vila||b|parque das palmeiras|26140330|12,-2274047,-4342300;22,-96,49;23,5,-8;24,9,-7;25,6,-11;26,10,3;27,12,4;28,8,-9;29,2,-3;30,16,-4;31,7,-4;32,-10,6;33,19,-17;34,-1,3;35,-10,0;36,-6,11;37,-10,8;38,-20,-1;39,-2,6;40,-6,5;41,-4,2;42,-16,-5;43,-12,13
vila||b|parque das palmeiras|26140440|5,-2273939,-4342439;10,-33,12;12,45,-12;16,-38,15;17,5,-3;18,-6,-5
