avenida||ami ramos|saudade|27313290|71,-2251997,-4419425;91,27,-7;93,1,-3;97,-15,10;111,50,-21;113,-24,16;119,37,-23;120,-21,2;126,16,1;136,7,3;137,-10,-33;156,25,25;157,-6,-6;159,10,3;187,50,-22;197,5,-2;207,19,-2;208,-15,-6;214,17,1;224,11,3;234,10,0;244,11,-5;254,2,-3
avenida||beira rio|saudade|27313320|9,-2251892,-4419615;18,12,-4;19,22,7;23,-24,76;25,25,-76;28,-15,-18;30,25,2;35,-32,128;45,8,39;53,-10,69;55,49,-212;57,-37,209;65,-28,-218;75,56,138;85,27,-135;95,-4,-4;102,-59,-11
avenida||beira rio|vila maria|27313530|157,-2251419,-4419633;177,16,-12;191,9,-15;201,7,0;211,13,1;215,6,3;221,1,-15;227,11,-7;233,3,1;241,-1,-11
entrada|engenheiro|alexandre dable rj157|rodovia engenheiro alexandre drable rj 157 km 4|27323786|1,-2256453,-4419126;3,-35,-34;5,-22,-13;6,38,27;7,-37,-46;8,-21,-24;9,-75,-90;10,63,76;11,-11,-12;12,-163,-494;13,111,430;14,-99,-381;15,-29,-16;16,26,-4;17,8,8;18,2,14;19,2,4;20,3,14;21,7,12;22,10,11;23,-6,4;24,10,19;25,1,9;26,7,-1;27,7,14;28,0,13;29,0,9;30,10,22;31,1,4;32,2,32;36,7,27;39,-9,56;40,-2,7;41,-1,13;42,-1,6;43,-3,14;45,-6,1;46,7,14;1875,35,61
entrada|engenheiro|alexandre dable rj157|rodovia engenheiro alexandre drable rj 157 km 4|27340190|200,-2256705,-4420567;232,-35,15;250,-110,49;274,-114,105;294,-85,74;300,-34,23;3363,553,19;3400,134,-499
estrada||floriano rialto|estrada floriano x rialto|27333392|5100,-2248582,-4430006;6479,-1370,-413;11700,-5029,-214
estrada||floriano rialto|estrada floriano x rialto|27351007|5100,-2248581,-4430207
estrada||floriano rialto|floriano|27321432|14800,-2255640,-4430526
estrada||floriano rialto|floriano|27321575|11,-2247667,-4431052;962,981,531;4900,-1815,-759;12800,-6610,211;14800,-529,543
estrada||floriano rialto|floriano|27333392|20,-2256120,-4431844;900,9959,1701;4800,-2344,-1141;6700,-1919,741
estrada||floriano rialto|rialto|27333392|14809,-2255629,-4430520
estrada||floriano x rialto|floriano|27330030|110,-2247656,-4431035;900,1494,894;911,-403,-177;962,-119,-206;4776,-3071,-155;4800,1232,-671;4900,7,8;5000,-359,317;6700,-1554,511;12800,-4691,-548;14700,-991,864;14801,410,-389;14803,1,1;14807,30,71;200000,-582,641
estrada||para o sitio morro redondo|floriano|27330030|110,-2247649,-4431040;112,111,15;120,39,25;178,-173,-57
estrada||rama|rialto|27323786|520,-2257671,-4428151
estrada||rama|rialto|27360000|3,-2257844,-4427498;5,18,-17;52,-24,87;150,223,-388;200,9,13;201,-8,-12;439,-374,368
estrada||rialto resende|floriano|27321575|115,-2256260,-4430608
estrada||rialto resende|rialto|27321575|98,-2256093,-4429941
estrada||rialto resende|rialto|27323786|500,-2257660,-4428160;749,-39,54;795,-73,154;16600,24,-2663;17805,-146,608
estrada||rialto resende|rialto|27333392|6363,-2256994,-4430817;6954,19,-40
estrada||rialto x resende|floriano|27330030|6951,-2256975,-4430856;14799,1081,391;15205,-409,-221
estrada||rialto x resende|rialto|27330330|288,-2258806,-4433151;1400,697,1401
fazenda||roxinho|floriano|27330030|170,-2245380,-4431026;171,65,22
praca||silvio ribas|ano bom|27323000|16,-2254298,-4415492;29,-4,14;30,-11,-9;36,-1,-4;39,10,15;44,-5,-13;52,11,8
rua|dona|bertha castro rocha|jardim boa vista|27350040|13,-2253959,-4418640;45,-7,-1;49,-3,-8;50,10,-2;60,-8,-10;85,-26,-14;100,-11,-59;133,5,14;146,-9,-19;156,-8,-10;157,7,13;166,-9,-27
rua|dona|guilhermina teixeira de rezende|rialto|27360030|17,-2258923,-4422201
rua|doutor|mario ramos|centro|27330230|8,-2254533,-4416994;18,-11,-4;20,-3,-5;22,-31,-9;24,20,4;28,-4,-15;32,10,1;38,-19,21;40,-6,3;42,4,6;50,-18,-7;52,11,-11;54,1,13;58,-7,-14;62,-1,13;68,-4,-15;70,3,-47;74,-5,15;82,-12,25;122,-35,12;164,-37,-6;180,-13,-1;184,1,-12;188,-3,9;190,5,2;192,-6,-1;194,-25,-26;204,15,-128
rua|doutor|mario ramos|centro|27330231|9,-2254536,-4416996;17,-8,-11;21,-3,0;23,-2,4;25,-14,8;31,-9,-12;35,7,4;37,-9,-2;47,-4,-2;51,6,6;63,-22,-19;67,8,-5;69,-5,3;71,-11,10;87,-8,16;91,0,-20;115,-13,7;145,-22,-14;153,-8,4;155,-5,-1;159,-9,-8;163,1,3;165,-3,3;167,7,7;225,-15,-35;227,-35,31;229,-8,-11;233,0,11;273,-36,-7;283,-5,-17
rua|doutor|nelson rocha|cotiara|27345080|5,-2254335,-4418090;15,26,-2;17,-8,-25;19,21,19;21,-44,9;23,11,-15;25,0,-1;27,-45,85;29,13,-66;31,28,-9;35,-54,-7;60,-9,22;61,3,3;63,-3,6;67,1,-3;69,-21,6;70,6,-8;80,-26,12;99,6,-1;101,29,47;130,-66,-49;141,2,32;161,-32,-9;173,0,10;185,-15,0;186,-1,-14;196,-20,15;197,12,5;201,-1,0;207,-10,8;220,-6,-18;223,-8,21;230,5,-11;232,-14,21;236,17,8;237,-13,-6;240,-18,-6;249,-2,2;252,-7,1;261,7,4;263,-4,5;264,-14,-6;301,-3,20;305,-9,4
rua|doutor|wagner almeida dos reis|jardim alice|27332050|340,-2254869,-4414043;399,-314,-303;401,-39,16;411,-9,3;437,303,204;589,-85,-63;620,-287,-214;622,116,63;623,131,184;642,-34,-55;655,26,5;657,-33,-7;707,-12,-6;770,1,-81;780,42,16;792,-28,-24;919,-76,-6
rua|general|manuel rabelo|saudade|27313130|4,-2253162,-4418730;15,17,-37;26,3,-2;28,7,4;29,-11,-1;38,19,-10;39,-8,1;45,6,-9;53,6,-1;90,-4,9;91,35,-35;101,1,-1;102,1,1;111,7,-5;113,2,-7;114,4,11;115,-5,-20;117,16,33;119,-3,-26;120,-3,2;123,12,-9;126,-7,14;132,13,-13;133,-4,-8;140,3,9;150,7,-3;157,-4,-38;162,11,24;165,3,-1;174,9,-1;175,-5,4;176,10,-13;177,-3,5;185,2,-9;213,19,-15;215,2,0;225,5,3;227,6,-1;237,13,-14;249,-3,-6;360,86,-61
rua|major|eduardo da costa rangel|cotiara|27345330|12,-2254313,-4417955;26,-5,10;28,-3,4;36,-7,-1;48,-18,5;50,16,-5;62,-23,14;66,-4,0;80,-16,10;90,-5,7;98,-4,4;100,25,13;112,-43,-4;116,-19,2;118,5,37;120,15,10;122,-21,-2;124,24,-1;128,-7,-8;132,1,57;136,-7,-49
rua|major|eduardo pereira da costa rangel|verbo divino|27345330|150,-2254419,-4417857;186,-28,24;196,-18,25;260,-3,-6
rua|pastor|manoel rodrigues|vale do paraiba|27325350|38,-2253034,-4414265;39,-13,2;42,-3,-9;59,-9,0;68,-7,-6;69,5,5;78,-5,3;88,-11,-33;91,0,19;111,-26,-2;121,-17,10;128,-33,-40;131,39,35;138,-9,-13;141,-10,-4;148,3,10;151,-8,0;157,-6,-14;158,1,0;159,1,4;168,-6,-6;175,46,12;178,-58,-18;187,73,25;198,-90,-23;208,-15,-18;228,3,-5;308,-23,-17
rua|poeta|milton rangel|verbo divino|27345260|6,-2254951,-4417757;18,54,1;22,-79,-43;23,1,7;28,45,34;36,-36,-1;38,-20,-59;41,7,22;42,40,41;49,-47,-47;55,4,8;58,-14,-35;59,28,31;60,-45,-45;62,0,-6;63,12,28;64,-14,-46;65,17,4;98,-38,13;100,16,-35
rua|prefeito|mario pinto dos reis|centro|27345360|31,-2254383,-4417567;37,5,11;41,-7,-19;45,-15,9;47,-2,-12;51,-9,-4;55,-1,-10;59,4,3;85,-1,-14;105,-11,-15;115,2,4;119,-22,-7;125,2,-12;129,22,-19;188,-60,-23
rua|prefeito|mario pinto dos reis|verbo divino|27345360|32,-2254391,-4417552;38,19,-9;40,-8,3;42,0,-4;44,-7,0;48,-4,-4;54,-5,-9;84,-10,-28;96,-6,-5;98,-5,1;100,-7,-3;102,5,-2;104,-6,-5;106,0,0;124,13,20
rua|santa|rita|vista alegre|27320500|16,-2251132,-4418996;17,-3,7;26,8,-5;27,2,-6;36,9,-8;46,0,-8;47,2,-4;56,-2,3;57,2,-12;65,84,-117;66,-78,122;67,4,-11;76,4,-6;77,22,-5;86,-20,9;87,23,-22;94,-14,7;96,5,-7;97,6,-8;98,-11,8;107,8,-27;112,-3,11;117,20,-8;118,-19,7;122,12,-6;127,19,-13;128,-13,7;137,14,-6;138,-11,-2;148,-3,-12;151,5,7;158,6,-17;168,1,-3;172,3,-5;175,17,-6;178,-13,6;185,6,-9;188,-2,-2;195,2,-7;205,6,-1;215,-2,-7
rua||afonsina de oliveira rangel|vila maria|27313430|12,-2251381,-4420019;13,0,-3;15,3,5;22,2,3;32,11,14;42,10,3;52,-20,13;73,22,20;75,10,1;83,5,4;84,-5,1;92,-9,10;94,13,-2;111,22,16;128,-11,0;130,11,4;131,-3,1;132,4,-1;134,-7,4;135,9,4;136,-6,-1;142,10,11;143,-6,4;146,2,-1;147,12,5;181,19,36;186,-22,7;188,16,-17;196,6,11;222,-102,-160;242,121,208;248,16,-18;330,-31,5;646,-68,-131;650,-2,1
rua||agenor gomes da rocha|jardim boa vista|27350155|224,-2254094,-4418425;234,-11,1;235,47,-41;241,-10,14;243,-5,-2;246,-1,1;250,-20,12;254,-37,21;255,56,-27;265,-28,13
rua||alice tavares dos reis|piteiras|27331450|7,-2255588,-4415291;13,7,4;19,16,5;25,1,-10;39,11,-7;49,4,2;53,12,1;54,-33,-2;55,37,17;60,-6,-13;62,6,-4;64,3,4;67,14,-1;74,-4,0;80,15,2;93,1,-4;103,11,-2;111,28,3;120,-11,-3;127,1,-3;128,-4,8;136,14,-3;144,14,-1;147,-7,3;148,26,9;149,-14,-5;151,1,-5;153,3,-10;180,22,0;185,4,-3;186,-7,4;189,12,1;190,3,0;196,10,-4
rua||anizio moreira rodrigues|abelhas|27343130|67,-2255360,-4417401;69,11,-23;74,-1,-5;82,-5,11;92,-10,15;96,1,0;102,-10,6;106,-4,-2
rua||antenor rocha|ano bom|27323520|2,-2253681,-4417050;20,18,-23;22,3,-2;32,13,-7;48,-7,-11;50,11,-10;52,-2,-1;56,7,-2;60,11,-5;62,1,1;67,-30,6;71,2,0;73,7,-19;77,-3,20;79,-64,74;81,92,-74;92,-4,-9;95,14,3;96,4,-10;98,-31,-8;104,39,16;106,-18,-8;108,11,-9;111,-10,-5;115,-11,11;118,12,-21;125,15,11;126,-5,-14;130,31,14;135,-18,1;138,14,-3;146,8,-6;147,-8,-5;148,13,-2;153,-10,8;158,9,-12;161,-21,-33;163,31,38;164,-7,3;176,5,-1;177,15,-15;185,-3,1;186,-73,61;191,79,-63;196,9,8;202,8,-12;212,0,-4;215,-2,5;225,14,-7;230,-11,0;231,20,2;232,-40,25;238,37,-21;240,16,4;243,-8,-12;244,-64,56;253,68,-57;257,16,-3;259,4,3;262,-17,4;263,21,-8;265,-32,28;267,38,-23;272,-91,49;283,102,-74;297,-1,18;1771,-93,0
rua||antonio da silva reis|nova esperanca|27338500|22,-2256579,-4416310;23,-4,-6;32,-58,-118;42,49,89;47,-4,8;48,-3,-7;49,-1,7;52,2,-15;55,1,2;57,-10,-7;69,-3,-3;74,-4,-16;76,-1,12;77,-2,-3;78,3,-9;89,-4,-2;93,-6,-7;98,46,-9;100,-38,13;108,-3,-12;117,-19,-11;118,9,6;122,-13,-11;144,-6,-27;152,0,5;168,-6,-8;176,2,1;202,-19,-43;219,-5,-1;226,2,-8;229,-11,-13;236,8,10;239,-12,1;241,-12,0;246,7,-2;251,1,-22;256,0,6;299,-20,-29;314,6,-15;321,2,-7;328,-2,-3;331,-10,-2;333,-4,-5;338,1,-10;349,-4,0;357,-3,-6;358,1,-4;359,-3,1;360,-3,-15;372,-4,-5;385,-7,-5;387,6,2;390,-2,-4;400,-3,-21;407,-9,0;416,3,-10;426,-3,-2;436,-1,-11;437,5,24;440,-7,-29;453,1,2;457,-3,-6;458,-8,0;464,-1,-16;468,-2,-1;469,-1,2;478,-4,-9;479,5,2;489,-13,-14;490,6,1;498,-13,-10;499,-5,4;511,-2,-10;512,2,-8;515,-38,11;521,-2,-11;524,35,-14;533,-12,-4;546,4,-9;548,-14,-3;550,5,-17;555,3,0;579,-6,10;581,-6,-8;587,-37,42;594,25,-57;612,0,-5;613,-3,-2;622,-6,-11;633,-1,0;635,8,1;639,-36,-8;648,23,-14;653,-9,2;655,1,-14;656,20,11;657,-12,-17;661,-14,-15;673,0,-8;676,6,10;686,-6,-10;696,1,-3;703,-11,-10;715,2,-14;746,-4,-19;748,-7,-1;758,0,-12;764,-3,-8;781,8,12
rua||antonio graciano da rocha|vila maria|27313280|40,-2251860,-4419700;44,1,-8;48,14,-7;54,15,-14;55,-22,-20;58,21,26;60,-11,0;64,-8,5;83,8,-32;84,16,17;87,-2,-14;88,8,16;95,3,-26;98,-1,20;100,-2,-20;148,49,-27;167,20,-2;168,-2,4;178,9,-6;188,9,13;198,10,-7;208,6,6;254,19,-2;261,14,-24;266,-4,13;267,21,-15;269,1,-33;274,-12,46;276,38,-15;283,7,-3;284,-37,14;286,-2,6;290,10,-23;294,2,-1;296,5,2;306,-6,4;332,25,-8;336,10,-10;338,14,14;339,-12,-2;340,12,-14;348,12,11;350,1,-1;360,2,-4;378,12,-15;386,8,-4;392,-5,-12;398,18,17;401,206,-184;402,-201,183;415,16,-14;425,0,2;435,14,-17;437,0,-10;438,-17,13;440,19,-2;444,-3,-1;448,-5,-6;450,16,3;457,-5,-1;464,11,-8;467,-2,2;468,4,-17;477,3,16;478,6,-2;483,-4,-8;484,19,4;485,-9,-2;494,-1,-17;495,-32,31;496,44,-25;497,0,-7;504,6,6;511,1,-6;535,14,-8;554,29,5;558,-2,-19;559,-33,16;560,36,-15;569,-29,8;579,39,-26;580,11,3;585,-34,20;589,23,-13;590,22,-14;598,-14,0;599,-24,7;600,41,-14;601,-28,18;613,19,-10;614,18,-8;617,-17,-11;619,13,1;625,4,-1;626,4,7;635,7,-5;636,8,-3;637,-4,-7;646,7,3;648,4,1;649,-8,-8;650,10,0;668,4,-4;670,40,8;679,-10,-31;680,1,3;690,10,-4;698,5,1;702,4,-4;706,2,-10;708,0,4;709,-1,-2;718,5,-9;723,-11,9;728,24,-12;729,-1,-4;735,12,1;738,-2,2;743,-3,-15;748,6,7;759,50,-42;763,-38,26;768,5,5;769,8,-9;773,3,-8;780,20,-3;783,-5,0;784,12,-9;786,8,-5;788,16,-4;790,-4,3;792,6,-4;794,7,-4;795,-45,26;796,53,-33;799,-37,4;801,9,9;803,35,-6;805,-4,-11;807,-1,-3;826,11,2;830,13,-12;835,-12,-2;840,15,2;844,2,-4;854,15,-7;856,5,-7;858,1,4;862,2,-5;866,7,0;869,-42,15;871,5,-2;875,8,5;885,-7,-13;895,10,9;901,14,-2;905,-35,13;907,36,-35;915,4,0;917,9,-9;927,16,3;934,-4,-6;935,12,9;936,-12,-20;937,12,8;942,-11,9;947,3,-23;952,7,-5;953,0,-4;957,-5,11;962,19,-3;963,4,-13;967,16,-19;969,13,-13;972,-19,20;973,-7,5;977,0,-1;981,20,-22;992,-9,13;996,-4,6;1001,54,-52;1039,50,-262;1111,-23,243;1113,7,5;1115,5,-12;1119,13,-8;1125,11,-9;1127,-13,24;1129,21,-30;1131,4,-9;1133,6,-2;1135,6,-6;1137,-5,-5;1140,-132,117;1141,136,-129;1143,8,-4;1145,5,-5;1147,-4,-9;1155,1,-8;1165,-4,-8;1169,6,-8;1175,-3,-3;1177,6,-6;1179,-1,-8;1195,-2,-14;1197,-6,-8;1199,-2,-3;1201,-2,-16;1203,3,16;1207,-5,-36;1209,-34,-3;1213,10,-13;1215,-2,-10;1219,0,-26;1221,-2,-6;1223,-7,-15;1226,-13,-26;1228,-13,-18;1229,0,-7;1232,-4,-14;1253,44,84;1255,-8,-14;1257,11,-22;1269,-20,-40;1359,-5,18;1525,24,48;2108,-117,311;2170,90,-390;2174,-5,5;2208,0,-19;2211,-25,-68;2214,24,33;2303,13,78;2313,5,-10
rua||antonio rodrigues ribeiro|santa lucia|27340310|6,-2258744,-4417992;15,149,-84;68,15,294;70,20,4;78,-21,-268;80,-41,41;85,-21,-35;90,1,-5;92,48,259;96,-13,-6;106,-51,-243;108,-22,19;110,82,221;116,-83,-207;117,28,-9;120,-42,-2;126,0,0;130,-44,-9;138,118,210;140,-13,0;142,-97,-220;144,63,186;145,23,-188;146,-6,204;148,7,5;150,-86,-175;155,61,-10;165,17,-19;170,4,-10;175,-44,27;177,-104,63;179,22,12;185,69,-62;200,119,-99;205,-127,99;210,123,-89;215,-140,114;220,131,-110;230,-1,3;235,-167,135;237,5,-5;243,0,-1;248,11,13;249,-12,-14;250,3,6;253,2,-12;254,1,50;255,-2,-62;264,18,65;274,1,16;275,-1,-79;284,19,79;286,-19,-88;294,17,88;299,126,-81;300,-79,127;303,-14,-18;550,73,-212
rua||antonio rodrigues|fazenda do salto|27365190|1,-2246912,-4427949;60,43,25;70,-13,-3;74,-16,-9;80,-8,-12;90,-16,-2;96,-4,-5;136,-24,-12;138,17,13;164,51,22;166,20,11;175,-40,-21;177,-16,-10
rua||antonio rodrigues|santa clara|27340470|9,-2258499,-4417742;11,12,3;21,-5,-1;23,-11,-6;29,-8,0;31,-2,-15;33,-2,3;35,-9,-4;41,-2,-2;51,-23,-11;61,-11,10
rua||apolinario de moraes ratles|cotiara|27345300|167,-2254802,-4417954
rua||apolinario de moraes ratles|verbo divino|27345300|157,-2254721,-4417928;167,-52,0
rua||ari jorge fonseca ramos|vila orlandelia|27325110|200,-2253500,-4416146
rua||ari ramos|vila independencia|27347310|11,-2256246,-4417915;20,23,47;30,-5,-3;33,-3,-17;35,-5,-12;37,-9,23;40,9,-6;45,-1,14;55,10,-4;65,-1,1;75,2,13;89,3,3;93,8,0;95,5,-1
rua||ary jorge ramos|vila orlandelia|27323400|6,-2253686,-4415926;12,12,-18;14,-2,-5;22,0,-7;32,13,-8;52,4,-10;62,11,-7;86,6,-15;104,7,-4;112,10,-19;114,2,-1;116,2,-13;122,7,-15;132,10,-7;142,4,-9;152,0,-10;162,8,-11;172,1,-2;182,2,-4
rua||ary jorge ramos|vila orlandelia|27325110|15,-2253691,-4415936;35,0,-7;45,7,-4;55,7,-2;65,5,-10;75,8,-6;95,6,-10;105,2,-11;125,4,-5;189,47,-71;193,9,-15;195,2,-9;199,-4,17;205,7,-34;215,7,-1;217,1,5
rua||ataufo pinto dos reis|vila coringa|27323170|29,-2253217,-4417796;31,5,12;51,-5,8;55,6,19;69,-11,2;71,-2,4;79,10,18;107,-14,3;115,7,19;117,1,2;125,-1,24;175,-10,37;183,0,-3;193,9,15;203,2,7
rua||ataulfo pinto dos reis|vila coringa|27323170|4,-2253243,-4417615;8,6,-4;20,10,-192;28,-4,21;30,19,16;48,-1,12;54,2,8;70,-8,2;74,5,0;88,-10,16;98,7,15;122,-7,4;126,2,13;130,0,1;150,13,23;170,-9,10;180,-12,22;200,2,20;202,-4,4
rua||beira rio|colonia santo antonio|27313570|211,-2253540,-4421835;252,0,-1;273,-18,-27
rua||beira rio|vila maria|27313570|1,-2251846,-4419695;10,-14,2;12,7,4;14,9,-1;19,2,-1;21,3,2;23,20,9;25,2,2;26,-19,-7;30,4,-1;31,24,6;34,-22,-3;35,25,4;36,-23,-3;44,-10,-6;54,25,16;64,14,-4;74,1,-2;86,12,3;90,-6,0;94,3,9;97,24,1;104,-11,-6;114,1,-4;170,13,10;180,10,0;190,13,13
rua||benedito alves resende|santa rosa|27325010|10,-2253450,-4416379
rua||benedito rodrigues|vila independencia|27347090|20,-2255938,-4417790;87,37,45;88,-2,-3;113,-47,-43;115,28,28;117,22,35;130,7,23;136,12,1;140,3,5
rua||celso ribeiro|bairro malvinas|27336010|360,-2255312,-4411488;701,-181,-29;760,-6,-12;955,-135,-7;965,-25,71;1047,1,5;1055,5,-8
rua||celso ribeiro|malvinas|27336010|731,-2255563,-4411572;771,34,133
rua||das rosas|morada da colonia ii|27353030|9,-2253510,-4421714;10,11,-2;19,2,-4;20,0,8;29,9,-11;39,11,-4;40,2,7;49,8,-8;50,-1,6;54,5,-1;58,1,-1;59,2,-9;69,16,1;70,-2,0;79,14,1;80,-6,-1;89,9,-7;90,4,7;99,9,-13;100,2,12;109,7,-13;120,15,0;130,5,-4;140,7,0;150,14,-4
rua||eduardo pereira da costa rangel|cotiara|27345330|21,-2254316,-4417947;27,-23,-3;31,-2,30;59,-7,-1;91,-11,23;101,-25,1;105,-13,3;107,-4,7;109,1,1;115,-13,11
rua||eduardo pereira da costa rangel|verbo divino|27345330|133,-2254396,-4417865;145,-11,-5
rua||elias jorge rafide|santa rosa|27323040|74,-2253531,-4416961;84,-37,-3;106,-13,-12;126,-36,-10;150,-21,-14
rua||elias jorge rafid|santa rosa|27323040|51,-2253525,-4416951;61,-15,-7;63,-37,24;65,26,-19;75,-21,27;95,1,-37;107,-14,-8;111,-16,-1;113,-11,-17;121,13,13;150,-36,-18
rua||emigdio ribeiro|jardim boa vista|27350150|16,-2253555,-4418500;30,-1,-13;36,-3,5;40,-3,-5;42,-7,-13;43,-4,1;46,0,-5;54,-8,0;56,-7,0;1420,18,-1
rua||evaristo resende|jardim boa vista|27350160|26,-2253898,-4418390;27,-19,-22;36,21,24;37,0,2;46,2,29;47,1,-16;67,8,9;68,-57,2;77,52,25;78,-56,-21;79,57,24;88,-69,-27;95,54,20;100,-66,-17;105,46,4;108,-57,-7;113,24,6;117,15,-2;118,-49,-5;128,-21,-3;130,-19,1;133,48,2;138,-59,-4;148,-4,-41;155,-9,12;158,16,-19;168,3,-7;181,-4,-23;185,4,24;188,4,-14;195,-6,-10;198,4,6;218,-5,-34;220,-1,-7;225,-5,17;230,-1,-29;242,-2,-12;395,18,-260;560,-122,202;750,9,20;753,5,10
rua||franca lot mirante do recanto|bocaininha|27351007|102,-2253614,-4418978;140,-301,79;160,406,-21;179,-343,-16;191,342,3
rua||francisco ribeiro|jardim america|27347150|13,-2256602,-4417524;16,-2,-5;17,6,24;29,-6,1;32,-13,2;35,4,1;40,-3,1;45,0,3;47,-9,10;50,1,0;51,0,-12;60,-8,6;70,-14,7
rua||geraldo alberto rocha|sao domingos|27350680|13,-2255765,-4420005
rua||geraldo honorio resende|nova esperanca|27343150|696,-2256864,-4416872;781,-37,-84;793,-15,0;809,-2,-8;821,-12,8;823,-6,-12;825,-10,-4;827,-13,6;829,-9,-2;831,12,3
rua||geraldo honorio resende|sao luis|27343150|1,-2256399,-4416316;2,7,16;3,-20,-14;5,-13,-2;7,13,6;9,-19,-5;10,162,70;11,-170,-83;13,45,12;15,-24,-14;17,20,10;18,116,87;21,-131,-83;23,32,5;25,-60,-19;27,-8,-4;54,159,89;65,-177,-117;72,147,87;74,-14,1;75,-143,-98;76,141,96;85,-145,-100;95,-9,-13;105,0,-13;108,-46,-139;110,-11,19;112,-68,-117;119,121,229;121,-81,-163;123,69,154;125,-3,-4;126,4,-15;127,-10,7;128,8,-14;129,-12,5;131,-7,-12;133,-1,-6;135,-29,-66;139,-9,-29;143,-18,-41;145,17,40;147,-9,-16;149,28,79;153,0,-13;157,-6,-8;161,-7,-8;173,-13,-24;189,-17,-36;191,-12,-6;199,-4,-9;205,-2,-3;207,-12,-2;209,6,-8;211,-8,-20;215,-2,-2;223,-6,-19;229,-8,-10;231,-29,-64;235,24,57;237,-21,-64;239,-10,-15;245,22,65;247,3,-17;251,-6,-8;253,-8,-4;257,-6,-5;259,-7,-16;265,4,-11;269,-14,-5;277,-9,-23;279,8,10;281,-13,-16;285,-6,-15;287,-4,-6;291,-6,-8;301,-12,-7;315,-21,-14;323,252,405;330,-225,-409;331,-15,-10;365,224,378
rua||geraldo honorio resende|sao luiz|27343150|148,-2256593,-4416607
rua||geso rodrigues|paraiso|27333110|23,-2255036,-4412656;37,3,-10;45,40,4;61,-28,-20;75,4,-11;80,-4,24;85,11,-44;90,-6,37;101,7,-11;103,14,-40;108,-12,39;110,4,-5;114,1,-5;118,0,-8;123,14,-39;130,-4,14;133,3,-14;140,-10,13;142,19,-30;146,4,-17;153,-6,17;167,12,-25;196,20,-8
rua||getulio borges rodrigues|boa sorte|27338070|3,-2255857,-4415606;15,0,-9;21,-1,-15;23,3,-3;35,-23,5;42,9,-16;46,-1,1;62,-2,-14;68,-2,1;74,-11,-14;77,18,-7;78,-19,6;90,3,-10;91,-3,-27;99,19,2;104,-23,14;115,4,9;116,-12,-22;119,0,2;121,7,2;122,-14,-22;123,10,21;127,-13,-9;131,-6,-1;137,0,4;143,-35,-20;149,36,7;151,-32,-15;157,19,5;161,-4,-7;165,-1,7;172,5,-7;177,-18,1;180,-26,-9;181,24,7;187,-14,-9;190,-21,11;209,9,-30;210,13,-6;220,-15,-3;225,-1,5;230,11,-37;235,-20,21;236,15,-24;246,-10,-16;247,-6,40;259,-15,-22;260,14,2;266,5,11;273,-19,-24;274,25,-5;276,-19,4;283,-2,5;295,-24,-3;301,5,-24;304,4,14;305,3,-8;311,-21,-11;312,16,16;316,-3,12;320,-6,-14;321,-10,-17;324,8,10;328,-5,-6;335,-25,10;338,16,-41;348,-8,8;357,-4,-2;358,-2,-8;360,0,-7;369,-15,12;379,25,1;380,-19,-5;382,7,-24;390,-24,-8;395,13,31;421,-11,-8;450,-27,-60;496,-22,-20;498,-5,-6;500,-3,-10;520,-2,-2;530,-8,-7;540,-3,-9;550,0,-3;560,-8,-3;570,-7,-26;580,-14,5;582,3,-7;586,8,-10
rua||iracema ribeiro|boa vista 2|27336320|12,-2254846,-4412049;15,9,-18;24,-4,17;27,2,-8;35,14,1;36,-7,4;44,9,-4;54,21,9;60,-7,-18;70,18,-8;140,-60,33
rua||izaltino xavier ribeiro|cotiara|27347420|39,-2254991,-4418465;47,-16,20;69,-11,1;75,5,2;83,15,18;85,-3,4;87,-18,-12;95,-6,5;97,1,7;102,-47,16;111,11,19;124,14,-17;126,0,-2;136,-10,1;138,-1,1
rua||jandir luis da rocha|nove de abril|27335380|3,-2254597,-4411432;10,292,-48;17,61,-49;27,-8,-2;37,-6,10;46,28,-16;49,-30,23;51,-17,8;54,28,-25;62,-4,5;71,-25,23;74,11,-13;77,-22,15;82,1,2;87,-2,6;94,-98,68;99,90,-65;109,-6,11;119,-20,2;129,-7,5;131,-214,5;138,222,0;150,-14,3;155,6,1;165,-11,9;175,-3,-1;176,-14,0;185,7,4;186,-8,10;195,1,-5;200,-13,11;205,3,-1;243,-31,19;251,-8,13;252,-4,0;261,-1,-1;262,-5,4;269,-5,0;280,-7,10;285,-6,2;291,-5,7;297,-17,4;328,-9,1;348,-15,-5;352,-9,-4;358,-6,-5;368,-10,-6;378,-5,-7;388,-4,-6;434,-18,-16;436,-8,-26
rua||joaquim m rodrigues|fazenda do salto|27365003|7,-2246823,-4427999;11,4,0;14,-2,35;18,12,-10;26,-20,-35;242,-27,-25;256,16,15
rua||joaquim reduzino|piteiras|27331200|28,-2255730,-4415112;188,12,-19;190,-4,-9;192,-20,-1;201,16,4;211,-18,5;221,-2,-2;224,-1,0;226,-8,0;228,-6,0;230,-13,-7;231,28,4;232,-39,-7;241,23,11;251,-17,4
rua||joaquim roberto|piteiras|27331320|17,-2255679,-4415131;18,-114,34;19,-4,4;20,12,1;23,80,-43;24,-81,58;25,77,-38;27,-7,-3;32,-75,39;37,73,-28;47,-15,5;57,-4,19;67,-1,7;72,-28,19;77,26,-8;87,1,9;90,-19,11;94,-18,3;97,42,-5;98,-10,26;102,10,7;112,14,2;121,-4,-3;122,7,13;123,0,4;125,9,14;127,0,-6;132,-13,-4;137,27,28;139,8,-6;142,-22,-14;189,18,10;191,-16,8;193,-7,-3;196,-2,1;200,-10,17;206,-1,-1;213,-4,0;223,-7,10;226,-4,2;233,-1,-8;236,-7,15;243,-3,-13;246,-15,17;253,12,0;263,-6,0;266,-12,-9;273,1,14;276,-8,-3;283,-2,2;286,-4,7;293,-7,3;296,14,-9;303,-28,14;306,1,4;313,-8,-2;316,-10,15;323,-7,-13;326,-11,-3;336,-8,10;346,-6,-10;356,-2,13;376,-15,-6;386,-4,-1;397,-11,3;410,-6,-3;416,-21,-7;457,-37,-131;459,-7,-5;490,-41,72;495,17,-99;500,25,31;507,5,41;517,-2,16;520,-19,-16;527,22,25;530,-18,-16;537,20,21;540,-16,-11;547,25,24;557,-7,5;560,-14,-31;580,8,14;597,16,24;599,9,23;600,-17,-33;610,0,10;620,12,15;630,-1,6;640,8,23;650,4,-4;660,23,8;670,11,-5;680,4,8;715,34,-11
rua||jorge da fonseca ramos|floriano|27365070|2,-2245217,-4430106;41,-9,7;45,-17,5;55,-30,1;56,9,-9;71,-13,9;74,1,-9;90,-15,1;101,-2,16;115,-22,1;123,-4,-7;141,-21,6;202,-40,-7
rua||jose batista resende|colonia santo antonio|27351680|27,-2253598,-4420541;30,-3,-1;37,-3,5;40,4,-10;47,-22,1;73,-3,18;95,-23,0;98,20,-29;100,-32,-11;105,24,15;107,-1,-5;1221,48,12
rua||jose goncalves rebollas|cantagalo|27350370|1007,-2254445,-4420037;1008,669,471;1010,-338,-240;1018,318,233;1020,-650,-492;1022,7,-16;1028,641,491;1078,-31,-52;1088,-8,-22;1098,-15,-15;1126,-10,-36;1170,-584,-399;1174,-3,-12;1180,4,1;1242,570,361;1250,-10,-15;1260,-23,-49;1350,-50,-59;1370,24,-26;1372,-29,23;1382,-20,-5;1402,-7,-17;1412,-5,-10;1426,-12,-5;1440,-5,-1;1590,-57,-39;1760,-220,-12;1780,-131,-25;1800,72,19;1810,-8,13;1820,-10,-6;1830,-16,-9;1850,-4,2;1860,-19,3
rua||jose goncalves rebollas|cantagalo|27350390|979,-2253782,-4419551;981,1,-14;983,2,-8;985,-3,-4;991,-5,-5;993,-5,-4;995,-3,5;1015,-16,-34;1021,2,-8;1039,-23,-7;1053,12,-22;1073,-27,-26;1083,-3,-11;1111,-22,-12;1221,-2,-40;1231,-7,1;1241,-3,-20;1253,10,3;1255,-6,-21;1257,-11,0;1259,-1,-1;1267,-16,-8;1339,-28,-62;1343,19,14;1345,1,-11;1347,-35,6;1389,-35,-84;1411,13,-4;1589,-142,-23;1765,-182,-27;1769,-15,-2;1805,-26,-1;1811,-12,8;1813,-4,-2;1825,-10,-6;1837,-18,15;1855,-8,-17;1865,-13,2;1869,0,-9;1871,-11,6;1873,-12,-7;1933,-29,-36
rua||jose goncalves rebollas|siderlandia|27350390|23,-2254478,-4420310;1191,-22,134;1193,46,-8;1195,-14,17;1566,-106,-348;1991,88,344;1993,-5,17;1995,29,-9;2000,58,-37;2160,-1,-15;2170,1,-1;2192,-6,-27;2198,12,-7;2200,-14,-11;2205,10,9;2206,22,-4;2210,-26,-5;2216,-1,-4;2228,-14,-12;2234,9,-19;2240,-13,11;2241,1,-6;2248,-8,-6;2252,-3,7;2262,2,-13;2265,-19,-5;2274,5,4;2284,-11,11;2300,-9,-21;2309,5,1;2310,-4,-9;2311,-13,7;2313,4,-8;2315,-13,-10;2317,-3,-8;2319,0,3;2322,15,8;2334,-7,-5;2344,-5,-6;2354,1,-9;2356,-2,-10;2358,-7,-10;2360,-5,-10;2362,3,4;2364,-12,-16;2410,0,-17;2411,-5,3;2412,1,-2;2421,-1,-6;2444,1,-5;2453,12,-13;2454,-19,-2;2464,1,-5;2470,2,-10;2480,2,-6;2481,-23,-11;2488,17,-8;2491,-11,8;2496,12,-21;2501,-10,20;2506,5,-19;2510,-7,-17;2516,-8,-1;2519,3,15;2525,-15,-17;2526,3,-1;2527,-4,-11;2536,3,6;2539,-15,12;2543,3,-14;2546,11,1;2556,-16,-3;2566,-5,-3;2572,-5,-9;2573,-20,-4;2580,-2,4;2583,-6,-20;2589,5,21;2592,-9,-8;2596,-2,-2;2597,-5,-7;2598,8,7;2599,-9,0;2600,-11,-10;2605,6,8;2615,-8,-1;2625,-13,-8;2630,-29,-16;2646,2,-13;2680,-7,-3;2704,-6,-16;2709,11,15;2711,-17,-15;2713,2,-17;2714,0,9;2715,-28,-19;2724,18,14;2738,-11,-18;2746,-6,7;2795,-15,-42;2805,13,-16;2807,1,1;2810,2,9;2813,-9,-23;2825,3,-8;2828,4,22;2830,1,-32;2835,-8,3;2840,10,-4;2841,-21,-13;2844,18,6;2850,1,1;2855,-12,-15;2858,12,-3;2870,-1,-11;2898,-6,-18;2908,-1,-5;2912,1,-11;2925,-10,-21;2932,6,12;2934,3,-13;2944,0,-7;2945,-9,-29;2946,4,10;2947,-2,-16;2948,7,27;2950,-15,-26;2955,7,-4;2959,-19,-41;2966,23,64;2976,-8,-24;2978,1,-2;2986,-4,-9;2996,5,-6;3092,-33,-53;3094,6,-7;3099,-4,7;3100,-8,-9;3106,-5,-14;3108,-5,0;3112,19,-20;3118,-8,-11;3121,-22,19;3128,-1,-9;3137,-11,-16;3138,9,8;3140,-9,-2;3143,-3,-6;3144,-3,-11;3160,-1,-1;3171,-17,-12;3173,13,8;3176,-2,-4;3181,7,-3;3185,-45,-36;3188,30,36;3193,-4,-6;3204,-3,-4;3216,-12,-9;3217,-20,-15;3220,13,11;3240,-4,-12;3246,-3,-1;3254,-6,-24;3270,-12,7;3280,-9,-13;3287,-7,3;3290,4,-2;3305,-36,-30;3309,-4,-9;3311,-23,-21;3321,-4,15;3322,45,20;3330,-11,-8;3340,-9,-10;3350,-10,-10;3351,-11,-18;3360,8,10;3370,-4,-2;3380,-12,0;3390,-2,-9;3397,3,7;3400,-9,-24;3401,-16,-5;3410,11,1;3417,-12,2;3420,1,-7;3471,-19,-9;3501,-6,-8;3504,21,10;3510,0,-2;3520,-10,-6;3530,-2,-4;3540,-6,-18;3553,-18,5;3563,-7,-11;3570,1,3;3582,-9,-15;3590,1,-7;3599,7,-74;3600,-19,71;3605,-1,-35;3610,-15,28;3611,-6,-14;3617,-5,-5;3620,14,12;3623,-18,-25;3628,-49,-15;3629,34,13;3630,22,21;3634,-36,-32;3635,-1,5;3638,-25,-11;3640,59,29;3641,-53,-37;3644,13,10;3647,-27,-2;3648,3,5;3657,-11,-1;3658,9,5;3659,-19,1;3661,-9,16;3668,15,-16;3671,-40,13;3676,34,-15;3678,-10,6;3681,-30,18;3685,-2,4;3686,24,-28;3688,-39,16;3696,27,-16;3738,-30,-8;3740,0,0;3768,-32,-15;3780,-6,-3;3790,-8,-5;3800,-9,0;3801,-6,-5;3823,-3,-7
rua||jose pereira dos reis|boa vista 2|27336330|9,-2254799,-4412085;11,11,11;25,8,-22;39,13,19;40,-13,4;49,20,-13;50,-1,22;51,16,22;53,7,21;55,-16,-45;57,3,4;59,2,0;60,1,24;64,3,11;80,-13,11;86,25,6;88,-5,-6;92,-1,22;95,0,-11;99,1,-1;129,3,19
rua||josefina reis|vila nova|27321630|7,-2252305,-4418432;8,-2,2;12,0,8;26,-10,12;27,-141,194;36,139,-184;44,11,19;48,-7,-8;51,2,7;58,-3,2;61,-5,3;70,13,-9;71,-16,11;72,38,79;80,194,243;83,-246,-303;84,2,15;93,-2,-2;96,-9,-5;98,-7,37;99,27,-44;101,-24,37;110,10,-21;112,-9,16;159,-15,15;160,-5,17;163,-1,5;170,-9,9;175,8,-16;180,-3,22;185,-22,14;191,-5,15;195,7,9;209,22,50;210,-17,-36;212,-4,19;242,-9,-45;250,-8,15;252,-19,-4;261,23,6;271,-24,3;272,-17,1;274,1,0;281,3,-6;291,-11,15;305,-32,42;315,-7,7;324,28,-34;325,-22,19;328,22,-20;335,2,21;338,-9,-10;368,177,-208
rua||josefina viana ramos|floriano|27365080|114,-2245236,-4430007;124,-81,4;168,38,-5;175,-18,6;177,-13,0;178,45,-8;179,-25,3;181,17,4;200,42,-18;214,-8,-2;228,7,2;390,0,16;400,7,5
rua||juca ramos|floriano|27365090|156,-2245327,-4429728;174,1,-58;176,0,1;178,-3,-17;188,3,-70;324,27,1
rua||leonidia da conceicao reis|jardim vista alegre|27320700|1,-2251946,-4419193;3,8,-2;4,268,5;10,-7,3;17,-163,5;18,-44,1;20,211,-9;40,-7,15;46,-13,-8;50,-4,-2;56,-1,4;66,-10,3;76,-12,-6;84,4,3;86,-14,2;88,-9,-5;90,-18,-11;92,27,17;94,-19,-4;100,-8,-7;102,26,30;104,-43,-18;106,13,-8;108,-10,13;110,-9,-5;114,-10,6;116,-4,-4;124,-6,-3;144,-14,2;154,-10,6;156,-9,-5;164,6,-3
rua||lilia tavares dos reis|jardim alice|27332047|55,-2254958,-4414093;65,-20,27;95,-10,12;105,-16,16;106,-1,-4;126,-16,18
rua||manoel anisio rodrigues|vila natal|27332000|9,-2254228,-4413018;15,2,-8;19,7,-6;20,3,1;23,4,4;27,10,-19;31,-4,12;35,11,-7;39,4,-6;43,13,0;101,-59,27
rua||marcelo ramos|saudade|27313340|2,-2252037,-4419348;4,-3,8;6,-6,-8;8,36,-41;12,-48,50;16,-18,2;18,8,0;20,3,2;163,-15,-119;168,4,0;170,2,-1;172,0,2;178,3,2;1766,-15,1
rua||maria ana da rocha|piteiras|27331340|46,-2255526,-4415259;56,37,-5;66,-33,40;76,2,16;86,-6,15;96,-2,11;116,-1,10;120,-2,7;126,-13,5;136,10,20;168,-18,29;184,-11,18;192,0,-8;196,-14,18;210,-8,33;212,-13,-6;222,-18,5;224,-19,-2;226,1,6;230,-5,-7;232,42,12;240,-6,18;244,-33,-28;250,32,18;260,2,9;268,19,4;270,2,7;272,2,4;282,12,5;292,15,-2;294,3,10;298,8,5;300,3,-4;302,5,1;304,11,-1;306,-1,8
rua||maria ana da rocha|piteiras|27333160|71,-2255527,-4415247;73,5,18;75,3,9;83,-6,32;103,4,8;115,-7,16;125,-1,10;135,-2,14;145,-3,6;169,-6,12;179,-19,21;189,-4,6;195,-13,17;197,-8,-4;209,2,4;219,0,21;229,-4,18;239,-8,9;251,14,23;265,20,7;271,13,5;273,-1,-3;275,-8,-1;301,17,3;321,12,8
rua||maria irene resek|santa clara|27340490|4,-2258255,-4416932;6,-1,3;26,0,8;36,4,12;46,5,10;91,45,69;100,-5,-3;102,5,7;104,4,8;106,6,11;109,41,47;115,5,-82;128,-65,61;134,-1,-5;138,-18,0;140,1,-2;160,-19,8;161,55,-37;168,-56,40;172,-16,3;180,-16,1;190,-7,6;200,-5,2;210,-9,-5;220,-23,5;230,-27,14;231,13,4;240,3,-17;260,-13,1;270,-13,5;280,-115,88;286,96,-86;290,-7,1;296,-2,15;300,-18,-4;310,7,-18;374,-3,13;416,-23,13;426,-8,9;428,-8,0;438,-1,5;448,-5,4;451,-5,22;453,-10,42;455,46,39;457,-32,-85;458,-2,-15;484,-13,12;486,-4,6;488,-9,12;504,-7,10;506,-2,-2;508,-42,68;514,20,-36
rua||melquisedec rodrigues|sao domingos|27350640|1,-2255618,-4419729;61,-36,-19;71,-15,-3;81,-13,-6;88,4,-2;90,-4,-2;94,1,-1;99,-14,-1;100,5,-9
rua||myara almeida dos reis|jardim alice|27332220|60,-2255027,-4414101;126,-22,27;551,57,-88
rua||nono reis|piteiras|27332045|321,-2255251,-4414699;327,7,17;341,-12,20;381,-9,17;391,-7,2;401,11,64
rua||onofre rocha|vila maria|27313420|18,-2251556,-4419772;29,-2,19;30,6,2;36,0,10;37,-3,-4;47,2,13;50,6,-1;52,2,4;57,-2,4;60,5,2;67,-2,16;70,5,-15;72,5,4;77,2,14;79,0,0;80,1,-4;81,7,6;83,2,9;86,2,5;87,2,2;88,8,-1;90,-13,-19;94,1,28;95,12,5;108,-6,0;112,10,5
rua||onofre rodrigues|vila ursulino|27351110|11,-2252992,-4420722;13,-6,-2;21,19,-4;28,-11,9;32,8,-7;37,8,-7;38,2,8
rua||orozimbo ribeiro|centro|27330420|10,-2254435,-4417255;14,-29,2;18,4,2;22,7,5;28,13,2;30,-13,-4;38,5,23;44,0,7;50,0,-1;54,12,17;58,-19,15;66,13,-15;68,-13,1;82,3,15;86,3,-3
rua||pinto ribeiro|centro|27310420|1,-2254217,-4417238;6,8,-11;7,-7,10;9,10,2;11,3,-9;15,-5,-6;16,6,6;19,-1,-11;21,-9,-10;25,19,12;26,-6,3;28,4,-2;31,-2,-23;32,5,9;34,0,4;36,9,-5;38,-7,-1;42,13,-1;57,0,-7;60,-10,6;64,19,-4;65,4,-11;68,-7,-3;70,2,2;72,0,-1;74,1,-3;76,5,2;80,1,-4;82,6,-4;84,-6,14;86,2,-7;88,3,-8;89,4,-4;96,16,16;99,-6,-15;103,-5,-12;105,2,10;108,6,-14;112,3,2;114,-3,0;150,24,-14;154,3,9;160,0,-6;164,-2,-4;170,6,-3;174,-1,-3;182,2,-4;194,13,-2;196,-5,-1;200,11,-6;204,-11,-4;205,19,-20;208,-15,19;214,14,-8;216,2,4;218,-2,-9;220,4,4;232,3,-15;240,3,-6;242,3,-6;246,3,-4;250,8,-2;252,-7,-2;256,11,-9;258,-7,5;260,2,2;262,-1,-4;266,5,-2;267,11,-1;270,68,-89;272,-88,86;276,20,-3;278,0,5;284,1,-9;292,-2,-1;298,7,11;300,-1,-17;303,16,-10;306,-3,9;314,-3,-10;316,7,3;318,4,-2;320,0,-1;321,2,-6;322,-1,-4;324,-7,0;330,23,-9;351,9,-21;354,11,4;363,9,-6;365,3,-5;368,-9,5;370,5,-9;372,-8,-6;373,15,12;375,-4,-3;380,-3,-14;385,7,4;390,20,-4;418,-4,-15;426,1,-9;428,-2,2;430,0,-10;432,10,-10;434,-5,-4;438,14,-8;439,-2,-8;440,3,20;452,6,-15;454,-7,10;455,25,-11;456,-12,5;458,10,-5;461,-5,-5;464,5,-2;471,-2,-4;473,2,0;475,8,-29;476,-5,34;478,0,-2;485,7,1;486,-3,-14;487,0,9;489,9,-29;491,-10,-17;494,-1,30;495,-7,-18;498,15,9;500,6,3;503,4,36;505,-7,-50;508,11,12;509,-9,-1;510,13,-1;523,-21,4;525,18,-12;527,-2,-6
rua||recife|getulio vargas|27325370|3,-2253318,-4415491;4,10,3;5,-4,2;6,-10,-7;7,-4,-3;8,-4,4;9,-4,-2;10,107,54
rua||recife|getulio vargas|27325470|11,-2253334,-4415506;12,5,-7;13,17,6;14,6,-1;15,13,-6;103,12,-13;105,4,-7;107,5,0;109,10,-9;111,-9,2;113,17,-8;115,26,-19;117,-18,12;119,33,-24;121,11,-5;123,12,-13;129,12,-10;133,3,6;135,9,-13;137,3,-3;139,11,2;145,12,-8;150,7,7;153,-2,-11;159,5,4;179,10,-3;189,10,-4;205,5,-5;209,26,5;221,-10,-32;229,23,7;233,-9,-20;235,15,18;249,1,-10;253,-29,26;259,42,-44;269,19,-4
rua||recife|monte cristo|27343090|10,-2255924,-4416777;20,1,-27;22,11,-70;23,-9,37;24,-5,60;33,12,-55;39,-3,20;45,-9,11;53,9,12;55,-2,2;59,-4,8;74,-7,-21;77,14,-2;79,-12,-1;81,-7,6;83,-1,-11;93,-32,14;94,5,-8;104,-11,-4;105,-10,7;117,-9,-4;133,-12,13;134,2,-24;138,-1,12;142,-21,3;145,13,-4;162,-9,3;173,3,1;183,-6,-19;195,-18,17;197,-6,-1;217,-22,6;222,25,-9;225,-19,8;228,1,-15;234,-8,5;235,-16,3;240,7,4;250,-30,21;252,36,-17;260,-29,4
rua||recife|presidente vargas|27325370|10,-2253194,-4415388;12,-7,-8;46,-17,-26;66,-8,-8;68,-10,-6;70,6,-11;72,-13,-3;78,-4,-1;88,-2,-2;94,-9,-12;102,-17,-70;104,12,58;106,-7,-67;108,0,58;110,14,-59;112,7,-10;116,25,-19;118,-55,75;124,-2,-17;126,-2,2;132,101,-81;160,85,-40;162,22,-3;164,-3,-1;190,22,0;210,23,-51;240,23,-17;250,2,-12;252,41,1;489,237,63;499,-18,28;513,-4,6
rua||recife|presidente vargas|27325460|1,-2253274,-4415493;2,-7,-5;43,74,100;45,2,-11;47,-8,-11;83,-28,-19;85,-27,-50;87,2,14;89,9,9;101,-14,-30
rua||riachuelo|ano bom|27325220|8,-2254333,-4415551;13,-7,15;20,3,1;26,-9,4;29,-3,3;32,3,-3;38,-9,8;39,0,3;40,0,-3;53,-9,11;54,-1,-6;56,1,2;61,-1,18;73,19,29;81,-13,-13;87,16,10;91,-6,-3;97,13,25;101,-12,-21;107,26,22;111,-9,-2;114,25,27;115,-1,-12;118,1,12
rua||rubiaceia|santa izabel|27323785|71,-2252514,-4416677
rua||servulo da rosa|metalurgicos|27335510|18,-2254326,-4411234;20,-1,-1;135,64,-59;145,8,2;155,-20,7;165,-4,8;167,-7,9;177,-18,2;205,-7,7;219,-2,9;225,-21,13
rua||sevulo da rosa|metalurgicos|27335510|4,-2254219,-4411333;8,28,-12;10,5,-4;14,8,12
rua||vitoriano rodrigues|centro|27335220|5,-2254102,-4417535;10,13,14;26,3,-5;42,-10,21;185,5,-37
rua||vitoriano rodrigues|nove de abril|27335220|50,-2254311,-4411588;52,2,8;54,-12,3;56,-25,21;58,14,-14;60,11,-4;64,-30,18;74,-10,2;94,-3,10;104,-13,3;105,4,4;116,-6,-2;120,-13,9;126,-4,2;130,3,12;140,-14,-1;150,-5,0;158,-14,8;170,-6,-2;180,3,16;196,-18,3;210,1,3;232,-9,7;253,5,-6;257,-34,23;259,-9,11;260,10,-12;261,-15,16;263,27,-39;266,-33,47;274,-12,7;275,2,-3;432,-11,4
rua||willis c rolim|santa clara|27340700|17,-2257515,-4417144;27,-14,-3;37,-12,5;42,7,-8;47,-29,4;56,15,7;66,-18,-10;67,4,7;70,-7,-17;72,1,4;77,-3,22;79,-21,-2;80,18,-36;87,-16,38;90,8,-35;92,-8,7;100,155,31;101,-155,-34;110,143,29;120,-1,-10;130,-14,5;140,0,-4;150,-13,5;152,-10,-9;154,-10,-1;162,-75,12;164,55,-9
travessa||antenor rocha|ano bom|27323140|2,-2253675,-4417105;10,1,-7;12,-6,12;20,5,1;30,-12,-8;40,-10,-7;50,-9,-3;60,-11,1;68,-4,-4;84,-4,-2;90,-4,-4;94,-10,-1;100,-8,1;101,19,-17
travessa||antonio rocha|antonio rocha|27340650|12,-2265006,-4415356;14,-4,9;20,-7,13;90,-14,30;95,24,197;97,-9,-18;100,-28,-171;110,3,11
travessa||francisco l de ramos|piteiras|27331120|40,-2255741,-4415063;42,-12,-26;48,15,25;50,-1,-16;60,-8,2;66,-5,-12;80,-8,-10;90,8,-5;221,-4,-3
travessa||josefina reis|vila nova|27321690|125,-2252374,-4418306;127,1,-3;133,39,-13;135,35,-4;155,-63,18
travessa||recife|presidente vargas|27325460|25,-2253216,-4415377;70,-23,10;80,-23,15;105,-1,12;110,-17,1;115,-8,15;116,16,-4;125,-26,12;130,2,-5;140,-12,18
travessa||thomaz batista ramos|sao silvestre|27345150|16,-2254446,-4418436;22,0,10;23,-1,2;35,2,4;39,4,13;43,3,1;49,-1,0;59,5,14;60,-4,4;71,4,2;77,6,4;78,3,6;87,-4,6
