alameda||dos perdizes|pontal|23942340|74,-2294882,-4432124;75,-11,-5;77,17,8;112,-26,15;123,-1,17;151,0,20;171,-4,19
avenida||raul pompeia|centro|23900415|19,-2300796,-4431785;35,7,-1;39,4,17
avenida||raul pompeia|centro|23900425|75,-2300752,-4431817;97,7,-8;111,24,-14;125,-6,-12;131,15,11
beco||da paz|monsuaba|23916160|69,-2301111,-4421693;70,-9,-41
beco||da paz|monsuaba|23916190|56,-2301120,-4421742;70,-5,20
beco||do pampo|bracui|23943060|5,-2294560,-4439519;6,-14,4;7,-20,-8;8,-21,-2;10,38,3;11,-2,-1;18,23,-4;20,54,-9;1315,-98,8
beco||dos pinheiros|frade|23946090|8,-2296350,-4443575;9,2,2;22,-28,-9;30,2,4;43,-7,-4
beco||pele|nova angra|23933165|50,-2297534,-4428891;63,-4,11;64,-1,-1;65,-2,-9;94,11,8;100,-28,14;101,-7,3;105,6,1
caminho||das pontes|frade|23946015|16,-2297180,-4445052;17,1,29;21,-1,32;22,-21,-86
entrada||condominio porto ponto|portogalo|23917010|1,-2304244,-4420737;2,0,3;3,-1,0;4,0,0;5,0,0;6,1,1;7,0,-8;8,1,-1;9,0,2
escadaria||da paz|sapinhatuba iii|23910670|23,-2300719,-4429140;131,-33,-10
escadaria||darci benedito pimenta|monsuaba|23916020|35,-2300967,-4422329;74,7,-9;1114,40,-2
escadaria||de acesso a rua antonio pinheiro|morro da caixa dagua|23903520|167,-2300378,-4431936;169,4,-1;191,2,9
escadaria||do peixinho|morro da caixa dagua|23903520|453,-2300359,-4431967;456,35,-5;457,-29,9;458,33,-1;469,0,6;481,9,4;571,-8,1
escadaria||do peixinho|morro da caixa dagua|23903607|456,-2300318,-4431963
estrada||da petrobras|garatucaia|23900010|7,-2302293,-4416581;14,21,8;82,-34,-59
estrada||pesque pague|banqueta|23933600|66,-2297036,-4427136
estrada||ponta do partido|ponta do partido|23942000|18,-2293527,-4432433;19,-21,-21;25,-98,-24;29,-10,544;101,64,-337;102,-2,-3;103,0,0;104,2,4;105,-2,-5;106,15,13;107,-5,1;110,196,-74;111,0,0;112,-6,-5;113,15,23;114,-3,1;115,-1,-2;116,-13,-19;117,4,0;118,-3,9;119,0,-19;120,-16,-2;121,0,0;122,-8,-3;123,5,14;124,-4,-5;125,14,-17;126,-2,21;127,6,-7;128,-17,10;129,29,-15;130,-42,-5;131,0,0;132,-3,-9;133,-2,0;134,2,6;135,2,-2;136,11,-11;137,-7,-3;138,-5,-2;139,16,13;140,-36,-8;141,0,0;142,-7,-4;143,11,3;144,0,0;145,7,7;146,-11,-6;147,0,0;148,2,0;149,-1,-1;150,-15,-13;151,0,0;152,2,1;153,-1,-2;154,0,0;155,0,0;156,0,0;157,0,2;158,1,5;159,0,0;160,-18,-22;161,0,0;162,0,0;163,0,0;164,0,0;165,1,-2;166,0,0;167,0,0;168,-1,-1;169,0,0;201,-105,131;202,0,1;203,3,1;204,-1,0;205,1,0;206,0,1;207,0,1;301,3,-4;302,-3,1;303,5,2;304,0,0;305,-6,-3;306,-1,2;307,-9,-10
morro||da paz|nova angra|23933600|18,-2297027,-4428988;19,8,23;21,2,12;833,-3,4
praca|governador|ari parreira|praia do anil|23904000|209,-2300426,-4431204;216,28,8;221,-6,-6;229,-5,4;233,-3,3;234,-20,-3;271,30,3
praca||nilo pecanha|centro|23900260|8,-2300903,-4431942;16,-7,0;26,-4,7;30,-8,-14;142,-19,-6
praca||raul pompeia|centro|23900090|16,-2300994,-4431926;24,-15,-2;26,2,-8;28,9,-3;42,-6,-2
praia||preta|vila do abraao|23968000|326,-2312827,-4417290;327,0,0;328,0,0;330,9,1
propriedade||batalhao de policia|parque mambucaba|23953010|604,-2301916,-4453156
quintas||das palmeiras|praia vermelha|23943503|19,-2302155,-4449655
quintas||das palmeiras|praia vermelha|23950710|1,-2302352,-4449972;2,-68,-30;3,8,-4;4,-2,22;5,-1,7;22,27,83;52,88,-21
rua|almirante|ary parreiras|verolme|23914475|20,-2299874,-4423345;36,-7,11;37,-1,13;52,-12,6;53,4,14;68,-4,-13;69,0,16;84,-14,3;85,5,19;100,-13,-4;101,6,6;116,-17,6;117,3,11;132,-12,4;133,7,9;148,-14,0;149,9,13;164,-15,-1
rua|almirante|machado portela|balneario|23906190|1,-2300204,-4430502;2,60,-55;3,0,-2;4,6,-4;5,1,-10;6,2,5;18,31,-37;22,31,-25;27,4,-8;40,-17,11;49,-9,15;58,-5,-2;69,-7,2;85,-7,17;108,-20,38;110,-12,8
rua|doutor|alvaro pessoa|centro|23900050|42,-2300999,-4431938;413,-3,19
rua|doutor|alvaro pessoa|centro|23900070|317,-2301230,-4432249
rua|sao|paulo|belem|23935035|28,-2296071,-4429368;44,-15,11
rua|sao|paulo|bracui|23935035|38,-2295003,-4438695;277,12,-72;280,-6,-5
rua|sao|paulo|bracui|23937000|2,-2294429,-4438432;16,-566,-148;17,-4,0;270,-1,28;271,-2,11;274,3,28
rua|sao|paulo|parque belem|23935035|361,-2296106,-4429313
rua|sao|pedro|belem|23935170|33,-2295196,-4428777;34,-513,119;46,13,-7;52,492,-113;56,-486,132;66,6,-7;69,469,-193;70,-464,178;87,467,-84;88,-227,47;130,-198,27;136,5,-5;208,37,-62;220,22,12;228,22,-27;233,-17,-5;250,33,0;288,12,-6;303,313,4;341,-278,-39;352,6,0;357,10,-10;365,10,-5;373,0,-5;388,0,1;432,27,-38;433,2,0;443,2,22;445,-13,-11;450,25,0;456,14,-1;475,13,-17;477,6,-8;479,2,1;500,-75,60;506,85,-62;508,-79,52;511,89,-58;513,8,-8;515,0,-2;517,10,-4;518,9,-7;520,24,2;521,-15,-6;523,11,-2;531,-9,-4;601,27,1;608,13,2;618,11,9;640,62,-12;701,3,0;796,54,105;806,-16,16;816,-6,-73
rua|sao|pedro|parque belem|23935170|1,-2295749,-4428665;9,13,-1;27,13,8;41,11,-3;49,22,-27;53,-3,26;67,5,3;69,3,-4;75,9,-13;83,1,7;87,5,-2;89,-1,8;131,35,-25;139,3,-4;147,9,-7;155,-2,-1;157,13,-3;159,3,-3;207,30,-27;209,0,0;215,3,-3;217,1,-3;225,5,-1;233,0,-11;254,39,-24;271,-6,10;287,11,-13;295,11,-3;303,-1,-4;313,11,-6
rua||afonso pena|jacuecanga|23914512|18,-2299391,-4423985;21,14,-26;22,8,-12;36,-8,16;41,0,1;42,-8,-2;51,-2,13;62,-5,3;72,-3,5;81,-7,18;82,-7,-3;91,2,10;96,-13,-1;100,0,7;101,4,-2;116,-13,10;126,3,8;136,-16,8;146,3,8;160,-7,7
rua||airton nogueira pereira|verolme|23914380|1,-2299676,-4423952;29,-22,-92
rua||antonio carlos prio|santa rita do bracui|23943503|59,-2293819,-4440169;61,-2,19
rua||antonio carlos prio|santa rita do bracui|23943512|75,-2293823,-4440180
rua||antonio de paula|jacuecanga|23913390|4,-2298651,-4423404;5,-17,32;6,-10,9;7,2,13;9,-9,24;10,15,-41;11,-18,43;13,7,-11
rua||antonio de paula|morro do moreno|23914524|9,-2298684,-4423301;17,44,-4;18,-6,6;19,20,4
rua||antonio portugues|parque mambucaba|23955480|5,-2300550,-4452078;6,-28,-1;13,143,8;25,-256,-127;29,120,-498;33,27,-23;304,-128,536;401,25,25
rua||antonio portugues|parque mambucaba|23955560|5,-2300806,-4452483;6,8,-2;7,-2,6;9,56,-160;11,-21,65;13,28,-96;18,-20,65;20,-5,207;24,-10,-178;37,54,-116
rua||barra do pirai|divineia|23934515|1,-2297004,-4430131;2,-2,-5;3,1,-11;4,-3,-9;5,18,-122;6,-7,114;7,-8,-6;8,-8,-69;9,14,50;10,-1,12;11,4,-26;12,-1,14;13,2,-29;14,-7,13;15,9,-22;16,-2,16;17,2,-34;18,-2,26;19,4,-39;20,1,29;21,2,-33;22,-6,19;23,-4,-36;24,6,22;26,17,-22;27,0,0;28,-3,-62;29,5,62;30,3,5;32,-4,-26;34,6,-12;38,-1,-17;39,-9,-12;48,-22,-40;58,-71,-2;86,92,33;88,-6,0;92,-21,-40;93,-12,-11;95,8,26;96,-1,-21;97,-18,-34;98,38,69;99,-6,-15;100,-54,-7;101,28,-22;103,-3,5;114,-96,15;115,97,-1;453,-60,9;456,15,-6;457,-38,2;458,19,0
rua||benedito paes|parque mambucaba|23954100|2,-2301781,-4454393;9,-9,15;11,5,-18;17,20,-3
rua||benedito paes|parque mambucaba|23954103|20,-2301803,-4454342
rua||benedito perez|morro do perez|23904422|22,-2300200,-4431138;188,7,-36;191,4,-11;192,-6,14;193,-5,32;198,-4,-1;717,32,-56;719,-9,12;720,-20,48
rua||calcadao da praia|frade|23946105|166,-2296351,-4443487;246,-2,-8;258,-3,1;270,-8,-20;280,-18,-4;284,-21,-11;290,-1,-1;310,-27,-24;314,-13,0;348,-51,-31
rua||da paz|areal|23932070|5,-2297859,-4429467;6,-2,-17;11,-5,15;13,0,-37;15,10,87;17,-1,15;19,7,24;21,-2,-25;25,-9,-102;26,3,-16;31,0,85;35,-4,-61;38,-4,-2;39,8,24;41,3,-11;42,-3,178;47,5,-118;60,-13,-44;65,-13,230;75,23,-169;76,10,74;77,-9,-118;78,19,133;80,-15,-143;88,-12,23;92,-5,6;100,12,8;139,5,36;144,4,-3;154,-1,15;173,2,20;182,-13,1;191,7,2;203,6,32;242,-9,28;254,-10,18;256,1,-4;268,-1,11;280,-2,14;281,1,-8
rua||da paz|frade|23946315|8,-2295863,-4444133;9,7,19;21,-7,-155;22,38,135;23,-54,-9;26,61,-14;28,-19,2;39,-15,0;75,-25,13;78,35,-53;127,-27,-16;128,-6,15;177,5,-118;227,38,213;242,-5,4;431,-5,29;494,6,-7;604,-40,-60
rua||da paz|jacuecanga|23946315|10,-2299528,-4423957;11,146,-105;22,-139,99;27,42,-60;28,13,-13;32,-50,65;33,66,-95;42,-65,89;52,6,-14;62,7,-2;72,14,-6;86,-1,-28;126,19,-18;136,10,-5;146,2,-8;156,9,-9;196,28,-18;206,5,-5;296,66,62;316,14,17
rua||da pedreira|camorim pequeno|23912005|8,-2300459,-4427941;55,35,-21;335,-8,15
rua||da pedreira|camorim pequeno|23912025|123,-2300383,-4427970;125,-1,-9;127,17,-10
rua||da pedreira|camorim pequeno|23912490|126,-2300402,-4427977
rua||da pedreira|camorim|23907260|12,-2299221,-4426472;62,-45,-56;256,32,-3;315,-15,-7
rua||da pedreira|camorim|23912490|1,-2299566,-4426437;2,442,-232;3,-183,113;4,249,-140;7,-371,140;8,-132,121;11,168,-113;16,-158,96;25,-10,3;32,276,-108;37,-269,99;47,101,-153;50,-5,4;57,-81,139;58,94,-140;72,-81,129;105,437,-323;110,-348,287;158,176,-82;161,-283,128;165,84,-40;166,0,5;169,146,-121;206,-108,96;254,32,-11;256,156,9;259,-229,-75;261,-26,-22;262,241,82;287,-110,-21;289,1,3;291,25,-14;295,-59,28;296,46,-8;297,-59,22;301,-10,-6;303,92,-52;305,-87,54;307,86,-35;313,-178,100;324,183,-60;327,-3,-24;329,-102,-30;331,78,53;336,-135,60;344,174,-78;345,10,-11;351,14,-3;354,0,6;355,5,-3;359,25,31;360,-118,11;361,-73,-21;363,177,-5;366,-4,-4;368,36,18;379,-200,-1;380,-35,39;403,33,-67;408,203,-10;410,8,-6;415,-187,23;429,213,-29;435,-65,5;437,72,-17;510,35,-33;520,-209,73;649,112,-22;650,-5,-17;652,108,-15;653,-77,33;700,0,6;730,34,-17;760,43,-26;770,3,-9;780,-1,3;819,-9,-12;856,47,-126;860,-30,152;869,-13,9;870,13,10
rua||da pedreira|camorim|23912520|115,-2299290,-4426551;320,6,-5;366,18,9
rua||da pedreira|marinas|23907260|10,-2301180,-4429751;28,-26,8;42,-69,127;43,22,6;46,-8,29;48,-50,-53;49,49,-27;51,-33,67;53,19,-47;54,-18,39;55,6,-21;56,-28,19;58,-3,-18;59,0,2;60,8,6;61,-5,-5;62,119,-110;63,-95,107;64,-19,13;91,91,-100;121,-32,36;140,-34,75;142,27,-77;150,-10,93;169,13,-80;175,-4,10;178,-75,32;205,50,24;208,-2,-16;216,-39,-8;255,40,11;257,254,78;298,-201,-168;515,-9,5;516,-6,11;601,-8,26;604,-23,16;635,43,-87;636,2,1;648,-23,69;657,11,-30;658,9,-10;777,80,-64
rua||da pedreira|morro da boa vista|23952070|3,-2301615,-4452861;5,9,3;11,68,37
rua||da petrobras|garatucaia|23900050|1,-2302264,-4416747;2,-113,220;7,-19,4;14,112,-180;16,-83,168;17,18,19;18,40,-120;20,8,-22;21,-33,87;22,51,-105;25,-17,20;26,4,-11;27,-8,21;30,-26,74;31,28,-71
rua||da petrobras|monsuaba|23900050|1,-2302261,-4416681;2,0,-31
rua||da praia|bracui|23943000|26,-2295268,-4438630;28,5,-10;59,44,53
rua||da praia|praia vermelha|23968000|13,-2316128,-4435012;100,-49,125
rua||da praia|vila do abraao|23942296|8,-2314128,-4416711;13,18,-16;30,72,-35;32,-14,17;78,-122,199;285,-54,174;297,0,-12;333,1,-19;453,37,-121;515,22,-33;653,73,-136;661,-17,-18;759,85,-72;1155,-193,365
rua||da praia|vila historica de mambucaba|23951340|20,-2302638,-4451834;21,2,-5;22,2,-4;42,-6,-6;365,132,345;375,-10,-14;385,10,45;386,-12,-71;389,4,4;405,7,80;490,-21,-174;755,-134,-363;762,-3,16;780,5,59;785,-10,10;800,41,82;820,4,11;825,-14,-48;830,13,34;840,-12,-22;850,-2,-3;6520,113,265
rua||dalila teixeira pinheiro|jacuecanga|23914555|10,-2299381,-4423929;21,41,-60;31,-4,5;32,-5,2;42,-4,1;51,-2,17;52,-6,-1;61,-1,6;72,-1,8;75,0,4;82,-7,2;85,-1,6;92,-4,-3;105,-5,20;112,-8,-1;115,-1,6
rua||darci benedito pimenta|monsuaba|23916020|13,-2300941,-4422293;35,133,154;51,-171,-183;54,11,22;55,-2,-17;58,95,89;71,-85,-91;79,8,24;80,-4,-4;82,5,0;85,2,4;90,-3,0;95,4,11;99,8,-3;103,8,7;105,-10,4;106,6,-4;113,9,-1;114,-5,3;115,2,3;116,7,2;118,2,11;127,-3,-14;128,-1,5;129,-1,3;131,5,9;135,4,-7;151,7,10;157,10,-27;161,-9,15;165,-3,32;179,11,14;181,-24,-29;183,36,53;185,5,17;189,-13,-34;190,6,-24;200,-3,13;207,11,59;211,9,-45;213,0,1;225,-8,89;228,-2,-42;233,10,-8;235,-16,-35;241,3,5;251,14,39;257,-10,-29;259,-2,31;269,31,-8;271,-22,25;307,9,-18;331,-2,33
rua||das palmas|campo belo|23932635|21,-2298598,-4430019;22,5,4;24,7,-6;58,-27,3;140,-23,0;141,10,-11;142,5,7;143,11,6;144,21,-9;146,-38,6;147,51,0;148,-11,-10;150,20,-3;152,-34,12;153,28,24
rua||das palmas|jacuecanga|23914515|4,-2299482,-4423855;7,0,4;23,3,16;33,-7,-13;43,-1,-19;53,4,1;429,-10,45
rua||das palmeiras|bracui|23937000|3,-2294329,-4437451;4,1,-14;5,-2,-22;7,-6,-73
rua||das palmeiras|frade|23943503|19,-2295438,-4444418;20,4,16;40,8,8
rua||das palmeiras|frade|23946370|12,-2295460,-4444432;22,41,60;26,-54,-129;32,-25,-42;35,30,75;39,44,71;40,23,31;41,-93,-140;42,74,69;46,-22,15;47,-38,-118;48,82,-34;51,-69,91;55,12,-105;56,2,22;57,5,20;58,-27,5;71,35,12;72,-66,14;74,49,82;127,-31,-121
rua||das palmeiras|morro da caixa dagua|23900380|18,-2300474,-4431957;66,10,-6;80,-21,-12;82,-4,16;84,28,2;86,-2,8;93,22,27;94,-14,-25;95,-5,7;96,0,-1
rua||das pitangueiras|verolme|23914550|6,-2300053,-4423907;89,77,-190;90,-24,114;101,-37,59;102,1,-1;112,-19,17;194,31,-38;201,-8,23;202,-11,0;204,-1,-1;205,-10,30
rua||do pinho|gamboa do belem|23936000|47,-2295382,-4430328;268,-27,-40;454,-42,-2;470,37,4;482,-8,-6
rua||do pinho|gamboa do belem|23936040|1,-2295577,-4430473;10,-27,1;11,21,12;12,2,5;98,5,-7;99,8,11;100,8,0;101,-2,1;103,6,16;111,3,1;132,-19,5;133,39,14;135,-8,-2;140,0,-2;141,28,0;148,-17,7;193,39,17;365,-66,-36;394,-67,-113;395,9,9;396,-7,10;397,11,10;419,87,120;422,-38,-14;445,132,39;449,51,3;453,-87,-16;481,-76,-38;483,133,51
rua||do porto|frade|23946015|1,-2297119,-4444272;2,-4,16;3,-17,18;6,-75,143;8,22,-39;9,16,-34;10,15,-28;11,16,-34;21,-56,143;22,-5,11
rua||doce paraiso|verolme|23914065|5,-2299290,-4424215;42,-60,-36;52,61,32;53,-12,-19;54,16,-3;55,-20,-8;56,10,-1;57,-7,-3;58,2,-7;59,1,-4;60,2,-4;61,4,-8;62,-1,-3;64,-47,14;65,-1,17;67,0,13;68,1,-8;69,9,22;70,-10,-9;72,-4,11
rua||dos pinheiros|frade|23946085|20,-2296877,-4444017;58,481,429;67,-8,2;68,-1,-5;69,-9,2;104,-25,-11;115,-6,20;123,-393,-387;130,380,357;132,-5,-4;157,-11,0;159,-2,-12;161,-5,-5;163,-5,-8;168,12,17;185,-8,8;192,-3,-36;200,-5,0;213,-18,-26;220,-3,-3;221,11,-11;223,-9,2;224,1,-12;230,2,14;236,3,-5;238,-14,2;244,9,-1;251,-9,6;268,-10,-18;270,-12,-6;290,-22,3;300,-23,-8;314,10,-2;333,-49,-11;336,27,12;356,-5,-3;357,7,1;378,-26,-16;400,-17,-65;406,-23,49;420,7,-12;427,-12,11;428,7,-14;430,-5,-18;433,24,-14;434,-20,19;435,10,-25;436,-43,17;442,39,-15;482,-16,30;599,-121,-100;600,0,-13;611,6,-24;615,35,-23;621,-60,46;624,30,-24;628,-30,-4;641,-18,39;650,20,-34;654,-16,-39;665,3,29;667,-36,-1;673,37,5;691,-15,-40;695,14,24;696,-3,-24;700,-16,-31;715,7,43;717,0,-6;719,1,-6;728,-2,-8;729,-18,-33;730,-9,-6;736,6,-11;749,0,-4;930,9,24;932,-7,-9
rua||dos pinheiros|gamboa do bracui ii|23944030|2,-2293705,-4441310;6,30,-6;10,99,11;12,-6,-9;19,-106,0;22,122,23
rua||dos prazeres|nova angra|23933120|1,-2297623,-4428956;6,26,5;7,6,-3;8,-13,2;9,2,5;15,-13,2;19,-20,7;20,0,0;21,14,-7;22,6,1;23,-28,11;25,-17,7;26,8,-5;28,14,-4;33,-7,-4;43,55,-21;47,8,-1
rua||duas patrias|nova angra|23933055|2,-2297686,-4429484;3,4,19;4,35,-2;10,-23,60;12,19,-54;17,-37,-41;37,128,31;38,-96,7;39,101,-10;77,-5,6;92,-13,-1;97,-11,-1;99,11,14;101,-31,-11;106,18,-1;108,-11,-7;110,-26,2;112,-7,5;137,10,2;145,-3,5;151,-8,-8;163,-7,6;166,88,-12;185,-114,20;186,1,-11;188,-9,2;189,-16,-3;226,2,27;234,3,-9
rua||eloi pimenta|morro do carmo|23903110|74,-2300321,-4431237
rua||eloi pimenta|morro do perez|23903110|12,-2300319,-4431231;14,-39,8
rua||francisco de paula|jacuecanga|23914163|5,-2299297,-4423817;6,15,19;13,14,-24;15,-18,-29;17,5,-39;30,-5,30;45,-6,38;55,-3,-19;61,3,-11;66,5,-20;86,10,-17;485,-5,1
rua||ilha de paqueta|praia da ribeira|23937160|1,-2296598,-4430622;4,-22,-5;6,-2,3;8,-4,-16;10,0,0;12,-2,-8;14,-3,-4;16,0,-9;18,-6,5;19,11,39;20,-154,-86;21,155,79;22,-24,22;23,21,-33;24,-23,22;25,24,-26;26,-27,11;27,9,24;28,-17,8;29,12,-18;30,-18,11;31,89,-36;32,-95,31;33,22,-21;34,-20,7;35,41,-25;36,-25,3;37,24,-8;38,-27,8;39,24,-19;40,-24,8;41,24,-10;42,-11,0;43,-10,21;45,-2,-2;46,-19,10;47,20,-18;49,-4,-4;50,-20,12;51,-4,-2;52,1,3;53,-2,12;54,4,7;55,82,-6;56,-56,-5;58,26,-7;79,85,8;91,-7,9;191,-105,35;193,-2,-1;195,-7,1
rua||jose belmiro da paixao|balneario|23906260|53,-2300050,-4430521;68,-9,2;98,16,12;108,11,14;124,11,9;128,18,-2
rua||jose belmiro da paixao|parque das palmeiras|23906815|210,-2299988,-4430412;230,4,41;248,28,6;288,-14,32;308,25,3;314,-11,29;320,-1,10;358,7,27
rua||jose emilio pereira|village|23914361|5,-2299364,-4423577;11,-34,130;12,-52,-39;40,34,27;57,18,11;80,-50,-4;90,11,-3;1004,30,-81;1005,5,-5
rua||maria jose lucas peixoto|balneario|23906240|219,-2299796,-4430676;220,0,5
rua||maria jose lucas peixoto|balneario|23906445|33,-2299772,-4430701;69,40,-8;107,-45,90;137,19,25;247,28,-115;254,-56,55;255,-5,21;257,61,-81;258,-41,103;262,5,10
rua||maria jose lucas peixoto|parque das palmeiras|23906240|178,-2299734,-4430526;197,2,7;228,-2,17;233,40,1;234,-38,-10;237,-2,24;238,19,13;239,4,13;247,46,114;248,4,9;278,-74,-195;285,17,68;286,14,18;291,20,61;293,18,21;297,-42,-82;321,15,32;335,8,-6;347,-9,12;359,17,14;385,9,19;403,3,22;421,-2,15;433,11,7;434,16,34;435,3,24;438,0,-17;442,-19,-20;447,10,-8;454,6,12;459,-8,4;480,10,19
rua||martins pimenta|camorim|23912515|4,-2299400,-4426521;11,5,3;12,155,52;13,-36,-40;22,38,13;29,25,5;32,-32,19;38,19,24;40,-50,-73;43,80,26;53,-79,-41;58,94,49;62,-85,-44;64,-97,14;70,17,60;73,31,-40;80,-13,-8;86,-25,-2;94,163,18;99,-12,-22;105,-116,18;116,-28,17;119,44,-24;121,-13,22;128,-3,-8;139,29,-12;140,-18,15;144,34,-2;160,-112,-39;183,142,38;188,-6,0;190,158,356;205,-149,-345;251,-38,-10;312,-107,-32;439,71,29
rua||martins pimenta|camorim|23912520|150,-2299286,-4426467;158,39,-3
rua||milton basilio pereira|balneario|23906455|23,-2299727,-4430673;59,14,33;66,-4,-2;73,9,18;90,8,39;267,-14,-47;270,-10,-32;272,-9,-22;276,20,53;295,4,57;313,-12,-86;314,3,9;317,13,34
rua||milton basilio pereira|parque das palmeiras|23906455|50,-2299632,-4430450;172,-39,-84;184,33,76;195,-22,-61;219,8,10;220,-1,14;223,6,3;231,4,10;234,-10,-10;243,13,24;255,6,6;256,-5,-2;268,9,13;281,0,20;299,-38,-93;300,8,15;306,28,62;328,20,32;337,-2,-3;341,-9,13;342,13,11;343,8,5;400,23,66;403,-7,-5;412,17,18;442,-30,-42;443,12,9;444,11,21;446,7,12;450,-1,0;457,-31,-73;469,36,87
rua||noberto pereira|gamboa do bracui ii|23944040|3,-2293736,-4441355;4,9,-1;6,14,3;8,66,-2;10,40,-8;14,30,10;15,1,-2;18,-128,5;19,6,-1;21,15,-7;25,20,-5;28,36,1;35,24,7;55,16,-5;56,6,4
rua||ouro preto|nova angra|23933250|11,-2297378,-4429409;12,3,7;40,27,-22;41,-4,15;42,-16,2;44,-7,-4;45,3,-6;47,13,-1;49,5,13;61,7,-15;65,101,-21;66,20,-3;68,-22,2;70,-9,2;72,-82,24;79,6,-8;83,112,-26;89,-101,27;93,-7,4;94,16,-3;95,-31,2;99,30,-8;103,14,6;104,-7,-6;105,7,-5;107,-5,0;108,6,11;109,35,-12;111,-18,1;112,19,-3;114,-12,4;200,125,-22;204,-11,2;205,-13,4;208,-7,0;210,-19,3;235,4,0;240,-13,-2;242,-7,-2;244,0,3;245,43,-10;255,-3,19;265,10,-20;271,11,-1;281,3,10;291,8,-7
rua||palmira|nova angra|23933205|31,-2297107,-4429182;32,-5,5;36,13,-20;112,-22,83;114,-5,-4;116,-1,12;373,10,-55;375,0,8;378,-1,20;380,-4,-3;599,26,-100;690,9,17;691,-7,2;692,-2,11;694,5,-33;695,-11,20;696,-1,7;697,-5,16;835,-18,83;873,0,7
rua||pantanal|santa rita do bracui|23943580|11,-2293462,-4440150;14,21,0;17,-11,1;21,30,-7;112,6,5;116,-74,3;141,7,-2;149,7,-1;279,68,1
rua||paraiba|bracui|23937000|2,-2294912,-4438665;3,1713,11;6,-1928,-7;7,1683,11;9,14,-6;12,-55,1;13,-15,0;15,-305,-5;17,289,7;19,-795,-10;21,910,6;25,-589,5;27,466,-2;28,-68,-5;35,-130,-3;42,-559,6;44,-862,-4;48,1284,4;49,-7,-3;50,-15,1;51,-20,-8;55,-50,10;57,-2,-4;59,-16,4;63,-6,2;65,107,1;66,-1277,-14;67,1130,22;69,-26,-9;71,-45,0;72,3,2;75,-206,-8;76,634,-5;78,-22,1;79,-634,11;85,-22,0;86,273,-7;92,45,-4;95,-353,6;98,522,-1;102,-260,-3;103,-296,3;105,-9,5;106,191,-9;107,13,5;108,-27,-5;109,-19,10;110,3,-12;111,-319,11;112,209,-13;114,87,2;115,-198,-5;116,-18,11;118,305,-6;120,-1,7;122,-116,-6;126,-236,-4;127,-21,6;150,-84,-3;160,-59,-1;161,-28,11;163,-6,1;165,-11,0;166,-37,-11;167,27,9;169,-10,-2;170,11,-8;172,-30,11;175,15,2;183,424,-15;185,-529,14;187,-13,-1;189,-20,-3;192,-25,3;195,72,0;199,-173,3;204,-19,-13;205,-7,4;206,-8,-1;207,-3,1;208,-15,1;209,41,6;210,-44,-5;215,-45,-1;219,-18,1;221,-2,2;225,-16,-2;227,-24,-3;229,-10,1;231,-19,3;238,213,-8;240,-9,-1;260,-194,5;262,62,5;266,-13,-5;268,46,4;300,930,-5;325,-851,-3;328,683,0;531,44,10;722,-881,1;1206,894,-3;1549,-525,5
rua||paraiba|bracui|23943140|4,-2293180,-4438660;7,2,2;8,-24,-11;10,-70,4;11,22,-2;12,18,7;14,-14,7;19,-127,-18;22,-25,-29;24,83,34;28,-17,4;30,-11,0;32,-11,-2;34,-11,9;38,-33,-8;39,-15,2;44,-31,0;45,-9,-3;46,-11,1;47,-99,1;48,29,-3;54,-14,5;56,42,1;68,-79,-3;70,-17,1;74,-28,-6;220,-1295,2;223,-17,0;224,-15,0;226,-6,0;230,-9,2;236,-32,-3
rua||paraiso|ariro|23938000|14,-2289029,-4433395;15,0,3;16,14,2;18,45,8;19,-538,104;20,-1109,129;22,390,-2;30,1349,-178;53,-1116,169;54,948,-223;73,-555,200;77,2,-6;107,137,-42;111,7,-8;468,13,-30;500,-8,-8;501,0,-2;502,18,-19;503,-9,52;505,55,-42;507,96,-66;516,234,-36;1802,-10,2;1820,-12,4
rua||paraiso|parque mambucaba|23954410|12,-2300566,-4454063;13,0,10;14,-2,6;16,6,3;17,5,4;18,4,8;19,9,2;20,-6,4;21,8,-3;22,0,9;23,-1,-2;24,7,9;25,2,-3;26,1,11;27,20,15;28,-12,-3;29,1,-7;33,39,50;37,5,7;39,15,18;45,15,10;47,9,20
rua||paraiso|parque mambucaba|23954415|30,-2300499,-4453963;32,9,8;34,8,11;36,2,6;38,-2,3;40,10,12;42,10,5
rua||parana|bracui|23937000|7,-2294239,-4438515;8,16,-102;9,-1,5;15,5,66;17,1,19;19,-2,11
rua||parana|bracui|23955010|5,-2294276,-4438529;11,-14,9;12,71,-43;17,-118,46;18,115,-39;20,0,13;21,-136,21;485,25,100;498,36,-95;6440,41,-13;6460,-1,3
rua||paraty|divineia|23934500|3,-2296803,-4430234;4,-23,-58;5,4,30;6,18,12;7,37,2;8,-40,-40;9,82,112;10,9,21;11,64,18;12,90,56;13,-105,-50;14,18,10;15,-117,-103;22,-26,13;23,-19,27;25,21,-87;26,19,32;28,-41,-13;34,5,-6;39,77,17;40,43,0;67,-122,-44;68,5,-15;69,38,1;120,82,103;121,-20,-20;122,-4,-2;123,4,10;125,-26,10;126,-56,23;127,5,-17;128,17,-21;129,4,19;130,6,21;131,-59,-4;133,45,-135;134,-48,141;135,40,-126;136,-3,-20;138,94,102;140,-53,-3;142,2,-92;143,16,3;145,1,-2;149,-31,31;150,-59,72;152,82,-41;159,56,46;172,-44,-44;174,81,71;175,-74,-60;181,31,18;182,0,3;184,-2,1;186,-7,43;187,32,-15;190,-68,-59;192,43,28;194,-20,79;220,161,13;365,-118,-65;368,3,6;369,4,4;562,-140,-163;599,137,162;600,6,6;601,8,10;602,85,87;603,-72,-101;605,-5,19;607,31,27;608,11,8;610,1,-3;611,17,10;612,-35,-28;613,47,45;615,-26,-25;616,65,52;617,7,9;622,30,64;710,-104,-144;714,0,7;720,-14,-46;752,34,65;919,63,78;920,10,10;970,-14,-19
rua||paraty|japuiba|23934500|30,-2296731,-4430254;31,-2,3
rua||para|bracui|23937000|6,-2294085,-4438508;13,-11,65;18,17,-116;24,-8,103;27,3,-10;28,-5,-13;29,3,-20;30,-3,-3;33,4,6;35,5,-30;36,1,-5;37,0,-4;38,0,-10;39,-3,0
rua||pau a pino|gamboa do belem|23936000|6,-2295587,-4430098;11,4,67;12,18,2;14,-7,-16;70,-9,-11;72,7,-9
rua||pau a pino|gamboa do belem|23936090|90,-2295582,-4430109;97,-1,6;100,0,-10
rua||peninsula|frade|23946017|9,-2297005,-4444019;10,6,16;11,18,8;12,3,9;13,7,21;14,1,13;15,15,11;16,11,5
rua||pereira peixoto|centro|23900440|8,-2300794,-4431908;39,10,-6;43,10,-3;44,-2,1;48,4,-8;53,-3,10;64,14,-16;65,-4,1;67,25,-5;68,-16,-1;70,-5,-2;73,-7,0;98,-49,63;102,-3,0;105,-10,-4;106,11,8;112,-13,-16;116,-6,7;122,-1,1;130,-5,12;134,-1,2;146,-19,8
rua||pernambuco|bracui|23937000|8,-2293168,-4438578;10,-7,-14;14,16,44;20,22,44;24,12,25;26,-5,-8;420,-7,-53
rua||pernambuco|bracui|23955190|6,-2293164,-4438554;7,2,-13;9,-1,8;11,-1,3;15,22,51;17,-10,-24;21,12,33;25,12,20
rua||peroba|monsuaba|23900050|13,-2302079,-4416648
rua||petropolis|verolme|23914400|1,-2299669,-4423805;2,2,-2;3,1,7;4,-7,-17;5,-3,5;6,0,0;12,-2,-2;14,8,3;15,-3,21;16,1,-8;17,4,18;20,8,18;31,1,-27;39,-4,5;51,4,10;57,-9,-11;59,11,19;67,2,6;75,3,16;83,4,11;84,-10,-14;85,7,17
rua||piaui|bracui|23937000|1,-2294423,-4438647;2,0,38;26,3,104;28,-7,15
rua||piaui|bracui|23943000|1,-2294428,-4438799;10,7,106;12,-5,0;35,10,-12;55,-23,-22;56,13,-8;71,-3,-19;92,2,50;423,-1,-35
rua||piaui|bracui|23943140|85,-2294424,-4438569;86,7,7;87,-3,8
rua||pirai|encruzo da enseada|23931435|2,-2298717,-4430642;3,51,36;7,-146,-69;8,-11,-36;10,133,104;11,-16,-15;12,-1,6;14,-61,-42;15,-79,-25;16,63,18;27,113,60;29,-3,4;32,-32,-27;33,-28,-13;35,-13,-12;39,-32,-9;40,7,2;41,-28,-8;42,1,-6;44,-48,-14;45,30,15;46,66,33;48,-106,-48;50,54,20;91,-65,-18;93,-3,-4;167,190,106;275,17,-17;299,8,8;305,9,4;549,-43,-28;550,-9,-6;555,1,8
rua||piratini|verolme|23914365|30,-2299633,-4423780;35,10,-4;41,0,9;51,7,7;61,0,11;71,19,-2;79,-15,15;83,-3,-6
rua||piripiri|nova angra|23933240|1,-2297160,-4429228;2,-6,1;3,9,10;4,-6,16;5,2,-11;27,-6,49;29,-1,11;31,-3,8;37,6,-39;38,1,8;39,-3,1;62,1,-1;63,2,-10;65,-3,16;66,-4,10;68,-2,-16;69,-2,38;72,0,-19;82,-1,24;90,1,2;99,4,-2;100,0,9;102,-4,-12;580,11,-95
rua||portela|banqueta|23933600|10,-2296766,-4427629;20,-37,13;108,22,-8;230,86,-133
rua||portogalo|portogalo|23917010|42,-2303509,-4419686;45,43,-19;48,33,-14
rua||portugal|frade|23946200|1,-2296375,-4443945;2,-7,15;3,4,-9;4,10,-13;5,-10,7;6,23,8;7,12,-36;10,-26,24;12,11,7;13,-5,-17;14,193,-172;15,215,-182;18,-379,330;19,388,-329;20,-418,351;21,14,-8;22,400,-393;24,-39,64;25,-269,241;26,-83,77;29,127,-122;30,-2,8;31,5,-2;33,48,-45;37,192,-147;39,-135,95;40,-280,256;41,288,-275;42,-5,3;48,126,-88;50,3,-7;51,25,-41;57,-424,397;58,432,-384;67,-58,13;74,-358,357;82,11,3;86,-2,-10;88,5,-7;92,1,2;96,223,-222;121,-172,167;127,-34,29;129,5,12;132,-7,-24;133,11,12;141,1,-3;147,1,-2;148,0,-4;151,210,-203;152,-201,195;157,0,13;159,4,-15;162,6,7;167,-2,-8;172,-5,4;176,28,-35;178,5,-6;179,-17,23;180,-1,5;190,9,-5;191,2,-7;192,2,-1;198,2,-1;218,11,-8;236,13,-14;240,-1,-5;242,-1,0;244,2,0;253,6,-5;254,6,-4;274,136,-122;281,-122,104;288,-2,8;298,-5,20;308,28,-44;311,6,-9;321,-45,32;333,47,-41;338,17,-6;340,-27,25;341,37,-26;344,-26,17;345,30,-17;346,6,-5;367,-16,6;369,12,-12;370,-18,21;374,15,-26;380,0,10;383,2,-17;385,21,-24;388,-10,31;396,-15,2;404,20,-15;419,2,-27;420,2,20;436,15,-14;452,10,-6;467,5,-5;469,150,-152;471,-129,127;474,-16,16;482,13,-7;486,3,-11;491,0,-7;496,25,-9;498,-18,15;499,3,-5;500,9,12;501,7,-11;502,0,-15;508,-10,8;510,21,-22;518,21,-15;519,-28,29;523,-1,-9;524,2,-1;525,7,-8;527,20,-31;535,-5,19;542,-76,77;544,53,-55;552,14,-12;580,16,-22;583,0,1;587,7,-11;591,1,5;603,19,-5;604,-9,-14;605,-2,-8;609,-29,16;621,33,-4;622,25,31;627,-16,-34;642,6,-24;646,-10,-1;648,17,-1;651,9,2;660,-21,12;670,40,-32;676,8,35;690,-22,-16;691,10,-10;698,8,-5;714,16,-24
rua||principal do condominio portogalo|portogalo|23900010|37,-2303738,-4419615;38,52,-18;88,64,74
rua||principal do condominio portogalo|portogalo|23917010|1,-2303692,-4420342;6,158,284;21,-144,6;34,-101,506;36,18,-67;39,161,-119;40,-126,252;41,180,-488;42,-13,-13;43,-12,-6;44,-26,-14;45,-20,-4;46,-15,-13;47,-20,2;48,6,-14
rua||principal|bracui|23943283|3,-2292901,-4438233;4,-16,-10;5,-1,-5;8,5,30;10,4,-8;13,82,26;21,-85,-34;500,236,81
rua||projetada|bracuhy|23943150|3,-2293074,-4438835
rua||projetada|bracui|23913420|2,-2293100,-4438813;3,-344,-147;4,610,361;5,-574,-471;6,-84,107;7,52,-36;13,601,375;14,-579,-419;17,-25,62;18,-3,-28;22,610,369;55,-621,-412;56,1,2;62,90,-7;67,588,810;77,-593,-813
rua||projetada|garatucaia|23900050|1,-2302501,-4416751;2,-18,-16;3,-49,-64;4,-8,84;5,53,-44;6,19,-23;7,-3,152;8,-8,-169;9,-19,15;10,36,17;11,53,-30;12,-101,-90;13,-71,29;15,134,126;16,-81,-125;23,-8,28;24,47,277;25,-12,0;27,-158,-170;28,118,-89;29,3,260;30,103,-286;33,20,72;35,-228,143;37,26,-68;38,-12,121;40,-19,13;41,-17,23;42,4,-9;43,-14,-3;48,35,-17;49,-12,-350;61,211,191;96,-103,-19;100,34,-16;103,-66,194;104,60,-338;105,-64,341;107,50,21;109,3,-134;110,-14,-151;113,170,170;115,-136,133;117,24,-31;119,4,-10;124,114,-51;125,3,-2;126,2,-27;130,-191,-108;142,-49,-32;144,15,14;146,0,2;148,32,18;160,55,3;168,7,-28;170,-83,13
rua||projetada|ponta dos ubas|23913420|1,-2295866,-4431200;2,-4,-20;3,7,9;4,-29,-24;9,-22,-24;10,-9,-3;11,-13,-22;12,24,-4;13,18,38;14,7,14;17,-10,-8;20,48,3;65,47,122;487,12,8
rua||projetada|pontal|23913420|7,-2295751,-4431136
rua||projetada|santa rita do bracui|23943529|5,-2293717,-4440493;6,-5,-5
rua||projetada|santa rita do bracui|23943535|26,-2293469,-4440328;93,5,4;94,1,-9;96,-5,4
rua||projetada|serra dagua|23936130|2,-2288782,-4427810;3,29,-35;13,-57,57;29,12,-11;34,22,-17;64,43,-34
rua||projetada|serra dagua|23938000|3,-2288770,-4427847;4,-4,19;6,-179,-116;31,153,143;33,-3,4;41,40,-58;60,32,-1;61,-53,11;63,-4,33;101,57,-57;106,-84,83
rua||projetada|sertao de mambucaba|23954415|5,-2300023,-4453949;6,2,-13;7,15,-4;20,85,-107
rua||projetada|village|23913420|11,-2299444,-4423482;12,-6,-3;13,-13,0
rua||provera|banqueta|23932125|15,-2296529,-4426659;121,-15,69
rua||p|parque das palmeiras|23906410|525,-2299447,-4430356;527,10,-24
rua||p|parque das palmeiras|23915080|525,-2299424,-4430345;527,-11,-69;528,-6,3;529,2,0;533,18,-40;535,27,-14;536,-20,9;537,-3,13;538,-7,12;540,1,58
rua||p|vila da petrobras|23915080|5,-2300267,-4423088;7,11,7;9,5,3;11,16,9;13,6,5;15,9,6;17,11,7;19,0,0;21,21,22;23,10,3;25,10,12;27,13,9;29,8,7;31,6,9;33,12,7;35,11,6;36,-69,-46;37,77,50;38,-68,-46;39,72,58;40,-62,-45;41,72,53;42,-73,-27;43,79,30;44,-58,-35;45,71,50;46,-62,-42;47,67,45;48,-54,-36;50,7,3;52,14,15;54,11,8;56,3,11;58,9,0
rua||raul pompeia|centro|23900415|38,-2300773,-4431788
rua||raul pompeia|centro|23900425|90,-2300713,-4431790;100,-9,-34;126,-49,11
rua||recanto dos passaros|parque mambucaba|23955505|18,-2300845,-4452683;27,51,61;28,-11,-9;32,-14,-20;34,-13,-14;451,36,43
rua||recanto dos passaros|parque mambucaba|23955555|7,-2300872,-4452710
rua||recanto dos passaros|parque mambucaba|23955560|1,-2300880,-4452719;2,15,10;4,37,35;5,-27,-23;7,17,25;16,50,47;25,-54,-59;48,35,37;55,12,23;56,-3,-14;250,-26,-24
rua||sonia maria carneiro pedro|camorim|23912430|4,-2300119,-4426404;20,12,-2;36,7,1;42,22,1;50,-1,9;81,31,5;82,-1,-3;96,7,7;97,7,-3
rua||vital afonso da paixao|serra dagua|23938000|16,-2289003,-4427874;28,5,-9;30,7,-11;34,9,-19
travessa|sao|paulo|parque mambucaba|23955563|1,-2300368,-4452880;5,50,7;11,45,-39;13,5,-2;14,-11,10
travessa|sao|pedro|parque mambucaba|23954370|15,-2300675,-4453948;17,9,10
travessa||ana paula|parque mambucaba|23953080|5,-2301952,-4454411;23,-28,-25;28,43,40;53,-17,-7
travessa||antonio pereira|parque mambucaba|23953340|2,-2300622,-4452443;4,2,5;6,12,8;7,10,7;8,-4,-3;9,-4,-5
travessa||antonio portugues|parque mambucaba|23955480|5,-2300538,-4452993;10,-133,595;12,168,-639;14,3,11;18,-9,14;20,-3,8;42,-63,87;51,12,-29;55,-10,26;57,1,-7
travessa||antonio portugues|parque mambucaba|23955560|10,-2300549,-4452970
travessa||barra do pirai|divineia|23934515|2,-2296942,-4430289;4,4,3;21,48,-1;25,-15,5;26,-14,-6;31,1,-1;44,-6,5
travessa||bela paisagem|parque mambucaba|23955180|6,-2301077,-4453285;7,-5,-8;21,29,24;25,0,1;26,-15,-11;27,9,-3;28,8,-7;29,-24,1;31,-3,-3;34,31,28;45,13,22;48,59,8;99,-91,-57;110,-21,-9;440,47,42;488,-20,-8
travessa||bom pastor|parque mambucaba|23953403|3,-2302067,-4453952;6,11,-2;7,-2,-1;72,-14,18
travessa||da paz|bracui|23943150|5,-2292941,-4439332;7,10,-1;8,-1,-9;10,-19,-23;11,2,7
travessa||da paz|frade|23946325|1,-2295772,-4443978;4,10,-29;5,-16,-58;6,12,31;8,-47,-61;15,27,57;50,20,-22;55,-42,-11;70,51,73;255,-50,-72;289,6,10;290,19,18;306,-13,-2;307,7,2;344,4,5;351,12,5;368,21,12;377,-61,-61;657,3,15
travessa||da paz|parque mambucaba|23954080|18,-2302011,-4454396;26,6,9
travessa||da paz|parque mambucaba|23954345|3,-2300386,-4452679;4,18,-18;5,-1,-3;6,1,4;7,-2,0;10,-13,14;11,-2,5;19,-792,-700;20,794,702;21,14,-11;24,3,-11;28,-818,-683;29,7,-5;31,-6,-5;47,-5,-7;59,-8,-5
travessa||dos passaros|parque mambucaba|23954070|3,-2301266,-4453967;6,-10,-11;201,3,0
travessa||dos pinheiros|frade|23946125|4,-2296482,-4443622;5,-90,-31;35,23,-19;45,-9,8;82,-29,19;89,1,6;278,25,-24;279,3,-17;359,-1,6
travessa||dos pinheiros|parque mambucaba|23954252|10,-2301546,-4453522;20,2,0;30,11,9;38,5,7;42,-2,4;52,8,8;62,4,4;63,1,-7;73,1,13;74,2,0;83,10,6;93,2,8;96,0,2;103,6,6;104,-4,-2;108,6,7;116,1,-5
travessa||dos pontes|parque mambucaba|23955195|2,-2301138,-4453092;3,5,11;4,7,5;5,6,12;6,9,13;8,5,10;9,0,-10;10,-2,1;11,2,3;12,-9,-9;20,15,17;23,4,8;26,-40,-55
travessa||joao pessoa|parque mambucaba|23953120|6,-2301733,-4453434;27,19,26;32,0,-2;36,-18,-21;41,11,20;46,3,-8;55,-13,-12;60,2,-2;68,-10,-6;69,-1,-1;75,-3,-8;80,3,6;83,-11,-5;97,-5,-5;100,10,-6;107,-12,2;117,9,4;129,8,-7;1481,5,-9
travessa||joao ribeiro pereira|parque mambucaba|23954055|25,-2301238,-4454172;30,9,10;38,-12,-9;62,-4,-5;86,-31,-30;122,-14,-38
travessa||joao ribeiro pereira|parque mambucaba|23954095|35,-2301238,-4454166;51,-11,-13;65,-4,-11;77,-14,-21;89,1,3;113,-17,-11
travessa||jose pereira|ariro|23941000|7,-2288993,-4433539
travessa||jose pereira|parque mambucaba|23954465|8,-2302013,-4454323;9,0,-16;10,-3,6;12,-10,-9;15,-4,-18;16,-5,3;18,-7,-6;19,5,-5;20,-17,-7
travessa||martins pimenta|camorim|23912515|26,-2299387,-4426500;33,-11,20;37,-6,-2;52,35,-19;69,-30,13
travessa||martins pimenta|camorim|23912520|6,-2299294,-4426460;10,3,-2;16,5,-1;25,-103,-23;39,129,39;43,-100,-36;52,-1,0;58,-37,39;62,9,-11;64,66,-36;70,-24,27;71,16,-55;78,68,84;86,-98,-62;134,30,-30;164,56,69;185,6,4;188,27,-18;201,-149,14;238,31,-12;318,32,-78;377,-42,72
travessa||miguel pereira|parque mambucaba|23955443|1,-2300603,-4453479;3,-12,-19;8,14,21
travessa||ozias pires|morro do carmo|23903165|5,-2300469,-4431678;6,0,-6;8,-4,8;101,-47,30;102,28,-24;114,-36,12
travessa||pacheco|parque mambucaba|23955240|5,-2300303,-4453609;6,-8,-7;7,17,13;8,-12,-10;10,21,10;12,-12,2;140,-24,-32
travessa||paladar|parque mambucaba|23955563|20,-2300288,-4452897
travessa||palmares|parque mambucaba|23955378|6,-2300322,-4453536;10,9,-10;13,18,-12;20,-10,-2;24,-8,9
travessa||palmeiras|parque mambucaba|23954475|1,-2301773,-4454169;5,7,1;6,-6,2;22,5,-1
travessa||pantanal|parque mambucaba|23954415|15,-2300526,-4453824;17,-4,-3
travessa||pantanal|parque mambucaba|23954425|7,-2300585,-4453881;14,22,19;18,2,-1;22,15,23;24,7,14;28,-51,-52;32,17,7;42,12,21
travessa||papucaia|parque mambucaba|23955480|9,-2300561,-4453173;14,14,-3
travessa||paraty|santa rita do bracui|23943526|2,-2293638,-4440414;17,9,8;26,-3,-18;32,-25,39;333,12,-37;334,0,2
travessa||paredao|parque mambucaba|23953190|86,-2301703,-4453086;102,2,17;203,4,21
travessa||patrimonio|parque mambucaba|23955379|2,-2300859,-4453150;7,-7,-6;28,-12,-12;30,-2,-4;38,11,15;103,-10,-15;107,0,0
travessa||pedro paulo|parque mambucaba|23954450|3,-2300383,-4454135;8,-3,-11;37,10,21;38,-1,2;40,-10,-14;65,6,6;73,-18,-13;74,36,26
travessa||pepita|parque mambucaba|23955503|1,-2300563,-4453000;4,1,6;6,-12,-16;7,3,6;8,-3,-8;10,8,13
travessa||pernambuco|parque mambucaba|23955190|2,-2301066,-4453218;5,9,3;6,-26,-20;7,5,20;9,-32,-41;12,23,26;13,-4,-12;15,-2,-3;16,-1,3;17,-3,-1;18,-3,-26;22,-6,-1;88,30,39;300,13,24
travessa||petrobras|garatucaia|23900050|1,-2302385,-4416524;8,-1,0;12,-22,-4;14,-6,-2;15,-3,0
travessa||piaui|bracui|23935100|15,-2294338,-4438865;16,5,0;19,-30,-7
travessa||piquiri|parque mambucaba|23955360|1,-2300943,-4453040;2,-3,6;3,2,-6;5,-3,-5;17,-7,-8
travessa||planaltina|parque mambucaba|23953240|11,-2301807,-4453139;12,-2,3;21,20,-26;23,0,2;31,-11,-5;43,-1,14;56,-24,0;60,-5,0;72,21,-5;76,0,9;82,1,6
travessa||portugal|frade|23946140|129,-2296369,-4444036
travessa||projetada|parque mambucaba|23954100|1,-2301724,-4454419;3,-3,-2;5,23,15;8,-15,-10;9,-3,-2;10,15,16;13,1,-23;17,-23,2;18,-1,1;19,-1,-2
travessa||rio das pedras|parque mambucaba|23955155|7,-2300968,-4453174;8,20,25;9,-21,-29;10,-10,-15;11,17,25;12,-15,-20;13,16,28;16,-5,-8;18,-1,-5;20,15,21;22,0,0;24,8,7;26,-2,11
