alameda||gondarem|vila pauline|26172130|2,-2273042,-4336913;3,-12,-7
alameda||gondarem|vila pauline|26172145|1,-2273049,-4336920;2,10,8;3,6,4;4,6,0
alameda||guanabara|parque dos ferreiras|26183600|20,-2272138,-4333651;21,-3,20;23,-44,-39;30,15,19;35,-8,-10;37,56,37;61,41,-23;62,0,8;63,-17,3;64,5,1;72,-87,-23;122,1,-2;197,34,20;220,-2,19;230,13,6;271,44,-18;396,18,-32;1000,2,17;4405,-30,23;4430,-24,4
avenida|almirante|augusto pena gotto|barro vermelho|26110670|8,-2274262,-4337614;9,-16,16;10,5,-6;22,-33,107;40,33,-105;82,-11,25;91,6,-16;103,-31,83;105,5,-8;111,6,-10;131,2,-16;300,-8,38;411,-6,27
avenida|tenente|armindo leal goncalves|sargento roncalle|26178400|59,-2271718,-4337488;67,25,-18;73,20,-19;79,21,-14;87,25,-15;93,22,-15;99,20,-18;105,25,-24;111,15,-29;117,21,-19;123,11,-21
avenida|tenente|armindo leal goncalves|sargento roncalli|26178400|8,-2271801,-4337229;14,16,-18;20,20,-35;21,-8,-46;28,42,15;29,-37,-34;34,29,2;35,-29,-28;40,14,-7;41,0,-24;46,9,19;47,3,-42;50,11,22;60,19,-53;68,16,-24;74,103,-30;80,-39,3;86,26,-10;92,22,-28;98,16,-22;101,-19,25;102,66,-83;103,245,-296;104,-2,-5;106,-265,324;112,34,-11;118,20,-15;124,12,-17;130,12,-23;131,-18,-36;136,37,17;137,-43,-48;142,54,23;143,-16,-41;146,32,22;149,-29,-41;152,38,21;155,-7,-45;160,44,14;161,-30,-33;166,45,14;167,-48,-21;172,60,-5;176,17,-21;179,-32,-21;180,43,-9;185,-27,-20;186,50,3;191,-39,-22;197,21,-14;201,31,19;202,16,-15;203,-23,10;205,-3,-32;302,17,29;303,6,6;304,-11,-3
avenida|vereador|albertino guedes|das gracas|26113325|5,-2275911,-4339333;7,-6,-1;8,7,-11;15,15,47;16,-5,3;23,-11,-14;24,-1,-6;31,-2,6;32,-4,-3;39,-5,10;40,1,-5;47,-15,-7;48,8,14;55,-2,7;56,-5,0;63,0,0;64,-2,0;71,-7,12;72,-1,-6;79,-24,-3;80,1,-10;87,-6,12;88,19,16;95,-23,-11;96,3,-1;104,-4,-2
avenida|vereador|albertino guedes|das gracas|26113330|2,-2275931,-4339834;3,24,474;6,-138,-668;7,204,764;8,14,15;10,106,98;15,-121,-112;16,-37,-181;18,-165,-572;20,39,269;22,13,80;23,76,274;24,17,28;25,-63,-106;26,18,16;28,-7,21;31,86,192;32,142,-247;34,-310,-544;39,356,405;40,-158,406;47,-39,-11;48,5,-31;54,-177,-755;56,169,785;64,21,-43;96,-170,-698;104,-1,36;110,-20,-12;120,19,1;126,-2,1;138,9,17;141,9,-1;148,-10,20;155,16,-3;164,3,33;169,-2,-23;177,2,9;178,-9,8;179,6,-4;188,-5,16;191,9,-5;195,5,4;201,-5,9;206,7,3;207,-10,15;235,-10,17;245,19,9;250,-17,-2;254,11,7;256,215,-81;257,-218,98;273,7,11;274,-19,-13;279,21,12;300,-13,39;350,-84,-4;485,127,253;625,-3,-14;627,-5,-2;665,74,155;708,-154,-680;811,177,708;925,-102,-204;958,203,331;1200,3,-68;1224,-230,-541;1623,283,671;1625,2,7
avenida||da gloria|belford roxo|26155120|2,-2272182,-4339910;4,18,0;5,-30,4;7,13,-29;8,12,7;18,148,-253;20,-5,7;21,94,-141;23,-72,109;24,64,-89;29,-76,107;40,138,-213;49,-145,223;55,9,-19;65,27,-34;71,33,-49;100,14,-24;109,74,-91;111,6,-36;113,10,-9;114,-85,167;115,10,-23;116,14,-6;117,-13,-12;119,12,-28;121,39,-44;122,-20,31;125,15,-25;129,33,-52;133,-11,13;139,6,-3;362,-105,160;544,-40,51
avenida||da gloria|nova aurora|26155120|10,-2272160,-4339974;23,33,-42;26,-12,17;27,75,-106;29,19,-18;31,7,-5;32,14,-28;34,-12,9;35,48,-56;36,-12,13;37,17,6;40,4,-45;44,-24,41;56,-10,16;57,5,-7;104,44,-65
avenida||elza m goncalves|sao bernardo|26112250|10,-2273072,-4338680;12,-62,43;13,61,-46;143,-51,24;149,15,2;153,5,-4;167,3,-5;257,40,-20;259,12,-11;400,24,-15;486,52,-27
avenida||elza m goncalves|sao bernardo|26165250|33,-2272996,-4338749;39,-55,35;69,134,-60;118,-205,101;122,10,-1;134,3,5;185,16,-30;207,5,1;306,217,-96;346,-14,4;373,11,-9;381,-194,97;431,61,-43;620,138,-60;873,-59,41
beco||carlos garcia|bom pastor|26113211|2,-2275955,-4337838;3,-17,15;4,-2,-4;58,16,-7;59,-34,-13;60,16,22;61,27,-17;84,-29,26;85,5,-8
caminho||da gloria|nova aurora|26155125|5,-2271635,-4340874;6,5,-8;9,17,-76;10,-7,14;525,-10,172;535,-18,38;551,-6,20;553,-12,15;555,-5,-1;561,17,-15;565,-20,24;591,-10,2;593,-25,36;595,17,-18;597,-10,7;598,13,-9;701,-52,62;711,0,17;721,0,18;761,-15,43
caminho||da gloria|shangrila|26155125|36,-2271642,-4340757;71,-113,215;147,187,-524;149,6,18;159,5,-2;160,-21,29;161,40,-4;164,-43,14;165,-4,4;175,19,-82;185,-22,-18;188,1,8;540,-70,362;550,-4,12;556,-7,7;560,-9,18;570,-4,5;640,-30,37;650,-5,11;660,-6,2;670,-8,8;687,60,-84;722,-82,131;740,-9,20;750,1,16;780,-6,41;790,15,-24;800,-29,27
estrada||de mato grosso|miguel couto|26160265|234,-2270022,-4341105
estrada||geral|centro|26112080|1,-2275952,-4340464;2,-11,5;3,5,-5;4,1,2;6,99,-110;7,-4,13;9,23,-11;10,42,-51;11,-101,84;12,96,-75;13,-104,88;14,89,-81;15,-67,58;16,63,-50;17,49,-15;18,-157,121;19,132,-119;20,-152,139;21,110,-104;22,-46,42;23,109,-82;24,-155,124;25,195,-158;26,-186,150;27,88,-70;30,46,-60;31,11,-2;35,52,-22;37,-77,67;81,56,-63;100,-177,143;137,-13,14;190,25,-16;191,-2,3;193,10,5;231,68,-79;1627,-127,130
estrada||geral|sublime|26112080|66,-2275735,-4340634;68,4,-17;173,-159,123;174,15,-8;175,9,-12;176,-16,22;177,13,-31;180,31,-11;182,3,-5;194,-59,52;196,-10,-4;198,2,6;224,28,-21;274,19,-24;284,39,-31;294,2,-1;305,17,-11;307,12,-10;590,44,-38
estrada||mato grosso|miguel couto|26157263|11,-2270026,-4341062;12,-3,-3;13,-33,-28;17,-46,-34;18,-26,-37;19,-3,-2;20,0,0;21,5,8
rua|barao|de gotegipe|shangrila|26127330|4,-2272252,-4342321;6,-5,2
rua|barao|de gotegipe|shangrila|26127340|2,-2272260,-4342326;3,-53,18;4,22,-9;5,-78,25;6,-120,46;12,288,-97;13,28,-14;14,-250,91;15,-4,-4;20,48,-18;22,165,-52;24,-206,67;30,-34,7;116,17,-7;118,-1,7;600,-71,25;643,374,-133
rua|doutor|guimaraes|itaipu|26143480|2,-2272461,-4342444;4,33,-15;5,4,3;6,11,-8;8,11,2;9,-8,0;12,50,-20;13,-5,-2;14,35,-9;15,15,0;16,7,-7;17,20,-9;18,14,-3;20,-12,-2;21,-25,13;22,3,-3;24,-20,11;25,-6,-5;26,-10,12;27,-10,1;30,-30,12;32,-14,-6;34,3,1;35,-37,25;36,2,-5
rua|irmaos|guimaraes|parque das flores|26173020|5,-2273154,-4336095;7,-33,39;8,41,4;11,-84,63;19,7,-15;28,-8,1;42,56,-73;43,11,-12;75,-13,28;118,-53,78
rua|nossa senhora|da gloria|parque amorim|26185124|4,-2270502,-4333554;5,0,8;6,0,14;15,-8,-2;16,8,-4;17,-3,-15;18,1,-7
rua|professor|gastao|heliopolis|26123130|6,-2273990,-4341297;19,-2,8;30,23,-48;31,-27,47;43,-4,16;66,11,-18;76,3,-12;77,-2,0;81,3,-14;87,-2,-3;97,7,-8;108,10,-21;200,-42,120
rua|sao|genario|vila pauline|26196080|4,-2274081,-4335874;11,-61,37;12,-11,8;18,-48,40;47,75,-15;56,-128,67;261,138,-110
rua|sargento|jose lara guimaraes|sargento roncalle|26178473|40,-2272085,-4338091;44,6,-5
rua|tenente|mario goncalves|parque sao vicente|26178563|62,-2272160,-4337858
rua||ana maria guida|miguel couto|26157579|1108,-2270940,-4342542;1110,-2,-22;1112,-2,-23;1118,-9,-65;1119,-6,3;1121,0,-14;1123,-11,-23;1124,0,-11;1125,8,-2;1129,13,-52;1130,-34,-1;1132,-9,-18;1133,8,-9;1134,-5,-13;1168,53,223;1178,-20,-111;1180,-13,-19;1181,4,-6;1186,-8,-49;1189,-9,-24
rua||anita garibaldi|parque novo lar 2|26125330|1,-2275273,-4333740;2,3,8
rua||anita garibaldi|santa tereza|26125330|3,-2274991,-4333867;79,-12,11;80,-7,-5;81,-7,11;82,-1,-11;83,-10,17;84,-7,-3;85,46,-19;86,-57,19;87,0,16;88,-21,-3;89,20,2;90,-27,8;91,8,-4;92,-23,17;93,-10,4;95,33,-19;96,-19,7;98,-9,5;99,-18,12;100,-6,-1;105,2,25;110,-92,26;129,89,-48;208,142,-69
rua||anita garibaldi|sao bernardo|26167050|1,-2273711,-4338289;2,17,5;3,15,7;4,13,5;5,3,2;6,22,4;7,3,6;8,-70,-42;9,101,56;23,-38,-24;25,-30,-8;26,20,3;27,-15,-9;28,-11,0;29,-14,-3
rua||anita garibaldi|sao francisco de assis|26125330|1,-2273066,-4340486;13,-60,12;24,-37,2;26,-24,-15;55,63,4;157,41,16;200,-139,12
rua||antonio marciano gomes|heliopolis|26123340|3,-2273717,-4341502;5,-58,-21;8,-13,-37;9,5,-11;10,-9,-19;18,-8,-23;19,19,37;20,-33,-42;25,38,57;27,33,43;51,-52,-73;62,51,98;100,-16,-36;105,-14,-40;135,13,23;165,13,44;177,8,9
rua||avelino garrido|retiro feliz|26167430|1,-2273681,-4336628;2,5,11;3,-20,-7;4,-10,1;5,29,14;6,17,21;7,-1,9;8,7,4;10,5,9;12,1,6;13,-135,-82;14,137,91;15,-8,-18;16,14,28;17,-8,-16;18,8,21;19,-3,-12;20,-189,-108;21,171,126;22,17,2;24,-11,4;25,-41,-26;26,31,22;28,-10,-6;30,-15,3;32,-3,2;34,1,-9;35,-5,-21;36,4,-3;38,-10,1;46,-287,-153
rua||basilio da gama|sargento roncalli|26165570|1,-2272334,-4337957;2,12,-12;3,-15,18;4,12,-19;5,-6,15;6,0,-7;7,11,-13;8,-12,13;10,15,-22;11,15,-8;12,-5,-4;13,14,-24;15,-7,19;16,-7,-18;17,11,17;19,8,-6
rua||bernardino gomes|santa maria|26165600|28,-2272900,-4337813;2029,-51,-43
rua||bernardino gomes|santa maria|26165710|3,-2272853,-4338010;44,-63,62;52,-27,71;162,22,-85;163,-23,64;164,40,-73;234,70,-34;1211,-64,42
rua||bias guimaraes|areia branca|26112380|2,-2274730,-4340960;3,-29,-54;4,2,10;5,12,12;7,0,11;8,12,10;9,2,9;10,-11,-35;13,25,38;20,-1,7;22,-7,-4;24,-37,-55;34,-36,-71;35,10,22;43,-3,-9;61,11,9;64,-8,4;65,28,36;67,-16,-27;73,-7,-7;76,7,12;84,5,12;85,1,-5;95,4,8;96,-1,8;98,8,18;119,13,11;456,-56,-95
rua||caio graco|piam|26115600|7,-2274553,-4339682;8,20,-4;9,-27,5;11,43,-3;16,-13,3;18,-24,3;20,-8,-4;30,13,0;42,-11,0;45,-13,-1;48,33,-1
rua||caminho da gloria|shangrila|26155120|7,-2271636,-4340887;22,46,-216;24,11,19;28,11,39;29,-2,3;30,-11,20;40,-5,10;42,-7,13;46,-11,12;50,-6,11;51,-25,193;124,6,-163;125,-5,8;127,16,-30;128,-18,50;148,56,-142;150,7,7;526,-60,265
rua||campina grande|bom pastor|26110145|8,-2275807,-4336496;11,0,-6;16,6,-8;17,-6,3;20,0,-1;21,-2,-2;25,-4,-3;26,3,-17;32,-10,11;35,11,-5;36,1,6;38,-6,-6;39,-2,5;42,1,-8;43,-1,-20;48,-4,13;49,5,0;50,13,-8;54,-13,-4;55,-1,8;60,4,-12;61,-12,5;66,2,-5;69,3,-5;74,-6,3;75,-1,-13;78,2,11;82,-3,-17;84,-5,3;89,1,3;93,-8,-13;128,27,9;465,8,61;653,1,-47
rua||campo grande|miguel couto|26157579|1,-2271088,-4342133;2,-58,-114;3,-2,-23;7,5,31;8,-7,-14;9,-25,-17;10,17,-3;11,-4,-8;12,1,-33;13,37,-7;59,18,145;61,-5,-17;107,-25,-35
rua||campo grande|shangrila|26153150|4,-2271194,-4342333;20,71,135;60,-2,11
rua||carlos garcia|bom pastor|26113210|54,-2275939,-4337893;55,-3,15;56,11,8;57,-1,10;58,4,4;61,0,21;63,1,10;67,4,5
rua||cecilia guimaraes|piam|26115040|15,-2274611,-4339315;19,9,1
rua||da gloria|barro vermelho|26150110|13,-2274046,-4338404;18,2,73;37,-59,-83;39,5,7;41,-5,11;167,15,-19
rua||da gloria|shangrila|26150110|2,-2271543,-4341250;3,13,-12;4,26,-20;5,41,-39;6,-12,14;7,-10,9;8,-12,6;9,-4,9;10,-31,2;11,68,-27;14,-21,25;15,-99,67;33,65,-25;34,52,-19;35,-52,38;38,-18,5;39,-14,-6;40,-38,42;41,8,-22;42,-24,19
rua||das gardenias|parque floresta|26173145|41,-2273451,-4335477;44,31,0;45,-13,-6;55,125,30;56,7,1;58,25,-3;75,-152,-51;145,172,15;155,24,-16;175,4,-4;185,-6,6;195,30,-7;210,-70,48;212,13,-9;220,2,-1;240,-39,17;261,-42,-11;263,-109,-53;270,129,59;290,-10,-1;310,-11,-24;311,0,28;319,74,-18;321,-84,16;340,-22,-16
rua||domingos galvao|maringa|26177365|8,-2271260,-4335242;10,12,-64;11,-4,18;12,-4,21;13,-5,8
rua||elisabete galvao|glaucia|26195050|1,-2275466,-4335651;4,-15,41;11,-29,53;24,14,-15;25,-28,48;27,37,-73;30,12,-24;32,-42,86;45,4,-7;47,52,-116;77,-67,142;79,0,-5
rua||elisabete george|andrade de araujo|26135520|1,-2274403,-4342374;2,10,-11;3,-2,6;4,-13,4;5,-9,-1;6,6,14;7,3,-8;8,-3,6
rua||eliza goncalves|sublime|26112110|11,-2275402,-4340734;30,-23,51;32,-33,101;40,29,-91;42,6,25;46,-10,-17;53,4,-9;57,0,12;59,2,11;67,-18,10;68,1,1;78,-5,0;79,7,0;89,-1,25;90,-6,-9;97,-1,12;98,-4,-9;102,5,10;106,-12,2;118,2,6;121,7,-2;128,-22,9;131,16,1;136,-7,8;137,9,-4;144,-17,18;145,10,2;156,-19,3;157,8,7;165,-1,6;166,-6,7;175,4,-6;176,-6,10;184,-1,14;186,-2,-6;187,0,13;188,-5,0;189,2,3;190,-7,7;191,11,19;192,178,18;194,-203,66
rua||elvira guida|miguel couto|26157579|332,-2271105,-4342713;388,-280,7;915,324,-7;916,-16,-1;917,-9,1;918,-7,5;920,-25,-4;921,-10,0;922,-4,2;923,-8,1;924,-10,0;925,-10,4;926,-10,-2;927,-8,4;928,-14,-7;929,-3,2;931,-19,-2;932,-5,5;933,-15,0;934,-15,-1;935,-10,0;938,-8,0;939,-17,-3;940,1,3;941,-11,-2;942,-16,0;943,-35,6;944,18,-6;945,-7,10;1016,-109,-18;1020,31,16;1021,-90,2;1024,124,-9;1026,32,2;1028,15,-1;1029,14,0;1030,48,-68;1031,-19,65;1032,6,2;1033,10,-1;1034,26,-28;1035,-8,23;1036,0,2;1037,10,3;1039,20,-7;1041,9,5;1042,10,-3;1043,6,2;1044,15,-8;1045,20,5;1046,10,0;1049,15,-3;1050,18,15;1051,7,-15;1053,16,-4;1054,10,-16;1055,7,23;1056,6,0
rua||elza m goncalves|sao bernardo|26165250|1,-2273346,-4338531;2,5,17;4,17,-9;6,11,-8;7,9,-27;8,3,20;9,5,-26;11,14,-6;17,31,-24;18,-95,83;23,136,-104;24,23,-6;25,-14,0;38,-159,137;43,-18,-42;51,44,-15;55,11,-10;63,-29,24;68,100,-67;73,63,-11;78,-95,60;98,45,-29;111,-21,-13;115,-5,8;132,97,-32;141,-59,4;152,-9,32;157,57,-38;159,12,9;160,-48,15;175,8,-8;187,-32,-7
rua||estrda mato grosso|estrada mato grosso|26130000|5,-2269068,-4338086;381,-19,-1;1120,2,1;1470,-1,3;1480,6,-4;1500,2,7;1520,0,-5;1530,0,-5;1550,-4,-2;1630,-1,0;1632,7,-1;1650,-8,-5;1680,-1,-1
rua||flora giudice|heliopolis|26140100|2,-2274107,-4341095;9,80,172;11,-28,-57;12,-2,5;14,21,27;21,-104,-107;22,56,31;23,102,96;24,-92,-82;25,37,74;28,2,-1;35,-71,-125;37,1,2;48,54,89;49,-5,40;108,2,-63;125,-23,-30;127,0,10;129,-9,-4;148,4,-12;166,-16,-20;168,2,-7;190,38,8;216,-47,-4;218,-3,-13;280,1,-47;325,46,129;326,-11,-19;327,1,7
rua||gabi|barro vermelho|26157045|2,-2273977,-4338348
rua||gandarela|bom pastor|26110720|36,-2274488,-4337507;94,-41,-43;100,-65,-5;104,56,-12;156,20,16;188,-48,-16;190,-87,40
rua||garanhuns|santa tereza|26193420|1,-2273994,-4334940
rua||garanhuns|santa tereza|26196070|1,-2274164,-4334785;4,-60,4;9,5,14;35,-19,-26;40,28,47;45,212,-187;46,-3,-3;54,-33,27;55,-8,9;60,-173,150;87,163,-138;90,-186,92;116,25,52;117,-3,4;118,11,-4;119,-17,4;121,42,-34;122,8,-4;123,7,-10;124,19,-14;125,12,-6;126,20,-21;127,-6,1;150,31,-26;160,83,-68;161,-7,3;162,-15,5;164,-7,10;165,-18,19;166,3,-1;167,-17,4;168,-4,20;169,-12,3;170,-8,9;171,-7,9;172,-1,3;173,-28,13;174,-14,17;175,-2,2;176,-96,70;184,30,-11;185,21,-32;214,-9,17;216,174,-151;219,-25,20;221,-20,18;222,-8,6;223,-11,9;225,-13,14;226,-13,3;231,-100,99;232,-11,-30;234,35,9;330,163,-161;850,-145,142;852,-11,4;854,-3,7
rua||geisa|itaipu|26143180|5,-2272812,-4342959;6,4,8;7,-2,10;9,-10,40;16,6,-59;17,-10,14;22,11,-18;23,3,-7;26,3,0;70,-3,-14
rua||genes|piam|26115400|5,-2274497,-4340043;21,-99,39;22,8,-2;29,-2,4;30,20,-11;37,-20,4;38,31,-9;45,63,29;46,-50,-34;52,34,-28;53,62,-3;54,-81,28;61,-42,14;62,-10,4;69,134,-32;77,-44,-11;79,40,-3;85,-103,32;93,-28,14;101,128,-27;108,-47,0;109,-40,7;117,1,-1;125,15,-3;126,33,-5;133,-30,6;138,47,-15;151,25,-14;153,-60,9;156,45,-1
rua||genita|apolo 12|26173230|3,-2272686,-4335872;5,-30,-45;6,-13,44;7,14,-47;8,27,50;10,-5,-7;11,3,-76;12,-8,88;13,-4,-44;15,25,-41;17,-25,20;38,14,-32;54,-48,85;55,0,-13;100,13,-7
rua||genita|santa marta|26173230|11,-2272703,-4335862;33,-13,-5;41,-25,-6;42,21,3;43,0,3
rua||georgete|wona|26175080|2,-2272386,-4334207;4,4,20;5,8,11;6,4,12;7,-5,-11;8,21,35;10,7,14;11,3,10;12,-50,-95;16,58,119;17,-8,-19;18,-10,-12;19,-4,-9;20,-1,-6;21,-9,-16;22,-3,-10;23,-7,-7;24,-5,-10;159,30,51
rua||geova|heliopolis|26120050|2,-2274185,-4340956;6,-21,2;7,5,-6;8,-47,33;9,72,-49;10,-170,111;55,24,-6;114,59,-35;128,-83,84;135,97,-98;137,1,-1;149,-35,19;150,55,-38;158,3,7;160,20,-13;162,3,-5;166,-12,12;175,-13,-1;208,43,-20;493,-94,55;494,24,-16;504,-66,57;510,87,-68;511,-5,6;512,0,4;513,-16,10;515,-35,18
rua||gertrudes|apolo 12|26173640|25,-2272538,-4335840;26,2,-3;30,3,-54;33,-3,81;40,-2,-72;42,4,-16;43,4,-6
rua||gertrudes|santa marta|26173640|8,-2272536,-4335835;21,0,-59;40,2,-24;115,-1,133
rua||gilardi|sao bernardo|26175250|2,-2272537,-4334923;4,20,-19
rua||gilberto|itaipu|26143170|5,-2272875,-4342997;6,0,27;7,6,-12;8,-2,23;10,0,17;11,-5,35;12,6,0;15,3,30;70,-3,-9;100,-7,-11
rua||gilda|malhapao|26187515|16,-2272969,-4332958;81,9,3
rua||gilda|shangrila|26187515|6,-2271290,-4341850;13,17,-11;14,-23,25;15,6,-5;18,21,-187;19,4,4;21,9,162;28,-85,62;29,46,-115;30,47,-87;33,-28,-23;80,35,38;97,-161,211;110,154,-97;126,-7,12;130,-34,12;140,10,0;144,46,-79;180,-108,114;190,-3,2;200,-20,2;991,84,-228
rua||gil|andrade de araujo|26175250|1,-2274271,-4341977;2,13,-3;3,-10,3;4,7,18;5,8,7;6,-19,-46;8,6,14;10,12,29;20,-5,-6;62,-10,-36
rua||gil|sitio floresta linda|26175250|1,-2272835,-4334725;2,396,-392;3,-41,49;4,-9,0;6,-175,179;8,216,-223;9,0,5;11,-125,127;13,-105,103;15,204,-201;20,-276,285;21,-8,-4;23,-12,23;26,155,-69;27,-1,-92;28,-17,26;29,30,-48;30,-112,117;31,103,-98;32,-215,210;36,342,-374;37,-35,69;39,82,-84;40,-106,106;41,36,-15;42,-9,-11;43,0,0;45,28,-23;47,45,-28;48,-72,11;49,8,3;50,1,24;53,93,-77;100,-51,35;108,-286,302;162,21,-21;518,84,-93;530,-131,143
rua||gip|shangrila|26153051|298,-2271541,-4342530;299,9,-10;304,-74,15;309,-14,31;320,97,-52;324,-3,2;325,-10,4;330,-47,20;466,-60,31
rua||girassol|jardim america|26140445|3,-2273954,-4342653;6,-20,9;16,37,-14;18,-4,-2;20,15,-2;21,-32,12;22,43,-20;24,-1,4;26,7,-4
rua||gitania|jardim redentor|26110380|32,-2275298,-4336306;33,-10,-4;52,-15,-2;53,-22,-3;57,17,5;58,26,4;59,0,2;62,-31,-12;66,-17,-4;86,34,4
rua||goiania|santa amelia|26116590|8,-2275154,-4339300;9,-17,-5;18,1,-9;39,-40,77;80,-79,129;86,112,-187;115,-25,54;129,-12,14;139,-2,8;159,-4,13;160,-3,-3;169,-3,20;171,52,-97;270,-168,245;700,-28,23;710,27,-21;718,51,-62;719,3,-3;720,6,-5;721,6,-10;722,11,-5;724,13,-26;725,7,-3;726,4,-21;727,12,-2;730,9,-31;734,25,-48;762,19,-44;763,1,-6;793,-9,19;794,1,21;795,-6,8;796,-9,9;799,-15,17;800,-34,65;801,-4,7;802,-7,15;803,-8,2;804,-2,10;805,-8,9;806,-13,14;808,-10,12;809,-12,21;810,-2,-4;811,-10,15;827,-56,47;828,11,-10;829,14,-11
rua||goias|vila pauline|26170310|14,-2273442,-4336127;24,7,-2;25,14,-15;30,-9,-1;39,19,-6;45,-1,4;46,-6,5;55,20,-13;56,-14,10;61,14,-17;62,-10,12;67,14,-18;70,-2,13;71,9,-3;77,6,-7;78,-7,9;82,-3,-10;87,22,-10;93,3,-3;103,6,-2;104,-11,11;109,9,-14;110,-5,12;118,8,-3;119,18,-8;125,-3,-8;126,-13,12;135,23,-14;136,-12,9;150,8,-9;158,6,1
rua||goitacazes|itaipu|26143515|1,-2272598,-4342328;4,-266,51;5,86,-3;6,-77,36;7,-3,-34;8,246,-59;9,132,-38;10,11,-4;13,-196,74;14,-134,33;15,-2,0;16,138,-38;19,-194,48;20,-140,3;21,316,-44;22,260,-93;23,-384,124;26,109,-42;29,-180,46;31,583,-175;33,-114,53;34,29,-18;36,-59,26;40,-134,48;41,6,-2;42,-29,6;55,-235,67;77,320,-105;152,-390,96;932,-99,10;934,-32,-2;938,31,0;940,24,1
rua||goitacazes|shangrila|26143515|3,-2272709,-4342273;7,34,-14;8,23,-17;9,22,8;10,218,-79;13,-208,65;16,41,-3;17,-150,41;18,16,-6;24,-8,10;25,56,-27;27,17,-12;28,546,-236;33,36,-15;34,-230,128;35,174,-95;37,-305,146;38,18,-5;39,14,-7;40,3,2;45,192,-82;48,-116,48;51,-13,10;52,48,-22;66,73,-32;70,-60,25;71,-7,2;120,-147,65;123,-190,65;175,134,-57;177,-9,2;193,27,-11;195,3,2;197,14,18;198,-57,-6;199,-13,7;200,-14,3;202,-3,-1;207,93,-29;208,-8,5;268,73,9;271,59,-69;273,10,10;287,-68,36;289,29,-10;886,93,-47
rua||goncalves gato|centro|26130230|29,-2276597,-4340247;36,-7,-25;38,4,15;48,-13,-26;49,-2,-21;50,-4,16;51,-5,-4;60,0,4;82,-9,-11;84,0,-13;88,-12,1;108,-4,-8;116,-15,-12;128,-2,-6;154,-20,-20;164,0,1;178,-20,-12;180,0,-9;190,3,-17;210,-10,6;218,1,-10;226,-32,-5;252,-17,-37;288,94,105;290,-76,-189;637,-270,-168
rua||goncalves gato|vila dagmar|26130230|290,-2276902,-4340492
rua||goncalvez gato|vila dagmar|26130320|96,-2276943,-4340621;165,3,-3;175,9,3;177,0,9;183,-2,0;185,6,1;187,2,0;197,4,12;274,164,156;284,-17,-6;288,-1,1;290,-25,-29;294,17,0;296,-1,-1;298,-17,8;338,-1,-20;360,-12,4;380,-37,-40;406,10,21;432,-24,-43;460,-33,-33;470,-19,-8;480,2,0
rua||gondarem|vila pauline|26172145|5,-2273033,-4336913
rua||gramania|jardim redentor|26110180|1,-2275552,-4336599;34,-87,-2;48,73,20;50,-17,6;57,-80,5;58,-4,-8;59,18,-2;60,-11,-18;61,27,25;62,-16,-63;63,-21,-13;64,-30,-3;69,-8,81;70,-2,-3;71,-3,-8;72,-7,-10;73,6,-13;74,-20,7;77,12,-39;78,83,37;81,-65,-52;82,64,55;83,-53,-69;85,30,29;86,29,39;87,3,2;89,2,-34;91,9,-4;92,-6,8;93,-8,11;94,9,2;95,-39,38;98,61,7;103,44,-17;130,-64,28;175,-104,-61;268,144,18;370,-128,-51;410,-17,22;592,49,-28
rua||granado|andrade de araujo|26135475|5,-2274590,-4342290;6,-3,-21;7,1,17;8,2,18;9,-18,-49;185,2,8;189,-4,-7;195,9,20;205,5,-4;286,26,-20
rua||grana|maringa|26176130|19,-2272190,-4335568;20,12,7;21,6,-2;25,50,12;26,3,5
rua||grana|parque dos califas|26176130|1,-2272367,-4335656;3,-13,-6;5,-13,-13;6,-5,-4;7,-11,-9;8,37,31;9,-43,-26;18,48,64;19,5,-7;21,27,18;22,-30,-22;23,50,24;24,10,5;26,16,7;55,37,0;100,-22,-6
rua||graziele|santa tereza|26193421|9,-2275028,-4334628;21,-12,-8;23,5,23
rua||guanabara|sao francisco de assis|26170320|22,-2273132,-4342115;26,-4,-2;28,-8,6
rua||guanabara|shangrila|26127250|6,-2272598,-4341789;8,-12,13;9,17,-6;15,96,-44;19,33,-18;20,-114,36;27,58,-33;28,-4,14;30,30,-32;31,-149,89;32,91,-61;33,-12,18;34,-10,6;35,-28,20;37,15,-20;43,-55,30
rua||guanabara|vila pauline|26170320|4,-2273418,-4336420;5,-8,-4;10,15,-3;11,-1,-6;20,0,1;21,4,-1;27,7,-6;28,2,1;37,5,-4;43,2,-4;44,-4,6;52,15,-11;53,-6,3;58,6,2;59,5,-6;68,4,-2;69,1,-2;74,13,0;75,-6,-5;84,5,4;85,3,-9;92,3,-3;99,10,-2;100,5,3;107,-5,5;108,13,-11;115,-6,-6;116,-6,-2;122,1,4;123,17,-7;129,5,-1
rua||guandarem|sao leopoldo|26110061|24,-2274036,-4337188;27,37,-27;28,-9,4;33,-78,-6;36,161,-43;39,35,-20;42,26,-22
rua||guandarem|sao leopoldo|26165650|2,-2273716,-4337409;3,-2,7;6,-29,14;7,-16,5;8,-10,11;11,-27,20;13,-20,14;14,-68,42;18,-39,30;27,-78,49;28,-13,9;31,33,-23;40,91,-58;41,-156,103;43,19,-12;44,9,-8;53,185,-124;55,-10,9;57,-4,0;59,-13,14;285,88,-63
rua||guandarem|sao leopoldo|26167000|20,-2273797,-4337344;23,27,-21;24,8,-6;28,37,-21;29,1,2;30,-41,-113;54,-61,175
rua||guapeva|bom pastor|26113260|5,-2275747,-4337610;16,-30,-125;18,25,60;19,-3,-39;22,2,103;30,14,132;42,-1,-40
rua||guapeva|bom pastor|26130000|1,-2275763,-4337658;9,-8,-106;24,19,159;27,2,32;65,0,-49;70,-13,-102;95,18,140;120,-21,-128;155,19,96;240,-17,-123
rua||guarana|miguel couto|26160265|3,-2270096,-4341226;4,12,-12;5,20,20;6,-112,36;7,95,-89;8,30,82;9,-11,-3;10,-26,-22;15,-27,-25;21,-5,-2
rua||guarani|shangrila|26153220|1,-2270807,-4342181;3,34,3;4,-155,116;5,-112,50;6,237,-131;8,-70,68;9,-20,-1;10,20,-7;11,-33,19;12,-33,3;13,21,14;14,108,-88;15,-198,112;16,14,10;17,12,-5;18,94,-55;19,-57,21;20,-113,47;23,213,-87;25,-36,17;26,-248,100;27,182,-89;28,-195,81;29,40,-41;31,88,-18;32,-132,12;33,17,44;35,-12,13;36,-12,-46;40,1,-2;60,201,-6;80,145,-116;102,-135,105;414,-154,29
rua||guararapes|sao bernardo|26167020|1,-2273257,-4338490;8,-412,100;9,215,29;14,7,-14;15,-3,-1;16,267,-155;17,25,-14;19,-17,9;22,-140,95;24,9,-6;25,2,-4;27,32,-30;28,-4,7;30,-78,23;32,39,-3;35,-281,69;36,-32,18;37,30,7;39,-20,-4;40,-32,-15;41,48,23;42,59,19;44,442,-241;46,-329,198;48,-43,26;50,0,-7;52,538,-320;56,-702,308;57,46,17;58,-48,-22;59,60,7;61,-19,13;62,13,7;63,12,2;64,5,3;71,263,-112;75,-152,95;77,-5,-3;82,652,-390;86,12,-8;101,-457,272;106,-229,153;107,7,-9;112,212,-124;114,1,0;116,6,-2;118,5,-7;137,-413,95;140,455,-117;160,21,-3;166,10,1;167,-488,118;175,479,-139;220,214,-132;222,77,-38;240,-107,55;250,-143,97;271,-136,76;325,294,-171;329,-22,9;336,195,-116;363,-204,119;410,-12,14;433,-371,224;435,-20,9;445,256,-149;549,-354,203;595,469,-287;3279,-291,189
rua||guarauna|parque esperanca|26173490|3,-2272841,-4335102;5,-129,152;6,209,-212;15,-83,65;16,-10,-20;18,-274,301;19,74,-64;20,-27,-30;21,1,-10;23,-19,38;24,7,5;25,12,-42;26,22,1;27,1,19;28,-85,104;29,6,-12;30,-1,-1;31,-16,28;32,88,-95;33,35,-38;34,-65,64;35,17,-8;36,-35,31;39,184,-171;40,-29,26;41,-6,28;43,113,-153;45,15,-11;48,-73,73;51,-21,24;52,30,-42;53,-24,35;56,55,-58;58,-19,17;59,-28,22;62,158,-196;65,-115,160;67,32,2;70,-177,152;83,80,-65;88,92,-107;90,26,-31;97,-4,11;99,-79,73;100,99,-100;103,16,14;105,-12,-11;107,8,-27;108,-5,8;109,12,-19;110,-36,54;112,32,-41;113,8,-29;115,11,-20;120,-12,35;170,-96,101;180,125,-164;200,-371,424;201,352,-383;203,6,-20;207,-2,24;210,8,-32;301,-347,392;302,3,-15;322,169,-158;348,-67,86;386,76,-84;440,36,-73;910,-25,41
rua||guarina|barro vermelho|26167120|5,-2273962,-4337784;39,2,-2;170,50,30
rua||guaruja|areia branca|26135210|4,-2275146,-4341308;45,33,-14;47,39,128;50,-52,-122;55,12,7;59,18,53;60,-26,-62;65,20,34;67,-6,-20;68,-6,7;76,0,2;86,5,11;94,3,-9;99,4,22;100,0,1;101,6,-1;112,-5,5;116,13,1;127,5,10;145,-5,12;146,9,-1;147,-11,5;149,8,5;150,-6,4;162,10,11
rua||guaruja|boa ventura|26135210|4,-2271123,-4332703;14,-239,194;15,284,-245;20,33,-150;21,69,-100;22,-59,130;23,-16,7;25,49,-106;28,-8,18;29,-46,137;30,7,-27;31,-18,38;34,44,-108;35,20,-53;50,32,-78;56,-366,510;58,83,-75;62,-104,94;63,64,-45;68,-30,21;69,30,-29;78,-18,36;92,2,-30;101,189,-139;104,-177,133;128,335,-455;130,-119,267;134,-229,202;220,274,-328;272,-134,216;274,-62,2;626,187,-181;730,66,-164
rua||guaruja|lote xv|26135210|17,-2271085,-4332760;38,-85,74;53,-189,160;79,133,-103;80,3,-24;82,20,-8;85,-38,39;86,-16,0;94,-32,44;95,17,-23;96,-14,4;98,-10,25;99,-6,15;100,-45,27;103,-13,9;105,-9,8;107,-1,-8;189,281,-219;239,-25,27;253,-86,50;271,-4,-32;350,57,-3
rua||guarulhos|andrade araujo|26140230|11,-2274934,-4341673;35,12,-7;45,16,-14;76,-12,7;81,27,-17;91,21,-4;115,9,-5;144,59,-32;155,6,-3;156,-26,19;158,-13,-4;219,-13,-1
rua||guarulhos|nova america|26140230|16,-2274919,-4341676;17,-22,7;53,119,-62;56,-71,36;58,-2,4;68,28,-14;85,47,-26;86,-30,14;94,-15,12;98,48,-35;112,2,0;113,3,8;114,7,-3;116,9,-5;118,-10,-10;131,-78,48;137,-16,15;301,22,-12
rua||guassupi|barro vermelho|26115777|98,-2274246,-4337935;111,28,26;190,-75,-84;193,3,1;202,22,32;203,2,4;207,24,20;217,10,4;220,255,80;305,22,10;406,-183,-7;422,22,-2
rua||guassupi|barro vermelho|26167110|55,-2273899,-4337825;164,-437,-261;168,5,15;172,-2,4;174,6,1;176,2,12;178,-6,11;179,9,29;206,15,11;217,77,75;219,10,0;335,9,19;341,4,7;347,8,-2;353,6,9;359,10,0;365,-3,8;367,8,1;371,-3,0;377,11,9;383,0,2;389,10,5;390,6,8;415,16,11;421,7,-3;427,4,3;433,9,-4;439,2,-1;442,8,10;445,1,-4;448,15,7;451,-7,-11;454,13,7;457,-11,-8;460,17,9;463,-18,-9;466,20,2;469,-13,-2;472,26,11;475,-19,-9;478,19,8;481,-10,-11;484,19,3;487,-20,2;490,22,3;493,-18,-3;496,24,4;499,-12,-3;502,21,1;505,-19,-11;508,18,13;511,-7,-3;514,16,-1;517,-10,4;520,12,-4;523,-7,1;529,5,-1;532,15,-3;535,-12,4;538,14,2;541,-11,-2;544,12,-5;547,-5,7;550,16,-2;553,-10,-1;556,21,1;557,-15,-4;569,5,10;579,17,-14;597,4,1;609,3,6
rua||guassupi|sao bernardo|26167110|172,-2273789,-4337773;180,-5,3
rua||guatambu|itaipu|26143540|3,-2271892,-4342847;5,-17,12;7,36,-13;8,-31,-4;9,-7,22;10,24,-7;11,23,16;14,-5,4;15,-10,-9;16,13,13;19,11,-5;20,-1,-4;30,41,59;31,-13,15;32,23,0;35,-58,-69;37,-4,12;59,9,-22;67,-2,-12;78,2,14
rua||guatambu|itaipu|26167750|1,-2271866,-4342836;2,11,14;3,8,2;11,48,39;26,12,1;28,-5,2;50,-34,-2;62,4,15;74,-26,-39;82,6,6;88,-4,-8;89,20,26
rua||guatambu|sao bernardo|26167750|1,-2273778,-4337888;3,0,21
rua||guatapara|sao bernardo|26167100|27,-2273767,-4337841
rua||guga|vila pauline|26170050|3,-2273552,-4336424;22,16,2;23,13,7;611,-39,-23
rua||guga|vila pauline|26170210|17,-2273525,-4336410
rua||guilherme|parque suecia|26187115|6,-2273633,-4334424;9,-1,4;21,20,48;22,8,4;43,-28,-37;45,6,3;63,4,6;280,-7,-29
rua||guitman|miguel couto|26157579|2,-2270340,-4341932;3,-7,-1;4,-6,-7;6,-21,-9;13,20,15;50,8,1;60,11,10;73,-6,-2;75,17,7;82,-41,-14
rua||gutemberg|jardim redentor|26110170|4,-2275768,-4336283;29,85,-27;32,201,-26;37,42,-44;39,8,-12;47,-10,-64;58,-317,174;60,13,-12;66,2,12;68,11,-18;69,164,-38;70,-7,2;96,-114,35;97,35,-19;99,181,-124;106,-267,153;126,-6,1;130,38,-10;132,95,-17;135,-106,21;150,-40,13;156,61,-17;162,254,-153;163,-241,146;164,200,-103;165,-142,88;167,-48,14;174,194,9;175,-36,-21;177,-145,5;178,82,-11;185,-37,-2;187,11,-5;188,34,4;198,11,-6;200,-109,30;225,113,-41;235,20,0;245,2,-9;248,-118,44;249,-115,30;255,250,-69;257,-153,44;260,11,-4;272,24,-7;273,203,-110;285,2,19;295,-217,94;312,58,-11;350,158,-62;400,-25,14;419,-22,-106;445,41,90;460,-245,85;461,198,-78;470,-127,68;480,142,-28;500,42,-92;504,-9,-17
rua||gutemberg|parque sao jose|26110170|4,-2273619,-4334482;5,-37,-67;7,15,89;17,143,-162;22,-118,127;123,101,-92
rua||gutemberg|parque sao jose|26187100|2,-2273292,-4334786;5,-31,30;6,-17,1;15,-123,123;16,-9,9;21,91,-104;121,-38,56;362,59,-55;813,-34,31
rua||gutemberg|parque suecia|26110170|7,-2273326,-4334757;20,-290,279;45,69,-63
rua||gutemberg|parque suecia|26187100|1,-2273342,-4334733;8,-58,53;13,-34,32;18,-45,39;23,98,-88;207,-13,12
rua||hilda guimaraes|piam|26115020|11,-2274596,-4339225;12,5,5;24,-15,-16
rua||homero garcia|vila vitorio|26116150|2,-2275006,-4340068;3,13,-6;5,-15,8;6,-11,0;7,-29,13;8,-3,-1;9,-7,-5;10,6,-2;12,-42,14;46,-30,-15;152,132,-7
rua||irmao guimaraes|vila pauline|26173020|1,-2273084,-4336204;10,-29,36;11,13,-24;12,26,-31;13,3,22
rua||joaquim pinto gomes|santa marta|26171050|17,-2273393,-4335759;20,-5,1;28,1,-14;115,-82,112;117,-15,13
rua||joaquim pinto gomes|vila pauline|26171050|1,-2273451,-4335687;2,-23,52;3,95,-140;4,-12,3;21,-217,247;45,38,-35;50,43,-35;68,-50,30;86,-59,52;280,111,-99;281,-11,10;283,-16,11;305,-40,42;308,22,33
rua||jose guida|miguel couto|26157579|67,-2271151,-4342642;153,-183,7;154,4,1;157,-31,2;242,94,-11;250,-14,3;252,16,0;278,-22,-3;279,-5,0;285,-14,4;304,-8,-1;307,-14,1;308,-17,5;309,3,-2;549,293,-3;787,-136,8;796,104,-14;830,39,1;849,7,-2;850,-15,10;851,-16,-10;852,-3,9;853,-11,-3;854,-12,3;855,-3,-2;856,-15,2;857,-8,2;858,-4,-1;859,-18,-2;860,-8,-6;861,-9,5;862,-7,2;863,-5,-1;864,-13,4;866,-22,-3;867,-5,5;869,-15,0;871,-20,2;873,-24,-3;875,-13,-2;876,-16,0;878,-13,2;956,58,-11;957,11,2;958,15,-4;959,-8,4;960,15,-2;962,28,0;964,14,5;965,8,-11;966,9,10;969,23,3;970,15,-8;971,13,6;972,2,-4;973,14,-2;975,16,7;976,9,-8;977,-2,1;978,14,1
rua||laudelino gato|vila dagmar|26130235|100,-2276884,-4340701;555,-56,38
rua||lion griffont|roseiral|26177343|3,-2271513,-4335160;6,-33,-12;8,15,7;9,12,4;10,2,2;20,-44,-22;66,63,31
rua||livia guida|shangrila|26143100|65,-2271916,-4342591;80,122,-44;180,-15,2;210,-40,16;240,-42,15;250,-14,3
rua||livia guida|shangrila|26153000|1,-2271905,-4342448;5,-108,-14;7,22,10;20,50,-114;22,36,-26;35,-41,33;45,0,19;65,22,-41;75,-2,15;115,136,-78;125,-5,11;135,-1,2;145,-8,3;155,-3,2;165,-3,-4;175,-2,8;185,-29,0;195,1,3;205,-23,5;215,-27,13;320,-51,53;360,-15,2;385,-23,29;405,-19,23;410,14,-20;411,-6,10;430,-16,10;432,37,-27;433,269,-174;434,-8,7;436,-17,7;437,-9,9;438,-3,-2;440,-150,105;441,124,-76;442,-14,-2;444,6,7;460,-249,189;470,-14,11;480,-11,-3;490,-2,14;495,127,-28;500,-129,16;505,127,-14;510,-136,-4;520,-3,40;555,-9,45;570,2,-46;575,2,39
rua||livia maria guida|centro|26157579|84,-2271017,-4342505;86,-11,1;87,12,2;88,-29,-3;89,-16,4;107,16,-8;129,53,3
rua||livia maria guida|miguel couto|26150650|1,-2271226,-4342512;2,12,10;9,-48,-4;10,9,2
rua||livia maria guida|miguel couto|26157578|695,-2271373,-4342493
rua||livia maria guida|miguel couto|26157579|4,-2271196,-4342500;5,9,2;6,3,-7;7,19,7;26,-62,7;34,301,-54;90,-147,41;91,-3,0;92,-12,5;93,-15,2;94,-41,-12;95,26,12;96,-8,1;97,-8,-4;98,-11,3;99,-6,-1;100,-8,1;123,-31,2;150,-72,-3;227,132,-3;228,12,2;412,-18,-3;509,205,-24;561,-112,14;565,-10,6;589,18,0;597,13,-4;607,3,0;782,13,-1;816,-329,14;817,1,14;818,16,-7;820,18,-2;821,11,-23;823,16,19;824,23,0;825,6,-2;826,86,-4;827,-64,4;828,8,-6;829,7,5;830,97,14;831,-61,-17;832,68,26;834,10,-30;835,5,12;836,14,-8;837,6,-2;838,10,-6;1023,-136,14;1025,5,-7;1026,11,6
rua||livia maria guida|shangrila|26150650|170,-2271475,-4342442;180,-12,10;206,31,-26;207,-2,-5;208,-8,10;220,-14,24;233,7,-2;234,-17,0;235,-4,1;239,-31,30;242,-33,10;244,-35,5;620,302,-111;640,-33,2;667,-51,9;677,12,-4;694,-33,14;854,12,-22
rua||livia maria guida|shangrila|26153020|269,-2271503,-4342600;271,-3,-4;317,8,20;318,-4,-6;331,5,13
rua||lopes gentil|andrade araujo|26135650|29,-2274287,-4342129;38,-15,50;40,9,-11;42,1,-7;43,6,-65;44,-2,54;46,4,-9;81,-1,9;290,7,-8
rua||lopes gentil|andrade de araujo|26135650|1,-2274335,-4342086;2,-5,-4;3,-52,134;4,59,-19;5,7,-4;6,20,-33;7,2,-4;8,2,-19;9,1,-14;13,-9,-244;14,1,126;18,-33,191;19,-3,7;21,-48,13;22,16,-5;23,-11,3;26,-30,6;27,-4,7;45,136,-318;47,-27,-7;48,11,139;49,-7,-141;50,22,118;55,-18,-128;97,-47,312;109,-5,-5;178,19,-1
rua||maria da gloria|jardim sao bento|26180450|17,-2270912,-4335276;19,25,-51
rua||maria da gloria|parque boa sorte|26180450|2,-2270907,-4335299;6,13,81
rua||maria da gloria|parque sao jose|26180450|18,-2273995,-4334699;30,8,128
rua||maria da gloria|parque sao jose|26193115|5,-2273989,-4334418;8,10,-204;9,-4,-43;10,6,-14;25,-9,261;26,4,-12;28,1,3
rua||maria galvao|jardim do ipe|26177355|30,-2271359,-4335086;31,4,-16;34,15,-56
rua||maria galvao|maringa|26177355|2,-2271359,-4335103;3,-1,19;7,60,-185;10,-28,73;14,-23,40;15,-18,62;25,18,-40
rua||marly dos santos garces|andrade araujo|26130690|5,-2275082,-4341904;7,-71,-16;10,27,2;11,-15,0;13,75,16;15,-10,-2;17,-36,-11;18,14,1;19,-30,-1;20,-6,-7;21,102,10;22,-89,-5;23,12,4;30,120,-1;31,-11,-2;34,-114,4;35,95,-9;37,28,-3;51,-75,19;53,2,3;55,0,-5;80,-4,4;81,-31,-13;111,143,-56;115,13,-9;119,-6,0;125,6,-6;128,-178,73;129,2,20;181,64,-4;221,98,-64;223,1,2;225,2,8;253,-18,19;320,-178,12;458,193,-20;580,-11,4;588,0,2
rua||marly dos santos garcez|andrade de araujo|26130690|28,-2274856,-4342095;69,26,-35;73,-16,25;75,3,-5;153,-67,91;163,-2,-2;175,7,-3;189,6,-11;220,23,-24;224,5,-7;226,-4,-3;228,25,-29;230,-28,26;242,-20,40;251,29,-56;261,11,-5;269,-3,3;277,-12,17;279,25,-38;291,5,-1;737,-51,74;881,7,-10
rua||mato grosso|vila pauline|26170330|39,-2273426,-4336049;51,0,-6;57,-3,-7;75,-10,-18
rua||mato grosso|vila pauline|26170340|88,-2273445,-4336097;107,-6,-4;113,15,-17;119,-16,11;121,4,-12;129,0,-9;137,-3,2;147,-1,-10;153,4,-1;161,7,-13;169,4,-6
rua||mauro gomes|andrade de araujo|26135464|1,-2274329,-4342000;3,-90,50;4,-3,-32;5,71,-8;6,-65,15;7,0,1;8,-2,-4;9,-1,-7;10,-2,1;11,-3,0;12,6,-4;13,-6,1;14,7,0;15,-4,-4;16,1,1;17,-5,-5;18,5,-3;19,-4,0;20,-3,-12;21,2,6;22,0,-8;23,-3,-2;24,10,3;25,-4,-4;26,-3,-4;27,-3,-3;28,-2,-5;29,3,9;30,-7,-10;31,4,3;32,5,-13;33,-7,5;34,7,2;35,3,-1;36,-2,-8;37,-8,-8;38,4,-3;39,-7,6;40,11,-11;41,12,3;42,-22,1;43,8,-2;44,0,0;45,-3,-2;46,4,-3;47,-7,-3;48,3,4;49,-3,-12
rua||miguel guimaraes|piam|26115000|1,-2274655,-4339293;2,-11,-55;3,6,14;4,-18,-38;6,14,47;8,19,84;9,4,4;10,-62,-89;11,39,41;12,32,18;13,13,11;14,-73,-87;15,79,32;18,-52,15;19,20,-3;20,-8,51;21,27,-57;22,-13,-34;23,-60,15;24,37,-5;25,16,-7;26,4,34;29,13,74;30,-3,-14;31,-3,-11;32,-4,12;33,7,-33;34,0,-10;35,-2,-11;36,-1,-12;37,8,-11;38,-6,2;39,-1,-18;40,0,1;41,2,-27;55,-31,28;104,45,34;105,-44,-34;106,33,87;1635,-4,42
rua||minas gerais|vila pauline|26150062|10,-2273388,-4336353;11,3,-30;20,-81,8;21,84,-11;27,3,3;28,3,0;31,9,-5;36,-3,0;44,5,-2;45,1,0;51,13,-12;52,0,4;58,-2,3;61,4,-3;67,12,-7;68,-10,2;74,12,-3;77,0,-3;83,2,-13;84,4,5;92,3,11;93,0,-8;99,13,4;100,-2,-14;108,7,5;109,-10,-12;115,17,2
rua||neves garcia|lote xv|26183586|5,-2271198,-4332833;7,-254,107;16,173,-71;18,-144,71;22,71,-20;24,-89,10;31,29,4;34,103,-46;35,20,-5;39,51,-35;42,15,5;45,-138,44;46,-7,17;47,32,-20;49,9,-4;50,8,-12;54,11,7;56,21,-6;63,38,-21;69,-55,24;81,94,-45;82,-1,8;94,-89,15;113,-86,65;121,6,-23;123,6,-3;213,120,-36;215,-10,15;305,35,-29;307,6,0;309,5,-3;313,6,-6;380,-23,-27;1500,-250,116
rua||orlando guida|miguel couto|26157579|192,-2271231,-4342565;193,-10,2;194,-15,13;195,2,-2;196,37,-16;197,-9,6;198,-8,-11;227,20,0;228,12,0;240,142,-1;787,52,5;788,-24,-3;789,-12,-3;790,-11,3;792,-177,11;793,149,11;795,-8,-9;797,-35,-8;798,-11,10;799,-7,-13;802,-31,7;803,-4,-1;805,-23,0;807,-2,-4;808,-82,8;809,-1,-4;810,-14,2;811,0,2;812,-16,-2;813,-14,4;880,-13,-9;881,10,3;882,4,-2;883,16,1;886,22,-3;889,26,-1;890,5,1;893,80,-4;895,9,-1;896,17,-3;897,11,2;898,1,-2;899,6,4;902,37,-2;903,7,-1;904,11,0;905,10,-1;906,10,-3;907,12,3;908,12,-12
rua||palmira gomes|nova aurora|26155590|11,-2272411,-4340669;28,14,2;49,29,-5;61,-44,24;104,-12,8;105,-11,-6
rua||pedro gomes|santa marta|26173160|28,-2272890,-4335861;29,10,1
rua||pimentel gomes|jardim almo|26116070|12,-2275343,-4340057;13,-11,-1;14,-11,0;15,-19,-2;16,7,-8;31,42,10
rua||pimentel gomes|jardim|26116070|2,-2275361,-4340069;4,50,1;24,-47,1
rua||projetada g|lote xv|26185537|89,-2271838,-4332634
rua||projetada g|parque sao borges|26182430|18,-2270655,-4334672
rua||reinaldo goncalves|roseiral|26176265|8,-2271239,-4334615;9,-7,-7;18,-53,-89;23,-255,-291;370,355,437;371,-11,-5;942,-43,-63;1984,-16,-19
rua||reinaldo goncalves|santa emilia|26176265|20,-2271716,-4335184
rua||reinaldo gonsalves|santa emilia|26176265|5,-2271841,-4335205
rua||reinaldo gonsalves|santa emilia|26177325|6,-2271850,-4335256;7,13,8;10,31,15;498,12,16;502,-1,4
rua||rua billi graham|barro vermelho|26110061|24,-2274449,-4337665;25,7,-1;26,8,-7;27,0,-2;28,12,-10;29,3,-3;30,5,-6
rua||rua billi graham|barro vermelho|26110063|1,-2274386,-4337714;2,-4,-1;3,-8,5;4,2,5;5,-12,1;6,-2,7;7,-14,7;8,6,1;9,-14,9;10,-18,6;12,-2,7;13,-8,7
rua||silva gomes|jardim do ipe|26186420|5,-2271173,-4335074;6,1,14;7,0,4;8,-20,18;9,18,2;10,-14,6;16,19,15;19,-488,-233;20,487,167;21,15,-9;22,-10,19;40,32,-122;41,2,14;153,7,-102
rua||torres goncalves|areia branca|26112320|33,-2275015,-4340868;65,17,14;75,-27,20;85,37,-1;95,7,25;105,-1,-9;115,13,21;123,3,8;130,5,17;132,-5,-8;133,10,-5;134,0,18;143,4,-12;151,3,17;153,6,5;163,-5,4;176,-13,-19
rua||vera maria guida|miguel couto|26157579|128,-2271041,-4342710;782,51,184;783,1,-5;784,-10,-9;785,3,-7;786,-8,-10;843,-3,-28;844,1,-10;845,8,-12;846,-17,-13;847,4,-15;848,-8,-8;909,-3,-16;910,2,-8;911,-3,-4;912,-4,-10;913,4,-17;914,-14,-7;980,-3,-27;981,-2,-1;1057,-19,-51;1058,15,-27;1059,-11,14;1061,12,-33;1135,61,322;1136,-11,-12;1137,2,-17;1138,0,-8;1139,-5,-15;1140,1,-4;1141,-1,-9;1142,-5,-9;1143,-1,-5;1147,-7,-41;1152,-12,-52;1153,8,-13;1154,-7,-1;1155,-10,-11;1156,0,-2;1159,-5,-40;1160,-1,-11
rua||violeta griffont|jardim do ipe|26180410|11,-2271200,-4334982;15,34,10;17,-126,-32;18,-2,-5;22,-24,0;25,-22,-16;28,52,29;29,16,13;30,39,-2;356,136,-49
rua||violeta griffont|maringa|26180410|6,-2271398,-4335039
rua||violeta grifont|roseiral|26173310|3,-2271570,-4335090;5,6,5;15,52,8;16,-16,2;18,-20,-17
rua||waldemar guidorizzi|vila pauline|26171120|6,-2273716,-4335974;10,-18,-37;11,-3,-9;12,-11,-9;13,18,55;61,-11,-33;81,18,12;120,-72,-101;1240,98,119
rua||walter gomes|parque novo lar|26193575|2,-2275241,-4333280;4,-1,-2;5,-10,-33;7,-4,-27;8,5,-4;26,8,51;38,3,-16;51,-12,-17
travessa||da gloria|santa tereza|26196304|15,-2274524,-4335051;17,-2,41;30,-7,-42;31,-5,-1;53,20,13
travessa||garanhuns|santa tereza|26193420|100,-2274239,-4334730;103,-10,11;104,-15,8;105,12,-8;106,-15,17;107,9,-12;108,-9,3
travessa||gaucha|parque sao vicente|26172144|3,-2272786,-4336902;5,-25,-16
travessa||gaucha|sao vicente|26172144|4,-2272792,-4336911;9,-17,-28;43,11,17
travessa||genita|apolo 12|26173232|15,-2272678,-4335945
travessa||genita|santa marta|26173230|3,-2272772,-4335846;12,-10,12;25,12,-18;29,5,-25;36,57,-52;39,-48,63;50,0,-1;52,14,-18;54,-9,3;62,11,-10;64,-19,-28;66,3,2;105,24,10;115,10,-5;125,5,-5;136,8,-11;446,-5,6
travessa||gramania|jardim redentor|26110180|58,-2275705,-4336581;157,-5,42
travessa||granado|andrade de araujo|26135540|215,-2274594,-4342286
travessa||graziela|nova aurora|26155490|3,-2271349,-4340041;6,23,18;31,-21,-10;38,13,-6;48,-2,7;50,10,8;51,-1,-4;60,18,13;75,-1,-6;78,6,2;91,-2,1;92,12,8;93,11,2;94,10,9;96,-31,-8;98,37,4;100,-19,-12;104,13,13
travessa||guaranis|heliopolis|26140014|1,-2273479,-4341859;2,11,24;3,-11,-22;4,0,-10;5,3,11;13,-2,-8;14,10,26;15,-6,-13;16,8,14;22,3,10;25,13,23;27,-31,-62
travessa||guassupi|barro vermelho|26115110|4,-2274159,-4337923;5,6,1;6,6,5;219,-70,-7
travessa||guassupi|barro vermelho|26115777|1,-2274174,-4337928;2,-5,-4;3,-13,2
travessa||g|santa helena|26175700|4,-2272739,-4334300;8,-4,-4;34,5,21;36,-1,13;50,-4,-36
travessa||lopes gentil|andrade de araujo|26135650|2,-2274394,-4341997;3,3,1;4,-13,-50;5,16,56;6,5,11;7,-9,-13;8,-4,13;9,5,-18;10,3,11;11,-8,-14;12,6,13;13,-3,-24;14,5,11;15,-11,-18;16,3,16;17,-1,-21;18,6,20;19,-3,-16;20,-2,16;21,3,-32;22,-2,16;23,-5,-20;24,-1,-16;25,1,12
travessa||luiz francisco goncalves|santo antonio da prata|26130365|3,-2276375,-4341209;7,-9,-21;9,-5,-8;11,-4,-7;17,-15,-28;18,-4,-6;20,-4,-9;21,-4,-1;22,0,1;23,-11,-6;24,-1,4;25,-3,-6;26,0,0;27,-9,-4;28,-10,-6;29,3,0;31,83,107;32,-88,-106;34,-4,-17;38,-24,-5;45,111,114;47,-7,-11;50,-10,-29;90,-2,4;100,-7,-12;110,-3,-9;120,-1,-6;125,6,15;143,-66,-50;154,-7,-9;190,27,16;200,-7,2;205,-8,-14;209,-18,1;210,13,1;294,-11,-12;295,-20,0;296,10,1;297,-11,-5;298,-1,4;299,-10,-8;300,9,-1;313,-11,1;314,13,-8;321,-21,2;325,-5,-5;337,-8,-4;408,3,-7;410,9,4;418,20,8;3419,138,159;3496,-27,-42
travessa||paladino garcia|vila madalena|26130290|1,-2276606,-4340743;2,6,-41;3,-18,44;4,15,-40;5,15,7;7,7,1;9,-46,-10;11,70,-37;12,-82,19;15,33,-13;17,-58,4;19,49,-4;20,52,38;23,-136,-42;24,69,-2;25,-83,-11;26,24,8;30,-34,-15;33,-19,-16;36,-5,3;43,97,16;50,-30,25;74,69,25;86,-168,-78;96,199,54;100,-69,4;103,0,12;106,-102,-57;109,-15,-7;116,155,40;131,-71,6;136,32,11;145,-82,-42;155,4,-2;166,51,28;179,-21,11;186,-6,-26;190,-19,-13
