alameda|dona|edite|jardim primavera|25215208|5,-2268759,-4328072;9,23,-18;10,0,1;11,-11,11;12,0,-2;13,5,-1;14,-11,3;16,-12,1;18,0,2;20,-12,1;22,-10,-10;23,1,3;25,-14,1;26,-16,11;28,36,-13;30,-25,14;62,69,-21;101,6,-1;504,88,-66;505,-6,8;506,-10,10;508,-15,8
alameda||boa esperanca|jardim primavera|25225000|5,-2269810,-4325964;7,-16,5;21,-49,6;25,-41,-3
alameda||equipinda|jardim primavera|25214070|8,-2268023,-4327302;9,-6,21;10,-23,46;50,32,-41;68,-14,-151;76,14,7;85,-22,104;115,-2,-90;125,-3,16;145,-4,21;246,10,46;272,10,27
alameda||esmeralda|jardim primavera|25215260|20,-2268626,-4328409;25,2,-2;47,22,-9;50,15,4;120,30,8;122,13,-9
alameda||estun|campos eliseos|25215050|33,-2269406,-4328680;34,-19,-8;35,39,4
alameda||e|jardim primavera|25213130|1,-2267653,-4327663;3,-10,-3;5,-23,-21;7,11,25;8,0,3;9,-31,-20;11,-235,-12;13,277,-2;15,-70,16;17,-1,-6;19,-7,2;20,15,26;21,-7,1;23,-22,-31;25,-187,0;27,189,2;29,-28,5;31,-2,0;32,-51,20
avenida||canal esquerdo|santa cruz da serra|25271675|16,-2266485,-4326796;18,5,-30;21,34,-165;25,25,-39
avenida||canal esquerdo|vila maria helena|25271675|23,-2266366,-4327259;36,67,-117
avenida||eduardo|prainha|25010750|6,-2279977,-4332325;100,6,1;106,-6,4;117,-34,-2
avenida||eldorado|parque eldorado|25240480|4,-2264279,-4329620;8,35,-40;10,114,-367;17,-152,431;19,-4,0;23,171,-400;29,-40,134
avenida||pedro ernesto|santa lucia|25271300|6,-2262548,-4321004;7,57,-69;18,47,-82;19,-3,10;21,-21,9;22,13,2;24,-33,34;25,-2,7;26,-8,10;30,-66,89;31,-10,14;33,-12,13;34,-3,16;35,-17,-3;37,-3,27;38,-7,9;39,-22,7;40,10,9;41,-8,10;43,-15,24;46,-19,25;126,148,-197;128,72,-95;326,-68,80
avenida||republica do equador|santo antonio|25085009|20419,-2262664,-4328687
beco||2 da rua lemos a esquerda|km 51 xerem|25250625|212,-2259661,-4332066
beco||2 da rua lemos a esquerda|xerem|25250640|11,-2259675,-4332073;222,43,10;229,-7,-13
beco||da esperanca|campos elisios|25225450|6,-2270234,-4327412;7,-11,-5;9,-3,5;11,-20,1;13,-23,-2;14,4,-1;16,74,7;18,-44,13
beco||escadaria|jardim gramacho|25055200|16,-2276559,-4328577;17,-2,-15;19,-12,2;146,50,-14
beco||escorpiao|parque centenario|25030550|1,-2277735,-4332219;3,12,8;4,50,-13;5,-23,15;6,3,11;7,5,-13;8,22,-9;9,3,-4
caminho||das estrelas|parque centenario|25030425|15,-2277739,-4332288;16,-19,0;20,53,22;21,-22,-27;23,0,-22;25,-1,14;26,42,27;27,-9,-40;30,-18,-22;31,8,-2;34,29,75;35,-27,-91;36,1,-12;38,12,-9;44,-28,-17
estacionamento||estacionamento|parque duque|25085190|2,-2279666,-4328980;61,-4,2;64,0,0
estrada||boa esperanca|piranema|25250690|43,-2265986,-4337456;44,318,-581;46,286,8;87,-383,436;125,-398,-230;205,780,-516
estrada||boa esperanca|xerem|25245810|1050,-2258950,-4340593
estrada||boa esperanca|xerem|25250000|41,-2265015,-4334754;500,365,192
estrada||das escravas|amapa|25250000|16,-2264660,-4339614;67,-2092,3517;75,1363,-2227;89,-50,48;130,492,-973;176,199,-276;240,-30,64;263,-370,258;270,204,-29;472,-21,-102;490,309,-281;560,-282,312;605,0,61;790,-566,2387;1169,535,-1862;1208,50,67;1390,-52,158
estrada||das escravas|piranema|25250000|17,-2264655,-4339616;460,32,14;605,-314,360;804,4,46;1169,34,564
estrada||das escravas|xerem|25250000|472,-2264968,-4339336
estrada||escravas|amapa|25250585|23,-2264755,-4335697;76,-687,250;670,1453,-2715;865,-1703,1857;3009,741,-628;46335,106,1389
projetada||e|santa cruz da serra|25251010|1,-2264563,-4328206;15,-122,10;19,38,-7
rua|dom|eugenio|pilar|25233195|10,-2270394,-4330074
rua|dom|eugenio|pilar|25251240|46,-2270384,-4330096
rua|doutor|carlos esteves|chacrinha|25065005|1407,-2277318,-4328693;1455,40,35
rua|doutor|carlos esteves|vila sao luis|25065005|6,-2278141,-4329566;7,-1,-6;8,-10,-7;9,-10,-16;10,-18,-12;20,540,571;34,-541,-556;35,-52,-43;36,30,-12;38,4,20;57,11,11;58,93,77;60,-11,37;61,30,-2;72,-44,11;74,-6,2;75,38,-6;77,-8,-29;78,2,25;86,-64,-87;91,91,113;111,17,-20;128,-68,-47;149,16,-21;152,88,135;185,636,671;187,-18,-18;201,19,21;203,13,-6;206,-688,-721;216,3,13;218,3,3;229,19,20;233,-9,-29;236,-1,21;239,9,-16;249,-11,9;250,17,4;258,-4,22;259,0,-14;260,3,16;318,30,26;336,292,310;338,-277,-295;348,7,7;350,9,9;352,7,9;355,-60,-74;573,215,237;580,-79,-64;586,203,200;614,-181,-192;618,1,-6;621,257,276;622,-259,-268;626,8,-5;630,1,0;634,1,10;672,157,159;682,3,6;683,-11,-10;688,14,22;693,-104,-122;713,17,21;717,-9,-14;764,145,164;765,-3,-3;766,-15,-7;767,23,6;770,-3,16;781,-77,-88;787,90,80;789,-12,12;790,8,1;793,10,-3;805,47,52;814,-46,-32;827,-76,-101;832,94,102;835,50,52;844,-40,-33;845,13,8;854,-4,16;858,-1,-17;867,16,12;868,-2,3;878,10,6;880,-36,-33;893,-97,-112;906,160,179;913,2,-6;915,1,3;917,17,-9;924,-10,18;936,5,8;937,3,-5;939,43,-7;973,-71,-25;985,-43,-38;1025,21,22;1122,12,15;1175,110,119;1200,35,29;1921,-186,-193
rua|doutor|carlos esteves|vila sao luiz|25065005|1,-2277831,-4329236;3,91,99;28,-208,-232;155,-11,-9;170,203,226;191,-199,-255;281,15,50;285,8,7;296,-19,23;307,-47,-107;309,6,22;311,6,3;329,11,14;342,71,78;345,26,29;349,-85,-93;358,29,39;360,-18,-25;375,82,88;379,-13,-15;383,23,23;411,-69,-67;420,124,131;421,-109,-138;431,10,10;437,170,198;439,-176,-183;440,164,191;449,-155,-185;455,3,14;480,106,102;490,-135,-132;500,11,5;502,113,134;520,-102,-128;555,173,191;572,-21,-14;582,-8,12;593,-92,-132;600,122,141;661,-25,-34;663,7,2;667,-5,-21;714,-23,-8;745,33,39;810,24,18;815,-37,-37
rua|presidente|eisenhover|cangulo|25221090|19,-2270105,-4323256;41,7,-22;260,-3,30;266,4,-13;284,-1,-9;290,4,-6;296,1,-9;302,0,0;308,1,-8;314,-1,-7;320,-9,-7;326,5,-2;332,18,-7;338,8,-12;344,-8,-1;350,3,-1;356,3,-5;362,-4,-1;366,8,-16;380,1,-6;386,4,-7;392,-1,-1;398,3,-12;416,6,-16;422,1,-3;426,2,-14
rua|presidente|eisenhower|cangulo|25221090|5,-2270181,-4323005;7,2,-2;9,2,-1;15,7,-8;21,-5,-1;27,-4,-11;33,11,-7;39,2,-4;45,2,-8;51,-6,1;57,16,-9;63,-6,-3;69,-5,-9;75,7,-1;81,0,-6;87,2,-5;93,2,-2;99,-1,-15;105,5,-8;111,2,2;117,-3,-2;135,7,-26;141,0,0;147,3,-7;153,8,-9;159,-7,-8;165,7,-3
rua|princesa|elisabeth|santa lucia|25275663|120,-2263521,-4321251
rua|profeta|elizeu|campos eliseos|25215467|2,-2269914,-4327711;3,-45,22;5,-24,20;6,1,-5;8,-12,12;9,20,-14;10,-15,10;11,10,-4;12,16,-14;21,26,-22
rua|rainha|elisabeth|santa lucia|25275663|10,-2263493,-4321284;141,28,-31
rua|santo|elias|parque fluminense|25046340|3,-2272359,-4331956;14,18,-1;16,-28,-6;25,-105,-42;34,-6,39;45,-78,-88;81,246,101;151,-69,-8;190,-163,-95
rua|sao|joao evangelista|pilar|25235040|35,-2270749,-4331219
rua|sao|joao evangelista|pilar|25235140|2,-2270659,-4331214;6,-191,-8;13,39,0;15,-30,3;16,-34,6;18,46,-3;22,10,3;13340,173,-5
rua||boa esperanca|mantiquira|25085470|1,-2260844,-4330684;2,23,-2;3,-3,-6;4,10,-8;10,-33,7;12,32,-12;20,52,-19;21,-2,0;22,11,-9;23,-1,2;24,15,-9;25,4,1;26,7,-5;27,2,-2;28,2,-1;29,24,-11;30,-25,12;31,34,-16;32,-3,-3;33,7,2;34,-2,-2;35,2,-3
rua||boa esperanca|meio da serra|25085470|350,-2260198,-4327436;351,31,-33;480,-17,9
rua||boa esperanca|parque beira mar|25085470|1,-2278927,-4328959;3,-19,27;4,23,-26;12,-38,39;15,-17,22;20,-19,12;27,52,-51;28,7,-12;40,-18,26;41,35,-37;50,-31,47;51,26,-40;60,-40,43;75,20,-21;200,-22,31;201,2,-8;205,-16,21;207,-6,6;209,1,1;248,19,-32;268,-16,27;640,-27,-1
rua||caminho das estrelas|periquitos|25025000|2,-2277764,-4332447;4,-6,5;49,53,43;50,-2,-2;51,-21,2;55,3,-6;57,-6,-6;59,-20,-13;62,45,19;66,-11,-10;70,-40,-32;74,5,24;76,-13,-6;77,-6,-9;80,-1,-25;81,-6,12;90,33,23;91,1,-1;94,1,2;101,21,16;105,-12,-20;107,-8,33
rua||da esperanca|jardim gramacho|25055340|1,-2275127,-4327851;2,-5,-40;6,11,34;7,-2,-24;8,-1,7;9,-3,6;10,5,17;11,0,19;12,-2,-6;13,12,14;17,-5,-40;19,-2,18;20,-13,-18;21,7,37;22,7,8;24,-2,-23
rua||da esperanca|sao bento|25045057|2,-2273201,-4330883;4,2,11;6,7,17;8,2,3;10,-1,19;12,15,18;13,-10,7;15,4,-2;36,3,18
rua||da estacao|saracuruna|25211250|7,-2267751,-4324939
rua||da estacao|saracuruna|25212410|4,-2267768,-4324898;5,52,-123;6,-69,162;7,-11,26;8,64,-159;11,-46,124;15,-19,30;55,81,-198;65,-63,183;125,-8,-68;129,21,12;190,47,-120
rua||da servidao e|mantiquira|25220578|1,-2258712,-4330406;3,17,-5;15,-18,4
rua||da servidao e|mantiquira|25250578|7,-2258714,-4330407;119,3,13
rua||das esmeraldas|sao bento|25045060|2,-2273067,-4330080;5,-17,28;6,1,14;8,-4,4;11,-1,14;12,5,-10
rua||do esporte|sao bento|25045302|1,-2271953,-4330840;3,-15,16;4,9,-13;5,-31,19;6,23,-2;8,-12,20;10,-12,-22;12,2,73;14,-6,-11;18,-17,11
rua||dos esportes|cangulo|25220000|10,-2269268,-4324599;16,-48,14
rua||dos esportes|cangulo|25220407|15,-2269324,-4324589;22,15,43
rua||dos esportes|cangulo|25220500|10,-2269210,-4324648;11,-6,7
rua||echeverria|jardim rotsen|25267142|170,-2263419,-4323689
rua||edimburgo|capivari|25245232|13,-2264889,-4333386;15,-31,-16;30,94,50;568,131,63;629,-62,-29;703,-29,-38;730,2,24;830,-39,-15;833,-82,-48;834,-16,-6;2415,142,82;2416,-41,-15
rua||edmundo|mantiquira|25250550|1,-2258375,-4330286;3,5,11;5,1,-36;7,19,58;8,8,26;9,-31,-58;11,16,-33;12,17,80;14,-15,-28;38,4,3;40,16,10;43,-5,-9;45,22,9;47,-7,-1;50,-32,-15
rua||ee|jardim anhanga|25264665|1,-2264946,-4324012;3,4,0;5,122,-167;12,50,-62;13,-103,142;15,251,-310;18,-92,101;21,-146,168;25,127,-153;26,-3,4;28,-167,210
rua||egina|jardim primavera|25214470|24,-2268423,-4326086;161,-92,-73;308,100,83;309,-15,-10;310,-6,-10;311,-10,-4;312,-9,-4;313,2,-6;314,-14,-10;315,-7,-4;316,-10,-8;317,36,29;319,-23,-16;320,8,11;321,2,-5;322,14,18;324,23,14;325,7,12;327,10,3;334,-80,-66;335,8,10
rua||egito|saracuruna|25212663|1,-2267504,-4324372;2,5,-21;3,10,-9;4,-2,1;5,9,-2;6,3,-8;7,-17,32;8,-22,-4;9,49,-6;10,-25,-18;12,10,-8;13,18,-4;16,-18,3;20,51,5;21,-2,0;22,11,5;23,8,2
rua||egito|saracuruna|25212673|3,-2267461,-4324395;7,5,-11;20,14,47
rua||eider|chacara rio petropolis|25245140|10,-2265415,-4331530;12,-236,-151;13,51,32;14,65,35;15,-44,-26;17,22,-12;28,58,51;34,10,9;39,122,75;51,124,75;66,-204,-125;78,191,116
rua||einstein|jardim leal|25035660|17,-2275945,-4331707;26,-12,19;128,82,-133;129,-83,134;251,4,1;712,25,-41;741,88,-155;751,-2,-9
rua||einstein|olavo bilac|25035660|21,-2276125,-4331378;22,9,-14;27,27,-47;28,14,-16;30,-11,19;38,51,-74;52,-141,224;139,164,-323;577,-50,149;633,-59,66
rua||eistein|jardim leal|25035660|131,-2275863,-4331836;134,34,-38;287,-47,63;740,30,-61
rua||eliezer|mantiquira|25250637|4,-2259490,-4331318;14,-1,9;15,18,-7;17,-10,1
rua||emboabas|capivari|25245320|1,-2264572,-4333268;5,-122,228;6,16,-37;7,-6,15;9,132,-221;10,-113,183;11,14,2;17,20,-62;18,10,-11;19,4,-4;20,6,-14;21,20,-46;88,3,4;89,0,3
rua||emilia|prainha|25015602|5,-2280104,-4332757;7,27,-8;9,7,-16;10,-33,22;12,6,0;16,13,-3;17,10,-3;18,-16,-3;20,23,-11
rua||emir|morro do sossego|25040390|12,-2274484,-4332724;113,12,-21;133,-3,3
rua||emir|vila sao jose pantanal nossa senhora|25040390|61,-2274629,-4332580
rua||encantada|vila sao luis|25070250|3,-2278045,-4329684;8,-92,1;16,12,2;35,68,3;38,-34,-3;40,17,-4;55,-41,0;56,15,6;60,5,6;64,3,-11;70,6,9;71,4,-11;85,17,8;105,11,-2;1270,18,0
rua||entrada|parque das missoes|25086570|40,-2280524,-4327792;68,54,-6;157,-65,17;164,46,-51;271,-47,34;406,15,-8;409,-6,6;415,18,8;422,-1,-13;425,13,6
rua||epson|sao bento|25041080|2,-2273302,-4331272;8,60,29;16,-28,0;18,-20,-7;20,-27,-15;80,33,1;179,0,3
rua||ervalha|bom retiro|25223710|1,-2269905,-4324648;2,13,2;3,8,3;4,9,9;5,7,2;6,-7,-11;7,-17,-5
rua||ervalia|bom retiro|25223710|1,-2269857,-4324848;2,-17,38;3,14,-20
rua||escobar|pilar|25233060|1,-2271428,-4330521;3,169,5;4,74,4;5,-126,-26;6,116,28;8,-177,-9;9,122,1;10,104,0;11,-110,6;13,-87,-5;14,84,9;15,29,1;17,-55,-10;18,-151,-28;19,143,37;21,-4,-5;22,-6,-9;23,-3,-4;25,-21,16;30,-255,-9;32,442,3;324,14,-11;348,-1,-4
rua||espanha|parque paulista|25261230|1,-2263774,-4326759;6,-122,52;9,139,-66;10,-18,9;213,-126,55;236,6,-8
rua||espanha|parque vila nova|25011572|3,-2279670,-4330833;7,6,5;11,2,0;17,7,-6;21,2,4
rua||espanha|parque vila nova|25011580|17,-2279700,-4330822;18,10,0;20,-29,3;25,10,-5;27,-5,4
rua||esperancas|jardim gramacho|25055350|19,-2275125,-4327777;21,0,13;22,2,-7;25,-1,33;27,0,8;29,-1,12
rua||esperanca|chacaras arcampo|25235255|2,-2266933,-4327576;4,13,-4;5,4,-9;8,10,3;9,25,4;10,-5,-1;14,17,1;15,22,24;16,-15,-24;17,26,6;18,4,-1;21,21,2;22,-13,4;23,19,-3;24,-20,2;25,31,-5;26,-22,5;27,31,3;28,1,3;29,4,2;30,-8,-6;31,36,13;33,6,0;40,1,5
rua||esperanca|pilar|25045057|49,-2270728,-4330819;211,6,-70;213,0,12;214,0,-2;215,0,8;216,-7,0;217,7,7;218,-5,4;219,4,1;220,-3,3;221,2,38;222,12,-40;223,-11,41;224,-1,3;226,-1,14;227,-3,4;230,2,10;231,-2,7;232,-2,2;233,8,-2;234,-1,8;235,-4,6;237,2,9;238,-1,-3;240,0,8;299,0,-40
rua||esperanca|sao bento|25045034|1,-2272348,-4330311;3,-9,5;4,-4,4;5,2,5;6,-8,1;7,1,9;8,-7,-1;9,9,8;10,-11,2;11,1,11;12,-8,-7;13,-4,20;14,5,-12;15,4,13;16,-7,-1;17,-3,13;18,-14,-12;19,9,14;20,-4,8;21,-1,6;22,-1,-5;23,7,16;24,-18,-11;25,11,14;26,-12,1;27,7,15;28,-8,-12
rua||esperanca|saracuruna|25211360|1,-2267615,-4326364;2,-5,-6;3,0,-9;4,0,0;5,6,5;6,-11,-27;7,-8,-30;8,9,16;9,2,15;11,0,-14;12,-3,-8;14,12,-17;15,-40,-26;17,21,12;18,19,-32;19,-15,37;21,0,-9;23,10,-27;25,4,-14;27,31,-11;29,-3,-5
rua||esperanca|saracuruna|25235255|24,-2267581,-4326514;28,18,-8;30,8,-9;34,15,-5;35,10,-10;94,-16,7
rua||essex|chacara rio petropolis|25245170|8,-2264990,-4331665;12,74,41;13,11,3;17,43,29;18,16,-8;29,-231,-127;44,239,130;46,5,10
rua||ester|campos eliseos|25215475|17,-2269875,-4327785
rua||esther|cidade dos meninos|25233001|2,-2270216,-4330658;5,9,-1;6,4,4;8,3,8;9,15,-10;10,-12,1;11,19,7;12,1,-2;13,8,-1;14,1,6;15,6,0;16,4,3;17,4,-7;18,3,6;21,16,0;24,11,9;25,5,-1;26,0,3
rua||etrusca|parada angelica|25272520|1,-2261584,-4320132;7,15,-18;8,9,-8;9,8,-3;10,18,-6;11,8,-1;12,16,-8;13,29,-18;14,-17,8;15,17,-9;16,3,-4;17,14,1;18,6,-6;20,-16,13;22,-26,19;24,-25,10;80,-9,6
rua||eucalipto|chacaras arcampo|25250520|58,-2266386,-4327605;59,-11,9;60,1,10;62,-11,12;63,-4,9;64,-3,5;65,-5,1;66,0,15;68,-16,6;69,4,2;70,-10,12
rua||eure|chacara rio petropolis|25245160|13,-2265006,-4331560;23,-287,-176;28,212,125;29,18,13;30,4,6;31,-39,-21;36,106,63;37,22,11;38,1,10;39,27,5;40,11,8
rua||eurico|xerem|25245600|5,-2257161,-4331455;20,16,14;22,-5,3;61,20,-5;63,-37,15;65,13,-10;67,10,-8;73,-26,19;75,-16,6;77,-13,-1;80,-1,9;90,-2,1;100,-11,2;110,-11,-7;120,-9,-1;130,-23,-7;141,123,-25;145,-75,38;149,0,-15;155,-16,4;159,-16,0;160,7,3;165,-14,-1;170,-1,-4;175,12,5;182,-26,1;185,-16,3;187,-19,-6;195,16,-4
rua||euro|parque da equitativa|25260360|3,-2263352,-4326946
rua||e|amapa|25055230|3,-2268559,-4335087;15,-2,-12;16,61,-50;17,14,-16;21,28,-21;35,-112,109;55,-38,35
rua||e|amapa|25235433|6,-2266838,-4335526;9,-12,-65;11,7,46;13,-15,19;16,16,-30;17,11,89;213,-19,-148;936,6,-82;962,-5,30
rua||e|chacaras arcampo|25030266|28,-2266366,-4327501;29,-6,-5;30,-6,-4;31,-4,-3;32,-11,-4;33,-7,-5
rua||e|jardim primavera|25212270|2,-2268245,-4325717;4,17,19
rua||e|jardim santa rita|25212270|12,-2268236,-4325698;263,-83,-133
rua||e|pilar|25233287|1,-2271349,-4330156;22,67,20
rua||e|pilar|25233299|1,-2271343,-4330147;2,-236,11;3,351,-19;4,20,2;5,35,14;8,-40,-2;9,15,9;11,-2,1;13,-12,-1;16,-27,-15;18,-6,8;19,-3,5;21,-13,-3;23,-12,1;24,-25,-4;26,-10,3;27,9,2;28,-31,-1;29,30,1;30,-37,-1;31,29,2;32,-59,-5;33,41,6;34,-56,-5;35,42,5;36,-38,0;39,23,-5;41,-18,0;42,-67,5;45,54,-2;46,-91,2;47,81,-2;48,-105,-6;49,97,6;50,-104,-4;52,-25,5;54,2,-1;55,84,3;56,-107,-2;57,99,2;59,-14,-6;65,-27,2;67,-14,-3;71,-20,12;75,-30,-8;77,-6,4;79,-6,2
rua||e|santa cruz da serra|25240102|1,-2265082,-4328998;3,-4,-2;5,-8,-14;7,0,-9;9,3,-10;11,1,-6;13,-1,-19;14,-8,-4;15,9,2;19,-20,-3;20,-11,-3;22,-17,-3;23,0,-3
rua||e|santa cruz da serra|25240107|2,-2265091,-4329001
rua||e|santa rosa|25253640|54,-2257484,-4325177
rua||e|saracuruna|25212270|1,-2268307,-4325844;3,2,20;4,-3,-2
rua||e|vila santo antonio|25042250|2,-2274316,-4331898;4,-1,10;9,8,12;11,12,16;12,-12,-10;14,13,-27;15,-53,19;17,33,48;18,17,-12;19,-14,-19
rua||e|vila sao jose|25040160|1,-2275081,-4331156;2,4,-10;4,16,5;5,21,-14;6,-12,10;7,5,-5;8,19,0;9,14,-12;10,-1,9;11,5,-12;12,-6,9;13,10,-20;14,32,10;16,-17,2;18,6,-3;42,62,-7;50,3,4;51,6,-2
rua||e|xerem|25245670|1,-2256836,-4331694;2,-1,-5;3,-2,-1;4,-3,-7;5,-6,-8;6,2,-2;7,-10,-11;8,0,1;9,-6,-8;10,-2,-3;11,-1,-8;12,1,3;13,5,7;14,3,3;15,6,6;16,3,0;17,2,4;18,3,8;19,6,9;20,-3,0;21,10,4;22,-2,6
rua||fernandes esteves|mantiquira|25250407|1,-2259074,-4330596;6,21,22;8,7,0;11,-14,-8;12,-1,-6;13,-1,-14;15,-9,-10;16,4,18;17,-14,-31;18,1,20;28,-6,-13;30,-4,-3;31,13,9
rua||nova esperanca|pilar|25235100|11,-2271263,-4331429;39,91,-12;40,10,-1
rua||patio da estacao|saracuruna|25220044|11,-2268015,-4324895;12,2,0;13,-10,1;14,-23,-10;18,-13,35;20,-6,6;25,18,-1;30,7,-17;31,-10,14;32,-7,3;38,9,-2;41,82,-13;75,-116,34;76,4,-2;84,74,-54;299,25,11;514,16,29;515,7,-1;604,9,12;614,29,40;615,-8,-11
rua||pedro ernesto|bar dos cavalheiros|25015290|69,-2279445,-4332044;115,-34,16;130,3,6;131,144,-53;145,-107,36;150,71,-5;155,-15,-15;156,37,-6;158,-18,3;180,19,-3;230,-49,13;232,18,16;238,-15,-11;326,-137,36;327,-9,8;333,47,-21;337,-15,12;364,8,-4;380,9,-6;388,14,-5;404,3,0;410,16,-4;415,245,-84;416,-235,95;434,253,-83;435,3,-18;436,17,22;441,-18,-25;446,-323,114;461,96,-36;463,-15,6;464,8,-3;478,26,28;482,-7,-28;507,-107,26;509,-11,5;511,21,3;517,-34,6;521,141,-52;523,-10,3;561,60,-21;611,49,-10;613,6,-2;615,10,-8;617,8,-3;643,2,-2;743,87,-33;753,14,-1;756,0,10;757,13,-12;758,-25,18;759,29,-15;760,10,-1;762,-20,9;768,-11,2;777,-323,97;779,353,-120
rua||pedro ernesto|engenho do porto|25015290|306,-2279266,-4332090;346,28,-11;612,-58,17;614,16,28;626,4,-16;648,20,-6
rua||pedro ernesto|santa lucia|25271300|7,-2262510,-4321049;8,-2,-3;11,-136,196;14,17,-32;15,174,-234;16,-162,224;17,166,-230;18,-154,211;19,4,-12;20,12,-10;21,8,-8;24,15,-22;25,14,-11;26,12,-7;30,-118,139;52,18,-16;108,201,-284;172,-63,94;174,21,-8;193,-199,244;204,68,-89;214,36,-45;433,10,-12;451,133,-162;457,3,-27
rua||profeta elias|campos eliseos|25215474|6,-2269902,-4327762
rua||profeta elias|parque imperio|25215474|10,-2269851,-4327696
rua||profeta emaus|campos eliseos|25215465|177,-2269781,-4327754
rua||projetada e1|parque vila nova|25011000|1,-2279751,-4330754;3,-10,-51;5,-24,5;6,-28,-17;7,8,5;8,51,55;9,-29,-26;10,-27,-31;11,54,7;15,-5,1;17,-13,26;18,21,-7;19,-16,6;20,19,0;21,-24,-1;22,12,12;23,-5,-17;26,-3,20;27,3,-32;29,-20,-5;31,19,6;33,14,6;34,-4,20;35,-28,-24;37,4,-4;38,27,19;39,-43,-20;41,42,18;43,-17,-22;45,19,7;47,-43,-6;49,41,5;50,2,3;51,-8,-11;52,26,54;53,-20,-49;56,-1,14;57,-13,-18;58,13,4;60,-4,14;61,-11,-17;62,18,2;63,6,-5;67,-12,0;70,3,34;76,6,-1;77,-12,-3;78,6,1;81,12,29;88,-60,-64;100,31,17;102,-2,1;103,4,2;104,-2,-4;105,4,6;106,-3,-1;108,4,1;109,-3,4;111,0,-2;112,-1,0;114,0,1;116,2,8;118,1,7;119,-5,-9;121,8,7;122,-3,6;123,1,-7;124,4,13;125,-3,-7;126,2,2;127,-4,-1;130,-3,-1;131,15,13;135,-6,0
rua||projetada e2|parque vila nova|25011000|4,-2279811,-4330781;8,-7,-26;9,9,34;10,-9,-33;12,3,-3;13,9,27;14,0,25;16,-13,-53;17,8,30;18,-12,-34;21,16,38;26,-14,-38;28,3,5;29,3,16;33,5,12;37,-3,-5;41,8,11;44,-3,-27;46,-15,-11;49,12,12;50,-7,-4;52,-1,-3;53,10,36;54,-10,-27;56,0,-8;57,-4,-6;61,9,6;65,9,44;69,-2,3;411,-11,-45
rua||projetada e2|parque vila nova|25045375|1,-2279818,-4330807;2,4,7;3,1,-2;4,0,8;12,-2,3;18,5,45;19,2,-5;20,6,-6;21,-2,-7;22,-1,-5;23,1,2;24,1,-9;25,-5,4
rua||projetada e|jardim olimpo|25255450|5,-2261827,-4328488;6,-78,21;50,46,-16
rua||projetada e|santa cruz da serra|25260076|20,-2264495,-4327265;47,-73,-42;91,65,17
rua||projetada e|saracuruna|25212170|3,-2267991,-4325673;33,-6,-27
rua||projetada e|saracuruna|25270437|3,-2266634,-4325990;4,-9,-4;8,1,12;11,6,-3;12,-5,12;17,5,-1;25,0,6;31,2,0;45,-1,25;59,-1,0;67,-1,7;73,-1,6;81,0,10;87,2,1;95,-2,13;101,0,6;107,1,-2
rua||projetada e|taquara|25270437|5,-2262387,-4322942;23,4,0;100,-29,-43
rua||projetada e|taquara|25270550|59,-2261960,-4323022;60,-2,2;61,4,18;62,-14,6;63,0,4;64,8,-2;65,-2,11;68,5,-35
rua||real estrela|parada angelica|25272230|2,-2263220,-4320456;4,1001,135;5,-5,2;6,-12,3;7,-5,-1;8,-3,-2;9,-22,-5;10,-14,-11;11,128,39;12,-407,-101;16,-462,-51;21,831,136;22,-23,0;25,-268,-71;26,128,27;27,9,1;28,14,4;30,17,6;32,18,1;46,-1080,-120;47,1,2;50,-44,-3
rua||real estrela|vila getulio cabral|25275000|13,-2262809,-4320489
rua||rogerio escocia|amapa|25235472|22,-2268119,-4335457
travessa||boa esperanca|mantiquira|25250582|159,-2258074,-4330341;171,2,0
travessa||boa esperanca|xerem|25245810|92,-2258578,-4339971;230,78,119;285,-112,-183
travessa||boa esperanca|xerem|25250582|3,-2258092,-4330457;25,4,11;62,1,5;73,15,-9;76,-12,28;77,-1,-6;78,1,13;79,5,3;80,-1,9;81,-2,5;82,0,3;84,-2,-31;85,-5,64;86,6,-18;87,-5,17;88,4,-4;89,-1,13;90,-30,12;91,26,-6;95,3,-4;100,0,-28;101,5,3;570,8,-67
travessa||edir|parque samiropolis|25041705|5,-2273854,-4332207;6,7,-4;7,-1,6;8,18,4;10,11,7;11,1,11;27,-51,-25;30,59,38;31,8,-18;32,-24,27;34,-15,-24;35,-7,8;36,-12,-26;37,-6,-5;38,4,-13;39,-7,-7;45,37,79;46,1,-17;47,-3,-8;48,-7,5;49,-16,0;50,-1,-16;51,5,-13;53,-15,-8;54,-15,-8;56,34,35
travessa||esdras|cidade dos meninos|25030260|1,-2269947,-4330654;2,0,9;3,3,-20;4,-3,4;5,-2,-7;85,-5,21;87,2,8
travessa||esperanca|prainha|25015603|1,-2280069,-4332718;2,-15,28;3,20,-30;5,-23,-17;6,-2,-15;9,3,14;10,9,6;17,4,16;18,-5,-2;25,18,0;26,-39,36;29,27,-37;39,7,-17;44,2,-2;48,3,-12;50,12,4;52,-2,6;54,-2,7;55,-13,-4;56,1,-5;57,0,-14;59,11,12;60,-11,-12
travessa||eurico|pocilga|25250480|1,-2257803,-4329911;3,5,-13;9,24,-30;18,20,-2
travessa||eurico|pocilga|25250586|2,-2257797,-4329912;4,3,-12;6,8,-6;10,14,-29;14,2,-10;15,-1,4;17,7,-18;1008,-19,41
