alameda||ecumenica|jardim nazareno|25931128|16,-2260180,-4319754
alameda||eduardinho|fragoso|25936080|71,-2260134,-4319289;73,2,1;102,31,25;103,12,10
alameda||eduardinho|jardim nazareno|25936080|21,-2259973,-4319146;151,-71,-53;158,9,6;163,-11,-17;183,19,30;184,0,-8;196,17,23;226,9,11;236,16,10;246,7,10;258,19,9;268,2,4;282,6,17;294,14,1;305,7,2;306,0,1;315,9,5;318,-1,-3;330,6,16;365,80,19;407,-49,-10;417,-11,0
alameda||edwirginha|jardim nazareno|25936155|8,-2260159,-4319442;20,11,-10;44,21,18;55,2,-22;56,2,6;57,13,-11;66,-5,3;68,18,0;79,6,2;80,-7,5;81,19,-15;82,1,9;90,9,0
alameda||eliginha|jardim nazareno|25936385|30,-2260579,-4319635;54,-2,-16;60,-12,-3
alameda||eliginha|sampaio|25936385|17,-2260580,-4319631
alameda||elizabetinha|fragoso|25936125|20,-2259744,-4319322;60,15,-37;62,-1,-27;73,16,-96;80,-7,36;94,-5,44;108,3,-17;128,9,-40
alameda||estelinha|jardim nazareno|25936380|45,-2260527,-4319675;47,-12,-3;52,3,-22;64,-5,-4
alameda||esterzinha|fragoso|25936130|7,-2259802,-4319370;31,1,-38;85,1,0;112,13,-45
avenida||ecumenica|jardim nazareno|25936220|158,-2260184,-4319775;160,-7,36
avenida||esperanca|vila esperanca|25901160|1,-2266532,-4302868;3,51,51;26,13,-5;36,219,210;64,-278,-239;94,27,20;101,104,35;106,-71,-15;115,3,-5;117,13,7;118,-3,19;138,16,10;158,19,1;164,-6,6;179,20,-13;188,7,28;190,2,7;214,32,15;215,-1,-1;221,9,4;231,12,12;235,-4,1;241,4,4;250,9,9;251,0,-4;262,13,21;263,-2,-13;267,4,4;270,1,7;275,6,3;283,4,8;303,9,8;307,4,0;314,1,5;317,6,4;318,-2,-1;327,11,11;328,-3,-1;339,14,6;350,-7,4;357,20,16;358,-1,-4;367,9,7;387,17,6;388,-2,16;397,13,6;400,-5,4;418,6,4;427,29,24
estrada||da serra velha da estrela|meio da serra|25933810|35,-2255642,-4318426;53,129,-16;54,-10,-42;55,1,-1;61,69,116;66,-93,-182;68,-27,-30;84,38,83;96,-11,-56;155,120,-153;255,1,0;256,-13,16;257,-34,-1;259,103,-60;437,38,314;444,5,-33;448,-2,25;452,-10,-8;464,-16,10;465,10,4;467,-29,4;483,2,5;484,-7,-55;487,4,37;491,-7,17;503,-1,18;511,-12,8;515,-3,-28;519,-7,-4;523,3,6;535,-42,14;552,32,-34;572,-27,-7;665,-48,56;671,14,1;685,35,2;689,-53,24;703,29,-6;717,17,-5;725,7,0;731,7,1;735,5,0;736,3,10;745,2,-10;746,38,6;749,-26,-6;767,5,8;777,14,3;781,-5,-1;789,17,-20;793,0,12;801,21,10;805,-8,-4;821,10,2;827,11,-3;831,5,-5;841,8,-17;842,-8,5;845,1,-10;873,23,51;2657,-107,-401;3805,-150,391;3809,35,8;4245,130,47;4471,57,-65;4472,-8,2;4521,-32,7;4541,-15,-12;4583,-36,-3;4599,-14,6;4613,-9,-6;4618,-24,30;4623,15,-35;4633,-13,-2;4643,-4,-8;4653,7,-15;4658,-7,-8;4695,-10,-24;4736,71,52
estrada||da serra velha estrela|meio da serra|25933810|20,-2255677,-4318474;57,88,249;184,-82,-195;267,298,131;467,23,5;1900,-126,95;1990,-50,-58;2321,-564,-299;2322,-95,45;2329,317,16;2330,-4,3;2331,6,35;2332,22,33;2333,68,120;2820,152,86;3332,-6,-192;3392,25,25;3422,38,16;3830,27,17;5210,-759,-292;5220,135,32;5224,198,29;7777,308,213;15453,73,-4
estrada||da serra velha estrela|raiz da serra|25933810|5220,-2256165,-4318602
estrada||do encanamento|conceicao|25920565|482,-2264569,-4312257;896,-343,-23;965,0,-1;966,9,-3;976,7,2;986,13,-3;1010,19,0;1054,227,26;1098,-114,-9;1110,22,2;1121,9,-5;1130,-2,1;1144,22,2;1154,23,3;1156,-11,-1;1190,40,4;1226,36,3;1300,136,6;1336,36,5;1418,76,52;1474,44,19;1484,2,3;1496,12,12
rio||escuro|citrolandia|25902692|1,-2259846,-4301667
rua|dona|elvira|piabeta|25937166|28,-2261868,-4318118;40,-21,7;50,-15,-9;60,-13,-6;70,-13,-1;80,-5,7;90,-15,-10;100,-17,2;110,-5,0;120,-10,-4;130,-5,0;140,-20,-3;150,1,1;160,-19,-4;170,-10,0;180,-11,-1;190,-15,0;200,-8,-4;210,-8,-1;220,-11,0;230,-14,-6;240,-4,2;250,-14,0
rua|dona|erika|piabeta|25937162|21,-2261919,-4318289;23,-4,-2;34,-49,39;48,34,-40;68,-16,24;71,1,-1;78,-13,5;82,-6,7;92,-7,-3;93,5,11;104,-15,6;112,-9,3;178,-32,-6;513,122,-46
rua|doutor|carlos esteves|guia de pacobaiba|25924320|48,-2270278,-4315656;60,5,-12;70,-7,-14;74,7,-4;84,-13,-6;94,-9,-4;98,9,-11;124,-7,-12;134,-1,-10;144,-14,-10;156,-1,-21;158,3,2;173,-105,-212;187,77,177;188,13,-6;215,-11,-19;220,-4,-9;225,4,-11;228,0,0;236,-5,-7;248,-1,-5;260,-8,-22;284,-4,-11;285,-5,-2;297,-11,-14;310,18,4;314,-10,-23;336,-5,-10;345,5,0;368,-14,-49;379,6,-5;436,-30,-42;456,-41,-134;458,42,111;482,-9,-11;500,-13,-46;510,-110,-314;529,93,277;532,-3,-22;567,-6,4;568,2,-3;576,-36,-117;667,2,24;669,-15,-45;696,4,4;720,-9,-38;732,-1,8;750,-2,-12;795,-25,-56;798,5,-6;800,-2,-26
rua|doutor|carlos esteves|guia de pacobaiba|25926541|417,-2270419,-4316087;459,8,32
rua|doutor|carlos esteves|guia de pacobaiba|25926828|15,-2270314,-4315737
rua|doutor|eugenio|citrolandia|25902712|9,-2259634,-4301409;26,17,1;27,2,4;72,30,20;73,-4,4;135,-66,-58
rua|doutor|eugenio|mage|25902712|10,-2259660,-4301498;104,2,-68;207,-3,102;430,4,-72
rua|santa|elisa|centro|25931762|90,-2261107,-4317823;120,22,18;126,14,5;174,37,18;180,3,18;182,-2,-11;188,-103,-80;212,124,98;222,-3,17;244,9,6;254,28,16;264,-16,20;276,15,-6;294,27,3
rua|santa|elisa|piabeta|25931762|1,-2261153,-4317841;53,31,2;75,81,57;83,-84,-56;99,30,37;137,28,26;181,31,23;183,-3,2;193,4,7;207,21,1
rua||amelio rodrigues mello ou rua do esquilo|guia de pacobaiba|25924680|1789,-2267947,-4315638;1819,8,-27;2057,165,-233
rua||carlos esteves|guia de pacobaiba|25926541|32,-2270264,-4315632
rua||da escola|sertao|25910272|125,-2258340,-4302799;205,14,35;592,-53,-126
rua||do encanamento|mage|25920565|730,-2265053,-4312378;742,-45,-9;860,145,97
rua||do encanamento|mage|25920595|1053,-2264608,-4312268;1141,-119,-5;1143,36,-1;1163,17,3;1175,2,-2;1187,14,2;1265,87,5;1285,29,3;1291,19,-12;1347,95,30;1367,25,-3
rua||dom emanuel|parque estrela|25938184|2,-2265703,-4320408
rua||dom emanuel|parque estrela|25938240|6,-2265949,-4320590;67,251,344;79,9,-9;890,5,-75
rua||dona elvira|novo horizonte|25937166|621,-2262564,-4318188;622,34,-9;679,-93,-7
rua||dona elvira|vila piabeta|25937166|22,-2262326,-4318163;39,434,48;49,-15,-1;59,-15,-4;71,-6,-1;81,-1,10;89,-27,-6;99,-10,-7;109,-4,-4;129,-25,2;139,-5,1;149,-10,-5;159,-22,0;169,2,-2;179,-12,2;189,-21,0;199,-1,-5;209,-11,-2;219,-10,11;229,-15,-15;239,-5,1;249,-21,3;259,-15,-10;290,-25,-6;300,-17,-1;310,1,1;319,-20,0;320,-7,-1;329,-14,8;330,5,-11;339,-14,3;349,-11,18;359,-9,-26;360,0,-2;369,-7,4;370,-22,-9;372,1,10;379,2,5;409,-69,-33;419,22,24;440,-25,-15;450,-10,-5;459,-5,12;469,-17,-1;479,-6,-1;489,-19,4;540,-50,-16;704,28,3
rua||dona emilia|jaguaribe|25931606|5,-2262127,-4317323;7,118,107;8,113,94;9,-25,-12;10,-4,-11;15,-128,-125;29,152,154;30,-225,-203;31,204,173;32,-203,-137;33,100,49;34,-76,-65;35,7,9;36,8,2;37,19,16;38,-4,-3;42,71,53;47,-29,-11;57,-28,-34;79,124,121;80,-5,-4;89,-13,-8;103,6,-4;115,-17,-8;119,-15,-15;120,22,12;129,-26,-19;169,-27,-26;170,0,-2;180,-15,-5;185,3,-3;190,1,0;219,-21,-20;229,-11,-11;230,6,0;239,-20,3;250,2,-16;280,-25,-14;308,-18,-23;359,-44,-33
rua||egidia|piabeta|25932265|8,-2260509,-4317061;16,19,23;31,68,34;33,-51,-21;35,-5,-12;36,-4,-9;37,-13,-9;59,59,59;72,-37,-32;88,12,15;89,28,17;100,-19,-16
rua||eliane|piabeta|25931506|23,-2261505,-4317036;26,-22,-24;27,14,16;32,-64,-47;42,70,47;46,-13,4;49,2,-13;50,-5,7;59,-3,-10;60,-9,-2;70,-5,-17;79,-21,-9;80,13,2;89,-18,-5;90,6,-9;101,-21,-5;110,5,-5;116,-6,2;118,18,8;120,-24,-17;129,-9,-1;139,-7,-12;149,-7,-4;150,1,0;159,-22,-11;160,6,-1;170,-1,-5;180,0,-3;186,-16,-6;189,-11,-7;190,-7,7;200,2,-10;210,-4,-10;220,-5,-4;221,-6,1;229,-11,-3;230,7,2;240,-8,-12;249,-6,-4;250,-2,-3;259,-8,-4;260,2,-3;269,-3,-4;270,-2,-2;280,-4,-6;289,-11,3;847,-7,-14;870,-14,-32
rua||elisabete|piabeta|25931858|113,-2261068,-4317018;120,-7,-14;490,12,-5;543,-26,-25
rua||elizabete|piabeta|25931858|9,-2261363,-4317285;10,-2,-11;35,-70,-72;43,13,17;47,-1,14;48,-5,-9;50,-49,-40;53,59,42;64,-2,8;65,13,1;74,-8,2;85,11,3;94,11,17;95,0,-6;105,11,6;106,-2,7;112,5,3;123,9,1;149,13,9;150,3,4;154,-45,-41;155,53,48;156,-7,-3;165,11,8;174,18,-19;177,-6,22;194,15,29;207,9,-2;237,37,31;249,3,5;287,26,23;303,12,0;319,9,15;325,9,-1;339,10,9;351,16,13;359,13,14;369,7,4;385,17,11;401,5,5;409,6,5;429,17,15;819,-165,-132
rua||elizabeth|piabeta|25931858|23,-2261134,-4317095;58,-101,-97;170,67,76;230,48,37;258,-147,-123;270,12,10;306,23,14;328,19,10;340,9,15;344,6,5;350,8,5;356,5,8;366,7,4;400,26,25;406,8,4;430,14,17;442,18,10;460,10,7;462,3,-1;474,9,0;484,0,14;494,8,7
rua||elizabetinha|fragoso|25936125|18,-2259730,-4319441;27,7,-28;35,-28,137;64,13,-72;69,-5,64;81,5,-38;99,6,-34;109,1,-20
rua||elvira|guia de pacobaia|25925519|46,-2271018,-4312577;51,22,171;71,-2,-12;96,11,-140;103,-9,105;115,5,-20;117,-180,-161;123,186,142;127,12,-8;136,5,-26;146,0,-16;147,-2,3;156,-5,-11;166,-8,-10;168,-77,-37;176,67,23;213,-105,-37;223,39,14;243,-73,-32;253,23,0;254,-29,-8;273,-2,16;284,-9,-24;552,25,196;556,-35,6;557,-4,8;560,-25,-34
rua||ernesto|piabeta|25937154|5,-2261834,-4318147;42,-32,55;56,-1,-2;66,7,-7;76,15,-23;78,-7,7;98,11,-17;108,3,-5;118,7,-11;128,6,-8;130,8,-6;140,12,-12;150,11,-18;173,4,-9;180,1,3;363,0,-17
rua||ernesto|vila piabeta|25937154|17,-2261911,-4318060;25,19,-11;37,3,-16
rua||erondina|ilha|25932625|32,-2259775,-4317113;43,-2,5;44,11,6;45,8,-1;48,-30,-13;54,-58,-27;64,19,18;80,27,18;87,-5,-9
rua||espanha|cachoeirinha|25916265|123,-2259372,-4308880;127,-25,0
rua||espanha|cachoeirinha|25916268|12,-2259360,-4308888;16,-361,37;30,395,-46;75,-216,22;91,-247,17;115,509,-33;119,-40,-4;120,-245,26;121,208,-19;180,-453,43;200,-479,41;240,834,-78;327,-158,28;384,-57,-1;386,0,-7;400,-27,3;493,-127,-12;494,-14,24;520,-62,1;566,-61,10;586,-34,3;664,-107,10;665,6,2;680,-189,16;700,149,-18
rua||estrela|parque estrela|25938340|10,-2264687,-4320740;26,-13,-12;30,-189,-151;35,-36,-24;40,251,197;43,-36,-22;70,-11,-4;78,-11,-18;80,1,-5;90,-2,4;109,29,22;130,-64,-47;140,-6,-10;141,2,-2;151,-15,-4;214,-59,-49;218,-6,-3;220,-10,-12;285,-60,-44
rua||expedicionario|centro|25900019|35,-2266025,-4303928;39,-7,-5;51,-10,21;65,-5,5;75,-1,9;80,-11,-1;85,2,-8;86,-10,8;91,6,5;93,-6,-4;124,-26,14;134,-3,9;146,-14,4;158,20,19;174,-39,9;177,57,-49
rua||e|barao de iriri|25906790|30,-2267484,-4309343;46,72,171;47,-89,-163;48,4,7;52,14,-14;59,-3,4
rua||e|fragoso|25935310|6,-2259268,-4319458;9,-10,0;39,17,62;41,-11,-56;48,8,60;50,-2,-17;59,-3,-9;61,-2,-39;64,-3,33;75,-3,-9;77,0,-18;84,11,2;136,-10,-40;137,5,10;149,10,89;551,0,6
rua||e|guia de pacobaiba|25925875|38,-2269643,-4313092
rua||e|loteamento|25924000|18,-2265980,-4316132;379,-128,-21;389,-24,5
rua||e|mage|25921096|5,-2265781,-4316106;47,-209,-34;48,227,29;66,10,-25;90,-21,24;138,-97,-14;155,26,9;210,-274,-41;330,230,30
rua||e|nova marilia|25903040|45,-2261634,-4302930
rua||e|novo horizonte|25900772|187,-2262231,-4318560
rua||e|parque iriri|25904500|14,-2265191,-4306396;19,-28,-257;38,37,264;82,-11,-36;83,-13,-3;84,2,-6;98,-4,-1;99,-39,-16;119,30,-19;120,8,-20;140,-3,-20;143,-1,32;148,-1,-35;155,4,-15;160,-5,-40;210,-9,-72;212,5,53;228,2,-18;244,1,-22;280,-3,-31;296,38,-2;297,-38,-14;340,3,38
rua||e|parque iriri|25904606|28,-2265224,-4306694;209,4,122;211,4,-18;221,5,-9;241,-11,-23;284,-4,-41;285,0,-14;297,17,-17
rua||e|parque iriri|25904633|24,-2265363,-4306698;26,18,-16;273,-37,34
rua||e|parque paranhos|25930550|16,-2263410,-4318600;26,244,-150
rua||e|parque paranhos|25931742|26,-2263183,-4318749;57,-123,44;58,-6,9;137,-103,110
rua||e|parque paranhos|25937268|250,-2262998,-4318788
rua||e|piabeta|25935884|28,-2262138,-4319202;30,-166,68;34,45,-22;40,442,-175;46,-219,92;47,12,-9;62,125,-49;63,11,-4;67,31,-13;69,-74,31;70,100,-44;88,-7,12;172,-66,23;184,-7,4;196,-11,-1;218,-12,5;242,-19,9;254,-11,5;266,-13,0;278,-20,11;302,-3,-5;360,-41,25;380,-19,7;574,-154,61;598,-19,7;610,-6,1;622,-7,9;688,-42,12
rua||e|piabeta|25936850|6,-2261823,-4319287;8,-35,-16;18,-72,24;74,103,-40;75,-11,4;87,-14,7;102,-38,12;171,-18,11;217,-30,14;229,-8,1;241,-12,3;277,-16,10;325,-43,16;337,-8,3;361,-17,3;375,-16,9;453,-71,27;455,-1,-3;559,-70,34;585,-16,2;597,-15,4;609,-6,5;621,-9,5;633,-2,2;657,-24,7;669,-4,0;681,-12,6;693,-3,-1
rua||e|surui|25921096|248,-2266055,-4316150
rua||e|surui|25922528|10,-2266239,-4311805;22,-6,1;26,9,-12
rua||mar de espanha|parque dos artistas|25919444|76,-2263491,-4315162
rua||maria elizabete|piabeta|25932010|3,-2261715,-4315764;53,22,-42;55,-3,7;85,-9,18;227,27,-57
rua||maria elizabeth|piabeta|25932010|15,-2261727,-4315749;17,13,-36;18,2,1;40,25,-42;96,-30,51
rua||maria eliza|piabeta|25931674|1,-2261940,-4317789;3,45,53;10,-47,-50;11,-9,-6;21,61,71;25,-36,-22;26,4,-15;28,-20,-4;32,-19,-36;33,75,76;36,-101,-100;48,63,51;60,6,6;73,-10,-1;84,-2,-8;96,-8,-4;97,-3,2;107,-15,-15;120,-46,-48;133,40,39;152,-30,-37;157,9,18;158,7,5;170,-13,-5;182,-5,-16;194,1,-6;195,-19,0;196,6,-2;207,-6,3;300,120,102;304,-5,-4
rua||osvaldo esteves|maurimarcia|25930690|10,-2262320,-4317546;20,-21,-12;30,6,15;60,-38,-16;70,8,2;80,-11,-4;100,-18,-23;120,-41,13;121,7,6;130,-6,-12;140,4,2;141,-16,3;150,31,-8;160,-47,-10;170,-10,4;180,-12,-1;190,-9,-3;209,-22,3;215,48,6;219,-51,-14
rua||projetada e|parque humaita|25937268|217,-2262757,-4318841
rua||projetada e|piabeta|25937080|187,-2262233,-4318564;198,29,146;347,-4,-26;357,-5,-6;369,3,8;370,-10,-1;380,8,15;381,8,10;399,2,6;429,2,14;432,-14,-13;442,7,34;452,4,21
travessa||dona emilia|jaguaribe|25931606|21,-2262013,-4317174;22,-3,2;28,-1,3;40,58,-65;110,-52,67;158,11,-14;821,-15,18
travessa||dona emilia|jaguaribe|25931638|41,-2261978,-4317214;43,9,-15;44,9,-7
travessa||euridice|piabeta|25931826|41,-2260859,-4317450;51,-16,15;61,-16,12;71,3,9;73,-12,-4
travessa||expedito|fragoso|25933500|3,-2258972,-4317710;10,21,31
travessa||expedito|pau grande|25933280|2,-2258923,-4317682;12,-33,8;28,-17,-17
travessa||e|fragoso|25935394|2,-2259089,-4318976;3,-5,-19;6,-8,24;11,1,-10;23,-2,19;24,3,2;28,-4,18;29,1,-12;36,-1,3
travessa||e|jardim nazareno|25936545|143,-2260604,-4319714;147,-22,0
travessa||e|sampaio|25936545|3,-2260743,-4319814;15,29,27;58,15,18;88,-24,-25;104,-8,-5;116,-7,-8
travessa||guaxupe e|piabeta|25931670|590,-2261754,-4317370
travessa||maria eduarda|surui|25922516|1,-2265889,-4311994
travessa||saquarema 3 ligacao com morro da escola|cascata|25914000|22,-2257340,-4306360;81,59,-110;85,-39,69;160,84,-153;260,40,-36;300,31,-35;424,25,-77;425,-1,-10;426,23,-52
travessa||saquarema 4 morro da escola|cascata|25914000|33,-2257020,-4306251;35,-2,-6;55,17,32;85,-18,-46;312,-114,-279;313,7,13;325,32,35;326,-1,-6;503,-2,19;525,23,46;535,11,15;625,79,112;631,-47,2;643,4,2;656,38,7;658,-39,11;673,15,31;683,-10,-21;723,46,66;1031,-43,27
