alameda||albertinho|jardim nazareno|25936095|21,-2259963,-4319154;22,9,-3;35,-2,-19;45,2,-5;57,0,-6;69,0,-16;81,-2,-12;82,16,4;94,-1,-14;104,1,-11;105,-30,-8;139,31,-30;868,5,-5
alameda||alexandrezinho|jardim nazareno|25936030|28,-2260408,-4319188;43,-2,-1;69,3,-16;78,13,-3;79,-4,-4;90,23,-33;91,-14,22;93,0,5;94,13,-18;136,13,-25;138,10,-20;180,18,-18;190,17,-6;200,-14,0
alameda||alfredinho|jardim nazareno|25936100|30,-2259897,-4319121;31,-9,1;33,7,-15;42,6,-7;45,0,-18;70,-4,7;71,2,-14;83,5,-7;94,5,-9;97,-2,-6;106,2,0;116,5,-9;117,-5,2;127,5,-16;130,1,-11;133,-6,4;146,10,-12;147,4,-15;150,-17,8;158,17,-16;159,-9,6;174,14,-19;179,-12,12;186,17,-21;187,-3,-11
alameda||alicinha|jardim nazareno|25936190|19,-2260488,-4319454;22,24,-31;23,2,-2;42,-6,19;78,16,-22;82,15,-23;108,14,-37;119,-11,22;131,4,-6;210,-44,117
alameda||aninha|jardim nazareno|25936350|13,-2260206,-4319939;17,-29,-50;60,37,61;127,-45,-47;139,-22,-29;152,16,4;176,-5,-18;186,-5,-12;187,-6,11;196,-1,-17;594,-3,8
alameda||antoninha|jardim nazareno|25936170|7,-2260161,-4319451;44,-17,30;71,-6,-4;79,8,-29;91,-17,43;141,61,-106;142,7,11;153,0,-22;163,11,-14;164,8,2;237,-129,186;355,135,-209
alameda||armandinho|jardim nazareno|25936050|18,-2260256,-4319083
alameda||arnaldinho|fragoso|25936085|45,-2260065,-4319287;57,-7,-15;69,4,-9
alameda||arnaldinho|jardim nazareno|25936085|18,-2260063,-4319299;34,-4,28;46,-1,-12
alameda||artuzinho|jardim nazareno|25936090|16,-2260015,-4319208;28,4,-6;51,-4,-22;52,11,-7;63,2,0;64,2,-14;83,-9,-19;84,3,30;97,0,-34;109,2,-18;111,2,-15;165,-15,132
alameda||das acacias|mage|25921093|2,-2265640,-4315917;12,244,16;38,-257,-11;115,-13,4;196,83,-24;221,69,25
alameda||projetada a|piabeta|25937008|77,-2261640,-4318504;87,10,-32;179,-21,84;185,-19,-243;259,-15,-51;266,9,-15;268,-8,5;298,-9,-10;316,-7,-62;319,-7,14;320,43,137;350,-53,-214;409,-15,-19;421,-6,-6;442,4,-42;451,-15,-42;452,16,36;900,30,159
avenida|doutor|paulo carneiro diniz ou reta da associacao|guia de pacobaiba|25924690|41,-2268161,-4316206;183,73,137;223,-30,32;263,18,60;445,55,230;485,8,47;491,19,55
avenida|padre|anchieta|mage|25900106|107,-2265377,-4304190;239,-81,120;249,7,2;269,20,2;277,7,-19;283,7,8;293,5,-8;299,7,-6;319,12,3;389,54,-66
avenida||alberto augusto|guia de pacobaiba|25926520|12,-2270817,-4315590;13,20,-2;24,-6,8;33,8,-8;36,-3,3;47,20,-5;54,2,3;65,14,-2;66,-6,3;78,19,-8;79,-10,-5;100,15,6;108,14,3;125,15,-6;130,6,6;142,10,-3;153,20,-8;167,12,0;588,-155,13
avenida||a|fragoso|25935474|51,-2259361,-4318494;54,0,-21;55,-7,-14;57,12,-23;59,-44,220;104,43,-297;105,-7,-7;108,-5,145;202,6,-111;214,-13,116;221,6,-35;260,-9,14;261,7,57;264,-12,15;295,24,-120;307,-1,-15;317,-27,-17;331,24,-14;334,4,12;351,-7,-29;363,-1,-12;375,6,-7;377,16,-17;388,-17,-9;491,-7,131;1032,-30,221;1033,-2,23;1073,8,-111;1074,-4,13;1075,-3,17;1120,20,-69
avenida||a|guia de pacobaiba|25926813|6,-2267534,-4316402;9,32,-45;13,-30,59;30,154,-142;41,-6,14;61,-31,15;73,-87,59;75,58,-37;85,-74,62;90,234,-117;100,-21,11;108,-151,38;130,-112,142;135,18,-18;182,-37,142;184,13,24;190,2,-146;290,17,128;369,17,-97
beco||do abraao|citrolandia|25902718|13,-2259413,-4301450;26,-10,-18;27,13,4;30,11,7;35,12,20;48,-4,-10;50,5,1;51,1,12;58,-2,-6
beco||do abraao|mage|25902735|41,-2259343,-4301514;72,24,12;91,9,5
estrada||antiga mage x santo aleixo|jardim esmeralda|25908683|150,-2260870,-4303347
estrada||da conceicao x colegio agricola|conceicao|25916420|20,-2261638,-4310913;4545,-44,85;4604,18,-113
estrada||do colegio agricola|conceicao|25920530|14,-2261656,-4310855;20,14,-49;45,4,-18;4949,152,356
estrada||francisco de assis|jardim santo antonio|25908456|4,-2261801,-4304896;82,1155,740;111,-1328,-613;206,98,-23;800,220,-193
loteamento||jardim amazonas|piabeta|25931894|560,-2260730,-4317020
praca|marechal|angelo|raiz da serra|25933580|10,-2257399,-4318605;11,5,1;12,-16,-13;13,-9,-10;14,-15,-18;15,-2,-5
projetada||c ou a|guia de pacobaiba|25925240|8,-2269455,-4312560;29,-100,-239;33,-18,84;34,-3,5;35,1,-23;42,82,137;50,68,70;56,78,-13;111,-184,-96;123,33,37;134,-38,-34;138,-15,-41;139,-3,-3
rua|barao|de porto alegre|lagoa|25903721|45,-2264354,-4304803;55,-215,81;99,44,6;101,-17,4;125,28,-1;149,7,-2;161,29,-11;185,-35,8;197,66,-21;239,71,13;255,7,-13;265,9,0;277,17,2
rua|capitao|antero|pico|25912021|27,-2255531,-4304889;47,2,-20;59,2,-10;71,6,-7;75,2,-34;83,-2,25;123,15,-57;131,-28,128;159,38,-148;185,9,-20;197,13,-24;219,3,-19;229,9,1;256,-10,15;267,20,-38;301,31,-43;321,11,-7;361,22,-26;369,8,-11;389,10,-18;417,15,-21;425,14,-19;477,18,-83;511,18,-15;585,103,-22;595,22,-11;635,27,-34;645,6,-11;655,-6,-59;669,7,3
rua|capitao|antero|santo aleixo|25912021|9,-2254487,-4307312;16,-587,1740;36,498,-1444;40,-956,2115;70,11,-26;136,21,-70;158,9,-16;184,10,-17;208,-1,-12;236,22,-24;246,4,-7;266,14,-23;280,1,-9;366,66,-69;368,-3,-7;380,8,-15;390,11,-6;394,7,-17;398,-117,164;424,122,-172;430,2,-3;436,18,-23;456,-5,-6;460,11,-38;512,-6,-7;604,135,-69;636,22,-14;646,19,-20;656,-63,50;670,83,-72;672,57,-46;695,141,-346;1403,179,-226;2001,154,-1160;5000,932,644
rua|comandante|ayres|parque cacula|25936740|3,-2261581,-4319682;5,-20,3;21,138,-38;28,-27,-4;38,-8,-17;48,-2,21;53,-1,9;55,-19,6;62,18,-11;72,-14,3;86,12,-9;92,23,-3;96,-77,31;97,-6,5;98,39,-22;131,-81,39
rua|conde|de porto alegre|lagoa|25903706|32,-2264593,-4304692;36,25,0;44,-7,0;80,27,-6;96,-11,-1;108,32,-9;144,30,-9
rua|conde|de porto alegre|lagoa|25903709|198,-2264431,-4304727;210,-3,-4;220,10,-5;221,8,-4;222,-12,8;240,40,-4;248,-13,-7;250,31,1
rua|conde|de porto alegre|lagoa|25903721|148,-2264655,-4304675
rua|coronel|alarico jose do amaral|surui|25922508|1,-2266413,-4312108;2,-14,3;33,67,42;37,-28,-69;66,7,4;93,21,-38;95,18,-23;108,-12,27;126,7,-23;146,10,0;160,14,-19;168,1,-15;180,6,-4;206,6,-12;217,-2,-11;222,1,-6;228,5,-13;229,-6,7;241,23,-10;243,-19,-2;252,4,-17;268,7,-4;276,-2,-15;292,7,-7;302,8,-15;303,-8,-4;305,-6,11;313,-2,-61;314,9,46;317,-7,-18;320,19,14;328,-37,107;329,5,-183;336,26,69;337,-23,-52;345,4,92;356,2,-83;357,21,141;369,-27,-150;371,10,35;379,3,1;405,-17,-54;425,-2,-79;427,-7,13;434,4,35;435,-1,-57;462,9,61
rua|coronel|sergio amaral|surui|25922000|15,-2266352,-4311992
rua|coronel|sergio amaral|surui|25922276|48,-2266390,-4312049;72,6,13;84,1,-6;100,7,16;116,9,31;128,-35,-63;463,2,-8
rua|dom|alfredo|mage|25902064|44,-2263443,-4302829;54,-3,21;64,0,0;76,17,-1;115,35,-8
rua|dona|angelica|barao de iriri|25938183|12,-2264949,-4319968
rua|dona|angelica|parque estrela|25938183|20,-2264729,-4319973;30,-105,0;110,58,-7;120,-14,3;130,-4,-7;144,-21,4;146,-18,3;151,133,8;156,4,-8;170,-151,-12;171,2,12
rua|doutor|amaral|parque cacula|25936750|6,-2261660,-4319792;32,-1,10;38,-10,-48;43,9,42;50,1,-5;51,-11,-1;61,-4,-5;62,8,-18;74,0,-6;75,-7,-2;85,-8,-7;86,15,-1;95,-11,-11;96,5,-6;109,-17,-7;120,23,-11;129,-21,-5;139,-5,-7;143,6,-2;250,28,116
rua|major|cavalcante de albuquerque|raiz da serra|25933730|2,-2257410,-4318393;4,-1,14
rua|mestre|arlindo|raiz da serra|25933640|1,-2257522,-4318400;2,-6,5;3,-5,15;5,5,1;6,-5,9;7,35,89;12,-18,-147
rua|nossa senhora|aparecida|inhomirim|25932520|36,-2260054,-4317459;43,-7,-15;46,18,12;56,-15,-10;65,-6,14
rua|padre|anchieta|centro|25900106|16,-2265658,-4303990;18,18,5;20,-5,-12;24,8,-3;30,-23,35;36,34,-15;42,22,5;52,-12,-22;55,13,-2;68,9,-2;84,16,1;108,8,-23;110,-3,-8;112,7,5;116,-3,2;120,20,-4;130,-2,3;142,13,-4;164,26,-11;176,6,-2;182,-1,4;190,-2,-12;194,21,2
rua|padre|anchieta|mage|25900106|3,-2265654,-4303981;9,13,-11;21,4,5;29,4,-8;43,11,-7;49,15,-5;55,-3,9;59,9,-18;151,89,-29;181,4,-8;197,23,-10;202,6,7;216,6,5;220,15,-8;278,46,-26;286,-24,10
rua|pastor|antonio alves|mage|25900168|2,-2265234,-4304363;10,-35,-27;20,-2,1;25,12,29;46,12,-15;54,-12,-7;65,-5,0;70,11,-11;71,-20,3;81,-8,-5;91,-8,-5;102,3,-3;105,-11,-3;110,1,-1;122,-8,-7;139,-3,-12;142,-15,-1;151,-3,3;152,1,-11;154,-7,-2;164,5,8;505,-211,-26
rua|prefeito|alverback|fragoso|25935554|310,-2260033,-4318531;390,-27,4;645,-69,-46;646,-26,-12;647,-4,-5;676,117,62;678,25,-7;679,9,2;680,2,-15;681,9,24;682,19,-6;683,0,6;684,25,-2;685,10,0;686,5,0;687,19,2
rua|prefeito|alverback|limeira|25935554|22,-2260294,-4318705;71,35,35;83,-6,10;95,18,6;117,19,12;119,6,5;207,30,1
rua|prefeito|averback|fragoso|25935554|25,-2259848,-4318522;26,-11,0;27,-13,4;29,-26,-1;36,-105,-1;37,-1,0;40,-44,2;46,297,0;51,-9,0;58,-111,-10;73,78,19;89,-10,-7;117,-7,1;125,-11,-6;146,-37,-6;148,-7,5;150,-2,-7;185,-32,20;199,-10,-11;211,-41,-4;247,-18,-6;335,-96,6;623,343,1;624,-10,2;677,-303,1;860,300,-1;861,-13,-4;862,-13,-4;863,-9,4;864,-12,2;865,-15,-1;866,-8,1;867,-8,5;868,-13,-14;869,-9,8
rua|prefeito|averback|limeira|25935554|18,-2260196,-4318585;60,-82,-95;70,0,5;84,10,8;94,7,6;118,16,15;130,10,7;142,4,11;154,11,11;391,93,64;393,-4,-9;403,-13,-7;413,-12,11;417,-3,-20;431,-14,-4;441,-5,-8;623,-29,-18
rua|santa|angela|parque boneville|25907060|122,-2265284,-4308541;123,21,-12;124,-4,3;156,49,-23;180,19,-13;200,23,-9;203,-10,-12
rua|santa|anita|pau grande|25933155|1,-2258298,-4316535;3,6,0;4,18,14;6,-7,-18;7,19,-13;8,9,-9;9,22,4;10,-9,-7;13,18,12;14,-24,-7;17,24,-13;24,-78,45;26,65,-48;29,-67,48;33,54,-33;34,-43,25;35,31,-19;43,-29,13;47,8,-1;49,17,-5;57,-7,-2;122,40,-20
rua|santo|affonso|parque estrela|25938345|11,-2264465,-4320726;12,-3,-8;13,1,-4;22,-102,-130;32,-24,-28;36,-6,-3;43,29,15;165,125,198
rua|santo|aleixo|cascata|25914030|19,-2256824,-4305977;36,20,-18;55,1,-10;60,25,5;61,-13,-15;70,26,-5;71,-19,-5;81,5,-9;85,-27,46;91,34,-50;100,10,-7;103,-10,-2
rua|santo|aleixo|vila nova|25906026|35,-2265631,-4303101;36,-7,5;120,12,60;272,-7,-25;336,2,-65
rua|santo|amaro|parque cacula|25936715|10,-2261426,-4319676;11,0,1;42,25,-51;51,11,4;61,-9,12;66,-3,-6;75,-13,15;78,1,-2;121,-21,35;123,-13,14;170,67,-86
rua|santo|andre|piabeta|25932180|7,-2261111,-4316552;8,-15,-8;58,0,5;78,18,10;90,13,5
rua|santo|andre|piabeta|25932185|15,-2261135,-4316574;49,4,6;59,16,13;64,9,2;103,26,27;105,-3,12
rua|santo|anjo|lagoa|25903706|25,-2264512,-4304546;92,4,3
rua|santo|anjo|lagoa|25903709|174,-2264450,-4304699
rua|santo|antonio|fragoso|25908594|27,-2259418,-4318622;61,11,4;62,-6,-2
rua|santo|antonio|guia de pacobaiba|25908594|14,-2271753,-4317829;30,-16,-20;31,12,27;32,-1,-12;39,-10,-9;44,6,16;48,-12,-36;49,9,26;70,-17,-33;76,-6,-16;79,-3,10;91,-16,-11;95,53,64;100,-44,-63;101,-7,-13;102,-1,-6;107,-3,1;112,7,2;115,-12,-9;133,-7,-15;138,8,6;141,-11,-9;151,-8,-13;156,0,-4;161,-2,-2;166,-3,-3;171,4,-2;181,-4,9;185,-34,14;191,17,-33;192,0,-7;193,-6,-6;199,-8,-8;220,0,-3;221,-29,-58;240,0,20;241,6,13;250,-7,-16;251,19,-19;260,-28,17;261,-3,-7;270,-6,-4;280,0,-13;281,56,91;290,-71,-110;296,-5,-6;298,3,12;300,-8,-13;310,-1,-12;311,0,5;312,2,-3;317,-4,-8;324,-12,-14;325,-1,12;329,-36,-32;331,4,6;335,1,44;345,7,-30;385,105,194
rua|santo|antonio|guia de pacobaiba|25926858|340,-2271984,-4318158;368,-2,-2
rua|santo|antonio|ipiranga|25907016|408,-2272006,-4318229;410,-2,-13;414,5,10
rua|santo|antonio|ipiranga|25908594|614,-2272013,-4318272;615,-19,-17;620,12,-16;625,-3,9;635,-1,-33;636,3,-4;645,-6,-19;654,8,17;655,-10,-18
rua|santo|antonio|parque boneville|25908594|21,-2265096,-4309386;81,-88,46;101,36,-22;121,21,-10;122,-17,15;123,36,-94;124,-15,87;141,-17,-22;147,49,-8;152,3,7;164,27,-21;175,-6,-16;176,16,13;181,34,-34;182,-33,25;183,76,-45;223,-204,125
rua|santo|antonio|parque sao miguel|25908594|46,-2261464,-4303955;47,19,-9;100,8,2;101,34,69
rua|sao|agostinho|piabeta|25932085|3,-2261411,-4316084;5,25,22;8,47,39;35,-68,-42;40,-5,19;129,15,-22;150,22,26
rua|sao|antonio|piabeta|25932090|19,-2261288,-4316042
rua|sao|antonio|piabeta|25932095|50,-2261265,-4316096
rua|tenente|dorta do amaral|guia de pacobaiba|25926523|50,-2270791,-4315655;51,-26,0;60,30,0;72,14,1;82,5,-2;83,-20,-20;85,22,19;95,4,-7;105,-68,7;107,80,-9;109,8,3;110,11,-1;126,7,1;140,12,1;145,-43,4;148,28,-9;150,-17,3;152,50,-6;164,21,1;176,10,2
rua|tenente|floriano dorta do amaral|guia de pacobaiba|25926523|785,-2270115,-4315730;796,6,1;797,-5,-2;806,14,2;809,3,-3;816,2,4;821,1,-10;824,8,7;833,16,2;836,-7,2;845,11,-10;846,0,12;847,10,-13;849,0,-5;851,15,3
rua||13 a|guia de pacobaiba|25926822|1269,-2271011,-4317735;1540,-112,-47
rua||21 de abril|maua|25928188|128,-2267372,-4317412;152,-24,1;186,-27,-6;198,-33,-5;402,-77,-58
rua||21 de abril|piabeta|25931270|2,-2261832,-4315992;17,-128,-120;21,106,101;26,24,20;27,-5,-8;36,-80,-73;40,-36,-33;41,1,0;44,1,15;54,9,3;68,12,8;79,6,-1;84,1,10;94,8,11;107,4,-9;116,2,11;117,6,6;127,5,-4;140,18,16;145,2,1;155,4,3;165,8,7;166,-3,7;175,13,4;204,14,23;214,18,14;2179,-139,-124
rua||26 a|baia branca|25922312|21,-2269336,-4317319
rua||26 de abril|piabeta|25931230|26,-2262144,-4315653;28,162,86;29,-17,-12;34,-52,-28;37,-17,-13;39,-24,-11;57,-52,-27;72,17,14;80,11,4;81,2,-9;85,3,7;96,9,13;105,-1,-7;125,23,11;140,-5,3;144,17,10;145,3,-4;155,9,0;156,3,14;180,12,4;183,6,-1;192,4,8;201,13,1;204,-4,4;216,10,7;228,13,8;2677,-184,-102
rua||29 de agosto|piabeta|25931274|6,-2261917,-4316168;40,6,8;41,11,9;60,4,6;68,16,7;80,4,15;84,15,13;96,10,8;130,17,15;140,15,14;150,8,9;180,16,13
rua||a1|ipiranga|25927112|256,-2271485,-4320925
rua||acre|piabeta|25917010|39,-2260819,-4318352;52,11,19;53,-2,-10;59,7,-1;64,-5,-4;71,18,14;75,9,14;86,-13,-32;110,39,44;120,-53,-22;388,-23,-33
rua||adelaide|piabeta|25931482|18,-2261780,-4316648;23,-14,-10;29,0,3;69,-29,-22;80,21,3;83,4,8;84,1,7;86,-15,-25;87,-11,-9;90,-5,0;91,-5,-47;92,-26,23;93,-13,-9;99,24,24;100,4,-8;106,-114,-92;108,-15,-11;110,132,86;111,-155,-104;113,-10,-16;118,-22,-32;124,26,51;125,8,6;126,9,6;128,15,16;130,13,8;131,9,11;133,14,12;139,56,47;140,23,-12;143,-7,18;144,5,7;149,-25,-23;150,3,-8;151,65,68;159,-78,-68;160,9,1;169,-11,-2;170,-1,-7;179,-13,-2;189,-13,1;196,7,-17;209,-32,-25;210,26,17;220,-11,-3;229,-32,-22;230,27,13;232,67,66;245,-81,-78;246,5,9;260,-29,-26;261,-6,7;270,4,-10;280,-12,-9;300,-14,-18;309,-8,7;319,-8,-7
rua||adolfo alonso|ipiranga|25927136|5,-2271866,-4318951;7,-28,-3;35,-30,-8;50,-2,6;57,61,12
rua||agepeto|mage|25903122|4,-2263186,-4303123;13,-26,-12;25,16,-15;32,8,36;164,-19,-80
rua||alagoas|piabeta|25932130|1,-2261109,-4316305;2,-2,10;10,-11,21;11,6,-44;12,-15,157;14,3,-5;15,10,-128;16,-22,143;77,29,-122;78,-2,5;82,-10,46;127,-25,124;129,-8,21;132,10,-20;140,13,-100;146,-5,24;150,-4,5;344,-38,191;345,3,7;346,-2,11
rua||alaska|barbuda|25900820|7,-2266900,-4303206;13,-30,-59;14,-17,-25;24,95,177;26,7,4;27,-223,-394;33,38,53;37,181,337;38,-5,-6;39,-5,-1;46,-7,-14;50,9,5;52,-8,-9;61,-3,-4;76,-6,-10;86,-2,-10;87,-4,0;98,-4,-9;99,-1,-7;110,-2,-9;111,-5,-4;112,-1,-4;123,-5,3;135,-6,-20;153,6,2;159,-19,-21;174,0,-5;189,-19,-30;201,-2,-8;202,12,19;207,-19,-23;248,-11,-33;250,-6,-3;252,-2,-12;262,-5,-7;263,28,42;264,-32,-50;275,18,42;279,-2,-15;300,-25,-40;312,-30,-62;324,-5,-9;326,-6,-9;330,36,70;343,1,10;344,5,-6;353,-7,-1;360,0,-13;363,-9,-3;373,-5,-3;377,-38,-79;380,-1,-7;381,33,76;382,-33,-81;389,32,75;403,-8,-13;404,9,1;411,-12,-7;433,0,-9;465,-28,-50;485,-7,-5;490,8,-3;500,-7,-6;800,12,25
rua||albano|guia de pacobaiba|25926492|35,-2269997,-4315361;60,19,79;86,-19,-50;115,8,8;795,-5,-18;797,4,8;884,-3,48;892,9,5;902,-9,20;912,11,-7
rua||alberto augusto|guia de pacobaiba|25927890|265,-2270592,-4315618;275,2,3;276,5,10;286,9,-5;295,12,-8;297,9,-3;298,0,9;310,6,-1;311,4,-8;312,3,5;339,6,-8;340,22,15;347,-2,-16;352,18,5;359,-8,-5;362,9,0;371,12,-2;374,2,7;388,9,-4;418,31,-4;422,13,0;435,3,-4;445,6,-4;454,11,7;465,8,-5;466,0,4;473,-10,-9;477,29,-1;489,6,0;502,11,3;512,12,2;515,-8,-6;524,21,4;530,4,3;531,5,-9;550,11,3;559,1,-1;562,17,-2;571,-6,-1;572,10,-2;576,1,21;581,-7,-17;582,8,-3;586,5,23;591,3,-23;600,13,2;606,2,25;619,20,-33;629,15,-2;636,5,7;647,0,-6;660,14,6;662,12,1;666,25,-7;690,3,1;700,10,0;703,-50,-1;705,11,-5;707,17,1;709,8,2;711,5,-1;713,3,0;715,15,-1;733,67,-6;745,9,-4;774,5,6;785,8,-6;786,6,5;797,3,-9;1225,-243,-1835;1229,34,-29;1233,10,-59;1261,-3,-32;1280,-15,-129;1283,20,89;1290,-24,-110
rua||alberto augusto|jardim da paz|25927890|17,-2270279,-4317799;112,-21,-70;113,4,-48;115,1,-23;119,5,-47;120,14,-2;126,-21,88;158,88,-164;174,-7,28;456,-68,279;573,11,244;1220,10,-64;1226,-2,45;1228,-3,11;1260,3,-100;1266,1,-12;1330,-7,-79;1340,-3,-8;1350,0,-6;1360,-2,-15;1380,-3,-40
rua||alberto|guia de pacobaiba|25926486|1008,-2269911,-4315522;1052,18,17
rua||alberto|guia de pacobaiba|25926547|5,-2269853,-4315478;35,-23,43;915,-69,-179;939,28,57;1009,5,14;1065,26,63
rua||aldo|parque paranhos|25901750|18,-2263422,-4318507
rua||aldo|parque paranhos|25903587|18,-2263406,-4318498;19,34,13
rua||aldo|parque paranhos|25930550|19,-2262967,-4318793
rua||alemanha|cachoeirinha|25916220|67,-2259102,-4307913;128,-36,-9;301,-118,15
rua||alexandra f araujo|piabeta|25931306|11,-2261687,-4316475;45,-66,-56;60,5,6;65,17,12;74,17,13;84,9,10;85,-11,-10;89,-2,-4;94,21,21;97,-9,-8;117,16,10;129,10,12;139,11,4;168,14,14;169,2,3;170,-102,-86;199,135,109;200,16,18;228,-3,5;230,18,11;233,5,5;245,-7,-9;258,17,19;267,14,-5;268,-12,11;1701,-200,-170
rua||alfa|ponte preta|25938015|10,-2264041,-4320451;18,-3,5;22,-6,1;30,-124,169;31,-11,15;35,56,-77;36,109,-149;60,4,15;69,-20,21;70,5,-13;114,-31,32;115,15,1;116,-12,5;118,-6,7;125,7,-7;129,0,9;138,-17,15;139,-12,10;148,5,-8;160,-5,13;177,6,0;179,-26,22;197,12,-8;198,-8,2;207,-10,17;208,4,-8;218,-4,3;220,14,-16;288,-77,89;391,-43,79;392,-3,5;415,-6,10;417,-2,6
rua||alfredo|piabeta|25931258|7,-2262002,-4315971;19,162,93;20,-182,-106;25,243,142;26,-13,-4;46,-219,-135;47,6,0;50,-1,13;54,324,178;55,5,5;60,-313,-181;74,8,1;79,21,14;80,-14,-6;85,293,172;89,-256,-155;100,2,6;109,3,-4;111,22,16;130,-10,-3;169,67,34;201,20,16;219,27,14;220,-2,1;229,10,0;249,13,10;255,-6,-5;259,18,13;261,158,85;269,-162,-89;270,15,12;279,18,8;280,-2,0;290,4,5;299,10,3;370,136,71;395,-53,-26;476,57,37;486,16,7
rua||alta|jardim maringa|25903040|87,-2261664,-4302996;200,-2,-22
rua||alta|nova marilia|25903040|220,-2261667,-4302995
rua||alvorada|vila esperanca|25901130|3,-2266414,-4303095;4,11,11;5,4,-2;6,14,15;49,-13,-26;51,1,20;67,10,-4;85,8,6;87,13,5;99,39,41;102,-13,4;103,-67,-168;105,55,144;110,-3,11;113,-58,-115;116,67,122;125,-75,-111;129,95,118;149,0,0;151,6,7;157,10,6;166,5,-5;168,-3,12;171,4,-6;181,9,12;190,4,6;191,5,3;200,6,4;202,-7,-1
rua||amazonas|maria conga|25933150|20,-2265527,-4302635;31,-26,133;38,14,81;50,-8,-111;55,13,-82;56,-10,65;59,38,272;76,-18,-89;77,-11,-218;96,-9,34;97,9,-15;145,-7,39;165,-5,32;168,-4,32;220,-19,15;221,22,10;251,24,106;261,-4,-59;285,7,24;300,-6,14;325,0,-24;350,13,66
rua||amazonas|piabeta|25931894|20,-2261130,-4317456;21,23,10;30,15,-2;31,11,16;38,92,70;40,-94,-68;41,7,-3;44,117,109;46,-125,-108;51,19,5;52,-13,-2;56,154,134;61,-136,-127;62,-9,-1;70,75,71;71,-56,-62;74,-11,3;81,19,3;84,-27,-8;91,29,32;94,-13,-14;101,19,0;104,-27,-11;111,24,23;121,20,4;131,3,5;140,6,11;141,2,0;151,6,1;162,4,-3;163,2,9;181,7,9;183,-1,2;185,12,7;187,0,-1;198,0,-1;200,7,15;213,7,3;217,10,14;218,6,5;227,-7,-5;237,11,0;238,4,2;247,7,22;248,-6,-10;257,14,-1;267,5,7;277,19,4;278,-16,11;287,13,-1;288,-3,12;297,3,-5;306,8,9;307,2,-2;317,10,13;351,30,18;354,2,4;361,-1,-3;376,11,30;377,7,-10;492,83,83;502,3,11;504,15,6;550,23,22;560,16,8;570,52,64;604,-22,-34;614,16,19
rua||amazonas|piabeta|25933150|385,-2260791,-4317170;403,2,0;424,-20,-10;434,15,11;441,41,32;443,-29,-27;444,-14,3;454,13,3;471,25,16;505,27,26;541,21,17;551,5,9;561,9,3;591,29,32;603,12,5;609,15,15;625,18,15;635,5,7;667,19,17;703,31,34;715,12,16;755,30,23
rua||anapolis|parque veneza|25930860|13,-2263534,-4316707;75,264,110;92,-208,-146;100,-108,35;101,-16,-12;140,528,163;157,-216,-50;158,-16,0;169,-200,-73;171,9,8;175,-31,-8;177,-4,-2;212,94,28;480,187,58;555,-141,-40;575,64,27;576,-29,-18;577,-15,-1;578,168,55;579,-9,-11;588,-55,-12;626,-130,-52;628,-34,-8;651,-8,7;653,-16,-6;907,-172,-73
rua||angelica alves|figueira|25901660|37,-2264893,-4303199;47,-1,6;54,-4,6;58,-5,14;59,5,-10;69,-10,6;70,8,12;78,-16,16;79,9,-5;88,-10,7;106,4,13;109,25,9;111,-13,-11;116,-11,12;117,19,-3;121,-23,19;131,20,14;151,-19,-17;882,24,-122
rua||angelica|mage|25921215|39,-2265816,-4314944;61,14,9;73,9,15;76,-6,-1;81,18,7;87,-2,2;90,-4,3;111,112,-1;167,-34,52;170,-23,-3
rua||angelica|parque santana|25930550|751,-2264461,-4318483
rua||anita|inhomirim|25932345|8,-2260388,-4317189;10,14,13;11,0,11;14,20,9;16,11,6;18,11,11;20,27,27;22,6,1;24,8,6;25,-34,-24;26,-6,-5;27,-5,-6;68,-21,-18;70,-8,-3;110,48,41
rua||apore|flexeiras|25900240|12,-2265562,-4304622;22,0,-14;42,4,-16;43,-6,11;45,1,-14;55,3,-7
rua||araruama|batatal|25911130|3,-2253974,-4304146;30,15,20;34,14,2;35,-9,-27;48,16,15;50,18,-4;60,8,9;88,23,6;94,-19,-9;98,33,13;118,19,2;136,18,3;174,46,24;176,12,1;186,28,-3;210,63,48;401,-102,-50;777,-197,-58
rua||araruama|pau a pique|25911130|63,-2253926,-4304147;87,34,17;97,11,-1;105,17,4;125,21,7;127,-6,-2;131,11,1;141,11,4;143,15,13;147,40,7;155,-36,-11;211,118,58;212,-2,3
rua||arinda de almeida|guia de pacobaiba|25926258|22,-2270801,-4313662;80,-14,1
rua||arminda mozer de aquino|canal|25900685|27,-2266388,-4303725;37,-13,1;45,1,-8;61,-8,-12;71,-10,-2;88,-13,-3;93,-62,-25;96,37,1;113,-5,-7;123,-5,2;130,-1,-10;133,-8,1
rua||ataliba|maria conga|25901234|36,-2266001,-4302466;37,2,12;41,-1,9;49,0,12;74,-13,20
rua||austria|cachoeirinha|25916226|8,-2259162,-4308090;39,44,46;51,-18,-48;69,-5,3;85,-237,17;87,159,-11;204,-297,23;232,184,-22;244,-18,5;256,-8,3;424,-160,10;613,-224,25;625,-74,4;655,-164,27;747,107,-19;749,59,-5;962,-538,46;1097,294,-23
rua||austria|cachoeirinha|25931148|52,-2259134,-4308099;72,-8,3;84,-15,4
rua||aymores|surui|25922152|8,-2266830,-4312959;27,-459,-69;42,29,17;61,529,102;81,5,17;119,8,21;504,-301,-118;541,-111,0;542,4,-9;573,333,42;700,-476,-71;4660,206,33
rua||a|barao de iriri|25926562|80,-2265452,-4317345;153,-18,30;193,25,-50;217,2,-19
rua||a|barbuda|25900808|3,-2267427,-4303324;5,-5,-6;11,-12,-22;13,-2,-9;15,-6,-8;17,-6,-9;19,-4,-6;21,-3,-6;23,-6,-8;27,-1,-16;28,0,-11;29,-6,3;31,-2,-5;33,-4,-11;35,-6,-11;36,8,-2;37,-9,1;39,-6,-11;41,-3,-9;42,1,-7;44,-5,-6;49,-10,-15;50,4,0;52,-10,-15;53,-8,0;54,5,-9;79,89,183;359,-42,-97
rua||a|cachoeira grande|25900013|4,-2259752,-4312982;5,-22,-5;12,38,-4;17,-26,2;19,62,-14
rua||a|centro|25916416|25,-2258705,-4305072;27,-126,-140;920,141,156;1001,-96,-106;2480,63,55
rua||a|citrolandia|25910268|24,-2259267,-4302099;29,50,61;76,-60,-39;78,25,25;80,14,-2;82,4,12;90,33,16;91,11,5;92,7,3;95,6,4;96,27,16;157,-14,-6;174,18,10;184,5,1;196,18,2
rua||a|fragoso|25935290|1,-2259459,-4318738;20,-32,-214;39,26,204;40,-3,3;49,1,-20;56,2,3;57,-5,-10;69,0,-13;80,4,-10;81,-3,4;92,-1,-13;93,-3,2;103,-1,-11;104,2,1;114,2,-12;115,-10,-9;126,11,-2;127,-4,-2;139,-9,-12;142,7,2;151,-3,-14;152,4,0;163,-8,-12;164,4,7;175,-4,-19;176,-3,7;186,2,-12;187,-1,-3;210,-2,-12;211,6,-16;223,-8,-17;235,-9,-4;259,5,-29;283,0,-17;295,-3,-9;305,-1,-11;317,-5,-18;329,3,-4;341,-4,-21;353,-3,9;365,0,-31;377,-3,-5;382,-2,-18;389,-1,-6;401,-6,-19;402,-6,-14;403,6,-10;407,3,38;517,-15,-116;561,-14,-54;573,14,-11;584,0,-7;585,-2,0;586,3,-4;608,-1,-13;609,-6,-4;618,1,-6;620,1,-8;621,-2,-4;632,4,-4;633,-7,-3;644,3,-11;656,3,-9;657,-10,2;658,26,-23;669,-37,2;692,14,-22;704,-3,-2;716,5,-20;728,-6,-14;729,-4,7;740,5,-19;741,-8,5;749,10,95;752,-7,-107;753,9,89;793,-6,-19;809,-3,-19
rua||a|fragoso|25935294|405,-2259521,-4319164
rua||a|fragoso|25935442|234,-2259467,-4318945;248,-19,-15;258,-2,-9;270,-1,-7;282,-4,-16;294,0,-15;306,3,-5;316,-6,-16;328,-2,-7;340,1,-12;354,-4,-12;376,-3,-20;388,-5,-11;400,0,-12;410,-4,-15
rua||a|gande|25914234|19,-2258493,-4304852;29,-18,1;36,15,4;39,-19,-16;46,-3,-8;47,-10,5;56,-2,-1;60,-6,-8;61,-5,4;71,-17,-11;86,13,6;91,-17,-11;95,-19,-15;219,-69,-58
rua||a|guia de pacobaiba|25927160|2,-2271062,-4318995;3,-261,-29;5,-386,-76;11,568,112;19,-250,-43;20,9,-2;33,214,40;61,-528,-112;74,-6,16;91,58,-30;95,2,29;103,11,4;107,3,6;218,492,85;224,52,9;234,-486,-86;258,-54,-6;526,27,6;540,16,-1;564,22,11;565,12,-8;576,8,9;584,35,-2;656,78,32;668,10,-1;703,37,-8;715,24,4;727,29,6;731,28,6;763,207,36;771,-233,-35;778,25,4;812,34,4;822,19,7;825,17,-4;834,3,8;857,53,2;858,-40,0;869,60,4;6519,-210,-39
rua||a|guia de pacobaiba|25931132|27,-2269259,-4316847;29,-6,28;40,11,28;52,-9,-10
rua||a|guia de pacobaiba|25931136|79,-2269225,-4316776;81,-37,-18;82,-9,-12;88,35,25;97,25,2
rua||a|inhomirim|25932045|9,-2259874,-4317321;26,-32,13;53,28,-5
rua||a|inhomirim|25932345|36,-2259883,-4317320;92,-17,11;431,-33,21;441,-12,-21;442,24,5
rua||a|inhomirim|25932515|6,-2259906,-4317385;46,0,18
rua||a|inhomirim|25932525|2,-2259903,-4317388;45,9,26;75,9,13
rua||a|ipiranga|25927132|21,-2271833,-4319126;31,-10,0;51,32,3;57,-54,-4;58,-11,2
rua||a|ipiranga|25927160|34,-2271846,-4319119;35,13,13;38,-1,-12;52,22,4
rua||a|mage|25903487|18,-2264487,-4303812;19,-81,-22;65,-103,-48;101,5,3;115,16,11;116,139,51;125,-132,-54;137,8,0;149,7,16;170,22,8;250,76,20;260,3,4
rua||a|mage|25903587|26,-2264722,-4303894;40,10,10;50,11,2;62,19,6
rua||a|mage|25922324|7,-2267527,-4315490;80,38,-110;83,-6,2;153,-137,29;215,-19,21;236,-13,1;285,0,20;296,-8,14;298,16,44;401,72,-18;1521,-84,1022;1534,-4,-64;1542,16,89;1599,-10,52;1608,-13,16
rua||a|mage|25924290|701,-2267614,-4314917
rua||a|mage|25924730|32,-2267826,-4314954;51,-355,-80;111,215,29;161,84,25;250,-159,-61;289,272,91;298,1,0;360,48,7;362,-38,-10;385,9,6;789,219,75;811,-26,-22;1007,59,172;1041,-101,57;1121,-89,-277;1380,43,312;1390,-15,40;1422,-5,5
rua||a|maurimarcia|25937180|5,-2263136,-4317726;8,-304,392;31,498,-623;52,-189,237;73,146,-195;81,66,-65;99,-67,90;199,-86,100;249,-37,46;703,71,-86;720,-118,137;743,177,-217;767,-77,94;891,-80,105;923,-24,28;1233,-219,277;1533,-3,-1;1753,410,-525;2017,-358,460;2026,-39,53;2125,67,-88;2513,-133,170
rua||a|parque cacula|25936780|5,-2261778,-4319540;33,167,-68;45,-17,30;69,-9,-12;87,-1,-5;92,-40,10;99,2,15;111,20,-16;116,-52,-2;118,23,25;128,-33,-18;151,-16,29;163,-16,8;172,4,-13;193,142,-56
rua||a|parque humaita|25906840|31,-2262908,-4319401;67,-21,32;103,-29,27;115,-4,11;127,3,9;137,-19,7;163,-12,26;259,-68,71;317,-28,65;318,-8,-19;319,-7,25;377,-33,18;401,-6,19
rua||a|parque paranhos|25901750|955,-2263519,-4318637;993,28,-55
rua||a|parque paranhos|25937460|2,-2263983,-4318354;3,22,7;14,235,-35;25,562,-715;27,10,-8;92,204,-257;102,-7,10;126,-925,1076;294,797,-914;296,9,-12;319,-137,181;354,97,-131;366,-15,14;378,0,5;456,-53,59;538,-59,79;575,1,1;585,-12,20;798,-172,205;834,-24,27;894,351,-430;1020,-392,480;1048,-84,106;1337,-172,226;1338,-9,4;1340,16,-15;1341,7,-13;1342,-68,93;1353,120,-149;1392,-107,122;1999,138,-160
rua||a|parque santana|25937180|10,-2263465,-4317319;19,537,-661;30,-391,473;40,375,-449;50,-8,7;90,-32,39;260,-140,169;290,-15,-10;330,-31,68;380,264,-325;586,-38,51;656,-51,61;676,-11,16;712,-14,8;724,-3,14;734,-18,16;748,-9,15;760,-3,8;796,-36,35;850,-96,115;960,0,7;2136,-140,169;2226,-19,27;2330,-9,15;2580,-33,35
rua||a|parque veneza|25927308|13,-2263987,-4317557
rua||a|pau grande|25917060|6,-2259094,-4316773;22,60,-104;28,-2,-11;217,-225,17;221,9,23;222,16,9
rua||a|piabeta|25905870|2,-2261018,-4316410;7,49,46;22,39,7;28,-63,-40;29,2,0;106,31,13;116,14,26;141,20,8
rua||a|piabeta|25936875|13,-2262083,-4318830;119,-29,2;235,-51,29
rua||a|piedade|25904738|26,-2265904,-4305690;60,-3,8
rua||a|piedade|25905870|17,-2266932,-4306155;22,-48,-23;27,120,133;29,-10,-86;31,-15,-5;34,-10,-6;37,101,101;39,-84,85;41,5,12;61,26,-16;137,19,-139;160,-102,-54;181,-26,-19;246,-67,-26;257,-21,-12;268,204,107;269,0,-3;273,50,75;283,1,17;297,-203,-170;300,146,66;301,-57,-28;315,82,54;325,9,7;334,-1,15;337,10,-8;350,-123,114;360,1,4;380,21,16;420,88,-41;447,-203,-215;476,13,1;479,27,15;496,-52,-20;746,100,48;976,21,252;1000,106,-85
rua||a|rio do ouro|25916416|5,-2259454,-4311092;10,-27,-5;16,-112,-11;23,100,6;26,764,5969;27,-729,-5967;28,731,5951;44,-57,-85;70,-841,-5874;96,860,5961;98,0,-5;628,42,-26;629,-4,-14;630,6,-4;631,-1,3;2500,-1,71;5445,-717,-5966;7388,-248,-30;7532,176,17
rua||a|surui|25922324|6,-2266417,-4313018;7,-1,-13;15,-5,321;69,-19,117;73,17,-39;77,5,-5;132,6,-30;158,11,35;159,-34,-118;160,16,-217;172,9,0;301,-22,272;308,10,-9;335,4,-25;345,-4,-10;358,8,-10;359,-17,1;368,19,-8;385,-16,-119;405,4,73;415,2,-10;421,4,-8;432,8,8;456,-1,-26;458,0,-12;459,-12,-17;466,11,-3;476,-1,-1;481,-6,-2;491,4,-27;492,5,-4;501,-4,-58;512,5,42;617,7,-227;665,-11,488;675,13,-493;690,-14,72;695,6,-84;705,-9,63;725,7,-67;735,8,23;759,-14,-27;769,7,1;773,1,2;799,3,2;807,-3,37;815,10,-93
rua||a|vila esperanca|25901222|29,-2266489,-4302768;41,3,7;61,31,32;162,-19,-18;163,21,-29;164,1,5
rua||barbara gama do amaral|surui|25900001|8,-2266164,-4311868;10,-13,-1;30,46,12;40,-5,-2;41,-10,4;52,-10,-8;67,-17,0;74,-2,-4;85,-12,4;86,-11,-9;90,-11,-4
rua||carmelia alves|cachoeira grande|25919288|4,-2261282,-4314622;23,9,24;25,-32,-78;88,-9,18
rua||casimiro de abreu|rio do ouro|25916448|3,-2259601,-4311257;5,-78,0;22,270,-5;52,-307,-40;55,-53,-24;56,-34,-16;58,44,26;66,307,29;98,-12,-2;137,-39,-8;138,-8,-10;149,-18,11;174,-15,-23;187,-13,6;203,-6,-2;216,2,-8;227,-21,27;229,-17,-26;230,7,-4;247,-15,1;248,-8,-1;276,-35,31;277,-25,-1;555,191,4
rua||castro alves|guia de pacobaiba|25916460|9,-2270027,-4313574;21,-960,-80;31,46,8;33,-31,-3;37,14,-3;41,1,1;53,22,7;64,225,68;65,-215,-62;77,797,57;97,108,-42;109,-875,-6;131,11,0;133,3,-12;144,25,22;145,-5,-7;157,10,-4;169,11,9;175,18,1;193,4,-1;194,11,14;205,1,-8;233,-1,-2;243,65,24;298,1,6;300,3,-2;339,57,14;346,1,5;358,6,4;359,16,-2;372,-2,3;386,22,19;389,-1,-9;395,14,-7;419,10,6;431,20,2;443,3,9;457,27,-10;467,8,6;479,17,2;488,-2,3;498,11,5;519,24,-6;524,20,6;537,5,-10;545,7,-3;551,27,-6;563,8,8;564,-2,7;565,24,-11;578,0,13;593,14,-13;594,2,10;607,13,-7;618,-4,9;619,14,-8;631,20,5;645,22,-3;673,54,-14;713,-47,10;789,95,-3;793,48,-18;795,-12,3;853,45,-6;865,17,-3;882,-119,33;887,142,-34;898,-136,31;931,164,-25;933,6,12;957,23,-9;1006,-171,21;1026,20,-3;1046,-6,3;1054,39,-9;1070,59,-3;1094,27,4;1110,17,16
rua||castro alves|rio do ouro|25916460|80,-2259388,-4311588;196,-15,-4;199,-3,4;200,-42,-11;220,-35,-7;255,4,4;2001,37,6
rua||conde de avelar|pau grande|25933265|2,-2258534,-4317380;4,3,2;5,23,37;6,-17,-20;7,46,69;8,-46,503;9,48,-494;10,-28,80;11,49,-59;12,-58,-88;13,79,130;14,-74,-124;15,88,144;16,-90,-140;17,105,171;18,-84,-125;20,6,-5;22,8,23;24,-4,-3;26,8,4;30,14,21;32,-7,1;34,24,35;36,4,4;38,3,9;40,3,5;42,5,13;44,4,-7;45,-98,-168;46,105,182;48,0,7;146,-52,-97
rua||da adutora|guia de pacobaiba|25925460|41,-2269952,-4312377;116,-303,5;119,53,-21;120,-54,26;196,99,5;231,-11,-23;249,88,-29;253,-18,13;254,105,-11;255,3,1;267,-9,1;280,-54,9;297,4,1
rua||da adutora|maua|25925460|8,-2269840,-4312222;9,-5,-2;312,33,60;423,-26,-42;452,27,53
rua||da assembleia|cachoeira grande|25931890|6,-2259543,-4313131;34,3,-8;36,145,-5;37,-22,-14;38,-97,10;40,0,-1;41,9,-4;42,14,-5;52,135,-20;95,90,14;138,-54,14;139,8,-28;161,-42,-2;1235,36,8
rua||da assembleia|corrego dos cavaleiros|25931890|36,-2259392,-4313187;53,68,12;138,-13,3;139,27,-3;1235,-2,6
rua||das amendoeiras ou rua a|nova marilia|25903028|4,-2261594,-4302912;7,9,356;11,-2,32;13,-1,3;14,15,-404;16,11,175;122,-32,-326;151,13,32
rua||das amendoeiras ou rua a|nova marilia|25926346|45,-2261599,-4303184;2010,2,-28
rua||das amendoeiras|covanca|25926350|100,-2270126,-4314405;109,21,2;119,21,1;221,125,-35;255,34,-37;257,2,-3;409,128,-59;425,17,-9;439,17,-5;487,35,-15;501,-4,-52;513,40,41;519,18,-9;531,-7,-15;559,42,6;585,31,-26;605,23,-5;619,14,-7
rua||das amendoeiras|guia de pacobaiba|25926346|40,-2270182,-4314420;368,324,-83;390,48,-18;410,22,-12;426,16,-1;427,9,-8;437,11,1;438,0,-4
rua||das amendoeiras|maua|25926346|584,-2269615,-4314609
rua||das angelicas|bnh|25908816|8,-2259384,-4304465;16,2,-7;24,10,-3;32,0,-14;40,2,-3;48,10,-10;56,0,0;64,17,-12;72,-3,2;80,7,-14;88,3,-3;96,1,-9;104,12,-6;112,0,-4;120,7,-9;136,8,-10;144,0,-1;152,14,-12;160,-3,-10;168,0,-11
rua||das aninhas|guia de pacobaiba|25926726|14,-2271422,-4316966;19,3,-10;37,-6,19;43,5,-23;46,44,-13;50,-36,29;80,-11,-1;151,89,-62;161,8,-4;211,48,-21;215,7,-12;223,15,0;224,-3,9;236,6,-23;300,55,-15;301,-3,-4;318,16,-1;330,11,-6;331,-14,2;347,6,6;359,37,-30;360,4,37;371,4,-43;372,7,6;383,-2,-18;425,48,-15;438,20,3;469,33,-32;485,2,-5;504,19,3;515,16,-19;536,20,7;548,11,-12;549,1,-9;562,11,2;565,-2,-11;567,14,-6;600,30,-5;601,-3,-6;609,10,-3;615,3,-8;616,-5,15;620,15,-5;623,-9,-12;633,17,-8;654,20,-6;667,30,-22;668,-12,22;687,20,-23;688,3,8;705,21,-24;710,-109,-11;720,132,13;729,5,-14;734,-161,-19;735,166,20;774,38,-8;777,2,-11;779,13,-9;798,5,4;821,26,-23;827,4,2;833,-1,-5;839,8,1;849,17,-9;859,9,-7;861,5,0;869,16,-10;871,-9,3;873,10,-1;1304,-588,315;1346,25,-21
rua||das aninhas|jardim da paz|25926726|818,-2270683,-4317364;838,61,-32;842,-33,25;878,45,-30;886,0,2;894,14,-10;902,4,2;910,4,-3;918,12,-8
rua||das araras|fleixeiras|25900213|23,-2265281,-4304790;27,-2,-35;45,-2,-6;59,8,-8;65,-10,-2;71,-3,-15;85,3,-18;97,-5,-19;109,-6,-5;115,3,-16;133,-1,-8;167,-4,-19;169,1,-21
rua||das araras|flexeiras|25900213|5,-2265283,-4304852;8,4,-11;9,-12,-45;10,-3,-5;24,21,101;30,-1,-1;38,1,15;40,-5,-27;52,-6,-16;90,-3,-40;96,-3,-14;110,-8,-6;160,3,-28;184,-1,-13;186,0,-12
rua||derly braga aguiar|fragoso|25935502|16,-2259532,-4318496;18,-87,-119;23,-10,48;25,-1,20;34,64,39;35,13,2;121,-164,257;349,71,-237;420,14,-63;421,-15,-20;431,14,-2;440,4,-3;446,2,-24;466,2,1;534,8,-74;535,-18,-1;560,24,-12;880,-6,18;888,10,-12;890,-7,26;891,-7,11;892,-10,13;893,7,12;894,-8,20;913,-11,45;914,8,14;915,-5,8;916,-17,17;917,11,11;919,-4,26;920,-12,6;921,8,10;922,-5,21;923,-4,18;924,1,-2;925,-4,22;952,-9,24;953,-11,18;954,-2,11;955,2,7;956,-3,14;957,-8,15;958,1,8;959,2,15;960,-11,8;961,-1,5;962,-3,11;963,-4,13;964,-5,17;965,-3,5;966,-2,8;967,-5,19;968,-7,12;969,1,7;970,-1,12;971,-5,13;973,-10,20;976,18,-21;977,4,-8;978,0,-20;980,4,-12;981,6,-21;982,2,-8;983,2,-10;984,1,-10;985,5,-12;986,8,-15;987,3,-6;988,3,-17;989,2,-5;990,6,-18;991,0,-1;992,3,-14;993,2,-8;994,10,-12;995,-3,-15;1097,8,-36;1098,12,-20;1099,8,-52;1101,29,-41;1102,12,3;1103,15,4;1104,4,2;1108,46,8
rua||dez ou angelicas|bnh|25908816|19,-2259371,-4304479;27,4,-3;35,-1,-9;43,6,-5;51,6,-9;59,4,-7;67,7,-7;75,3,-4;83,3,-7;91,3,-5;99,6,-4;107,2,-8;115,6,-6;123,2,-5;131,4,-7;139,5,-7;147,5,-10;155,2,-3;163,6,-7;171,-6,-14
rua||dinorah alves afonso|covanca|25926465|500,-2270175,-4315093;510,14,56;595,23,3
rua||dinorah alves afonso|guia de pacobaiba|25926456|12,-2270416,-4315548;22,156,187;44,-142,-178;126,13,35;138,10,15;150,-9,6;176,12,9
rua||dinorah alves afonso|guia de pacobaiba|25926462|360,-2270178,-4315261;490,-1,82;502,6,5
rua||dinorah alves afonso|guia de pacobaiba|25926465|111,-2270390,-4315524;113,8,14;123,5,-5;125,10,30;227,44,49;245,58,87;310,44,31
rua||dinorah alves afonso|guia de pacobaiba|25926483|201,-2270189,-4315359;251,1,49;261,7,-11;295,-49,-11;311,9,-2;455,45,86;490,-6,60
rua||do acude|pau a pique|25911105|7,-2253546,-4303877;57,-42,35;63,83,-58;69,3,7;70,-1,2;75,-57,-9;79,72,6;89,4,0;99,9,5;100,7,5;101,7,-15;107,-9,7;113,2,-4;116,-1,26;863,-69,0;865,2,3;875,68,65;1006,-21,-36
rua||do anil|maua|25933560|119,-2269443,-4313545;121,-27,2
rua||dulcilene de araujo|piabeta|25900010|2,-2261870,-4317624;17,-37,-22;27,48,25;28,0,0;29,4,5;30,-2,-6;65,-15,-8
rua||dunga de aguiar|andorinhas|25911125|45,-2253683,-4303950;50,-16,28;175,-51,10
rua||dunga de aguiar|pau a pique|25911125|9,-2253698,-4303974;15,-10,40;25,7,-12;35,4,-13;36,-81,41;40,94,-32;651,-217,45
rua||eloy afonso|guia de pacobaiba|25924630|16,-2270750,-4315195;55,29,2;75,32,6;82,-38,-25;108,63,30;111,10,-7;133,12,2;145,11,5;171,13,2
rua||eloy afonso|guia de pacobaiba|25926432|60,-2270711,-4315190;68,11,5;72,7,-7;86,22,9;110,16,4;112,6,-1;124,6,0;146,10,4;156,21,12
rua||eloy allonso|guia de pacobaiba|25924630|739,-2270077,-4315151;835,128,21;845,6,2;859,20,-3;881,13,2;907,27,6;921,2,-8;935,13,1;947,14,10;987,77,4;1075,90,-19;1085,22,-15;1111,22,-13;1133,21,-3
rua||eloy alonso|covanca|25924630|173,-2269298,-4315194;1270,-169,-45;1280,87,14;1502,82,29;1526,16,-3;1567,16,10;1568,13,9;1575,-18,-8
rua||eloy alonso|covanca|25926432|9,-2269368,-4315173;10,34,53;20,-4,-27;150,51,25;165,-33,35;246,-48,-102;413,-761,57;432,-190,-2;448,17,-6;456,1,4;472,12,1;494,5,0;506,10,9;518,12,-10;530,22,-1;554,18,-1;578,23,7;680,81,3;692,17,1;714,3,-1;716,1,0;728,23,0;740,1,-1;752,21,1;772,6,-1;776,30,3;777,8,2;906,232,-206;908,37,-42;910,-81,252;974,18,-1;1000,157,-31;1068,-87,48;1074,61,-33;1076,-7,4;1122,40,-27
rua||eloy alonso|guia de pacobaiba|25926432|200,-2270568,-4315172;211,20,6;214,0,0;238,6,-1;239,27,2;264,17,5;288,9,1;291,13,1;312,7,4;313,-1,-2;318,19,0;324,0,2;335,7,-2;336,-1,9;347,7,-8;348,8,5;359,6,-3;360,2,2;371,15,-2;372,-3,3;384,5,8;395,13,-12;407,12,4;455,71,3;471,19,2;493,8,1;505,9,2;511,7,0;517,7,2;519,7,0;525,11,-1;555,20,2;607,-1,3;608,17,-5
rua||eloy alonso|itinga|25926432|1271,-2269280,-4315203
rua||ezequiel monteiro de abreu|lagoa|25903581|5,-2264941,-4304262;26,-31,-18;35,1,2;47,18,5;70,6,12;643,-34,-24
rua||francisco alves|guia de pacobaiba|25931160|27,-2270855,-4314025;37,7,8;44,4,11;57,1,6;58,1,-6;67,12,16;68,-4,-13;77,14,3;78,-1,7;84,11,12;87,0,-4;88,1,0;92,7,4;104,17,5;106,28,-31;116,-22,26;128,17,-4;139,3,-6;146,12,12;156,0,-18;168,3,-11
rua||francisco anacleto|piabeta|25931574|19,-2262182,-4317003;20,12,10;22,-52,-42;23,3,0;26,99,182;27,-154,-224;28,-10,-10;30,-3,-7;32,32,28;35,54,54;36,-7,-3;39,111,131;41,-29,-62;49,36,53;50,8,-21;60,-11,-6;70,-7,-8;90,-10,-10;99,-145,-115;110,129,101;119,-4,4;121,-10,-3;129,-5,-10;130,-5,-12;139,2,7;140,-3,-9;149,-13,-2;150,7,-2;152,-26,-29;159,13,24;160,0,-8;163,-25,-12;169,66,148;170,-48,-144;174,-6,2;179,-33,-23;180,37,25;187,-45,-34;190,99,67;197,-107,-75;198,21,12;199,-32,-23;200,41,27;201,-60,-38;211,-26,-25;273,-16,-22;289,47,47;1130,185,163;1159,-230,-203
rua||francisco de assis|maua|25933560|157,-2269572,-4313510;642,-10,-2
rua||geraldo anacleto|piabeta|25931314|17,-2261566,-4316577;26,83,42;33,55,32;37,-17,-14;38,-9,-5;40,-228,-123;50,-2,15;57,71,20;60,-57,-17;113,30,7;115,14,-2;116,-9,8;125,1,-6;126,10,16;145,24,3;146,-7,1;155,12,1;160,-4,6;165,14,1;175,11,4;176,-17,-1;180,8,4;190,8,6;206,25,9;212,7,5;215,8,-3;225,14,11;235,10,1;236,-2,0;239,7,10;246,-1,1;249,13,-1;258,-4,4;260,5,2;263,5,0;273,6,5;284,2,7;285,7,-5;293,10,1;296,-11,9;308,13,2;318,8,3;322,8,6;328,2,4;355,14,-4
rua||geraldo avelar|fragoso|25932794|17,-2259438,-4317775
rua||geraldo avelar|parque sayonara|25932794|6,-2259477,-4317779;8,-13,-8;9,-112,-4;11,117,10;16,-31,10;22,13,-35;30,11,0;98,54,26;116,-35,4;140,41,7;142,6,9
rua||gilda de abreu|parque dos artistas|25919306|16,-2261731,-4315135;17,82,9;18,-241,-46;19,-115,-20;20,-88,97;21,-82,-131;23,254,49;25,107,34;66,-297,-63;115,99,14;315,171,26;429,99,20;444,-81,-11;640,195,34;675,17,7;677,3,0;781,95,29;791,14,-14;805,1,-2;811,17,17
rua||gilda de abreu|rio do ouro|25919306|760,-2261517,-4315094;832,-5,0
rua||gomes freire de andrade|mage|25902043|13,-2263760,-4302794;15,-7,30;17,12,-21;18,-7,-99;19,14,36;30,-11,-15;46,3,14;53,8,14;75,4,-108;78,-13,123;152,8,76;172,-25,19;174,-3,3
rua||gomes freire de andrade|mage|25902187|149,-2263748,-4302721;167,0,-10;201,8,29
rua||joao aguiar|parque dos artistas|25930890|71,-2260779,-4314716;72,-87,186;80,-32,111
rua||joao aguiar|piabeta|25917210|28,-2260381,-4315031;57,-504,498;58,2,0;88,41,-2
rua||joao aguiar|piabeta|25930890|36,-2260410,-4315012;37,-105,15;40,-108,37;42,157,-40;43,-172,51;181,24,-7
rua||joao aguiar|piabeta|25931890|8,-2260580,-4314976;9,0,-1;28,141,-34;36,34,15;44,-315,163;48,205,-160;50,-7,-8
rua||joao amorelli|jardim sao paulo|25935832|9,-2260623,-4318777;18,33,115;38,-10,-26;39,16,16;42,-27,-74;43,-3,18;46,16,22;49,-1,3;91,-21,-51;103,4,-25;167,1,20
rua||joao antonio|guia de pacobaia|25925522|4,-2271284,-4312718;28,-2,-25;32,-102,-425;51,23,-7;61,10,-3;70,-3,4;72,1,0;126,-21,60;136,-1,-4;137,207,636;146,-221,-648;162,-18,-18
rua||joao antonio|guia de pacobaiba|25925522|1,-2271327,-4312623;10,-49,33;37,-2,-525;39,127,489;41,-19,-19;147,-114,-477;151,-18,-9;161,-5,-8;285,117,393;300,-67,86;333,-19,61;379,16,-30;380,-1,-37;387,15,22;390,-4,10;391,-13,-12;410,7,-11;433,-9,-25;437,8,-7;468,18,5;500,103,-266;1407,-175,225;1417,5,4;1427,5,8;1437,1,14;1447,5,1;1875,-18,-33
rua||joaquim aguiar|raiz da serra|25933800|2,-2256740,-4318567;6,96,-107;7,-286,170;8,175,-78;9,52,-63;10,12,-23;11,-10,13;12,9,-5;13,14,5;14,0,-22;15,12,-11;16,2,-4;17,5,-4;18,-19,15;19,-21,101;20,53,-120;21,-9,-5;23,1,14;25,8,15;26,6,-48;27,-59,144;30,-244,83;31,298,-18;56,-311,28;74,1,-4;75,25,-1;76,74,-30;79,31,6;80,94,-52;85,-153,-43;89,196,21;90,-202,83;134,164,-85;144,-158,77;147,32,-17;190,34,15;233,25,-44;235,22,-3;276,5,-4;289,45,-27
rua||joaquim arruda|inhomirim|25935800|23,-2260974,-4318950;24,0,-4;28,15,9;34,12,8;57,-145,-103;58,-40,-15;60,54,8;62,-20,-4;64,-22,-3;65,-11,2;66,9,-1;67,-17,-1;68,-9,-9;69,-72,-30;71,-15,-31;72,-1,-7;73,68,73;74,-71,-87;76,48,65;77,1,1;78,27,-7;80,-64,-87;81,67,113;82,-66,-124;84,2,-12;85,14,48;87,-19,52;88,34,-118;90,25,15;91,-62,94;93,-1,-4;94,238,137;97,-241,-145;98,219,133;112,-188,-229;115,1,-3;117,2,-14;142,165,205;144,-18,-7;145,-10,-2;155,10,-6;479,-174,-165
rua||joaquim arruda|piabeta|25935800|10,-2261130,-4319003;13,196,78;35,-14,-14;43,-12,-5;55,-90,-78;59,76,68;83,-15,-18;95,-11,-2;146,-73,-66
rua||jose adao|guia de pacobaiba|25931136|440,-2268152,-4315776
rua||jose de albuquerque|piabeta|25932240|4,-2260858,-4317004;7,35,31;8,6,4;11,47,49;14,-36,-44;16,24,31;17,-10,-1;18,-5,-10;19,-6,-8;20,0,-5;25,45,38;29,4,7;50,30,27;51,-13,-11;52,9,2;53,-21,-11;60,16,8;70,-12,-11;83,-11,-1;109,-10,-11;110,-4,-4;111,-2,-3;112,4,-1;130,-16,-15
rua||josefina de mello alves|covanca|25926381|380,-2270380,-4315059;400,20,-43;420,10,-25
rua||josefina de melo alves|covanca|25926381|84,-2270450,-4314749;96,-1,-7;102,-4,-17;112,9,-10;114,1,-7;140,0,-20;152,5,1;164,-4,-10;176,9,-16;188,0,-22;222,9,-35;284,20,-59;302,24,-75;308,-19,57;314,22,-73;362,2,-6
rua||josefina de melo alves|guia de pacobaiba|25926381|1,-2270460,-4314716;2,12,-9;3,-23,10;4,-6,-6;5,-5,13;6,-7,-9;18,33,24;29,-4,-12;30,7,4;38,-3,-15;95,3,-65;143,9,-54;221,9,-56;233,6,-7;257,9,-28;295,15,-37;303,-54,280;307,57,-299;359,20,-68;391,-7,13;411,29,-73;417,-7,24;423,17,-44
rua||justo alvarez|guia de pacobaiba|25926453|20,-2270459,-4315533;21,-3,-8;31,8,13;33,-5,22;43,12,-9;55,11,3;75,47,72;80,-46,-60;92,10,16;115,24,24;151,16,30;198,0,-1;200,5,11;203,23,21;204,-21,-3;210,11,0;219,17,13;221,3,-1;231,5,13
rua||lindersay anderson|pau grande|25933145|1,-2258266,-4316489;3,7,-6;5,-2,-3;6,1,-12;7,9,-8;8,-12,12;9,27,-14;10,-26,13;11,30,-17;12,-23,16;14,14,-11;15,27,11;16,-23,-15;17,18,11;18,-13,-10;20,11,-4;22,7,-8;26,3,-9;27,-67,48;97,65,-40
rua||malvino ferreira de andrade|pico|25912000|69,-2255628,-4304778;71,-7,-18;73,12,-9;115,18,-8;155,28,-13;157,7,-6;159,9,-5;161,3,-1;163,8,-7
rua||malvino ferreira de andrade|santo aleixo|25912000|17,-2254965,-4304865;25,-3,13;31,9,-13;34,4,9;36,16,-29;37,-8,17;40,-710,82;41,724,-115;44,20,19;50,1,15;52,-572,-56;56,586,54;62,5,-13;66,-29,-23;70,-182,25;72,213,12;74,-747,71;75,734,-81;77,-186,-3;80,142,-40;82,-663,135;84,-1,-24;86,23,-5;88,708,-68;94,-722,81;100,35,-25;118,-34,14;120,713,-133;136,-628,90;158,671,-113;184,-684,124;198,3,-6;201,49,-47;202,26,2;209,-58,40;231,6,-16;232,-7,-3;240,-9,8;259,174,-122;260,-139,116;262,21,-13;264,-24,-1;274,-2,-1;281,62,-25;282,-75,44;283,92,-70;289,-120,82;349,180,-127;353,-64,50;369,75,-52;403,92,27;407,-44,8;413,26,13;423,2,-2;431,6,8;437,-79,-34;447,91,30;467,26,22;483,4,-3;497,12,4;515,10,8;519,16,6;549,28,1;557,-133,-83;583,172,92;625,-89,-23;635,138,21;643,-8,27;657,9,-10;659,-110,-28;669,13,1;685,25,2;703,114,50;709,-100,-42;731,120,48;739,31,0;755,-126,-45;852,81,38;869,5,10
rua||manoel custodio de albuquerque|lagoa|25903617|10,-2264721,-4304149;24,-25,12;250,-37,4;251,15,-15;253,36,5;255,1,-3;300,-1,-2;310,-19,73;379,-39,-49;380,47,28
rua||manoel francisco alves|guia de pacobaiba|25926462|2,-2270491,-4315234;28,-50,10;36,54,-2;60,-11,-5;76,11,5;90,16,-4;99,5,-3;100,1,6;104,15,10;116,10,-10;135,2,-3;136,8,12;148,9,2;172,26,2;183,-2,0;184,11,3;196,12,5;207,18,-6;208,-13,6;210,20,5;217,9,-9;227,8,-1;231,0,-1;234,16,0;246,14,2;248,0,4;258,9,1;270,12,1;273,28,-6;294,-9,9;306,10,-2;318,12,4;330,14,-4;342,6,2;353,28,-8;354,-29,9
rua||manoel freire amorim|saco|25901689|476,-2265047,-4302130
rua||manoel freire amorim|saco|25901738|57,-2264935,-4302555;67,-7,25;168,-26,109;201,-1,20;229,-13,46;233,-22,85;263,16,-59;365,-23,86;375,-6,24;387,0,3;399,-3,20;411,0,10;413,-6,7;421,-2,12;461,-7,25;471,-7,23
rua||manoel virgilio alves|lagoa|25903116|84,-2263126,-4303228
rua||manoel virgilio alves|mage|25903116|11,-2263055,-4303196;69,-93,-33;80,102,80;101,-46,-86;115,7,3;126,11,12;127,10,7;138,-2,20;143,30,81;145,-16,-55;147,10,39
rua||maria adlaide|itinga|25924630|25,-2269454,-4315290;49,79,-154;1248,-34,127
rua||maria pires araujo|pau grande|25933260|3,-2258495,-4317393;7,35,63;8,56,108;10,-56,-103;13,50,85;17,29,44;18,3,14;117,-114,124;270,100,-151;271,-10,-11;280,16,19
rua||marieta de almeida|guia de pacobaiba|25926030|40,-2270222,-4313608;50,-10,3;60,-9,-1;70,-44,9;80,-40,-9;84,60,6
rua||martins alvares|rio do ouro|25916472|3,-2259506,-4311710;4,119,-635;9,-102,602;12,-42,29;13,-10,270;21,8,-14;34,102,-669;40,-1,-17;45,-18,-26;46,31,-19;49,8,-144;54,-19,184;78,7,-22;84,-2,47;112,-93,675;119,77,-651;136,-86,627;148,1,-15;150,7,-74;185,80,-446;201,-61,345;238,-42,268;256,36,-203;260,1,28;612,-25,83;1109,101,-616
rua||murtinho pereira de araujo|guia de pacobaiba|25926846|19,-2271552,-4317823;32,-3,8;75,-116,68;102,42,-29;104,-9,4;135,6,4;137,-16,10;149,25,-18;155,5,-9;160,9,0;162,-41,19;170,47,-27;177,1,4;180,1,0;181,15,-10;190,2,7;215,17,-26
rua||natalina aguiar|piabeta|25932175|2,-2261191,-4316517;6,13,6;8,0,0;16,40,32;43,-32,2
rua||neusa aparecida alves|pau grande|25917072|2,-2259396,-4316849;3,-14,-87;4,0,0;5,10,69;6,-12,-77;7,10,76;8,0,-5;10,-2,1;12,5,1;13,-4,-13;16,-4,-7;17,2,-10;31,8,56;49,2,-4;71,-16,-92;110,10,33;111,-6,-13;179,-14,-68
rua||nilson durao abraao|fragoso|25935252|3,-2259553,-4318797;9,-25,-1;30,-259,-11;40,8,3;41,-1,-8;52,16,13;63,12,-18;64,-6,16;75,44,-100;76,-25,96;95,31,-3;100,-15,6;121,43,-260;159,30,261;173,15,0;227,32,-2;238,11,-3;239,-9,4;250,11,1;252,21,1;273,12,-8;274,3,9;275,-15,0;277,21,-8;286,-8,6;287,14,-6;299,17,0;323,12,1
rua||nove leque azul|mage|25926882|13,-2267198,-4315802;202,-58,-99;220,17,8
rua||particular a|inhomirim|25931822|2,-2260892,-4317569;27,21,-11;100,-24,-1;102,15,16;103,-22,0;110,38,-23
rua||pinto amaral|parque cacula|25936760|10,-2261822,-4319808;12,6,0;18,18,36;28,-10,-7;33,1,-5;38,3,-1;43,-4,-9;48,1,-7;53,-4,3;58,2,9;68,-2,-25;78,-4,-12;88,-10,-5;93,3,-1;98,29,-20;103,-32,24;108,6,-20;111,-12,-5;123,1,-8;128,-1,-8
rua||porto alegre|inhomirim|25935738|25,-2260954,-4318372;38,49,23;42,-9,6;47,-120,-180;51,105,156;61,-6,7;73,-10,-5;86,-19,-17;90,-1,0;110,-4,-9;122,-9,3;133,0,3;134,-2,-15;135,-10,7;168,-20,-25;170,-9,-20;182,-4,0;194,-3,-13;206,-2,-11;218,-8,-9;230,4,-8;242,1,-17;254,1,-13;290,-3,-32;312,7,-29
rua||porto alegre|surui|25922640|68,-2266741,-4311168;80,33,9;87,5,3
rua||porto alegre|vila inhomirim|25935738|31,-2261020,-4318440;33,-10,-120;34,19,140;35,-32,-162;155,40,174;167,-12,7;171,1,-23;183,-8,-9;189,-7,-11;195,0,-10;220,-11,-6;237,3,-31;255,-7,-18;277,2,-18
rua||projetada a|barbuda|25900772|2,-2267016,-4303767;25,-28,-54;28,37,68;29,97,232;35,-77,-194;46,21,23;50,125,248;54,-110,-202;66,-11,-15;70,-3,-26;101,-15,-19;130,113,200;220,-48,-83;245,18,26;250,-9,-20;252,0,16;260,-12,-28;290,13,28;323,29,56;360,-103,-192;629,121,216
rua||projetada a|conceicao|25916420|100,-2260840,-4310287;119,-9,10;146,-13,-27;180,174,266;186,58,-16;190,-279,-288;225,-117,-68;255,274,206
rua||projetada a|conceicao|25931124|195,-2260624,-4310068
rua||projetada a|inhomirim|25932500|1,-2260373,-4317779;3,-1,21;4,-3,9;6,-3,27
rua||projetada a|maua|25925320|73,-2270187,-4311860;216,14,7
rua||projetada a|novo horizonte|25900772|15,-2262537,-4318461;16,20,-27;17,153,-179;37,-164,207;192,174,-233
rua||projetada a|parque dos artistas|25900772|28,-2262064,-4315431;30,261,51;140,-107,-70;215,-48,37
rua||projetada a|parque dos artistas|25931326|10,-2261848,-4315378;13,-18,-13;31,64,22
rua||projetada a|parque santana|25900772|80,-2262608,-4318378;89,-3,17;90,-5,-9;100,-5,8;109,3,6;110,-8,-2;119,2,8;120,-17,4;129,11,8;130,-13,0;139,-3,10;140,-3,-8;149,-6,18;150,-1,-3;160,-6,8;170,-6,7;179,-3,9;180,-2,11;189,-5,4;199,-3,4;200,-10,0;209,5,6;210,-12,4;219,1,8;229,-1,5;230,-17,8;234,-7,8;245,-8,27;250,10,-24;259,-6,9;260,-4,5;300,-33,30;310,-7,8;320,-5,12
rua||projetada a|piabeta|25900772|10,-2261101,-4316948;11,20,-23;15,-1083,-1423;17,25,-25;19,-12,-44;28,1042,1547;29,5,-23;40,2,8;46,6,-15;55,3,-6;56,-1135,-1342;60,1130,1344;74,10,-13;85,19,-21;86,-1,4;99,5,-16;100,5,15;111,-1149,-1340;112,1157,1327;113,-10,-4
rua||projetada a|piabeta|25931326|1,-2261070,-4316200;3,4,-18;4,1,-9;11,-7,53;18,-1,3;21,3,-22;22,-6,-3;23,6,-14;24,-3,-13;25,10,-1;27,1,-16;28,-4,-19;29,-1,-5;52,1,21;118,-21,111
rua||projetada a|piabeta|25932500|10,-2261451,-4316703;11,5,5;12,10,10;14,22,16;16,10,13;17,-71,-61;46,-111,-83;69,31,12;70,-3,4;81,6,-2;82,5,14;93,7,-1;94,1,9;95,16,20;100,15,-3;105,-7,-3;119,11,8;122,2,6;214,63,53;222,10,9;223,0,-8;243,17,20;244,1,1
rua||projetada a|piedade|25900772|8,-2267451,-4306237;9,-11,0;10,13,-5;12,15,-33;54,-160,-430;56,-9,-46;66,-18,-5;70,148,558;96,17,-35
rua||projetada a|piedade|25906002|38,-2267435,-4306673;39,12,5
rua||projetada a|quilombo do feital|25906000|32,-2267581,-4306749;56,-28,-14;68,-42,-9;69,34,11;71,-55,-61;74,-14,-24;82,-22,14;150,29,38;190,-12,-58;671,16,-31
rua||projetada vila aino|piabeta|25931694|2,-2261841,-4317703;6,12,14;7,-7,-5;8,21,20;9,2,3;10,6,3;11,15,11;12,0,0;13,20,10;18,19,31;19,73,-24;20,-54,33;21,0,-3;42,-66,-49;53,-43,-41;69,-6,-3;72,19,12;124,27,28;138,22,18;147,6,4;154,1,2;158,6,1;165,3,-2;168,-5,10;177,14,1;187,7,2;197,-1,19;198,5,-4;325,-112,-100
rua||quinta avenida|parque boneville|25907028|1,-2265267,-4309037;2,6,-9;7,248,-150;8,18,-7;12,-151,97;18,-94,58;22,87,-190;24,188,18;87,-229,138;422,23,-14;449,-56,39;540,144,-94;560,26,-15
rua||ranulfo alves de araujo|piabeta|25932260|3,-2260862,-4317188;15,-26,28;21,-41,40;36,68,-69;45,-13,11;51,-1,4;60,-4,-1;61,0,-1;71,-10,23;80,-9,0;81,3,4;91,-7,12;98,-2,-5;107,-11,7;110,-1,12
rua||rene andre|jardim nossa senhora da piedade|25901110|10,-2266187,-4303150;20,-3,8;77,119,74;150,-34,-33;199,-105,-13;212,4,-10;302,153,57;325,-62,-54;340,-19,24;348,38,15;360,7,5;362,13,5;398,24,21
rua||rene andre|vila esperanca|25901110|18,-2265852,-4303625;30,16,-5
rua||rodrigues alves|surui|25922208|85,-2267225,-4312554;171,-5,43;191,6,-42;203,4,-9;215,-1,-12
rua||rodrigues alves|surui|25922228|150,-2267213,-4312493;160,-7,-16
rua||rosa angelica|mage|25903587|25,-2266173,-4313273;27,-3,-1;35,12,3;55,23,-5;65,16,5;77,13,2;99,14,1;109,7,3;121,17,7;133,12,-4;147,18,-3
rua||rosa angelica|mage|25922448|169,-2266011,-4313253;193,14,1;213,36,-1;241,11,3;251,5,1
rua||rosa angelica|surui|25922448|14,-2266092,-4313259;28,-74,-14;32,2,4;44,12,-2;74,26,10;86,12,3;98,22,-6;120,15,14;148,32,0;150,14,-4;168,13,2;179,8,3;228,54,11;240,-1,-3;252,15,2;262,14,2;274,13,1;334,39,9;354,7,-3
rua||rubens abrunhosa|fragoso|25932796|18,-2259451,-4317828;19,1,-1;26,42,-46;33,68,-68;34,-1,1;67,-7,7;148,-40,39;151,-20,21;175,-13,13;199,-16,21;308,134,-118
rua||rubens abrunhosa|parque sayonara|25932796|6,-2259337,-4317927;44,-16,-13;80,-9,14;90,-5,0;198,-64,72;200,8,0;212,-24,19;224,-12,3
rua||rudy alberto|covanca|25926426|400,-2270385,-4315004;417,15,-6;432,3,6;437,26,-5;438,-7,7;439,22,-5;450,-18,10;460,13,-4;469,13,-12;470,0,10;480,16,0;489,10,-4;507,10,0;519,15,-5;520,-9,14;539,23,-2;540,-4,4;575,37,-8;587,10,0;588,-8,5;589,16,-3;630,16,6;631,10,-8;632,0,14;641,8,-10;642,2,1;651,18,-4;654,-4,8;691,55,-5;715,31,2;728,17,5;729,-4,-7;763,11,6;765,16,0;767,15,0;768,164,-49;807,-150,45;819,8,2;834,-1,5;846,15,1;847,3,-2;858,16,2;868,10,7
rua||rudy alberto|guia de pacobaiba|25926426|21,-2270744,-4315060;22,7,8;35,3,4;39,23,-11;63,6,6;67,-20,-3;75,35,-5;76,3,15;87,11,-9;99,4,7;100,6,4;111,15,0;112,-1,0;123,1,0;124,25,3;145,6,134;176,16,-128;188,15,2;200,7,-12;211,18,8;212,-8,4;223,17,-1;224,-2,-2;235,3,28;236,-4,-26;247,20,16;248,-1,-7;259,11,0;260,3,3;271,16,-4;272,-11,2;276,10,3;282,25,0;283,-19,-7;300,24,9;319,10,-4;320,-5,3;329,13,-5;344,17,8;355,0,-6;356,8,3;367,9,7;368,-144,-18;379,151,18
rua||sampaio ferraz antiga|guia de pacobaiba|25926660|41,-2270516,-4316482;61,-6,-5;65,-10,-19;67,-2,-14;71,0,4;91,-7,-17;149,-30,-71
rua||sebastiao aguiar|piabeta|25931124|1,-2260804,-4315177;12,22,-8;48,1,-32;228,3,73
rua||sergio amaral|surui|25922636|80,-2266252,-4311732;82,2,30;92,1,-11;96,-31,-5
rua||sergio jose do amaral|centro|25900073|9,-2265725,-4303677;21,-36,-34;31,6,13;45,5,3;47,14,16;49,8,1;50,-24,-7;51,31,9;58,-18,-8;72,-3,18;96,17,-11;112,8,4;113,-3,1;117,31,18;120,-22,-17;124,5,14;126,10,-2;128,7,6;170,1,9;172,3,14;178,5,14;193,23,13;203,11,16;204,-14,-12;218,20,29;231,-3,-13;232,-6,18;243,16,-11;362,14,8
rua||siuko akegawa|guia de pacobaiba|25926456|5,-2270523,-4315247;15,8,-5;29,-12,3;30,16,4;32,141,-87;49,-119,63;50,12,0;60,7,-7;61,-13,3;80,42,-22;103,-19,9;113,6,-6;125,8,-9;137,13,2;148,36,-24;162,22,5;165,-41,0;179,5,-1;186,4,3;191,19,-19;213,28,-15;224,-15,18;227,-2,-12;236,15,-1;260,17,-10;272,3,-5;280,17,-13;304,12,-6;316,8,-7
rua||vinte e cinco de agosto|piabeta|25932035|2,-2261577,-4315969;4,-7,-5;6,-10,-5;7,-24,-25;10,-17,-18;15,-46,-37;39,-3,-6;40,-3,1;49,7,-3;50,-9,20;60,14,-3;70,11,11;90,15,6;99,8,1;130,9,19;136,12,5;139,6,2
rua||vinte e nove de agosto|piabeta|25931274|6,-2261888,-4316141;29,119,104;36,-88,-73;42,-50,-43;43,-3,-11;44,-9,-4;49,23,21;61,20,9;71,12,7;179,73,75;189,2,3;205,11,11
rua||vinte e tres de abril|inhomirim|25932550|21,-2259847,-4317447;23,-9,6;43,6,7;50,18,33;55,-5,-11;75,15,17;111,20,20;116,-4,7;703,-12,-23
rua||vinte e um de abril|guia de pacobaiba|25928188|180,-2267514,-4317419
rua||vista alegre|parque cacula|25936695|28,-2261402,-4319395;30,33,-50;31,-9,11;34,12,-8;35,16,-30;36,-18,40;37,31,-54;39,15,-19;40,7,1;41,13,-8;45,24,-47;46,10,-9;47,7,-7;48,2,-12;63,-17,30;89,-19,27;98,6,-22;103,-8,34;104,-6,-18;106,0,16;121,-14,20;133,-10,-4;136,6,-3;157,-7,27;168,-17,4;185,-8,30;193,-14,2;233,-25,24;239,7,1;240,-2,-3;245,0,9
rua||walcir jose do amaral|surui|25922328|9,-2266528,-4312175;39,1,-6;53,-1,-15;63,16,-93;76,-13,71;83,6,-18;85,-3,19;101,5,-42;110,0,6;133,2,-21;147,4,-42;163,-7,4;177,4,-20;187,-2,43;214,20,-123;215,-7,-1;226,0,11;240,3,-13;244,3,-26;245,0,-53;248,1,52;249,-34,267;275,35,-315;278,3,10;290,-2,15;311,2,-49;391,6,-26;409,1,-46;427,2,-14;431,1,1;517,-13,-113;519,24,-8;553,7,-2;557,-4,-15;568,0,-15;569,1,1
rua||walcir jose do amaral|surui|25922332|352,-2266493,-4312520;390,10,-21;400,-6,-27;406,4,-20;418,7,-5;426,2,-15;432,1,-7;444,-3,-19;456,6,-14;480,0,-30;516,4,-21;536,3,-23;552,-5,-19;572,4,-17
rua||walter d avila|piabeta|25919297|11,-2261550,-4315336;20,254,73;21,-3,-16;22,-51,40;23,54,-49;30,-391,-187;61,49,23;71,0,17;72,-3,-1;95,26,5;143,44,77;162,-18,-14;163,8,1;173,9,3;193,14,18;221,41,45;222,-11,-4;223,-9,-11;232,74,74;325,29,11;385,61,9
travessa|capitao|antero|santo aleixo|25912024|19,-2255320,-4305239;31,-68,117;34,74,-100;46,8,10;53,8,3;54,-19,31;55,13,-27;76,-30,45;85,64,-8;86,-43,0;95,15,-14;98,0,-8;102,-19,18;128,-13,14;130,-70,137;135,57,-140;140,-57,147;145,36,-129;157,-10,14;290,-19,-11
travessa|santo|antonio|guia de pacobaiba|25926861|17,-2271747,-4317877;27,-1,0;47,-16,-22;53,23,20;54,3,8;57,-26,-27;76,13,-6;133,27,55
travessa|santo|henrique a|piabeta|25931334|4,-2261256,-4316623;5,-5,5;6,7,9;7,2,3;8,11,12;12,18,19;13,0,-11;17,14,8;19,-41,-23;20,8,-2;21,14,18;23,14,16;25,24,7;31,-72,-49
travessa||araruama|batatal|25911140|13,-2253937,-4304162;26,5,-20;65,10,-38;74,2,-3;75,0,4;85,2,-11;87,0,-4;88,4,-3;90,-2,-6;91,-2,-2;96,5,-7;101,0,2;105,5,-13;111,-7,0;116,3,-11;117,0,-5;131,-1,-14;143,10,-17;159,3,-30;174,7,3;179,-4,3;188,-1,-10;189,3,-12;224,3,-6;247,5,-9
travessa||a|fragoso|25935394|4,-2259205,-4318746;19,10,13;23,5,6;25,0,-13;26,-2,4;34,-3,1;38,-7,-12;39,2,1;45,5,0;55,-4,-79;59,-14,65;71,2,-1
travessa||a|inhomirim|25932515|5,-2260200,-4317278;8,11,27;14,28,44;15,3,12;16,4,3;17,6,8;18,2,12;80,-38,-67;125,12,14;156,11,20;603,-46,-84
travessa||a|parque cacula|25936565|20,-2260981,-4319779;95,0,69;104,-3,13;107,2,-31;108,0,44;153,3,-77;202,-11,7;203,10,-24;320,-2,49;331,2,-90;339,-5,-28;345,-14,-24;360,28,62;361,2,-7;362,-5,2
travessa||a|piabeta|25937040|19,-2261675,-4318458;20,-4,-16;40,-12,-18;80,-5,-22
travessa||a|vila atlantica|25900490|35,-2266247,-4304150;40,6,-23;49,-12,27;50,1,-1;60,5,-17;62,-15,-10;68,9,32
travessa||casimiro de abreu|mage|25900174|15,-2265149,-4304399;19,-7,4;20,-3,0;35,12,6;38,1,-7;45,-3,14;52,8,15;65,-8,-18;66,23,-158;71,-2,175
travessa||guaxupe a|piabeta|25926849|551,-2262000,-4317582;561,9,6
travessa||guaxupe a|piabeta|25931670|455,-2261860,-4317444
travessa||lindsay anderson|pau grande|25933145|1,-2258317,-4316374;2,12,12;3,-7,11;4,6,8;5,-14,7;6,4,8;8,9,-6;9,-9,-10;10,5,-12;11,0,-1;12,16,-4;22,-7,37;48,-4,-51
travessa||malvino ferreira de andrade|santo aleixo|25912036|100,-2255558,-4304813;154,13,18
travessa||walcir jose do amaral|surui|25922328|3,-2266528,-4312172;22,-2,9;54,5,-33;68,3,-34;94,2,-15;120,5,-18;126,0,-15;135,4,-22;144,-3,15;146,4,-32;176,4,-14;188,0,-12;194,2,-10
