alameda||das hortencias|jardim nazareno|25921096|85,-2259984,-4320077;95,7,13;110,-36,-68
alameda||das hortencias|surui|25921096|15,-2265728,-4316033;72,20,86;82,-5,-22;84,6,21;110,19,-80;115,-44,10;119,-7,-34
alameda||heleninha|jardim nazareno|25936150|48,-2260056,-4319431;80,11,-41;98,1,-21;106,0,-16;125,7,-42
assentamento||rua h|assentamento petrobras|25922040|30,-2267368,-4314856
assentamento||rua h|assentamento petrobras|25925866|1,-2267350,-4314867;30,-16,10;35,40,-13;64,120,43;131,-130,-37;132,34,-4;180,80,13;181,-20,-25;191,31,44;291,8,25
avenida||humaita|parque humaita|25935884|42,-2262548,-4319138;47,-165,174;48,6,0;100,81,-132;260,-94,142;650,345,-254;652,-23,10;653,12,8;663,-26,9;664,6,-14;700,-24,14;713,-5,8;714,-1,-11;737,-26,25;833,-70,27;834,-1,-6;845,0,4;886,-56,7;887,12,2;888,15,-11;890,9,-8;898,-39,22;906,-12,4;909,-26,18
avenida||humaita|piabeta|25935884|2,-2262006,-4319341;4,-162,65;15,265,-112;16,-5,0;21,-400,163;22,-9,7;25,9,-14;38,147,-61;43,181,-71;46,20,-5;57,106,-43;58,19,-9;64,-78,31;69,57,-19;106,-28,5;117,-1,30;138,-346,111;150,357,-127;152,-44,-3;175,23,-5;185,-59,33;199,-135,57;201,89,-33;204,20,-24;206,-24,9;240,-28,10;241,5,10;263,-17,-4;273,-4,14;355,-196,70;403,60,-18;408,-5,-6;409,-12,5;415,16,6;427,-29,-2;428,8,-3;439,-6,14;509,-46,16;510,0,-9;521,-7,12;522,2,-11;564,-53,22;574,-14,2;595,-17,20;605,11,-4
rua|dona|helena|inhomirim|25935722|160,-2261566,-4318356;179,24,-23;189,28,10;199,-16,-12;209,8,-8;210,-8,3;211,12,-2;219,6,-12;220,-6,11;229,13,-23;230,-12,11;248,22,-4;249,2,3;250,5,-8;259,-1,-9;260,11,7;270,6,-9;280,-1,-7;285,23,-14;290,-12,15;300,12,-12;310,16,19;320,-11,-38;329,10,4;330,4,-4;339,3,-6;340,1,9;349,10,-11;350,2,1;370,5,-7;379,8,-1;380,12,-7;389,11,-6;390,-11,8;395,-27,5;400,41,-21;410,-150,111
rua|dona|helena|piabeta|25935722|49,-2261671,-4318279;59,11,-7;69,0,-11;79,10,3;81,2,-5;89,6,-4;99,1,-2;109,27,-14
rua|dona|helena|piabeta|25937072|7,-2262051,-4318358;61,-19,-32;78,8,9;80,-9,-24;96,-3,-12;100,-12,-27;113,15,39;140,-23,-57;150,1,-15;152,-10,-12;155,25,58
rua|dona|helena|vila carvalho|25935722|9,-2261680,-4318272;11,43,-30;12,-4,3;13,-15,7;19,30,-17
rua|marechal|hermes|parque estrela|25938305|2,-2265052,-4321058;25,103,17;105,-55,105;133,-12,15
rua|santa|helena|guia de pacobaiba|25925735|20,-2270482,-4312548;34,6,-3;40,15,-12;42,13,-5;58,11,-6;108,33,-19;126,12,-2;180,51,-4;189,-11,-25;192,18,16;204,10,-4;214,4,-7;218,13,-15;255,4,-20;286,38,-20;288,1,4
rua|santa|helena|guia de pacobaiba|25933560|16,-2270347,-4312631;27,-132,72;33,13,-5;39,4,-5;41,12,-6;61,6,-7;71,9,-1;81,5,-10;101,15,-4;113,15,-3;125,9,-10;199,-47,28;213,107,-59
rua|santo|henrique|piabeta|25931334|2,-2261348,-4316567;9,98,-116;58,-77,87;76,1,9;86,24,-29;124,22,-30
rua|sao|henrique|piabeta|25931334|15,-2261237,-4316705;20,-13,12;45,-82,105;47,3,-4;57,9,-11;70,37,-45;73,-28,35;77,6,-9;83,2,-3;93,8,-7;147,50,-39;154,4,-7;155,-1,1
rua|tenente|coronel marques henrique|raiz da serra|25933700|1,-2257438,-4318359;4,-1,-15;5,3,21;6,-2,-3;7,1,16;8,-5,3;10,0,41;11,2,17;12,7,0;14,-1,-4
rua||belo horizonte|inhomirim|25935754|34,-2261242,-4318432;41,92,-53;48,-53,22;51,-25,22;68,11,0;70,3,-15;82,74,-46;106,-49,35;118,8,-3;130,5,-13;156,14,-1;200,28,-27;204,3,0;216,12,-7;228,2,-3;240,11,-5;252,11,3;254,1,-16;256,-5,-6;262,4,-21;274,-2,-6;300,3,-14;310,-2,-12;320,19,-3;338,16,-1
rua||belo horizonte|piabeta|25935754|47,-2261226,-4318445;59,3,-2;71,14,-9;95,14,-14;99,-12,8;107,24,-8;131,13,-12;140,94,-119;143,-86,101;155,6,1;167,7,0;179,8,-5;181,1,-14;195,8,4;203,21,4;214,17,-16;215,-12,-9;227,-4,-15;251,14,-36;275,-2,9;299,4,-19;323,27,-8;326,42,11;339,-25,-12;351,22,11;360,14,4;363,-12,1;374,23,-8;378,20,-6;383,-8,-8;389,39,-59;391,14,-25
rua||belo horizonte|surui|25922644|1,-2266753,-4311106;148,21,18;240,-120,-54
rua||haroldo|piabeta|25931430|6,-2262385,-4315968;14,67,-133;24,40,-93;28,-64,138;35,73,-143;45,-12,19;80,-43,60;194,34,-48;610,-17,33
rua||herta|guia de pacobaiba|25926486|25,-2269982,-4315474;28,2,8;29,2,4;37,-1,-10;45,17,-2;53,14,0;89,16,-7;100,15,13;101,0,-11;120,7,2;122,4,1;126,29,7;180,15,-2;1064,-35,-11
rua||hildegard|guia de pacobaiba|25926495|5,-2270069,-4315410;30,0,-20;54,-2,-11;72,-1,-23;82,1,-9;90,-3,-2;102,0,-8;145,5,73
rua||hildelgard|guia de pacobaiba|25926495|21,-2270074,-4315432;47,0,-5;73,-1,-34;115,-6,-48
rua||holanda|cachoeirinha|25916274|1,-2259278,-4309074;15,-172,17;20,175,-27;60,-3,5;100,-53,0;102,-153,29;110,60,-16;130,-19,-4;140,0,0;250,-48,10;302,-56,4;303,15,6;328,-123,7;433,-34,9;455,80,-10
rua||humaita|inhomirim|25935884|12,-2260570,-4319185;36,-43,-12;46,-4,-3;56,-11,3;78,-12,-14;88,-19,-18;228,-21,-17
rua||hungria|cachoeirinha|25916283|28,-2259609,-4309320;80,28,-2;116,-436,36;138,376,-24;298,283,-74;300,-35,37;310,-35,13;320,-22,-3;325,11,7;380,-78,1;381,-39,6;385,34,-1;493,-231,22;691,-321,29;861,-201,20
rua||h|barao de iriri|25906820|42,-2267714,-4308999;54,19,43;59,-6,15;63,-20,-161;69,14,139;73,-7,-44;74,-4,-13;95,9,-30;131,9,76
rua||h|bongaba|25937860|86,-2264351,-4318623;98,17,7;149,30,86
rua||h|fragoso|25930715|65,-2259066,-4319446;243,34,141;324,-2,-31;331,-8,-46
rua||h|fragoso|25935318|131,-2259016,-4319193;141,-6,-13;189,-7,-42
rua||h|fragoso|25935330|5,-2259032,-4319318;248,2,18;278,0,-31;296,2,33;320,-3,-108;324,2,65;340,-11,-87;350,-4,-6
rua||h|fragoso|25935342|100,-2259044,-4319442;138,-34,108;148,31,-97;154,-6,3;756,-14,65
rua||h|guia de pacobaiba|25925866|267,-2269700,-4312957
rua||h|guia de pacobaiba|25925875|25,-2269598,-4313505;46,-78,581;67,44,-483;97,-12,26;107,-16,5;209,-18,311;287,2,33;309,19,52;508,56,-207;510,-18,86
rua||h|guia de pacobaiba|25933560|178,-2269614,-4313211;268,-113,247;286,51,-83
rua||h|jardim bela floresta|25903490|46,-2264526,-4303872;65,-6,-33;151,19,69
rua||h|mage|25903487|15,-2264524,-4303839;35,1,-27;45,-15,-20;63,1,-5
rua||h|maua|25933560|293,-2269594,-4313576
rua||h|parque humaita|25904460|40,-2262746,-4318974;48,-112,126;51,61,-110;53,11,1;432,-151,25
rua||h|parque humaita|25936850|345,-2262607,-4318995;353,2,-8;760,245,-111;772,-16,12;808,-6,-8;820,-25,14;832,-13,2;840,-9,5;940,-52,24;964,-27,7;976,2,6
rua||h|parque humaita|25937264|59,-2262767,-4318764;60,9,21;61,3,-16;140,46,-64;842,290,-261;880,-37,8;945,-26,18
rua||j b paulo henot|vila esperanca|25901106|105,-2266235,-4303048;125,-10,24;136,-10,19;303,-53,120;315,-6,16;365,-7,13;493,-44,88;497,8,-16
rua||jb paulo henot|vila esperanca|25901106|5,-2266345,-4302816;7,88,-185;18,-84,164;28,35,-76;35,-24,74;96,79,-172;98,-2,0;160,-41,81;192,7,-18;200,37,-79;228,-79,179;252,-9,12;300,33,-49;314,-13,15
rua||jean batista henot|jardim nossa senhora da piedade|25901102|1,-2266343,-4303327;15,8,12;26,6,-2;30,6,2;37,3,10;62,6,6;63,21,1;64,10,20
rua||maria do carmo dos santos hipolito|piabeta|25932000|21,-2260743,-4317073;23,8,-8;62,-18,14
rua||maria do carmo dos santos hipolito|piabeta|25932270|100,-2260782,-4317024;162,-7,7
rua||maria helena|guia de pacobaiba|25926435|12,-2270659,-4315257;15,-3,0;31,-97,-11;55,31,-8;67,0,11;79,22,3;82,-25,18;98,44,-10;110,27,-2;121,4,-6;146,13,16;158,10,-8;170,6,-2;179,6,-1;181,-12,-1;182,13,1;191,17,-1;192,6,6;582,6,-4;612,-3,-1
rua||maria helena|piabeta|25931346|10,-2261407,-4316858;13,141,114;17,7,8;19,112,89;20,1,-3;23,-132,-110;29,118,105;30,8,-2;39,-12,-4;40,2,2;49,-14,-10;50,3,4;60,-3,-7;69,-2,-9;70,-7,5;80,-7,-4;89,6,24;90,-14,-38;100,-6,-4;109,2,9;120,-13,-12;121,-9,6;130,5,-14;140,-14,-15;149,-14,-7;150,1,0;160,-15,-4;169,-10,-11;170,1,-4;180,-10,-7;189,-11,-8;190,1,0;200,-11,-11;217,-1,6;219,-10,-6;220,164,91;229,-177,-100;230,9,-9;239,-21,-2;240,13,-9;259,-19,5;260,8,-20;269,-8,16;270,-1,-5;280,-13,-13;300,-12,-7;310,-12,-6;400,-14,-24;420,-18,-9;425,1,10
rua||projetada h|novo horizonte|25937092|12,-2262521,-4318355;16,-72,81;35,53,-63;43,72,-98;60,-88,116;105,-31,41;129,-11,14;140,-10,4;200,-31,44;427,289,-321;437,6,-2;447,12,-3;1235,-197,185
rua||projetada h|parque humaita|25937224|26,-2262574,-4318753
rua||victoria helena|covanca|25926372|489,-2270295,-4314647;504,18,1;551,7,2;571,54,7;575,-27,-4;587,7,-1;623,33,4
rua||victoria helena|guia de pacobaiba|25926372|1,-2270627,-4314699;2,11,4;3,-3,-20;4,-4,4;39,-79,3;51,14,1;61,5,5;87,25,-1;97,16,4;105,16,1;133,20,4;151,19,-1;163,12,8;175,5,1;199,28,5;211,10,4;223,6,-2;235,12,1;247,17,5;259,10,-3;303,46,9;327,13,2;357,16,-1;369,8,5;381,14,1;393,9,1;405,11,2;417,9,0;441,22,3
rua||vitoria helena|guia de pacobaiba|25926390|26,-2270716,-4314704;38,17,2;62,16,1;74,7,3;86,14,0;98,17,1;100,7,4;120,18,5;132,12,-1;154,21,3;156,11,2;178,14,1;190,2,0;202,17,3;212,12,2;238,20,4;250,12,1;260,9,0;268,4,1;274,6,-3;280,5,0;298,21,8;310,3,1;332,13,4;356,28,3;370,8,-1;382,9,6;394,13,0;406,12,0;418,3,2;440,22,6;466,-1,0;480,16,1;492,9,1;496,8,-3;498,14,1;500,9,7;502,12,-1;552,16,7;576,18,-1
travessa||h|sampaio|25936530|1,-2260538,-4319989;14,-4,-11;15,-20,6;17,2,-17
travessa||marechal hermes|parque estrela|25938315|2,-2265079,-4320805;76,-20,15;270,85,133
