beco||124|grama|26061080|124,-2270013,-4342250;533,-52,-30;535,24,15;556,-24,-14;557,5,3;559,7,0;561,13,13;612,-1,-5;614,12,8
beco||381|grama|26061080|5,-2270020,-4342339;7,-3,9;381,-21,-32
beco||92|grama|26061080|3,-2270048,-4342323;4,47,30;5,-21,-6;10,-14,-15;92,37,22;404,-22,-12
beco||98|grama|26061080|1,-2270020,-4342280;5,-5,1;98,24,7;100,2,0;522,-23,-20;529,-20,4
beco||arapongas 375|grama|26061080|369,-2270016,-4342343
beco||sem denominacao 1|carmari|26022181|803,-2272415,-4345048
beco||sem denominacao 1|carmari|26041060|357,-2272477,-4345242
beco||sem denominacao 1|jardim carioca|26022580|2,-2273043,-4345864;3,1,-2;176,-18,11;181,20,-15;314,-10,5
beco||sem denominacao 2|carmari|26041060|343,-2272504,-4345250;347,23,41;349,-18,-26
beco||sem denominacao 2|sao benedito|26022590|97,-2273044,-4345911
beco||sem denominacao 3|dois irmaos|26022350|126,-2272628,-4345317;138,-5,4
beco||sem denominacao 4|dois irmaos|26022330|300,-2272541,-4345539;311,8,-10;321,-1,0
beco||sem denominacao 4|jardim carioca|26022580|70,-2273059,-4345942
beco||sem denominacao 5|alto da posse|26022641|13,-2273018,-4345960;192,-8,-7;194,5,5
beco||sem denominacao 6|sao benedito|26022590|222,-2273035,-4345924;230,1,1
beco||sem denominacao 7|jardim carioca|26022580|149,-2273090,-4345866;151,-6,-1
caminho||sem denominacao 1|sao benedito|26020265|89,-2272334,-4345540
condominio||691 e 703|kennedy|26020700|691,-2273620,-4344555
entrada||sem denominacao 1|vila anita|26022240|288,-2272312,-4345066
entrada||sem denominacao 2|nossa senhora de fatima|26022251|231,-2272371,-4345399;249,12,8
entrada||sem denominacao 2|vila anita|26022240|989,-2272273,-4345100
entrada||sem denominacao 3|nossa senhora de fatima|26022271|16,-2272377,-4345556
entrada||sem denominacao 3|sao benedito|26020265|59,-2272334,-4345538
entrada||sem denominacao 3|vila anita|26022240|228,-2272246,-4345046;230,13,-7
escadinha||sem denominacao 1|sao benedito|26020265|20,-2272338,-4345538;49,-15,-26;59,6,-2;79,5,17
escadinha||sem denominacao 2|nossa senhora de fatima|26022251|31,-2272418,-4345439
estrada||boa esperanca 2|tingua|26062450|520,-2259023,-4341162;610,17,110;714,48,72;775,32,21;1021,116,175;1050,0,21;1184,69,119;1530,470,505;1535,-309,-237;1536,6,22;1671,94,78;1701,28,21;1731,14,11;1741,14,12;2013,242,129;2051,-89,-36;2111,157,47;2259,92,63;2270,0,0;2311,72,79;3000,97,136;3079,47,9
estrada||boa esperanca 2|tingua|26063450|2299,-2257981,-4339996
estrada||rio sao paulo br 465|prados verdes|26298566|1377,-2283770,-4361145;2111,-382,234;2141,36,-32;2733,132,-100;20131,-98,89;33351,18,-11
estrada||rio sao paulo br 465|prados verdes|26299000|4,-2282977,-4361624;12,421,-304;35,-451,317;40,134,-83;41,-23,17;42,190,-116;72,-42,33;184,-553,309;465,391,-213;2115,348,-264;2123,-190,-79;3640,-312,406;3645,56,-9;4035,84,-34
rua|conde|aljezur 120|valverde|26291325|120,-2276691,-4353662;454,1,-2
rua|conde|de aljezur 120|valverde|26291075|120,-2276620,-4353578;454,-5,5
rua|conde|de aljezur 150|valverde|26291325|120,-2276582,-4353667;150,56,52;454,-20,-14
rua||28|vila de cava|26053290|15,-2267543,-4346143;25,5,-11;35,9,-4;36,7,6
rua||2|ipiranga|26293463|10,-2279560,-4357769;60,14,150;70,-2,-11;80,0,-8;90,-7,-67;100,12,63
rua||2|ipiranga|26293528|76,-2279357,-4357739;120,0,-22;140,-4,-25;160,-4,-18;168,-186,67;180,186,-92;200,-6,-27;206,-1,-20;360,-170,200;378,-6,-42;391,-7,-40;392,2,-7;394,11,-93;396,-12,89;398,24,-99;400,9,1;402,9,-1;404,6,-1;406,6,5;408,10,-6
rua||34|austin|26296162|5,-2272116,-4352056;7,18,12;8,-6,14;9,13,-12;11,7,4;12,8,-2;13,3,10;16,-5,8;19,32,-3;54,-81,-33;56,-1,-8;184,14,14
rua||34|boa esperanca|26070006|22,-2272207,-4343456;26,7,-16;38,8,6;42,5,35;50,7,-35;52,8,47;53,-3,4;59,1,-27;60,3,-33;62,1,42;70,-4,-31;88,30,11;90,-1,-7;92,10,30;95,17,4;98,-21,-34;100,7,8;102,14,48;105,-6,4;110,8,-58;120,4,10;130,8,-4;135,2,8;140,-7,13
rua||34|figueira 2|26060530|8,-2268909,-4342524;11,-13,-64;25,31,99;386,-12,-101;445,-18,0;449,-1,13;501,-2,57;512,-2,8;513,-11,3;518,69,-37;530,0,50;601,-6,-10
rua||3|ipiranga|26293528|45,-2279400,-4357850;58,-3,-21;80,13,102;81,-4,-43;82,2,41;83,-2,-43;84,2,40;85,-3,-29;86,0,25;87,0,-41;88,1,39;89,-1,-40;90,1,38;91,-3,-44;92,3,40;93,-5,-42;94,3,39;95,-3,-42;96,3,40;97,-4,-46;100,9,82;115,-10,-11;117,-3,-8;119,3,-2;121,1,-1;122,11,47;123,-12,-54;125,0,-4;170,13,114;180,-4,-23;190,0,0
rua||4|ipiranga|26293463|20,-2279377,-4357624;35,-11,7;80,23,-49;82,1,-3;84,4,-7;86,9,-14;88,5,-17
rua||4|tinguazinho|26080000|3,-2272283,-4350845;5,21,-6;8,-41,0;23,37,2
rua||4|tinguazinho|26080235|2,-2272280,-4350849;4,5,-1;5,25,-1;9,-48,4;12,57,24;16,1,-16;17,17,-12;18,5,-1;52,-53,2
rua||8|ipiranga|26293528|16,-2279543,-4357739;17,14,-7;21,10,2;25,-1,-3;29,7,2;35,7,-5;40,0,-1;45,3,-6;47,1,11;49,7,1;55,1,-5;57,-2,1;59,6,3;100,-53,3;105,82,-14;107,11,1;109,-2,6;113,4,-2;115,6,1;117,6,-4;119,0,3;121,2,-3;123,1,0;125,5,-3;127,-1,2;129,1,-2;130,-111,21;131,120,-13;133,4,-7;135,-2,-3;190,12,5;200,-10,1;210,-12,0;220,-5,3;230,-12,2;240,-7,-1;250,-7,3;260,-5,1;270,-13,2;280,-4,-1;290,-9,2;300,-11,2;310,-8,2;320,-8,0;330,-8,3;340,-5,-2
rua||abilui augusto tavora 2094|marapicu|26294300|2084,-2280183,-4358180
rua||alvorada 102|jardim alvorada|26265270|1,-2276334,-4348992;2,12,-11;3,-5,26;4,1,-5;5,-2,6;6,5,-1;7,2,12;8,-1,-6;9,-2,11;10,8,1;11,0,0;12,1,1
rua||alvorada 103|jardim alvorada|26265000|1,-2276344,-4349034;3,0,18;5,2,-9;7,-7,-9;9,-2,-5;11,-1,-9;13,-3,-4;15,-1,-6
rua||alvorada 103|jardim alvorada|26265270|2,-2276337,-4349007;4,-3,-11;6,5,-4;8,-5,-9;10,-3,-9;12,-2,-4;14,6,-15;16,-3,-1
rua||alvorada 190|jardim alvorada|26265270|1,-2276287,-4349024;2,6,-4;3,7,-2;4,4,-3;5,4,-4;6,8,-6;7,4,0;8,7,-11
rua||alvorada 193|jardim alvorada|26265270|1,-2276297,-4349023;2,16,-17;3,0,3;4,7,-5;5,6,-2;6,9,-6;7,3,-6;8,9,-4;9,11,-9
rua||alvorada 19|jardim alvorada|26265270|1,-2276404,-4348984;2,-6,1;3,-1,-2;4,-7,-13;5,4,-4;6,-4,-3;7,4,4;8,-10,-11;9,6,3;10,-10,-8;11,6,-4;12,-7,0;13,14,9;14,-18,-20
rua||alvorada 20|jardim alvorada|26265270|1,-2276397,-4348955;2,2,-1;3,-2,4;4,5,2;5,-4,2;6,7,7;7,1,3;8,-2,1;9,2,4;10,7,-2;11,-5,11;12,9,-2;13,-2,5;14,3,-1;15,-2,10;16,7,-4
rua||alvorada 61|jardim alvorada|26265000|1,-2276375,-4348999;2,2,5;3,-3,-6;4,8,-8;5,-9,1;6,5,-2;7,-10,-7;8,6,-1;9,-7,-2;10,7,1;11,-11,-18;12,8,6;13,-16,-9;14,12,-1;15,-11,0;16,12,0
rua||alvorada 62|jardim alvorada|26265270|1,-2276366,-4348978;2,6,5;3,-2,4;4,9,5;6,1,5;7,-7,-5;8,11,14;9,-7,1;10,8,8;11,-2,-3;12,12,7;13,-8,-6;14,0,12
rua||caminho existente 112|jardim palmares|26277455|109,-2276767,-4351745;131,-32,19;150,-9,-1;151,-11,5;161,-6,3;171,-7,6
rua||da cachoeira face 1|tingua|26062115|321,-2259804,-4341970;323,3,9;379,-17,35;439,-40,27;445,14,33;531,-33,47;551,4,39;561,-21,-10;571,-13,33;591,-2,12
rua||da cachoeira face 2|tingua|26062115|15,-2259595,-4341974;16,9,9;19,23,-5;23,-26,4;50,33,-9;141,-103,-42;148,-8,7;149,-22,22;161,-22,-10;163,-3,-2;165,3,2;167,-12,10;219,-24,2
rua||das violetas 100|jardim alvorada|26265000|3,-2276287,-4348995
rua||das violetas 100|jardim alvorada|26265270|1,-2276292,-4349011;2,-1,14;3,4,-2;4,3,10;5,12,-5;6,-8,18
rua||das violetas 109|jardim alvorada|26265270|1,-2276274,-4348980;2,19,-11;3,-12,-1;4,11,-5;5,-6,-1;6,17,8;7,-13,-12;8,13,6;9,-11,-8;10,15,-2;11,-8,-4;12,11,-3;13,-5,3;14,13,-1;15,-4,-3;16,5,0;17,-1,-6;18,8,1;19,-3,-8;20,5,3;21,-3,1;22,2,-3
rua||das violetas 20|jardim alvorada|26265270|1,-2276308,-4349059;2,-1,-8;3,11,3;4,4,-2;5,-2,-8;6,-5,12;7,11,-14;8,15,4;9,-14,-6;10,15,-4;11,-6,-2;12,8,2;13,-1,-5;14,14,3
rua||das violetas 41|jardim alvorada|26265270|1,-2276303,-4349029;2,-1,-13;3,-1,8;4,-6,-16;5,1,-3;6,-9,-17
rua||gruta 2|ponto chic|26032810|86,-2272570,-4347163
rua||parana 2|jardim iguacu|26282130|2,-2274456,-4346462;72,47,1;74,0,-3;110,-6,2
rua||projetada 1|ipiranga|26291485|41,-2278060,-4355655
rua||projetada 1|km 32|26298593|42,-2284683,-4360447
rua||projetada 1|prados verdes|26298000|8,-2281162,-4362800;41,-242,231;3840,-25,14;6818,261,-219;6820,-1,-13;8839,-239,215;38839,1,8;38849,30,-15;38850,39,-10
rua||projetada 2|ipiranga|26293303|17,-2278085,-4355602;30,14,16;65,-21,-66
rua||projetada 2|prados verdes|26298000|4,-2281448,-4362584;38831,-2,-3
rua||projetada 2|riachao|26084285|4,-2273388,-4352948;6,-2,10;9,5,9;12,1,-5;42,-4,-9;55,-1,27;65,2,6;75,-6,12;85,2,4;117,-2,21;120,-2,13;135,-5,11;145,2,-34;2059,13,-83
rua||projetada 3|ipiranga|26291485|52,-2278121,-4355574;76,-11,-21
rua||projetada 4|riachao|26084320|15,-2273594,-4352925;80,26,8
rua||projetada oscar soares 944|california|26220099|1,-2275967,-4343289;2,12,-4;3,-7,0;4,4,-2;5,-17,-6;6,3,0;7,-5,-1;8,-5,-3;9,-7,-1;10,3,-1;940,41,25;944,-42,-30
rua||regina 300|cabucu|26291320|183,-2276597,-4353940
rua||regina 300|campo alegre|26291320|183,-2276599,-4353814
rua||regina 300|valverde|26291320|183,-2276524,-4353862
rua||sem denominacao 1|ambai|26041455|9,-2270460,-4344756
rua||sem denominacao 1|tingua|26053650|1015,-2259602,-4342565;1025,-22,18;1055,15,-25;2278,-26,0;2280,-14,-25
rua||sem denominacao 2|austin|26085025|1,-2272951,-4353582;2,-8,10
rua||sem denominacao 2|geneciano|26061653|3,-2268835,-4341608;4,20,-29;5,-27,43;9,1,-8
rua||sem denominacao 2|tingua|26031000|351,-2259006,-4341325;353,75,-10
rua||sem denominacao 2|tingua|26062000|28,-2259222,-4341470;30,-22,-7
rua||sem denominacao 2|tingua|26062450|353,-2258913,-4341491
rua||sem denominacao 2|tingua|26063100|353,-2258964,-4341320
rua||sem denominacao 3|geneciano|26061653|19,-2268816,-4341614;66,22,16
rua||sem denominacao 4|geneciano|26061653|3,-2268808,-4341560;7,-4,-9;9,4,-7;68,2,-1
rua||uniao pacifico 2|jardim marilice|26042697|27,-2269421,-4347084;35,4,4;45,12,5;55,13,7;65,2,2
travessa||alexandre rodrigues 2|vila nova|26225220|13,-2276583,-4343320;29,31,24;32,-21,-46;37,15,40;39,-6,-2;41,18,6
travessa||vania 1|carlos sampaio|26089380|33,-2270356,-4351847;37,2,3;38,11,5;44,13,1;45,2,-13
travessa||vania 2|carlos sampaio|26089380|30,-2270348,-4351889;31,12,2;32,12,-1;35,-23,4
vila||305|ceramica|26030650|1,-2273276,-4347025;2,-24,26;3,-10,16;4,-8,-12;5,-5,7;6,-14,18;7,-7,-5;8,14,-11;9,-11,10;305,29,-50
vila||317|ceramica|26030283|4,-2273296,-4347037;20,-10,4;36,-8,8;37,-1,-9;39,10,1;46,-24,12;47,3,4;50,-14,-1;55,6,5;65,-8,6;66,6,-3;76,-13,5;85,43,-29;93,-58,35;94,3,-2;97,2,1
