acesso||condominio residencial vila tereza|alto da serra|25635030|106,-2252689,-4317349
acesso||condominio residencial vila tereza|alto da serra|25680672|106,-2252700,-4317356
avenida||tiradentes|centro|25685311|35,-2250663,-4317789;40,27,6;42,1,-8;61,-41,-13;65,43,-1;70,0,-6;84,5,-19;93,-49,-3;106,49,-14;121,-22,-28;125,-14,-19;128,40,35;149,-29,-49
caminho||do temistocles|comunidade temistocles|25610450|11,-2248812,-4316635;2155,-35,34
caminho||do temistocles|estrada da saudade|25610450|8,-2248920,-4316381;363,15,-43;531,23,-21;1140,-54,97;1509,130,-165;1855,-39,28;1900,41,-43
comunidade||quilombola da tapera|vale do cuiaba|25750000|65,-2240203,-4304715
comunidade||quilombola da tapera|vale do cuiaba|25770220|267,-2240122,-4304829;313,-116,94;319,-8,27
estrada||da tapera|vale do cuiaba|25610237|189,-2240222,-4304738
estrada||da tapera|vale do cuiaba|25680672|189,-2240172,-4304827
estrada||da taquara|taquara|25645250|340,-2254035,-4321087;360,-20,-5;364,-7,3
estrada||do resevatorio de agua e da torre|nogueira|25730410|17,-2242525,-4312470;200,-260,-42;300,-95,22;400,-196,-21;1000,551,48;1100,-299,-25;1200,135,37;1300,-100,-46;1600,-190,135;1690,-108,-75
estrada||do taquaril|brejal|25770220|12,-2231554,-4308152;301,-80,200;310,2594,-1196;835,42,44;900,-189,-40;925,-6,-10;1001,-454,-162;1002,-31,0;1151,454,145;1351,-32,-67;1551,-200,-74;1601,-105,7;1619,-19,-6;2000,-256,-98;2020,-95,-19;2023,83,27;2025,-135,-2;2030,39,-37;2040,-32,8;2044,-42,2;2080,-15,-4;2090,-58,-7;2100,-10,3;2103,67,19;2111,-71,-14;2116,-103,2;2122,-16,-55;2540,4,69;2750,-319,-139;2754,-67,-54;2757,72,58;2938,-82,-49;2952,-24,10;2953,-1,0;2977,-29,41;2980,-4,-60;2986,22,55;2987,-36,15;3001,769,98;3123,-984,0;3515,-117,320;3760,115,-323;3766,-44,25;3770,-53,29;3880,-92,161;3881,-54,56;4449,-216,285;4450,4,-4;4452,0,59;4455,6,20;4456,-71,10;4458,85,-45;4460,-26,13;4463,-5,-12;4500,37,-96;4620,-94,134;4675,61,-32;4695,-108,233;5237,-91,127;5239,-5,7;5255,-10,-8;5298,-22,-4;5323,-27,33;5550,-15,569
estrada||do taquaril|posse|25770220|310,-2229052,-4309182;835,58,76;860,-129,-44;2023,-769,-233;2030,-62,-50;2040,-20,-3;2080,-729,-122;5395,-927,1543
estrada||do taquaril|taquaril|25610237|1026,-2231365,-4309057;2040,-7,-5;2122,-4,-1;2540,10,6;5750,-6,-5;6002,-5,-2
estrada||dos taboes|pedro do rio|25750050|74,-2234594,-4311847;76,0,63;78,35,7;80,45,46;84,39,27;200,-288,-247;851,256,186
estrada||taquara|taquara|25645572|420,-2254050,-4321228;550,-152,59
estrada||taquaril|itaipava|25770250|1014,-2231366,-4309059;2426,1010,-620;2542,8,113;2544,-8,-112;2546,-16,-12;2552,-20,-30;7099,-583,451;7155,-385,212;7400,-8,-7
estrada||taquaril|taquaril|25610237|78,-2231368,-4309058;2040,0,-1;3700,-4,-2;6080,0,0;11050,-2,-1
estrada||taquaril|taquaril|25770250|2040,-2230006,-4309424;2555,-356,-154
ladeira||felipina torres|bingen|25660312|32,-2251388,-4321178;34,-8,23;36,132,-53;55,-122,15;134,84,19;151,-2,33;180,-4,-15;491,2,-20;493,-53,-77;499,58,139;515,-10,-45;541,4,27;563,1,39
ladeira||joao ventura torres|estrada da saudade|25610450|68,-2249213,-4316168;70,-8,-10;100,-117,-81;101,94,11;105,-23,-44;110,-24,61;120,22,47;122,-56,-68;141,60,24;240,2,17;247,-45,-22;250,55,-17;260,38,51;262,-33,-82;272,52,33;314,-57,-50;321,-1,45;323,29,-56;395,17,42;402,-7,1;410,13,-22;435,-11,-8;453,17,-5;479,-43,44;481,106,-26;665,59,-35;674,6,2;675,-153,72;679,157,-80;686,-113,67;691,43,-27;701,-73,31;735,148,-63;1005,-379,-13;1021,83,79;1029,110,2;1049,9,-10;1087,-30,17;1093,9,33;1129,14,-10;1297,99,73;1924,0,-136
propriedade|santa|terezinha|vale do cuiaba|25745690|4835,-2237522,-4307286
rua|almirante|tamandare|centro|25610040|1,-2250569,-4317579;23,46,399;25,-17,-299;52,43,265;55,-14,-26;120,-40,-275;205,1,-70;560,45,130;600,35,19;638,5,14;678,-9,44;700,-38,14;707,25,-5;764,-18,63;800,-7,15;1000,-44,-298
rua|barao|de teffe|centro|25620010|22,-2250908,-4317410;26,20,-26;50,-11,-6;58,29,32;120,-6,-36
rua|barao|de teffe|centro|25685250|19,-2250853,-4317364;23,-21,-27;27,-6,-18;29,-8,-18;33,4,7;35,-1,-3;45,18,-3;47,-4,-6;49,-17,4;51,23,5;53,-2,-1;55,2,1;57,3,-12;75,6,12;83,1,1;85,13,-11
rua|barao|do triunfo|quarteirao ingelheim|25675310|53,-2250057,-4320216;70,4,-37;85,-3,-11;98,15,-7;100,-25,-14;131,0,5;164,-4,-18;165,-6,-13;166,-12,-8;169,1,-13;198,-21,-17;204,9,-2;224,-26,-14;227,23,29;230,-28,-21;231,-17,-15;246,-19,20;260,20,-10;306,-43,13;313,-10,10;315,-23,-1;333,31,-3;460,-103,-30;1376,-64,-55
rua|doutor|carlos tyll|samambaia|25710260|2,-2246203,-4313847;5,-40,-50;8,-193,-485;9,14,17;64,-135,-140;68,7,-1;99,332,452;100,-306,-435;135,35,47;140,7,10;152,24,34;445,48,40;558,105,80;600,-181,-91;601,259,169;700,-12,144;749,30,19;750,-2,31;751,-16,56;753,7,-2;755,-17,36;775,-31,40;800,20,-109;966,-48,133;1000,-28,21;1007,20,-9;1008,-30,-23;1055,0,91;1080,-77,-16;1130,48,101;1161,9,-40;1200,-26,86;1207,-323,-20;1225,-30,16;1250,369,-20;1251,7,-14;1260,-77,44;1275,-300,-3;1280,275,-22;1289,23,44;1300,-22,-46;1312,-61,-25;1375,-6,-11;1400,-44,-8;1430,-82,-301;1436,4,312;1453,75,-17;1455,202,-19;1500,-317,55;1501,110,-34;1527,-125,73
rua|doutor|thouzet|doutor thouzet|25650061|1,-2252858,-4320024;10,-56,16;11,3,13;12,24,-20;13,28,-8;32,-57,-53;33,-20,-50;34,1,2;35,-19,12;54,14,124
rua|doutor|thouzet|quitandinha|25650061|1,-2252852,-4320271;2,167,117;6,-24,-84;7,-17,-1;8,-30,-17;10,-487,-203;16,431,318;19,19,7;21,-200,-160;65,-232,-146;88,480,105;90,42,129;122,15,92;190,-141,1;200,-25,-8;233,-358,-222;245,17,4;257,-2,9;267,16,-14;268,19,6;274,22,-20;278,-8,-3;285,-81,-50;289,83,65;291,3,24;295,-5,-34;301,3,-8;308,-6,2;315,18,-27;317,-3,-13;325,2,38;335,46,-16;345,-18,10;346,-16,7;354,18,-3;357,6,-8;360,-1,16;372,12,0;374,9,2;375,11,-22;384,-7,20;385,20,3;400,-7,0;420,19,-16;432,13,16;442,24,-1;445,-8,-4;450,14,15;470,12,-13;502,40,15;505,-19,-23;526,41,26;545,-23,-16;567,41,19;577,36,-41;587,-27,42;600,-97,88;610,130,-74;616,18,-26;618,-14,10;620,12,-22;625,4,0;628,2,-15;694,41,-7;701,-31,2;739,48,-2;765,7,6;777,12,68;778,-14,-66;779,29,-22;790,-17,32;799,13,25;820,11,-3;870,-92,-26;953,93,74;957,5,-8;1080,10,50;1100,37,29;1110,0,15;1213,34,44;1220,-36,31;1223,23,-19;1285,-10,22;1300,3,-5;1311,-3,16;1315,-11,5;1320,13,-12;1329,-7,28;1345,-2,22;1657,29,32;1785,24,11;1799,-10,-8;1811,-17,-2;1821,-11,-14;1833,20,-41;1863,-24,8
rua|doutor|thouzet|valparaiso|25650061|1,-2252871,-4320143;21,54,59;29,5,-36;32,49,-9;35,41,25;49,-61,-27;92,-56,-36
rua|sao|judas tadeu|mosela|25675101|36,-2249525,-4320021;48,18,6;58,11,26;63,3,-7;70,-1,11;101,17,10;104,0,4;123,14,14;124,3,4;127,13,8;158,13,21;160,8,0;166,5,15;186,8,4;195,-7,-25;204,14,41;210,10,6;222,9,9;234,37,42;240,-24,-25;361,-48,-58;379,26,15;380,-4,10;405,14,11;411,6,15;483,30,18;493,5,13
rua|soldado|hercilio tardeli|bingen|25660120|50,-2251257,-4320370;152,-23,13
rua|visconde|de taunay|correas|25720200|9,-2244181,-4314274;26,-111,-65;40,484,506;42,-376,-444;60,3,24;74,15,-3;140,21,-36;151,-9,38;157,8,-6;172,81,-17;220,21,-17;330,86,5;335,15,7;340,14,1;520,140,140;698,103,83;830,-85,199;834,3,-9;838,-2,-3;842,6,3;846,6,6;880,-21,-1;910,-13,12;988,14,-14;996,-35,29;998,9,9;1001,12,-22;1007,-18,17;1009,-5,-1;1011,-9,16;1040,11,-42;1101,57,-20;1104,-1,12;1106,-4,-3;1108,-2,-7
rua||agostinho domingos thome|morin|25630030|601,-2252767,-4316166;603,-15,18;701,10,-20;702,2,0;900,-4,-4;902,-1,1
rua||alberto tabuada|pedro do rio|25750070|16,-2233233,-4313258;17,-12,6
rua||alberto torres|centro|25610060|23,-2250446,-4316807;35,-2,1;43,2,-1;44,-7,24;45,7,-29;47,0,0;61,6,-7;67,4,-9;78,0,20;85,6,-28;86,4,-1;89,-5,-9;98,7,-2;110,7,-7;115,27,-50;116,-20,43;128,7,-13;135,9,-29;148,-11,29;163,6,-31;172,10,5;200,4,-9;232,11,-33;255,30,-34;282,-5,17;298,60,-64;302,5,12;308,2,-5;310,-6,-14;318,4,8;326,-6,-20
rua||alberto torres|centro|25685250|297,-2250314,-4317011;309,6,-3;321,14,-22;357,14,-22
rua||aldo tamancoldi|alto da serra|25635210|6,-2253056,-4317354;10,-55,-21;12,11,-6;20,-10,-19;62,25,-22;72,-8,-9;82,17,-17;112,60,9;116,-15,-41;117,41,13;259,-70,-34;279,5,-1;295,-54,-37;305,-15,-1;315,11,-14;327,17,21;337,22,23;377,-3,-4;399,46,28;427,-11,26;429,16,11;431,17,11;460,1,-79;501,16,52;510,28,-25;515,-38,-2
rua||aldo tamancoldi|chacara flora|25635210|22,-2252977,-4317486;33,-160,-59;35,39,100;61,-7,30;83,-1,-40;85,2,21;91,22,-44;105,90,36;107,-127,-33;109,-9,-8;110,186,2;130,-173,7;140,0,-12;158,-9,-10;159,-10,3;161,0,-10;178,8,-16;182,-13,-19;183,12,24;192,-2,-9;193,-4,0;200,35,-23;205,-61,27;208,80,-26;217,-62,-1;218,52,22;240,7,3;280,-40,93;292,10,8;300,6,-135;324,32,47;328,18,20;344,2,48;350,27,10;358,-12,12;368,19,-10;468,49,-32;498,-10,8;500,14,-26
rua||andre tesch|valparaiso|25655260|10,-2252170,-4319145;25,-8,17;26,2,-8;37,-9,12;38,5,1;46,-6,11;47,-6,-5;56,-2,5;57,-8,12;96,-1,31;98,-3,-15;100,45,14;260,-52,18
rua||bernardo tosta|cascatinha|25710230|1,-2247574,-4315082;2,-1,3;8,4,-1;10,5,5;18,2,7;20,4,-10;22,-55,-6;26,62,24;28,3,-5;34,-72,-24;36,78,18;38,4,-9;46,0,27;48,7,-17;50,-94,29;51,3,-16;54,81,-14;55,14,9;56,-3,-1;64,7,6;66,9,-9;74,9,18;76,6,-10;77,-9,8;82,8,-9;84,1,-3;92,7,4;94,-1,1;96,3,9;98,0,-9;100,6,-4;102,-1,13;110,8,-3;112,2,2;120,8,1;122,3,2;130,5,2;132,3,3;138,2,2;140,-2,-3;148,11,9;150,-1,-3;158,10,-8;160,-149,-62;166,158,74;168,5,1;169,-2,-15;176,6,17;178,-2,-1;186,12,-6;187,-6,24;188,8,-22;195,-5,12;196,5,-4;198,0,0;204,11,2;206,-7,7;214,11,-2;215,3,-9;216,1,14;217,7,-1;224,1,-10;226,5,3;234,2,-3;236,3,15;244,2,-8;246,5,11;254,8,-11;270,8,11;272,8,-2;275,94,75;284,-92,-67;286,3,-4;298,10,4;300,6,-3;301,-2,3;302,-212,-68;312,218,81;314,2,-2;318,9,-2;343,14,2;344,-3,13;346,6,-16;356,22,7;358,-3,12;368,10,-1;369,-12,7;370,13,-3;380,9,1;382,-3,4;388,2,14
rua||do tunel|quissama|25610240|1609,-2249195,-4315760
rua||do tunel|quissama|25615240|1325,-2249372,-4315929;1359,24,19;1417,29,19;1457,44,20;1469,6,23;1471,-2,8;1487,9,17;1488,1,5;1501,8,3;1521,26,23;1531,-13,4;1563,13,-11;1565,15,12;1609,47,22;1619,11,9;1643,13,6;1659,40,-30;1673,5,22;1707,6,51
rua||do tunel|quissama|25615531|1731,-2249067,-4315704;1737,-4,29;1739,10,-21;1747,-48,62;1771,60,-44;1799,25,27;1831,5,29;1835,40,-7;1847,-14,36
rua||eduardo troyack|bingen|25665040|6,-2251344,-4321678;98,-57,1;101,-82,17;105,37,-14;122,44,4;125,-21,-36;152,40,-79;557,-12,90;577,-44,-61;621,16,21
rua||emidio de souza tavares|rio da cidade|25725580|61,-2243446,-4317133;79,21,91;81,17,-12;82,20,-4;83,-502,165;89,-40,59;177,424,-327;194,-312,201
rua||emidio de souza tavares|vale do carangola|25610237|193,-2243900,-4316873
rua||ernesto tornaghi|quarteirao ingelheim|25675222|60,-2250543,-4319809;70,12,3;109,13,-14;115,12,9;119,-5,0;168,-15,-2
rua||estrada tabooes|itaipava|25610237|3300,-2234286,-4310122
rua||estrada tabooes|itaipava|25770220|3005,-2234239,-4310149;3014,10,9;3300,-53,21
rua||estrada tabooes|pedro do rio|25750050|15,-2233838,-4311410;100,-314,-146;472,336,-215;750,-425,149;800,49,27;1000,29,404
rua||estrada tabooes|pedro do rio|25770220|200,-2234394,-4311603;220,2,-2;300,283,1242;472,266,-1164;1000,-285,345;2400,-203,743;3000,94,285;3005,4,-2;3300,-20,32
rua||eunice tyll|samambaia|25710270|31,-2246394,-4313719;185,-25,-141;199,-30,133;255,-9,-79;315,32,-19;390,22,-56;391,45,195
rua||guilherme jose teixeira|cascatinha|25710360|9,-2247275,-4315180;63,-9,0
rua||joao pedro tesch|alto da serra|25635300|4,-2253263,-4317887;20,-13,-4;28,-10,-30;30,9,26;32,-11,6;38,-16,-29;71,-5,23;77,-13,21;322,-25,-21;332,-14,0;338,1,9
rua||joao pedro tesch|chacara flora|25635300|156,-2253374,-4317917;170,-10,-22;332,23,39
rua||jose ventura torres|cascatinha|25710030|15,-2248603,-4315270;25,4,7;26,-13,-3;34,5,4;35,0,4;44,6,13;45,6,-7;58,-7,9;69,8,0;157,-13,15
rua||jovita pinje torres|provisoria|25615143|1212,-2249248,-4315301;2414,63,21;2504,-42,13;2514,-7,4;2521,26,-5;2526,-145,-13;2530,76,38;2536,41,-41;2556,-88,40;2592,-27,-43;2618,-36,-7;2622,24,5;2638,6,7
rua||jovita pinze torres|provisoria|25615143|2306,-2249128,-4315365;2312,-29,73;2328,17,-35;2332,15,41
rua||lopes trovao|alto da serra|25635111|1,-2253054,-4317238;197,-112,-6;199,-15,-3;201,-10,3;212,3,8;214,-19,9;216,-2,-13;223,-12,8;231,-9,4;249,-23,-6;271,-58,30;320,8,-75;361,-37,49;375,-16,-19;400,-12,-25;403,3,23;414,-21,-31;416,-54,55;423,34,-15;429,8,31;437,-10,-1;443,-18,4;630,24,-84;636,11,-22;648,9,9;650,27,-5;652,-2,57;676,11,-32;684,27,-44;686,-17,-7;694,-2,8;1688,-140,358;1990,-42,-493;1991,-13,-1
rua||lopes trovao|meio da serra|25635111|102,-2253501,-4317144;1155,-1,4;1259,-4,0;1289,-2,59;1291,8,-59;1305,8,61;1315,-2,-45;1323,-3,12;1326,-11,-26;1327,10,18;1329,-19,-6;1337,11,-16;1351,-5,18;1357,-5,-16;1371,9,-2;1377,2,-3;1391,-18,-34
rua||lopes trovao|rua lopes trovao|25635111|477,-2253444,-4317202;479,-8,-14;567,44,101
rua||madalena tagliaferro|bairro maua|25645450|3,-2254325,-4320918;4,-19,46;30,15,-18;100,-59,58;150,-2,-9;166,-17,39;206,17,26;226,-9,22;246,-2,4;266,-5,28;286,4,4
rua||manoel jacob theobald|quitandinha|25650002|5,-2253512,-4320162;33,8,86;105,-64,-13;210,5,-11;212,-10,-1
rua||manoel torres|bingen|25660313|84,-2251184,-4321194;85,47,0;100,-5,16;101,3,0;151,-41,37;173,-9,-16;181,-4,-18;200,12,29;210,-4,-32;212,-1,-12;221,-3,2;226,-3,-34;265,-26,-20;285,-14,-8;300,-75,6;305,59,-5;307,-29,23;309,18,-24;311,-20,19;390,-53,-12;395,17,7;397,-13,1;403,-10,0;404,-5,0;415,1,29;425,-32,1;444,-7,-12;480,-45,13;484,56,-4;487,-12,27;489,1,-5;492,-14,12;495,25,-11;497,-37,21;499,6,3;501,4,7;513,20,30;520,-22,-14;531,-5,15;534,2,-18;540,-11,24;545,8,14;546,2,5;549,2,-1;550,-1,31;554,9,-1;556,-8,8;558,3,-20;559,2,-11;566,11,16;568,-17,13;573,53,-9;575,-53,3;576,-3,12;580,2,6;583,46,-7;585,54,-2;587,13,0;589,-106,2;591,60,-2;594,-67,21;595,18,-2;605,17,14;610,-28,10;615,28,-1;616,-27,3;651,37,4;678,-33,7;679,22,34;687,19,44;688,-30,-58
rua||maria josefina troyack|bingen|25665000|557,-2251504,-4321707;577,-57,-6
rua||mario tapajos|bingen|25660210|21,-2251132,-4320803;215,-42,-49;225,-5,8;244,-28,-2;252,-25,4;257,-11,18;260,-51,39;264,64,-51;270,-20,9;276,-5,4;300,-12,7;332,-30,30;339,11,3;365,-3,22;366,-2,4;374,-6,14
rua||mario tavares|madame machado|25745702|110,-2240292,-4310051;111,-77,17;131,96,-16;292,-84,5;296,-20,30;299,-3,22
rua||mario tavares|madame machado|25745720|54,-2240262,-4310026;130,-104,-17;299,2,3
rua||nair de teffe|quitandinha|25650300|1,-2253484,-4322578;3,23,-10;4,35,-10;5,-23,56;6,26,-44;7,-112,61;8,109,-45;9,-125,46;50,-140,260;100,37,-53;170,10,-53;250,22,-64;280,72,-115;300,-5,19
rua||sidnei pereira teles|samambaia|25710286|1,-2246093,-4313961;18,-13,42;19,4,8;20,21,2;21,-16,19;24,19,25;25,45,-82;26,0,1;88,-45,65;93,-14,-77;94,19,4;95,9,17;96,10,-6;110,-60,8;120,4,-6;1238,21,45
rua||teresa|alto da serra|25625017|910,-2251931,-4316991;920,-23,-14;936,-9,3;938,-4,26;940,-3,-6;942,-6,-8;944,-2,-12;1038,-88,-16;1040,3,1;1042,-1,3;1070,-21,27;1074,-12,-25;1076,16,20;1078,-5,3;1090,-16,-36;1114,-32,-11;1152,-33,13;1158,-1,16;1164,-11,-25;1166,-3,6;1174,2,-3;1177,-4,-4;1178,0,-5;1180,-5,-2;1184,3,3;1186,-3,1;1190,-5,-1;1194,-10,-7;1196,7,2;1198,-13,-1;1200,5,16;1212,183,13;1230,-210,-38;1238,1,-6;1242,0,0;1252,-4,-8;1254,-9,3;1260,-10,-3;1266,0,0;1268,0,0;1270,-9,4;1300,-29,-2;1348,-38,-13;1350,1,-11;1380,-32,-12;1392,-13,-14;1410,-15,8;1440,-2,-74;1450,-28,22;1452,11,51;1454,-16,-7;1460,6,1;1462,-9,-11;1464,-5,-14;1466,-3,10;1468,-5,2;1470,-8,-21;1504,-7,-12;1524,-33,20;1566,-19,-19;1568,-13,22;1570,-8,-4;1572,-14,20;1574,-24,-12;1576,-6,10;1578,17,-22;1580,-2,17;1582,6,-11;1586,10,-2;1588,-2,4;1590,2,-46;1594,-14,68;1596,4,-47;1598,-1,-4;1600,-20,9;1604,0,4;1610,2,-6;1612,-2,-3;1614,0,-4;1618,-2,1;1638,-3,-9
rua||teresa|alto da serra|25625018|4,-2251450,-4317540;8,-4,-5;12,5,2;14,-4,3;18,-3,11;20,-2,1;24,-7,-3;28,-22,2;32,-2,4;36,2,-5;52,-5,28;60,-14,-9;64,-25,-14;66,50,31;68,-6,7;70,-5,-3;72,0,3;74,-6,12;76,-4,2;88,-3,1;90,1,-1;92,3,-4;94,-1,2;100,-4,24;102,-8,-14;104,10,14;106,3,2;108,-3,-1;122,-2,1;124,4,4;126,5,8;128,0,7;134,-1,2;136,-3,7;142,4,-3;146,3,7;148,-1,-2;150,-6,2;152,-5,8;154,4,0;156,-13,8;158,7,-2;160,2,12;180,5,4;186,-5,10;188,-7,3;190,1,-3;194,-5,12;196,5,-6;200,8,26;211,2,-16;212,0,-5;214,3,23;216,-2,-5;218,1,-1;220,-11,0;242,8,5;244,-17,-4;246,15,4;248,0,0;250,-4,7;252,-1,1;254,-4,6;256,0,1;258,3,1;260,-1,4;262,0,0;264,0,0;266,1,6;272,2,3;274,-2,13;276,3,13;278,2,-4;280,-6,33;328,-10,15;330,-10,3;332,0,-2;336,-6,1;338,16,6;340,-3,8;346,-5,6;350,1,-2;358,-1,15;360,0,-24;362,1,21;366,3,0;370,-7,6;374,3,7;378,-8,-1;382,0,3;384,-10,5;386,3,11;394,-9,5;396,2,7;400,0,3;402,0,0;414,1,3;416,-3,2;420,-4,1;422,-4,8;424,-3,10;426,1,-3;428,1,-5;434,-3,11;436,-2,0;438,-2,1;442,-4,3;444,-3,4;446,3,-3;450,-72,-32;452,67,35;454,-2,2;458,-12,6;460,0,0;464,-2,1;468,-1,9;474,-1,1;476,-4,-3;480,1,13;484,-1,-7;488,0,3;492,-3,-6;502,0,6;504,-4,1;508,-1,2;518,3,6;520,-4,4;524,4,5;526,-11,-1;528,-3,4;530,1,2;532,1,10;534,-16,-12;536,-5,8;538,6,6;560,-6,-4;562,0,0;866,-263,74;888,-21,15;890,-3,-8;896,-7,-5
rua||teresa|alto da serra|25625022|41,-2251477,-4317535;43,1,8;45,0,1;47,-4,0;51,2,6;53,2,8;55,10,1;57,0,11;59,-5,6;79,-42,11;81,-4,-1;83,-2,4;85,1,6;87,1,2;89,1,0;91,4,3;93,2,3;101,1,1;111,-3,18;121,0,5;127,-4,8;131,2,4;135,1,-9;143,-1,18;147,3,6;153,-1,0;157,1,2;163,7,13;169,1,-8;173,0,8;181,-4,35;185,6,-23;193,-7,17;195,-5,14;197,6,-8;199,-1,11;217,-3,6;221,-7,5;227,0,2;229,12,13;231,-4,-1;233,2,-1;235,3,2;247,-3,15;259,17,4;261,-13,3;263,-6,10;267,4,0;269,5,-3;279,-7,8;285,-5,8;297,-6,9;299,2,-2;301,0,0;305,0,0;307,-8,15;309,2,6;311,3,3;321,0,6;323,-3,-1;331,3,0;333,-4,8;337,4,-3;339,-5,11;343,-3,1;345,3,4;347,0,2;351,4,7;355,-15,-1;357,-1,1;359,6,0;361,-7,3;363,0,7;367,-2,3;369,-2,1;373,0,0;375,-2,1;377,0,2;379,-7,-1;381,-1,5;383,4,-3;385,-6,6;389,7,-5;393,-8,3;397,3,8;405,-5,1;407,4,3;409,-7,-2;411,-2,7;437,3,3;441,-3,4;443,4,3;445,-5,3;447,3,1;455,-2,7;463,-15,4;465,3,1;467,0,5;469,-3,6;471,-1,6;473,-7,-11;475,5,8;483,-7,4;497,-15,-4;499,3,6;501,-4,-1;503,6,4;505,-4,10;507,-5,0;509,0,3;511,-4,1;519,3,8;523,-9,-8;527,1,9;531,-6,1;533,-7,24;535,-12,10;537,6,-2;543,-6,6;547,1,-2;549,1,1;551,0,-2;553,-9,5;555,-2,1;557,44,6;559,-47,-8;561,11,20;563,-11,-23;565,-6,5;569,-1,11;571,15,20;573,-13,-18;575,6,9;583,-13,-16;585,-10,2;597,-4,0;599,-2,-1;601,-2,6;603,-1,0;605,5,2;609,4,17
rua||teresa|alto da serra|25625027|48,-2251649,-4317048;86,-1122,-169;128,456,187;147,6,-36;156,-30,34;608,662,-8;619,-20,9;636,-34,-60;637,29,50;644,-7,-2;648,5,2;650,0,14;651,-8,-7;652,6,8;654,-4,2;656,-6,-3;657,0,11;658,0,-13;660,-7,1;662,-13,12;664,-4,3;665,47,31;667,-19,-36;669,-12,36;670,-18,-31;671,26,-26;673,-4,11;675,-5,2;677,-4,15;680,-9,-1;683,-5,6;684,12,3;694,-20,-13;696,1,9;697,-233,20;698,211,-51;700,7,32;704,3,-6;706,3,8;708,-4,-6;714,3,5;718,-32,-7;728,16,-5;736,-16,0;746,-10,17;776,-15,0;780,2,0;784,-1,-3;786,-9,9;788,-1,6;790,0,0;792,-2,1;794,-3,-2;796,-3,6;798,0,0;800,-7,-4;802,0,0;804,-4,1;806,-5,-1;808,4,4;810,-7,2;812,-2,-7;814,-2,4;816,-7,0;818,-2,5;820,2,-5;822,-8,8;828,0,0;832,-8,-2;834,-2,2;840,-7,2;842,-1,-5;844,0,0;846,-4,0;848,4,-2;850,-6,19;852,4,-12;854,-7,-15;856,4,12;858,-7,-7;860,-2,-1;862,-1,-3;864,-3,12;866,-1,-10;868,2,-19;872,-9,20;874,1,-2;876,-1,1;878,13,2;889,-113,-39;901,51,23;937,-3,6;971,-14,-2;985,-35,39;989,-2,-45;991,12,15;995,-13,-31;999,-6,28;1001,8,-20;1003,-11,10;1007,-26,7;1011,9,0;1013,7,23;1021,-31,10;1023,21,-27;1025,-11,-16;1029,3,5;1039,-3,10;1047,-4,-29;1061,-8,-13;1063,-1,4;1065,-5,13;1105,-43,-5;1111,-45,-14;1117,34,17;1129,-10,-6;1131,-10,2;1141,-1,-5;1153,-20,-5;1155,10,8;1156,2,-5;1157,-7,-3;1177,-20,25;1189,-14,-42;1191,1,3;1197,-1,7;1199,-11,-8;1203,2,16;1209,-2,-14;1215,-7,5;1225,-3,-5;1241,-27,-22;1257,-4,7;1261,-20,9;1265,2,2;1273,2,-24;1291,-14,2;1295,-5,-2;1301,-4,-2;1415,-76,-35;1515,-43,-52;1559,-83,-3;1561,-11,14;1565,8,-26;1571,-18,24;1577,14,-30;1581,-14,19;1601,-9,-22;1609,-25,23;1617,-4,-22;1621,-11,13;1623,6,-3;1629,-6,-15;1631,-14,7;1635,0,9;1641,-16,5;1645,-16,-3;1659,13,10;1697,-11,-22;1713,-19,-29;1715,-9,13;1716,24,9;1717,-26,0;1723,-30,1;1726,24,-10;1728,-11,29;1729,52,-19;1730,-26,-3;1734,-23,-9;1738,1,-3;1739,-8,2;1742,0,-9;1744,-2,10;1749,-8,7;1750,3,-18;1753,-3,18;1760,-1,-7;1761,-1,-3;1776,-49,22;1781,60,-18;1794,-52,-18;1812,-2,-5;1816,-8,5;1820,-6,-3;1826,-2,0;1834,-4,-2;1838,-15,-1;1839,2,13;1846,-5,-4;1848,-4,6;1850,5,-7;1851,-12,1;1852,0,-32;1854,-2,19;1861,-2,9;1887,-7,1;2032,-151,-3;2034,-2,-4;2046,-11,9;2070,-29,-9;2092,-7,-3;2096,-18,9;2104,4,-3;2110,-5,-13;2114,14,16;2118,-35,-12
rua||teresa|alto da serra|25635530|98,-2253116,-4317270;100,-4,-17;999,849,217;1280,4,4;1286,-4,-4;2134,-749,-159;2138,-5,3;2140,-4,9;2144,-7,-5;2148,-26,43
rua||tres|itaipava|25665435|32,-2239231,-4314190;70,-26,12;143,-6,7
rua||tres|mangalarga|25740044|120,-2239310,-4314159;203,-5,3
servidao||albino goncalves terra|sao sebastiao|25645060|99,-2253668,-4318885;349,10,-18
servidao||alice rosa tavares|centro|25680020|114,-2250440,-4319188;124,13,-40
servidao||arthur thernes|quarteirao brasileiro|25680501|1863,-2249182,-4319113
servidao||augusto bernardo troyack|duarte da silveira|25665115|1045,-2250724,-4321756
servidao||dirceu tavares|alto da serra|25635170|3,-2252796,-4317087;26,9,-5;32,-191,4;48,212,7
servidao||dos tropeiros|duques|25650001|62,-2254086,-4322519;75,13,26;83,-44,-35;93,53,36;98,-104,-51;100,111,44;105,-122,-51;106,26,23;111,79,46;112,7,-1;119,23,-37;120,-4,-5;121,-13,-13;160,-40,4;190,-2,-12;215,19,25;869,-22,-16
servidao||eduardo ricardo troyack|bingen|25665131|27,-2251451,-4321842;28,4,7;557,124,122
servidao||emidio de souza tavares|carangola|25715360|33,-2244809,-4316139;36,-94,-96;42,10,3;53,13,-2;71,-38,-90;72,43,113;75,7,-6;88,0,15;100,-19,17;120,-33,-8;122,5,6;135,42,-7;140,-61,4;152,6,-9;156,33,15;158,-18,-5;172,23,13;182,1,0;257,-94,4;261,4,15;285,10,47;290,-59,-50;355,45,68;357,4,-31;360,2,-4;400,35,-32;402,-34,57;406,-10,28;412,-35,1;543,115,-87;622,-108,-11;855,95,-152;900,20,46;980,2,-2
servidao||etelvina seabra torres|cascatinha|25610352|9,-2248609,-4315618;14,-11,18;69,-15,3;2150,60,-70;2156,-16,19
servidao||etelvina seabra torres|estrada da saudade|25610352|2156,-2248608,-4315632;2168,35,-41
servidao||henrique pedro tesch|sao sebastiao|25645123|178,-2253876,-4318927;180,24,-2;182,8,-3;184,0,-2
servidao||jose de souza tavares|carangola|25715365|855,-2244895,-4316348;867,-12,15;885,24,-26
servidao||manoel furtado tabicas|estrada da saudade|25610230|423,-2248685,-4315633
servidao||manoel martins tonnel|mosela|25670190|380,-2249273,-4320589
servidao||maria augusta nunes torres|estrada da saudade|25610352|1644,-2248968,-4315788
servidao||maria augusta nunes torres|estrada da saudade|25610480|1644,-2248984,-4315779;1660,32,-37
servidao||maria do patrocinio nunes torres|itamarati|25710086|674,-2248405,-4315637
servidao||maria do patrocinio nunes torres|loteamento itamarati|25710086|213,-2248409,-4315620;700,1,-10
servidao||miguel teixeira|carangola|25715362|615,-2244954,-4316516;641,-3,27;643,-27,-10;647,12,20
servidao||orlando torres|alto da serra|25635141|403,-2253385,-4317061
servidao||percilia schussler troyack|bingen|25665039|98,-2251397,-4321694;114,16,-28;116,4,-7;557,3,7;577,6,-21
servidao||rubens tepedino|retiro|25680400|2,-2247820,-4316931;3,-30,43;4,3,0;5,5,2;6,67,-54;35,2,-85;37,-1,9;41,1,25;45,2,18;47,-2,14;49,-3,14;55,-14,-12;59,1,-20;108,-41,78;140,56,-98;173,-87,110;226,40,-36;298,50,-50;473,-22,42;493,11,-3;2400,-8,-1;2750,7,-1;4087,12,-77
travessa||ernesto tornaghi|valparaiso|25655400|5,-2252459,-4319274;17,31,-6;30,-30,1;60,30,-24;76,6,-3;79,4,-8;80,-6,-8;85,24,-1;92,-8,-7;99,-25,24;101,40,-39;103,10,0;106,-48,39;109,53,-60;138,8,-1;140,-6,0;143,6,-3;149,18,-1;171,8,-8;187,10,-7;196,-47,5;203,47,-2;213,10,-15;227,11,-18
travessa||maria rodrigues teixeira|sao sebastiao|25645090|3,-2254568,-4320077;48,-11,-2;49,-37,11;51,17,0;52,-12,4;54,-21,5;119,52,-21
travessa||simone andrade teixeira|sao sebastiao|25645090|58,-2254650,-4320090;90,68,-17;94,-74,16;1991,32,-4
travessa||tres|vila rica|25750603|2,-2235117,-4313203;3,0,-3;4,-4,-11;5,0,-5;6,-2,-2;7,1,-9;8,1,-9;9,-1,-8;10,-1,24;11,2,-15;12,4,25;13,1,-9;14,4,-3;15,-12,-9;16,0,-14;17,0,0;18,0,-7
travessa||treze|vila rica|25750613|1,-2235000,-4313340;2,-2,-8;3,-1,-14;4,-4,19;5,3,-17;6,-2,-3
travessa||vinte e tres|vila rica|25750623|1,-2234876,-4313361;2,-2,4;3,6,-14;4,6,-4;5,-8,1;6,8,12;7,-11,-14;8,44,-16;9,-37,0
vila|santa|teresinha|mosela|25675520|462,-2250028,-4319386;492,-19,-14
vila|sao|judas tadeu|mosela|25675042|54,-2249716,-4320283;65,-4,4;68,16,7;77,-4,-1;81,13,15;85,2,-5;96,-6,3;108,9,9;111,40,31;143,-26,-23;145,6,-4;147,62,64;155,-8,-7;158,1,11;160,23,5;171,-23,-4;175,57,51;183,-32,-42;201,5,6;211,41,62;219,4,-6;225,-40,-44;298,-115,-103;350,-52,-64;364,15,8;832,164,173
vila||amaro soares teves|morin|25630350|40,-2252234,-4316061;157,-26,109;165,3,-14;170,-4,-10;180,2,21;190,7,-24;200,1,-43;247,-25,-43;445,-21,239;451,23,-90;453,8,-56
vila||cristina theobald|sao sebastiao|25645061|30,-2253727,-4319066;33,45,1;36,-2,-1;54,17,-2;55,-4,-6;70,2,-7;71,-34,44;82,51,-42;83,-14,-14;98,-9,18;105,23,-17;141,-46,50
vila||elizabeth tinoco|vila militar|25660050|29,-2251299,-4319531;60,-7,-41;61,-5,-20;68,7,12;70,7,-1;72,-4,-12;74,-14,-69;76,14,66;78,-2,-6;80,-1,-6;81,-6,4;89,-6,-18;90,15,10;91,-16,-5;111,0,-42;121,-1,-5;133,16,123;135,-13,-141;142,-4,12;159,3,-13;380,16,26
vila||paulo troyack|bingen|25665005|34,-2251228,-4321740;101,47,-4;103,26,-5;105,14,2;118,2,1;132,2,0;133,5,-2;136,4,4;140,15,-5;157,0,-5;177,15,11;180,-11,-8;598,-151,38;624,74,-29
vila||pedro tesch|cremerie|25650013|349,-2253697,-4320426;439,-15,20
