alameda||dos jacarandas|serrinha|27530990|223,-2239410,-4455238;225,12,-5;228,-14,3;235,85,-37;238,-91,44;246,20,-12
avenida|doutor|gustavo jardim|centro|27511360|5,-2246937,-4445108;21,99,266;23,-13,-11;25,3,-43;29,8,51;33,-11,-12;55,4,-12;60,-51,-125;64,91,113;66,11,-23;77,-54,7;78,9,10;79,-7,-22;80,-6,9;82,0,14;83,-10,-28;85,-26,16;86,63,9;87,-28,-23;89,14,18;91,-36,2;95,18,-33;99,-5,-3;107,-113,-270;113,99,260;117,2,0;121,-3,-10;131,3,-5;141,-2,-17;149,-11,-1;150,26,42;158,-12,-64;160,-12,9;162,-18,-22;170,14,7;231,-22,-25;241,-2,-18;253,-9,-5;259,-8,-35;269,2,4;277,2,-2;281,5,-17;285,-4,8;289,-7,-11;321,-2,-20;325,-4,-3;331,-6,-5;335,-6,-22;349,-2,8;353,-4,-7;359,8,-7;361,12,-4;371,-25,0;391,5,-17;414,-11,-22;434,-14,-16;446,-3,-13;452,2,-5
avenida||antenor o reilly de souza junior|morada da colina|27523090|8,-2248443,-4447866;59,147,466;71,-8,-15;83,1,-2;125,-9,-40;137,-9,-6;159,0,-13;189,-13,-28;201,-4,-10;313,-31,-101;325,-2,-8;337,-10,-15;349,-3,-3;361,-1,-16;391,-7,-17;413,-1,-20;425,-3,1;437,-10,-29;449,-13,10;493,-3,-54;509,-10,1;643,-2,-140;655,0,-13
avenida||gustavo jardim|centro|27511360|320,-2246928,-4445101;330,-6,-15;340,4,-5;342,-14,-7;344,-2,-6;346,-22,42;348,20,-56;352,3,-1;360,4,-6
avenida||joao gomes jardim|nova alegria|27525366|50,-2247804,-4449994;498,25,-4;518,127,-10;1092,-163,13
estrada||fumaca jacuba|jacuba|27521515|1,-2226121,-4433282;3,-105,-12
rua|brigadeiro|gomes jardim|monte castelo|27533330|2,-2244967,-4445782;4,-5,-2
rua|dona|josefina|cabral|27534100|12,-2245964,-4444243;20,10,-8;42,13,-17;60,5,6;81,10,-32;86,1,-5;101,14,-15;127,16,-16;132,6,0;137,2,-11;142,7,10;147,-9,-9;156,16,-1;157,-24,-8;162,25,-3;168,5,-1;179,-6,-18;185,-1,-4;193,11,-1;196,12,11;218,-6,-43
rua|padre|josino|jardim esperanca|27540662|14,-2245819,-4441691;16,15,1;19,-21,10;26,-13,-1;62,-84,6;72,46,0;86,-5,-2;134,-43,3;140,-13,2;150,-10,8;161,-28,-5;162,0,-3;166,-7,0;167,-6,10;168,-10,-10;1560,29,-3
rua|professor|ruben balieiro diniz junior|novo surubi|27512130|1,-2247338,-4443819;2,0,4;41,-225,61;46,9,-1;48,2,-5;70,-2,0;91,257,-101;105,0,-1
rua|sao|jeronimo|castelo branco|27536250|16,-2245292,-4443212;30,51,42;32,8,25;33,-4,-7;34,8,26;35,1,16;45,-21,-78;185,-25,-34;195,6,17;203,8,-4;211,-2,-1;241,17,28;243,5,13;315,11,59;319,3,16;329,8,16;355,3,12;365,7,5;368,-5,0;370,11,16;380,6,5;387,8,5;410,-2,3
rua|sao|jeronimo|paraiso|27536250|33,-2245408,-4443278;43,15,18;62,-4,11;74,3,-15;92,-22,-17;117,71,41
rua|sao|joao|paraiso|27535160|12,-2245456,-4443462;19,13,7;21,4,-1;26,1,4;33,1,-4;37,5,0;38,-5,1;39,21,1;42,-4,8;46,-4,-4;48,0,0;49,15,4;50,-3,2;55,6,-8;60,6,10;68,3,1;75,-1,-8;82,-38,-3;85,45,5;89,-3,-2;94,7,11;95,3,-8;103,10,2;104,3,10;107,-82,-26
rua|sao|joaquim|paraiso|27536130|7,-2245762,-4442948;15,2,8;20,-6,9;30,0,9;39,5,-10;54,-4,20
rua|sao|jorge|paraiso|27535030|13,-2245800,-4443934;15,3,0;17,2,6;20,-12,-4;29,7,8;48,5,33;49,16,-16;62,-19,23;67,6,-3;69,-2,-6;73,1,4;76,-5,19;85,7,-13;103,-2,36;113,-3,15;122,-4,0;127,5,13;137,6,29;141,-1,-22;175,2,34;205,6,20;207,-3,-4
rua|sao|jose|paraiso|27536070|22,-2245560,-4443375;29,-2,11;30,-3,-10;42,1,11;45,-6,5;51,-8,15;52,-2,-7;61,-4,16;62,3,-13;68,-7,12;73,0,21;74,-1,-18;84,-3,5;85,-11,10;86,-15,-27;94,18,22;96,-4,1;105,-5,14;106,3,-5;115,0,15;120,-21,1;137,-11,25
rua||ana inacia de jesus|santo amaro|27513040|11,-2248228,-4445159;16,16,6;36,-16,-12;52,-6,-11;57,-10,-1;65,0,-8;67,-11,-4;70,13,6;78,-1,7;79,-21,-15;88,0,-14;89,-4,6;93,4,2;96,-3,-14;113,7,19
rua||ana inacia de jesus|santo amaro|27513070|29,-2248132,-4445149;45,13,-14;63,3,-11;71,9,-9;87,14,-11;101,4,-1;119,18,-16;121,1,-17;125,9,-5;135,1,-13;161,8,0
rua||antonio veloso junior|campos eliseos|27541200|40,-2246569,-4444442;50,-17,12;125,-15,47
rua||antonio veloso junior|comercial|27541200|37,-2246573,-4444443;55,5,30;77,-22,1;109,-2,13
rua||djalma gomes jardim|morro do batista|27511026|1,-2247305,-4444484;2,5,-14;6,6,7;10,-68,-14;11,-8,4;14,-22,-23;15,-6,-1;16,-2,-3;17,-15,-17;22,-9,-4;28,-1,-23;29,46,-9;30,16,-8;31,-5,8;32,8,-7;33,-10,-1;34,-10,4;35,-6,2;36,-5,-3;37,25,4;39,13,-11;40,7,-1;41,7,2;42,9,-6;55,-51,48;56,58,-48;73,36,-5;144,-21,5;145,1,0;149,10,-3;155,-7,-4;170,-116,53;175,131,-51;176,12,1;180,-36,5;182,-120,40
rua||dos jacanas|jardim primavera ii|27525482|23,-2247688,-4450444;31,-5,-2;39,2,-8;47,-6,-8;55,2,-7;62,-2,-3;63,0,-2;70,-6,-4;71,-1,-4;78,-1,-1;79,-5,-5;86,6,-1;87,-12,-7;94,8,0;95,3,7;103,-12,-14;111,-6,-12;119,-3,-12;127,2,-5;135,-1,-3;143,-2,-13;151,-3,0;159,-2,-10;167,-4,-13;175,2,-9
rua||dos jacanas|primavera|27525482|110,-2247722,-4450519;118,3,-7;126,6,-8;134,-8,-4;160,-11,-23;168,-2,-5;176,-4,-5;184,-3,-6;192,-2,-10
rua||dos juritis|jardim primavera ii|27525486|31,-2247628,-4450547;39,-4,5;47,-4,3;55,-10,2;63,-2,4;71,-5,1;79,-13,4;87,0,0;95,-8,6;103,-8,4;111,-8,2
rua||dos juritis|primavera|27525486|30,-2247630,-4450550;38,-5,-2;46,-9,10;54,-2,0;62,-9,0;70,-5,7;78,-7,-1;86,-5,5;94,-5,5;102,-7,5;110,-5,-1;185,71,-31
rua||gabriel francisco de me junqueira|engenheiro passos|27555000|1,-2250387,-4467052;2,-119,-354;3,68,187;5,-45,-109;6,-44,-35;8,19,-32;9,-5,2;10,-8,-20;11,-3,-17;12,-6,-11;13,-9,-18;15,0,-14;16,-15,-34;19,-7,-29;20,-1,2;21,-8,-17;22,-52,-142;23,-9,-19;24,-1,-20;26,-1,-5;28,-7,-36;29,-11,-31;30,0,1;31,3,-2;32,4,-1
rua||geraldina guilhermina de jesus|santo amaro|27513100|26,-2248205,-4445113;48,9,23;58,-14,5;96,8,45;112,-3,28
rua||geraldina guilhermina de jesus|santo amaro|27513160|29,-2248203,-4445109;39,-1,5;47,1,17;87,-5,36;125,-2,25;131,1,13
rua||jacy|engenheiro passos|27555000|80,-2249937,-4468137;96,-30,15
rua||joao juvenal|morro do machado|27513360|1,-2247512,-4444386;2,-68,-30;3,-16,19;4,-13,-3;5,-11,11;6,12,-21;7,-11,7;8,5,-10;9,-17,22;11,-20,12;12,-2,-26;15,268,37;26,-155,-60;35,16,15;40,19,12;42,120,32;44,-106,-38;59,-34,-3;60,12,-9;65,51,33;72,-28,-8;77,70,33;205,-58,-42;291,0,7
rua||jorge miguel jayme|vila central|27514126|3,-2247586,-4445111;43,127,-16;48,-59,23;52,227,-78;53,-247,86;55,-41,-18;56,19,-2;57,5,11;62,341,-106;65,-278,88;67,-1,-2;69,-23,8;74,287,-72;87,-97,51;88,2,-2;93,74,-44;94,-287,88;95,289,-85;110,-10,5;116,-2,13;138,-288,61;140,237,-50;201,59,-27;205,16,-7;240,-233,73;315,9,-6;351,-29,0;436,-51,21;486,-57,-19;505,18,-1;506,-1,2
rua||jupter|jardim do sol|27540430|17,-2245602,-4441432;31,12,0;42,10,7;43,-3,-8;47,5,-1;52,3,8;53,5,-14;64,3,16;65,5,-10;70,10,9;75,-4,-12;79,5,-2;83,4,4;86,6,8;87,-5,-8;91,2,-5;95,6,0;96,9,11;97,-8,-12;103,11,5;108,-2,9;109,4,-12;118,10,12;119,4,-13;130,8,9;131,-4,-10;140,9,9;152,10,0;153,2,-10;162,15,5;163,-7,0;174,11,-1;175,-2,-33;184,17,37;185,-5,-12;196,37,11;197,-26,-24;204,10,20;207,1,-13;208,3,17;213,1,-17;218,9,12;228,1,-2;242,17,1;283,35,-16;284,-3,13;294,14,-4;295,0,-12;307,8,3;316,11,7;317,4,-6;326,6,7;327,0,-21;339,8,13;350,19,8;351,-9,-12;362,12,8;363,-1,-4;384,20,1;385,-2,-6;388,8,4;396,3,6;397,2,-12;406,15,7;418,5,0;419,-4,-9;423,4,1;429,12,-2;440,12,7;441,-6,-5;452,14,6;453,-5,-8;456,8,8;457,-5,-8;462,15,2;463,-4,-5;472,6,7;473,3,-6;485,11,0;499,10,-3
rua||j|alto penedo|27512000|101,-2241249,-4455081;818,-19,26;819,13,-6;863,53,-35;902,-20,-8
rua||j|alto penedo|27580000|40,-2241387,-4455038
rua||j|morada da montanha|27525618|39,-2248786,-4450379;43,-3,7;63,7,13;73,12,6;83,-1,21;85,2,-6;93,3,7;97,4,4;103,-4,3;113,65,16;123,-56,9
rua||lea duarte jardim|jardim brasilia|27515010|9,-2247188,-4445491;15,-11,-4;39,-21,1;47,0,-3;67,-25,-9
rua||lea duarte jardim|jardim brasilia|27515020|141,-2247282,-4445507
rua||leia duarte jardim|jardim brasilia|27515020|20,-2247215,-4445510;42,-12,4;46,-4,-1;70,-23,0;96,-24,0;144,-17,-6;146,-11,-10;162,-14,-11;192,-28,-28
rua||manoel adao da silva junior|itapuca|27524174|3,-2247721,-4448316;12,-3,-3;26,2,-5;38,21,6;42,-19,-18;52,-1,-4;56,10,-8;70,10,-4
rua||prisciliana maria de jesus|visconde de maua|27553000|32,-2233149,-4453024
rua||ricardo ap de jesus|fazenda da barra 2|27537190|15,-2245042,-4439141;47,-27,13;61,-18,7;70,-8,-5;75,0,6;76,40,-14;91,-60,24;168,38,-26;169,7,0;411,-36,15;548,58,-24
rua||sao jose|vicentina|27513190|2,-2248242,-4444829;3,-6,0;4,-1,3;5,-3,7;6,1,-1;7,-8,10;10,3,8;20,-17,29;32,23,-44;46,14,-21;48,-21,38;52,-7,13;60,-4,1;70,-4,8;80,0,-5;81,5,16;90,-14,-4;100,-1,7;102,6,4;103,3,12;106,-14,-3;109,5,4;112,-14,4;115,14,10;120,-11,-6;125,7,-4;126,-6,9;128,-7,8;138,-1,7;141,16,4;148,2,34;150,-6,-24;154,-5,1;156,2,6;157,8,-6;172,-4,16;173,11,5;190,0,7;1461,13,-114
