avenida|santa|clara|centro|28398000|1,-2082193,-4190926;2,-6,-61;3,-13,-59;4,12,-26;6,2,33;7,9,54;9,7,115;10,-15,-4;12,10,9;17,28,50;18,-18,-7;25,35,37;27,8,25;29,-5,-11;37,19,38;39,10,5;41,3,-2;43,-3,22;48,-4,-5;50,0,21;52,4,13;70,17,17
avenida||cristo rei|centro|28390000|47,-2096300,-4204574;66,-261,-57;80,20,17;86,6,-2;96,-3,1;106,56,36;110,-118,-61;126,261,99;133,18,-7;178,-90,17;240,90,-23;246,9,-1;390,-305,-70;392,7,-1;402,-15,9;422,-13,13
avenida||cristo rei|cristo rei|28390000|26,-2096331,-4204555;65,-193,-71;69,-22,6;73,-25,-35;115,118,91;117,12,-8;175,116,18;209,-192,-49
avenida||jose tannus|centro|28390000|3,-2096281,-4204098;9,-6,-12;11,6,4;15,11,-10;16,-2,26;23,11,-38;26,-24,57;31,-3,-3;37,16,-67;41,-17,84;43,14,-87;49,6,-8;63,-11,-11;71,10,-13;79,-20,-9;87,12,-19;103,-1,-11;115,1,44;129,-7,-50
avenida||onze de janeiro|olivia peres moreira|28390000|2,-2097142,-4204029;5,-53,-119;6,-21,-29;10,64,121;15,25,35;17,-5,1;35,-11,-14;47,0,-3;67,-14,-23;77,-2,-10;78,5,-8;79,-10,6;85,-2,-6;86,3,-2;94,-2,-5;101,-21,-10;102,11,-3;109,-5,-5;110,1,-8;117,-8,2;118,7,-9;125,-12,-1;126,7,-4;134,-9,-9;142,3,-8;150,-7,-10;158,2,-8;166,-9,-6;174,-1,-7;182,-5,-12;189,-13,-13;190,1,8
avenida||onze de janeiro|olivia peres|28390000|222,-2097238,-4204226;223,3,1;225,-7,-14;230,6,9;253,-12,-28;258,10,17;261,-20,-23;262,4,-7;269,-10,-1;270,8,-5;277,-10,-12;278,8,4;285,-13,-15;293,-5,-4;294,10,-4;301,-21,0;302,16,-6;309,-12,-4;310,6,-3;317,-10,-6;318,7,-6;325,-11,-3;333,-3,-15;334,5,-13;341,-6,11;342,8,-14;349,-16,6;350,6,-4;373,-21,-28;374,9,5;381,-11,-6;382,7,-5;389,-12,-6;390,12,-5;397,-20,-6;398,16,5;405,-19,-14;413,-3,-9
beco|senhor|alvaro|cristo rei|28390000|12,-2096352,-4204645
beco||caixa d agua|cristo rei|28390000|12,-2096464,-4204686
beco||da familia rosa|cristo rei|28390000|14,-2096335,-4204616
beco||do bambusal|cristo rei|28390000|22,-2096516,-4204675
beco||do senhor adao e dona dejanira|cristo rei|28390000|12,-2096445,-4204648;15,-7,-3;18,-6,-13;54,-5,-2;84,60,12;89,-34,9;101,20,5
beco||dona sebastiana|cristo rei|28390000|1349,-2096410,-4204601
beco||escadaria municipal|cristo rei|28390000|69,-2096282,-4204644
beco||na rua feliscissimo francisco de carvalho|otavio de avelar|28390000|160,-2096770,-4204357;170,26,-6;180,-19,16
beco||tota|cristo rei|28390000|4,-2096415,-4204563;15,-13,-27;889,54,40;1041,-25,-7
escadaria||municipal|centro|28390000|186,-2096254,-4204621;190,-31,-32;218,7,3;260,-6,44;399,7,-52
escadaria||quadra de areia|cristo rei|28390000|14,-2096388,-4204607;28,23,50;945,-8,-16
escadaria||sem denominacao|centro|28390000|122,-2096497,-4204494;196,10,-24;206,2,-3
escadaria||sem denominacao|cristo rei|28390000|55,-2096332,-4204621;62,10,3
escada|senhor|adelino|cristo rei|28390000|13,-2096340,-4204608;27,34,14;48,8,4;51,-21,-9;497,-50,-44
escada||do orlindo|cristo rei|28390000|92,-2096506,-4204620
escada||do tico|cristo rei|28390000|5,-2096356,-4204633;30,9,-58;361,-31,11
estrada||caete|sitio caete|28390000|9,-2094936,-4200288
estrada||caete|vila caete|28390000|8,-2094406,-4200489;9,-11,9;12,35,64;15,-12,-13;20,8,44;22,-186,-103
estrada||da barra|barra|28390000|21,-2098434,-4203718;26,130,-258;30,-7,6;40,-7,24;41,-62,104;44,59,-90;50,-55,92;51,-62,92;52,72,-61;64,13,-88;68,21,10;70,6,11;80,-9,2;90,-1,25;106,1,28;110,-87,135;115,95,-147;130,-26,23;132,-6,6;135,-6,6;139,39,10;143,-5,20;145,-4,24;163,4,9;166,-70,51;175,-37,12;195,104,-34;201,6,23;2004,-1333,-3898;2040,1553,3628
estrada||natividade a porciuncula|sao jose|28390000|2042,-2098106,-4203957
estrada||para dona emilia|estrada bate pau|28390000|14,-2098325,-4209045;22,52,-10;126,110,-346;238,-13,98;294,-23,84;320,-46,91;493,-14,32
fazenda||dona emilia|dona emilia|28390000|90,-2098971,-4210317
fazenda||gameleira|fazenda gameleira|28396000|3,-2090966,-4195862
fazenda||gameleira|rj 230|28396000|3,-2090861,-4195781
fazenda||gamleira|rj 230|28396000|3,-2090966,-4195806
fazenda||pinheiros|purilandia|28396000|7,-2091283,-4191327
ladeira|sao|jose|ilha|28390000|2,-2096900,-4203906;4,-4,-1;6,0,-26;8,-1,-4;10,-28,-5;14,19,-26;16,-8,-9;18,-4,-4;20,-4,-8;22,-1,-5
margem||direita do corrego boa sorte|centro|28398000|291,-2082034,-4190297;311,-32,-3;321,1,6;341,-12,15
pasto||ao lado do morro cristo rei|cristo rei|28390000|4,-2096492,-4204708;64,-54,35
praca|doutor|geraldo m de oliveira|boa vista|28390000|2,-2096808,-4204337;3,-3,-6;4,-5,8
praca|santo|antonio|centro|28390000|7,-2096281,-4204038;15,7,2;35,-2,9;55,-6,5;67,-15,9;79,-9,8;87,-4,4;93,-4,6;109,-7,14
praca||antonio amado|centro|28390000|70,-2096244,-4204129;78,-5,1;86,3,-14;90,0,3;96,-6,-5;104,3,-12;112,-1,-2;118,-5,-9;122,1,-2;126,-7,-14;140,-1,-2;152,-3,-11;172,-1,-10
rodovia||rj 220|vale verde|28390000|640,-2095905,-4203347;650,8,6;660,12,12;670,2,4;680,11,3;690,2,13;700,7,3;702,4,9;704,16,10;706,3,14;708,11,0;710,13,4;714,9,15
rua|capitao|severo|boa vista|28390000|2,-2096941,-4204288;4,-6,8;6,-14,-8;8,-11,4;9,35,49;10,-52,-56;11,44,18;12,-40,-17;13,34,22;14,-42,-19;16,-12,-4;18,-8,-1;20,-11,3;21,2,4;24,-18,-9;26,-7,-2;28,-10,3;32,-20,-4;34,-3,2;40,143,64;41,-165,-69;47,207,31;59,-17,-3;77,-14,-1;85,-8,12;109,-29,-16;135,-18,-4;143,-8,-1;153,-9,10;163,-9,-7;195,-24,-14;217,-24,0;247,-33,-2;259,-1,-3;261,-15,-3;273,-9,5;305,-19,-2;325,-24,12
rua|capitao|severo|olivia peres moreira|28390000|6,-2097180,-4204290;120,-6,6
rua|conego|jose m e colaco|olivia peres|28390000|14,-2097398,-4204394;20,9,6;21,1,20;22,0,-24;24,-3,6;25,-13,33;30,3,-19;35,2,4;38,-6,7
rua|conego|otton|centro|28398000|21,-2082362,-4190982;22,5,10;23,1,-3
rua|coronel|elmano peres|centro|28390000|4,-2096640,-4204154;34,-4,-1;45,-13,-10;46,2,1;57,-11,-13;58,11,8;69,-17,-21;70,5,12;82,-13,-23;92,1,-8;93,4,9;126,-16,-17
rua|deputado|carlos pinto filho|centro|28390000|14,-2096269,-4204246;16,4,-6;28,-6,-13;34,12,-3;46,-7,-13;49,22,-9;50,-14,11;54,-22,-10;61,19,2;65,14,-16;74,-14,6;79,12,-8;85,23,4;87,-19,-12;92,-7,-5;93,-12,-14;101,8,-5;111,-2,-5;112,-1,4;123,-1,-12;124,10,-1;128,-2,-8;131,-4,-4;137,-1,-9;145,4,1;154,2,-10;157,-5,-11;181,4,-14;190,4,-16;196,14,-2;197,-22,5;204,13,-22;213,-3,10;214,6,-10;221,-5,-6;226,9,-1;231,-12,6;238,14,-20;242,0,-11;249,-13,0;260,14,-8;268,-1,-19;279,-6,2;280,6,-1;285,-4,-11;290,2,2;295,-1,-4;307,1,-23;310,4,3;326,-2,-14;327,-2,6;328,4,-7;339,-8,-15;349,-2,-13;359,-4,8;362,10,-11;365,2,-8;372,-5,-7;375,-6,14;382,34,-26;389,-27,37;392,-6,-39;399,5,64;402,-6,-67;405,-3,-19;416,-2,2;417,-8,-12;430,8,-4;439,-8,-5;447,-5,-4;448,8,-6;451,-15,-12;452,13,19;457,-6,-17;458,9,-4;465,-13,-8;470,27,0;481,-31,-13;486,11,-3;502,-2,-9;510,-5,-12;511,-1,2;512,12,-9;513,-18,-2;520,5,-4;525,-6,-1;537,11,-16;542,-8,5;549,-3,-9;552,3,-1;562,-1,-7;563,-9,-3;585,6,-37
rua|deputado|carlos pinto filho|cristo rei|28390000|349,-2096240,-4204564;359,9,-4;365,-4,-20;375,-11,2;389,3,-12;399,-14,-16
rua|deputado|carlos pinto filho|nossa senhora da penha|28390000|65,-2096272,-4204801;85,-4,-22;140,61,-290;572,-63,328;582,3,1;616,3,-18;618,-6,6;620,-16,-20;622,13,0;623,12,-10;626,-4,7;634,-19,-39;636,11,24;650,-1,8;660,-6,-6;665,3,-3;670,-11,-38;820,33,-162;898,41,-32;906,10,-17;910,1,-3;914,-30,-48;918,30,21;922,11,-16;952,6,-11
rua|deputado|luiz fernando linhares|boa vista|28390000|5,-2096945,-4204320;6,-8,-13;12,-32,-22;16,-15,4;22,-23,6;23,0,9;27,-24,0;29,-1,-1;32,-24,-19;33,7,14;34,-11,-13;890,258,40;896,-18,1;898,-12,-2;960,-15,6;968,7,2;991,-66,-6;992,-13,-23;1002,-9,1;1007,9,17;1022,-18,-8;1027,7,-3;1032,-20,-12;1035,6,20;1044,-30,-23;1045,13,21;1054,-13,-9;1055,14,1;1058,-19,-16;1062,-14,-4;1067,22,24;1072,-26,-15;1077,12,11;1087,-3,-5;1094,-22,-12;1095,4,15;1102,-22,-15;1105,22,16;1112,-24,-16;1113,-8,16;1124,-2,-15;1145,-7,8;1152,-24,-20;1160,-5,3;1175,7,17
rua|deputado|luiz fernando linhares|centro|28390000|95,-2096130,-4204204;102,-9,-9;115,-3,10;125,-9,-4;128,-3,-12;145,-13,4;148,0,-3;157,-7,3;181,-22,-4;182,-8,-19;188,-8,10;189,-385,-38;200,388,37;213,-15,9;220,-11,-7;234,-12,-5;266,-35,17;293,-30,-22;316,-17,-12;321,0,12;322,16,-1;330,-26,-4;333,-7,4;340,0,-10;347,-16,4;348,7,0;360,7,-19;373,-34,15;392,-13,-1;394,-3,-16;397,2,15;410,-16,0;422,-7,-15;438,-3,0;450,-19,3;462,-11,-12;466,-4,15;482,-12,-2;496,-37,-3;502,5,-14;512,-2,11;520,-15,0;525,8,4;530,-14,-35;533,3,27;534,-4,4;543,-6,-1;544,2,-15;553,-7,21;562,-15,-14;565,0,4;573,-4,1;580,75,9;591,-91,-9;598,-1,-8;600,-28,-5;610,-9,16;620,-7,-3;625,15,-13;635,-13,10;645,-11,-16;648,-3,10;660,-5,-27;668,-1,25;675,-1,-6;676,-21,2;677,13,2;679,-6,5;685,-16,-3;686,28,-2;695,-32,-1;700,-2,-1;704,-6,-8;707,-1,13;708,-22,0;716,-9,-2;734,-3,-13;744,-15,-14;758,-12,28;768,-5,-12;869,-58,-29;875,-30,16;885,-13,-7;895,-2,4;909,-11,8
rua|deputado|luiz fernando linhares|otavio de avelar|28390000|812,-2096762,-4204290;818,-17,-24;834,-13,1
rua|dona|maria|otavio de avellar|28390000|3,-2096577,-4204414;20,-5,-5;21,-7,7;30,-27,-37;34,9,18;42,7,5;44,-3,-2;45,2,-7;47,-25,-10;49,0,0;50,7,-7;54,17,14;55,8,11;62,-21,-16;70,-1,-6;72,-7,-4;80,-15,3;82,8,-6;90,-7,1;92,-1,-1;95,-2,4;96,2,-10;104,-10,2;130,-8,-6
rua|doutor|nilo vieira|olivia peres|28390000|5,-2097201,-4204265;6,-2,-16;14,-12,10;15,0,-1;21,-10,10;22,3,-6;29,-2,7;30,-3,11;40,-41,12;55,13,-4;67,-6,1;75,-7,3;83,-12,8;91,-2,1;93,-10,4;99,-2,-1
rua|doutor|sadi sobral pinto|centro|28390000|10,-2096295,-4204054;20,-10,7;30,-5,-2;38,-2,10;44,-7,6;56,-18,2;72,11,-1;84,-22,18
rua|doutor|sobral pinto|aviacao|28390000|19,-2096030,-4203954;35,77,118;40,18,23;45,-17,-22;55,6,8;200,-141,-172;410,111,121;420,24,53
rua|expedicionario|antonio rudolfi|centro|28390000|42,-2082113,-4191179;252,-2,-198;262,-1,-8;292,-7,-34;302,4,-6;332,-2,-32;352,4,-18;372,2,-8;412,11,-51
rua|expedicionario|antonio rudolfi|centro|28398000|7,-2082120,-4191425;11,182,679;31,-26,25;71,-148,-483;81,-6,-8;271,-8,-193;291,1,-15;301,1,-9;341,-2,-42;411,16,-64
rua|governador|chagas freitas|ilha|28390000|17,-2096831,-4204011;27,1,7;37,-2,13;53,-6,15;261,18,17
rua|monsenhor|lamar barreto calzolari|santo antonio|28390000|1,-2097047,-4204982;3,-29,1;5,35,-18;6,8,-14;7,-21,-44;9,19,49;10,19,-26;11,0,-14;13,-12,26;15,23,-37;17,-14,26;23,12,-20;25,3,-10;27,-55,27;31,67,-37
rua|padre|alfredo gualandi|santo antonio|28390000|1,-2097073,-4204996;3,1,-4;4,-7,-1;6,11,-10;7,-12,-6;8,14,2;9,-1,-7;10,11,0;11,-8,-8;12,8,-1;13,-4,-16;14,6,9;15,-6,3;16,5,-9;17,-4,-167;18,14,159;19,-12,-52;20,19,41;21,-11,-10;22,13,8;23,-2,-5;24,7,0;25,-43,-138;26,45,124;27,-5,-2;28,7,4;29,-3,-13;30,4,4;31,-4,-11;33,15,-13;35,4,-2;37,1,-11;39,5,-5;41,3,-11;43,7,-4;45,7,-6;47,-1,-7
rua|padre|jose villar|centro|28390000|8,-2096282,-4204100;9,9,-4
rua|poeta|teodoro de castro filho|centro|28390000|13,-2096373,-4204255;16,8,-11;19,-7,-1;30,-3,-10;33,3,-15;42,3,4;45,-1,-8;52,7,-1;55,-3,-14;58,-6,9;61,-5,-10;66,18,-1;67,-12,-4;74,11,-21;77,-3,8;83,-4,0;92,5,-6;98,-10,-4;103,11,-6;104,-9,-6;111,7,-7;117,4,-8;125,1,-11;131,3,7;141,-1,-20;144,1,10;147,-5,-19;194,2,-32
rua|prefeito|sebastiao rodrigues franca|centro|28390000|16,-2096214,-4203844;17,21,18;19,-2,-11;25,-11,1;26,2,-3;32,-5,4;35,-4,-2;40,1,-2;45,-4,-8;48,0,-3;56,-8,-5;139,-58,-61;150,-34,-52;191,26,37;201,4,-1;202,-1,0;205,-26,-10;211,-13,-24;229,-2,-8;273,-25,-30;283,-11,-6;295,-10,-8;301,-8,-3;302,5,-11;314,-10,-7;319,-1,19;330,0,-27;331,-6,-3;335,-2,4;345,-5,-14;346,-1,-2;355,-6,-4;357,-8,-6;360,10,5;366,-3,-7;378,-9,-9;390,-10,-8;410,-8,-9
rua|prefeito|sinval algusto fereira da silva|centro|28390000|12,-2096363,-4203928;20,119,-161;28,-6,21;88,12,68;138,-43,37;152,10,-19;190,-48,41;192,-55,11;200,4,2;230,2,-2
rua|professora|alzelita monteiro de abreu|boa vista|28390000|30,-2096948,-4204442;33,-7,5;47,-10,3;57,-19,1;60,-10,-5;65,6,10;74,-6,-4;79,-4,-4;86,-6,2;88,-6,3;91,4,0;97,-5,-1;100,0,5;114,-17,-9;121,5,12;132,-24,-4;204,-67,0;210,-12,4
rua|professora|vania maria porto|vale verde|28390000|1,-2095874,-4203262;2,-2,0;4,-11,11;5,1,-4;6,-8,1;7,-3,12;9,-4,10;10,-2,-10;11,-5,20;13,-7,4;14,-1,-8;704,54,-51
rua|professor|jose vilar|centro|28390000|32,-2096222,-4204066;38,4,4
rua|professor|luiz gonzaga lontra|otavio de avellar|28390000|20,-2096617,-4204412;35,-4,-6;51,0,3;52,-4,0
rua|santa|barbara|santo antonio|28390000|4,-2097352,-4204970;6,11,12;8,3,5;20,54,46;24,26,15;28,3,8
rua|santa|rita|olivia peres moreira|28390000|6,-2097197,-4204296;10,-11,-6;12,-7,-15;30,0,-4;42,6,-17;50,-13,4;58,-8,-16;72,-1,-18;80,-18,-9;92,10,-10;100,-12,-4;110,3,-15;120,58,138;122,-60,-144;130,-8,-13;138,0,-6;150,-16,-18;160,2,3;168,-4,-8
rua|santa|rita|olivia peres|28390000|5,-2097213,-4204290;6,-29,-80;7,58,115;9,-6,-13;55,-88,-183;85,41,72;93,-8,-8;125,-13,-32;135,-2,-3;145,-8,-17
rua|sao|jorge|olivia peres|28390000|27,-2097319,-4204361;67,-46,18;75,-3,13;76,-17,-30;83,7,28;84,-1,-2
rua|sao|judas tadeu|otavio de avelar|28390000|41,-2096744,-4204398;51,-10,-1;54,-24,4;61,13,0;81,-16,10
rua|sao|sebastiao|centro|28390000|4,-2096507,-4204040;6,145,-182;13,4,-2;14,-9,-1;18,-132,197;21,136,-193;28,-9,10;32,-153,191;33,158,-193;38,-15,16;49,10,-8;50,-10,11;57,4,0;64,-12,6;66,-3,-6;70,-6,11;79,15,7;90,-21,16;91,3,-5;96,-2,5;102,-15,8;103,11,3;111,-2,1;116,-10,1;119,-7,5;124,-2,2;129,8,1;132,-4,3;137,0,8;140,-7,6;145,8,-6;148,-7,5;156,-8,8;178,-9,21;188,-8,10;194,-11,4;202,-1,4;214,-9,3;237,-2,17;429,34,-51
rua|vereador|adir barroso de carvalho|joao cloves brejao|28390000|10,-2096174,-4203577;15,-67,-42;33,-324,-82;47,5,-2;55,-24,2;57,34,-1;58,489,194;65,-483,-187;75,5,4;95,12,9;113,45,17;115,-21,-15;127,41,-6;135,-5,-5;149,18,7;163,20,1;203,8,-2;259,44,8;279,20,11;289,19,-7;299,4,7;309,12,3;319,18,-3;349,-85,-11;369,29,-2;396,338,190;504,-100,-53;510,-2,5;512,70,41;520,-44,-29;525,-32,-18;530,27,11;533,-93,-18;540,96,21;541,-33,-13;550,37,18;558,19,10;560,17,1;570,-8,13;600,58,28;601,-56,-54;620,70,70;703,-88,-49;715,6,-1;785,48,26;793,14,4;811,5,6;829,21,1;5413,-242,-165
rua|vereador|adir barroso de carvalho|joao francisco braz|28390000|574,-2096149,-4203547
rua|vereador|eloy vieira lannes|joao francisco braz|28390000|20,-2096641,-4203651;40,-12,59;47,-8,112;66,-3,-30;72,18,-106;79,-36,192;84,24,-106;94,-26,59;102,24,-105;128,-12,92;160,-8,36;182,1,16;188,1,9;202,-10,37;206,21,-87;230,-11,26;231,6,-6;239,2,16;295,-21,54;300,0,14;306,-16,4;308,21,7;312,-10,7;320,-2,7;325,2,12;340,-1,8;355,-2,9
rua|vereador|jairo oliveira duarte|joao francisco braz|28390000|5,-2097033,-4203607;6,8,6;9,-2,-28;15,-10,-41;25,-7,-43;39,2,-75;45,11,-18;65,49,-88;67,4,-6
rua|vereador|luiz paulo guedes|santo antonio|28390000|1,-2097211,-4205089;3,5,5;5,37,-16;7,-21,4;9,13,-13;11,-4,0;13,5,0;15,12,-19;17,-3,24;19,10,-20
rua|vereador|otto luiz thurler|ilha|28390000|1,-2096859,-4203704;2,23,4;3,-23,-3;4,21,4;5,-30,-3;6,16,-2;7,-17,-8;8,-57,-17;9,47,19;10,-66,-22;11,67,11;12,-60,-10;13,54,19;14,-65,-17;15,50,11;17,-5,4;18,-62,-23;19,53,21;20,-63,-24;21,61,26;23,-11,-12;25,-1,3;27,-6,-1;29,9,1;31,-26,-9;33,-3,0;125,106,22;127,19,13
rua|vereador|sebastiao costa|olivia peres moreira|28390000|1,-2097180,-4204229;59,-50,30;67,-8,-2;75,-25,14;83,8,-5;91,-10,8;182,80,-42;198,-35,15
rua|vereador|sebastiao costa|olivia peres|28390000|6,-2097185,-4204234;14,-5,-1;22,-8,8;40,-4,7;44,-18,6;60,-16,9;68,-8,-2;76,-11,6;84,-2,6;92,-14,2;96,-5,5;214,54,-25
rua|vereador|sebastiao gomes de mendonca|joao francisco braz|28390000|6,-2096930,-4203583;8,31,-2;10,280,-137;40,-8,4;58,-9,41;68,-34,-26;78,-5,1;88,-17,5;100,-2,6;108,-8,-1;118,-7,8;128,-8,7;152,-15,9;186,-28,15;230,-9,-3;262,-48,58;270,-11,4;275,32,-6;280,-35,4;285,20,-2;304,-45,7;308,-8,-3;316,-23,10;334,-26,2;336,-42,-1;340,-40,9;376,408,-164;386,-15,2;388,1,5
rua||achiles vieira folly|brauna|28390000|379,-2096647,-4204563;389,-12,-3;395,-2,-2;405,-12,-8;421,-8,-11;433,-8,-9;463,-17,-15;464,31,4;1210,-751,-780;1213,377,451;1215,-7,-7;1217,-6,0;1219,-2,-7;1221,-6,-7;1223,-4,-2;1225,-7,-2;1227,-13,-7;1229,-3,-2;1231,-5,-1;1233,-5,-5;1235,-8,-9;1237,-5,-2;1239,-6,-4;1241,-3,-4
rua||afonso gomes pardal|boa vista|28390000|131,-2097241,-4204701
rua||afonso gomes pardal|vale do sol|28390000|2,-2097128,-4204741;4,-3,22;7,40,-6;39,-88,16;42,-14,8;180,-65,4;719,154,-29
rua||alberto calvet|centro|28390000|13,-2096201,-4204344;26,14,-8;27,-9,-5;34,9,-3;49,-6,-32;50,11,22;80,0,-31;95,-8,-24;96,9,-1;101,1,-1;109,-3,-10;117,-6,-16;120,17,22;123,-12,-19;135,6,-6;136,2,0;146,7,-10;149,-25,0;156,26,-14;163,-2,-17;168,7,7;169,-17,-10;185,-13,-4;186,26,4;189,-4,-16;199,1,-10;201,10,-1;202,-15,8;203,1,-16;218,12,-5
rua||albino ferreira cardoso|centro|28390000|19,-2096342,-4204478;31,10,-4;35,28,-20;47,23,-65;55,-26,63;60,30,-41;63,-29,45;64,26,-45;68,4,-8;72,-12,30;73,-18,16;83,9,-16;84,-20,25;91,23,-27;93,-6,13;95,19,-13;100,-20,-107;105,18,92;115,-1,-7;131,6,-10;138,-4,-15;139,-4,15;149,5,-17;150,6,-13;170,5,-5;176,-22,-9;548,4,3
rua||albino ferreira cardoso|cristo rei|28390000|8,-2096302,-4204621;56,-54,-102;57,64,118;72,14,48;100,2,-27;138,5,26;170,-13,-18;176,-2,-18;278,-41,-80;298,24,16;486,1,6
rua||aldegisto teodoro santero|olivia peres moreira|28390000|5,-2097221,-4204156;13,-4,18;14,2,-26;21,-8,24;22,5,-18;26,-3,0;29,-20,6;30,6,2
rua||alexandre brethel|centro|28390000|10,-2096251,-4204489;20,-8,1;26,-5,3;28,-6,-1;29,4,9;40,-12,-8;45,0,7;50,-7,0;53,-2,10;58,-9,-8;63,4,9;68,-7,-5;78,13,3;79,-35,7;84,-76,24;86,87,-16;97,-21,-2;98,15,-5;109,-23,8;116,4,-7;128,-11,12;144,-16,1;150,-6,-3;160,-11,3;170,0,8;180,-27,-3;183,95,-21
rua||alfredo de castro|joao cloves brejao|28390000|25,-2096222,-4203706;31,4,-4;53,26,18;65,1,4;73,10,-32;74,47,63;85,-35,-25;93,12,3;105,2,-8;113,5,10;116,0,-6;125,13,24;145,13,-8;147,-1,10;160,2,23;165,3,3;193,16,23;257,-132,-97
rua||alvarino da conceicao|centro|28390000|58,-2096639,-4204195;92,-28,-28;201,59,79
rua||americo theodoro sobrinho|santo antonio|28390000|1,-2097326,-4205225;2,20,-12;3,-5,9;4,-27,9;5,24,-10;6,-14,11;7,26,-18;8,-41,1;9,42,-12;10,1,7;11,3,-8;12,-35,-1;13,38,11;14,-25,-10;15,38,-4;16,-25,-3;17,27,-4;18,16,8;19,-6,-3;20,24,3;21,-17,-7;22,0,-38;23,36,81;24,-21,-60;25,-5,-3;26,20,0;27,-9,0;28,9,-5;29,0,0;30,6,-1;31,-8,-12;32,18,1;33,-5,10;34,5,-9;35,1,4;36,12,-1;37,-11,1;39,12,-7
rua||anestor da silva|aviacao|28390000|3,-2095579,-4203311
rua||antonio borchio|brauna|28390000|1,-2097058,-4204916;2,-5,4;4,-10,2;6,-5,-10;8,-5,-3;10,-4,-4;12,-9,-4;14,1,-3;16,-9,-5;18,-7,-7;20,-5,-6;22,-6,-3;24,-2,-2;26,-16,-6;28,-1,-2;30,-9,-5
rua||antonio duarte|centro|28390000|19,-2096410,-4203969;20,0,-2;40,-8,-5;50,18,12;63,-32,-31;66,2,7;71,-7,-13;74,13,-2;88,-22,-4;93,-12,-8;100,4,-5;119,-24,-16;137,1,-10;153,-39,-29;159,8,13;166,11,-2;175,-26,-13;178,19,10;183,-24,-27;192,9,16
rua||antonio fernandes vieira|boa vista|28390000|15,-2097155,-4204272;41,8,24;65,4,15;111,22,42;125,-7,7;131,11,15;147,3,11;510,-41,-100
rua||antonio fernandes vieira|olivia peres moreira|28390000|6,-2097160,-4204285;22,1,14;40,6,21;52,1,13;64,8,11;78,1,7;90,12,8;102,0,8;112,7,8;122,2,6;132,-4,21;134,1,-7;150,5,9;158,0,10
rua||antonio ferreira|centro|28390000|6,-2096206,-4204393;16,-6,-1;25,-11,4;30,10,-10;38,-9,-2;95,-52,1;99,-11,2;100,-3,-14;111,-13,5;114,5,-2;122,-17,18;134,5,-13;154,-16,1;180,95,2
rua||antonio frascisco de barros|santo antonio|28390000|1,-2097101,-4205202;3,-1,1;5,-5,-5;6,7,-1;7,-13,-9;8,25,12;9,-26,-19;10,-3,7;11,11,6;12,-6,-19;13,-14,-4;14,13,4;15,9,20;16,-17,-25;17,-14,-8;18,20,138;20,-2,-118;21,-22,-33;22,4,1;23,-4,-6;24,33,23;25,-37,-30;26,3,-3;27,-7,-6;28,38,100;29,-40,-100;31,-7,-13;33,-3,-5
rua||antonio jose delgado lopes|brauna|28390000|1,-2097023,-4204912;2,-59,11;3,44,-32;4,-51,38;5,48,-7;6,-57,16;7,46,-12;8,-53,12;9,55,-20;11,-16,7;13,-9,6;15,-6,7;17,-11,2;19,-7,5;21,-4,-3;23,-6,14;25,-4,-6
rua||antonio monteiro dos santos|joao francisco braz|28390000|13,-2096764,-4203602;25,-7,6;37,-15,17;52,277,-91;72,-276,93;106,70,-36;107,47,-49;109,-28,4;120,-42,18;192,48,-6;200,38,-15;290,178,2;310,-74,-19;330,118,24;334,-93,-20
rua||antonio procopio|centro|28390000|17,-2096573,-4204144;22,-8,9;28,-9,-8;29,10,-1;33,-15,3;432,-29,12
rua||antonio rodolfo|centro|28398000|2,-2082163,-4191085;5,5,-2;7,3,-4;12,-19,26;14,26,-12;18,0,-8
rua||antonio s de oliveira|ilha|28390000|1,-2096857,-4203769;3,-2,3;5,-13,8;7,10,10;9,-7,12;11,4,8;13,-6,6;15,2,8
rua||antonio valdevino breta|vale do sol|28390000|62,-2097175,-4204798;72,-7,5;92,-14,-1
rua||aquiles vieira folly|santo antonio|28390000|1251,-2097171,-4205024;1258,-34,-32;1259,2,12;1261,-5,-2;1263,-13,-15;1265,-3,-31;1267,-65,131;1269,54,-119;1273,-13,5;1275,-11,-14;1277,-6,-4;1279,-8,-2;1295,-48,-68;1297,-6,3;1303,2,-37;1311,-24,-37;1313,-4,0;1321,-11,-36;1323,-2,-13;1325,20,-12;1327,-36,-9;1329,-9,-23;1351,-17,-21
rua||argemiro de paula pereira|boa vista|28390000|15,-2097246,-4204634;17,-22,3;19,1,-11;23,-2,-38;25,-5,-5
rua||argemiro de paula pereira|vale do sol|28390000|3,-2097202,-4204565;6,2,15;8,-12,-34;9,-1,-6;11,-4,-5;20,-19,64;22,-6,5;24,-10,0;26,-5,-61;28,-10,69;32,30,-17;34,40,-26;36,-13,-8;92,-22,-54;104,-2,-3;105,-12,-15;110,-2,1;130,-25,-50
rua||aristides garcia afonso|boa vista|28390000|9,-2096833,-4204387;37,20,49;43,-19,-14;51,-7,-12;56,3,-30;61,0,20;69,-24,-6;81,15,-10;94,13,-11;97,-14,-3;101,-5,-17;111,-3,-4;118,4,-2;130,-5,-36;134,-2,0;142,1,-15;146,-2,-5;154,1,-7
rua||armelinda gaspar de souza|vale do sol|28390000|1,-2097043,-4204538;3,-4,-5;5,-7,-15;6,5,-6;7,-13,-2;8,7,-8;9,-9,-1;10,2,-6;11,-11,-5;12,10,1;23,-45,-70;28,-5,-19;29,-16,-12;31,-5,-16;32,14,12;34,-15,-14;38,-9,-24;39,-16,-8;40,-9,-23;44,4,-6;49,-12,-8;95,94,165
rua||ascendino mauro citeli|aviacao|28390000|53,-2095666,-4203597;138,59,-47;149,8,-18
rua||benjamin alipio da matta|brauna|28390000|26,-2097168,-4204918
rua||benjamin alipio da matta|santo antonio|28390000|9,-2097164,-4204973;11,-28,-4;13,39,-13
rua||benzanilo da fonseca lannes|santo antonio|28390000|1,-2097269,-4205135;2,-5,7;3,9,-8;4,1,5;5,-4,-10;6,23,2;7,-3,-12;8,-6,4;9,-8,-1;10,32,4;11,-7,-2;12,-1,-1;13,4,-6;14,7,8;15,-8,-15;16,25,8;17,-31,-18;18,52,26;19,-31,-26;20,6,-4;21,-2,6;22,8,-10;23,-8,-5;24,19,6;25,-7,-4;26,19,-2;27,3,-17;28,0,-8;29,-5,20;30,8,8;31,3,-23;32,-2,14;33,4,-5;34,26,-1;35,-31,-12;36,11,11;37,9,-1;38,-19,3;39,14,-6
rua||cecilia estanislal de oliveira|olivia peres moreira|28390000|6,-2097203,-4204130;14,0,5;21,2,15;22,-10,-3;38,-1,-6
rua||celio valentim|joao cloves brejao|28390000|14,-2096171,-4203599;15,-4,4;23,2,-13;26,5,3;32,6,-6;45,-5,-13;53,14,-12;56,-1,8;61,12,-27;62,-9,23;71,7,-15;74,-5,-1;75,-4,11
rua||cesar vieira|centro|28390000|2,-2096318,-4203788;4,7,-6;5,-11,-9;25,-6,-11;47,-21,3;53,8,-16;60,-10,-25;105,-23,-6;134,-17,-24;135,-10,-2;144,36,-34;164,-33,22;195,-9,-50;216,-53,1;217,14,9;231,-7,-9;239,13,6;243,-21,-5;253,-7,-18;273,-12,13;281,-22,-22;301,-6,-8;317,-27,-7;333,7,-12;349,-19,-16;358,4,-4;364,-17,-3;375,4,1;376,-4,-9;397,-4,1;400,-4,-20;417,-20,-12;420,6,5;425,-8,-5;426,5,-3;427,-16,-5;437,-7,13;453,0,-22;462,8,-3;463,-16,-5;464,0,-9;469,-6,7;475,-25,9;476,28,-16;489,-34,-3;519,-5,-12;533,-9,-4;545,-6,1;557,-14,18;573,-13,-20;575,9,-2;583,-27,1;597,-7,4;603,-6,11;615,-15,-2;625,-2,1;637,-13,-21;657,-14,23;673,-11,18;681,-10,-24;683,-7,7;693,-6,0;701,-14,3;707,7,4;715,-10,6
rua||cirilo furtado|centro|28390000|6,-2096741,-4204128;16,2,-10;21,-12,5;23,13,7;25,-30,-74;34,23,41;42,-1,-4;60,-8,-20;63,-5,-11;81,-3,-9;88,1,-10;91,-3,5;115,-11,-25;123,-8,-3;145,-3,-17;155,0,-10;171,-8,-21
rua||dantas brandao|centro|28390000|11,-2096294,-4204246;23,-4,-22;33,-15,1;39,17,-13;49,-5,-14;61,-6,-2;64,8,-10;69,-5,8;70,7,-7;73,-10,-4;77,5,-3;78,6,-2;84,2,-6;87,-10,-8;93,-5,-7;94,13,3;103,-14,-10;108,14,23;117,-17,-36;120,18,54;133,-24,-69;140,6,-5;157,-17,1;160,18,-5;165,-47,-23
rua||dirce sarmento ferreira|joao francisco braz|28390000|2,-2097034,-4203585
rua||dorcelina de araujo rodrigues|boa vista|28390000|8,-2097082,-4204288;20,16,21;25,1,3;26,-7,-16;32,8,19;37,8,-1;54,-1,14;59,-4,15;62,-2,-18;71,14,2;74,20,86;83,-14,-55;95,5,2;106,-2,16;107,-9,-1;118,10,10;119,13,2;127,-6,23;130,-4,-17;139,12,24;158,11,5;163,-11,4;170,-5,11;171,17,1;182,-13,5;187,14,19;191,7,16;194,-18,-20;217,-46,-167;218,58,179;224,11,1;230,-10,18
rua||douglas leonardo|nossa senhora da penha|28390000|80,-2096240,-4205025;100,31,-22;132,89,-58;151,73,-34;155,-48,-4;808,-200,141;820,14,-8
rua||elfizino jovalino pudo|centro|28398000|301,-2081869,-4190963;351,12,30;361,4,10;371,-4,10;391,11,5;411,1,12;431,18,22
rua||elias habib|aviacao|28390000|10,-2095946,-4203784;20,-74,39;38,131,-115;40,5,0;56,-19,1;70,-2,29;80,-28,17;88,34,-22;118,-54,56;120,-15,25;121,-56,1;200,60,-23;226,20,-19;260,-26,27;262,59,-59;300,-75,82;304,-11,8;306,-3,12;320,-20,18
rua||elias habib|joao cloves brejao|28390000|2,-2096141,-4203578;3,3,0;7,15,-2;45,0,-26;53,-2,0;282,-19,11
rua||emilia vieira folly|aviacao|28390000|5,-2095583,-4203421;18,-38,27;65,10,7;103,-10,9
rua||erothides m almeida|santo antonio|28390000|1,-2097170,-4205091;2,22,0;3,-6,-6;4,21,-2;5,-9,1;6,10,-12;7,-11,32;8,27,-29;9,-18,-6;10,8,-4;11,-7,-8;12,4,-1;13,-5,1;14,15,-16;15,-3,13;16,16,-8;17,-14,-4;18,6,-2;19,2,-3;21,-2,-9;34,12,-18;36,4,-5;38,11,-4;40,-5,-9;42,-1,3;44,8,-11;46,-4,-3;48,61,73
rua||esculapio lopes rodrigues|ilha|28390000|1,-2096753,-4203829;2,-5,2;3,-2,-5;4,6,8;5,-10,-5;6,1,0;7,-2,0;8,-5,0;9,-6,-4;10,0,-3;11,-6,0;12,6,1;13,-10,0;14,-5,0;15,-4,-1;16,7,3;17,-13,-3;18,2,0;19,-15,-4;20,11,2;21,-15,-1;22,10,-4;23,-16,-1;24,7,-2;25,-14,-1;26,16,9;27,-21,-10;28,14,6;159,86,20
rua||evandro nevac coelho de oliveira|vale do sol|28390000|8,-2097140,-4204624;32,78,-13;38,-139,41;50,117,-37;90,20,12;110,-39,-10;125,-41,22;165,-32,9;190,-24,-21;200,-41,11;210,-10,2;220,-10,2;257,-10,20;267,-8,8;281,-14,8;420,-136,34
rua||felicissimo de carvalho|otavio de avellar|28390000|13,-2096652,-4204510;15,0,6;71,-27,46;79,-10,10;91,4,9;121,-13,17;123,-11,34;125,5,-6;133,-10,20;135,-11,7;139,3,5;147,-10,8;159,-2,3;167,2,10;173,-14,0;195,23,38
rua||felicissimo francisco carvalho|otavio de avelar|28390000|6,-2096650,-4204533;12,0,13;22,-10,16;34,8,10;42,-16,12;50,0,-3;60,-11,21;64,0,-9;72,-8,-4;82,-3,45;90,-1,1;100,2,-1;150,-65,66;200,16,42
rua||felipe mansur|olivia peres|28390000|5,-2097281,-4204439;21,-22,9;29,-3,5;410,-3,-8
rua||fernandes lannes|centro|28390000|15,-2096453,-4203832;28,-5,1;29,8,2;30,4,1;41,6,3;50,-2,8;62,7,13;74,7,3;84,3,12;92,4,2;104,3,3
rua||fortunato antunes magro|centro|28398000|27,-2082160,-4190982
rua||francisco dolivio lira|santo antonio|28390000|2,-2097136,-4205070;13,32,14
rua||francisco gomes de araujo|boa vista|28390000|10,-2097117,-4204287;22,5,10;27,4,15;34,-4,-1;35,9,12;46,-3,-4;58,5,11;69,8,18;79,8,29;81,-5,-20;93,4,12;102,-10,2;110,6,15;114,9,3;115,-1,-6;126,0,15;129,5,-1;141,-2,13;145,8,5;153,3,7;165,2,11;175,1,9;185,5,10;193,-5,-3;201,6,11;215,5,8;225,5,10;235,3,7;385,-1,11
rua||frederico pinto|centro|28390000|6,-2096521,-4204159;18,-6,28;20,20,-15;29,-3,3;37,1,10;47,5,11;61,-16,14;488,2,-38
rua||furtado de mendonca|centro|28390000|26,-2096532,-4203848;35,11,-13;36,-9,14;49,-2,-24;50,4,-14;56,-9,12;61,-10,-6;68,10,-9;81,-2,-1;90,-5,-3;171,26,34
rua||gama de abreu|centro|28390000|17,-2096500,-4203940;20,-5,-25;26,-21,8;35,9,22;40,-6,-16;49,-8,26;50,1,-32;57,-2,27;58,-9,-2;67,7,-9;68,-5,11;78,-9,10;79,5,7;84,-10,2;91,4,3;108,-24,13;119,110,-123;120,-113,122;121,3,3;123,-2,23
rua||gentil perfeito de siqueira|joao cloves brejao|28390000|6,-2096188,-4203662;12,-6,13;23,29,6;31,-30,5;47,16,-24;53,-8,5;62,10,1;71,1,-1;75,-12,4;83,14,-40;86,1,11;90,4,-4;100,-25,36
rua||geralda santana da silva|aviacao|28390000|17,-2095598,-4203578;81,50,-29
rua||geraldo conceicao|santo antonio|28390000|1,-2097273,-4205156;2,-16,3;3,6,-22;4,0,7;5,6,8;6,11,-2;7,-4,-16;8,-14,-3;9,25,1;10,-9,2;11,23,-7;12,-21,4;13,23,-15;14,-15,20;15,13,-19;16,-8,34;17,20,-34;18,1,13;19,12,-12;20,-32,5;21,34,-11;22,-44,15;23,50,-20;24,-8,9;25,9,-17;26,-6,12;27,14,-12;28,-8,-5;29,7,-3;30,29,-3;31,-16,12;32,6,-8;33,-5,1;34,8,-8;35,6,0;36,8,-2;38,-11,2;40,19,-6
rua||geraldo domingos souza|cristo rei|28390000|23,-2096377,-4204761;26,-27,58;27,45,-25;35,-77,35;163,53,-91;184,-57,83;187,18,14;321,40,-90
rua||gerco ferreira da silva|santo antonio|28390000|5,-2097056,-4205185;7,4,1;8,-29,65;9,-31,-97;11,25,-36;13,-9,-8;15,-1,-7;17,-4,-9;19,-3,-1;21,-6,-9;25,-4,-15;27,-3,-6;29,-3,-6;32,37,63;33,-50,-78;40,43,68;47,108,101;48,-70,-70;56,-39,-45;64,-9,-8;72,-4,-8;80,31,74;88,-40,-88;96,3,-2;110,19,45
rua||goncalves vieira|centro|28390000|14,-2096545,-4204102;19,-5,6;25,-2,-15;26,9,-4;31,-6,0;36,4,-13;46,1,-5;55,-14,-1;56,10,-13;64,-5,-5;72,4,-6;73,-6,0;79,-3,-10;85,-10,-16;88,20,12;94,-9,-12;97,-11,-3;104,6,1;105,-5,-15;112,5,5;121,-8,-14;122,-3,-3;132,4,-7;140,0,-2;143,-18,-3;159,0,-10;163,2,-17;175,5,-8
rua||goncalves vieira|otavio de avellar|28390000|59,-2096566,-4204386;232,-16,91;233,-1,-13;248,-5,-19;250,45,14;268,-18,-29;286,-12,-11;295,-1,-9;304,2,0;330,5,-27;336,1,-9;350,7,3;355,1,-19;360,1,5;365,8,6;367,-23,-12;370,16,-7;375,7,-5;380,-4,-6;384,0,-4;387,9,1;388,-3,-8;393,-4,-6;398,8,-1;405,-4,-9;414,20,1;415,-11,-8;420,-5,20
rua||guilhermina brethel de campos|olivia peres|28390000|5,-2097300,-4204245;6,12,5;13,-12,-3;14,2,-7;21,-5,-3;22,0,-7;29,1,1;37,-8,-12;38,2,-3;45,-11,-7;46,13,-1;54,-9,-8;70,0,-24;77,-19,-4;78,14,3;85,-19,-11;86,8,3;91,-13,27;93,4,-35;101,-1,-9;102,2,-2;117,-14,-11;118,4,-2;125,-11,-10;126,0,-3;130,0,-11;131,23,53
rua||helio vieira braz|olivia peres|28390000|5,-2097225,-4204318;6,-2,-3;13,-3,11;14,-2,-6;21,-7,10;22,-2,-11;29,0,6;30,-8,-2
rua||henrique luiz cortat|centro|28398000|1,-2082218,-4191086;2,3,-4;3,-11,3;4,-4,-21;5,-4,19;6,-11,-4;8,-5,13;10,11,35;11,-26,-45;12,-6,-4;13,-14,2;14,12,-1;16,-9,-3;18,-28,-17;20,-18,10;21,34,7;31,-2,-1;44,-12,-26;50,109,129
rua||horacio garcia teixeira|joao francisco braz|28390000|1,-2096726,-4203430;17,6,-165;41,7,16;49,-11,58;51,8,-18;54,-23,-47;55,24,32;93,-9,83;111,8,-128;114,-6,54;175,0,69
rua||humberto fratejane|centro|28398000|4,-2082157,-4190961;29,27,-1;50,2,1
rua||ilceia prevato rocha|joao francisco braz|28390000|62,-2097005,-4203922;67,16,7
rua||iracir paula de arantes|santo antonio|28390000|3,-2097184,-4204892;5,-11,-18;6,-61,-54;8,-3,6;9,46,31;10,-43,-37;11,33,29;12,-54,-32;14,-5,-8;15,47,31;16,-47,-39;17,36,32;18,-49,-39;19,39,30;20,-50,-36;21,43,32;22,-51,-38;23,42,31;24,-62,-35;27,38,21;31,-14,-10;33,-17,-7
rua||iucif salim assad|centro|28398000|9,-2082328,-4190965;33,7,16;60,-1,18;62,0,-31;74,-2,-47;76,-6,18;84,-1,-58
rua||ivan chein mansur|centro|28390000|26,-2096374,-4203970;43,-6,14;52,-3,-2;95,-15,48;135,-57,27;148,8,6;151,7,-1;163,-13,0;164,-3,8;173,0,5;176,-5,-4;182,-13,-6;188,1,21;200,1,-8;201,2,21;208,-12,-11;210,-6,14;211,9,6;220,-12,-9;221,-3,6;231,2,6;239,-6,13;243,-7,-12;246,-10,-2;255,-6,25;256,7,-25;267,-15,23;268,4,-5;272,-12,-10;278,16,17;282,-15,-3;283,5,14
rua||ivanir chein mansur|santo antonio|28390000|1,-2097247,-4205111;3,2,1;4,20,-7;5,-3,9;6,-2,-12;7,12,21;8,2,-26;9,-1,5;10,12,-4;11,19,21;12,-18,-19;13,-4,-3;14,16,5;15,-6,-8;16,12,-2;17,-4,0;18,0,-29;19,11,24;20,4,2;21,-3,1;22,5,-15;23,1,6;24,5,-13;25,3,1;26,-19,9;27,10,-20;28,-5,-12;29,16,16;31,13,-6;33,-3,-2;35,-29,-25
rua||ivo vieira|centro|28390000|8,-2096247,-4204334;20,10,7;21,7,-5;30,-3,-2;33,5,-4;37,17,16;38,-6,15;44,1,-15;54,15,0;64,6,-3;574,23,1
rua||joao antonio da costa|centro|28398000|1,-2082054,-4190475;7,16,-164;8,-5,-10;11,1,42;16,4,-20;45,-11,-28;51,-33,21;57,11,49;63,-2,-16;65,43,49;151,8,57;171,-14,-18;191,4,106;192,-5,-1;222,4,23;272,-24,50;302,-25,34;312,-11,6;482,30,-78
rua||joao antonio de avellar|olivia peres moreira|28390000|8,-2097137,-4204136
rua||joao batista navarro sanches|joao francisco braz|28390000|15,-2097096,-4203718;17,-2,-2;18,2,1;24,-2,-25
rua||joao chaves sobrinho|otavio de avellar|28390000|18,-2096601,-4204329;29,-14,13;37,-4,-14;42,-8,3;47,2,-2;52,-15,-1;59,5,0;62,-5,0;71,-7,-6;74,3,-2;76,-11,-8;88,-10,4;91,-14,-1;96,6,-5;101,-10,13;102,1,-10;108,-5,0;111,-2,6;112,-6,-7
rua||joao da silva guimaraes|boa vista|28390000|5,-2096920,-4204393;16,-111,-3;25,97,5;34,2,-8;41,-12,8;64,-27,-4;73,-4,1;94,-16,2;97,11,-2;123,-38,-1;135,-9,1;165,-34,10;177,7,-4;179,-6,-1;200,-28,-9
rua||joao francisco bras|boa vista|28390000|686,-2096881,-4204094;698,-6,2;708,-16,8;718,-9,-7;726,-15,0;740,-3,8;752,-9,1;758,-7,1;774,-13,9;778,-1,-3;794,-22,-14;804,-17,9
rua||joao francisco bras|centro|28390000|578,-2096758,-4204093;594,-6,-16;598,-17,-1
rua||joao francisco braz|barra|28390000|207,-2097649,-4203582;1545,230,-67;1721,-254,-47;1741,-17,-8;1771,-18,-7;1807,-161,-95;1915,-34,-14;1991,0,-8;2003,-42,4;2043,-160,-122;2045,-140,-68;2049,-22,-10;2051,-23,-12;2068,4,1;2079,472,267;2081,-9,-17;2118,-505,-256;2162,-42,-6;13313,464,216
rua||joao francisco braz|boa vista|28390000|822,-2097002,-4204069;834,-10,9;850,-18,6
rua||joao francisco braz|centro|28390000|10,-2096312,-4203855;12,-4,-5;14,-4,-4;25,12,21;32,-25,-36;45,12,8;51,11,20;68,-28,-32;78,-11,1;88,-10,-9;95,-11,-19;98,1,9;119,-23,-33;181,-50,-39;191,-4,-2;250,-8,-19;286,-57,-62;287,-11,32;297,7,-35;304,-4,4;312,-11,-14;347,-15,-19;357,-12,3;358,3,-3;367,-10,-4;368,-6,-2;378,-10,-7;396,-10,0;409,-8,-3;416,-11,-7;450,-227,167;460,-50,-144;466,234,-39;472,-254,51;476,292,-32;478,-46,-20;488,-16,1;502,-246,51;504,-16,10;512,-2,-10;518,245,-56;536,-23,10;695,-145,34;753,-58,3;803,-34,15;817,-61,6;819,37,-1;821,-47,-2;850,5,4;859,14,9
rua||joao jose coutinho|centro|28390000|16,-2096597,-4204036;20,2,-1;34,-2,14;44,-14,11;54,-4,11;58,0,-7;60,-5,8;74,-9,3;80,-1,2
rua||joao jose folly|centro|28390000|8,-2096219,-4204533;19,8,-4;22,5,2;29,3,-7;30,2,-6;38,9,5;39,12,9;42,-7,-8;61,17,-4;65,-11,4
rua||joao sanches|nossa senhora da penha|28390000|1,-2096120,-4205110;3,-6,3;22,8,-14;24,3,17;30,-10,-22;36,-9,-3;47,2,-20;49,1,1;50,3,32;51,1,-31;55,-16,25;58,10,-28;131,21,39;139,-25,-1;179,12,-8
rua||joao valentim|fazenda algodao|28390000|220,-2096052,-4205297
rua||joao valentin|nossa senhora da penha|28390000|7,-2096084,-4205132;8,-11,18;10,1,-17;13,-4,0;27,-6,-1;30,17,-3;35,-9,-11;38,2,2;44,-2,4;46,7,-25;47,-20,27;49,7,-19;50,7,1;53,-12,-14;55,-2,1
rua||joaquim f dos santos|santo antonio|28390000|1,-2097048,-4204971;3,-72,-138;5,96,119;7,4,-8;9,4,-4;11,6,-10;13,7,-12
rua||joaquim ferraz|joao francisco braz|28390000|2,-2096728,-4203422;16,11,6;35,12,-5;66,73,44;70,25,14;86,-24,-8;87,-60,-36;89,-13,-4;105,128,68
rua||joaquim monteiro de castro|joao francisco braz|28390000|3,-2096577,-4203543;17,51,-103;37,-51,101;39,0,1;43,-5,6;47,-4,10;60,-74,140;64,106,-213;65,-94,197;68,29,41;73,73,-265;74,-8,29;77,-35,85;115,-80,167;118,58,-151;125,-63,150;157,54,-103;160,-3,-1;162,-13,-2;169,3,12;174,-5,-2;180,4,8;181,-11,17;315,-25,84
rua||jorge barros da fonseca|joao francisco braz|28390000|6,-2097143,-4203656;18,-6,-54
rua||jorge calzolari|ilha|28390000|1,-2096845,-4203866;2,-6,4;3,5,3;4,-6,8;5,-4,6;6,5,-9;7,-5,11;8,-4,-1;9,5,-3;10,-9,15;11,0,3;12,-2,-1;13,-2,12;14,1,-8;15,-7,19;16,2,-10;17,-11,14;18,11,-10;19,-6,12;20,1,-2;22,-6,6;24,-3,1;26,-5,8;28,-10,8;30,13,8;32,-10,1;34,-3,5;36,2,9;38,-11,-1;40,-1,6;42,-3,12
rua||jorge simoes da silva|boa vista|28390000|36,-2097097,-4204323
rua||jorino a p muruci|centro|28398000|21,-2082296,-4190993;34,-6,93;48,-13,14
rua||jose alves porto|vale do sol|28390000|6,-2097106,-4204535;10,-15,-24;13,-11,2;15,-2,-24;16,-5,-2;17,-7,-1;19,-6,-18;23,-17,-29;25,-13,-11;26,14,-3;29,-22,-19;30,7,2;31,-17,-17;32,19,3;35,-25,-13;39,-11,-33;43,-18,-16;45,1,-11;47,-12,-14
rua||jose candido moreira|ilha|28390000|1,-2096888,-4203686;2,29,12;3,-38,-6;4,29,12;5,-45,-21;6,39,17;7,-30,-7;8,23,7;9,-17,0;10,8,6;11,-20,1;12,21,-14;13,-27,-5;14,19,3;15,-32,-6;16,24,4;17,-36,-8;18,22,21;19,-23,-12;20,29,-1;21,28,5;22,-45,-12;24,5,1;26,-13,2;28,-8,-4;30,-1,-1;32,-8,-2
rua||jose francisco de abreu|aviacao|28390000|9,-2095899,-4203760;10,-31,-10;11,57,53;13,-12,-20;15,5,9;17,1,8;19,13,11;24,21,39;25,-2,-6;27,1,4;29,7,2;35,19,36;37,19,22;47,131,79;73,93,79;210,-349,-330;222,5,2;226,-9,-16;280,2,20
rua||jose gomes pardal|boa vista|28390000|81,-2097000,-4204473;87,-17,4;101,-9,-3;102,-2,-7;116,-11,8;130,-15,0;131,1,2;150,-16,-3;151,-3,13;170,-9,-7;231,-69,16;245,2,-2;250,-6,-9;417,195,-11
rua||jose gomes ribeiro|ilha|28390000|1,-2096816,-4203733;3,-18,0;4,20,-1;5,-27,1;6,17,2;7,-22,-7;8,19,5;10,-8,-3;12,-6,-5;14,-4,1
rua||jose monteiro da silva|boa vista|28390000|6,-2096916,-4204477;18,24,-5;79,23,-22;115,36,-10;127,14,-3;139,8,-5;141,9,0;147,-81,44
rua||jose monteiro da silva|otavio de avelar|28390000|140,-2096812,-4204512
rua||jose noe de rezende|centro|28390000|53,-2096483,-4203588;55,-6,17;65,-4,7;69,-5,9;79,-4,14;89,-5,11;101,-14,31;113,-12,18
rua||jose noe de rezende|joao francisco braz|28390000|2,-2096460,-4203633;6,-9,35;7,18,-53;9,-2,6;10,1,4;13,-10,2;22,10,17;24,-15,12;25,-2,3;27,-1,-3;32,-3,5;58,-19,30;82,-6,-1;88,-20,57;92,-6,15;102,3,2;112,-10,3;135,-19,47;136,-2,0;147,-1,13;150,-7,5;151,-2,-1;159,0,12;171,-7,11;174,-13,16;183,8,-4;185,-15,20;187,-1,6;188,6,-10;190,-12,12;195,4,11
rua||jose nogueira lopes|olivia peres|28390000|6,-2097271,-4204408;13,2,12;21,-11,4;22,0,-6;29,-11,14;30,2,-12;37,-6,12
rua||jose silvestre da silva|brauna|28390000|1,-2097100,-4204922;3,-12,9;5,-15,1;7,3,1
rua||jose thomaz de porciuncula|ilha|28390000|1,-2096877,-4203871;2,-6,9;3,1,0;4,-3,-4;5,5,5;6,-6,-8;7,-6,15;8,2,-3;9,4,11;10,-15,-6;11,6,20;12,3,4;13,-10,-12;14,-11,8;15,13,-2;16,-38,59;17,40,-50;18,-12,8;19,1,-9;20,-8,14;21,5,-2;22,-5,7;23,2,-2;24,-4,4;25,2,13;26,-6,1;27,-1,-4;28,-4,9;29,3,-2;30,-7,8;31,7,-5;32,-7,4;33,3,-1;34,-11,4;35,10,4;36,-5,1;37,-1,8;38,-5,7;39,-1,-2;40,-2,10;41,-3,-6;42,-2,2
rua||leila daniel de castro|ilha|28390000|1,-2096750,-4203855;2,-102,190;3,99,-199;5,0,-6;7,-10,-3;9,-3,4;11,-3,-12;13,-5,3;15,-4,-4;17,-14,0;19,-1,4;21,-6,-3;23,-7,-5;25,-8,2;27,-8,-1;29,-4,0;31,-5,-2;33,-10,-21;35,-11,25;37,-12,-1;39,-2,-11;41,-13,1;43,-9,2;44,18,-12;45,-44,27;47,-16,0;49,11,5;51,-1,18;53,-6,-3;55,-7,7;57,-4,5;59,-5,11;61,-11,2;63,-6,7;65,-1,11;67,1,-2;69,-6,6;71,6,6;73,-5,14;75,-15,17;77,10,-16;81,-5,15;83,-14,12;85,15,40;87,-2,5;89,-1,12;91,-1,7;93,13,15;95,1,9;97,0,-1;99,17,28;101,2,1;103,14,-9;105,-3,0;107,11,13;109,2,-1;111,8,0;113,7,0;115,5,3;117,6,10;119,15,-15;121,6,-25;123,33,-10;129,27,-24;131,5,-12;133,7,-2;135,23,-3;137,-15,-10;139,7,-11;141,9,-11;143,10,-10;145,0,-5;147,5,-10;149,11,1;151,8,-16;153,-1,-12;155,4,0;157,3,-7;159,10,-23;161,0,1;163,-9,-21
rua||leonidas jeovani leal|centro|28398000|5,-2082160,-4191001;19,28,3;23,9,-8;27,9,10;95,28,-3
rua||lizandro alves de almeida rosa|joao francisco braz|28390000|40,-2096501,-4203616;41,12,14;48,-14,-9;58,3,4;78,41,27;88,3,-5
rua||ludogerio miranda|centro|28396000|2,-2093226,-4195720
rua||luiz cerbino da conceicao|boa vista|28390000|5,-2097260,-4204484;7,253,-45;35,-1,-9;39,4,3;57,-18,10;81,-23,6;93,-5,3;105,-17,6;117,-5,-3;141,-42,5;165,-2,1;177,-14,7;189,0,-9;201,-16,6;213,-22,8;225,2,-5;249,-25,3;485,203,-46
rua||luiz cerbino da conceicao|olivia peres moreira|28390000|34,-2097298,-4204464;46,-5,6;58,-15,8;66,-7,1;74,-14,0;90,-16,-2;98,-1,23;106,-18,2;114,-2,8;122,-13,-6;130,-7,8;146,-12,-10;154,-9,20;162,-9,0;166,-3,9
rua||luiz cerbino da conceicao|vale do sol|28390000|1,-2097059,-4204521;2,52,-17;3,-55,18;6,44,-11;10,-111,27;12,-30,5;14,-105,29;16,-14,-8;18,2,12;19,41,-22;21,11,-4
rua||luzia queiroz pralon|santo antonio|28390000|50,-2097398,-4205282;51,-8,3
rua||manoel antero da fonseca neto|brauna|28390000|1,-2097128,-4204898;3,-6,-7;5,-3,-6;7,0,-8;9,0,-1;11,-9,-13;13,-9,-10
rua||manoel b silva|santo antonio|28390000|1,-2097113,-4205076;2,5,7;3,-7,-13;4,7,2;5,0,1;6,2,-7;7,-3,9;8,6,-15;9,-4,-5;10,8,-1;11,-7,8;12,13,-9;13,-5,-11;14,11,3;15,-7,-19;16,7,6;17,8,-10;18,-9,0;19,1,-16;20,9,10;33,2,-6;34,5,-4;35,0,-11;36,6,-5;37,15,15;38,-20,-17;39,18,-6;40,-22,29;41,11,-38;42,8,7;43,15,11;44,-100,-106;45,16,50;46,76,33;47,-76,-49;48,86,47
rua||manoel braz|olivia peres|28390000|5,-2097253,-4204369;13,-1,10;14,-2,5;18,-14,13;21,17,-9;22,-8,2;29,-2,5;30,-10,0
rua||manoel freitas|santo antonio|28390000|1,-2097299,-4205194;2,-1,8;3,131,125;4,-123,-135;5,6,-2;6,-5,1;7,12,-10;8,-1,11;9,9,-14;10,-6,-8;11,23,14;12,-20,-18;13,10,0;14,5,14;15,10,-20;16,0,15;17,-9,-22;18,14,17;19,6,-14;20,-1,4;21,-5,-17;22,0,1;23,16,5;24,4,0;25,3,-13;26,13,31;27,-16,-43;28,-2,13;29,21,0;30,-10,1;31,18,-2;32,-9,0;33,9,-7;34,-3,6;35,7,-17;36,6,13
rua||manoel rodrigues lages|santo antonio|28390000|26,-2097336,-4205029;27,2,-9;35,20,-37;60,-1,-1;135,-50,89
rua||maria augusta paes barreto coutinho|boa vista|28390000|2,-2096906,-4204296
rua||mariana rosa da aparecida|aviacao|28390000|17,-2095530,-4203665
rua||martiniano alves ribeiro|joao francisco braz|28390000|7,-2096739,-4203601;17,-1,4;27,-3,15;36,-5,14;37,4,-6;48,-3,26;57,5,-6;67,-4,14;72,-14,26;77,17,-22;82,-6,33;87,8,-17;92,-7,27;97,5,-21;102,-8,33;107,5,-27;112,-6,33;117,15,-24;122,-13,36;127,6,-28;132,-7,35;142,5,-1;152,-2,23;161,3,-13;162,-3,18;171,6,-13;172,-8,28;181,3,-13;182,1,16;191,-5,-3;192,2,23;201,3,-24;202,-4,25;211,1,-8;212,1,22;221,3,-20;222,-15,26;231,9,-10;232,0,23;241,5,-17;242,-11,27;251,11,-20;252,-8,32;261,2,-21;262,-6,30;271,6,-28;276,-1,50;281,2,-24;286,-2,14;291,7,-5;296,-16,18;301,15,-14
rua||maura tannus 1|otavio de avellar|28390000|20,-2096598,-4204388;26,-10,1;36,-4,8;37,-31,-8;38,-7,-6;86,-6,-3;96,0,-4;116,-30,-5
rua||maura tannus 2|otavio de avellar|28390000|2,-2096687,-4204402;29,88,19;43,-11,1;61,-20,-4;71,-5,-3;79,-16,2;91,-3,-5;101,-13,-5;111,-7,-2
rua||miguel hetim|otavio de avellar|28390000|31,-2096661,-4204435;33,-3,-1;42,6,9;47,1,-17;51,-2,-1;66,6,0;79,-12,12
rua||nagib dair|joao cloves brejao|28390000|23,-2096229,-4203647;26,-7,-8;32,5,-4;56,13,-7;62,5,-14;74,6,-6;75,-3,-12;76,-7,28;86,10,-23;260,-10,7;330,-13,29;350,3,-20;541,-7,46
rua||neuza siqueira arantes|joao francisco braz|28390000|101,-2097061,-4203789;102,-2,-5;201,-3,8;202,-7,7
rua||nilton correa da silva|santo antonio|28390000|4,-2097205,-4204985;6,-8,-3;7,22,20;8,-29,-29;9,-16,-12;10,9,4;11,-23,-9;12,13,6;13,-21,-7;14,16,3;15,-18,-14;16,8,11;17,-18,-13;18,14,16;19,-27,-24;20,17,9;21,-26,-13;24,12,0;30,-27,-13;32,-3,-2;51,-60,-63;52,4,-20;53,-12,-2;54,5,-12;56,2,1;58,-6,1;59,-15,-39;60,23,51;61,-18,-54;62,18,58;63,-31,-73;64,16,27;65,-23,-42;68,16,13;69,-16,-36;70,8,27;71,-5,-30;72,2,23;74,-3,-14;76,0,-2;78,-3,-9;80,-8,-8
rua||olavo lobo de resende|nossa senhora da penha|28390000|19,-2096175,-4205096;73,3,-34;81,-16,45;175,0,-3;180,16,-4;186,-3,-9;194,-2,-6;200,12,-14;202,2,-9;208,-13,0;210,-3,-8;212,9,2;218,2,-18;219,12,-4;230,14,16;235,-5,-7;245,1,5;280,-9,-19
rua||olivia de souza pinto|ilha|28390000|1,-2096799,-4203765;2,10,8;3,-11,-10;4,6,7;5,-20,-2;6,8,-3;7,-7,-5;8,5,1;9,-15,-2;10,7,2;11,-8,-9;12,0,5;13,-10,-11;14,7,15;15,-12,-8;16,4,1;18,-7,0;20,-6,-1;22,-9,1;24,-4,-2;77,73,22
rua||paulo fernando giarola|santo antonio|28390000|50,-2097348,-4205120;1293,19,-13
rua||paulo gustavo vieira machado|vale verde|28390000|1,-2095839,-4203233;2,-3,-5;3,-10,12;4,2,-2;5,-42,53;7,25,-35;8,4,-2;9,-10,11;10,1,-1;12,-7,6;13,-12,18;15,-6,8;710,72,-85
rua||pedro de oliveira|centro|28398000|1,-2082196,-4191172;2,5,36;3,-9,12;4,0,-8;7,3,0;8,6,-116;11,-19,100;12,14,-11;13,5,4;14,-2,-16;15,2,11;17,4,-17;18,-17,-4;20,12,-22;23,-17,18;26,15,-34;28,1,-7;29,-6,6;32,6,-17
rua||pedro lopes de oliveira|boa vista|28390000|280,-2096884,-4204348;282,2,-9;284,-9,-15;298,-5,-10;312,-4,-6;314,-13,-42;326,15,25;336,-4,-4;343,-12,-3;365,-2,-24;374,0,-8;417,-19,-25;447,-10,-29;461,-1,-10;465,-20,-25;470,11,1;471,-14,-10;480,5,5;490,0,-10;499,-1,-16;500,2,12;520,-20,-24;580,-18,-39;596,5,12;610,6,11;613,-23,-37;640,-19,-42;682,-19,-22;690,24,44;700,-28,-62;720,-12,-8;740,-10,-23
rua||pedro lopes de oliveira|brauna|28390000|116,-2097138,-4204840;770,-8,-14;790,-16,-16;844,12,-13;850,-4,-6;880,-9,-4;890,2,-5;950,-4,2
rua||pedro lopes de oliveira|centro|28390000|26,-2096812,-4204130;30,-10,-6;36,19,-22;40,-5,-17;80,-15,-8;84,10,-6;100,-15,-16;101,-12,-29;118,16,20;136,4,-22;150,-19,-4;184,-5,-41;190,-7,-6;192,-1,-7;201,34,97
rua||pedro lopes de oliveira|vale do sol|28390000|559,-2097008,-4204597;561,-1,-1;571,-5,3;585,-7,-23;595,-1,-11;609,-15,-27;625,-7,-13;637,-4,-6;649,1,-10;661,-13,-14;673,-5,-3;685,2,-16;711,-45,-53;731,27,-1;741,-12,9;749,-12,-11;805,-21,-58;817,-20,-12;829,-3,-6;843,-15,-35;847,8,13
rua||pedro pereira dias|centro|28396000|7,-2093073,-4195695
rua||pedro pinheiro|centro|28398000|1,-2082256,-4191078;2,-1,14;3,2,-4;4,-2,5;11,-1,29
rua||possaves rodrigues|santo antonio|28390000|19,-2097089,-4205148;20,-13,-5;32,-90,64;33,162,7;34,-36,-61;40,-63,-33;42,-6,-10;44,-6,-2;46,-4,-12;48,-1,-4;50,4,-10;52,-10,-5;53,-1,-1;54,3,-6;56,-5,-9;58,-8,0;60,-1,-6;62,0,-16;63,-23,-2;64,12,5;65,-5,-5;66,0,-27;68,1,20;70,-8,-8;72,0,-14;74,-10,-2;76,-3,-9
rua||praca|fazenda da fruteira|28390000|5,-2096014,-4204028
rua||projetada a|aviacao|28390000|51,-2096105,-4203658
rua||projetada a|centro|28390000|9,-2082425,-4191405;10,3,-9;350,57,-11;360,-4,-3
rua||projetada a|centro|28398000|180,-2082365,-4191367
rua||projetada jamil roma volpato|nossa senhora da penha|28390000|41,-2096319,-4205042;50,0,-9;60,-11,-11;61,-2,8;81,-13,-12;91,-15,-24;92,16,12
rua||projetada|centro|28390000|12,-2081936,-4190742;21,-69,35
rua||projetada|centro|28398000|1,-2082048,-4190843;11,4,-160;17,74,55;21,-27,51;22,-12,199;32,6,-1;41,13,-46;61,55,-243;62,-56,108;71,-2,-59;81,26,130;82,10,71;92,13,16;101,-108,-134;111,30,-9;131,33,-19;141,-28,26;151,38,-74;161,-62,137;191,-1,79
rua||projeta|centro|28398000|17,-2081966,-4190937;22,-66,-87;32,16,26;81,37,155;111,-8,-27;131,6,-3;141,-8,-23;151,18,-40;331,80,14;342,16,1;352,4,26;372,10,-2
rua||queiroz hassim|joao francisco braz|28390000|58,-2096567,-4203484;59,-12,-9;98,-124,-16;105,64,3;145,-55,-5;147,-2,-3;153,-4,0
rua||ricardo rocha cardoso|joao cloves brejao|28390000|14,-2096277,-4203640;26,2,-20;32,22,-20;37,-8,-5;44,-4,11;47,9,-7;56,9,-11;59,-34,12;74,41,-28;225,-8,13;260,3,-8
rua||salomao guimaraes reis|santo antonio|28390000|8,-2097076,-4205028;10,-11,-16;12,1,-6;13,-2,-3;14,2,-1;15,30,-51;16,-26,45;17,3,-16;18,6,12;19,-5,-9;20,4,-1;21,3,-8;22,6,8;23,-4,-13;24,5,2;25,0,-68;26,-20,68;27,25,-18;28,7,4;29,-7,-10;30,2,7;31,-5,0;32,6,-5;33,14,-27;34,1,7;35,0,-17;36,4,10;37,-3,-14;38,-8,6;39,14,0;40,4,-6;41,-2,8;42,0,-17;43,8,-13;44,0,6;45,0,6;46,7,-9;47,-12,-24;48,21,3
rua||schuwartz vieira|centro|28390000|5,-2096324,-4203828;7,2,-11;12,8,20;24,7,-18;52,12,-5;53,0,-13;54,7,2;59,-2,-19;64,4,12;73,16,-20;74,-7,13;80,93,-452;95,-44,273;96,-37,168;112,24,-49;117,-18,9;128,11,13;154,-4,6;168,20,-58;196,2,-16;216,16,-9;232,-6,-24;248,9,-20;270,4,-9;288,1,-20;292,0,12;298,-4,-20;308,8,-9;340,2,-30;346,-1,-16;347,3,-7;366,1,-1;382,7,-14;389,2,-19;400,0,5;403,-2,-11;404,-1,-1;407,-4,-14;409,3,13;413,9,-29;414,-4,16;432,1,-7;442,0,-11;445,6,-6;472,5,-34;492,-1,-4;495,-13,-6;498,18,4;510,-6,-22;511,-6,-5;525,-3,0;531,8,-16;539,-4,-5;558,16,-29
rua||sebastiana de carvalho fraga|joao francisco braz|28390000|34,-2097082,-4203814;40,17,-30;60,57,-68
rua||sebastiao andrade pralon|sao joao batista|28390000|1,-2096458,-4204378;2,-19,12;3,41,-10;5,-12,-3;7,67,-18;11,-73,20;15,67,-26;33,2,-1;36,3,10;46,-29,2;48,1,-6;56,24,0;67,-96,32;68,53,-31;70,15,21;78,-22,-18;85,6,9;88,-9,-6;98,-12,1;99,-6,2;110,-1,2;115,-15,-11;120,1,8;127,-12,-8;130,7,-9;140,-14,18;145,4,-3;152,-7,-2;155,-12,-1;162,9,-5;172,-11,14;173,-6,3;175,3,14;180,-28,-13;192,22,12;197,9,11;202,-12,-2;212,17,4;221,-9,5;222,8,9;232,2,1;242,9,21;245,8,-15;252,25,-12;261,-36,8;262,24,2;272,19,-5;273,-8,-1;282,5,1;287,1,2;289,4,-5;292,3,2;297,10,-6;299,-1,-24;300,-6,30;322,29,-5;332,2,-8;342,5,-7;351,17,-5;352,-7,-7;368,8,-5;376,-9,-6;746,-42,10
rua||sebastiao ferreira batista|joao francisco braz|28390000|17,-2096615,-4203618;21,9,7;35,3,17;43,5,-2
rua||sebastiao m de castro|ilha|28390000|1,-2096776,-4203798;2,20,10;3,-27,-11;4,4,17;5,-9,-18;6,11,0;7,-19,-3;8,12,4;9,-19,-3;10,26,2;11,-33,-10;12,15,12;13,-19,-8;14,6,1;15,-12,-1;16,13,-1;17,-26,1;18,14,-1;19,-19,-5;20,20,5;21,-27,-3;22,14,-3;23,-21,-1;24,16,-1;26,-6,3;28,-2,-2;149,70,13
rua||sebastiao rodrigues franca|centro|28390000|449,-2096467,-4204140;450,6,6;457,-7,-1;458,2,-1;470,-36,-46;471,16,37;481,12,7;484,-10,-14;488,12,-11;498,-18,-4;510,0,-7;514,-10,-1;523,16,-19;531,-43,-6;539,9,7;549,22,-51;560,-31,41;561,-4,-6;570,-4,-4;571,-3,2;573,-33,-43;582,29,40;585,-8,-6;588,4,-3;600,-14,3;610,-2,-18;620,-1,-11
rua||sebastiao tupini machado|joao francisco braz|28390000|5,-2097047,-4203634;7,-12,-3;82,-26,1;84,-16,6;86,-4,-10
rua||sem denominacao|aviacao|28390000|7,-2095618,-4203575
rua||sem denominacao|centro|28390000|2,-2081988,-4190632;11,-27,-219;12,20,184;21,-30,-277;31,51,266;32,-158,-254;41,109,30;51,65,220;58,-327,-549;59,5,-13;61,295,452;62,30,115;72,-33,-115;122,-17,-34;131,-3,6;172,-4,25;201,15,24
rua||sem denominacao|centro|28398000|1,-2082350,-4190884;11,175,-123;26,-178,155;45,46,-5;47,3,3;49,6,12;51,-80,-85;59,-48,-20;67,-10,3;75,-8,2;83,-1,5;91,-8,-4;99,-1,5;107,-7,7;115,-8,1;123,-12,1;130,-14,-19;133,8,17;141,-11,6;146,-5,-25;149,0,26;154,-8,-21;157,0,26;162,-4,-27;165,-1,26;170,-5,-19;173,-3,24;178,-6,-29;181,-5,27;189,-2,-2;194,0,-25;197,-8,25;205,-5,-2;213,-3,-5
rua||sem denominacao|joao francisco braz|28390000|10,-2096662,-4203311;91,-22,6
rua||sem denominacao|vale do sol|28390000|54,-2097415,-4204559;66,-7,-14;75,49,-29;160,-46,147;306,-43,-38
rua||sergio luiz pecanha|olivia peres|28390000|5,-2097338,-4204293;13,0,6;20,-2,-17;25,-5,16;26,-7,-11
rua||silvio henrique da cunha|centro|28390000|8,-2096346,-4204412;34,-27,-18;44,-3,1;92,-38,-22;102,-15,-5;112,-3,-2;120,-1,-1;130,-19,-1;142,-12,-21;144,7,-45;152,-1,52;160,-2,-8;174,-17,-16;183,120,84;184,-125,-76;190,-10,-4;200,-7,-1;214,-11,-8;220,-4,-9;228,-9,7;240,-2,-14;246,-11,-4;268,-14,-13;282,-14,4;292,-6,-6;302,-12,-6;312,-4,0;322,-17,-9;332,-2,2;342,0,-14;346,-3,-7;354,-5,5;364,2,5;380,-35,-10
rua||silvio henrique da cunha|otavio de avellar|28390000|33,-2096381,-4204408;41,6,-23;47,-9,12;55,2,-19;77,-27,4;83,-5,-4;95,-11,-3;105,-3,2;111,-2,-14;117,-12,4;139,-11,-10;147,-11,-4;157,-6,-1;169,-11,1;177,-3,-10;187,-18,5;193,-7,-11;201,-3,-8;217,-8,-9
rua||sylvio henriques da cunha|otavio de avellar|28390000|237,-2096533,-4204497;249,-10,-7;277,-20,-15;281,1,15;293,-11,-24;315,-29,3;329,-15,-8;349,-3,-17
rua||tancredo rosa ladeira|centro|28396000|1,-2092962,-4195456;2,60,20;3,-63,-20;4,15,5
rua||teixeira de rezende|centro|28398000|4,-2082215,-4191006;6,-24,-5
rua||vale do sol|olivia peres|28390000|13,-2097353,-4204392;20,-2,-5;35,81,-52;47,-23,-2;57,-15,5;97,-52,23;99,5,25;101,9,8;105,-22,-28;115,76,-31;125,-93,30;135,-8,13;145,-13,0;155,2,8;159,3,0
rua||wallace jesus friaca|vale do sol|28390000|1,-2097126,-4204554;2,-5,-2;3,2,6;5,-23,5;6,-27,9;9,13,-8;10,5,0;14,-13,0;19,-52,16;21,-2,-2;25,-26,12;28,110,-27;29,-151,47;45,135,-59;81,-24,22;93,-13,-4
rua||walter de mello vieira|olivia peres moreira|28390000|61,-2097136,-4204087;69,1,-9;70,5,14;77,-15,-19;85,-2,-12;93,-3,-3;101,-3,-17;109,-8,-7;110,11,-1;117,-15,-20;118,15,18;125,-18,-12;126,15,2;133,-16,-5;134,7,-13;141,-10,3;142,6,-6;149,-11,-8;150,2,1;157,-9,-13;158,7,2;165,-14,-16;166,10,5;173,2,-6;174,-5,1;181,-7,-7
sitio||bom jardim|bom jardim|28398000|7,-2082306,-4191756
sitio||gameleira marks aurelio|rj 230|28396000|3,-2090943,-4195822
travessa||eponina navarro sanches|nossa senhora da penha|28390000|1,-2096163,-4205098;3,12,6;5,-4,-19;6,6,4;9,4,-3;11,15,-2;18,-3,4;128,-30,8
travessa||sem denominacao|joao francisco braz|28390000|151,-2096730,-4203466
