acesso||rua d|paraiso|27536015|56,-2245524,-4442706;75,3,7;85,5,22;86,-12,1;95,13,5;106,-5,6
avenida||dois|vila isabel|27525542|112,-2247323,-4450258;130,34,94;138,-1,-13;146,-1,-7;154,-2,-4;162,-5,-12;170,0,0;178,-7,-10;186,1,-7;194,-2,-5;202,-7,-5;210,-2,-10;218,-4,-7;226,-1,-6;262,-14,-30;270,-2,-10;278,-4,-6;286,-1,-5
avenida||d|jardim alianca ii|27525822|597,-2248821,-4450684;609,-9,0
avenida||d|jardim alianca ii|27525825|11,-2248350,-4450826;19,-261,72;24,-303,104;34,619,-194;50,-18,2;58,0,3;90,-32,17;106,-19,-1;114,-2,-3;122,-3,8;146,-26,5;170,-24,0;178,-248,88;186,239,-81;187,-143,56;194,129,-53;202,-4,3;210,-5,0;218,-5,-4;226,-11,9;234,-2,1;242,-9,1;250,-13,6;286,-22,15;294,-9,-7;302,-10,3;310,-5,-1;315,-17,9;318,10,-4;325,-8,17;326,6,-15;334,-14,2;342,-13,2;350,4,0;366,-16,8;374,1,-5;382,-15,2;390,2,4;406,-27,10;414,-6,3;422,-4,-6;430,-9,6;438,-3,4;446,-6,1;454,-3,-2;470,-21,9;486,-12,1;540,-12,7;555,-74,31;556,61,-31;557,-71,34;572,57,-27;580,-3,-4;604,-28,10;612,-7,2;620,-7,3;628,-8,5;636,-21,5;644,8,-6;662,-2,-1;668,-25,15;676,3,-4;684,-12,-3;692,-1,15;700,-9,-6;708,-11,7;716,0,-5;748,-32,13;750,3,1;756,-8,2;758,2,0;764,-11,-1;772,0,2;780,-12,2;788,-2,-2;796,-13,5;804,-9,6;812,-7,0;820,-6,3;828,-9,4;836,0,-2;860,-28,7;867,-85,33;868,79,-35;869,-78,37;876,74,-35;890,-10,9;892,2,-6;904,-13,14;918,-11,-4;920,-5,0;921,-89,36;958,54,-27;960,-10,2;974,-2,3;978,-7,0;988,-3,4;1002,-9,4;1008,-11,6;1016,-3,3;1022,-2,0;1026,-12,3;1030,-6,-2;1038,-9,1;1044,-6,1;1058,-5,2;1062,-4,4;1072,-10,-3;1076,-2,1;1086,-11,9
avenida||d|jardim alianca ii|27525849|825,-2249018,-4450624
avenida||d|jardim alianca|27534100|23,-2248283,-4450842;31,-12,4;47,-10,3;55,-10,2
avenida||fausto barbosa diniz|nova resende|27521754|170,-2248517,-4449315;250,38,12;260,-13,-4;270,-10,-4;280,-21,10;300,55,11;310,13,2;359,60,0;363,13,2;365,3,-2;367,12,6;371,5,5
avenida||marcilio dias|jardim jalisco|27510080|10,-2246695,-4445297;18,1,-19;26,16,-2;32,-4,-13;56,-5,-6;58,8,-13;149,18,-72;155,32,-16;165,19,4;183,-21,-39;256,40,-43;265,-49,-48;345,82,-35;381,4,-25;385,-11,-19;417,13,-7;435,-1,-18;465,-9,-41;468,46,27;501,-4,-40;550,52,-84;551,-43,54;563,11,-5;577,1,-35;589,7,-15;593,2,1;595,-3,9;655,46,-61;673,17,26
avenida||marcilio dias|vila liberdade|27510080|1188,-2246222,-4446396;1203,-15,15;1211,-1,-7;1221,5,-5;1231,2,-11;1239,3,-8;1253,5,-9;1259,3,-13;1265,4,-7;1279,7,-8;1285,9,-9;1295,-6,-3;1301,2,-6;1311,11,-9;1325,5,-17;1337,4,-8;1345,1,-9;1351,1,-2;1371,3,-10
avenida||marcilio dias|vila nova liberdade|27510080|264,-2246319,-4446176;800,-57,141;900,18,-29;927,6,-57;935,11,-16;936,-3,7;937,21,-19;941,-20,1;947,3,-5;950,28,11;951,-26,-13;960,14,-6;962,1,-3;981,-8,-12;991,3,-10;1032,28,-34;1033,-10,7;1043,5,-22;1046,13,5;1060,-2,-14;1069,1,-10;1070,10,-10;1077,-5,15;1081,4,-34;1086,4,14;1100,4,-12;1115,2,-16;1122,8,-2;1124,2,-2;1130,2,-9;1131,-5,5;1140,13,-17;1141,-11,-2;1147,5,-14;1150,6,17
beco||dois|alto dos passos|27514090|127,-2247385,-4444808
beco||dois|alto dos passos|27514200|2,-2247326,-4444759
beco||dois|morro do batista|27511026|26,-2247405,-4444550;28,28,-41
beco||dois|vila nova liberdade|27510180|140,-2246298,-4446606;141,-1,-2;142,5,-8;143,-12,6;144,-2,-2;145,-2,1;146,-10,-9;147,0,-1;148,-6,-7;149,3,8;151,-2,-3
beco||sem denominacao dois|morro do machado|27511010|17,-2247569,-4444177
beco||sem denominacao|novo surubi|27512060|31,-2247093,-4444176
beco||sem denominacao|vila julieta|27521121|14,-2247192,-4446597;15,-6,-3;26,5,-5;813,-5,8
beco||sem denominacao|vila nova liberdade|27510120|140,-2246540,-4446385
escada||dois|alto dos passos|27514200|51,-2247263,-4444779;55,2,8
escada||dois|vicentina|27513170|28,-2248127,-4444718;101,19,14
escada||dois|vicentina|27513230|29,-2248119,-4444707;32,3,-1;40,17,-5;95,2,-1
estrada|presidente|dutra|granja minas gerais|27511971|330,-2246042,-4439324
margem||da rodovia presidente dutra|sao caetano|27532240|309,-2246283,-4448243;1440,53,187;1550,-55,-191;1660,-22,-91;1728,41,180;1830,-79,-289;1998,34,-10;2214,-148,-403
rodovia|presidente|dutra|alambari|27536000|142,-2246120,-4444357;280,-10,-39;306,-34,-140
rodovia|presidente|dutra|eng passos|27555000|1,-2250104,-4467055;3,-492,-1013;8,-217,-1944;332,-63,1395;333,-11,-940;336,142,-503
rodovia|presidente|dutra|engenheiro passos|27537000|1,-2250383,-4467407;2,-3,4;330,105,326
rodovia|presidente|dutra|engenheiro passos|27555000|327,-2249680,-4464489;330,-641,-2146;333,-837,-2927
rodovia|presidente|dutra|fazenda da barra 3|27532240|300,-2245677,-4439908
rodovia|presidente|dutra|parque embaixador|27537000|276,-2245300,-4439632
rodovia|presidente|dutra|sao caetano|27524118|309,-2246434,-4448200
rua|doutor|oswaldo duarte|manejo|27520030|8,-2246896,-4445710;12,-14,2;28,-1,-3;36,-8,0;46,-6,-4;50,-8,2;52,-9,-4;68,7,3;76,35,4;78,-56,-10;81,-8,0
rua|ministro|dutra|independencia|27534270|1,-2246030,-4445084;2,-10,105;3,39,-104;4,-25,118;5,32,-112;6,-17,108;7,39,-100;8,-7,103;9,32,-103;10,-17,100
rua|prefeito|arnaldo duarte|vila santa cecilia|27520115|22,-2246847,-4445822;26,-40,7;33,23,3;57,3,-8;61,13,-3;65,5,-9;69,6,6;75,1,-2;83,-19,6;84,33,-8;89,-2,-9;102,13,-4;108,4,-2;116,42,-13;133,-17,5;135,6,1;147,8,-6;167,14,-7;168,0,2;175,7,-4;180,2,-1;181,-3,2;194,5,-3;195,8,1;196,-3,-1;197,8,-6;200,0,5;206,8,-5;207,-5,-4;209,6,0;215,5,1;227,4,-1;230,7,-6;231,2,-4;240,8,-2
rua|santo|dummont|granja minas gerais|27540220|40,-2246274,-4439965;50,-1,-11;60,1,-12;68,-13,34
rua||abel diniz|boa vista i|27521720|15,-2248656,-4449435;18,7,-3;31,-12,7;32,6,-11;38,-10,-8;43,-13,4;46,11,-9;51,-18,5;56,5,-14;61,-15,9;64,6,-7;74,-2,-3;77,-12,4;78,2,-11;89,-15,4;107,-9,-6;115,-7,-4;119,-7,-5;127,-7,-3;134,5,-5;140,-6,-7;148,-2,-4;151,-17,4;164,-3,-14;167,-7,7;178,-2,-11;179,-8,6;194,-10,-14;199,-7,1;206,4,-4;212,-8,-3
rua||antonio duarte|jardim brasilia ii|27515050|18,-2247683,-4445665;32,-15,8;46,-15,12;56,0,6;120,-36,45;130,-12,6;155,-7,14;188,-31,28;270,-52,59;286,-7,7;287,3,9;300,-1,13;316,-19,-4;330,-14,12;342,-1,1;345,5,12
rua||antonio duizit|montese ii|27541190|305,-2246528,-4443802;307,9,-27;335,-14,58
rua||antonio duizit|montese|27541000|233,-2246503,-4443928
rua||antonio duizit|montese|27541060|306,-2246544,-4443745
rua||antonio duizit|montese|27541190|44,-2246500,-4444033;70,4,-15;98,6,54;110,-20,8;114,34,-8;118,-13,15;120,-32,-17;170,15,62;184,4,17;244,-21,71;314,-14,51;330,1,14
rua||antonio francisco diniz|vila hulda rocha|27522100|16,-2247164,-4446908;17,-52,-34;18,33,22;19,-2,-3;20,-12,-4;21,-2,-5;22,-14,-12;23,-6,0;24,-10,1;25,-4,-4;45,86,46;46,-4,-3;47,-11,-7;57,-34,-21
rua||arnaldo silva duarte|mirante das agulhas|27524535|27,-2248553,-4448886;29,-11,-1;40,-6,-17;41,1,10;50,-13,-6;54,15,-32;55,-14,23;70,-10,-8;74,-12,13;84,-7,-24;87,8,11;100,-8,-15;114,-16,-5;117,3,8;129,-8,-5;130,-30,-64;131,15,56;137,0,-2;144,-7,-11;147,-1,10;150,-1,-13;153,-4,8;161,-5,-6;162,0,-8;174,-20,0;177,6,-1;186,-21,-16;191,10,16;196,5,-5;204,-20,-17;217,-9,2;225,-4,-3;233,-7,1;239,-11,1;240,36,5;244,-33,-25;256,-7,-5;264,-3,-1;285,-19,-2;290,-2,-11;297,-11,1;304,-8,-14;305,-2,10;315,-7,-6;320,1,-9;330,-10,-3;331,-4,6;336,2,-6;345,-17,-5;346,9,-3;354,-5,-2;355,-7,8;361,-9,-9;364,7,-6;380,-9,-6;405,-28,-11;418,-8,-10;421,-6,2;424,0,-5;431,-7,7;439,-6,-5;440,4,-9;460,-6,-7;461,-16,5;465,-5,-7;469,3,3
rua||dd|alto penedo|27512000|1,-2241266,-4454923;171,2,6;172,5,55
rua||dezenove|mirante das agulhas|27524590|26,-2248874,-4448856;42,-9,7;50,-9,7;58,-5,4;180,5,7
rua||dezesseis|jardim alianca ii|27525848|17,-2248916,-4450435;19,-1,-11;29,4,5;33,-5,-8;39,-5,-8;59,-10,-18;61,1,-7;119,-12,-49;159,-20,-36;209,-21,-44;213,11,-1
rua||dezesseis|morada da barra|27511970|210,-2246261,-4438371
rua||dezessete|boa vista 2|27521565|12,-2248805,-4449805;22,-15,49;32,10,4;42,10,1;90,38,-31;115,-1,14;120,8,-43;135,-6,2
rua||dezessete|boa vista 2|27524592|162,-2248828,-4449812;168,-4,8
rua||dezessete|jardim alianca ii|27525849|20,-2248958,-4450417;24,0,-4;30,0,-3;34,-2,-7;40,-5,-7;44,-1,-3;50,2,-2;60,-3,-7;74,-3,-12;78,-4,-5;170,-35,-86;180,-2,-5;184,-11,-7;190,3,-4;194,-3,-4;196,-5,-2;200,5,-6;220,-4,-8;230,-7,-15
rua||dezessete|jardim alianca ii|27525850|21,-2248964,-4450414;23,-2,-6;31,6,-3;33,-11,-7;41,-2,-1;47,-3,-8;51,2,-8;71,-5,-10;75,-3,-3;81,-1,-13;85,-3,-1;101,-8,-12;105,2,-5;111,-4,-3;115,0,1;121,-7,-5;125,2,-10;141,-7,-17;151,-5,0;153,2,3;171,-8,-29;181,-3,-5;183,-2,-6;191,-2,-3;195,-2,-3;199,2,-4;201,-4,-7;211,-6,-4;221,-1,-10;223,-1,-3;227,-3,-8;229,-3,-2
rua||dezessete|mirante das agulhas|27524592|40,-2248634,-4448722;54,1,16;201,-13,-29;208,22,22
rua||dezoito|jardim alianca ii|27525850|22,-2249002,-4450391;23,-8,-3;26,2,-1;32,-2,-11;33,-2,5;36,7,-9;37,-8,7;42,0,-8;43,-7,2;45,-1,0;46,13,-6;52,-10,-7;53,0,3;56,-1,2;62,-5,-13;63,-4,6;64,3,-8;65,-1,2;70,3,-7;72,-3,-3;73,-5,6;77,-1,-4;82,4,-10;83,-7,3;90,3,-14;92,0,-6;102,-6,-9;112,-6,0;122,1,-13;123,-39,-80;125,34,83;132,0,-5;133,-4,2;143,-4,-10;149,0,-4;152,2,-11;153,-8,10;157,0,-7;163,0,-5;167,-4,-3;172,2,-6;183,-8,-6;185,-3,-8;193,3,-5;197,-6,-3;203,-1,-5;207,-5,-1;213,-1,-7;215,-8,3;220,8,-12;222,3,-5;223,-5,6;227,-1,-9;233,3,-5;237,-8,-6;241,-4,2;249,-4,-6
rua||dez|jardim alianca ii|27525842|32,-2248626,-4450575;40,-1,-16;43,-12,-2;48,7,-8;51,-11,-1;64,11,-10;67,-18,-1;72,11,-8;80,-1,-7;83,-9,-4;88,9,0;91,-16,-10;99,-4,4;104,40,-20;107,-42,6;112,5,-5;115,-3,-9;119,-1,9;120,0,-6;128,1,-12;131,-8,2;139,-2,-6;152,3,-3;155,3,-22;160,-7,7;163,-5,-1;447,-2,-16;452,46,142
rua||dez|morro do cruzeiro|27535270|11,-2245063,-4443584;12,-10,1;19,12,11;24,0,0;37,13,5;41,-1,10;51,9,11;65,5,13;72,-6,7;83,13,-2;90,-12,17;92,15,4;100,1,9;118,2,-56;132,13,68
rua||dez|novo surubi|27512200|3,-2247403,-4444079;26,12,3;32,-41,-8;34,31,7;37,-7,-7;39,-12,-13;42,242,-65;44,-247,68;54,6,2;56,219,-50;60,-238,39;75,104,-137
rua||dois|condominio morada das agulhas|27524500|20,-2249060,-4449171;25,-39,-3;26,237,-126;30,-209,217;32,33,-42;65,-29,-7;73,-4,-20;74,6,-1
rua||dois|itapuca|27524330|32,-2247326,-4448484;33,3,7;34,-2,6;35,4,5;36,4,10;38,7,13;39,0,7;40,5,9;41,5,5;42,0,10;43,1,0;44,6,11;45,7,12;46,2,7;48,-49,-114;49,-4,14;50,5,15;51,5,4;52,5,9;53,0,8;54,-2,4;55,8,9;56,8,4;57,-2,3;58,0,2;59,6,21;60,2,14;61,11,6;62,-1,1
rua||dois|jardim alianca|27525830|30,-2248217,-4450566;31,-12,-4;38,-4,5;39,3,-6;46,0,-5;47,-3,-2;54,-4,-5;55,-1,-3;62,9,-11;63,-5,4;70,-5,-12;71,7,6;78,-5,-9;79,-3,-6;86,-2,1;87,-4,0;94,0,-10;95,1,3;102,-2,-6;103,-8,-1;110,3,-12;111,-4,-3;118,1,1;119,-2,-4;126,-3,-8;127,-1,19;134,-4,-22;135,-1,-3;142,5,-7;143,-6,-3;150,3,-8;151,-4,6;158,0,-10;159,-8,0;166,7,-1;167,-7,-9;174,2,-5;175,-11,-3
rua||dois|morada das rosas|27537800|9,-2247530,-4438379
rua||dois|vila verde|27512270|43,-2247888,-4443849;47,-13,-4;55,43,15;73,-55,-15;92,59,5;93,-78,-5;95,-11,-1;122,47,-2
rua||dos diamantes|engenheiro passos|27555000|9,-2249898,-4467618;12,-66,-54;20,181,40;25,-161,-42;35,-16,19;47,-4,13;52,6,23;70,0,5;77,34,-80;82,-18,80;85,8,-3;96,-2,4;115,14,-3;127,94,-10;130,-64,16;136,-12,-10;144,17,6;146,-4,-72;155,3,67;157,14,-1;160,-3,4;170,19,-4;181,-70,-15;195,82,3;213,17,1;214,0,0;215,4,6;225,17,-7;230,-2,4;234,6,-4;235,16,-6
rua||doze|jardim alianca ii|27525844|33,-2248700,-4450548;41,-8,-4;45,-2,-9;57,0,-13;65,-8,-3;81,-3,-16;97,-7,-14;105,-3,-2;127,-4,-23;145,-10,-15;153,-4,-5;177,-11,-24
rua||doze|jardim alianca|27525844|36,-2248699,-4450554;44,-3,-5;52,-1,-13;60,-4,0;68,-1,0;76,-2,-16;84,-4,-7;92,-8,-8;108,-4,-19;116,-2,-11;124,-5,-2;140,-5,-13;148,-2,-9;156,-2,-6;164,0,-9;172,-7,-4;188,-15,-16;520,71,153
rua||doze|mirante das agulhas|27524577|9,-2248756,-4448924;12,-6,-10;13,-3,14;18,-4,2;21,11,1;24,-18,3;27,-7,18;30,7,-19;31,4,17
rua||doze|vicentina|27513210|12,-2248239,-4444739;18,-4,9;26,-2,4;32,-10,5;48,-3,9;54,-4,6;138,27,-38;173,-28,44
rua||elza da silva duarte|jardim jalisco|27520005|48,-2246776,-4445626
rua||henrique dias|guararapes|27533070|1,-2245846,-4445413;2,31,31;3,-33,-40;4,33,24;5,-49,-52;6,40,39;8,-6,-13;10,-2,-18;12,-7,-9;14,-13,-10;16,-7,-20
rua||izoldino diniz|mirante das agulhas|27524530|37,-2248595,-4448838;40,3,-13;51,-6,12;54,5,-13;60,-3,-2;67,-20,1;70,12,-2;76,-4,-7;81,-22,3;96,-1,-7;97,-7,-2;100,-4,-8;103,-2,6;111,-8,-2;116,0,-10;127,-15,1;130,14,-6;146,-11,-3;150,-7,-4;157,-14,-2;160,11,0;161,-13,-6;168,-1,4;176,1,-13;180,-1,-1;187,-18,5;190,2,-6;191,-10,0;200,6,-8;201,-5,1;206,0,-3;212,2,-5;217,-21,0;225,-14,-6;226,20,4;242,-8,-5;250,-16,-13;266,-12,-14;287,-25,-2;301,-16,-6;306,8,4;313,-19,-8;314,11,0;320,-5,-7;321,-5,-3;329,-9,2;330,2,-4;333,-4,2;336,6,3;347,-21,-15;349,-1,10;355,-9,-9;356,11,-5;360,-7,-7;361,-6,11;370,2,-12;373,-5,4;381,-9,-6;386,-1,-5;391,-6,8;412,-13,-22;420,-5,-6;421,-11,8;426,6,-7;434,-5,-2;443,-13,6;446,2,-15;447,-9,6;455,-9,-1;460,6,-4;467,-6,-12;473,-8,5;754,-7,-12
rua||joao denegri|castelo branco|27536355|7,-2245329,-4442945;9,-14,22;11,-9,1;17,-44,74;19,-18,18;36,168,-209;46,-86,98;48,79,-88;49,-7,24;53,-157,161;54,155,-169;89,-44,60;90,28,-42;114,25,-33;125,-45,64;134,-20,0;137,4,7;173,-24,23;180,-7,12;193,-6,10;201,-9,13;208,-11,2;216,-14,38;225,16,-15;234,-18,-1;239,7,-1;246,-16,8;249,4,-1;267,-10,19;277,133,-147;368,30,-44
rua||joao duiziti|vila verde|27512235|26,-2247810,-4443666;64,185,16;80,-23,-7;87,-18,11;93,0,-3;97,-8,4;103,-4,-4;110,8,-5;116,-15,4;120,-2,-7;123,1,7;127,-8,0;153,-27,-1;159,-1,0;160,0,-9;202,-89,0;203,48,7;229,-30,-1;233,-3,1;239,-2,1;242,10,-11;243,-18,10;252,-1,-10;253,-9,6;262,8,-2;263,-11,-2;268,-2,-1;272,-3,-6;273,-2,11;277,-2,-3;283,-7,3;287,-4,3;303,-15,-5;307,-6,-2;312,0,-10;342,-25,1;375,-33,7;384,-4,-9;385,-4,13;394,-1,-26;404,-14,11;405,-6,8;415,-7,-3;424,-8,-5;425,-3,11;434,-4,-9;435,-13,7;444,1,-3;445,-9,8;454,8,-16;455,-18,4;464,2,-4;474,-4,3;475,-15,2;484,1,-3;494,-9,-2;495,-2,4;504,-8,-4;515,-12,7;525,-9,-4;555,-22,7;559,-6,-6
rua||joao mariano delfino|vila maria candida|27540150|26,-2246223,-4438890;62,-26,8;162,15,4;165,-48,-8
rua||lateral da dutra|paraiso|27536015|305,-2245955,-4443853;590,-22,422;620,4,-83
rua||marcilio dias|jardim jalisco|27510080|92,-2246660,-4445379;106,-6,-9;126,22,-12;156,33,-17;182,-9,-42;198,-11,-10;210,21,-11
rua||maria tereza das dores|itapuca|27524190|20,-2247529,-4448547;38,-16,-17;40,-16,16;70,-12,-4;75,13,13;80,-27,-5;83,8,13;99,-16,15;100,-3,-25;113,-4,3;116,-9,-3;127,-15,3;128,2,-8;137,-18,7;138,3,-10;159,-19,11;185,-18,-3;190,24,-6;199,-15,4;201,-23,3;204,8,-12;206,132,10;238,-175,-7;240,3,-5;256,-19,3;268,-36,-1;272,30,2;274,-6,1;279,-4,-3;282,-4,2;313,-36,11;325,-7,-4;326,0,-11;333,-13,9;339,-7,1;340,7,-10;368,-29,1;415,-38,7;419,-8,2;421,-6,-4;440,-20,-8;446,-1,-3;450,-4,3;458,-3,1;459,14,6;469,-36,-3;478,14,-7;482,-19,-1;498,-12,2;514,-17,-2
rua||santos dias|jardim esperanca|27540652|8,-2245915,-4441775;11,4,1;14,-5,10;15,6,4;17,1,3;20,-2,7;23,59,-1;26,-75,16;29,211,-11;30,-199,6;32,1,7;35,11,2;38,-7,15;41,23,-10;44,-24,8;49,-11,6;50,13,13;53,12,-8;56,-19,18;59,11,-5;62,-6,11;65,3,6
rua||santos dumont|vila julieta|27520181|21,-2247544,-4446140;41,4,-29;55,2,-10;65,-2,-12;73,5,11;83,-9,-24;95,-2,-16;105,2,-16;109,-1,-4;133,-5,-12;141,0,-21
rua||santos dumont|vila julieta|27520182|20,-2247524,-4446151;28,-6,-9;34,5,-21;36,-4,7;54,2,-7;74,-4,-4;76,19,-16;78,-4,1;84,-22,-10;86,14,-4;94,-14,-13;104,15,-10;106,-15,2;108,-6,-12
rua||santos dumont|vila julieta|27521031|195,-2247559,-4446322;211,-13,-94;220,9,72;227,5,46;233,-4,-56;251,-2,12;279,-2,-23;299,-1,-13;305,0,-6;311,-3,-10;317,0,-10;355,-9,-64;359,-2,-3;371,-5,-14;385,2,-12;393,0,-7;397,5,-10;405,-8,-7;415,-1,-6;429,-4,-15;433,11,-7;437,-4,-7;447,-9,-11;451,-4,-1;453,4,-3;461,-5,-7;463,1,-4;503,-2,-31;511,5,-12;533,-15,-9;535,7,-6;539,-6,-14;549,1,-6;585,-1,-17;599,-2,-8;609,-4,-15;613,2,-7;641,-6,-15;643,9,8;657,-8,-16;671,5,-21;677,-8,-29;683,-3,-14;721,-4,-10;723,5,-13;743,-16,-46;747,8,33;753,-3,-2;767,-3,-14;793,-5,-25;801,16,-6;813,-15,-11;819,1,-20;827,0,-9;841,-4,-15;853,-2,-10;861,-2,-10
rua||santos dumont|vila julieta|27521032|202,-2247556,-4446320;214,11,33;224,-5,-14;234,-2,-7;260,-2,-25;264,-1,-26;268,-1,58;274,1,-54;290,-9,-48;306,-2,-3;358,-7,-60;362,1,-8;372,19,-75;390,-6,28;398,-15,7;414,-3,-18;434,-7,-17;440,1,-11;445,-20,-107;462,16,85;464,-1,2;492,-6,-37;508,1,-4;514,0,-5;518,-1,-3;534,-1,-24;536,1,11;548,0,-22;560,-6,-14;656,-6,-55;722,-11,-77;752,-7,-26;770,-1,-11;780,1,-13;790,-4,-5;800,2,-9;991,-2,-26;1002,-14,9
rua||sem denominacao|alegria dos anjos|27524320|1,-2247283,-4449190;2,4,4;3,-3,-11;4,-3,-3;5,6,-9;7,-13,-4;8,3,-8;9,13,3;10,-10,-14;11,-2,-1;12,5,-10;13,1,9;14,-1,2;15,2,11;16,1,-3;18,-2,11;19,2,2;20,-5,6;21,3,4;22,-4,9;23,4,3;159,-69,-112;205,44,-2
rua||sem denominacao|alegria velha|27524116|27,-2247291,-4449143;80,8,21;181,-6,-3
rua||sem denominacao|alto do surubi|27512180|61,-2246983,-4443399
rua||sem denominacao|alto dos passos|27514200|52,-2247320,-4444818
rua||sem denominacao|alto penedo|27512000|926,-2241922,-4453216;969,27,-30;1155,-110,-20
rua||sem denominacao|engenheiro passos|27555000|60,-2249742,-4467672
rua||sem denominacao|jardim do sol|27540460|150,-2245252,-4441234
rua||sem denominacao|pedra sonora|27530990|288,-2239789,-4452572
rua||sem denominacao|serrinha|27530990|81,-2239730,-4452790;82,-25,59;110,580,-1466;111,-65,26;112,-2,-5;113,0,2;116,-8,4;117,4,-2;118,15,-2;120,6,46;125,1,9;126,2,6;450,12,-1921;452,11,193;453,9,54
rua||sem denominacao|vicentina|27513190|28,-2248241,-4444770
rua||sem denominacao|vila nova liberdade|27521300|161,-2246549,-4446553;175,-1,4
rua||trinta e dois|morada da barra|27510210|14,-2245974,-4438436;20,-6,53;47,-11,-87;50,-5,0;57,22,-8;60,-15,16;70,7,18
travessa||da rua dez|morro do cruzeiro|27535270|97,-2245004,-4443515;136,7,-7
travessa||da rua dez|morro do cruzeiro|27535280|20,-2245013,-4443507;27,31,-9;38,-9,-1;133,-18,11
travessa||dois|vila julieta|27521032|14,-2247563,-4446514;15,2,2;20,5,3;25,4,0;31,3,-8
travessa||sem denominacao|cabral|27535000|30,-2245957,-4444196;42,3,-7;50,-5,-4;60,-6,-16
travessa||sem denominacao|paraiso|27536040|2,-2245841,-4443306;7,1,5
