avenida|governador|portela|vila julieta|27520251|7,-2247113,-4445758;35,-11,-18;40,6,-10;50,1,-13;54,6,8;55,-21,-10;64,13,48;65,-18,-55;75,-1,-8;80,6,-12;83,-9,3;93,-3,-10;417,-117,-360;425,-15,-86;449,14,63;457,-7,-22;485,-2,-12;511,5,27;527,-6,-7;543,-1,-34;569,6,39;585,-1,-65;609,-6,10;745,3,-27
avenida|governador|portela|vila julieta|27520252|126,-2247142,-4445874;129,-19,-2;130,7,2;134,6,-17;141,-16,10;142,10,-11;144,-2,-7;145,-15,11;148,10,-22;157,-15,14;159,3,-6;170,-7,-1;176,16,-18;177,-16,1;184,9,-16;190,1,-2;193,-11,15;206,2,-27;207,-13,5;222,14,-14;223,-17,8;237,10,5;287,-30,-65;292,12,-10;299,-11,1;310,16,-18;313,-21,6;331,-11,-11;334,-30,37;337,34,-46;341,-11,-12;344,21,-3;351,-19,-6;352,17,2;359,-15,-7;362,11,-11;367,-12,-16;372,5,-8;373,-14,14;375,2,-2;377,-3,-9;383,-7,-15;386,16,13;401,-12,-19;402,12,3;445,-14,-64;490,0,-8;496,-6,-68;500,8,55;520,14,-31;540,-21,-5;546,-5,-9;586,-3,-42;590,-2,-15
avenida|governador|portela|vila julieta|27521101|1007,-2247339,-4446734;1027,-4,-12;1035,2,-10;1231,-11,-70;1233,3,0;1263,-7,-22;1269,2,-16;1277,9,-10;1291,-19,-10;1301,27,-8
avenida|governador|portela|vila julieta|27521102|652,-2247268,-4446355;662,-1,-8;670,-1,-12;682,-4,-6;692,0,-7;694,-3,-11;710,-3,-11;724,0,-12;734,-2,-12;760,-4,-23;768,-6,-10;798,0,-41;810,-1,-10;842,-9,-30;856,-4,-8;870,2,-20;880,13,-35;888,-19,23;892,5,-11;898,-1,-2;908,-6,-18;922,11,-28;936,-23,-11;952,9,-25;954,9,-6;956,-11,-9;990,22,-26;1150,-27,-27;1170,-8,-11;1190,1,-17;1200,-7,-6;1210,4,-23;1228,-4,-9;1250,-3,-13;1252,0,-10;1264,4,-4;1278,-7,-14
avenida|presidente|pedreira|novo surubi|27511010|1,-2247469,-4444190;15,-6,76;22,18,-85;181,-33,185;201,-7,4;205,-27,146;223,42,-121;287,-20,129;289,6,-156;295,8,109;299,16,13;313,-32,1;315,-21,32;340,-15,17;347,8,-16;348,1,3;349,3,-12;371,-9,22;381,-7,22;386,-10,19;391,11,-9;399,-11,53;401,1,27;407,10,-69;412,-5,15;413,0,-7;431,-4,22;483,-2,24;916,45,-306;955,-22,-7
avenida|presidente|pedreira|novo surubi|27512180|32,-2247625,-4443526;35,12,-35;37,3,-16;41,35,-24;44,-9,-37;55,17,-66;59,0,21;61,-2,14;65,-7,12;435,-38,113;551,51,-160;633,-19,88
avenida||das palmeiras|morada da barra|27540040|59,-2245948,-4438146;715,-460,272;803,311,10
avenida||joao ferreira pinto|jardim jalisco|27510071|22,-2246661,-4445148;23,-9,3;27,-59,-19;33,46,-8;39,18,-8;46,-2,-6;47,-3,4;49,-39,51;54,42,-67;55,9,-1;69,-27,-9;87,-2,-18;90,5,-7;93,5,9;94,-3,-15;97,-9,-1;105,-1,-8;106,6,3;132,-5,-19;134,-4,-21;135,2,24;141,13,-24;159,-6,-21;163,4,-9;169,-18,4;173,25,-17;179,-20,3;194,-13,-101;295,3,10;315,-29,-20;316,8,-14;337,-14,4;341,-10,0;345,-4,-17;347,-2,22;351,-5,-16;359,-3,5;373,-20,-10;380,2,-7;395,-6,7;405,-28,20;406,6,-37;409,17,0;413,-5,-3;427,-30,8;434,-7,-12;439,3,10;455,-14,-10;515,-43,-27
avenida||nilo pecanha|campos eliseos|27542200|30,-2246308,-4444856;32,0,-1;40,6,6;60,40,-10;320,-78,6;324,19,3
avenida||nilo pecanha|campos eliseos|27542210|15,-2246316,-4444838;21,7,0;25,-13,9;33,11,-24;39,10,1;43,-3,-2;51,20,1;55,-9,-12;59,-15,-7;63,27,16;67,5,6;75,3,-15;77,13,2;85,-8,-3;93,10,-5
avenida||projetada|surubi|27512180|5,-2246646,-4443500;65,-15,50;76,15,-47;78,-4,8;84,-18,41;94,32,-55;97,-31,33;105,4,5;113,-40,6;141,22,20;155,-10,18
avenida||projetada|toyota ii|27525526|410,-2247444,-4450187;418,-1,-13;426,-4,-8;434,-2,-7;442,-5,-6;450,-3,-6;458,7,24;466,-11,-41;474,-8,-1;482,-2,-7;490,1,-6;498,1,-2;506,-12,-9;514,-3,-5;522,-8,-8;530,0,-8;538,-3,-4;546,-3,-8;554,0,-3;562,-8,-6;570,-4,-7;578,-3,-4
beco||da praca|vargem grande|27560000|31,-2233942,-4439574
beco||da rua projetada|cabral|27534236|96,-2245334,-4443957
estrada||do palmital|palmital|27537800|54,-2242132,-4473034
estrada||maua rio preto|campo alegre|27553000|8,-2230710,-4448568
estrada||rio preto|rio preto|27510080|6,-2225987,-4445186
praca|general|jose pessoa|centro|27511360|20,-2246736,-4444901
praca|general|jose pessoa|centro|27511380|95,-2246792,-4444887
praca|general|polidoro|monte castelo|27533260|1,-2245462,-4445752;3,4,-36
rio||das pedras|alto penedo|27512000|65,-2241104,-4455198;113,-28,53;115,3,-66
rua|almirante|ari parreiras|vila liberdade|27510190|32,-2246214,-4446606;47,-6,43;60,2,-17;70,-5,8;76,-9,14;78,0,0;80,-3,12;90,-3,8;91,12,-15;99,-2,10;107,-4,8;110,-13,6;113,9,4;119,-1,1;131,-6,14;132,-3,-1;142,-9,5;145,43,-74;149,-38,79;150,-6,1;156,-2,12;157,9,-4;165,-8,11;166,-3,-2;169,0,11;173,0,1;174,-5,-7;179,4,8;186,-10,6;191,10,2;192,-10,4;200,-5,3;207,6,14;210,-8,-4;215,-1,20;216,-2,-12;222,-3,3;230,-3,8;231,5,3;248,-13,9
rua|almirante|ari parreiras|vila nova liberdade|27510190|172,-2246319,-4446346;190,13,-15;315,-5,12;323,-6,13;326,-5,-4;333,0,8;341,0,7;342,-15,-4;347,10,10;354,-3,6;361,-2,9;372,-11,5;377,10,6;378,-2,-3;385,-13,12;386,0,-3;387,10,5;393,-2,4;403,-5,11;406,-7,-7;413,1,15;416,-6,1;422,15,-38;432,-24,50;495,-13,61;505,-10,9;506,-5,-2;517,3,13;518,-8,-6;523,8,12;532,-9,1;533,7,5;539,-4,5;545,9,5;546,-12,-3;560,-11,12
rua|bandeirante|estevao ribeiro baiao parente|parque embaixador|27537090|19,-2245232,-4438765;81,76,-62;89,-31,21;93,0,0;107,-18,16;117,8,0;185,-51,52;191,-4,3;200,12,-4;201,-24,8;211,1,11;217,2,2
rua|brigadeiro|pederneira|monte castelo|27533310|1,-2244920,-4445731;2,12,-17;3,-1,11;4,13,-23;5,-14,7;6,22,-9;7,-14,2;8,15,-16;9,-7,5;10,8,-9;11,2,0;12,10,-15;13,-9,-1;14,9,1;15,-1,-7;16,17,-8;17,-15,4
rua|coronel|jose pessoa|comercial|27542050|63,-2246437,-4444491;75,-2,-21;99,-18,19;125,-30,14;312,95,-42
rua|coronel|xisto peline|montese ii|27541085|8,-2246420,-4443882;11,-81,-7;20,3,8;21,16,0;25,2,-9;45,8,10;54,-1,1;55,20,3;74,4,7;77,10,-9;84,0,10
rua|dom|pedro primeiro|vila liberdade|27521240|34,-2246857,-4446275;52,-3,-14;62,-2,-20;66,8,0;68,4,-6;80,-21,-7;90,0,-4;96,-4,-8;110,11,-16;193,8,92;353,-56,-330;369,-1,-14;413,-4,-22;427,3,-16;437,-5,-19;451,7,-8
rua|dona|pequetita|jardim brasilia ii|27515080|35,-2247706,-4445700;49,-4,-9;61,-7,-6;62,4,-6;73,-8,-4;85,-19,-10;86,17,2
rua|doutor|geraldo pereira|paraiso|27535050|20,-2245616,-4443948;27,9,-3;52,-10,24;53,15,-2;65,-1,21;68,-13,11;69,12,-10;70,-13,-3;75,14,8;91,-3,7;101,10,35;115,1,8;120,-12,-10;126,4,15;127,12,-2;143,-11,46;144,8,-21;150,-9,1;151,6,28;157,3,-12;158,-9,-7;162,2,6;165,4,-5;169,4,3;173,2,14;186,-11,0;199,14,12;211,0,-4;240,-2,70;254,5,17;277,11,-4;280,-7,9;286,3,0;287,4,1;301,5,7;303,7,25;306,-11,-14;313,4,6;316,0,22;318,-3,-17;320,11,22;323,-44,-246
rua|duque|costa poeta|cabral|27534290|32,-2245513,-4444022;42,-2,-15;52,-2,-6;62,10,-15;126,-15,-50;132,1,-14;138,0,-2;150,-14,-7;156,7,-6;165,-15,-24;170,15,4;171,-10,-4;183,-1,-4;195,-24,-16;205,28,-7;206,0,-9;215,-10,-12;216,13,8;225,-11,-13;226,14,-15;239,-13,-2;246,9,-1;249,-8,-15;250,5,-4;261,-10,-3;272,14,-13;273,-17,2;279,-1,-4;288,13,0;297,-15,-18;300,34,-4;306,-18,-8;311,-10,-3;315,0,-5;317,4,-7;321,-13,3;322,13,-3;330,0,-8;331,-14,-8;345,-2,-7;346,16,8;357,-14,-19;358,19,5;366,-3,-7;367,-16,-6;376,15,82
rua|duque|costa porto|cabral|27534290|43,-2245535,-4444031;53,8,-11;63,14,5;77,-29,-29
rua|expedicionario|joaquim pires|vila santa cecilia|27520090|15,-2246930,-4445896;23,-13,15;35,47,-14;36,6,9;42,11,-2;47,-7,-10;59,12,-10;70,2,15;71,6,-11;78,9,6;87,-1,-11;90,11,6;93,-6,-10;96,14,6;106,-2,-4;115,14,-10;145,19,-9;159,12,-8;169,11,-3;180,6,4;181,3,-7;182,6,5;191,1,-27;192,5,22;193,-2,-6;204,11,-3;206,1,1;207,1,-1;218,12,-1;219,-4,-2;230,20,0;231,-11,-7;241,18,-9;283,20,-3;284,8,-8;288,5,0;289,-4,4;293,3,6;294,6,-7;297,6,-9;301,-9,-9;306,11,12;312,10,-5;313,-6,5;314,5,-4;317,1,-5;322,5,4;324,2,-3;325,-10,-1;330,10,2;332,10,-5;337,6,17;338,-2,-17;341,-1,1
rua|general|jose pessoa|castelo branco|27536360|9,-2245270,-4443123;22,-14,20;31,7,-57;45,7,-17;49,0,27;53,-3,4;55,6,1;57,0,8;65,5,14;95,-5,29;135,-1,10;150,-35,39;184,15,-27;187,3,6;191,9,-47;197,-22,74;199,-17,5
rua|pintor|candido portinari|itapuca|27524260|4,-2247134,-4448214;27,172,162;28,12,0;42,-15,-13;43,-8,11;50,-2,-16;57,-10,3;66,5,-10;73,-19,-1;80,10,-11;85,-19,5;88,0,-13;101,-11,10;108,4,-20;121,-8,3;124,-7,-11;138,-9,-13;153,-6,6;161,1,-4;168,0,-11;178,-34,-28;182,-4,7;191,-7,-7;192,13,-7;222,-39,-26;232,-11,-7;236,-2,-12;237,18,30;245,-8,-3;255,17,17;262,9,-11;275,-44,-18
rua|pintor|nunes de paula|centro|27511350|57,-2246872,-4445044;89,48,-32;101,1,-5;103,4,0;107,1,-10;119,13,9;140,32,-19;162,-9,-9;164,4,-14;170,12,0
rua|pintor|nunes de paula|centro|27511360|200,-2246727,-4445139;214,2,2;226,-1,-1
rua|professora|isabel dorneles peixoto|bela vista|27524734|11,-2249781,-4450656
rua|professora|isabel dorneles peixoto|bela vista|27524766|234,-2249675,-4450576
rua|santo|polite|fazenda da barra 1|27540270|8,-2245889,-4441284;9,16,2;95,14,2;96,1,0
rua|santo|politi|fazenda da barra 1|27540240|42,-2245813,-4441276;72,17,4;120,-61,0;252,72,0
rua|sao|francisco de paula|paraiso|27536240|42,-2245590,-4443113;52,1,10;53,7,-11;60,4,18;61,9,-6;62,1,6;65,-3,-8;66,-3,15;75,24,-9;76,-29,22;77,37,-30;87,-5,31;88,-11,1;106,3,4;242,12,-3
rua|sao|paulo|paraiso|27535120|18,-2245764,-4443709;20,2,-5;26,-12,8;28,-8,6;30,19,8;32,-8,11;48,18,-3;64,3,13;66,4,2;72,8,5;79,21,22;104,19,19;111,-8,-13;120,-5,13;132,4,6;142,-40,-69;145,56,70;148,-9,7;159,23,8;160,-17,-6;168,15,16;179,17,12;182,-8,-2;186,3,0
rua|sao|paulo|vila julieta|27521040|51,-2247382,-4446792;67,-12,-1;82,-38,1;95,6,3;97,-26,7;103,17,-2;111,-5,2;161,-52,5;174,-6,-8;179,-5,12;190,-5,-11;196,-10,3;200,6,-3;210,-25,4;256,-41,9;261,-10,20;264,0,-20;267,12,13;289,-14,1;297,-15,-2;326,-46,2;327,2,8;341,-1,1;385,-59,11;399,-15,0;425,-17,5;467,-39,-10;477,-10,16;500,-33,-2;511,174,-28;523,-182,34;533,-10,3;677,222,-60;953,157,-11;1557,-315,53
rua|sao|vicente de paulo|vila julieta|27520210|17,-2247249,-4445824;20,-1,-7;30,-2,-6;31,-4,0;36,7,-11;37,-9,-1;44,-3,-13;48,3,11;49,-7,-2;59,6,-7;60,-2,3;72,-7,-17;73,1,5;76,-1,-5;77,-3,-2;82,-2,-11;89,-1,-5;92,-3,-3;100,-3,-12;103,7,15;104,-11,-20;113,2,2;123,-5,-9
rua|senhor|dos passos|alto dos passos|27514090|18,-2247249,-4444882;22,-21,11;34,-30,4;36,22,-6;37,-9,4;42,-1,-25;46,-6,16;47,2,9;49,-6,-1;51,-6,4;60,-3,-3;65,-5,3;68,3,-1;69,-8,-5;74,0,2;80,1,-17;81,-14,15;88,-2,-15;99,-10,15;111,-10,0;117,-8,-10;121,-2,0;126,3,-5;131,-14,-1;134,5,2;143,-8,-5;146,6,-11;147,-12,4;151,-5,1;161,-1,-10;165,-5,-1;171,-4,-2;268,-37,-33;269,-27,-27;275,-12,-14;281,-17,-6;307,-12,-11;312,18,-15;314,-12,0
rua|senhor|dos passos|vila moderna|27514090|3,-2247541,-4445056;365,8,11;367,-7,-1;375,-6,-4;382,3,-2;383,-7,8;387,0,-10;388,-1,-5;401,2,4;417,-20,-14;425,-8,-10;426,-9,3;430,1,-5;460,-10,-9;486,-7,-28;492,-7,-19;501,-5,-4;506,8,-5;507,-3,6;513,2,-15;517,0,0;521,-3,-1;529,0,-6;541,-2,-13;548,2,-5;559,-6,-4;560,1,-5;572,5,-14;579,-4,12;582,-9,-17;592,-1,-8;602,-10,-12;612,-6,1;622,-7,-7;629,-6,1;632,-1,-4;644,-27,-9;645,17,7;671,-34,-4;701,-23,-2;709,-12,5;718,-14,-4;727,2,7;729,-6,-5
rua|soldado|pires|monte castelo|27533240|1,-2245524,-4445838;3,0,-4;5,7,-19;7,7,-8
rua|vereador|jose rodrigues pedreira|itapuca|27524050|55,-2247761,-4448408;140,42,-89;156,-1,-7;170,8,-14;201,12,-40;221,-2,-13;233,8,-18;245,-5,-11;254,15,3;255,-6,-6;270,0,-4;276,10,-10;320,20,-47;336,8,-29
rua|voluntarios|da patria|vila liberdade|27521340|13,-2246602,-4446783;30,8,10;38,7,5;47,10,7;48,0,3;57,15,-4;60,-6,10;70,10,2;74,9,-2;80,5,8;95,-16,-7
rua||abel rodrigues pontes|jardim jalisco|27510010|41,-2246676,-4445220;67,78,17;92,8,2;98,3,-1;109,14,5;120,14,-5;145,19,6
rua||alvarenga peixoto|vila liberdade|27521350|32,-2246547,-4446824;43,5,-5;48,4,15;64,12,2;74,5,7;78,6,-7;79,7,5;128,25,17;130,10,4;140,16,4;147,9,-2;150,-1,13;180,24,14;183,5,-6;192,6,7;198,4,11;212,14,-1;226,9,5;240,10,6;252,-2,17;261,20,-20;269,17,13
rua||carlos ferreira pinto|morada da colina|27523332|53,-2248555,-4447821
rua||celestina de paula|centro|27511040|19,-2247156,-4444658;29,0,10;35,12,1;40,0,10;52,8,4;57,8,-4;60,-4,8;71,9,2;76,3,9;83,6,0;96,19,24;97,-11,-22;100,-8,3;115,21,15;129,10,-23
rua||claudino jose de paula|santo amaro|27513320|2,-2248204,-4445366;17,98,12;55,86,128;60,-108,-155;63,27,44;71,280,105;75,-274,-100;79,263,102;87,-10,2;111,-28,15;119,-7,-8;151,5,-1;154,-153,-14;159,-32,-47;182,48,63;184,18,19;189,-161,-198;195,204,195;200,-240,-170;233,205,154;239,3,20;329,-56,-48;335,-170,-292;339,1,8;355,5,10;361,-3,2;381,74,143;385,-67,-121;391,4,7;401,-3,7;405,2,10
rua||claudino jose de paula|santo amaro|27516422|272,-2248216,-4445555;276,0,3;282,10,8;288,-6,7;302,3,5;306,-3,7;330,2,31;334,2,4;346,8,2;350,-2,15;360,7,5
rua||da paz|mirante da serra|27521570|16,-2248647,-4450035;20,47,-13;25,-31,9;35,4,-5;38,13,-1;45,-2,-2;55,9,-5;65,2,-7;75,8,-11;85,12,7;95,9,-8;105,12,-5;115,11,-2;125,4,-5;155,25,-6
rua||da praca|serrinha|27530990|85,-2239260,-4453818
rua||das paineiras|casa da lua|27523200|62,-2249302,-4449762;63,18,-7;67,20,118;185,-58,-88;195,69,-69;200,6,-7;366,-50,117
rua||das palmeiras|cidade alegria|27525053|5,-2248302,-4448845;15,2,-5;25,-3,-12;35,0,-10;45,5,-6;55,-2,-9;65,0,-13;75,0,-10;85,4,-10;95,-3,-10;105,-6,-7;115,12,-15;125,-7,-2;135,1,-8;145,-1,-16;155,7,-9;165,16,-16;245,-16,-76;255,3,-6;265,-4,-12;275,1,-7;285,-1,-6;295,4,-16;305,-1,-8;315,1,-13;325,-2,-3;335,3,-17;345,5,-2;355,-9,-10;365,7,-7;375,-4,-12;385,1,-10;395,2,-17;405,-3,-5;415,-1,-11
rua||das palmeiras|cidade alegria|27525054|12,-2248296,-4448848;22,3,-10;32,-4,-8;42,-5,-7;52,4,-15;62,1,-2;72,7,-17;82,-4,-11;92,-2,-2;102,3,-12;112,1,-12;122,6,-14;132,-7,-6;142,5,-10;152,-4,-12;162,3,-8;242,4,-83;252,-9,-1;262,7,-14;272,-5,-9;282,3,-7;292,2,-12;302,3,-10;312,-2,-8;322,0,-7;332,1,-19;342,2,-5;352,3,-13;362,-3,-7;372,-1,-17;382,4,0;392,1,-10;402,-7,-9;412,-3,-10
rua||das palmeiras|cidade alegria|27525055|452,-2248282,-4449280;462,2,-8;472,2,-6;482,2,-9;492,2,-19;502,-4,-2;512,2,-13;522,-6,-5;532,2,-13;542,7,-6;552,-3,-12;562,2,-17;572,0,0;692,0,-116;702,0,-13;712,0,-5;722,8,-12;732,-7,-11;742,7,-7;752,-3,-12;762,4,-14;772,2,-4;782,-6,-13;792,7,-11;802,-3,-6;812,0,-11
rua||das palmeiras|cidade alegria|27525056|455,-2248287,-4449290;465,1,2;475,9,-12;485,-4,-12;495,2,-9;505,-4,-9;515,-1,-6;525,4,-6;535,12,-13;545,-6,-11;555,-1,-7;565,-7,-12;575,-3,-14;695,10,-113;705,-1,-5;715,0,-6;725,4,-10;735,-2,-13;745,1,-13;755,-1,-24;765,-5,12;775,4,9;785,6,-30;795,4,-13;805,-3,-18;815,-11,4
rua||das palmeiras|cidade alegria|27525057|1323,-2248255,-4450093
rua||das palmeiras|cidade alegria|27525058|852,-2248270,-4449660;860,7,-9;868,-6,-4;876,-4,-13;884,7,-2;892,-9,5;900,6,-24;908,8,-4;916,-1,-11;924,0,0;932,3,-10;940,-6,-4;948,1,-16;956,2,-7;964,-1,-6;972,3,-7;980,1,-13;988,2,-6;996,-1,5;1004,0,-15;1012,-4,-5;1020,1,-13;1028,-2,-4;1036,8,-6;1044,-5,-4;1052,0,-1;1132,29,-93;1140,-26,1;1148,-2,-9;1156,0,-12;1164,-1,3;1172,2,-11;1180,6,-7;1188,-3,-10;1196,1,-9;1204,-2,-10;1212,6,4;1220,-6,-12;1228,1,-6;1236,5,-11;1244,2,-3;1252,-6,-14;1260,0,-3;1268,2,-7;1276,3,-8;1284,-1,-5;1292,0,-12;1300,2,-7;1308,-1,-1;1316,63,-26
rua||das petunias|engenheiro passos|27555000|13,-2249891,-4467468;14,-12,8;19,7,-4;20,-3,5;33,7,7;34,-1,5;38,-2,6;39,9,7
rua||das pitangas|engenheiro passos|27555000|13,-2249865,-4467381;14,-34,7;32,-125,-28;38,5,1;52,8,2;58,10,4;72,7,3;78,5,4;88,-50,-23;92,59,29;93,5,-5;98,4,11;99,8,-2;114,4,0;115,6,0;120,6,2;121,3,-6;136,8,7;137,4,-5;142,2,4;143,5,0;158,-37,-12;159,49,7;164,5,12;165,8,-12;179,3,4;185,15,-4;199,2,-5;205,17,-2;219,3,2;225,9,-2;230,-2,3;234,12,-6;236,-11,8;244,14,-4
rua||do pracinha|vila liberdade|27521300|25,-2246664,-4446480;43,7,-1;57,20,-2;67,13,-4;77,-6,-1;89,19,-2;91,8,3;101,22,-9;105,12,2
rua||do pracinha|vila nova liberdade|27521300|30,-2246665,-4446473;42,5,-11;52,20,9;66,3,2;88,25,-5;100,14,-4;110,10,-3;120,9,-5
rua||dos papagaios|primavera|27525466|31,-2247678,-4450662;39,-4,-3;47,-5,-9;55,2,2;63,-5,-9;71,-5,-7;79,0,-8;87,-8,-10;95,1,-8;103,-6,2;111,0,-15
rua||dos pavoes|jardim primavera ii|27525476|81,-2247641,-4450488;130,31,-13;138,2,-7;146,-13,6;154,-6,2;162,-11,8;170,0,0;178,-9,5;186,-8,2;194,-9,6;210,-9,3
rua||dos pica paus|primavera|27525410|9,-2247492,-4450522;10,-1,-17;17,59,161;18,4,-2;23,-4,-4;24,10,2;31,-17,-9;32,7,-1;37,-5,-4;38,1,-2;45,0,-4;46,1,-4;53,-9,-2;54,7,-6;61,-8,1;62,5,-7;69,-9,-3;70,3,-3;77,-5,-10;78,2,7;85,-7,-8;86,12,1;93,-14,-8;94,4,-5;101,-3,-3;102,3,-2;109,-9,-4;110,6,-4;117,-8,-4;118,7,-2;125,-7,-3;126,8,0;133,-13,-7;134,6,-6;141,-11,2;142,5,-3;149,-6,-5;150,5,-8;157,-10,2;158,7,-12;165,-6,4;166,4,-6;173,-6,-2;174,2,-1;181,-10,-6;182,8,2;189,-10,-5;190,6,-7;197,-2,-3;198,-3,-2;206,1,-1;214,-6,-12;222,-2,-5;230,0,-7;238,-5,-9;246,-1,-2;251,-10,-9;254,2,1;259,-10,-3;262,11,-6;267,-9,-8;270,8,1;275,-14,-8;278,9,3;283,-6,-9;286,4,4;291,-11,-12;294,10,2;299,-10,-8;302,7,4;307,14,4;310,-16,-9;315,-11,-13;318,5,10;323,-10,-16;326,8,6;331,-10,-16;334,6,7;339,2,14;342,-5,-21;347,-8,-10;350,8,6;358,-4,-11;366,-2,1;374,0,-10;382,-4,-8;390,-5,-8;391,-8,-15;395,-1,-6;397,-3,-5;398,9,17;405,-14,-20;406,10,15;413,-17,-28;414,15,19;421,-14,-25;422,12,23;429,-13,-26;430,11,21;437,-17,-30;438,12,20;445,-8,-29;446,5,23;453,-19,-29;454,21,28;461,-20,-37;462,12,25;469,-13,-27;470,16,17;478,-5,-5;486,-2,-7;494,-3,-6;502,-9,-4;510,0,-7;518,-3,-10
rua||dos pintassilgos|jardim primavera iii|27525430|11,-2247542,-4450406;19,3,-11;27,-9,1;35,-1,-6;43,2,-4;59,-15,-33;75,-8,0;83,3,-15;91,0,-5;99,-9,0;107,11,-13;123,3,-2;143,-22,-32;151,-8,-4;159,0,-2;167,-62,12;175,57,-29
rua||dos pintassilgos|primavera|27525430|10,-2247534,-4450391;18,-7,-6;26,6,-13;34,-5,-1;42,-4,-8;50,3,-12;58,0,0;66,-6,-8;74,-3,-7;81,-58,-136;82,57,127;90,-5,-3;98,-2,-9;106,-6,-9;114,-3,1;120,-2,-17;122,3,0;130,-7,0;185,-41,-62;186,23,8;193,-21,-29;194,17,23;201,-23,-27;209,6,-15;210,12,34;217,-32,-30;218,38,42;226,-18,-32;231,-13,-36;234,11,30;239,-15,-31;242,11,21;247,-20,-27;250,26,26;255,-20,-29;258,3,25;263,-12,-39;264,21,31;274,-3,-12;282,-3,1
rua||elias politi|fazenda da barra 1|27540270|17,-2245838,-4441506;24,3,102;38,-8,-95;43,4,26;57,-3,-23;75,6,52;92,-4,102;93,8,16;96,-6,29;108,-10,-128;114,6,6;450,2,-55
rua||espedicionario ismar pineschi|montese ii|27541325|22,-2246492,-4443868;23,15,11;33,0,9;34,-15,-8;43,8,23;44,-11,-9;58,2,-1;63,2,27;70,-10,-13;80,-6,15;85,15,-2;90,-10,9;100,3,13;103,10,7;110,-16,15;113,8,-4;120,-13,13;125,14,-3;130,-12,12;135,8,3;144,-10,-6;156,-4,21
rua||honorio almeida paiva|jardim jalisco|27510260|16,-2246678,-4445805;26,1,-5;54,21,-15;55,4,3;125,113,-43;200,-156,69;240,210,-43
rua||isaac polit|fazenda da barra 1|27540270|99,-2245913,-4441326
rua||jandira dos santos penha|itapuca|27524210|20,-2247409,-4447949;32,-13,-4;46,-19,-13;52,10,7;66,-14,-16;68,-9,-6
rua||joao ferreira da paz|jardim do oeste|27525640|26,-2249394,-4450280;28,6,-8;36,-3,-4;38,-1,-2;46,2,-3;48,-5,-9;66,-7,-14;68,0,-1;76,-2,-5;77,-9,-22;78,6,17;79,-3,-22;86,8,2;87,14,-13;88,-6,7;97,-5,-6;103,-2,-3;107,9,-1;111,1,-6;120,47,-33;127,-33,24;137,9,-8;147,0,-5;151,5,0;157,1,-8;161,3,-3;162,13,2;167,-8,-4;169,4,-5;177,2,-5;179,2,-2;187,6,-3;189,-1,0;191,9,-5;197,1,-3;207,4,-2;217,7,-9;221,5,0;227,1,-2;231,3,-5;237,8,-9;267,16,-16;270,6,5;271,1,-7;277,3,-3;280,10,-7;281,-9,1;287,4,-3;291,4,0;297,5,-6;298,2,3;307,3,-5;310,138,127;311,-135,-137;317,2,-3;321,6,-1;397,76,8;400,-7,8;401,5,-3;404,-5,5;408,3,5;410,5,3;420,3,1;422,3,9;430,-2,6;436,8,5;440,-8,7;450,7,6;460,4,11;461,-4,-22;470,10,31;480,1,6;481,-3,-26;485,-13,-23;489,3,7;500,19,59;504,-1,6;521,-4,-25;523,4,3;561,9,17;583,2,9;635,21,49;636,-10,-6;639,15,12;645,4,8;665,5,15;675,0,9
rua||joao pessoa|alto dos passos|27514272|7,-2247295,-4444760;9,-1,6;15,20,-1;17,14,4;21,-7,6;33,-6,7;111,-46,3;113,5,4;120,4,8;123,-20,-15;153,-19,-2;163,-16,-8;195,-44,-15;209,0,-3;215,2,1;221,53,19;222,33,-3;235,-112,-24;245,-9,6
rua||joao pessoa|centro|27511173|2,-2247252,-4444734;10,6,4;16,4,-11;22,3,-4;34,2,-5;48,-1,-14;54,5,-4;56,-2,-6;109,130,-316;154,2,-16;202,-72,206;235,4,-28;236,12,1;249,-10,-11;260,10,-14;265,3,-10;272,-1,1;283,-3,-15;290,10,5;299,8,-23;302,-6,10;315,6,-20;316,0,0;322,6,-3;323,-6,2;333,12,-24;351,1,-13;354,3,10;360,5,-8;365,-2,-10;378,5,-4;381,1,-2;392,5,-12;394,14,-13;400,-6,-4
rua||joao pessoa|centro|27514271|1,-2247248,-4444734;53,23,-39;57,-1,-3;65,-4,-9;79,5,-3;97,15,-11
rua||joao pessoa|centro|27514272|118,-2247207,-4444822;128,3,-8;146,4,-29;160,6,-12;190,6,-10
rua||jose do patrocinio|vila liberdade|27521310|25,-2246685,-4446544;30,11,5;37,5,-10;39,14,-5;40,-13,8;53,12,-11;55,-3,7;56,4,5;59,12,-11;64,1,11;66,8,-4;77,2,-4;82,10,9;96,9,-8;97,0,-6;105,9,-3;106,-5,6;112,11,-2;116,6,6;121,9,-5;131,10,-5
rua||jose joaquim pimenta|vila maria candida|27540120|107,-2246178,-4438991;108,23,-6;125,-44,6
rua||jose joaquim pimenta|vila maria candida|27540516|23,-2246135,-4438980;32,38,-23;88,-68,3;98,26,-2;108,-35,-1;118,-17,-5;308,53,27
rua||jose pancetti|agulhas negra|27541440|13,-2246449,-4442897;23,4,17;31,-5,6;37,3,3;45,-4,11;51,7,14;56,-13,17;59,5,-25;65,1,17;68,-1,20;73,6,-16;78,-1,25;79,3,-22;87,-1,-5;93,11,1;94,-9,60;101,0,-38;107,4,2;112,-6,44;115,5,-26;120,-6,42;121,4,-42;130,-7,46;136,-4,9;142,4,11;148,1,5;154,6,5;160,-8,5;166,-2,11;172,-1,2;178,-2,7;184,2,3;190,-3,10;191,5,-55;196,-13,68;199,24,-59;204,-8,10;214,-17,64;220,-2,5;226,-4,7;231,17,-32;239,0,13;244,-20,37;245,11,-29;250,-20,42;253,22,-38;256,-21,38;261,16,-31;268,-21,46;274,0,19;280,-13,-9;421,78,-180
rua||jose vilela paiva|vila verde|27512240|25,-2248053,-4443695;56,16,-14;64,1,-7;95,7,-48;115,11,-17;135,5,-22;145,6,3;155,-1,-7;165,22,11;175,7,-4;185,8,4;195,8,3;215,16,-6;225,13,4;235,6,6;236,10,1;245,-1,1;255,9,-10;257,10,8;265,1,-10;275,14,10;276,-2,0;285,9,-3;287,2,6;295,7,-10;296,-3,9;304,60,5;305,-52,-11;306,6,6;316,4,0;331,12,-9;336,3,8;351,173,4;361,-158,-6;367,21,10;371,4,-9;376,3,10;381,14,-10;386,-25,11;396,31,-3;409,58,-7;419,48,3;420,-96,0;429,106,3;439,6,-2;440,-96,-16;449,107,16;450,-90,-9;460,83,17;470,-67,-1;569,93,-2;570,0,6;579,20,-13;580,-9,12
rua||juca paiva|mirante das agulhas|27524565|6,-2248801,-4448906;20,71,43;28,-8,-8;45,-31,-10;50,21,2;58,-6,-9;61,-28,0;77,-12,-5;93,-7,-14;95,-21,-7;97,-5,7;105,-5,-6;106,29,1;107,-40,-11;120,45,1;123,-62,-14;150,28,15;180,-22,-19;196,-19,-12;226,-19,-12;230,-8,-4;266,-28,-16;274,-3,-10;286,-21,0;290,10,-2;300,-19,-11;724,-1,0
rua||luiz ferreira pinto|jardim jalisco|27520330|6,-2246852,-4445657;10,24,16;12,14,-13;15,16,-8;20,11,-9;22,9,-1;30,-34,4;31,4,-4;33,-52,16;37,77,-31;45,-59,45;48,4,-11;49,3,11;52,-11,-6;55,23,1;56,-8,-5;60,4,-8;63,18,2;64,-13,-6;67,13,-4;68,-9,0;79,18,4;80,-11,-9;83,20,7;84,-14,-12;87,15,6;88,-8,-7;92,2,-6;95,16,7;96,-11,-8;105,15,4;121,1,1
rua||luiz pistarini|campos eliseos|27542090|8,-2246334,-4444834;25,8,39;30,6,-19;33,-3,21;43,7,0;49,11,-4;65,6,2;78,5,27;83,11,-7;95,5,2;97,4,5;107,11,6;117,1,3;119,5,9;123,8,11;140,-6,59;149,34,-73;156,-21,24;173,35,-8;181,2,17;184,-6,6;192,3,4;206,1,6
rua||mario periquito|jardim jalisco|27510040|30,-2246582,-4445472;58,20,11;88,20,7;96,22,14;100,-1,4;108,15,1;111,-85,-83;160,133,106;228,29,19;240,9,14;264,19,-8
rua||nicacio estevam pena|vila moderna|27514040|9,-2247638,-4444979;13,8,33;15,8,33;17,-4,2;19,3,1;20,3,-1;21,0,16;22,1,-9;23,0,21;24,1,-6;25,-2,13;26,1,-7;27,0,14;28,6,-9
rua||nicacio estevao penna|vila moderna|27514040|5,-2247651,-4445018;10,23,49;12,-2,15;14,2,6;247,-16,-54
rua||nilza cezarino pinheiro|morada da montanha|27525604|23,-2248996,-4450288;27,2,1;33,3,3;37,1,4;43,3,12;53,1,10;57,3,-6;63,2,4;67,0,8;73,9,1;77,2,6;93,3,16;99,-1,-1;103,2,12;109,6,-4;113,6,8;117,-6,6;123,-2,16
rua||nilza cezarino pinheiro|morada da montanha|27525612|24,-2249002,-4450288;34,6,6;36,2,4;44,2,9;46,-1,1;54,-2,5;58,3,4;68,6,2;72,1,6;74,1,5;76,-1,3;84,3,2;88,4,7;94,-2,5;98,7,5;114,6,10;116,-2,10;124,7,8
rua||orga de sao jose de paula|vila maria candida|27540160|19,-2246276,-4439121;38,140,-40;39,-28,38;41,48,-11;55,-21,-7;72,-18,-1;112,-32,3;118,-2,-5;129,-37,15;130,27,-10;133,-5,11;137,-9,-5;138,3,-7;148,-11,1;158,-13,9;172,-7,-7;179,-13,6;181,-3,1;184,3,-10;189,-14,10;195,-3,-3
rua||oswaldo porto|fazenda da barra 2|27537110|10,-2244984,-4439279;11,4,1;13,5,20;19,21,51;23,14,39;24,2,7;25,5,13;26,-84,-209;27,2,-3;30,3,1;31,-5,13;35,-110,-315;36,113,313;40,7,3;43,2,0;46,-2,4;50,-2,4;53,7,2;54,-4,6;58,4,-8;63,5,13;68,1,6;73,0,6;79,8,3;89,3,16;91,-126,-331;98,121,332;104,2,4;107,-119,-330;113,6,20;116,117,328;119,6,2;122,38,94;128,-43,-84;129,7,-3;131,-122,-319;140,119,330;155,12,12;156,-121,-324;159,126,327;160,-4,4;169,-119,-318;170,-5,11;179,130,326;189,-156,-424;190,156,434;196,-115,-316;200,118,325;205,7,2;210,-2,3;216,4,10;218,2,11;220,-128,-328;236,7,25;239,10,-9;252,-7,11;253,6,18;265,11,0;268,110,310;269,6,0;270,-3,10;282,6,7;287,-116,-322;297,6,15;303,0,9;307,2,13;308,-4,-2;312,3,1;320,-2,8;323,4,-7;326,3,14;333,5,7;540,-112,-301;630,213,560
rua||ouro preto|granja minas gerais|27540030|15,-2246164,-4439929;18,2,-36;19,6,6;20,-9,19;22,15,4;40,-10,-19;46,12,-10;228,-109,-302;252,0,92;253,3,-11;254,0,-2;255,4,-13;256,3,1;257,2,-4;258,0,-2;259,8,-7;260,-3,-6;261,2,-7;262,2,-4;263,3,-13;264,4,-2;265,-2,-1;266,4,-6;267,4,-9;268,0,-2;269,5,-7;270,-4,-7;271,5,-7;272,2,-1;273,1,-7;274,6,-5;275,4,-13;276,-2,-2;277,4,-8;278,0,0;279,3,-8;280,-1,-2;281,-25,-12;282,1,5;283,-7,9;284,0,6;285,-3,5;286,-2,4;287,-3,12;288,-2,2;289,-5,10;290,-1,0;291,0,4;292,-5,7;293,2,7;294,-4,4;295,-4,7;296,-1,5;297,1,5;298,-8,5;299,3,13;300,-4,-2;301,-3,9;302,-1,0;303,-1,10;304,-1,3;305,-3,8;306,5,4;307,-5,10;308,-8,2;309,1,-59;310,-3,80;311,-11,-8;312,2,0;313,6,-11;314,-2,-5;315,2,-4;316,0,-4;317,8,-12;318,0,-2;319,2,-3;320,3,-9;321,0,-6;322,4,-4;323,0,-6;324,4,-5;325,2,-10;326,0,0;327,2,-9;329,7,-13;330,4,-2;331,2,-8;332,-1,-4;333,6,-4;334,0,-7;335,3,-9;336,-2,-1;337,0,-7;338,7,-6;339,5,-5;340,-3,-4;341,-25,-12;342,5,9;343,-7,4;344,-6,10;345,0,2;346,-3,9;347,-1,1;348,-6,9;349,3,2;350,-3,11;351,-1,4;352,-5,6;353,-3,6;354,2,3;355,-4,4;356,1,14;357,-7,0;358,-5,16;359,0,-2;360,-2,4;361,-1,3;362,-6,10;363,2,4;364,-4,10;365,-1,1;366,-3,7;367,-2,2;368,-4,9;369,1,3;370,-3,9;371,-1,2;372,-10,13;373,3,-4;374,-2,-6;375,4,-6;376,0,-3;377,1,-8;378,3,-2;379,4,-8;380,5,-5;381,1,-6;382,-1,-7;383,4,-7;384,1,-2;385,6,-9;386,-1,-6;387,3,1;388,2,-13;389,1,-5;390,2,-4;391,3,-6;392,-1,-1;393,7,-13;394,1,-2;395,3,-10;396,2,-8;397,1,-1;398,0,0;400,6,-14;401,3,-7;402,0,-6;403,7,-7;404,0,-3
rua||parana|morada do contorno|27525664|16,-2247624,-4450065;20,-8,-6;27,-3,-1;32,1,-14;33,0,0;39,-3,-7;44,0,-1;45,-7,-2;50,4,-7;51,-3,1;56,-3,-12;57,-3,8;62,7,-13;63,-25,9;65,-33,-128;68,55,117;69,-5,4;74,3,-15;75,-7,8;80,0,-8;81,-4,1;86,6,-9;87,-8,-1;92,0,-10;96,-44,-106;98,47,100;99,-8,3;105,0,-4;110,0,-8;116,-5,-8;117,-4,-7;123,-4,-4;129,4,3;134,-1,-8;135,-4,2;140,-2,-13;141,-1,6;146,-2,-11;147,-3,9;152,0,-20;153,0,15;158,-5,-12;164,2,-7;172,-5,-14;173,-5,4;178,5,-4;184,-5,-8;185,-3,-7;186,7,7;190,-9,-14;191,5,7;196,-1,-6;197,-10,-3;208,2,-13;209,-9,8;215,5,-10;220,2,-5;221,-9,0;226,0,-8;227,2,4;232,-2,-9;233,-4,3;235,-6,-13;238,10,-1;239,-5,16;244,5,-22;250,-7,-5;251,-4,-7;256,-2,1;257,-5,1;262,6,-3;263,-6,0;268,1,-8;269,-5,1;274,1,-11;275,2,9;280,-4,-14;281,-3,5;286,1,-10;287,-1,3;292,-2,-10;293,1,4;298,-1,-6;305,-4,-45;310,-2,31;311,-2,3;316,-2,-12;317,-1,6;322,1,-9;323,-5,-1;328,2,-8;329,-3,6;334,-6,-7;335,-3,-7;340,8,-3;346,-13,4;347,-8,-7;352,13,-10;353,9,-5;358,-8,-4;359,-16,8;364,15,-13;365,-8,4;370,7,-5;378,-6,-5;384,-7,-19;387,-2,5;390,-1,-8;396,2,-2;399,12,-6;402,-18,-2;405,-3,0;408,4,-6;414,-3,3;417,-7,-11;420,0,-8;423,-3,10;426,4,-15;429,5,8;432,-9,-13;438,-2,-4;441,2,0;447,-7,-8;450,-3,-12;453,5,9;459,-9,-7;462,-2,-10;465,1,-3;468,1,-3;471,-4,8;477,-5,-7;483,-2,65;486,2,-82;489,-10,5;492,4,-11;495,-3,0;498,6,-3;504,-8,-7;510,4,-14;513,-13,-1;516,7,-2;519,-19,9;522,14,-7;525,-21,19;528,24,-33;531,-13,-2;534,13,-3;537,-14,-1;540,4,-7;543,-4,-1;546,5,-2;549,-1,-1;552,-7,-3;555,1,-1;558,1,-12;561,-6,8;567,-6,-10;569,7,-1;570,-3,-10;573,4,5
rua||perimetral|bela vista|27524764|27,-2250100,-4450147;425,-98,-434;451,6,-20;523,-21,-84;547,-4,-8;593,-60,-54;599,-1,1;605,-4,-2;629,-14,-8;797,-130,-90
rua||pernambuco|morada do contorno|27525678|18,-2248048,-4450061;26,-5,-7;32,2,-5;38,-8,-10;44,-7,-1;50,5,-10;58,-4,-5;74,0,-11;80,-6,-10;81,-2,2;84,-5,-15;85,-5,4;91,-6,-5;94,13,-2;97,-14,-4;98,9,-8;102,1,-7;108,-3,-3;114,-6,-6;127,-11,-12;132,6,-2;133,-10,0;138,0,-9;139,-4,8;144,7,-18;145,-11,9;150,8,-16;151,-10,0;156,3,3;157,-6,-1;163,-1,-8;168,4,-9;169,-6,3;174,4,-5;175,-13,-4;181,2,-5;186,8,-6;187,-8,2;192,4,-9;193,-10,-3;204,4,-10;205,-5,0;234,-7,-29;235,-6,7;240,4,-14;241,-6,4;246,6,-9;247,-8,0;252,1,-3;253,-7,-3;258,5,-5;259,-8,-2;264,-21,-48;265,14,51;270,11,-17;271,-9,-1;276,5,-1;277,-8,0;282,10,-11;283,-13,3;288,10,-12;289,-7,12;294,0,-13;295,-4,1;300,4,-9;301,-8,2;306,6,-9;307,-14,1;312,9,-3;313,22,59;318,-24,-67;319,-15,-9;324,14,3;325,-10,8;330,1,-16;331,-6,6;336,11,-14;337,-6,9;342,6,-12;343,-12,6;348,6,-13;349,-14,3;354,11,-8;355,-4,-11;360,-1,2;361,-4,7;366,-3,-12;367,2,11;372,-3,-15;373,0,8;378,0,-19;379,-5,10;384,3,-10;385,-8,-6;391,8,5;396,-9,-14;397,-3,0;402,4,-3;403,-4,2;408,3,-10;409,-4,3;414,0,-15;415,-1,9;420,-3,-12;421,-5,4;427,-2,-9
rua||primavera|visconde de maua|27553000|250,-2233156,-4452937
rua||prisciliana|visconde de maua|27553000|20,-2233121,-4452872;225,-14,-136
rua||projetada|alegria velha|27525526|25,-2247512,-4449047;31,-9,-1;35,-5,-3;39,-2,6;45,-8,-2;49,-5,-1;53,-3,-1;57,0,0;61,0,1
rua||projetada|bairro elite|27522212|25,-2247124,-4447714;26,12,-9;29,-3,-4;42,-1,-5;47,-10,-5;48,4,-5;58,-4,-15;59,-7,1;67,-6,-3;70,6,-3;77,-10,-6;82,-3,-17;85,13,40;87,-8,-37;89,-15,-3;94,6,1;101,6,7
rua||projetada|cabral|27534236|2,-2245289,-4443968;5,-29,57;27,20,-35;63,9,-18;77,-3,2;150,-34,-2;151,19,35
rua||projetada|campo belo|27537282|78,-2244773,-4439148
rua||projetada|castelo branco|27535225|30,-2245424,-4442864;234,12,-25;256,-3,4
rua||projetada|engenheiro passos|27535225|23,-2249586,-4467332;30,-108,-224;50,3,1;70,14,23;80,-1,0;94,14,15;120,12,11;144,17,16;160,4,13
rua||projetada|jardim brasilia ii|27535225|161,-2247912,-4445425
rua||projetada|morada da barra|27535225|8,-2246150,-4438155;24,-18,-4;32,-4,14;40,-6,-15;41,-2,7;56,-1,11;62,3,6;64,0,3;69,2,9;77,6,6;80,-11,2;88,0,10;93,4,7;96,-1,-3;101,2,15;104,-6,-2;109,10,6;112,-8,1;117,8,10;120,-9,-3;125,11,17
rua||projetada|toyota ii|27525526|270,-2247425,-4450064;278,17,-16;286,-8,-8;294,8,-13;302,-2,0;310,-5,-9;318,0,-4;326,-3,-4;334,7,-19;342,-3,5;350,-13,-7;358,-8,-35;360,9,33;366,-5,-6;374,-1,-14;382,-3,-7;390,61,103;567,-133,-245;575,-4,-2;583,-6,-7;591,-8,-4;599,-3,-5;607,-3,-4;615,-8,-4;617,-7,11;623,-4,-9;631,-5,2;639,-10,-3;647,-2,-5;655,-11,7;661,-7,-15;679,-8,-8;687,-5,1;694,-26,-5;695,17,4;703,-19,-13
rua||projetada|vila liberdade|27521307|16,-2246567,-4446522;48,8,-1
rua||projetada|vila nova liberdade|27535225|20,-2246534,-4446515;31,18,10;51,0,0;53,-29,-13;59,29,46;71,7,-17;81,-25,49;91,19,-25
rua||p|morada da montanha|27525630|17,-2248485,-4450543;23,0,9;24,-6,-7;25,6,9;28,-5,3;33,7,0;34,-11,3;36,9,3;43,7,1;52,1,12;53,-5,-2;54,5,7;55,8,-3;63,-1,16;64,-6,-6;67,-2,-1;68,3,1;73,7,13;74,-8,1;78,8,-2;79,5,-2;83,-1,15;84,-4,-10;93,6,-2;97,1,8;103,5,13;104,-4,3;109,8,-4;113,-2,6;114,-5,7;128,10,6;132,-5,4;135,6,-8
rua||rabeno politi|fazenda da barra 1|27540275|119,-2245962,-4441190;120,13,5;122,38,-3
rua||sao paulo|vila julieta|27521040|38,-2247371,-4446801;40,-19,2;470,-384,59;480,-12,4;484,-12,-3;1046,86,-7;1050,-5,1;1056,-8,3
rua||suzana politi|fazenda da barra 1|27540285|62,-2245923,-4441455;67,-45,7;68,2,-1;69,17,5;70,6,-2;71,25,-2;73,23,-2;74,8,-2;75,-2,0;93,-36,4;105,-12,-2;450,86,-11;451,-17,2
rua||vale do paraiso|engenheiro passos|27555000|25,-2249788,-4467543;41,11,9;75,24,22;135,42,27;147,8,6;151,6,9;161,28,7;165,5,33;175,6,-5;187,-4,16;196,-13,-9;200,11,24;201,-27,-61;210,29,61
rua||vitorio pizzi|sao caetano|27532290|48,-2246143,-4447833;59,26,-5;75,15,-10;83,9,-9;86,46,-3;90,39,-18;91,-79,14;104,11,11;105,-6,-7;118,19,6;121,2,-9;141,14,-12;156,17,9;159,2,-6;177,22,-25;197,1,-3;198,16,76;200,-3,-63;212,9,4;221,9,-9;241,6,-5;250,14,3;259,6,-6;270,13,1;271,-11,-5;273,34,-8;275,4,0;279,-18,5;282,-2,-2;288,7,-5;292,5,-4;309,32,-1;316,-16,5;328,15,-1;351,12,-10;360,7,-3
rua||voluntarios da patria|vila liberdade|27521340|120,-2246510,-4446727;130,5,1;137,2,4;140,5,-3;153,16,3;154,-7,9;160,1,-8;167,11,4;172,1,8;175,16,-3;184,4,11;185,-3,-9;197,15,5;198,-6,9;205,20,-6;206,-7,11;228,13,7;231,1,-6;232,7,10;234,-2,0;236,0,0;238,11,0;245,-12,-4;255,27,3;259,-7,3;265,17,10
travessa|sao|paulo|vila julieta|27521045|10,-2247800,-4446723;16,-4,12;21,5,2;28,-2,11;29,4,10;39,4,0;40,-8,3;42,5,9;47,5,10;52,-4,-3;57,7,11;60,-11,-4;64,4,10;65,8,4
travessa||dos pardais|toyota i|27525512|10,-2247503,-4450086;18,-4,5;26,-5,15;34,1,1
travessa||dos pracinhas|vila nova liberdade|27521300|29,-2246570,-4446464;46,2,10;47,-1,1;56,-1,9;58,-1,16;59,3,-9;61,1,4;78,6,22;79,-6,0
travessa||joao ferreira pinto|jardim jalisco|27510070|30,-2246688,-4445436;57,9,6;60,-17,-20
travessa||projetada|primavera|27525466|11,-2247660,-4450672;19,-21,-15;27,1,11
