avenida||otavio ponte de almeida|volta do piao|25780000|2,-2212806,-4278211;3,-7,-16;5,30,65;6,4,-75;7,-18,-118;8,33,90;9,3,5;11,1,-20;12,6,-25;13,-28,-35;14,30,24;15,-26,-87;17,6,34;20,148,-22;24,51,-53;25,10,-130;26,-30,67;30,21,-44;31,-141,-35;32,18,-70;34,132,32;35,-13,164;36,-66,-269;37,54,162;77,-191,186;131,-20,171;400,335,-652;402,26,4;403,-60,103;405,23,-83;407,-85,155;502,194,-397;1500,62,-102
bairro||reta de aguas claras|rocadinho|25780000|23850,-2217202,-4294265
estrada|deputado|manoel de souza santos|santa fe|25780000|150,-2214839,-4291520;156,-107,56;160,78,-52;179,-76,71;183,15,9;195,-7,8;460,-214,53;470,-54,64;500,-24,30;502,108,-94
estrada|madame|beth pouchucq|iris|25780000|1450,-2219808,-4297468;1555,-38,158;1804,-1299,1637;2055,615,-1297;2545,-1,-50;2555,17,99;3405,-176,767;4035,-44,310
estrada|madame|beth pouchucq|jaguara|25780000|277,-2219468,-4298073;795,-281,284;1500,-93,480;1700,-285,-134;2080,-343,119;2200,-89,55;3346,-123,1065;3400,-33,36;3410,21,0
estrada|santa|maria|aguas claras|25780000|155,-2217635,-4296653
estrada|santa|maria|queiroz|25780000|45,-2217731,-4296442;155,52,22;325,-11,-69;333,24,20;825,-357,231;826,28,-51;1281,-935,550;1900,1101,-638;2505,-1138,556
estrada|santa|maria|santa maria|25780000|826,-2217996,-4296296
estrada|sao|jose teresopolis|boa vista|25780000|1255,-2214266,-4290022
estrada|sao|lourenco|estrada sao lourenco|25780000|1101,-2214529,-4294296
estrada|sao|lourenco|pedras brancas|25780000|1640,-2214222,-4294068
estrada|sao|lourenco|sao lourenco|25780000|360,-2212681,-4293114;396,-532,-387;911,-944,-530;925,-87,-66;983,86,53;999,27,2;1017,8,15;1085,38,21;1103,12,-5;1173,64,33;1187,14,9;1199,-1,6;1228,37,62;1235,-12,-33;1335,125,98;1387,80,33;1395,4,0;1560,146,41;1621,-643,-355;1625,741,406;1630,-725,-375;1640,3,6;2000,815,566;2015,-43,-158;2055,173,127
estrada|sao|roque|palmital|25780000|320,-2213106,-4292894
estrada|sao|roque|sao lourenco|25780000|320,-2213084,-4292876;350,63,78;513,106,35;725,67,74;781,141,60;785,-134,-25;786,9,120
estrada||afonso rodrigues biittencourt|morro grande|25780000|3600,-2219081,-4292770;3900,-279,189;4000,-100,22;4100,-29,66
estrada||afonso rodrigues biittencourt|rocadinho|25780000|1570,-2218020,-4293853;1650,42,36;1652,-1,19;1868,-154,75;1950,-22,79;1976,-8,11;1990,-15,14;2004,-7,3;2220,-186,13;2250,104,-156;2252,-4,26;2264,-133,159;2772,-235,400;2792,-24,-64;2818,-51,11;2844,89,75;2868,-35,12;3000,-44,88;3220,-127,111;3330,-112,57;3400,-70,45
estrada||afonso rodrigues bittencourt|brucussu|25780000|189,-2216973,-4294604;23700,-206,78
estrada||afonso rodrigues bittencourt|morro grande|25780000|3461,-2219086,-4292696;3462,1,-51;3600,2,-15;3801,-139,151;3900,-126,20;3925,-23,23;4000,-91,-3;4029,20,43;4035,35,43;4046,-143,30;4047,99,-89;4199,29,146;4523,-129,263;4555,-38,33;4905,-67,57;7700,600,-710
estrada||afonso rodrigues bittencourt|rocadinho|25780000|1515,-2217820,-4293944;1570,-197,92;1633,55,28;1669,-5,40;1765,-65,66;1868,-114,-31;2323,-257,220;2395,7,35;2500,123,-263;2532,-1,26;2579,-168,449;2679,-59,28;2703,5,67;2717,-67,-7;2807,-7,80;2818,-167,-135;2868,70,104;3069,-65,181;3191,-61,23;3220,-38,1;3231,18,57;3381,-143,66
estrada||albano pereira ribeiro|gloria|25780000|150,-2217085,-4292648;380,78,165;401,64,128;411,0,19;469,-10,35;485,29,53;500,-12,12;532,-72,32;536,-1,-2;546,83,-8;550,33,35;608,-25,36;615,7,34;685,0,14;697,-27,27;714,0,18;765,-4,54;837,-15,49;850,-48,34;851,49,2;853,-66,111;940,0,4;1020,-43,58;1083,84,22;1086,-40,59;1146,62,-101;1155,-1,-37;1156,13,33;1212,14,-56;1255,138,-31;1265,-114,-9;1267,0,-13;1295,11,-43;1309,19,-14;1320,21,8;1329,-18,-26;1332,55,66;1383,-64,-85;1385,5,0;1390,12,-2;1410,29,-31;1945,-57,-22
estrada||alfredo jacinto franco|centro|25780000|69,-2214710,-4291644;70,-17,-4;73,38,37;135,34,0;155,9,12;173,-1,9;257,45,30;337,21,29;339,14,21;341,13,18;343,4,14;347,-90,-111;349,117,81;415,5,64;417,7,16;419,15,1;429,-3,15
estrada||alfredo jacinto franco|valverde|25780000|15,-2214061,-4291096;19,-25,-8;20,-280,-244;21,266,222;651,-269,-216;653,21,5;661,0,16;705,29,25;715,12,27;737,-25,-37;903,115,68;999,79,43;1023,28,43
estrada||antonio da rocha branco|gloria|25780000|711,-2216924,-4292059;833,728,-752;844,86,508;1510,-123,-541;1550,-97,80;1600,53,48;1750,-75,19;2400,-532,-101;2840,-640,112;3380,-171,-247;3400,-49,-87;3430,14,25;3460,37,77;3800,-298,-70;3805,-34,-83
estrada||antonio da rocha branco|rocadinho|25780000|4100,-2217970,-4293342;4132,30,-43
estrada||antonio jose antunes|queiroz|25780000|15,-2217668,-4296814;16,22,0;26,-22,3;242,-336,-211
estrada||benedito ramos|parada morelli|25780000|3,-2218877,-4300408;60,-68,454;900,198,-488
estrada||boa vista|serra do capim|25780000|47,-2216692,-4283887
estrada||br 116|br 116|25780000|46,-2217440,-4284141
estrada||br 116|km 49 rodovia rj 116 rodovia santos dumont|25780000|46,-2217444,-4284142
estrada||br 116|piao|25780000|10,-2212325,-4277978;12,-122,-9;620,12,16;624,16,-31;625,9,-12;630,-22,13
estrada||br 116|serra do capim|25780000|45,-2216746,-4282624;47,-675,-2222;48,-956,-844
estrada||calcado grande|belem|25780000|33,-2211252,-4290328
estrada||corrego da boa esperanca|piao|25780000|1,-2212512,-4276163;2,11,-2;30,-15,31;113,24,-31
estrada||corrego sujo|corrego sujo|25780000|2,-2219114,-4303898;4,-1056,-550;6,-621,-226;35,-13,10;295,-17,34;577,419,64;830,158,390;877,-95,-332;879,43,29;900,528,286;3223,1036,367;3275,10,25
estrada||da floresta 1|floresta|25780000|1747,-2216365,-4293879;1749,9,11;1777,-40,-40;2489,-358,-549;24015,20,73
estrada||da floresta|floresta|25780000|4,-2215520,-4292907;6,2,5;22,-7,-47;47,-49,41;57,10,-5;75,-5,-8;79,-1,-16;113,-13,-27;125,253,-107;140,-298,78;550,-167,-248;600,-119,-83;790,-17,-177;804,-19,-31;805,11,13;822,-3,-27;836,32,68;837,-24,26;859,-16,-94;865,-11,-15;901,-14,-10;905,-34,-30;908,11,-5;928,18,0;963,-30,10;975,-4,-3;983,-46,12;1025,-30,-1;1029,-12,-11;1030,6,5;1033,14,-1;1036,11,-14;1060,13,-29;1070,11,14;1958,-5,30;1959,-7,7
estrada||da grota funda|aguas claras|25780000|701,-2215089,-4295727;725,67,-47;940,333,-473;1555,-41,-28;2099,541,-71
estrada||da varzea|corrego sujo|25780000|135,-2215947,-4301389;7789,-195,36
estrada||das areias|morro grande|25780000|4757,-2219746,-4291946
estrada||das contendas 1|contendas|25780000|4,-2217245,-4297921;35,-11,-17;281,13,38;285,0,5;333,10,30
estrada||das goiaberas|serra do capim|25780000|48,-2218227,-4287792;50,-785,641;51,786,-640
estrada||das petecas|contendas|25780000|143,-2216635,-4297744;195,-16,98;535,-127,336;545,-61,311;629,23,-101;1251,110,306
estrada||dirindi|dirindi|25780000|1200,-2215808,-4291027
estrada||do belem|belem|25780000|8,-2211066,-4291201
estrada||do cafezal|serra do capim|25780000|48,-2217633,-4285446;116,-115,239
estrada||do camboata|camboata|25780000|4,-2218187,-4298189;11,-2,-11;30,32,0;46,139,-172;54,-149,162;63,7,-35;66,-2,24;80,3,-9;82,3,-5;84,2,-19;122,20,-22;136,12,-5;156,12,-11;166,5,-4;172,12,-13;184,5,-5;199,14,-20;216,11,8;224,19,-12;237,15,-2;238,14,-3;253,-9,3;257,-3,1;264,27,-1;269,0,-5;274,9,5;283,-32,0;287,3,4;288,32,4;290,12,1;330,14,15;344,-8,15;368,18,4;390,12,12;420,12,5;430,14,-3;432,42,-12;449,-4,-9;467,11,2;493,19,-13;522,26,-20;528,-1,6;541,18,-7;565,30,-8;580,-6,18;600,10,4;628,49,11;642,7,-14;654,9,1;660,4,-1;670,7,-16;680,1,5;690,9,-14;700,6,-3;714,5,-11;738,14,-18;741,3,-15;742,7,-19;743,-11,24;795,-1,-33;800,26,1;805,-14,-16;808,-2,-8;815,-8,-3;828,10,-14;854,-7,-16;872,-5,-20;875,0,-4;882,-1,-16;893,-4,1;910,-3,-34;920,-10,-19;935,12,47;937,-16,-55;942,16,3;953,-33,-8;980,-47,-136;1001,58,110;1002,-4,-13;1014,-8,-26;1100,-28,-41;1120,51,106;1127,-76,-149;1138,68,112;1149,-83,-123;1188,53,75;1245,-18,-23;1330,-32,-63;1340,-17,-23;1343,-12,7;1355,3,-20;18055,-633,428
estrada||do felisberto|pouso alegre|25780000|300,-2212361,-4289897;655,-123,182
estrada||do sertao|contendas|25780000|820,-2217937,-4299379;1465,29,44
estrada||do sertao|parada morelli|25780000|3,-2217383,-4299652;4,43,-61;6,216,-53;7,199,-68;9,33,-28
estrada||dos albertos|brejal|25780000|5155,-2224000,-4298968
estrada||dos iris|jaguara|25780000|119,-2221394,-4295693;218,862,-1153;777,-1013,1117;5028,161,-51
estrada||dos pinheiros|aguas claras|25780000|5,-2216358,-4295289;100,533,609;692,-400,-542;840,-9,-15;866,38,25;900,32,-28;916,8,-9;920,-641,-356;980,791,536;1100,436,1062;1150,-118,-224;1220,34,9;1294,74,46
estrada||dos pinheiros|torrao de ouro|25780000|86,-2216052,-4295094;400,-165,86;710,155,-174;1220,472,994
estrada||dos tres acudes|pedras brancas|25780000|50,-2214802,-4294008;67,-2,6;1500,-46,127
estrada||emanuel goncalves faria|morro grande|25780000|358,-2219921,-4291951
estrada||emanuel goncalves faria|ventania|25780000|1000,-2220900,-4292298;2162,-489,-455;2190,-33,14;2250,-80,20;2310,-32,24;2315,40,79;2340,-43,-54;2416,-70,15;2430,-53,-121;2438,37,154;2500,-39,130;3190,-316,470;3280,70,168;3340,-59,148;3430,40,-90;3520,-21,204;3536,12,13;4081,-200,354
estrada||fazenda dirindi|dirindi|25780000|1000,-2215833,-4290500
estrada||felisberto|pouso alegre|25780000|265,-2212465,-4289856;267,91,17;300,68,-54;333,-210,-81;401,9,32;405,21,45;595,354,-17;655,-356,217;980,-88,325;985,70,58;1101,-118,140;1195,-4,67
estrada||francisco cardoso|palmeiras|25780000|55,-2220168,-4294432
estrada||gilberto souza soares filho|jaguara|25780000|20,-2218877,-4298440;40,6,33;86,-13,26;120,47,48;140,-15,43;174,-18,72;190,-2,-50;204,0,37;208,-12,-4;250,12,29;260,-6,5;282,-3,22;320,-12,25;364,-10,36;378,-11,2;388,-1,9;397,-9,29;425,-1,12;458,-11,29;465,13,7;497,25,-35;508,4,46;510,-27,12;520,40,-12;525,-6,5;540,31,-8;620,78,59;750,5,48;807,0,76;845,-7,33;849,0,-7;865,-6,37;885,3,-6;900,-20,53;930,-33,10;990,-22,92;995,73,-114;1010,-81,129;1020,-9,11;1032,22,-67;1050,15,19
estrada||jacintho cabral da ponte|parada morelli|25780000|863,-2218410,-4300211;1415,266,601;1450,-26,46
estrada||jacinto cabral da ponte|contendas|25780000|385,-2216752,-4297966;965,107,90;1275,-953,-396;1311,7,-22;1365,18,-52;1435,-290,-831;1516,-93,-149;1545,131,281;1655,-150,-341;1660,390,874;1995,-49,-220
estrada||jacinto cabral da ponte|parada morelli|25780000|38,-2218859,-4299944;242,-219,20;258,15,17;269,11,1;545,249,-50;863,152,-11;1555,615,419
estrada||japhyr do amaral assumpcao|brucussu|25780000|500,-2218453,-4295171;885,986,365;1120,-431,-72
estrada||japi do amaral assuncao|brucussu|25780000|35,-2217998,-4294847;270,-673,-224;410,1401,152;468,-32,31;542,-53,3;554,-11,10;572,-11,1;596,-31,-8;636,-11,18;745,-201,58;816,-7,-2;838,-10,-1;884,-52,-15;918,-24,-20;946,-8,-28;962,-25,32;1000,-34,-28;1050,-51,-13;1150,-86,10;1178,-27,-11;1182,7,21;1196,-21,8;1198,-10,4;1200,-5,6;1210,-16,-10;1228,-4,28;1290,-57,7;1332,-54,-43;1600,-219,38;1950,-341,-109
estrada||jappyr amaral assuncao|brucussu|25780000|367,-2217227,-4294872;375,-31,-17;641,-144,20;723,-60,171;813,-154,-85;869,-56,-7;885,-64,188;889,31,-161;921,31,-96
estrada||jappyr amaral assuncao|palmeiras|25780000|1149,-2217950,-4294850;1159,4,8;1229,-46,28;1231,73,18;1233,-91,-1;1301,-58,-26;1603,-283,-2;1837,-271,-71;1845,-16,-6;1877,59,-32;1999,-104,17;2149,-81,-34;2173,6,3;2237,-89,-9
estrada||japyr amaral assumpcao|brucussu|25780000|410,-2217312,-4294902;1050,-518,24;1600,-490,55;1950,-344,-113
estrada||japyr do amaral assumpcao|brucussu|25780000|37,-2216978,-4294923;50,-20,-18;77,-12,11;84,-12,-10;107,-26,0;120,14,-36;123,-33,34;145,-21,12;147,10,1;150,-14,-51;180,-43,19;193,10,14;251,-47,1;263,16,6;270,11,-12;275,-55,29;276,50,-24;298,-41,8;318,-22,26;367,1,70
estrada||joana cabral morelli|parada morelli|25780000|3,-2219154,-4300468;160,65,261;310,-25,-127;390,-15,-113;430,-13,-21;600,-2,-141;625,-6,-10;650,-27,-52;980,-12,-56;991,-8,2;1010,-47,-164;1012,-3,-2;1098,-25,-83;1110,-3,-16;1116,0,-15;1119,-15,-67;1251,-35,-92;1277,2,-28;1301,6,-11
estrada||joao batista tedesco|santa fe|25780000|7,-2214844,-4291652;9,9,52;11,-1,-23;23,6,2;41,12,30;51,5,-17;99,21,36;181,-6,-27;183,-7,7;200,18,132;205,7,-94;216,12,50;221,-35,59;222,-16,-9;257,-3,14;258,-12,-24;285,0,35;287,-8,5;290,-1,5;300,-12,-1;320,-19,20;401,-14,18;411,-9,16;421,-2,10;500,-114,54;580,-35,67;601,66,-13;603,-2,8;605,12,20;607,1,12;620,-18,12;622,8,1;630,4,23;635,3,3;636,-6,-3;650,10,26;670,2,18;749,-20,57;750,0,24;1150,140,-585
estrada||jose oliveira de medeiros|boa vista|25780000|18,-2214049,-4291088;800,196,445
estrada||jose oliveira de medeiros|valverde|25780000|18,-2214055,-4291086;70,29,5
estrada||jose silveira de medeiros|pouso alegre|25780000|980,-2213748,-4290615;1000,23,15;1020,-2,3;1060,8,46;1084,7,56;1578,299,170;1594,23,9;1600,10,5;1626,2,4;2080,495,-63;2100,-227,-78;2110,176,7;2300,203,64;2400,133,109
estrada||manoel da rocha branco 1|contendas|25780000|105,-2217408,-4297866
estrada||manoel da rocha branco|contendas|25780000|36,-2217225,-4297914;39,1,-5;105,-211,151;195,801,141;210,-31,-176;385,-40,-171;400,-393,161;424,2,-5;440,0,-9;447,-2,-15;560,310,582;567,-217,-639;600,59,5;820,73,839;965,230,-822;1013,167,37;1196,101,113;1349,158,-227;1495,108,-1;1500,-79,44;1523,160,-13;1613,41,-2;1614,19,0;2001,6,2
estrada||manoel severino da silva|brucussu|25780000|151,-2217021,-4295064;170,-66,-18;195,-4,4;222,-11,-7;315,-61,-75
estrada||maria jose oliveira pacheco|morro grande|25780000|66,-2219521,-4292294;98,22,78;259,132,-80;328,-45,51;400,60,195
estrada||monte florido|contendas|25780000|25,-2216932,-4297937;100,81,-57;170,99,-84;400,21,-194;408,-11,20;605,-186,334
estrada||nicolau rocha duarte 2|parada morelli|25780000|3,-2218408,-4299663;15925,-285,101
estrada||nicolau rocha duarte|camboata|25780000|6,-2218316,-4299571
estrada||palmeiras|brucussu|25780000|318,-2217212,-4294912
estrada||paraiso|estrada do paraiso|25780000|12,-2211352,-4295076;16,-2780,973;220,1886,-930;900,-1922,921;1310,-64,-40;1500,8,8;1501,-7,-1;1728,176,56;1750,22,17
estrada||paraiso|sao joao de paqueta|25780000|14561,-2209555,-4295071
estrada||paschoal moreira da costa|morro grande|25780000|105,-2220317,-4291744;120,-38,-33;178,576,-257;278,-85,53;321,35,7;327,-51,37;328,5,-54;426,-47,139;427,4,3;428,-554,20;519,512,57;527,-1,8;530,-10,-8;555,-20,17;558,-4,-9;565,-10,8;575,-13,27;576,2,-27;620,-23,9;629,-23,17;692,-45,-44;736,-20,47;823,-107,36;980,-97,55;981,-7,20;1165,-142,71;1205,-3,-11;1250,-11,-50;1263,-5,-13;1275,-44,36;1287,15,-42;1335,7,-69;1350,30,87;1390,-1,-145;1422,8,-50;1454,14,-35;1473,-9,17;1474,-1,4;1478,17,-23;1520,-64,6;1600,-7,-8;1778,100,40;4444,796,-497
estrada||paulino correa pacheco|rocadinho|25780000|5550,-2218643,-4293350;5650,-88,-25
estrada||saturnino pereira da silva grota funda|aguas claras|25780000|725,-2215001,-4295752;2060,745,-539
estrada||saturnino teixeira da silva palmital|palmital|25780000|65,-2213606,-4292619;1194,56,-137;1494,-303,467;1495,7,9;1526,14,-36;1626,60,-31;1708,0,-147;1710,-17,-7;1844,197,-175;1846,-2,-12;1848,1,1;1850,-77,76;2166,131,-74;2172,13,-21;2176,-24,-35;2200,39,-28;2214,51,22;2215,-8,-46
estrada||saturnino teixeira da silva|palmital|25780000|65,-2213640,-4292608;964,-462,747;1294,185,-299;1308,-173,127
estrada||saturnino teixeira da silva|valverde|25780000|18,-2214312,-4291346;138,32,8;148,3,5;156,5,5;159,27,33;160,-5,-38;195,2,33;196,8,7;198,7,-22;208,1,3;220,13,-23;232,-7,-6;264,-21,-23;340,-20,-41;356,15,-9;430,62,22;450,26,-17;470,12,14;1111,350,-1148;1655,37,-52;1725,64,-17;2215,186,-177
estrada||saturnino teixeira|centro|25780000|11,-2214384,-4291362;39,-61,-218;43,122,202;63,-24,8;95,35,10;113,34,-27;118,165,-567;135,-163,600;245,41,9;275,-13,-18;299,-25,-21;309,10,24;313,-11,-17;343,10,-38;357,5,-11;363,4,-1;371,19,9;1185,107,-420
estrada||silveira da mota|rio bonito|25780000|10094,-2220866,-4302346;10500,-196,139;10572,168,-157;10622,55,24;10640,28,-6;10648,3,-4;10650,9,30;10659,0,4;10700,1,6;10740,0,-1;11000,816,144;11020,-542,-357;11040,8,1;11042,-21,6;11150,85,-26;12000,361,163;12300,0,-5;12460,122,247;12476,16,2;12484,15,11;12504,10,12;12526,9,15;12750,23,38
estrada||silveira da motta km 17|jaguara|25780000|17166,-2218942,-4298680;17184,0,16;17210,3,25;17228,-13,24;17230,0,0;17248,18,9;17312,20,52;17320,4,11
estrada||silveira da motta|aguas claras|25780000|22,-2216939,-4295569;1943,-578,-2210;5515,615,2280;19435,-610,-2298;19453,-10,14;19467,-3,21;19477,-7,3;19777,-2,238;19813,-1,3;20205,138,365;20227,7,25;20261,1,4;20267,9,19;20275,0,4;20395,91,171;20651,172,206;20673,3,14;20685,3,8;20995,0,13;21115,20,127;21123,27,50;21155,17,13;21175,12,17;21215,30,29;21255,13,17;21495,96,161;21600,-18,15;21640,-17,18;21650,-89,57;21653,-7,13;21668,-16,-18;21690,-13,-12;21697,-5,47;21700,-7,-5;21720,-23,12;21723,1,8;21764,-14,-18;21786,-13,25;21940,-115,71;21945,16,86;21980,10,39;21985,4,3;22000,7,36;22005,-1,-10;22015,9,14;22043,7,11;22055,8,5;22065,4,16;22066,-23,-9;22093,19,24;22105,19,21;22205,55,57;22367,149,185;22555,97,138;22856,152,189;23700,-318,676;23800,71,139;23920,83,84;23964,14,27;23976,-200,-253;23984,196,306;24530,403,874;25000,194,168;25100,-207,-214;25400,55,140;25450,-40,101;25780,-71,-471;25840,337,453;25842,11,11;25850,66,65;26358,25,-33;219080,-1128,-2760
estrada||silveira da motta|aguas clara|25780000|23355,-2216947,-4294862;23621,289,1024;23721,2,4;23729,-1,-1;23800,-297,-1073;23945,93,539;23987,44,169;23995,-23,-61;24111,38,91;24117,-4,2;24223,29,93;24265,22,24;24351,21,62;24355,2,19;24367,8,22;24385,12,22;24409,-3,3;24433,16,25;24601,11,23;24613,12,26;24681,49,58;24729,48,5;24785,45,-21;24815,26,1;24859,-150,-12;24879,201,-3;25655,147,541;25755,47,5
estrada||silveira da motta|barrinha|25780000|12769,-2219789,-4301909;12777,-90,-130;12834,1,21;12844,26,18;12854,-9,16;12864,-2,14;12888,24,-1;12889,3,5;13053,163,148;13069,21,24;13083,9,9;13103,17,16;13106,-10,9;13112,4,2;13117,16,2;13139,16,22;13167,17,38;13194,-5,20;13240,21,48;13241,1,3;13249,-1,13;13267,6,18;13279,2,16;13377,19,90;13480,8,61;13500,2,-40;13595,75,56;13607,7,0;13700,26,65;14130,-131,469;14157,245,-28;14185,1,40
estrada||silveira da motta|brucussu|25780000|10,-2216964,-4294943;23200,59,-86;23400,-1,-6
estrada||silveira da motta|camboata|25780000|1,-2218432,-4298330;2,-12,-8;3,-20,-17;115,297,-11;10059,-210,22;18000,-20,95;18059,18,-97;18113,4,51;18135,9,3;18157,20,6;18167,-3,7;18187,48,30;18201,60,43;18215,-4,-17;18235,6,11;18249,18,-1
estrada||silveira da motta|centro|25780000|25251,-2215868,-4293091;25261,2,16;25361,64,30;25395,44,42;25551,121,101;25649,-573,-348;25751,68,42;25925,66,18;25963,457,304;26001,-334,-245;26035,10,6;26065,40,18;26078,9,36;26087,12,-25;26150,29,70;26211,13,-52;26511,219,229;26525,-9,16;26561,-14,25;26573,-14,17;26580,-10,-37;26595,50,21;26777,-49,48
estrada||silveira da motta|contendas|25780000|2,-2218126,-4298082;52,514,177;65,-12,19;105,-9,8;139,-25,14;155,4,-10;1851,-485,-292;1900,352,207;18303,-407,-215;18333,14,14;18351,31,5;18380,-7,60;18385,8,-46;18393,7,27;18417,23,8;18425,11,8;18441,4,22;18447,13,13;18450,-31,5;18476,23,-6;18481,9,10;18483,0,0;18485,2,7;18497,11,3;18525,19,16;18630,41,105;18741,150,-39;18758,17,-6;18773,19,0;18776,6,0;18788,-12,25;18789,26,-29;19000,43,11;19035,31,13;19060,16,27;19067,9,-18;19075,16,2;19080,-11,22;19095,18,-31;19111,26,-6;19126,2,16;19149,21,-16;19150,-1,12;19169,16,-18;19170,2,-2;19178,14,0;19193,-1,0;19202,12,6;19203,-1,-6;19221,16,8;19231,-12,-10;19241,27,20;19245,3,-3;19250,-10,9;19255,13,-12;19273,9,8;19283,8,0;19286,-14,25;19287,9,-8;19295,20,1;19299,9,4;19300,-12,8;19355,10,34;19365,24,15;19367,-2,-3;19371,-7,2
estrada||silveira da motta|jaguara|25780000|8,-2218848,-4298539;101,-9,-11;102,-2,10;103,1,-3;104,-3,-5;105,16,6;106,-1,4;107,0,4;109,-4,-12;110,1,1;171,-91,-105;7001,115,-120;16087,-88,56;16500,46,-535;16683,177,250;16753,16,38;16825,-46,91;16855,-36,30;16877,24,45;16879,53,-115;16957,-142,132;16993,-49,34;17000,86,-101;17001,-46,75;17025,-29,16;17031,23,222;17049,-54,-204;17075,-18,11;17100,-23,-8;17115,4,37;17133,8,10;17143,0,8;17231,-11,64;17245,-8,9;17480,121,278;17975,150,-28
estrada||silveira da motta|parada morelli|25780000|144,-2218861,-4299766;14130,-766,-1090;14158,307,-49;14160,-4,7;14174,-22,19;14178,21,11;14188,-13,10;14190,-18,13;14198,48,46;14218,3,5;14244,21,40;14280,-6,16;14300,6,22;14320,0,0;14380,32,110;14421,11,-39;14430,-17,57;14435,14,-15;14451,4,46;14455,2,3;14460,-17,14;14463,20,13;14475,-6,80;14505,3,40;14511,0,21;14543,10,-96;14550,-14,121;14551,11,-5;14560,-4,21;14577,8,3;14585,5,4;14605,3,11;14619,2,16;14789,29,63;14843,5,37;14911,-1,80;14921,5,19;14935,0,24;15000,-68,69;15005,46,-13;15049,-21,34;15055,-6,10;15060,-43,-3;15101,39,15;15115,9,19;15135,-16,0;15165,12,50;15229,38,88;15307,8,3;15321,-6,7;15345,25,12;15425,33,22;15435,24,25;15515,115,-7;15615,96,9;15685,46,2;15700,-715,-1429;15865,844,1509;15895,3,22;16500,-192,212
estrada||silveira da motta|queiroz|25780000|19526,-2217553,-4297719;20226,145,598;20250,10,7;20272,41,54;20284,12,6;20324,18,38;20364,29,62;20380,0,21;20394,0,4;20404,7,13;20420,12,7;20450,14,41;20460,28,1;20468,-2,11;20474,-3,-11;20980,89,153;21116,20,125;21620,193,279;22885,251,1084
estrada||silveira da motta|rio bonito|25780000|10549,-2220790,-4302368;10783,151,-80;10916,44,-47;10927,24,-25;11033,83,-52;11047,-18,13;11105,40,-24;11120,16,-9;11135,7,-4;11185,49,-39;11187,-1,-13;12000,2,-3
estrada||soli rampini|alto da boa vista|25780000|223,-2214524,-4289407;225,-1,7;313,-22,93;383,-43,26;409,-12,56;448,69,345;800,11,44;1213,-123,337;1329,175,-120;1331,-41,128
estrada||soli rampini|boa vista|25780000|180,-2214548,-4289406;244,-59,68;313,-10,37;321,37,-16;800,63,506;848,-38,-72;1100,-71,366;1350,-159,90;1980,-239,376
estrada||taboinhas|taboinhas piao sao jose do vale do rio preto|25780000|31,-2214596,-4280601;10500,7,-700;15100,-119,405
estrada||tres acudes|tres acudes|25780000|1441,-2214813,-4293762
estrada||tubatao|agua fria|25780000|3484,-2210934,-4296730
estrada||vicente morelli|parada morelli|25780000|94,-2219278,-4300295;108,-51,28;155,-70,66;157,49,-59;158,-14,9;160,7,1;170,-23,-13;228,-1,9;246,-56,-2;275,-48,31;280,14,-29;320,-29,-10;333,-26,5;349,48,24;352,17,-18;356,-33,-5;400,-48,-22;415,-16,1;437,-20,-3;438,-3,-11;448,-11,-4;477,-27,-7;498,7,-2;522,-46,-30;540,-22,-20;550,-3,-3;554,10,5;562,-22,-17;572,2,-3;602,-17,-10;650,-58,-44
ladeira||maria godinho da silveira|parada morelli|25780000|17,-2219164,-4300053;37,2,14;41,-2,3;50,-18,9;56,-19,-4;58,14,12;64,13,3
praca||domingos soares|centro|25780000|26,-2215150,-4292490
praca||joao werneck|centro|25780000|16,-2215146,-4292367
rodovia||bianor esteves|boa vista|25780000|2,-2214282,-4290499;35,-65,573;138,199,-1025;150,-9,27;350,-135,165;675,28,231;681,12,-72;685,-17,79;700,-77,-12;701,36,106;737,8,-57;747,1,21;773,-12,16;774,-16,11;789,28,9;808,-26,10;830,-13,19;831,22,-7;847,-13,4;850,-17,7;869,13,16;870,-34,37;879,47,-95;1000,-35,209;1015,72,-83;1073,6,42;1083,18,9;1091,-16,13;1107,-17,4;1137,13,8;1161,-20,35;1185,11,21;1190,-34,7;1198,-5,21;1230,-1,13;1233,9,5;1250,-96,9;1255,94,9;1300,-47,42;1313,50,35;1348,-57,-7;1350,-53,133;1389,131,-19;1390,-95,-47;1396,-43,71;1397,67,-82;1399,-17,132;1400,-37,-44;1410,12,33;1418,-26,16;1435,59,40;1530,-198,-8;1900,-9,277;3366,-996,321
rodovia||bianor esteves|poco fundo|25780000|2264,-2214728,-4289345;2340,-55,23;2496,-136,85;3260,-296,-45;3261,-14,4;3326,-52,8;3350,-22,5;3351,18,10;3358,-16,3;3376,-22,-6;3380,-5,-15;3786,-265,76;3788,-64,-26;3808,-15,10;4868,-845,1;4958,-86,22;4970,-7,42;5028,-16,73;5048,-21,-14;5180,-46,134;5320,19,95;5340,5,22;5386,9,14;6878,-1207,211;7400,-621,-348;34300,1912,-218
rodovia||bianor esteves|valverde|25780000|55,-2214105,-4291033;75,-5,16;83,-8,14;95,13,12;107,-26,18;175,-41,118;303,-15,68;519,38,-103;681,-92,293
rodovia||bianor martins esteves rj 134|poco fundo|25780000|3575,-2215541,-4289277;3695,-26,67;3735,-18,20;3745,-38,-11;3763,-5,4;3817,-35,-23;6033,-1230,819;6877,-973,-196;7155,-904,97;35311,2064,86
rodovia||bianor martins esteves|boa vista|25780000|1255,-2214320,-4290091;1313,-8,37;1399,-33,196
rodovia||bianor martins esteves|poco fundo|25780000|4150,-2215993,-4289364;6900,-1625,664
rodovia||br 116|piao|25780000|5,-2212570,-4277940;77,57,22;504,106,48;540,82,-2;600,-158,-49;617,56,26;37555,-71,-4;37627,-76,-36
rua|coronel|francisco limongi|centro estacao|25780000|17,-2215716,-4292681;31,-85,175;37,-9,-7;42,14,-9;46,215,193;47,-229,-187;66,35,27;82,218,134;91,-243,-142;98,47,59;112,214,101;119,-215,-261;125,-12,148;149,-6,-99;171,73,136;179,-3,3;191,-10,-25;213,33,18;215,7,6;226,-136,-92;233,38,-53;247,88,201;277,-72,-109;287,-8,-2;315,120,75;328,-87,-42;340,24,8;343,-12,-6;353,2,7;359,4,-11;369,10,13;375,1,6;377,13,12;407,9,3;429,24,2
rua|coronel|francisco limongi|centro|25780000|10,-2215694,-4292702;50,-34,52;56,-8,7;94,-9,3;100,-4,14;110,-11,24;25800,39,-70;26200,13,-6
rua|coronel|joao limongi|centro|25780000|11,-2215136,-4292363;15,4,-10;55,-29,13;67,-9,-16;69,-22,-12;71,12,7;110,-84,-103;122,13,7;149,32,13;155,-60,-20;180,89,60;186,-16,-19;202,44,108;232,-20,-63
rua|deputado|menezes cortes|aguas claras|25780000|11,-2217180,-4295814;23,1,9;35,-14,7;57,-7,19;79,3,10;93,-15,15;98,-27,36;100,13,-25;105,8,0;184,-68,67;195,-10,42
rua|dona|cotinha|centro|25780000|40,-2214902,-4292073;50,2,-7;52,-11,-29
rua|doutor|alfredo jacinto franco|centro|25780000|80,-2214737,-4291634;342,197,190;418,23,28;420,5,13;440,128,30;550,-88,46;590,1,27;620,66,0;630,-3,-8
rua|engenheiro|fuller tradget|centro|25780000|2,-2215531,-4292872;4,42,-18;18,5,5;30,-14,-23;34,17,8;48,-1,-16;62,2,-9;82,20,-24;100,11,-10;120,23,-6;146,14,-17;166,8,6;182,43,10
rua|engenheiro|fuller tredget|parque vera lucia|25780000|47,-2215500,-4292929;85,34,-19;89,20,-24;125,12,-5;141,6,-20;157,19,-3;163,13,-6;165,-2,3;169,6,21;177,32,7;179,-23,-24;181,2,-1;191,8,28;222,10,-5
rua|nossa senhora|aparecida|pouso alegre|25780000|9,-2213014,-4290208;14,185,17;20,-5,21;22,-157,-21;25,-20,-9;26,4,9;30,176,18;38,-150,-19;40,0,25;48,139,32;49,-138,-66;52,151,55;58,-10,3;67,-124,-62;68,9,-6;69,154,118;73,-164,-109;77,65,26;89,-44,-20;96,20,14;105,-8,-29;126,8,19;134,20,-16;135,-4,-3;141,15,-6;147,14,10;156,-18,0;174,24,3;185,5,2;190,1,1;250,27,5
rua|nossa senhora|do carmo|pouso alegre|25780000|2,-2213208,-4289911;8,25,32;14,-173,-242;36,-34,13;39,141,-131;98,328,62;151,-417,47;256,-29,60;260,-31,-16;264,29,18;275,-2,5;289,-9,14;298,-15,5;299,4,3;300,146,-235;312,-162,233
rua|professora|julieta de oliveira branco|boa vista|25780000|13,-2214261,-4290506;22,22,86;27,15,0;33,-29,-63;34,63,87;45,-32,-26;52,-60,-52;54,18,4;55,99,64;75,-83,-38;83,0,1;84,-5,12;85,-10,-18;98,10,19;100,2,12;117,2,-7
rua|professora|maria emilia esteves|centro|25780000|5,-2215069,-4292265;11,37,44;12,-19,0;13,11,3;18,-25,-20;22,0,18;24,31,12;26,1,8;29,86,45;35,-87,-60;38,-30,-9;47,48,61;50,-7,-37;52,5,-2;54,5,9;57,9,21;58,-6,-7;69,-31,-45;72,36,45;95,2,14;102,9,3;108,10,9;114,-6,1;116,20,12;117,-19,-13;129,-2,30;135,31,-30;141,-20,24;150,9,3;236,21,78;270,20,37;277,-2,-29;314,-3,-14;332,-6,43;599,-197,-292;623,20,3;629,10,5;639,9,-5;653,18,20;671,-9,15;677,30,6;693,9,24;695,7,-17;759,49,79;773,92,59;781,-75,-76;793,84,37;794,-26,26
rua|professor|maria emilia esteves|centro|25780000|259,-2214933,-4292009;277,25,-25;339,-22,45;341,-32,31;365,-3,32;381,-19,-2;385,-12,3;395,45,49;691,111,122
rua|santa|fe|centro|25780000|404,-2215364,-4292034;418,11,27;470,16,33;486,12,14;492,-5,21;514,-39,-171
rua|santa|fe|santa fe|25780000|11,-2215586,-4292352;13,-14,-12;15,13,10;17,16,22;27,-23,-32;35,13,6;37,-4,0;39,0,5;41,6,12;45,6,-10;47,-11,-2;49,127,21;50,130,29;55,3,-4;57,-12,2;59,-12,290;67,-218,-399;82,243,116;119,14,26;120,2,-4;135,-38,-1;138,45,12;147,-208,-77;151,199,116;153,1,-22;157,-179,-108;163,187,119;169,-89,-50;181,86,70;183,-53,169;189,45,-167;199,-3,9;203,-148,-139;207,154,147;217,-75,-65;225,-51,-97;233,56,95;237,-45,-90;238,4,5;239,-5,4;240,15,0;242,5,2;265,75,184;267,-18,-21;274,-52,-199;275,2,32;295,37,-8;303,-1,8;313,10,241;323,-4,-11;345,5,32;349,-19,8;369,55,-226;375,-7,12;383,15,3;385,-57,241;387,1,21;392,51,-265;398,14,28;400,-3,-1;435,-46,253;453,32,25;463,-22,13;489,7,11;501,9,9;521,-4,0;533,31,26;555,0,24;559,-64,-168;567,64,192;569,26,19;576,-2,3;593,-11,-23;600,1,17;601,41,33;605,-113,-238;656,107,235;657,4,-2;675,5,19;681,7,2;685,61,-2;688,-70,16;700,20,5;714,14,2;721,58,-18;723,32,2;777,36,0;782,-103,8;787,30,1;800,-21,2;808,15,-1;815,140,33;828,-123,-27;846,20,-17;893,64,8;900,-7,15;945,96,78;952,-73,-60;980,20,46;1045,63,21;1060,2,25;1065,16,-18;1080,9,11;1191,7,-7;1193,10,-27;1205,13,28
rua|santa|terezinha|aguas claras|25780000|88,-2217241,-4295857;97,-36,15;101,-8,0;122,-21,0;125,3,14;134,-46,-47;135,22,32;150,-5,7;157,27,47;168,-43,-59;176,0,55;185,22,1;205,-18,12;231,1,46
rua|sao|francisco|jaguara|25780000|1,-2220372,-4299240;12,338,526;23,265,151;25,825,-23;43,-18,6;51,-127,70;65,105,-77;74,-16,1;89,1,3;105,-16,9;112,-1,-6;130,-20,0;133,-11,18;152,-24,-7;163,10,19;164,-11,15;165,17,3;166,-13,-15;167,2,11;172,53,-36;175,-63,54;192,-3,-17;195,-8,23;205,-13,6;220,5,-15;225,-23,22;231,-7,1;234,21,-12;236,-18,5;245,-14,-2;263,-5,0;285,-15,-1;288,-73,27;290,112,-39;299,-57,18;300,43,-11;325,-58,5;335,-14,6;345,-11,8;383,-40,0;395,-13,6;411,-4,-1;415,-10,7;429,7,2;430,-22,-5;442,-9,-3;443,7,6;445,-17,5;471,13,-34;472,-32,24;489,-12,6;503,-22,7;510,6,-25;515,-15,18;535,-6,3;551,-16,23;552,-7,-20;555,3,3;563,-18,-3;564,4,-5;579,-9,7;595,-16,-1;600,2,-12;617,-10,12;625,-20,-1;626,3,-8;638,-5,-15;643,-13,18;654,2,-9;667,-25,8;669,-1,-14;670,10,-24;697,-18,22;709,-11,-8;715,-2,3;733,-23,5;737,-6,-6;741,-18,-6;745,-3,-7;751,-18,-5;803,-29,-18;813,-15,5;825,-22,-5;855,-5,-14;901,-36,7;909,-8,-22;939,-26,1;951,-21,-13;1013,-34,-27;1035,-19,4;1041,-6,-7;1051,-12,-4;1067,-14,2;1083,-7,7;1093,-12,-8;1153,-348,-341
rua|senhor|dos passos|centro|25780000|37,-2215202,-4292560;46,19,7;71,-48,-66;75,-1,5;76,5,21;82,16,14;87,-12,-2;108,7,-19;109,4,-16;113,-41,-6;117,79,87;121,-46,-86;135,9,-10;147,15,-15;174,7,22;175,-14,-11;183,0,0;184,30,17;191,3,4;202,8,9
rua|vereador|meirelles guerra|centro|25780000|15,-2214940,-4292343;18,3,-24;19,-25,16;23,-1,-5;27,-157,-79;93,74,16;100,11,24;117,20,-19;163,19,-5;250,53,74;500,25,39
rua||1 de maio|pouso alegre|25780000|16,-2213153,-4290205;30,12,-1;33,-5,-8;42,8,15;60,0,32;78,15,4;114,28,9;157,9,36;159,-2,-15;160,-7,9;179,21,29;180,-21,2;251,-2,-13
rua||6 de setembro|pouso alegre|25780000|75,-2213179,-4290230;83,10,-2;105,5,3;113,28,4;125,16,-8;193,16,14;207,24,13;213,0,0;223,28,-2;242,10,18;245,16,-13;256,21,75
rua||adelino peixoto de faria|centro|25780000|15,-2215168,-4292413;105,11,-6
rua||agenor reis dos santos|jaguara|25780000|6,-2218805,-4298641;46,-46,21;51,123,-66;52,-174,66;77,168,-76;105,-146,30;119,9,-18;125,-1,-8;145,74,9;150,-64,-24;151,0,3;164,4,-12;180,14,-8;214,19,-8;235,23,14;245,10,-22;269,21,27;275,20,-7;295,23,11;417,48,4;419,-5,-2;455,8,-2;508,-32,70;593,60,-49;650,-93,80;700,54,43
rua||alaide de azevedo ramos|camboata|25780000|9,-2218381,-4297981;11,-10,-38;17,3,41;37,1,-26;49,-10,-16;63,-5,-23;64,4,0;107,8,-31;123,11,-23;211,-2,-13;410,1,161
rua||alberto martins esteves|centro|25780000|33,-2214557,-4291695;155,-64,34;165,22,41;175,3,-50;245,28,70
rua||alfredo ferreira da silva|rocadinho|25780000|7,-2218424,-4293560;11,-4,-6;23,-16,-2;113,-13,2;125,-40,-20;175,13,1;235,-110,-55;250,43,-3;360,-162,-233
rua||alfredo mauricio da silva|centro|25780000|12,-2215066,-4292321;16,1,0
rua||almeida barbosa|centro estacao|25780000|22,-2215791,-4292538;79,-17,-49;109,23,-72;121,9,-17;141,9,-29;177,-43,2;499,61,-159
rua||almeida barbosa|centro|25780000|2,-2215785,-4292572;56,75,-206;57,-21,-11;58,-61,188;60,6,-27;62,4,-1;64,-15,1;98,9,-12;114,24,-20;542,-72,-311
rua||altair meirellis|piao|25780000|7,-2212934,-4277349;110,195,767;120,14,-10;150,18,-15;180,-432,-752;184,198,6;185,34,-30;198,-68,94;206,42,-56;207,-12,-23;211,-43,70;350,66,598;380,208,207;1322,-308,-683;2020,264,753
rua||altair morelli|jaguara|25780000|55,-2218760,-4297684;63,2,5;73,8,9;120,360,-154;185,-256,164;190,-8,-1;193,-82,-3;240,310,-26;260,-151,37;268,31,-12;276,10,-5;300,35,5;320,11,-7;340,32,1;350,-13,0;356,35,-16;360,-33,5;380,63,-45;546,23,139;550,-2,-8;558,-53,31;559,43,-15;589,1,-7;602,16,-101;680,-64,192;857,-39,-58;887,-291,-156;980,0,5
rua||alvaro jose rosa|camboata|25780000|5,-2218130,-4298287;17,36,-112;27,-25,89;63,5,-24;82,2,-45;86,7,15;100,9,-28;110,-14,21;130,-11,-5;142,-6,78;160,-38,-94;166,-6,0
rua||amancio da rocha branco|centro estacao|25780000|4,-2215814,-4292461;67,12,12;82,-21,-5;83,-31,2;100,11,1;105,7,4;145,-41,-35;149,-16,-5;150,8,-25;165,-30,-1
rua||amandio evangelista do carmo|pouso alegre|25780000|123,-2213423,-4290313;144,34,29;167,20,-15;180,2,11;195,4,-8;196,13,4;208,6,23;219,7,-27;237,11,12;240,9,15;285,43,-45;300,23,8;302,-125,9;305,139,-6;312,5,5;326,4,-9;334,17,2;337,-14,2;349,17,-18;350,20,5;415,-3,-18;495,89,-70
rua||angela maria faraco pacheco|brucussu|25780000|46,-2216972,-4295061;52,-4,-18;67,-7,3;82,2,-24;120,-21,-20
rua||antonieta vianna de andrade|jaguara|25780000|455,-2218430,-4297743
rua||antonio coelho guerra|centro|25780000|45,-2215058,-4292258;55,-13,-21;91,-23,-45;99,-13,-8;118,-3,7;122,2,-26
rua||antonio da rocha branco filho|centro estacao|25780000|60,-2215574,-4292292;126,11,9;136,0,0;138,99,-63;172,-134,53;258,-156,-52;360,-27,-6;420,-57,-10;554,-37,-36;600,-8,-26;630,-16,-31;840,-169,152;850,-30,-39;940,19,-14;950,2,-19;1020,-3,-22;1080,78,-57;1110,-86,-32;1121,7,-52;1122,22,-13;1188,-6,-103;1280,-16,-57
rua||antonio da rocha branco filho|centro|25780000|206,-2215627,-4292307;250,-10,55;252,-42,-22;253,1,0;288,-6,-8;300,-10,-17;318,-9,15
rua||antonio da rocha branco filho|gloria|25780000|115,-2217348,-4292245;125,1803,-30;345,-189,-34;351,-5,-9;353,-9,-4;354,-1,4;365,10,-6;373,3,-2;399,-54,-2;2515,-1509,-430;2633,-26,45;2855,-249,43
rua||antonio da rocha branco filho|rocadinho|25780000|3955,-2218018,-4293242;4065,29,-108
rua||antonio da rocha branco|gloria|25780000|115,-2217403,-4292341;1050,-203,-286;2515,391,-140;2605,-88,7;2633,-22,39;2805,-180,46;2855,-71,4;3785,-444,-388;3805,-16,-70
rua||antonio da rocha branco|rocadinho|25780000|3861,-2218023,-4293156;3875,-4,4;3893,25,-35;3911,6,-20;3955,-18,-38;3957,-63,-191;3977,79,123;4065,9,-40;4283,11,-69;4325,-109,-152
rua||antonio da silva porto|jaguara|25780000|35,-2218893,-4298455;68,-33,2;85,1,41;123,-200,-150;148,123,114;149,-3,16;151,-7,-7;160,-24,-2;166,57,-13;177,-44,15;178,-3,-5;183,-4,5;300,-82,12;302,1,6;306,1,-11;308,-4,-19;315,-1,45;316,-15,3;326,-18,-3;330,-29,11;336,18,-5;350,-10,0;360,0,9;376,-12,0;377,-42,28;388,22,-38;420,-45,29;438,-2,-12;454,-9,12;466,-5,5;470,-15,13;475,0,7;480,-265,-76;500,208,75;550,-314,123;17500,757,-247
rua||antonio figueiredo|pouso alegre|25780000|30,-2213418,-4290015;56,9,21;60,-9,18;61,2,36;133,14,15;140,8,28;175,27,5
rua||antonio jose de oliveira|parada morelli|25780000|29,-2218918,-4299767;77,4,4;93,3,-7;101,307,-2;107,-272,-4;174,54,-7;189,-2,-16;194,6,17;210,19,-2;234,19,8;235,-1,-2;279,44,14;280,-26,-1;349,89,-4;350,-7,12;360,19,-4;382,6,-6;501,29,-3;537,37,7;542,12,-2
rua||antonio lima|barrinha|25780000|3,-2220026,-4301714
rua||arlete vianna morelli|jaguara|25780000|5,-2218951,-4298709;7,-3,-12;17,-6,12;35,-8,-23;37,-23,13;50,38,-8;62,-11,-22;72,-5,-7;98,-17,15;104,-11,8;169,7,35
rua||arthur antonio ferreira|pouso alegre|25780000|2,-2213602,-4290088;10,97,-173;100,37,-2;113,-23,30
rua||ary de almeida|valverde|25780000|28,-2214291,-4291165;29,6,-18;86,-23,54
rua||augusto rampini|centro|25780000|5,-2215158,-4292481;23,-90,-18;25,1,1;36,88,-3;42,-69,-1;59,9,-11;67,22,1;74,3,2;80,9,10
rua||aurino da costa carvalho 2|centro estacao|25780000|6,-2215600,-4292376;24,9,-6
rua||a|camboata|25780000|18,-2217957,-4298348;58,27,-18;71,9,-12;74,10,7;79,-2,-1;81,9,-8;82,8,5;91,8,-5;94,4,7;110,-4,-1;111,1,-5;123,13,4;124,1,2;137,18,-6;145,6,4;146,14,-2;147,-5,-10;151,-7,4;159,11,40;160,-22,-24;163,12,-4;167,7,7;169,-6,18;172,-18,5;200,-4,14;228,-35,-3;235,8,16;240,-12,-7;247,-3,11;248,6,-5;255,-6,11;260,-10,-34;270,-7,24;282,-11,5;285,7,3;295,-18,3;300,6,-10
rua||bela vista|jaguara|25780000|5,-2219315,-4298518;17,-112,-53;37,74,26;129,-24,-4;150,-5,-24;153,-7,19;165,-29,-13;167,14,4;174,-19,-9;184,0,-8;212,-19,6;213,-22,2;218,1,-23;600,230,20
rua||benedito medeiros zibrao|santa maria|25780000|15,-2217664,-4296791;178,-330,496;826,0,-2
rua||benildo medeiros|centro|25780000|55,-2214203,-4291212;64,-50,2;197,-57,9;226,-48,-94;248,14,37;250,-7,-2;260,-3,0;275,-5,19;308,-31,7;324,-18,5
rua||benildo medeiros|valverde|25780000|196,-2214293,-4291210;197,-25,5;308,-81,-31;330,-8,6
rua||carmelo raposo|piao|25780000|42,-2212342,-4276195;50,-14,11;53,-4,6;84,-51,5;86,236,-134;185,-255,138;226,33,11;297,35,-21;300,-71,20;305,1,-6;309,29,-11;401,76,-10;403,-6,-3;405,22,33;407,-26,-38;408,-33,21;410,83,-20;412,-102,23;414,-23,10;415,78,-31;426,66,-2;430,99,30
rua||cecilia astine|contendas|25780000|1196,-2216484,-4297766;1344,346,-59
rua||claudileia guimaraes da silva|jaguara|25780000|50,-2218948,-4297608;94,-7,-10
rua||cleber morelli cardoso|jaguara|25780000|18,-2219255,-4298090;242,84,-195;260,14,-26;284,9,-5;334,-45,72;360,12,-33
rua||cleber morelli|jaguara|25780000|286,-2219123,-4298311
rua||custodio mendes de souza|sao lourenco|25780000|21,-2213093,-4293372;47,39,6;49,8,6;100,183,41;150,77,74;396,163,129;650,241,37;715,18,-65;760,60,62
rua||c|piao|25780000|8,-2212758,-4276336;10,-18,9;12,18,-1;13,-1,8;17,2,-8;65,-11,6
rua||da gloria|pedras brancas|25780000|28,-2214217,-4293006
rua||da paz|parada morelli|25780000|24,-2219562,-4300376;92,90,54;100,5,-2;116,-9,-2;180,-62,-20;241,-38,-38;249,-7,-8;258,-7,-13;278,-4,-23;279,-22,9;285,14,21;288,-2,-14;295,-5,6;298,9,0;307,-22,-13;323,-9,-13;350,-6,-16;355,-6,-8;470,8,3
rua||domingos lopes de carvalho|centro|25780000|6,-2215260,-4292732;16,134,271;21,-146,-293;26,159,279;37,-154,-277;38,153,283;42,-19,-11;62,4,-21;70,5,4;100,-1,-42;101,-85,-153;110,86,143;144,-11,-37;165,-7,5;183,-19,-45;201,-45,-70;215,56,94;225,-3,-19;226,4,-67;228,-11,21;240,-11,-12;271,-22,-1;282,9,-19;290,-20,6;295,57,31;305,-25,-2;307,-42,-21;312,23,-26;313,-34,-1;315,82,113;317,-32,-77;319,-23,-8;328,-48,-37;329,13,9
rua||domingos manoel teixeira|buracao|25780000|263,-2213693,-4291341;292,16,48;295,20,-66;306,11,71;320,30,11;334,-4,-6;400,46,29;433,-29,-64;435,9,-15;570,313,51;572,4,-12;859,-230,-12;860,14,1;865,115,-39;1200,127,13;1410,31,53;1420,8,20
rua||domingos manoel teixeira|valverde|25780000|334,-2213617,-4291279;340,3,-2;400,38,30;428,64,-12;452,-30,-17;460,3,7
rua||dos araujos|centro|25780000|5,-2215000,-4292291;16,-50,13;35,22,7;42,-7,-23;50,11,25;52,-5,-15;72,48,-15;100,-29,-47
rua||dos lopes|pouso alegre|25780000|26,-2213728,-4290490;32,-7,21;38,12,5;39,20,-4;50,-19,2;55,21,-2;115,17,46;130,-22,32;135,17,-29;139,4,9;144,-22,18;148,-6,12;200,34,23;210,40,46
rua||educacao|contendas|25780000|1,-2218170,-4298106;2,0,0;3,-8,4;4,8,-5;5,-7,4;6,5,11;45,-52,-37;60,9,7;80,19,18
rua||estevao de almeida bulhoes|rio bonito|25780000|65,-2220553,-4302453;10926,-9,-39;11000,1,-17;11020,29,-22;11021,-2,-1
rua||eugenio medeiros zimbrao|queiroz|25780000|357,-2217539,-4296851;361,-3,7;399,-27,30;401,-20,26
rua||eugenio ruotolo netto|centro|25780000|28,-2214889,-4291211;32,81,-9;64,-77,32;74,10,11;84,4,8;95,-13,-17;100,21,28;105,-1,-19;123,24,1;126,4,31;134,5,-32;180,4,-11;183,0,-4;195,-4,-4;204,6,-1;207,-2,-17;208,1,8;223,4,-30;333,-77,10
rua||eugenio zimbrao|queiroz|25780000|17,-2217372,-4297039;50,-24,11;130,-54,47;164,-40,28;177,-5,20;178,-9,-7;190,-2,2;200,-15,22;205,8,-3;233,-4,5;248,-19,21;357,19,21
rua||flavio pacheco furtado|buracao|25780000|169,-2214027,-4291293;175,-49,-13;325,107,-165
rua||francisco freitas|poco fundo|25780000|79,-2216790,-4289108;100,42,-63;115,-54,5;135,54,-53;160,-3,-30;223,-66,27;238,19,-27;4856,-220,-167;4900,-13,-46
rua||francisco jose de mello|parada morelli|25780000|33,-2219524,-4300364;39,5,-77;184,23,9;190,-15,-35;202,5,27;207,-20,-2;210,-24,-18;220,-12,-14;252,-2,-2;350,-27,-29
rua||francisco jose medeiros|parque vera lucia|25780000|33,-2215485,-4293112;38,-11,-3;45,5,0;54,-6,-9;64,-21,-2;73,44,97;83,8,-16;97,6,2;103,2,-21;114,3,5;132,-8,-43;133,0,6;161,18,-30;173,21,2;175,17,11;177,58,24;189,-52,-23;261,35,17;271,11,-15;273,-4,0;274,2,43;275,5,-24
rua||francisco rodrigues nogueira|centro|25780000|20,-2215176,-4292276;33,6,-3;35,-8,6;40,-7,4;51,0,19;66,-2,0;70,-3,-1;82,-18,7;84,-8,4;88,13,6;89,8,-5;91,-16,27;108,3,-11;114,-7,9;132,-11,1;171,14,37;230,-23,30;231,16,-20;232,7,-12;233,17,-4;234,-14,-4
rua||genaro faraco|centro|25780000|55,-2215521,-4292878;100,-24,55;141,7,28;354,-76,66;439,4,-29;486,39,-38;493,1,-6;498,6,1;509,0,-5;510,4,0;612,-30,26
rua||geraldo de menezes cortes|aguas claras|25780000|33,-2217499,-4295723;215,0,-27;391,-84,-68
rua||geraldo menezes cortes|aguas claras|25780000|132,-2217482,-4295695;228,5,-106;265,0,-27;386,53,-48;391,-80,110;400,232,-155;482,-139,3;500,17,-16;528,13,4;550,-92,125
rua||gerson cabral da ponte|camboata|25780000|57,-2218421,-4298268;66,-24,-5;80,-19,-15;81,0,4;82,-5,-2;85,-8,12;97,-5,-14;112,-12,-7;115,-5,6;123,-16,-8;155,-7,2;175,-34,-6;184,12,8
rua||heitor quartin|torrao de ouro|25780000|229,-2215220,-4292980;555,-95,-368;583,9,40;597,-4,-20;645,2,-35;715,11,-85;717,9,2;745,23,-35;787,2,-15;1115,-10,-123;1235,46,-63;1500,-220,-420;1526,18,2
rua||helena sampaio quartin pinto|parque vera lucia|25780000|7,-2215305,-4293058;16,12,30;34,12,1;47,-4,14;53,4,9;60,-6,2;74,-11,-36;84,-3,-3
rua||idalina dias|centro|25780000|25,-2214889,-4292044;26,-25,17;43,22,-17;55,-16,-5;79,73,32;80,-86,-49;124,66,26;126,0,5;131,18,23;290,-78,-4;295,0,-14
rua||iracema de jesus rosa marques|centro estacao|25780000|2,-2215878,-4292949;11,27,-4;67,-67,5;71,-57,-59;77,10,21;81,34,39;94,51,-15;105,-44,-16;143,0,-30;145,-12,1;167,10,-22;175,-9,-14;180,-31,72;192,21,54;206,-1,12;247,-51,-163;265,-1,25;267,21,23;314,-19,14;316,1,10;399,4,59;400,-16,-30;435,-5,57;562,101,52;623,-21,-10;667,26,15;752,-10,37;808,-45,2;826,-34,-2;828,-26,-4;829,0,5;879,-27,-6;929,-59,6;1450,29,3
rua||irene de araujo da costa|boa vista|25780000|78,-2214157,-4290628;128,32,-36;144,1,-5;691,-105,97
rua||irene lima|barrinha|25780000|7,-2219697,-4301794;35,-211,-223;88,5,116;94,198,202;139,-178,-168;142,-4,24;175,22,29;195,9,13;226,-11,-8;255,21,29;263,0,29;270,-4,16;280,4,13;287,-2,-11;290,9,24;329,27,8;336,28,12;339,2,-8;404,52,14;428,22,-7;440,-55,7;441,56,-15;449,15,-37;460,-65,56;469,68,-60;483,3,-13;484,1,-11;493,-1,-3;517,-9,-17
rua||jalinho araujo|volta do piao|25780000|4,-2212700,-4278474;7,-1,-5;9,9,-13;20,11,-39;21,-7,-6;23,5,2
rua||jalmir da costa carvalho|boa vista|25780000|100,-2214445,-4289863;140,3,-55;141,-10,-1;155,-9,27;160,-31,-16;167,7,1;228,12,-25;288,-75,59;298,-12,2;380,61,-20
rua||jarbas da costa carvalho|santa fe|25780000|22,-2215220,-4291722;41,-74,-136;42,-6,-11;44,-132,-90;52,122,104;56,-76,-28;70,110,60;75,21,31;76,-43,-37;82,41,58;200,-4,59;203,-5,-35;205,10,2;208,14,66;209,63,-64;218,-74,40;225,16,-7;340,-41,18;345,-8,-5;348,4,-35;362,0,-9;400,-20,-9;420,0,-5;430,3,-13;580,-129,-55;614,20,-44;656,9,-39;678,-5,-11;800,-63,-52
rua||joao alves de araujo vianna|barrinha|25780000|4,-2219893,-4302036;8,-2,0;16,-4,11;22,-4,1;26,-15,14;28,2,-16;42,-4,21;48,4,8;50,-25,6;56,17,-3;70,7,-5;126,1,60;128,-5,17;1100,-726,384;1185,-83,65;1200,-2,-51;1280,-116,-36;1281,0,0;1399,-98,-12;1400,-186,62
rua||joao fernandes de freitas|pedras brancas|25780000|35,-2214251,-4292807;80,27,58;83,9,-5;90,-15,-13;106,-25,51;112,7,2;120,33,-24;122,-11,16;123,28,3;129,4,3;135,-74,-13;140,67,6;150,3,33
rua||joao francisco de oliveira|jaguara|25780000|1800,-2219122,-4298271
rua||joao jacinto de almeida|brucussu|25780000|45,-2217162,-4295240;75,-4,-25;100,5,7;105,7,-42;121,-13,-18;165,-2,8;370,-9,100
rua||joao lima|jaguara|25780000|60,-2218969,-4298184;89,-64,24;90,42,-23;125,16,11;126,-46,0;135,-6,14;143,-9,6
rua||jose afonso de paula|centro|25780000|16,-2215257,-4292713;20,-5,7;40,-2,7;43,-2,15;45,-4,-2;47,-3,10;71,-3,13
rua||jose barbosa|palmital|25780000|126,-2213768,-4292237;177,-3,4;274,101,-84;346,12,-12;393,-6,-76
rua||jose cabral da ponte|camboata|25780000|75,-2218324,-4298170;80,-1,10;112,2,41;125,-8,10;128,11,0;134,-12,24;145,-2,-8;226,6,8;231,-14,19;234,2,-5;244,6,6;247,-8,7;250,-9,18;251,-3,-4;252,3,-10;263,5,5;265,-3,15;280,165,-43;282,-163,53;285,-3,-2;299,-7,14;300,0,-3;309,-3,16;323,-7,11;329,0,8;330,4,-12;380,51,47;395,-58,-27;403,12,32
rua||jose cabral da ponte|contendas|25780000|44,-2217309,-4297920;50,18,5;58,-1,-3;84,-53,-29;138,-91,-60;456,-188,-25;576,-98,-43;578,-150,-86;592,130,80;625,-33,2;678,-143,-32
rua||jose dos cordeiros|parada morelli|25780000|149,-2219113,-4300895;173,11,5;187,4,-15;190,9,19;195,6,-11;227,23,-25;318,34,-39;350,72,-15
rua||jose dos passos branco|morro grande|25780000|4000,-2219468,-4292596;4047,-18,-31
rua||jose firmino a|jaguara|25780000|38,-2218994,-4297779;49,117,-2;70,-60,0;94,21,-3;98,-2,-7;99,-7,3;128,-6,4
rua||jose firmino b|jaguara|25780000|315,-2218918,-4297846;349,27,3;3300,-52,-4;3350,-21,-1
rua||jose firmino c|jaguara|25780000|111,-2218978,-4297695;191,78,-37;255,-6,14
rua||jose firmino|jaguara|25780000|1,-2218894,-4297762;4,-55,20;30,-17,7;34,10,-5;59,36,-10;66,-12,-2;268,-37,-76;350,83,-20;954,-7,80
rua||jose luis ribeiro caputo|jaguara|25780000|1,-2218825,-4298069;2,-1,11;281,-31,-203;755,33,209
rua||jose manuel soares|piao|25780000|2,-2212482,-4276150;3,-31,69;4,35,-64;10,-5,30;13,-5,5;15,-26,22;20,144,47;27,-66,-1715;36,-30,1625;37,25,-1627;45,61,1690;46,49,-1655;57,-122,-156;59,58,131;60,-15,-1;75,-79,1643;76,-4,-3;80,124,68;88,-133,-58;122,-14,15;140,146,41;149,61,-1707;201,-47,9;230,79,-11;260,-11,3;262,4,94;266,2,36;268,47,-131;270,-45,175;271,7,9;301,-19,1500;304,-3,56;305,5,-74;306,-111,-20;307,114,16;346,39,-1657;349,-117,1678;350,-28,-29;360,154,-1652;368,2,0;378,8,-9;400,-35,1647;402,5,-4;411,-22,17;600,-170,-1743;612,-1,-51;615,-7,19;694,-46,50;1000,50,2371
rua||jose martins de oliveira|parque vera lucia|25780000|7,-2215287,-4293044;13,-4,-34;21,-30,99;22,4,-12;35,-5,-2;61,-25,-30;73,34,-2;75,-2,-38;84,3,16;125,-14,-29;143,27,8;169,18,13;175,3,22;189,-2,3;203,4,-2;213,-8,13;225,-17,20;231,37,-5;247,-65,35
rua||jose pereira da silva|contendas|25780000|25,-2217307,-4297948;31,20,-11;36,-10,11;44,0,2;89,27,-30;111,12,-15;135,0,-85
rua||jose queiroz caputo|jaguara|25780000|9,-2219193,-4298382;45,-50,84;85,3,-21;87,0,11;145,2,23;155,18,-32;156,-20,61;187,12,17;190,-11,7;205,6,13;210,-1,4;216,-4,4;218,-3,13;223,12,-3;237,-8,16;246,0,19;300,-24,63;301,-18,-1;308,38,-42;386,-35,63;410,10,10;423,-8,24;425,23,-4;435,-23,8;515,-38,95;633,-16,50;1025,35,58
rua||jose silveira medeiros|boa vista|25780000|191,-2213981,-4291019
rua||jose silveira medeiros|pouso alegre|25780000|1531,-2213466,-4290332;1545,46,-1
rua||jose silveira medeiros|valverde|25780000|195,-2213904,-4291029;211,42,69;219,8,35;885,231,106;905,-160,13
rua||jose tome|centro|25780000|8,-2215303,-4292888;66,-29,33;120,-101,48;145,83,26;158,-17,-17;162,11,11
rua||jose tome|parque vera lucia|25780000|33,-2215318,-4292866;55,1,25;65,-4,-1;71,-4,23;75,12,-6;105,-14,25;123,-1,6
rua||julio manoel pimentel|morro agudo|25780000|9,-2213837,-4279559;33,25,35;299,-224,295;313,5,-6;371,24,-48;375,-61,115;445,95,-169;459,14,6;607,-54,58;611,25,-38;635,82,-72;643,26,-49;675,12,-13;706,21,-4;709,-23,-49;710,-22,46;712,-9,2;714,34,-61;715,66,27;717,-31,27;720,43,-44;721,10,5;737,10,-30;738,-144,98;800,93,-83;802,353,-206;845,-327,212;903,-16,-26;904,-27,-31;905,104,32;906,-116,2;908,47,-1;910,-4,-28;912,15,4;915,14,-11;920,16,-13;922,-35,29;929,40,-28;938,0,55;970,23,-8;973,64,-33;990,331,-292;992,-49,18;996,99,-27;1221,125,337
rua||julio manoel pimentel|piao|25780000|36,-2213769,-4279458;44,-417,416;45,424,-412;56,-418,394;60,314,-335;67,112,-42;68,-419,370;75,419,-368;81,8,12;84,-18,4;88,-394,344;102,6,-13;120,177,-175;125,233,-129;144,-386,290;162,16,-15;281,348,-335;354,-338,320;359,27,-21;648,294,-229;649,5,-134;669,3,134;670,-1,38;678,-17,78;699,-32,-199;700,-25,45;716,76,-56;718,-2,-4;719,6,8;723,16,20;727,9,-22;732,-6,47;736,13,55;745,-3,-18;746,5,20;749,-69,-109;780,12,-23;872,115,-32;1221,635,-55
rua||julio manoel pimentel|volta do piao|25780000|45,-2214193,-4279063;63,20,-15;211,91,-77;275,39,-42;357,-50,53;375,23,-23;380,7,-33;397,68,-99;427,15,-18;445,11,-20;459,13,4;475,9,-17;511,35,-15;629,22,-45;643,13,-12;709,-9,-30;713,18,-27;720,4,-10;810,49,-29;905,86,-25;907,11,5;973,1,-15
rua||leia rodrigues lima|aguas claras|25780000|21900,-2217207,-4296131
rua||leonor lima morelli|jaguara|25780000|5,-2218676,-4298928;45,46,-16;85,4,1;115,12,57
rua||luzia goncalves de medeiros|barrinha|25780000|70,-2220119,-4302087;169,-82,33;800,163,-91;1500,-158,69;1600,-1,-13;1650,73,-170
rua||manoel augusto cardoso|barrinha|25780000|19,-2219676,-4301623;76,20,-25;78,47,-46;81,7,1;94,-18,8;110,-15,22;115,21,-5;116,-14,-2;135,-4,17;138,-5,-6;154,-10,8;165,-10,5;178,-3,0;194,-18,14;220,6,28;222,2,0;230,10,-7;272,20,3;284,16,-26;286,4,15;13130,9,-118
rua||manoel carneiro dias|jaguara|25780000|152,-2219818,-4298564;158,-6,-7;166,-9,11;180,-20,6
rua||manoel da rocha benevides|morro grande|25780000|175,-2219537,-4292514;211,-120,-28;256,-8,-44;395,-92,-77;420,13,2;425,-19,-16;450,-19,-72;520,-29,-35;550,-24,-27;4182,324,337
rua||manoel da rocha branco|floresta|25780000|817,-2217349,-4297212
rua||manoel damas|centro|25780000|18,-2215125,-4292361;40,5,-54;44,0,20
rua||manoel evangelista do carmo|santa fe|25780000|56,-2215383,-4291886;62,5,-15;70,-3,-8;90,0,-16;120,-11,-20;130,10,-23;140,-17,0;160,-13,-19;164,-25,-21;190,16,3;194,-20,-13;223,-36,-19;224,22,-13;235,-8,-31;320,39,16;328,30,-14;358,-26,-30;364,15,32;366,-22,-52;379,-1,-16;396,15,-8;406,-1,1;410,6,-4;432,15,-22;445,1,-73;460,13,33;511,-87,0;543,56,-20;1681,-10,152
rua||manoel martins de araujo|buracao|25780000|63,-2213184,-4291024;523,283,125
rua||manoel paraiso|centro estacao|25780000|150,-2216001,-4292559;1110,-28,63
rua||manoel rampini|santa fe|25780000|135,-2215345,-4291716;223,-53,108;255,-10,-118;357,37,-39
rua||manoel severino da silva|brucussu|25780000|315,-2217151,-4295172;370,-98,279;378,34,-217;379,29,-102;388,-9,-22;390,1,1;394,-5,-3;400,0,-35;406,0,-10;420,-18,39;437,-25,-6;535,-99,-59;605,-48,-9;1000,-337,257;1190,44,-162
rua||manoel victor correa|valverde|25780000|17,-2214203,-4291324;35,24,-11;36,10,39;220,-46,-31
rua||manoela teixeira da silva|contendas|25780000|5,-2217483,-4297961;6,6,-17;20,-13,87;30,-15,-19;39,4,-20;42,-1,7;60,13,-31
rua||marcia eugenio a teixeira|contendas|25780000|170,-2216742,-4298102
rua||maria angela pacheco faraco|brucussu|25780000|58,-2216886,-4295086;60,-8,-10;63,3,-15;67,11,-34;103,14,-2;190,-41,-17
rua||maria da gloria cabral|centro|25780000|15,-2215511,-4292826;22,1,18;46,8,-2;51,249,60;55,-15,-22;57,2,1;68,-220,-49;76,24,-5;78,42,-57;91,-58,36;94,22,14;112,13,-15;119,48,-94;123,-54,76;134,22,23;135,-9,-21;139,-3,-3;143,10,1;145,3,-12;150,6,25;160,45,16;168,-15,-28;174,-14,-27;194,2,-8;196,-4,11;200,32,-2;201,-17,-28;205,-18,1;217,39,-17;221,-22,7;226,18,16;244,20,-3;264,22,-25;284,-1,-14;364,46,24;400,-15,14;406,24,17;410,-22,50;530,47,33;532,-16,-13
rua||maria da gloria cabral|parque vera lucia|25780000|22,-2215270,-4292926;40,17,166;46,1,-3;50,-6,-32;265,-88,-161;281,10,1;301,18,-13;325,36,1;365,-1,45;401,11,12;425,1,37;451,19,29
rua||maria de lourdes bernardes kap|barrinha|25780000|69,-2219771,-4301762;77,4,-15;155,3,-2
rua||maria jose oliveira pacheco|morro grande|25780000|259,-2219343,-4292276
rua||maria rosa de castro|jaguara|25780000|18,-2219109,-4298106;60,-5,12;83,-11,26;87,1,3;97,-7,26;160,12,-46;179,-20,75;180,9,-38;190,-4,28;200,-4,6;205,4,4;238,-5,0;265,5,61;277,10,-2;320,-107,15;354,86,-35;362,-2,15;380,-83,22;382,-19,19;386,-2,3;387,-1,5;447,11,30;452,134,-78;465,-117,73;468,117,-74;510,13,-25;585,-115,102;590,6,1;592,0,0;777,101,-130
rua||maria teresa morelli de oliveira|jaguara|25780000|110,-2218946,-4298151;117,-19,31;123,-6,-9;128,35,-9;129,-12,-13;130,-84,-140;166,96,119;226,18,-44;236,1,-4;266,-11,-26;280,31,51;350,-33,-47;358,-1,-19;370,11,-21;461,-53,-34;528,-40,-33;560,-60,12;578,48,7;579,-6,-2;604,34,40;655,26,36;749,-17,-50
rua||maria tereza marques de oliveira|jaguara|25780000|1,-2218961,-4297977;2,-11,6;3,-12,10;4,6,-6;5,10,-9;6,11,-6;7,-7,-15;8,-18,33;9,3,0;16,8,-91;25,53,392;39,-16,-384;55,-32,-54;69,40,471;86,-29,-358;100,19,13;134,10,6;155,12,280;160,31,-291;238,11,-1;250,50,12;387,-2,137;395,10,-33
rua||maria tereza morelli de oliveira|jaguara|25780000|17,-2218956,-4298044;37,7,-14;45,-19,47;70,45,384;130,9,-23;136,9,-5;160,0,-19;166,6,-8;172,-5,-11;174,10,-21;177,15,-269;180,-22,274;190,5,-19;196,2,-4;230,5,-14;245,39,-232;249,-18,3;252,8,199;386,-22,23;414,-77,-317;540,135,271
rua||mariano furtado da rosa|centro|25780000|8,-2214750,-4291646;14,-134,329;26,138,-322;28,10,14;60,16,21;116,1,42;305,-83,200;421,-80,90;423,0,-4;425,0,0;469,-7,17;475,-15,13;1000,-244,444
rua||mario chaves|jaguara|25780000|7,-2219093,-4298146;35,-139,27;67,17,-41;155,24,-98;165,-1,16;190,114,100;200,-120,38;202,50,-17;247,37,-26;255,-37,-80;320,-40,308;322,6,14;478,-17,-328;594,32,-81;758,108,393;760,3,-2;810,-17,-84;850,-11,-74
rua||miguel alexandre branco|parque vera lucia|25780000|21,-2215602,-4293066;22,101,37;42,-7,-21;44,-80,-41;54,64,39;136,-26,-17;170,-40,-15;176,-4,17
rua||miguel arcanjo moreli|jaguara|25780000|260,-2219190,-4298864;443,-79,137;447,-6,-4
rua||miguel arcanjo morelli|jaguara|25780000|3,-2218889,-4298765;9,-47,-45;16,-2,9;22,27,12;23,-28,-9;25,-70,6;27,66,-2;37,-66,8;57,88,-22;58,-25,-10;94,22,8;115,-10,-5;118,2,-10;128,-28,0;129,7,13;141,-6,8;143,-2,0;155,1,-7;158,-15,-20;160,-8,-19;162,-9,28;167,12,6;185,-23,12;200,-6,-14;205,-11,11;210,-22,-18;235,-10,27;237,-6,-19;238,3,-2;246,-11,6;260,-12,-7
rua||milton freitas de souza|pinheiros|25780000|555,-2215002,-4294499
rua||moreira e filhos|morro grande|25780000|120,-2220370,-4291772;1420,1,-18;1454,-3,1
rua||moreira e filhos|ventania|25780000|120,-2220383,-4291732
rua||nelo branco|floresta|25780000|11,-2216007,-4293584;46,-14,17;48,-10,-27;53,1,15;100,-33,24
rua||odete freire|centro|25780000|13,-2214563,-4291471;29,45,230;45,-51,-244;62,-31,-1;65,8,4;87,-32,4;132,-19,-68;151,2,63;199,1,11;233,12,27;255,1,11;273,9,7;274,6,19;305,20,14;310,-10,29;355,41,5;363,21,21;375,-20,9;388,-20,-17;397,4,33;400,-3,4;418,-12,11;500,-24,37;530,-3,8;540,3,14;580,2,24;600,50,-22;616,14,-16;617,11,-7;618,0,0;619,15,4;625,24,55;650,-26,31;655,-39,68
rua||odete viana de andrade|jaguara|25780000|18,-2218389,-4297624;86,-71,17;89,-39,14;145,94,-27;149,-16,10;211,-25,2
rua||odetti vianna andrade|jaguara|25780000|86,-2218438,-4297627;374,44,-52;410,-10,22;620,1,1
rua||olavo jose dos santos|barrinha|25780000|28,-2219761,-4301708;55,-25,-13;72,4,-22;75,-16,6;117,-14,-46;128,24,-5;138,-21,-12;166,1,-33;169,-6,5;180,-30,-101;569,53,175
rua||olivia do alto|centro|25780000|23,-2214919,-4292140;27,-25,35;29,2,-58;781,-43,5
rua||olivio rodrigues guimaraes a|jaguara|25780000|19,-2219330,-4297772;25,-2,5;93,-11,17;100,0,2;165,-44,-18
rua||olivio rodrigues pinheiro b|jaguara|25780000|80,-2219399,-4297748;193,-33,126;22501,-63,6;22530,3,-37
rua||olivio rodrigues pinheiro c|jaguara|25780000|60,-2219469,-4297730
rua||orlando do vale|pedras brancas|25780000|35,-2214035,-4293261;49,-18,-30;67,-27,37;85,7,-70;95,9,5;130,0,-51;148,2,-8;1677,50,70;1757,-19,-35
rua||osmar zimbrao|queiroz|25780000|122,-2217684,-4296898;132,-23,14;178,-26,-1;179,-18,4;220,-32,-15;227,-7,1;228,-20,-10
rua||osvaldo magrani|sao lourenco|25780000|46,-2213062,-4293362;600,302,-494
rua||otavio da rocha branco|centro estacao|25780000|31,-2215638,-4292307;47,-12,-2;49,0,12;51,-12,22;63,-1,-27;71,-7,-6;79,-11,-9;228,61,22
rua||otavio da rocha branco|gloria|25780000|225,-2217762,-4292755;330,-161,-105;366,20,18;440,-6,83;785,-219,481;6335,115,-376
rua||otavio dos santos reis|jaguara|25780000|20,-2219038,-4298855;32,0,-27;45,-15,15;77,23,-36;93,-1,-3;99,6,-1;103,0,-14;105,-18,-8;120,15,0
rua||otavio pontes de almeida|volta do piao|25780000|3,-2214476,-4280486;6,-319,302;12,37,-3;15,147,401
rua||paschoal archanjo morelli|jaguara|25780000|67,-2218997,-4298594;99,-24,-3;169,-82,22;175,3,5;179,-14,-5;180,25,-29;201,-35,37;225,-12,-8;235,2,-23;249,-14,-14;250,0,34;280,-10,-51;281,-4,4;286,2,58;296,-5,-75;305,-11,-6;312,2,-19;328,-5,-4;335,-6,16;338,-2,-30;340,54,-22;366,-69,13;384,6,-182;385,-34,188;392,-3,-16;400,13,41;435,-44,-59;436,-7,7;460,-1,-12;500,-201,-1524;520,223,1673;525,113,-37;572,-163,6;644,25,-26;650,3,0;662,-29,-10;663,-26,-28
rua||paulo franco werneck|centro|25780000|6,-2215069,-4292258;15,-496,-171;27,-3,20;33,14,6;35,332,116;39,-327,-113;51,321,128;65,-6,2;109,-254,-136;234,96,-40;257,195,118;296,-143,-128;315,24,-18;327,19,18;331,-4,8;338,-4,-6;353,22,6;354,-5,20;363,9,-9;383,13,16;387,4,7;388,-13,4;397,13,5;402,-9,31;406,-10,-52;414,42,31;422,-1,53;436,12,3;438,-9,-46;446,1,15;478,0,11;480,13,6;491,9,19;496,-3,7;512,11,-3;527,-10,9;532,107,-32;535,-76,14;544,8,24;546,7,-4;547,-6,-27;550,-62,80;555,66,-45;558,-25,12;560,-23,-17;564,59,-6;573,-3,16;580,16,20;590,-3,14;596,10,-25;624,43,15;646,1,11
rua||paulo rafael bulhoes|barrinha|25780000|15,-2219745,-4301698;26,1,9;50,-125,-245;55,132,211;56,-125,-222;67,135,205;76,1,7;90,4,-11;92,-4,-24;100,4,9;224,-132,-172;245,45,64;247,-6,4;256,24,0;263,-23,-8;277,-8,-9;280,-6,-11;295,-3,-2;323,-20,-22;335,19,-17;362,-4,18;372,19,5;392,16,16;425,25,22;510,42,42
rua||pedro da silva machado|centro|25780000|4,-2215400,-4292675;28,95,-74;45,-5,15;51,-10,3;55,0,5;57,2,-37;63,-43,45;92,13,-16;94,-7,-11;104,6,34;123,-6,9;128,-20,0;144,-28,10;154,18,7;164,-24,-7;174,7,30;200,-57,22;208,33,-9;213,77,-34;218,-126,38;228,79,-77;235,-52,98;238,-32,-3;245,28,-8;254,-57,2;256,8,5;258,-16,2;265,49,0;270,-47,29;278,1,12;290,1,4;291,4,-15;333,-2,23;336,-37,10
rua||pedro eblen|camboata|25780000|38,-2217693,-4298482;44,16,44;45,-26,-18;50,-2,-29;55,-5,7;63,-7,-8;64,1,2;67,-10,-9;78,2,-8;98,-1,4;115,-16,7;127,-1,-16;851,70,21
rua||renira gomes da cunha|piao|25780000|115,-2212331,-4277796;311,-25,5
rua||roberto damas|jaguara|25780000|1,-2219382,-4297692;170,7,-9;380,20,155;400,38,-9;405,-29,2;425,57,-12;438,-12,3;440,0,21
rua||rubens faraco de oliveira|jaguara|25780000|15,-2218917,-4297606;18,-338,-695;26,-10,14;36,-6,0;42,-9,14;67,4,18;70,-4,-1;85,-2,9;86,-2,16;93,2,4;100,-6,-1;103,6,12;113,1,6;123,1,17;130,-13,-15;140,10,20;143,-7,6;154,-9,8;155,11,5;159,-4,10;166,-12,2;167,-3,17;174,-1,8;175,2,9;177,19,-35;179,-19,29;204,-11,17;215,-10,22;220,2,-15;240,-14,9;289,2,43;295,5,13;300,-22,-17;355,13,84;356,-12,-7;373,57,-182;377,-56,179;1100,459,396;1120,-1,20;1140,-11,10;1150,-7,3;1160,-11,10;1170,27,-26;1200,-67,42
rua||salvador asthine|brucussu|25780000|70,-2218063,-4294881;295,-43,-60;1290,29,-3
rua||sebastiao francisco de oliveira|jaguara|25780000|925,-2219106,-4298269
rua||sem denominacao 01|piao|25985110|5,-2212769,-4276356;13,35,31;65,-13,-16
rua||sem denominacao|centro|25780000|13,-2215325,-4292522
rua||sem denominacao|floresta|25780000|13,-2216021,-4293615;27,10,-10;701,87,203;999,-180,-119
rua||sem denominacao|jaguara|25780000|110,-2219356,-4297787
rua||sem denominacao|piao|25780000|6,-2212626,-4276249;8,-24,-20;18,132,44;19,10,14;26,-1,-3;55,-3,-14;64,-78,-40;151,102,79;248,-682,-1103;249,-21,26
rua||sem denominacao|volta do piao|25780000|450,-2212600,-4278436
rua||seraphina morelli vianna|parada morelli|25780000|77,-2218736,-4299485;80,17,-1;95,-2,-6;100,2,5;115,11,-17
rua||setembrino de carvalho|torrao de ouro|25780000|17,-2215321,-4293415;65,-29,22;705,64,-19
rua||sitio da beleza|beleza|25780000|12,-2210141,-4294416
rua||travessa sebastiao alves malta|santa fe|25780000|27,-2215384,-4292148;45,-7,8;46,3,8;74,-12,2;80,-4,-8;316,55,11;317,1,-6;376,-66,-8
rua||tristao camara|corrego sujo|25780000|30,-2220723,-4304468;35,19,28;113,24,30;114,3,3;17900,-106,-134;17958,18,25
rua||valdir pires|jaguara|25780000|220,-2219208,-4298074;238,-38,38
rua||valdir vianna de andrade|jaguara|25780000|73,-2218434,-4297652;120,-79,14;125,2,-2;155,-2,4
rua||vale da benca|jaguara|25780000|39,-2218938,-4297664;52,-18,-7;73,-16,3;85,12,3;96,-21,-6;134,24,2
rua||vicente dias de oliveira|brucussu|25780000|15,-2217597,-4294816;235,-105,-172;253,-7,-7;325,130,-16;333,-122,-53
rua||waldemar jose santana|contendas|25780000|13,-2217532,-4297952;23,6,-10;26,0,9;32,24,-5;44,-12,-15;45,-11,2;50,7,-10;66,16,-3;19287,-24,34
rua||waldemar pereira barboza|rocadinho|25780000|32,-2217933,-4293754;251,163,-23;252,49,91;1845,-173,-71
rua||waldomiro de souza|pedras brancas|25780000|1,-2214195,-4293396;2,-1,6;3,1,-3;4,6,106;5,0,-1;6,25,-114;7,-130,284;8,93,-193;9,2,-5;10,40,-52;11,-62,225;14,-41,15;15,-11,-18;17,-10,6;18,-5,-6;19,3,2;20,2,-5;21,32,52;22,4,11;25,0,17;26,-1,9;27,2,6;28,-5,10;29,2,7;30,-6,10;31,5,8;32,-6,6;33,-7,23;34,3,16;35,-40,-93;37,6,18;38,0,1;41,0,21;42,122,-38;43,-150,-47;44,-3,-5;46,-5,-12;47,9,144;49,-9,-165;50,-2,-15;51,11,72;52,18,248;66,-9,-3;79,-16,-25;224,27,-32;230,-15,-100;283,14,105;455,-38,-115;749,152,16;993,-115,208;1000,11,-14;1015,-2,-2;1067,41,-32;1077,0,-14;1080,5,1;1087,8,-14;1106,10,-8;1119,0,-8;1120,6,1;1129,7,-10;1138,14,6;1151,-5,-17;1157,-10,-27;1158,-15,-19;1164,3,7;1185,32,17;1186,49,3;1215,-33,-28;1226,-46,12;1357,-12,-11;1383,130,-119;1393,44,20;1407,-17,-38;1412,24,5;1429,0,-18;1435,13,-5;1436,15,6;1437,-30,-23;1439,-3,-2;1475,30,-22;1505,0,-24;1626,46,-97;1763,-44,-102;1845,-4,-49
rua||waldomiro de souza|sao lourenco|25780000|1084,-2214238,-4292861
rua||waldomiro de souza|valverde|25780000|1070,-2214260,-4292837;1080,9,-8;1112,22,-31;1120,7,-10
servidao|santa|cruz|barrinha|25780000|14,-2219846,-4301691;21,-6,-3;24,2,4;25,4,-3;38,-17,3
servidao||a lado direito|centro|25780000|438,-2215584,-4292768
servidao||adao goncalves da motta|parada morelli|25780000|15,-2218852,-4299794;32,2,-13;48,-15,-4;56,-13,9;79,-7,-6
servidao||antonio morelli|parada morelli|25780000|79,-2219632,-4300267;85,-32,-11;120,-51,-1
servidao||carmo martins de oliveira|buracao|25780000|800,-2213397,-4291259;830,-35,-6
servidao||carmo martins de oliveira|valverde|25780000|800,-2213415,-4291262
servidao||chico werneck|valverde|25780000|26,-2214197,-4291253
servidao||dos oliveiras|rocadinho|25780000|120,-2218796,-4293051;136,23,15;160,-13,-9;175,24,9
servidao||joao antonio dias 2|parada morelli|25780000|38,-2218735,-4299715;45,0,-11;67,4,-13
servidao||kennedy marques|centro|25780000|15,-2215048,-4292242;20,22,-10
servidao||laurentino f vale|centro|25780000|226,-2215154,-4292665
servidao||licino raimundo da silva|santa fe|25780000|584,-2215011,-4291222
servidao||manoel tedesco|santa fe|25780000|636,-2214989,-4291143;638,-2,-10;640,-28,-17;642,0,11
servidao||maria felipe|camboata|25780000|19,-2218064,-4298361;23,0,3;25,-8,-1;27,-5,4;29,7,-6;34,21,-1;46,17,-11;49,-22,0;50,-8,-30;58,12,27;67,-23,-19;70,26,4;237,5,44
servidao||miguel alves|boa vista|25780000|113,-2214202,-4290275;118,4,7;160,17,-6;175,19,8;180,12,4
servidao||paulo machado teixeira|palmital|25780000|20,-2213639,-4292613;65,33,-10;110,79,38;112,16,-16;114,2,14
servidao||ruth dos santos portugal|barrinha|25780000|1,-2220025,-4301683;2,-2,-4
servidao||sem denominacao|aguas claras|25780000|22140,-2217145,-4295787;22148,10,-10;22166,9,9;22180,8,14;22190,6,0;22200,12,17;22210,2,-5;22216,9,12;22220,-9,7;22238,14,7;22256,15,12;22266,4,3;22270,85,80;22290,-50,7;22700,282,352;22830,41,24
servidao||sem denominacao|centro|25780000|63,-2215238,-4292556;69,23,-4;109,-22,-50;141,75,122
servidao||waldemiro de azevedo|aguas claras|25780000|22,-2217194,-4295813
servidao||zilda figueiredo|santa fe|25780000|660,-2214981,-4291138;662,-27,15;664,-27,-8
travessa|major|theofilo|centro|25780000|25,-2215247,-4292441;31,8,-37
travessa||alfredo moita assuncao neto|centro|25780000|21,-2215351,-4292895;23,13,7;29,1,-16;30,13,29;44,-7,2
travessa||alves moreira|barrinha|25780000|16,-2219915,-4302064;21,-1,5;29,-8,1;30,2,2;38,-10,2;40,-13,10;45,17,-2;59,-9,9;73,-11,16;85,-2,16
travessa||avelino branco|barrinha|25780000|21,-2219895,-4301808;29,0,2;35,-23,13;39,17,-20;43,-11,27;53,2,6;63,1,8;69,3,0;85,4,18;88,-12,-166;99,15,174;117,-10,-75;135,31,100;177,-21,-17;185,-25,-135;251,-24,105
travessa||constantino andriolo|centro|25780000|100,-2215198,-4292469;140,-30,5;179,22,10
travessa||joao f da rocha branco|centro estacao|25780000|2,-2215762,-4292386;118,10,-53
travessa||joao vitor regazzi|centro|25780000|573,-2215128,-4292338;580,-6,4
travessa||jose duarte figueiredo|barrinha|25780000|12,-2219813,-4301686;54,14,19;184,-3,16;186,10,7;188,-17,-13;191,27,2;196,-25,6;198,9,4;200,-10,12;215,29,2;227,-11,11;237,1,19;240,-5,-4;253,-2,13;265,-2,12;279,2,8;280,-3,8;289,5,0;301,-2,12;2100,-12,-67
travessa||judith priori de souza|barrinha|25780000|18,-2219725,-4301644;37,-8,-6;49,3,9;57,-8,27;60,6,-7;62,-25,-4;63,19,3;76,11,3;87,-12,6;88,16,-3;106,-11,38;132,2,16;142,-6,18;165,-1,-41;500,5,-85
travessa||julio rabello|centro|25780000|96,-2215384,-4292322
travessa||luzia alves bulhoes|barrinha|25780000|6,-2219648,-4301766;21,2,4;48,-16,26;72,-19,29;83,13,1;85,-12,-1;91,1,2;94,-6,0;100,-1,5
travessa||maria madalena xavier de carvalho|santa fe|25780000|8,-2215313,-4291940;18,-5,14;38,1,15;40,-64,26;44,55,-15;52,-11,0;55,-5,19;56,-37,-5;93,32,1;95,-3,-1;97,-9,0;100,3,-4;108,-9,2;480,42,-15
travessa||maria xavier carvalho|centro estacao|25780000|2,-2215634,-4292323;19,40,3;36,6,-30;49,-18,45;56,-20,-17;87,-9,12
travessa||martinho gabriel de castro|centro|25780000|9,-2215170,-4292584;20,-4,-2;25,-12,12;43,-3,-1;48,11,-1;68,-10,5;101,-1,-3;204,27,-22
travessa||melquisedeque da costa bezerra|santa fe|25780000|8,-2215304,-4291933;15,-81,-109;38,-11,24;57,-10,-23;376,34,7
travessa||sem denominacao|santa fe|25780000|652,-2215009,-4291146;654,-2,4
