acesso||publico|conforto|27263590|1,-2252394,-4412001;3,-14,2
acesso||publico|santo agostinho|27210060|89,-2249045,-4407675
alameda||da paz|vila brasilia|27280055|23,-2249174,-4410754;35,-9,30;38,7,6;39,-4,-1;40,0,-6;41,43,-27;48,-40,5;49,41,-13;59,-20,-14;71,-2,-2;77,-18,43;79,2,-12;81,-4,-6;84,-17,21;85,27,-41;94,1,-6;97,-6,34;98,-7,-18
avenida||amaral peixoto|sao joao|27253220|22,-2251330,-4409488;68,43,257;110,-24,-218;115,13,45;132,-6,2;142,1,16;152,6,12;162,-7,-3;166,-4,-26;172,6,23;174,2,12;178,-4,-3;184,-70,-75;188,75,102;198,-1,-12;202,2,10;206,-1,17;210,11,-22;212,-2,33;214,1,-1;218,-7,-1;220,-3,0;224,-7,-2;228,14,11;232,-5,12;252,10,7;256,0,7;260,6,2;264,-18,2;278,10,16;286,-3,4
avenida||amaral peixoto|sao joao|27253221|600,-2251270,-4408966;722,19,123;728,-3,-1;730,1,23;748,5,5;762,21,8;766,-30,5;800,1,36;818,17,14;852,15,33;858,-2,20;886,23,1;888,-5,9;900,10,8;912,3,13;920,-18,36;926,15,-27;950,20,19;952,13,17;958,12,-1;962,-5,15;970,-6,8;976,-2,6;982,13,9
avenida||amaral peixoto|sao joao|27253222|41,-2251322,-4409502;43,-6,10;45,-15,4;47,-5,2;49,17,6;59,-4,4;61,1,-1;63,15,4;71,-13,14;77,18,7;81,1,0;87,-17,-8;91,30,15;95,4,12;133,-20,37;143,11,-11;151,-4,17;153,8,24;173,-8,-6;177,9,1;179,-3,-3;185,-8,6;195,-14,10;199,29,2;201,-12,6;205,0,3;239,4,30;247,9,18;249,17,10;253,-39,-9;259,12,4;265,-30,-10;267,101,14;271,-38,17;273,-17,-5;279,-3,5;287,23,25;295,-48,-13;301,55,23
avenida||amaral peixoto|sao joao|27253223|321,-2251299,-4409229;323,3,3;329,-4,1;331,5,3;333,-19,-21;334,26,18;335,-12,13;337,-14,-15;340,14,11;341,13,-10;345,-1,19;347,3,-3;348,-1,2;353,-13,13;356,8,0;359,-4,1;360,18,-16;363,-13,17;364,0,5;366,-5,12;367,-3,-9;370,4,3;373,4,1;374,4,-2;377,-8,9;378,3,-13;381,7,13;382,-5,6;385,-10,-3;388,21,6;389,-19,2;390,14,-3;393,26,9;396,-20,0;397,0,-1;400,-19,2;403,50,-3;404,-26,11;421,-10,16;424,29,7;425,-11,-11;431,0,12;440,-5,32;445,33,-18;448,-35,15;449,7,-3;459,-12,12;460,-3,0;464,-3,5;466,18,-5;470,-1,1;491,-34,34;501,21,3;503,6,3;515,9,0;519,-13,5;523,0,30;527,-21,-14;533,-8,10;555,-24,31;559,-21,0;561,-6,-5;563,3,24;571,87,-10;603,28,43;651,-166,156;665,148,-123;669,21,-4;671,-21,6;673,-11,10;675,-19,-3;681,3,2;689,29,14;697,-4,10;701,0,-3;705,-1,10;711,3,6;713,8,12;715,5,0;745,-3,34;775,-6,15;777,4,-2;779,-7,7;787,-13,6;793,5,7;795,41,23;845,0,25;851,7,-307;859,-5,-327;863,-3,-8;865,-16,-1;869,13,-10;885,20,682;891,32,48;901,-39,-30;903,3,3;911,36,-2;917,-8,7;923,1,7;929,-9,1;931,0,14;935,1,-7;941,3,16;943,10,4
avenida||das palmeiras|belmonte|27274470|50,-2250782,-4413822;60,1,-11;65,-19,23;70,11,-32;80,2,-19;85,-42,21;105,26,-27;113,-18,-29;115,20,14;119,-9,-9;123,-40,-3;125,36,3;137,-9,-14;145,0,-4;170,26,22;173,-19,-12;180,22,-24;205,-20,-13;225,21,-16;232,51,-51;235,-30,57;245,-14,-31;246,48,-53;255,-34,49;256,8,-35;260,-7,-2;265,-13,0;266,22,5;276,-19,-28;278,2,-21;285,-12,39;286,-12,-39;295,12,28;296,-8,-46;306,0,-5;1114,-48,17;1116,-9,5;1118,-8,-6;1120,-5,16;1122,0,13;1916,-103,10;1919,-2,-6;1953,-5,11
avenida||palmeiras|belmonte|27274160|591,-2250800,-4413647;595,-3,-20;601,4,-8;605,3,-9;642,34,-19;699,-9,-35
avenida||palmeiras|belmonte|27274470|699,-2250764,-4413736
avenida||papagaio|parque das garcas|27257595|10,-2260155,-4408027;11,-17,1;12,11,-4;14,-1,5;15,-8,5;16,-3,-8;19,-7,-3;23,4,5;25,-9,2;27,-6,-2;28,11,0;30,-9,6;32,2,-1;34,-12,3;45,-52,20;65,24,-8;67,-4,2;69,-2,-12;71,-8,20;73,-3,-1;75,-3,2
avenida||paraiba|dom bosco|27286000|12,-2247729,-4406265;14,0,3;20,-14,225;24,17,-211;26,-5,4;41,-1,-9;43,4,17;45,2,8;50,-7,3;52,12,-17;54,-10,8;60,6,23;62,0,8;70,-1,2;78,-3,14;86,5,6;90,-4,1;92,1,11;95,0,-13;96,-2,13;97,5,15;98,-5,-7;100,-3,8;105,6,36;106,0,-28;107,2,32;109,-2,1;114,0,-31;120,-1,7;130,0,6;140,-1,6;150,1,5;160,-7,18;162,6,-6;170,-6,17;180,4,5;190,-4,15;196,2,3;200,-2,4;210,0,6;224,3,8;228,3,9;234,-2,5;242,-3,29;244,-2,-23;245,2,20;254,0,-10;258,-2,18;264,4,7;284,1,5;290,-10,4;294,1,16;304,-5,11;305,4,-2;314,-4,4;334,7,16;344,-1,10;354,8,-1;364,-6,1;374,-8,15;384,1,11;394,0,3;404,-7,12;414,6,5;424,-5,6;434,-1,6;444,5,2;454,-5,9;464,-5,10;471,-13,138;474,15,-129;484,5,9;494,0,3;496,-8,3;503,20,-18;504,-19,19;514,1,7;515,3,5;520,-3,6;534,-3,7;536,2,4;538,-2,8;540,3,11;542,-3,15;550,-5,5;560,0,-2;570,1,9;580,-1,11;600,-2,3;608,3,-4;609,5,-17;611,-3,11;615,-1,16;618,1,-1;620,-5,18;621,-2,32;622,3,-45;632,-3,10;642,-10,13;652,-8,-11;653,3,8
avenida||para|vila mury|27281470|87,-2250155,-4410456;97,7,0;106,-8,9;107,12,-13;114,1,1;117,2,-6;121,7,-8;124,-2,12;126,12,-17;127,-2,-3;133,29,-21;135,1,-5;143,8,4;153,-2,-4;233,32,-32;245,6,-3;249,6,-6;253,8,-4;282,-19,26;289,26,-38;307,18,-16;308,16,4;312,4,-6;317,-10,2;320,27,-14;322,-12,8;325,-3,-10;328,3,9;337,2,-13;350,21,4;357,14,-42;358,-23,32;375,-86,77;388,98,-85;389,12,-16;399,5,-8;400,11,6;401,-7,-6;406,-21,17;410,17,-8;420,13,-10;421,-4,-3;427,5,-2;433,4,-3;468,33,-21;469,-6,0;471,8,-2;473,6,7;479,-21,-21;482,19,1;485,3,-11;486,1,13;497,17,0;498,-10,-7;499,6,-3
avenida||parnaiba|vale do paraiba|27274300|8,-2250280,-4413319;12,-16,8;24,-5,5;48,4,8;58,-24,-5;65,11,16;68,-4,5;73,34,-40;75,-37,42;77,55,-32;78,-73,28;80,2,19;82,-4,7;83,79,-66;89,-60,47;110,-21,19;118,-7,9;130,-11,7;132,-1,7;142,-1,4;144,-12,23;205,17,-17;211,-6,7;217,-8,32;223,-3,-19;225,-1,17;227,23,5;228,-30,-10;229,4,31;231,1,12;237,-5,-21;238,4,1;239,7,4;240,-41,-8;243,37,31;245,-4,4;248,-4,-15;249,4,14;253,-5,27;260,1,-35;262,-8,24;442,-31,44;450,-24,11;462,-3,15
avenida||paulista|vale do paraiba|27274060|17,-2251053,-4412677;99,-100,56;109,53,-39;119,26,11;121,12,-22;125,-5,3;138,-25,6;140,25,-9;155,24,2;200,5,18;224,35,-20;234,1,10;244,15,3;252,29,-14;254,-14,9;298,19,-16;300,6,5;310,6,-7;320,9,1;343,-11,-10;353,23,26;373,7,-17;403,8,-21;410,12,6;426,-7,8;430,6,-12;433,-2,2;443,41,-21;450,7,3;451,11,6;455,-9,-16;457,21,-2;460,-15,-2;470,10,10;480,12,-9;481,6,0;490,7,2;491,1,-15;496,15,-1;501,-4,3;503,2,-12;513,9,3;525,7,-3;535,12,4;560,19,4;561,-10,-16;565,11,-5;571,12,-8;581,-9,1;593,22,0;601,-13,7;603,20,-9;611,10,1;621,3,0;631,15,13;641,9,-15;651,8,2;661,9,3;670,-15,8;671,27,-5;681,10,5;690,5,3;691,-2,-1;695,10,2;697,8,1;699,13,1;701,8,-5;709,13,-15;710,-30,26;711,25,-27;720,-13,17;723,30,-26;729,6,2;730,-38,32;735,32,-44;739,2,-8;740,-13,31;745,14,-21;748,-106,21;749,120,-38;750,-152,31;760,129,5
avenida||pava0|parque das garcas|27257610|19,-2259962,-4407588;20,5,21;21,-4,20;24,-5,26;219,-51,-145;325,-63,-128;326,12,37;327,-11,-31;330,11,34;335,-6,-27;337,0,4;343,6,3;345,0,5;353,2,0;357,2,10;380,2,21;384,6,-6;393,8,16;397,-1,-2;418,10,20;424,-1,5;429,-54,-101;431,2,6;433,5,7;437,-4,54;439,12,-32;448,45,86;450,3,5;452,1,1;454,-36,-75;458,37,79;460,9,5;462,1,-4;464,6,12;485,5,12;487,2,2;493,-52,-85;495,6,11;497,17,12;501,-2,11;520,57,105;526,-62,-125;546,-8,-17;556,-40,-67;558,0,5;562,96,160;564,-10,-12;572,21,28;588,-13,-10
avenida||pelotas|belmonte|27274205|6,-2251086,-4413406;16,4,2;26,-9,-18;29,-1,-6;31,-5,8;35,8,2;38,-1,-14;40,-2,-60;47,3,45;50,-6,-50;52,6,46;55,-14,-2;60,9,-55;64,4,49;65,-2,-13;66,-4,-34;70,-2,-11;74,19,43;75,-21,-6;78,6,2;80,-4,-50;85,0,45;90,0,-58;95,-6,44;100,2,-49;115,-3,-4;120,2,-4;125,-2,2;130,2,-12;135,-1,-5;140,2,-6;142,-11,-58;144,1,5;145,2,51;150,6,-5;152,-8,-60;155,-8,4;164,5,-12;165,1,18;174,-1,-27;184,-7,-10;193,-5,2;194,7,-10;203,-6,-4;206,6,-7;210,-3,-13;213,-1,15;215,0,-14;224,0,-7;227,-14,-20;240,20,6;250,-5,-6;262,-1,-14;267,-7,3;274,7,-8;284,0,-7;294,-6,-17;304,0,10
avenida||pernambuco|belmonte|27274030|15,-2251197,-4412725;21,28,-2;23,4,9;25,6,-7;27,26,-10;29,-5,1;35,16,-20;44,-79,73;48,9,-8;54,4,-3;58,5,-8;64,1,-3;68,9,-4;78,11,-7;80,32,-28;88,-24,19;90,20,-17;100,-7,13;108,24,-23;128,-9,1;133,7,-3;135,30,-35;138,-6,26;139,9,-15;146,5,8;148,2,-5;152,8,-20;153,2,2;154,-2,-8;217,13,-16;219,-14,13;221,3,-6;229,28,-30;269,14,-10;275,14,-12;290,-6,6;299,24,-16;300,-2,-8;301,0,21;333,7,-37;335,22,-35;337,-26,32;339,5,-4;340,17,2;343,-12,-6;345,28,-30;350,-14,19;355,-15,2;377,38,-21;381,-7,11;385,4,-22;388,-15,28;392,16,-22;400,12,-16;405,-2,6;411,6,-3;413,-39,38;415,42,-53;1246,15,-1;1248,13,1;1250,-8,15;1268,-1,12;1278,27,-18;1292,4,12;1294,33,-6;1296,1,3;1298,14,-11;1300,-29,9;1302,34,-16;1304,15,-4;1306,-2,5;1308,0,-13;1310,8,-1;1376,25,0;4140,-441,302;4142,1,-4;4144,19,2
avenida||peru|parque das garcas|27257600|16,-2260166,-4408065;20,6,7;22,2,3;32,10,6;33,34,63;37,-77,-145;38,61,129;40,-17,-46;43,28,55;49,114,195;54,-167,-304;58,127,260;69,9,11;78,38,61;79,-40,-75;89,7,15;98,-51,-81;137,86,136;230,-140,-233;234,3,-2;250,7,12;252,7,4;254,-3,3;280,12,19;284,1,17;290,7,3;300,-2,3;315,8,-4;317,0,4;323,10,12;325,-2,3;329,0,0;333,8,7;426,39,91;428,13,8;430,-6,6;432,4,-4;433,12,6;435,-14,5;437,8,9;439,1,3;448,-3,7;450,6,-5;454,-3,4;464,6,3;468,-57,-104;478,1,2;488,83,135;490,-3,4;494,10,10;505,-8,-15;507,4,5;540,7,32;544,0,3;550,13,6;555,10,-4;565,-1,13;584,-4,17
avenida||presbiteriana|vila mury|27281510|27,-2250145,-4411111;33,24,19;35,-7,-1;36,-2,-9;47,2,12;54,3,9;65,7,4;69,-8,13;71,5,-3;72,-2,1;73,10,-5;77,-4,11;82,-19,9;84,19,-1;88,-14,21;89,26,-7;100,-5,5;102,15,8;112,-8,13;113,5,-10;120,2,21;125,2,-12;143,1,20;150,0,8;155,0,7;160,8,3;172,4,17;177,3,-3;245,22,29;247,-2,7;249,0,-1;256,7,13;259,2,-1;264,-20,23;269,20,-10;278,-1,13;279,6,-4;280,4,7;300,-2,12;310,12,-1;315,-8,9;319,7,3;320,1,1;321,9,13;330,-12,-7;340,8,26;349,11,-3;350,-10,4;374,12,23;378,12,13;447,9,30;454,0,12;464,11,12;472,2,4;488,20,1;490,-5,8;496,3,3;500,-8,14;512,11,3;518,3,-2;524,6,6;535,16,4;536,-8,4;543,11,9;548,-8,5;553,9,7;558,-3,0;576,26,30;590,22,6;591,-19,-4;593,19,1;595,-5,14;597,0,0;599,6,9;600,5,-2;608,-7,11;609,5,0;620,0,16;622,1,-4;634,38,22;637,-17,-25;638,-15,10;642,68,86;647,-61,-80;649,72,79;650,-19,-11;651,26,16;657,-62,-81;663,65,95;664,-80,-95;668,62,80;674,15,15;682,3,1;698,-35,-58;703,4,3;710,-5,18;715,12,-7;729,3,7;733,1,6;770,17,37;775,10,6;779,9,2;780,-1,-5;784,-9,14;1935,-176,-253;1977,-18,-13
avenida||proletaria|vale do paraiba|27277340|25,-2249698,-4412315;29,-4,-3;35,-14,0;39,-3,4;41,-5,4;45,-6,-3;51,-6,5;55,-7,-2;61,-15,-4;65,2,3;75,-21,-4;85,-14,2;95,-19,-2;105,-2,4;115,4,1;125,-8,-3;135,-15,4;145,-8,3;155,-7,-1;165,-12,-4
avenida||waldir sobreira pires|vale do paraiba|27281346|41,-2249795,-4410644;43,-1,-15;45,0,-11;47,4,9;51,10,1;53,5,-10;55,11,-11;57,-11,21;59,11,-2;61,1,-12
avenida||waldir sobreira pires|vale do paraiba|27281347|22,-2249794,-4410670;24,5,9;42,5,-9;44,2,-3;54,4,-2;62,2,-7;66,2,-4;68,13,11;70,16,-25;75,-13,-4;76,7,16;85,2,-26;86,4,12;94,13,4;95,-13,-22;102,287,-165;105,-280,158;106,6,4;108,9,7;115,-10,-29;120,18,17;128,-5,-7;130,5,-4;164,19,2;169,-3,-15;171,-6,0;173,7,5;174,6,-2;178,3,-1;179,-6,-13;184,16,1;185,-8,-6;189,8,-3;191,-1,-5;201,12,-9;250,40,8;268,26,-10;270,26,3;299,-20,-32;305,24,11;309,-16,-13;315,18,-5;329,-5,-4;339,4,18;343,11,-19;345,1,4;347,6,-6;351,-2,-2;355,13,-11;369,12,-6;375,-4,11;387,14,-12;389,9,-6;399,-13,1;401,3,-5;407,8,3;409,-5,-3;569,6,8;583,11,-22;591,22,-12;599,-13,18;601,19,-13;603,-3,-3;607,9,0;611,-1,0;615,6,-8;623,17,-15;625,-4,10;635,-2,6;645,15,-12;655,-39,19;667,48,-23;671,5,-5;673,14,-11;675,-8,1;677,5,2;707,12,-24;727,-117,88;735,122,-91;739,18,0;745,5,-16;749,4,-4;755,9,-1;757,-23,13;759,25,-13;761,14,-7;763,7,-9;765,-2,-3;767,6,1;771,5,-8;779,-2,-17;783,2,-17;795,-12,-8;799,0,-5;805,1,-13;811,-12,-20;821,6,12;853,-12,-5;855,-16,-45;857,28,9;865,-22,-9;873,12,11;879,-11,-11;889,-18,-5;1800,-411,449
avenida||waldir sobreira pires|vila brasilia|27279071|135,-2249267,-4411226;921,-109,33;923,15,3;925,-1,8;927,6,-10;929,13,-12;931,3,-13;935,-2,10;947,5,-5;961,26,-9;965,0,-5;1105,22,-4;1115,-1,-6;1125,7,-12;1135,2,-11
avenida||waldir sobreira pires|vila brasilia|27281347|814,-2249337,-4411053;824,-4,-18;830,-40,58;840,31,-76;850,-11,-1;874,0,-40;876,3,3;882,-2,-14;902,19,-38;908,14,-22;916,-3,10;918,23,-30;922,-4,21;924,2,-21;930,22,23;944,-5,-23
escadao||da paz|vila brasilia|27280290|4,-2248957,-4410915;5,60,63;15,-20,-33;35,34,4;37,-7,-9;43,1,-5;48,5,14;50,7,-1;55,-1,-14;60,36,18;65,-34,-16;71,13,-3;80,0,-1;88,33,36;97,-46,-21;99,20,-4;101,23,7;183,-68,35
escadaria||publica|padre josimo|27210000|150,-2251152,-4414223
estrada||do peixe|estrada rj 153|27283370|122,-2244751,-4413473;500,-309,320;1100,158,356;2001,545,-857
estrada||sitio paraiso|estrada rj 153|27288002|215,-2243054,-4409690;340,683,-234;450,191,-284
praca|sao|paulo|niteroi|27283510|71,-2249827,-4409407;75,-5,-3;81,-5,-22;83,4,-3;85,4,7;97,15,1;191,0,0
rua|cabo|luis augusto pereira|aterrado|27213140|141,-2250667,-4409113;151,23,-45;171,-36,84;175,5,1;305,-2,10
rua|cabo|luis augusto pereira|aterrado|27213240|283,-2250633,-4409141
rua|cabo|luiz augusto pereira|aterrado|27213240|91,-2250632,-4409184;140,1,1;142,-15,59;158,12,-35;159,-13,38;185,11,-118;187,10,3;189,0,8;191,7,0;193,0,4;195,4,0;200,-28,69;201,15,-56;203,-2,8;205,2,-4;209,-1,4;210,11,-17;211,-9,18;213,-3,-1;214,2,-2;218,6,3;222,10,4;226,-17,6;230,10,4;234,-2,3
rua|cabo|luiz augusto pereira|aterrado|27215570|152,-2250667,-4409102;162,6,10;164,1,8;165,-10,18;166,29,-31;172,-39,39;174,-4,-15;176,12,0
rua|coronel|camilo de assis pereira|jardim amalia|27251240|8,-2251133,-4408580;10,-15,-1;12,4,10;16,23,-4;24,-59,29;26,79,-3;30,3,1;34,-33,1;38,17,14;42,-6,6;54,-6,-3;58,3,3;60,20,21;66,5,2;70,-7,22;72,-1,48;80,16,29;156,69,138;200,5,19;296,-76,-142
rua|desembargador|toledo piza|sao joao|27253250|26,-2251479,-4409322;30,-27,7;37,23,-20;46,-28,20;47,16,-2;50,-9,7;51,-11,-15;57,11,11;59,-18,0;60,-5,-8;69,1,18;70,-7,-9;79,-10,16;84,-2,0;90,-9,-2;115,-15,8;116,3,-10;123,-10,13;133,-7,-18;139,-9,2;143,-2,-1;146,-4,-2;152,0,1;155,-2,-1;156,20,15;157,-23,-14;158,-14,-15;159,8,13;168,-3,-5;169,-1,2;170,-6,-8;177,-12,0;180,9,-5;191,-12,-2;196,0,0;203,-12,-7;210,0,13;215,-17,-18;220,7,-16;231,-13,16;232,9,-2;248,-18,-4;251,4,9;256,-10,-5;268,-14,1;280,-14,0;304,-17,-5;316,-13,-2;324,-16,5;330,3,-1;340,0,0;352,-14,22;354,17,-21;358,-15,29;366,-8,8;368,-4,6;555,-21,1
rua|dom|altivo pacheco|laranjal|27255005|80,-2252033,-4409955;100,2,-33;128,9,-19;208,42,-32;220,62,-32;260,13,-11
rua|dom|helvecio gomes pimenta|vale do paraiba|27275100|16,-2250068,-4411250;22,17,-2;28,12,7;36,3,-20;60,11,18;80,19,7;89,12,-6;90,14,5;100,-5,12;101,5,-19;110,-2,-1;111,13,1;125,10,1;130,5,11;135,7,-7;140,10,13;141,-5,-16;143,4,2;150,-5,18;162,7,-10;166,18,8;174,8,0;186,6,1;198,13,4;210,14,3;222,14,-1;232,0,-2;234,-2,-2;244,44,5;250,-4,3;260,7,-3;262,-8,4
rua|dom|helvecio gomes pimenta|vale do paraiba|27275110|199,-2249905,-4411230;201,17,-10;211,16,20;223,7,-16;231,25,6;233,-10,0;235,11,3;239,13,5;273,-12,-25;281,0,13;283,15,14;291,-10,-35
rua|doutor|rolando de paiva paula|jardim amalia|27251216|12,-2251104,-4407268;130,-57,60;140,11,-8;150,6,-6;160,29,-39;164,55,-51;165,-14,13;175,-6,9;195,-17,19;197,-7,12;201,-9,11;209,-6,7;220,-79,87;240,-24,21;271,68,-66;281,-21,26;300,-92,70;310,-26,12;320,-39,27;325,137,-84;330,-149,94;360,-6,9;365,97,-56;369,-5,4;370,-99,62;373,92,-57;401,-18,8;405,-17,5;425,-22,12;449,-6,16;461,-14,0;463,-7,11
rua|estudante|marizete pinto|sao luis|27286180|2,-2247476,-4406823;4,-10,2;6,-12,1;8,-8,20;10,-11,4;15,-14,3;20,10,-6;25,-13,4;27,-2,6;30,6,-11;35,-6,18;40,0,-14;45,-95,47;50,75,-31;65,-148,60;70,24,-14;75,-46,23;90,-4,3;105,-20,17;120,-17,-7;493,100,-33;796,97,-50;798,1,3;800,-13,4
rua|governador|raimundo padilha|jardim amalia|27251256|30,-2251667,-4408056;34,2,10
rua|irma|paulina|santa cruz ii|27288520|125,-2246168,-4410129;127,-39,38;130,73,37;134,-40,-87;135,-10,9;138,15,-45;140,-12,37;145,-16,16;150,11,-9;154,-1,-5;155,-10,14;160,-2,-10;165,1,24;170,-6,-21;180,-11,9
rua|marques|de pombal|jardim amalia|27250810|12,-2250807,-4407834;16,-15,11;20,5,9;24,11,-5;31,2,6;41,13,12;43,-1,4;44,-10,7;54,12,0;68,8,-4;69,16,5;89,4,10;99,11,9;101,-32,-27;109,36,38;110,-4,22;119,12,-3;120,-6,31;131,-4,-34;143,6,16;145,4,7;173,-6,27;183,7,11;201,-7,-38;219,-20,74;229,19,-4;239,-19,10;240,-9,-32;243,7,40;249,-11,-5;250,9,3;253,-10,4;259,-9,9;260,7,-7;263,-15,15;266,3,-6;270,10,17;293,-8,0;303,-7,6;315,-11,9;325,-10,11;344,4,-15;345,-9,19;350,-7,-6;355,-6,20;363,-1,0;365,-7,-2;373,-2,10;375,-6,-3;377,3,4;379,0,-3;384,3,-14;388,-37,104;394,22,-88;400,-20,-9;401,26,11;411,-22,17;425,-12,1;426,0,-7;428,-4,9;436,-1,2;437,-12,-2;439,7,7;452,-14,-9;454,3,13;456,-4,1;464,-1,12;465,6,-12;469,-6,25;476,-9,-9;483,10,13;486,-10,-6;488,4,7;493,15,15;500,-9,-1;504,33,96;513,-19,-87;520,-7,-3;538,4,14;555,26,8;565,6,8;575,0,10;586,-9,20;591,-6,3;612,-4,11;626,11,15
rua|professora|maria wanda padilha|jardim belvedere|27258060|20,-2253162,-4407092;30,1,-4;35,18,-8;60,26,14;69,78,24;70,-64,-33;80,8,-5;107,30,-106;110,-12,86;120,3,-13;123,31,-47;125,-49,76;127,52,-74;130,-38,38;131,-6,-12;135,27,-5;140,-21,7;147,37,0;153,4,6;154,-42,-21;156,-2,1;157,50,34;160,-48,-48;162,-3,-4;163,48,72;164,-6,14;173,6,0;174,-2,12;180,-4,22;183,11,-23;193,-3,19;200,-22,-140;202,42,199;203,-12,-30;207,-2,0;210,-17,-150;211,25,161;212,-1,-61;213,4,66;215,6,-1;216,-33,-141;217,35,149;218,-41,-154;220,2,18;222,49,156;223,-4,-12;224,-46,-143;234,53,163;245,8,1;251,6,9;265,16,18;277,13,7;289,3,5;301,4,6;313,6,10;315,3,10;323,6,-3;327,3,10;335,-2,4;339,-10,17;345,13,-6;350,-20,74;351,17,-75;357,5,14;359,-7,16;360,-5,6;380,-14,58;387,18,-43;394,-24,60;396,0,10;397,20,-80;401,-14,35;407,12,7;413,-12,11;423,7,-12;425,7,5;427,9,-102;461,-24,130;476,-28,67;479,29,-49;480,-24,62;484,-3,-3;492,-3,6;494,-2,8;496,-1,3;505,14,-25;509,-2,4;513,6,6;526,-24,39;530,-7,11;547,19,-27;550,-21,40;555,16,-24;556,-15,32;557,12,-20;566,-7,24;576,-5,8;586,1,-4;596,3,8;600,1,3;640,28,12;650,9,-3;660,17,-9;665,11,-8;667,-4,-1;681,16,-13;690,8,5;692,6,-3;701,16,-13;711,4,-5;720,-10,23;724,-1,-3
rua|professor|cesar pena|jardim belvedere|27258240|8,-2253613,-4406487;18,-2,-1;28,0,14;38,-8,-5;48,-5,11;58,-4,6;68,-6,8;78,-4,10;88,-10,4;91,0,18;98,-4,-8;101,1,12;108,-4,-4;118,-6,4;128,-2,3;138,-9,5;148,1,15;158,-8,-3;168,-16,24;178,-5,5;188,-4,4
rua|professor|mario de jesus palheita|jardim amalia|27251255|415,-2251823,-4408068;439,-37,46;441,0,-1;471,15,-15
rua|professor|mario de jesus palheita|jardim amalia|27251257|23,-2251630,-4408385;43,-12,20;48,26,-30;50,5,8;52,-10,1;53,-26,19;54,19,-17;56,-3,1;57,-32,24;66,28,-20;73,-38,37;76,29,-28;86,-13,2;89,-23,21;92,10,-17;102,-2,3;106,-16,15;107,5,10;112,0,-17;117,-10,28;152,-7,1;153,-13,34;157,-11,15;162,22,-39;169,-13,44;172,7,-41;173,-11,44;176,3,-32;182,10,-1;193,-21,42;202,-1,-35;203,-26,50;211,2,0;212,28,-33;213,-18,40;223,-24,12;225,18,-6;232,0,-38;233,8,40;234,-8,-38;235,10,45;262,-9,-12;282,-13,3;292,5,31;296,-19,-10;302,12,1;304,-9,4;306,-2,8;312,-10,1;322,4,12;323,20,-14;325,-5,12;332,-20,11;333,14,-8;342,-26,24;343,24,-20;347,0,3;351,0,8;361,-9,-1;362,-27,28;378,6,6;380,-2,6;382,1,-23;384,-11,21;386,4,5;400,1,12;412,-10,5;414,2,0;420,0,8;430,-8,8;440,-10,11;450,-3,19
rua|santo|antonio de padua|siderlandia|27273550|25,-2252225,-4414162;35,31,12;45,0,-16;51,-13,-4;53,-10,-2;55,20,3;56,3,-23;65,-3,12;66,11,-14;75,-9,-3;85,17,-8;86,4,-2;95,-5,-13;105,11,-16;106,-2,23;109,2,-19
rua|sao|pedro|niteroi|27283790|2,-2249980,-4408866;9,-12,2;15,11,-20;16,-6,15;26,5,-11;38,6,-11;48,26,-7;58,-19,-11;60,20,-95;65,-21,82;68,3,2;70,18,-104;71,-22,98;74,18,0;80,7,-96;83,-19,92;85,3,-5;88,21,-100;89,-16,84;92,37,-76;94,-38,80;112,2,-13;126,8,-16;134,9,-19;144,4,0
rua|sao|vicente de paula|niteroi|27283800|11,-2249852,-4409140;21,-14,-12;45,18,-25;50,1,14;60,4,-19;67,0,-18;68,3,2;81,1,-13;84,1,5;95,-2,-18;96,4,6;105,-12,-18;106,14,8;110,1,2;112,1,-13;119,-2,-7;120,4,3;130,2,-16;131,-8,4;140,16,-13;143,-12,4;153,1,-12;156,7,-4;166,2,-10;178,7,-18;192,-1,-5;203,-3,5;206,8,-20;213,-11,-11;215,1,-7;221,-1,-5;226,-32,-62;234,-4,-2;237,-1,10
rua|sao|vicente de paula|santa cruz ii|27288460|2,-2246472,-4410108;4,4,-6;8,-8,10;10,-13,-11;12,-14,2;14,-27,-62;16,23,65;18,-3,4;20,-4,-6;24,-48,23;25,39,1;30,-3,-13;31,-52,25;33,-1,-14;35,-7,23;39,113,-23;41,-11,-6;43,-10,4;45,-15,3;49,-2,-3;55,-30,4;65,-6,0;75,-6,1;85,-10,-8;87,-16,23;89,-16,-35;91,-10,-4;93,-5,-9;94,80,19;95,-29,31;97,-55,-59;99,-12,-53
rua|sao|vicente de paula|santa cruz|27288460|50,-2246601,-4410112;54,-18,-10;4878,1,-10
rua|soldado|julio cesar pinto|tres pocos|27240180|45,-2249970,-4404368;47,27,-14;49,-32,24;51,1,15;61,4,8;67,-8,5;81,-3,6;225,-1,6;226,-9,182;269,4,-169;271,0,11;273,-7,22;275,-10,8;279,0,8;281,1,8;283,-3,8;285,-5,15;295,-21,35;297,3,6;299,8,22;301,8,9;303,5,6;307,0,9;315,11,-1;415,6,7
rua|soldado|julio cesar pinto|vila rica|27240500|7,-2250022,-4404500;11,2,3;13,1,6;15,10,6;19,19,-4;23,-13,21;27,27,17
rua|vereador|aldilio carvalho pinto|ponte alta|27265450|605,-2253652,-4413341;607,-6,-2
rua|vereador|aldilio carvalho pinto|ponte alta|27267370|139,-2253165,-4413121;153,-24,-24;163,-9,-2;201,-27,-29;251,-8,-5;261,1,-3;271,-8,-9;281,-6,-1;283,-7,-6;291,-4,-12;312,-10,-52;315,-8,29;317,7,-7;322,-26,-40;324,0,0;326,-3,-11;328,-5,-15;330,-12,-11;334,-14,-18;336,5,-9;338,-16,-6;340,-3,-12;342,-10,-12;344,-5,-6;346,-12,-6;350,-33,3;352,-16,0;354,-9,8;356,-7,-5;400,119,59;402,-151,-41;426,-28,8;428,-23,-2;430,-2,-4;432,-19,12;434,8,-4;436,-13,0;438,-7,0;448,-10,5;460,-14,0;472,-3,0;482,-13,1;484,-18,-1;486,-14,-1
rua|vereador|aldilio carvalho pinto|ponte alta|27267522|536,-2253639,-4413343;608,-17,9
rua|vereador|quirino catta preta|jardim belvedere|27258325|7,-2253549,-4406326;17,-7,3;18,-6,-2;27,3,14;28,-4,-4;37,-7,8;38,1,1;47,-6,10;48,2,-9;57,-5,8;58,-4,-3;68,-2,7;78,-6,14;88,-4,0;98,-5,9;108,-3,4;118,-10,10;128,-4,6
rua||a ou projetada|candelaria|27286370|2,-2247246,-4407492;4,-2,14;5,-6,-14;6,14,13;7,-15,-4;8,9,13;9,-6,-8;10,-24,-1;11,27,5;12,-38,-6;13,38,9;14,-39,1;16,-4,0;18,11,15;21,-9,3;23,0,6;25,11,2;210,44,16;220,-6,0;230,-11,-1;240,-8,0;250,-2,2;260,-13,5;270,-6,-10;280,-4,12;290,-14,8;300,-2,-4;910,6,-83;930,46,-3
rua||afonso pena|dom bosco|27286310|20,-2247517,-4406183;95,-199,-22;220,175,19;270,-17,-5;272,-3,0;274,-6,-2;280,-56,-3;285,11,2;295,-8,0;320,-53,-10;325,-3,9;330,-14,-6;340,-17,-2;345,24,7;351,61,-2;365,-75,-6;369,-14,-2;401,0,0
rua||antonio eduardo rangel pinheiro|aero clube|27283115|8,-2250261,-4408027;17,-5,-13;25,12,-4;30,24,2
rua||aurora figueira padilha|jardim belvedere|27258210|35,-2253470,-4406989;41,-5,3;45,-4,4;55,-4,7;59,0,1;65,-9,1;67,3,8;70,-26,22;71,16,-16;73,7,-2;76,-26,27;81,20,-20;83,-7,5;91,-3,2;95,-2,5;100,-24,21;101,24,-17;102,-29,17;104,-2,10;105,21,-24;110,-26,34;111,22,-28;112,-18,21;115,16,-17;121,6,4;125,-10,4;128,-24,20;131,20,-16;135,-4,1;136,-20,24;141,20,-19;145,-1,2;148,-22,19;151,22,-9;155,-1,-1;156,-30,18;161,23,-19;162,-31,25;165,29,-20;175,-8,13;185,-3,3;186,-23,13;191,19,-7;205,-8,16;210,-20,2;211,15,-7;221,-11,7;225,5,2;230,-18,9;235,8,2;238,-7,11;245,3,-5;250,-18,7;257,11,-4;260,-17,14;269,11,-6;270,-16,19;280,-8,4;281,14,-15;290,-21,20;293,17,-12;300,-26,20;310,-9,11;330,-8,7;333,17,-7;340,-23,12;342,-4,3;343,19,-12;350,-20,21;359,15,-10;361,-10,3;370,-19,18;380,2,12;390,-11,22;476,33,-31;496,-44,22;500,-3,6;506,-4,5;516,-16,3;526,-3,-1;532,-8,3;538,-6,1;542,-10,-4;546,2,2;550,-7,1;560,1,8;570,-6,-5;578,-5,9;580,2,3;582,2,-6
rua||bismark pontes|vale do paraiba|27277045|595,-2250021,-4412930;620,33,-40;621,-24,33;625,3,-10;630,-16,11;635,11,-22;637,17,-4;640,15,-14;645,-4,7;650,12,-22;652,11,-3;655,-10,0;656,3,-9;660,9,-5;665,-12,14;667,-2,-31;670,7,1;671,3,-20;673,-23,-5;680,15,14;683,-8,-18;693,-3,-11;703,-4,-6;713,-6,-22;771,-5,-29;781,14,-14;785,2,-9;791,17,8
rua||bom pastor|acude|27276260|2,-2249669,-4414086;5,5,-15;7,-5,15;10,9,-6;15,-1,-15;25,6,-9;26,6,1;35,-1,-7;45,3,-11;46,9,-1;55,-4,-8;56,7,3;65,-7,-3;66,10,-8;75,-7,-1;76,7,1;85,-4,-13;86,7,7;95,-3,-9;96,7,-2;105,-1,-7;106,3,3;116,5,-13;125,-6,-4;126,6,2;135,-4,-12;145,8,-2;146,3,-6;155,-3,-10;156,9,7;165,-5,-14;175,-10,27;176,15,-17;185,-2,-21;186,3,8;195,-4,-21;196,6,19;206,-2,-18;221,-3,-11;226,12,-3;227,-16,319;233,5,-324;236,9,1;240,-5,-7;243,-5,-6;246,0,-6;253,-2,-1;255,-1,-10;256,0,2;265,-7,-14;270,5,4;275,-5,-4;276,1,-8;285,-8,-9;286,3,-1;295,-5,-4;299,77,292;305,-81,-298;315,-2,-1;325,-12,-12;326,46,81;335,-51,-89;336,-11,-9;344,134,291;345,-134,-285;355,-4,-3;356,-6,-4;365,-6,1;366,-3,0;367,-2,0;375,-8,0;376,0,-1;386,-10,3;395,10,-1;396,-10,1;406,-11,2;410,2,6;416,-13,-2;425,3,4;426,-3,-4;435,-2,2;436,-9,-4;445,0,3;446,-12,1;455,-6,1;456,6,-1;458,-9,2;465,4,3;475,58,-14;476,-62,11;485,-8,5;486,-1,2;495,-7,-3;505,-4,2;506,-7,-4;515,-4,7;516,-5,-4;525,-8,6;526,8,-6;530,-10,4;535,1,1;536,-4,1;545,-8,3;546,-67,44;555,62,-40;556,-4,3;565,-5,4;566,-2,-1;585,-6,7;586,-22,13;589,20,-16;595,-6,7;596,-3,4;604,-1,-1;605,-2,0;614,-16,-9;615,11,13;624,-5,0;625,0,4;635,-9,9;636,2,-10;645,-7,13;646,-4,-3;655,-3,7;656,-1,-2;665,-2,2;666,-7,5;675,-5,7;676,5,-3;695,-11,13;696,1,-8;700,-5,8;705,-2,6;706,0,1;725,-6,16;726,2,-7;735,-9,16;736,1,-8;745,-2,13;746,1,-9;750,-2,7;754,-7,6;755,1,11;756,-3,3;758,0,0;760,-6,10;764,-7,9;765,15,-19;766,-24,32;768,-9,6;770,-4,3;774,-11,13;775,42,-43;780,-50,48;782,-15,13;785,59,-56;794,-70,59;800,0,0;842,-6,5;862,-11,6;863,1,7;872,-12,-3;873,0,3;882,-5,3;883,4,-1;892,-14,5;893,2,0;902,-8,-4;903,7,6;912,-9,-4;913,-2,5;922,-7,-2;929,-1,7;932,-4,1;933,0,2;942,-10,1;943,7,-1;952,-13,1;953,0,0;962,-4,1;963,-2,3;967,-5,6;968,-5,-3;972,0,-1;982,-8,6;983,3,0;992,-13,2;1002,-4,5;1012,-12,2;1013,15,-4;1022,-20,6;1023,12,-2;1032,-16,8;1033,8,-4;1042,-17,4;1043,9,-2;1052,-17,4;1053,7,1;1062,-15,3;1063,12,-2;1065,-7,2;1072,-10,0;1082,-24,2;1083,18,5;1092,-18,-5;1093,11,6;1096,31,-18;1103,-41,21;1106,-20,0;1113,15,3;1116,-15,2;1123,5,0;1133,-9,5;1143,-5,3;1153,-3,1;1160,20,-13
rua||candido portinari|sao lucas|27263470|8,-2252856,-4411602;12,-2,-26;22,-12,19;26,-1,-10;38,-9,-2;50,-5,-30;56,-6,26;60,-10,-13;68,-14,6;74,6,-8;80,-3,-5;92,-5,-7;100,-15,-11;110,-3,-4;122,-12,-7;127,-17,15;145,-4,0;146,5,-18;156,-2,4;161,-11,11;166,-8,-10
rua||catulo da paixao|santa ines|27208373|81,-2253392,-4411419;90,14,-4
rua||crispim assis pereira|sao geraldo|27253520|10,-2251276,-4408635;12,1,-2;18,-37,-208;19,-7,22;22,-1,-5;32,-6,19;43,-14,19;45,23,-13;46,1,-4;54,-2,12;57,6,7;64,-6,13;67,10,0;95,-8,20;101,35,4;108,-42,2;116,14,20;117,77,-13;119,-15,3;121,-52,13;127,10,6;147,-9,22;155,-59,-11;175,51,34;215,26,37;219,-20,2;223,0,3
rua||da paz|roma ii|27257565|9,-2260536,-4408001;11,11,-10;13,10,-6;14,3,-7;16,-17,12
rua||da pedreira|pinto da serra|27286410|5,-2248242,-4408352;7,4,3;17,12,5;37,8,2;47,12,2;57,11,5;91,15,22;103,17,14;109,1,7;117,14,14;122,-13,-17;123,19,19;126,16,31;418,-20,-9;419,5,-13;2708,-109,-94;2710,-18,-21;2712,-13,-10
rua||da pedreira|vila brasila|27279000|1155,-2249251,-4411281;1159,21,0;1161,4,-5;1163,15,-4;1165,0,-2;1183,6,1;1189,3,-23;1197,2,5;1201,14,-14;1213,7,3;1217,-4,3;1219,1,0;1221,6,-19;1223,-2,0;1231,9,-11;1239,3,0;1251,9,7;1261,-11,-11;1269,17,9;1275,15,-37;1279,10,24;1289,5,-5;1301,13,-8;1335,25,-18;1341,-6,-7;1347,-12,-8;1351,0,-9;1357,-15,-12;1365,-2,-1;1375,-11,0;1397,-19,-3;1411,-15,12;1417,2,3;1421,-20,-22
rua||da pedreira|vila brasilia|27279000|34,-2249223,-4411284;1140,-78,54;1146,15,-19;1150,3,-6;1152,5,9;1154,1,-11;1160,9,-10;1166,16,-8;1168,11,10;1178,12,-8;1186,-7,-21;1216,30,-7;1218,4,-14;1222,10,-5;1224,16,-18;1226,4,0;1230,9,-7;1250,19,-29;1280,21,16;1284,5,-17;1292,5,8;1302,19,25;1308,-8,-29;1310,4,4;1322,9,-24;1380,-22,-43;1382,-10,3;1386,3,-25;1388,-11,11;1404,104,27;1412,-124,0;1422,-24,-6;1426,0,-7
rua||das paineiras|jardim belvedere|27258160|110,-2253487,-4407277;111,1,7;120,-8,-2;121,2,12;130,-14,-8;131,6,10;140,-7,-14;141,4,14;150,-15,-14;151,1,13;160,-10,-1;161,0,-2
rua||das palmeiras|nova esperanca|27278180|63,-2248759,-4411727;73,28,5;79,2,3;81,23,1;85,12,4;91,6,-2;97,12,-6;103,3,-2;109,12,7;115,-2,-19;121,5,-3;950,11,-38
rua||das palmeiras|vila brasilia|27278160|2,-2248818,-4411734;10,24,-7;18,4,4;26,2,2;34,9,4;42,2,-6;50,12,-1;58,5,1;66,3,4;74,13,9;82,4,-12;90,2,10;98,9,0;106,1,5;114,4,1;122,12,-1;130,6,5;132,9,4;134,6,-3
rua||das pombas|parque das garcas|27257625|11,-2260218,-4407827;13,1,5;15,-4,2
rua||das pombas|roma ii|27257625|72,-2260237,-4407827
rua||de pedestre|acude|27276180|10,-2249594,-4413824;11,3,5;13,-7,2;19,-11,3;26,-8,-6;28,-23,3;29,31,3;35,-16,-2;40,-4,-4;43,-3,2;45,-14,2;49,-11,0;50,18,-8;51,-21,11;52,1,-1;55,-11,4;192,96,-25
rua||dos pinheiros|estrada da caieira|27220350|325,-2248876,-4406085
rua||dos pinheiros|jardim belvedere|27258140|11,-2253570,-4407122;31,2,-30;41,-5,-14;51,9,1;53,-15,27;61,15,-44;71,1,-8;81,-2,-11;91,10,-16;101,-4,-7;111,0,-9;121,-7,-5;141,15,-10;151,1,-18;161,-1,-2;166,-2,96;171,11,-106;181,-8,-16;190,-2,67;191,6,-78;201,-1,-7;211,8,-17;221,-3,-7;231,3,-10;236,0,50;241,-3,-58;248,2,48;250,2,-3;251,9,-44;254,-7,31;258,2,-6;261,-2,-43;271,0,-2;313,8,-7;315,-2,2;481,-3,132
rua||dos pinheiros|nova esperanca|27278450|11,-2248704,-4411728;13,-16,-12;14,0,8;16,-3,14;18,12,-28;19,-8,0;20,13,-1;22,14,-6;33,-16,9;42,16,-15;43,-12,12;44,18,-15;54,4,-4;61,-20,8;63,6,0;64,17,-22;67,-12,29;73,4,-25;74,14,-9;83,-16,7;93,14,6;103,8,-5;113,-1,-9;135,14,-4
rua||dos pinheiros|roma|27257570|91,-2259581,-4407326;95,-75,-102;97,38,58;99,16,-75;170,24,130
rua||dos pinheiros|roma|27265573|1,-2259509,-4407231;99,-135,-192
rua||edson passos|aterrado|27215550|17,-2250629,-4409318;60,-96,-30;66,-2,4;68,0,-2;70,0,2;97,-7,1;101,45,22;109,1,-5;115,2,3;117,8,-44;157,44,27;163,-6,20
rua||edson pedro|nova primavera|27230180|23,-2248803,-4405355;25,-4,11;27,-6,22;29,-5,15;31,-1,2;33,1,0;35,-3,11;37,-7,3
rua||eloy pereira pimentel|agua limpa|27250005|40,-2250399,-4407193;46,-4,26;50,1,8;60,0,7;70,-3,0;80,0,17;90,0,4;100,-4,17;110,7,0;120,-10,18;128,2,11;130,-11,23;138,8,12;140,2,8;146,-9,15;148,-2,-2;150,-1,17;152,-4,13;156,-1,6;158,-66,215;160,-38,84;168,38,-88;170,50,-180;180,3,20;200,-83,337;210,-4,8;220,-2,3;230,-4,14;350,69,-274;354,-5,19;356,-4,-9;358,-2,30;360,-13,28;490,-1,14;500,-15,25;502,-3,18;510,-6,51;512,3,-38;514,6,10;520,-15,37;530,-2,6;540,-4,11;550,3,24;560,14,-2;580,-9,13
rua||eloy pereira pimentel|agua limpa|27250050|19,-2250405,-4407214;25,35,-28;43,-19,22;47,15,-22;51,-7,-2;61,-21,11;71,-1,11;81,14,6;91,-14,15;93,34,20;97,-3,-54;101,-29,33;105,-4,30;111,-2,8;113,3,8;121,-3,5;123,3,-3;131,-3,11;141,4,12;151,1,7;161,-4,20;171,-6,7;181,-5,34;183,5,2;191,0,8;201,-8,9;211,4,2;215,2,-3;221,-1,7;231,-7,8;241,-3,10;251,3,7;261,4,3;272,-10,9;281,6,17;291,-13,1;301,-14,4;311,2,19;321,0,16;325,5,50;335,-16,-9;337,-2,13;341,-1,10;343,-10,1;351,-5,12;359,-5,21;361,24,6;371,-15,11;373,-6,9;391,-1,21;395,-1,-17;401,-9,28;405,-8,12;409,0,-5;411,-1,9;413,-6,18;419,2,-11;421,1,-1;431,-3,25;433,-10,65;441,26,-53;451,-25,-1
rua||eloy pereira pimentel|agua limpa|27250250|590,-2250517,-4406512;597,-50,17;599,51,-23;601,-4,2;610,5,29;611,0,-15;621,18,6;631,-13,18;641,10,34;651,4,2;660,-17,-8;661,10,20;671,2,6;676,-10,-16;678,-3,11;680,5,-14;681,10,30;682,-1,-10;684,-5,9;686,1,1;690,-7,9;691,19,11;696,-7,-9;698,8,7;701,4,11;702,1,-11;703,10,33;705,2,16;707,1,7;709,3,5;710,-29,-45;711,10,9;712,5,2;713,13,41;715,5,21;717,0,6;719,-7,-8;720,-18,-53;730,15,9;731,2,63;733,20,-5;736,-25,-43;740,13,19;750,-1,-8;760,7,15;770,-2,10;780,2,4;800,11,17;901,-56,-184
rua||eloy pereira pimentel|agua limpa|27288490|8,-2250415,-4407215;10,7,-4;11,-27,7;21,13,-3;31,16,-11;41,-4,-7;461,-89,515;499,-19,26;505,-4,87;511,8,-80;527,38,-123;541,-21,160;543,-18,26;549,10,15;551,-6,-66;557,-16,80;561,20,49;565,-12,-90;575,14,58;581,-4,32;591,-12,6;603,5,10
rua||epitacio pessoa|dom bosco|27286020|43,-2247436,-4406019;55,-14,9;57,4,-33;67,-20,4;76,44,0;83,-43,-4;85,2,14;86,-5,-14;87,-2,0;93,-9,0;98,6,-2;102,-16,-2;112,-8,1;141,2,3;154,-34,-2;167,-9,5;177,-17,-5;186,3,-10;191,-8,14;196,-10,-20;215,-7,-5;221,-4,19;229,-119,2;231,72,-7;241,-9,-2;251,-1,-1;252,8,-5;261,-16,7;264,7,-4;274,-15,-4;284,-5,-4;290,-17,4;294,-3,6;297,26,2;298,-36,-8;304,-20,0;315,43,21;325,-6,-1
rua||fausto domingos pinto|vale do paraiba|27274150|37,-2250153,-4413020;466,11,7
rua||floriano peixoto|eucaliptal|27263080|12,-2252374,-4411847;20,-11,-2;21,7,15;28,-26,11;31,19,-7;32,-12,-3;45,-6,7;51,29,-22;61,-37,33;63,-9,1;64,12,-13;72,-9,6;75,-9,12;80,1,-7;87,-3,13;88,-1,-9;90,-5,4;95,-1,23;103,-8,-1;104,1,-17;108,-6,5;115,-2,12;118,-13,0;125,4,7;135,1,2
rua||geraldo peixoto|belmonte|27274310|21,-2251063,-4413316;31,-7,3;32,3,1;41,-11,4;42,11,-4;51,-21,9;52,8,-7;58,-48,48;59,40,-41;61,0,0;62,5,-7;63,-19,10;72,2,-3;73,-10,6;74,-5,3;75,-20,0;77,-11,12;78,12,-15;79,15,2;80,-16,0;81,13,6;83,-5,28;84,-12,-26;85,11,25;86,0,4;89,-18,-24;384,95,-38
rua||grota da paz|sao carlos|27265640|3,-2253080,-4412545;4,-4,8;6,4,-4;10,0,-9;16,19,-40;18,12,8;20,-18,35;22,17,-26;24,-7,-22
rua||guimaraes passos|jardim amalia|27251270|21,-2251332,-4408398;35,20,16;36,-4,3;41,4,6;46,-6,0;51,9,16;52,-7,-11;64,10,8;71,-3,15;78,9,2;85,11,10;97,13,11;100,-19,-6;110,8,14;111,16,5;120,-10,2
rua||itamar de assis pereira|jardim amalia|27251250|31,-2251218,-4408284;40,-18,-29;41,4,10;50,-10,-3;51,-1,6;57,-7,6;67,-4,6;75,-15,5;87,-4,7;98,-12,-2;140,-61,38;150,-4,0;160,-44,27;210,-65,49;219,52,-34;229,-4,4;310,-78,37;321,3,13;331,-9,7;344,-27,-10;353,16,21;361,-25,6;381,4,1;383,-6,9;385,0,1;387,-5,3;390,-5,-1;393,4,0;395,-4,3;401,-6,5;402,2,-5;404,-9,7;405,1,2;430,-1,-2;439,-11,13;440,10,-13;441,-21,18;442,22,-18;445,-26,23;450,26,-23;451,-34,22;467,-9,2;471,-10,12;475,4,-7;477,-3,9;479,-2,0;491,-8,4;495,-2,-1;497,-22,13;515,4,-1;539,-11,-4;541,-12,4;551,18,-9;553,-32,10;555,25,-9;563,-31,9;568,-8,-2;575,1,3;588,-7,-2;594,-20,-2;599,9,2;600,-20,-7;603,20,8;604,-26,-11;605,20,11;608,-21,-12;611,21,12;612,-26,-15;613,26,14;615,-1,0;616,-29,-14;637,0,2;640,-27,-12;647,27,12;649,0,0;651,0,0;658,-29,-13;659,25,9;670,-32,-15;671,8,9;682,-21,-11;694,-12,-5;705,18,9;706,-22,-12;711,5,7
rua||itamar de assis pereira|jardim amalia|27251370|239,-2251441,-4408169;249,-15,10
rua||jeferson patriota|jardim suica|27267460|180,-2253307,-4413714;192,-3,3;203,20,2;216,-36,13;221,24,-5;228,-34,9;229,26,-2;235,-3,4;240,-29,7;245,24,-9;252,-36,20;259,22,-8;264,-31,14;273,20,2;276,-26,4;338,-42,38;354,-13,8;363,16,1;366,-25,5;377,20,0;378,-36,5;389,28,-2;392,-35,2;394,-25,-2;398,-2,0;401,51,11;413,-15,0;425,-9,8;444,-39,3;449,31,3;454,-27,-2;464,4,9;474,12,0
rua||joao do prado|santo agostinho|27211040|5,-2249056,-4408161;9,-34,0;19,-81,251;22,111,-254;23,-47,23;25,-11,40;33,-5,-27;34,37,-39;35,-42,54;37,-2,-4;39,5,9;42,25,-47;44,-8,8;48,-49,79;50,3,-11;67,80,-79;69,3,0;103,-97,222;123,-9,52;129,8,-60;131,-1,18;133,-2,-46;135,10,80;137,-48,-47;139,42,32;143,4,-71;149,-4,-17;155,4,-5;191,2,-7;193,1,-13;195,5,-12;197,-2,-13;199,-3,-9
rua||joao pessoa|santo agostinho|27210390|6,-2248908,-4407173;11,-9,5;14,105,-73;15,-45,46;16,19,-22;24,16,-3;26,-13,7;30,-21,14;36,-7,3;38,-53,21;40,0,-18;42,-3,-9;43,-1,5;44,19,-8;45,-25,4;46,8,-26;47,-5,21;50,50,24;58,3,-10;60,-44,-43;63,-22,11;67,10,-17;68,35,63;69,-37,-80;70,-1,9;73,7,-16;74,19,90;80,-13,-97;90,1,-8;102,5,-11;110,10,-2;120,36,-8;170,-23,-22;176,5,-11;184,-6,-4;200,13,-10;209,7,-12;210,-4,1;216,12,-22;220,-5,15;230,11,-19;240,-20,-10;258,32,-16;270,2,-14;280,2,-4;291,-5,3;292,19,-30;294,-4,12;303,-14,12;307,11,-16
rua||joaquim caetano pinto|jardim belvedere|27258090|8,-2253059,-4407039;15,4,37;17,10,95;18,-13,-104;19,-2,-1;25,4,22;38,-2,-10;45,4,9;47,-1,17;48,1,-11;49,2,15;55,-2,16;56,8,-2;58,-4,-14;68,-12,7;75,13,33;80,6,-12;88,4,28;95,-4,7
rua||joaquim pacheco|sao luis|27286200|14,-2247639,-4406398;24,-4,-12;27,-13,-5;41,-16,-31;44,22,25;51,-30,-34;61,-5,-2;64,18,5;71,-22,-19;81,-6,-14;92,26,31;108,-13,-21;112,0,-1;117,-21,-21;118,18,16;122,-6,-11;123,-5,2;125,-7,-7;127,-4,-9;131,-6,-12;132,17,14;135,-11,-2;141,-9,-18;152,11,1;162,0,2;202,-30,-51;205,8,18;207,-4,-6;211,3,-8;212,-8,-6;213,6,3;217,-1,-1;219,-5,-8;222,-12,-9;223,10,6;225,-2,-6;229,4,-5;231,-5,-4;232,-6,-2;235,1,-3;237,-4,-4;241,-4,0;242,9,2;243,-5,-8;247,-12,-30;249,9,25;252,2,-2;253,-7,-5;255,-2,-3;259,4,-9;261,-4,-3;262,7,18;265,-8,-22;267,-5,-5;271,-2,-7;272,11,24;273,-11,-26;277,-1,-3;279,-3,-4;284,15,30;292,2,-26;312,-11,-2;320,-4,-2;322,1,0;357,-13,-18;366,4,-18;367,-2,8;376,-2,-15;377,-23,-45;386,21,31;387,-9,-2;396,3,-6;397,-13,-25;406,7,15;407,-10,9;416,9,-17;417,-2,5;426,-1,-9;446,-14,-43;447,4,43;457,0,-4;467,2,-6;477,-5,-8;487,-4,-9;507,-8,-14;517,0,-3;519,-3,3
rua||jorge goncalves pereira|jardim amalia|27250515|30,-2250879,-4407142;32,-12,-9;36,-6,6;48,-13,0;60,-6,7;90,-23,33;94,10,8;96,-8,3;98,-7,-4;100,-7,4;120,-4,9;140,-54,3;150,36,17;154,-6,2;160,18,-13;162,-125,149;170,98,-121;175,18,-12;237,-49,64;238,-18,4;239,13,0;240,-18,8;241,7,-4;243,-9,15;250,-7,-3;260,-7,5;261,2,11;262,-6,-3;263,-4,14;272,4,-5;273,-1,9;276,-5,-11;282,2,5;283,-6,11;285,0,4;289,-6,10;292,-2,-14;294,3,4;301,-3,20;323,-11,5;340,-7,-5;350,-3,8;360,-6,10;400,-18,20;405,-8,7;406,1,2;413,4,-5;415,6,25;416,-20,-10;425,11,7;426,-24,4;430,-2,1;435,6,4;440,-11,2;445,2,13;450,-11,0;465,0,8;475,-4,7
rua||jose alves pereira|santa cruz ii|27288560|134,-2246291,-4409936;151,-5,-4;153,42,-36;155,17,18;160,14,0;190,70,38;191,31,-15;193,17,-76;198,-11,63;199,14,-107;200,-21,129;201,26,-134;202,-15,109;204,7,-21;206,5,-19;210,-1,-21;212,-4,-3;214,4,-4;216,1,-19;218,1,-7;222,19,-28;237,-2,-6;241,14,0
rua||jose alves pereira|vila mury|27281680|12,-2249953,-4410273;15,8,5;19,4,3;26,2,11;29,-250,-328;30,-2,3;31,267,342;33,-264,-344;34,249,326;37,-244,-321;39,250,333;41,-249,-324;42,119,157;43,132,174;44,-3,-9;46,0,0;49,15,5;50,-261,-322;51,3,-7;52,1,0;54,248,338;55,11,-1;61,2,12;62,-257,-345;65,262,345;66,-12,-2;67,-239,-346;69,246,342;71,-250,-323;72,86,111;77,-85,-109;78,251,338;81,14,1;84,-2,3;86,-154,-186;91,161,191;92,-252,-316;96,247,320;97,-247,-330;104,-13,-18;107,17,25;108,247,328;110,6,-3;111,-244,-316;117,-1,4;119,246,318;122,8,1;125,5,5;131,-267,-318;133,266,325;136,6,-9;138,0,0;142,2,23;145,1,-3;152,-3,8;155,5,4;168,-232,-303;172,10,6;174,2,12;190,242,306;206,3,18;213,7,-4;218,-19,-46;225,25,54;229,-2,6;230,2,6;239,11,4;240,3,8;249,3,-6;258,-254,-332;259,263,343;260,-278,-361;261,276,365;266,-267,-347;270,5,14;272,6,6;273,256,336;277,11,3;284,1,5;285,2,2;291,3,5;300,3,12;320,6,17;335,26,0;336,-19,17;337,26,-16;338,-293,-339;346,18,5;351,-10,-10;353,0,3;355,20,13;357,2,8;360,258,355;361,-79,-136;366,-188,-220;367,258,329;374,7,47;375,16,-22;376,-276,-345;377,3,1;378,267,344;386,-257,-335;387,110,137;390,150,243;396,-126,-202;397,-122,-165;398,-13,1;400,278,342;402,-12,2;403,9,-1;404,12,-3;406,0,1;411,-271,-339;415,261,352;416,-266,-347;417,-2,-45;420,22,66;421,256,325;425,-4,2;426,-264,-335;436,6,9;3111,196,235
rua||jose augusto pereira|santo agostinho|27211050|5,-2248947,-4408030;7,1,-18;8,-8,-2;17,-5,4;18,1,-3;21,-19,1;27,7,-2;28,2,-4;38,-14,-6
rua||jose do patrocinio|agua limpa|27250420|9,-2250835,-4406811;10,3,-20;11,-4,20;17,-7,-6;29,-19,-16;35,6,-10;47,-5,-12;48,5,9;50,19,5;55,-23,-27;57,0,-2;60,7,15;67,-20,-24;70,17,8;77,-18,-21;80,18,7;116,-34,-81;127,4,71;130,13,-27;135,-13,2;139,0,5;147,0,-10;149,-2,-14;150,10,-13;166,-5,-21;169,-9,27;172,-4,-32;189,-3,10;198,0,-28;199,-3,22;202,1,-34;207,-9,16;212,10,-27;225,-12,16;227,-2,-11;228,3,-10;230,0,1;237,-5,-7;242,10,-17;245,-22,2;248,8,-6;249,-10,-1;251,6,-8
rua||jose expedito de paula|santo agostinho|27211122|2,-2249052,-4408209;3,1,-16;4,-9,31;5,4,-16;6,-2,22;7,2,-15;9,-4,10;11,4,3;30,-15,22;32,-6,1
rua||jose loesch pereira|jardim amalia|27251227|13,-2251472,-4407453;24,-6,2;25,0,6;28,-7,-4;36,1,0;37,0,13;48,-8,-5;49,1,15;61,-6,6;72,-14,6;73,8,2;82,-5,0;84,-9,8;85,4,6;92,-4,-4;94,-2,4;97,-2,13;98,-5,-6;104,-2,4;109,1,10;112,-10,-9;121,8,15;132,-13,0;133,4,12;144,-3,3;145,-4,4;156,-10,5;157,2,9;169,-5,7;170,2,-6;180,-11,3;181,4,13;192,-11,1;193,3,5;205,-8,12
rua||luiz alves pereira|aterrado|27213140|232,-2250704,-4408966;234,0,-2;240,1,13;242,9,38;244,-3,11;246,2,10;317,6,-122;377,32,46
rua||luiz alves pereira|aterrado|27213240|13,-2250605,-4409403;16,21,23;25,8,2;27,4,-2;45,-7,21;47,-9,1;49,-2,-6;76,14,0
rua||luiz alves pereira|aterrado|27215570|61,-2250577,-4409326;73,0,10;75,-10,16;77,1,4;95,-19,20;103,2,0;105,0,2;115,-5,2
rua||miguel j pereira|sao geraldo|27253000|16,-2251889,-4408653;18,14,27;22,-3,2;45,-24,-22;47,-9,18;48,3,-12;49,-17,-1;50,6,2;51,-11,-3;53,28,4;55,9,-4;77,-45,7;97,26,-1
rua||miguel pereira|vale do paraiba|27275550|8,-2250256,-4412066;17,-8,7;18,-4,1;27,-14,11;28,6,-1;37,-9,-1;38,-11,-9;47,4,16;52,-6,-4;57,-7,8;62,-5,-2;67,2,5;68,-1,-6;75,-11,15;82,-1,-10;84,1,-1;85,1,11;91,-14,0;94,-5,14;101,16,-20;102,-21,-2;103,4,-1;112,-14,9;114,-13,5;115,18,1;123,-6,8;124,-18,5;133,14,-1;134,-22,17;143,15,-17;145,-14,10;165,-13,2;175,8,21;185,-22,-17;192,17,-4;196,-11,0;200,-4,6;201,-6,6;203,2,-3;205,-9,5;207,-10,4;209,-14,13;210,26,-16;220,-10,-12
rua||nilo pecanha|eucaliptal|27263140|2,-2252730,-4412063;3,6,-11;4,-20,20;14,-6,5;17,21,-22;32,-29,32;44,-9,5;56,-1,5;68,-11,9;70,-3,1;74,-7,2;80,-8,4;90,-4,5;100,-25,22;105,24,-12;107,-1,9;111,-10,0;112,-9,6;119,2,-2;121,25,-20;122,-34,27;125,43,-28;129,-38,24;142,-21,11;146,-8,4;165,-15,9;175,2,9;192,-14,0;195,5,11;202,-9,-13;212,-9,14;222,-6,5;245,-14,14;257,1,5;269,-12,12
rua||nilo pecanha|eucaliptal|27263650|232,-2252910,-4411934;242,-2,12;272,-12,10
rua||ouro preto|mangueira|27264767|282,-2253590,-4412407
rua||ouro preto|minerlandia|27264766|8,-2253430,-4412210;18,8,-8;23,-14,-1;28,12,-9;29,-18,-3;33,2,-1;42,-13,-38;49,-8,35;50,35,-28;55,-26,21;58,16,11;59,-14,-29;78,-13,-4;81,15,20;85,-20,-23;89,-42,7;90,41,-11;91,-11,-10;93,12,-5;99,-32,-2;100,30,62;104,-8,-47;108,23,-28;109,-31,13;114,12,-5;117,-22,-10;124,5,5;127,-10,-3;130,-1,-3;134,-1,-1;137,-5,-11;140,6,-84;141,-16,81;145,-4,-11;150,9,-11;174,-15,-3;175,1,6;178,8,-5;190,-38,-22;215,12,20;216,5,-22;218,-13,7;223,21,2;229,-21,-24;230,17,-9;231,-28,14;243,-10,0;245,-11,1;246,25,-8;254,-14,-1
rua||paissandu|sao geraldo|27253620|18,-2251787,-4408651;26,0,-6;29,-10,10;36,4,-20;37,-3,-3;38,2,-6;39,-3,5;41,-3,1;42,9,-12;43,-3,0;50,5,-4;54,3,-14;55,-4,3;65,-12,1;70,23,1;79,-19,-19;80,2,-2;87,-5,-7;89,1,-8;99,5,-9;100,7,3;104,-3,-6;111,-8,-1;114,13,-5;124,-6,-15;125,-10,14;136,18,-25;138,-9,-3;139,-2,0;153,-2,-7
rua||panama|vila americana|27262605|176,-2249626,-4407408;196,-1,13;206,-1,-12;216,12,26;217,-5,-26;223,14,22;264,4,20;280,7,9;284,6,10;296,10,-3;300,-31,-24;306,31,44;316,8,2;330,2,9
rua||papoulas|agua limpa|27250460|21,-2250709,-4407038;23,6,-17;35,-58,-165;70,52,176;80,4,-2;90,-4,-12;100,-4,-6;106,4,-6;112,-58,-238;114,5,-6;115,4,4;116,-6,-7;117,8,7;118,-12,-10;119,12,10;121,31,165;123,-38,-173;125,0,-7;127,28,208;129,16,37;130,2,-10;150,-3,-2;165,-3,9;170,1,-21;183,-1,11;190,-11,-36;191,9,29;193,-9,-22;203,4,13;204,5,-4;213,-17,-33;217,2,-9;219,-1,-4;220,-2,-3;223,-6,-2;233,-4,-8;235,3,-9;243,-16,-6;250,48,118;253,-57,-125;256,49,72;265,-33,-89;285,-10,-32;295,-3,-10;303,-3,-9;305,1,-17;307,-2,-4
rua||paracambi|siderlandia|27273530|19,-2252138,-4413604;29,6,-20;39,-4,0;78,-6,-55;84,1,79;92,15,-10;100,-13,-11;110,-1,-13;140,22,-105;160,-24,56;170,0,-13;180,8,0;190,0,-9;200,5,-12;210,-1,-7;220,1,-8;229,6,8;230,9,-24;239,-13,19;240,15,-28;244,-3,6;259,-28,67;269,0,-5;640,-1,26
rua||paraguai|vila americana|27212240|16,-2250350,-4407486;21,2,-3;28,3,-6;29,-3,-9;34,5,6;36,4,-5;39,-5,-9;42,6,4;44,-1,2;45,-1,-5;48,1,5;51,-2,-23;52,7,17;56,4,-1;61,1,-13;66,3,6;69,0,-10;75,12,-13;83,-8,-9;88,18,23;90,-6,-17;93,-7,0;101,12,-11;104,-5,11;113,8,-24;114,3,14;120,0,-9
rua||paranagua|santo agostinho|27210495|32,-2249192,-4406837;40,7,-8;41,-16,21;43,11,-26;45,21,24;50,-14,-28;51,-2,-7;53,6,-4;58,-1,5;60,7,-10;67,3,-5;72,-3,-1;78,7,-4;79,0,1;81,-7,18;83,12,-21;93,-4,-13;98,7,0;103,4,-10;108,7,-1;132,11,-15;142,1,-12;158,6,-7;160,7,-14;161,-38,51;163,8,-11;171,4,-12;181,14,-7;195,4,2;203,21,-48;205,4,-10;212,3,4;215,2,-12;222,5,1;232,9,-15;233,1,-11;245,-1,-19;248,3,20;253,6,-25;258,-3,16;293,8,-24;300,8,-1;302,4,-7;303,-5,-4;318,16,-18;325,-5,-8;328,11,-2;337,-8,-3;339,7,-6;345,6,-12;353,4,-3
rua||parati|siderlandia|27273250|28,-2251811,-4413487;29,-3,-7;38,1,-4;39,1,-12;40,7,1;44,-1,-4;45,-14,-12;49,9,7;59,13,-25;67,7,-12;73,5,-9;125,5,-13
rua||paris|jardim europa|27265140|34,-2252704,-4413120;46,-10,0;56,-3,0;66,-2,1;76,-3,7;86,-5,12;88,-28,1;90,10,-10;100,5,42;114,4,1;126,2,8
rua||passos|santa rita do zarur|27288265|5,-2246904,-4410518;53,-16,7;54,0,0;56,-4,2;58,-37,32;63,30,-33;73,9,22;83,-7,12;93,-17,-5;100,-13,14;103,7,-1
rua||pavao|parque das garcas|27257610|61,-2260233,-4408071;63,5,1;65,0,3;67,-3,1;69,6,11;71,3,3;81,3,4;85,1,1;122,-30,-37;159,21,32;175,-5,-10;191,-10,-16;199,2,4;225,99,170;227,-4,0;263,26,44;265,-9,-4;425,6,18;435,-4,-9;440,1,-11;445,-5,4;450,0,-14;455,-4,4;465,-3,-5;475,-9,-13;499,5,-10;509,-15,-8;530,-20,-61;532,-3,-7;535,12,46;536,-4,-27;538,-11,-23;566,10,17;575,-8,-10
rua||pequeri|minerlandia|27210060|350,-2253584,-4412527
rua||pequiri|minerlandia|27264790|4,-2253347,-4412251;10,-15,-13;11,1,4;21,-3,-8;22,-8,-13;31,-1,4;41,-11,9;56,4,-24;57,-10,2;68,5,-2;69,-15,-8;74,11,-2;81,-28,24;83,11,-28;86,7,-3;96,-1,-1;101,8,-26;107,-25,17;110,0,-7;119,-10,1;120,10,10;122,3,-27;123,-32,28;125,8,-20;126,203,-67;128,-191,66;134,-10,-8;141,-9,14;144,255,86;153,-266,-103;154,16,-17;165,-56,10;167,20,-11;175,9,-6;180,6,-1;182,13,1;185,-31,-6;188,4,-4;196,-7,-11;199,-13,27;211,25,-21;213,-29,-15;220,3,-16;233,-10,6;235,10,2;237,-30,-14;243,-2,3;251,-1,-21;257,-17,5;260,21,-4;262,-5,-5;272,-24,-9;277,-5,8;297,-14,-40;301,-2,-11;302,6,25;305,-12,-33;309,-4,-12;313,-2,-5;314,2,46;316,11,-2;318,0,2;323,-16,-51;326,22,37;332,-18,-14;350,-1,0;353,-1,-29
rua||periquito|roma ii|27257645|9,-2260355,-4408004;11,-13,9;14,-29,31;17,-1,-9
rua||peru|sao lucas|27262580|17,-2252856,-4411481;18,55,-25;25,-51,29;28,-16,-12;39,18,19
rua||pery|eucaliptal|27263120|18,-2252792,-4411881;45,31,-9;50,-5,17;54,3,3;58,8,-11;62,-6,11;65,18,-12;74,-5,1;75,20,1;76,-15,-5;78,-3,5;80,4,7;81,16,-10;89,-8,11;92,-6,9;107,15,7;108,-15,24;115,19,-14;120,-17,6;121,21,-2;123,5,-2;131,2,18;134,-6,9;142,-22,0;145,28,-1;154,-19,13;160,25,7;161,-7,-9;173,0,15;174,1,10
rua||petropoles|siderlandia|27273250|15,-2251675,-4413400;25,-14,-28;35,-7,0;45,-10,-14;55,-3,2;75,-23,7;95,6,-37;99,0,0;105,-8,-2;115,-10,-2;121,-3,-18;131,-13,-25;135,33,16;141,-30,-5;159,-13,-10;169,-15,-7
rua||petropoles|siderlandia|27273270|49,-2251814,-4413539;220,-9,-15;229,4,12;230,-7,-14;241,-5,9;245,3,1;253,-10,-6;261,-13,-4;270,1,-13;271,0,-7;280,-12,4;281,-4,3;286,-7,-7;291,-5,4
rua||petropolis|siderlandia|27273270|10,-2251667,-4413417;20,-17,-14;30,-7,-3;40,-4,-7;50,-8,2;60,-225,-120;70,217,98;80,-13,-9;90,4,0;100,-7,-10;317,-192,-118;360,1,-6;369,-18,-6;370,2,3;379,-15,-8;380,11,3;383,-25,-9;387,-11,-6;390,30,13;394,-18,-5;397,-17,-16;399,-9,3;402,24,3;410,-3,-3;420,-5,-11;430,-16,-1;440,-6,-6;441,-136,-1;443,143,15;445,2,-2;453,-14,-10;468,1,-18;470,-11,11;473,-14,-11;480,9,-2;490,-11,-3;500,-11,-7;514,-4,9;516,-6,-16;519,24,9;520,-30,-11;523,-4,18;525,2,-10;526,-6,10;527,-5,-12;533,-15,13;543,-8,-3;553,-10,0;558,13,1;560,-6,3;567,-13,3;570,-14,19;573,16,-20;574,-2,-8;578,-12,13;580,-10,16;583,-2,-4;590,-2,1;615,-33,-2;625,21,-1;631,-28,8;640,13,-14;641,-31,16;643,1,5;650,14,-12;652,-8,4;653,-17,-1;654,16,1;656,-11,-12;657,-12,12;659,-7,-2;660,17,-11;664,-4,14;668,4,3;669,-20,-9;680,-12,9;690,7,0;696,-17,5;701,9,3;705,21,-13
rua||pg|nova esperanca|27278515|11,-2249257,-4411797;15,26,-11;17,1,1;21,12,-23;25,3,-6;29,1,-5;35,16,-3;45,3,-12;101,-60,60;111,71,-73;121,13,5;131,8,-9;139,4,-4;151,20,-25;171,13,16;189,48,-38;191,-32,21;195,-3,5;211,13,-5;259,10,-15;261,21,-5;263,5,-8;265,13,1;275,10,-7;521,147,-81;531,8,4;541,20,4;545,7,-8
rua||pg|nova esperanca|27280000|601,-2248822,-4412038;611,22,-9;631,20,1;641,12,1;651,13,8;665,42,27;670,-27,-8;671,9,-6;675,15,15;680,-16,-22;681,-6,12;683,28,13;685,2,3;690,-16,-15;693,17,10;695,18,17;700,-23,-9;705,36,47;710,-29,-40;715,11,17;720,-10,-6;725,16,15;730,-14,-10;735,16,23;740,-10,-21;745,8,29;750,3,-15;760,-9,-5;765,16,23;770,-3,-3;775,6,16;780,0,-8;785,-4,9;790,2,-10;799,23,153;800,-23,-143;805,12,20;807,14,0;811,-1,22;820,-11,-14;830,10,-6;840,-8,7;850,3,12;855,16,0;860,-12,14;865,37,30;870,-12,-17;875,-13,41;880,2,-42;890,-4,9;895,-8,67;900,4,-56;910,-4,4;920,8,2;930,-3,10
rua||pg|vila brasila|27278515|571,-2248850,-4412023;573,9,-4
rua||pg|vila brasilia|27278515|6,-2249264,-4411801;12,24,-1;13,8,-6;20,14,-10;30,6,-7;40,1,-16;50,4,-1;56,15,-12;60,-11,4;70,11,-5;80,2,-1;90,12,-2;100,3,-12;110,8,2;120,8,-3;130,7,-9;140,10,-4;160,10,-10;170,3,-6;180,11,8;190,6,-12;200,1,-1;210,11,-1;220,7,-7;230,3,-6;240,8,3;250,3,-6;260,14,-4;270,1,-7;280,3,-7;290,16,2;300,6,-3;310,2,-9;320,0,-10;321,15,4;330,2,-1;331,4,-1;340,12,3;341,7,-6;345,41,-18;350,-42,20;351,7,-3;355,5,-6;360,-6,7;370,6,-5;390,14,-9;400,-2,1;405,7,4;410,7,-7;411,-1,5;420,3,-7;429,9,7;430,0,-6;431,13,-4;440,-11,-9;441,16,10;445,1,-1;450,-4,-4;451,10,-7;470,21,-2;471,-17,0;481,-1,-2;490,35,-10;491,-20,15;500,0,-8;511,9,-5;520,11,0;530,17,-6;540,7,-12;548,3,1;550,7,-10;560,3,4;570,13,-1;580,-4,-4;590,-192,85;600,211,-89;610,5,31;620,8,-33;630,10,-11;640,10,-6;968,-254,88
rua||pinheiral|vale do paraiba|27275450|5,-2250252,-4411984;7,-8,-8;8,8,5;9,-15,-4;10,18,-2;11,-6,31;21,-13,-10;31,-7,0;34,21,-24;41,-17,59;42,1,-44;50,-6,3;51,-14,18;60,7,-5;61,-10,3;70,1,-7;71,-80,495;72,82,-495;80,-7,4;81,-22,14;90,10,-7;91,-4,25;100,-4,-25;101,-15,15;102,15,-9;110,-10,1;111,-13,11;115,-2,1;120,9,-10;121,-18,16;125,-6,-3;128,1,-7;130,31,-25;131,-41,31;141,-3,13;149,-2,2;151,-5,0;156,22,-13;161,-31,28;170,11,-22;171,-17,13;180,13,-17;181,-21,23;190,22,-6;191,-30,13;200,13,-21;201,-17,21;208,9,-17;210,18,-14;212,-36,27;213,17,5;216,-20,-2;220,-11,4;221,13,-3;223,-19,12;230,10,-18;235,-8,17;241,-8,10
rua||piracicaba|sao cristovao|27264800|70,-2253277,-4412089;80,-10,-17;92,13,19;100,-24,-20;110,-5,-4;120,-9,-10;130,-13,18;140,-6,-15;150,-16,8;155,48,7;160,-52,-8;165,35,2;170,-40,-4;175,31,10;180,-37,-9;185,40,10;190,-55,-4;195,33,-5;200,-39,11;205,28,-2;215,-12,-2;220,-35,2;225,19,-5;230,-33,10;239,19,-7;245,-14,11;250,-18,-2;255,10,9;260,-16,-1;265,7,3;270,-9,2;277,-4,16;280,-1,-6;290,0,11;300,-1,11;321,7,0;331,0,0;340,-7,7;341,3,4;350,-5,4;351,6,7;360,-3,4;361,33,23;367,3,-3;370,-37,-10;371,45,3;380,-39,7;381,44,-8;390,-38,14;391,51,-27;400,-37,31;401,46,-16;419,10,-20;420,-47,33;421,49,-38;426,-19,19;433,24,-20;434,0,0;435,3,-3;445,8,-1;457,8,-7;474,13,-5;475,-8,6;484,20,-11;485,-8,2;488,22,-7;495,-22,11;515,16,-10;520,18,-4;529,-6,-5;539,-6,3
rua||pirai|vale do paraiba|27281080|8,-2249420,-4410351;18,0,-2;28,5,9;29,-2,0;31,-1,2;35,4,2;38,4,10;55,12,-5;58,-18,-14;61,24,36;66,-25,-36;67,24,37;76,-26,-38;79,35,44;81,-9,-6
rua||piriquito|parque das garcas|27257645|7,-2260348,-4408009;9,-42,26;11,21,-17;12,-14,15;13,-27,25;14,2,-4;231,-15,17;233,-11,-8
rua||piriquito|parque das gracas|27257645|98,-2260423,-4407951;99,25,-1;102,-37,14;104,-5,0;232,19,-21
rua||pitagoras|vale do paraiba|27281160|101,-2249290,-4410311;120,-134,124;122,8,-3;124,6,-1;125,-19,8;135,9,-17;140,14,3;145,-30,-28;149,28,15;150,-9,13;159,30,-17;160,-5,2;169,2,5;170,10,-12;175,-3,-2;179,-2,-1;180,15,-4;190,-1,-2;191,-5,5;193,8,-26;200,3,9;205,36,-22;210,-29,22;215,7,-18;220,11,-6;225,-9,6;227,12,12;232,-18,-11;237,30,-13;242,-13,5;247,13,-5;252,11,5;257,-3,-15;284,-9,-15;286,2,2;287,18,6;295,-5,-17;296,17,14;298,-17,1;305,26,-21;313,-1,4;315,12,-17;323,7,-2;331,5,-11;335,-1,-5;365,2,-9
rua||pitagoras|vila mury|27281160|18,-2249492,-4410125;25,0,-15;28,16,0;30,-4,-10;36,3,5;37,-20,9;38,30,-9;39,21,10;40,-27,-8;45,-4,1;46,0,-4
rua||pompeia|roma ii|27257765|19,-2260792,-4408062;20,0,4;35,29,28;75,29,27;76,2,-4
rua||pompeu|aterrado|27285285|29,-2249270,-4409370;33,4,-24;43,14,-5;59,8,-6;70,60,-54;79,-34,38;90,41,-77;95,-21,53;97,0,0;99,-6,11;100,28,-90;103,-15,83;115,3,-29;125,12,-16;135,-5,-14;145,0,-21;215,9,102;217,-1,-1;235,32,2;245,5,0;255,17,1;263,12,-9
rua||popular|vila brasilia|27279095|2,-2248828,-4411564;9,20,41;13,-13,-62;15,15,11;16,-11,19;42,-4,-10;52,20,32;54,11,-12;202,-27,-12;207,11,10;209,-10,8
rua||porto|vale do paraiba|27281240|26,-2249944,-4411041;36,8,-16;40,-9,-3;42,12,-17;52,-4,5;54,7,-10;64,4,-2;74,-2,-5;84,-12,-18;101,88,3;102,-107,-44;111,26,15;118,2,1;127,-5,-16;130,-2,-35;132,14,36;136,-1,-68;138,19,50;140,-26,45
rua||povo|santo agostinho|27214300|2,-2249363,-4407055;3,-3,20;11,3,-19;13,5,-4;32,-23,40;42,-13,0;52,-16,1;54,11,0;62,-34,-8;68,-13,-4;72,-6,1;81,46,14;82,-56,-12;88,-3,3;90,3,11;91,35,-10;92,-68,15;101,85,-7;111,-3,-3;141,3,2;151,7,-9;371,41,-35
rua||primavera|nova esperanca|27278020|5,-2248726,-4411820;8,-11,-5;11,36,11;19,-41,-15;21,50,-12;31,-1,5;41,-2,-22;49,-41,32;51,36,-24;60,-47,25;61,55,-39;70,-15,-29;71,5,17;81,-7,-10;97,-6,-9;101,1,-10;111,-7,-7;113,6,-8;131,-9,-3;141,-3,-12;151,4,-4;160,-32,110;161,23,-117;171,-11,-14;181,-1,-22;191,-10,18;201,-12,-8;203,-4,10;205,-20,-7;215,-20,62;225,-4,-39;235,-1,21;301,11,23;309,-2,8;311,22,1;321,1,27;330,-2,8;360,17,21;361,-11,-2
rua||primavera|nova esperanca|27278420|6,-2248788,-4411975;10,23,7;19,21,140;20,-23,-143;30,14,2;80,17,1;90,1,17;100,6,7;136,7,23;160,16,13;170,-3,10;180,5,7;200,6,17;210,-1,6;220,0,6
rua||principal|acude|27276367|2,-2249726,-4413552;4,-10,-3;6,1,11;8,-8,4;10,-7,3;12,-4,6;14,-3,6;15,10,1;16,-2,4;17,-2,3;18,-10,4;19,1,5;20,0,8;21,-7,5;22,-1,4;23,0,-2;24,-13,12;25,7,-2;26,-7,-2;27,3,1;29,-6,7;30,-1,1;31,0,10;32,0,-9;34,-13,13;35,-1,-6;36,-2,10;63,-144,144;65,-10,15;69,-13,15;75,-17,18;92,2,-11;286,259,-284;432,1,12;434,7,-1;436,-22,6;491,-12,101;497,-10,-2;561,-65,11;573,12,-15;575,2,4;579,-17,7;581,1,-2;583,-11,17;587,31,-27;593,-44,28;603,-3,3;613,-9,1;615,-6,8;617,-3,1;620,-16,19;621,6,-11;623,-3,3;625,3,-2;627,-36,26;629,-15,20;630,29,-26;631,-36,34
rua||principal|vale do paraiba|27276367|61,-2249951,-4413309;63,-3,8;75,-34,38;79,-15,26;83,-5,27;92,27,-70;96,-9,9;98,-8,12;100,-12,13;620,117,-141;630,-11,3
rua||progresso|vila brasilia|27279095|80,-2248732,-4411484;90,8,-4;100,-4,-2;120,20,24;130,10,-7;140,14,7;150,0,7;160,6,9;170,11,-3;180,5,16;190,-46,22;202,63,31;205,-8,-40;210,-1,6;220,1,4;230,-12,40;234,4,43;240,-28,-27;244,45,-7;245,-2,19;248,-5,-7;250,-38,4;253,49,-35;260,-52,45;297,18,-108;305,33,88;434,13,-47;442,-8,36;994,-20,-79
rua||projetada|jardim amalia|27274472|60,-2251181,-4408071;70,-12,25;80,-8,15;281,32,-60
rua||projetada|santa cruz|27274472|445,-2246602,-4409706
rua||proletaria|vale do paraiba|27277340|30,-2249708,-4412314;40,-41,2;44,1,-1;50,-3,-1;68,-27,-5;70,-3,-4;80,-8,6;100,-9,-2;120,-11,8;128,-17,-9;140,-18,11
rua||p|jardim ponte alta|27267230|16,-2253336,-4412872;25,-5,-1;26,-3,-2;35,-16,3;36,2,0;45,-6,-8;46,5,-6;55,-10,1;56,13,-16;65,-21,13;66,1,-3;75,-9,1;76,3,-8;85,-12,5;86,9,1;95,-17,-4;96,6,-12;105,-10,6;106,9,0;161,-56,-33;162,3,7;171,-6,-1;172,3,-3;181,-12,0;182,5,-2;191,-15,-8;192,5,0;201,-6,-3;202,-2,-3;211,-7,2;212,-4,-4;221,-4,-1;222,-2,-4
rua||p|nova primavera|27240586|10,-2248894,-4405580;11,-32,-24;20,28,17;21,-20,-10;30,14,5;31,-17,-3;40,9,-3;41,5,7;50,-9,-15;51,14,31;60,-21,-35;61,26,38
rua||rio paraiba|agua limpa|27250160|16,-2250655,-4406433;18,1,6;22,-12,17;32,-11,2;33,23,15;37,-15,0;42,-7,7;47,-4,3;55,-4,15;64,-2,-9;67,-2,19;73,3,-3;76,-1,-8;84,-9,8;94,-4,13;104,-5,3;105,15,-9;115,-8,16;116,-11,12;118,-1,9;125,10,-20;135,-6,33;141,0,0;142,-17,1;143,1,4;145,3,-7;154,-9,17;157,1,2;165,-1,6;166,-7,-7;172,-10,3;175,24,23;182,-21,-8;192,-10,9;195,20,6;205,-13,0;207,2,4;209,-20,-6;210,6,15;228,0,0;238,-5,9;246,-17,-5;255,0,22;338,143,-244;342,-128,222;346,123,-204;348,-9,-4;350,-2,5;355,-34,202;359,46,-213
rua||rio paraibuna|agua limpa|27250170|20,-2250540,-4406871;35,-16,-23;37,0,15;40,-17,16;45,10,-1;49,-1,6;51,3,-3;53,-8,9;58,-6,-4;60,-11,4;61,7,2;72,-7,-1;74,36,-11;76,-9,5;81,-21,5;82,-22,13;91,19,-3;97,-12,8;98,-11,0;101,0,1;110,-14,2;111,-11,159;120,3,-157;121,1,1;130,-5,4;140,-7,4;145,8,-1;155,-3,1;157,-8,301;175,-7,-287;185,0,4;186,14,-12;188,-18,5;191,-8,10;194,5,-5;197,-16,7;200,3,-2;207,-11,9;209,9,92;211,-17,-74;221,-5,-14;226,12,-21;230,-4,15;235,-37,13;236,13,3;240,-2,0;245,-12,1;246,-1,-3;250,-6,4;255,10,10;260,-15,-2;265,4,1;270,-13,6;275,4,-5;280,-19,2;285,22,10;295,-17,-5;305,0,5;315,-10,11;317,-25,-7;319,4,-2;324,11,0;326,-10,3;327,-18,3;336,0,-4;337,-2,10;346,-2,8;356,-5,-2;363,-5,-4;365,-2,18;366,1,-9;367,4,4;369,9,28;373,-26,-12;376,1,-23;386,1,20;387,-10,10;393,-9,8;395,0,-16;396,18,1;397,-26,12;399,0,-1;405,-2,-1;406,17,-4;410,-10,6;412,-1,4
rua||rio paranapanema|agua limpa|27250180|7,-2250777,-4406588;17,1,8;27,-2,3;32,-2,4;37,7,6;42,-11,9;47,10,-6;52,1,10;57,1,0;62,-2,3;67,9,10;72,-4,1;77,8,15;82,-11,-4;87,13,18;102,-9,-14;104,9,6;112,7,-13;115,-8,0;120,9,50;122,-8,-16;132,6,13;150,2,16;182,10,8;185,-1,-13;187,5,10;189,6,4;190,-7,13;191,5,11;200,-2,-2;201,4,9;210,5,-10;230,-6,16
rua||rio pardo|agua limpa|27250190|14,-2250589,-4406640;16,10,-1;18,-1,3;20,-2,-3;22,-11,11;32,-13,-10;39,11,2;47,-10,14;49,-1,-22;61,-6,6;64,-28,3;75,14,-1;89,-5,-6;93,-8,4
rua||rio piabanha|agua limpa|27250200|28,-2250577,-4406710;38,-12,14;48,-9,2;62,-8,17;69,3,-4;74,-14,3;75,-9,8;82,4,2;92,-8,2;108,-12,-2;122,-18,10;132,1,15;134,3,-4;137,-2,-4;139,2,-3;141,-8,-7;142,1,23;143,-4,-14;145,-1,1;152,-3,13;172,-11,13;174,-3,3;176,3,-3;179,-3,-16;181,0,12;188,11,9;189,0,1;198,4,7;199,-4,-1;209,5,10;210,20,-7;212,-12,-1;214,10,10;216,0,4;218,-11,18;227,-6,-15;229,9,7;236,-3,17;239,5,-3;246,-5,5;249,7,5;256,-5,9;259,10,-4;261,0,8;266,-9,10;274,7,-9;278,6,13;290,-3,5;291,-8,12;293,12,2;296,-3,-3;297,4,9;298,-4,-1;305,10,-6;313,6,16;314,-12,6;315,14,2;325,0,9;326,-10,-3;327,28,6;331,-16,5;335,0,-2
rua||rio preto|agua limpa|27250210|15,-2250828,-4406597;20,-23,4;30,20,9;48,3,9;50,6,3;55,8,4;60,-10,17;65,10,-10;70,-5,14;75,4,-6;80,23,21;85,-17,-11;90,-1,16;94,-6,-5;95,9,2;100,3,-2;101,-14,-16;105,14,21;110,2,22;115,1,-6;125,3,13;133,2,2;135,-1,2;138,10,38;145,-7,-30;160,4,19;180,7,24;181,4,-6;183,-1,-2;185,-6,12;190,5,2;195,2,-4;205,-3,7;215,10,7;220,0,23;225,-5,-8;235,-3,4;250,1,16;260,2,9;270,-21,10;293,0,159;295,4,-17;297,-9,-2;298,-18,-16;299,18,21;300,5,-416;304,-14,455;316,6,-24;318,-4,-3;320,-24,-410;326,-25,376;336,27,20;337,1,-375;338,55,179;341,-3,83;343,1,-1;362,-22,92;371,23,-74;382,-60,35;394,9,2;399,26,10;406,2,-19;409,-5,5;413,18,-2;416,-25,-14;421,23,-5;426,-16,-7;429,21,-4;436,2,-17;446,0,-18
rua||roquete pinto|brasilandia|27220130|56,-2248206,-4406306;61,34,-160;64,77,217;69,7,-2;72,-3,1;77,9,9;80,-9,-1;85,11,9;86,-3,0;88,0,-1;93,2,9;96,-1,1;101,4,9;104,-2,1;105,63,316;109,-55,-313;112,-9,3;117,8,251;120,-2,-248;125,3,9;128,-1,-1;133,6,7;136,-13,3;141,14,1;144,-9,2;149,16,12;152,-11,0;157,10,3;160,-11,4;165,15,5;168,-15,3;173,14,5;176,3,-4;181,-13,8;184,10,5;189,-3,7;192,7,-8;197,-2,14;200,-3,-4;205,3,12;208,4,5;213,0,0;216,3,7;221,0,1;224,0,3;229,-1,6;232,4,-7;237,0,12;240,4,-3;245,3,11;248,-4,4;253,8,5;256,-2,8;257,5,16;258,-9,-13;259,14,7;262,-2,-4;264,2,6;266,6,16;271,-10,-9;273,6,8;275,2,-4;1027,10,117;1029,4,11;1035,-6,8;1043,-6,8;1051,-1,17;1059,-5,5;1075,-6,19;1083,2,9;1091,-15,5;1117,-26,19;1127,-1,9;1137,-6,11;1154,-43,73;1160,15,-44;1162,6,5;1163,-10,-14;1164,6,19;1166,-2,-1;1172,-8,-1;1174,6,56;1178,-1,-46;1179,0,-8;1180,-6,10;1181,1,25;1182,4,9;1184,-4,-30;1185,4,38;1187,-2,-51;1188,-1,28;1189,1,28;1191,117,-265;1222,-113,277;1232,1,10;1242,-5,5;1251,10,-9;1259,-3,-2;1262,-5,22;1267,0,-1;1272,-1,9;1275,1,-3;1282,-6,7;1292,1,9;1293,-5,7;1301,-3,7;1302,5,-9;1309,0,23;1312,10,-15;1317,-11,25;1322,1,-22;1332,-1,9;1333,-1,25;1341,-19,6;1349,7,18;1357,-5,3;1373,-11,22;1381,2,9;1389,8,4;1397,-5,4;1413,-6,28;1421,2,4;1422,23,-114;1429,-23,139;1432,23,-140;1437,-38,130
rua||sebastiao bento pereira|brasilandia|27220375|17,-2248439,-4406160;23,7,-1;33,7,4;55,21,-3;62,-10,9;67,21,-4;71,1,0;81,5,-2;98,-57,3;104,75,8;105,-2,-10;114,2,9;115,8,-6;118,3,7;119,-1,-8;128,9,9;129,4,-5;146,19,33;147,6,-33;156,3,8;157,0,-8;160,9,12;161,-11,-9;170,16,9;171,-6,-3;188,40,-2;189,-12,0;198,7,4;199,-4,-7;202,13,7;203,0,-18;212,-1,18;213,-1,-7
rua||sebastiao pereira|agua limpa|27250050|7,-2250330,-4407237;12,-3,-3;19,-21,-4;23,-11,20;25,1,-19;49,12,-2;51,-1,0;97,-30,2
rua||sebastiao peres|vila brasilia|27280000|16,-2249001,-4411010;17,2,-5;26,3,22;27,17,-4;31,-17,11;36,-12,1;37,5,9;42,3,0;44,0,0;50,7,16;56,-13,10;60,-1,6;66,-2,11;72,-13,23;82,4,-4;92,-6,13;112,-23,-8;122,10,17;126,-27,4;132,33,4
rua||sebastiao peres|vila brasilia|27280010|45,-2248999,-4410965;51,-4,6;67,13,16;77,-16,-2;97,-10,27;107,-6,7;117,-7,9;127,-5,7;137,-4,12;147,-2,8;155,-2,-7;157,1,-1
rua||sebastiao prata|sao geraldo|27253000|50,-2251889,-4408600;52,-36,-25;54,35,26;56,-3,-3;57,-3,-1;58,-7,0;59,5,-3;60,-12,-12;61,18,-7;62,-25,5;63,5,-1
rua||vicente de paula|tres pocos|27240540|9,-2249561,-4404237;13,14,3;15,13,1;16,91,-38;17,-81,35;20,-34,1;23,12,2;32,-8,-2;42,19,2;52,-34,1;71,66,-2;72,7,-4;81,15,-3;82,-11,6;83,17,-3;85,48,-23;91,-18,5;93,-16,7;95,26,-11;101,-19,16;102,-8,2;112,19,-4;122,8,-4;131,18,-14;132,-11,11;142,6,-7;152,7,-3;162,11,-3
rua||waldir sobreira pires|vale do paraiba|27281346|245,-2249636,-4410792;255,9,6;257,0,6;261,8,-20;269,10,4;273,12,-13
rua||waldir sobreira pires|vale do paraiba|27281347|101,-2249551,-4410831;280,-33,27;444,11,-7;452,3,0;456,10,-4;458,5,-3;460,-5,-15;462,14,10;464,-3,-12;470,16,-6;472,-4,6;478,-4,-13;486,14,2;496,-18,-17;504,32,8;510,6,-7;512,-20,-9;522,20,11;526,-1,1;528,9,-12;532,-6,-2;544,17,-1;548,8,-5;558,-1,-1;568,2,-9;570,1,5;580,3,-22;594,13,11;596,1,-10;600,4,4;602,16,16;608,-21,-13;610,2,-15;614,23,-13;618,10,22;622,1,-13;628,23,12;630,-17,-13;642,28,2;654,-13,4;664,-1,-14;668,12,-6;672,0,2;682,9,-12;692,-7,-7;702,12,-10;712,4,-9;714,13,8;722,3,-7;724,6,9;734,-209,224
servidao|sao|pedro|santo agostinho|27278203|5,-2248693,-4407278;10,-8,-1;13,2,3;15,1,1;30,-8,-8
servidao||antonio peres|tres pocos|27240270|4,-2249964,-4404781;6,14,1;8,-8,-2;10,-14,0;12,-29,0;14,-7,-1;16,-12,1;18,-4,-2
servidao||antonio peres|tres pocos|27240500|1,-2249952,-4404782;3,-21,-1;5,-2,1;7,-8,2;9,-11,-2;11,-7,3;13,-18,-2;15,-4,-1
servidao||da paz|candelaria|27214750|35,-2246796,-4407657;44,-27,23;48,39,23;52,-9,28;56,-5,-39;70,5,57;150,-1,-9;157,8,21;159,5,23;163,8,40;166,-20,-72;170,8,18;180,-2,10;190,6,14;1498,-19,-122
servidao||da paz|monte castelo|27214745|30,-2249188,-4407454;33,12,-17;34,-10,10
servidao||da paz|morro da caviana|27214750|34,-2249116,-4407489;35,-66,11;44,-16,5;46,88,-18;48,-88,-10;49,103,4;60,-55,19;111,-47,4;171,95,-15
servidao||da paz|nova esperanca|27280000|4,-2248546,-4411995;8,-60,-61;12,37,24;13,19,43;14,-26,-56;30,-29,-4;48,31,21;54,-1,0;90,-37,-38;91,-2,-3
servidao||dos passaros|santo agostinho|27214280|1,-2249395,-4407100;2,-16,-11;12,-30,6;13,16,19;21,-83,-42;22,56,22;24,-66,21;26,10,1;32,24,-28;33,-3,1;43,-12,17;62,12,15;73,-11,12;83,-18,0
servidao||dos passaros|vila americana|27212230|9,-2249506,-4407160;12,-4,26;22,3,8;32,-1,8
servidao||joao paulo|siderlandia|27273275|60,-2251687,-4413618;70,6,2;78,30,-12;82,-18,6;84,2,11;88,-38,-21
servidao||jose geraldo pires|tres pocos|27240190|569,-2249997,-4404584;571,5,-15
servidao||jose geraldo pires|tres pocos|27240420|4,-2250007,-4404604;6,12,12;569,-6,6;571,-10,-22;576,1,5;580,15,20
servidao||lucas do prado|agua limpa|27250540|16,-2250868,-4407202;31,23,10;41,0,0
servidao||pernambuco|belmonte|27274190|32,-2250586,-4413688
servidao||pernambuco|belmonte|27276580|12,-2250600,-4413703;24,2,-7;26,-9,-5;34,-1,-12;38,-1,46
servidao||piaui|acude|27276640|5,-2250359,-4414048;11,-9,3;17,4,11;23,-7,13;27,2,6;33,-4,10;37,7,-11
servidao||sebastiao adalton peixoto|siderlandia|27273565|49,-2251937,-4413842;50,-1,10;96,7,-24;99,-7,24
sitio||do paraiso|santa cruz|27258602|500,-2242301,-4410224
travessa||das palmeiras|belmonte|27274470|12,-2250739,-4413819;14,-10,2;16,17,-3;17,-20,-5;19,-1,1;20,33,-2;21,-20,4;22,29,1;23,-9,-5;24,12,10;25,-7,-13;26,19,1;27,-7,2;28,-10,6;31,21,-8;311,-141,-264;313,3,-10;315,6,-10;316,-3,0;317,6,-4;319,4,-18;321,4,-4;323,6,-8;326,-9,12;336,25,-11;341,-10,-99;356,24,68;376,-8,-33;380,-12,-25;416,9,-21;418,25,-34;494,-32,55
viela||do prado|siderlandia|27273780|10,-2251461,-4414260;20,-9,-10;30,-10,-11;40,-1,-7;50,-3,-6;60,-3,-5;70,-5,-5;80,-12,-3;86,-4,-7;90,-4,-4;100,-10,-4;110,-2,-15;120,-9,-15
viela||neves e paula|siderlandia|27273230|86,-2252092,-4413513;87,-2,14;88,-6,-7;89,-2,-4;91,-5,3;92,0,-5;93,-12,-22;94,12,7;95,-1,0;96,2,10;97,8,11;6690,12,4
