avenida|sao|vicente de paulo 1|franca|14412330|6701,-2056425,-4735803
beco||1|vila imperador|14405252|4671,-2051213,-4740210;4683,-7,3
beco||2|vila imperador|14405252|4585,-2051262,-4740166;4684,4,-13
condominio||vale do sol 1|franca|14414899|1,-2059278,-4739146;2,19,-34;3,124,-39;4,53,-29;5,28,-18;6,58,-21;7,40,-21;8,51,-23;9,18,-8;10,44,-82;11,-134,-83;13,-36,27;14,-39,36;15,-9,2;16,-53,33;17,-39,34;18,-86,88;20,436,-95;22,-37,-67;23,-24,-51;24,-17,-34;25,-26,-27;26,-18,2;27,-30,23;28,-194,155;30,123,-103;31,-61,48;32,-20,1;34,-56,44
fazenda|nossa senhora|de fatima rodovia ronan rocha km 27|franca|14404080|1,-2058172,-4735000
fazenda|santa|clara km 5|franca|14402347|2,-2053991,-4731998
fazenda|santa|rita do grotao 2|franca|14414899|5,-2068888,-4741358
fazenda|santa|rita do grotao 3|franca|14414899|5,-2069875,-4741018
fazenda||novo horizente 2|franca|14414899|12,-2048835,-4724669
rua||02|vila nossa senhora das gracas|14407794|865,-2047498,-4743954;875,4,-1;885,1,-11;895,-5,-10;905,-5,-10;915,3,-6;925,-5,-5;935,-6,-12;940,8,-13;945,-10,-4;950,7,-2;955,-8,1;960,4,-16;965,-2,10;970,0,-20;975,-2,7;980,0,-12;985,1,7;990,-10,-13;1000,4,-13;1010,-4,-18;1020,1,6
rua||05|condominio residencial villa piemonte|14404600|3,-2057560,-4741326;9,-3,0;15,1,2;25,1,6;28,-4,-3
rua||07|condominio residencial villa piemonte|14404600|3,-2057564,-4741324;7,7,2;8,-4,0;10,-3,-2;12,1,5;24,2,-5
rua||09|vila nossa senhora das gracas|14407808|1,-2047720,-4743373;2,-3,1;3,-9,-2;4,-4,-4;5,-7,-4;6,-6,-3;7,-2,-4;8,-6,-2;9,-6,-3;10,-6,-6;11,-5,-1;12,-2,0;13,-6,-2;14,-8,-5;15,-7,-5;16,-5,-3;17,108,20;18,-1,4;19,-4,10;20,-2,5;21,-28,-24;22,1,-12;23,4,-8;24,1,-4;25,3,-7;26,2,-8;27,5,-4;28,-1,-6;29,5,-6;30,4,-7;31,-1,-6;32,4,-3;33,6,-10;34,0,-5;35,8,-8;36,1,-6;37,10,-11;38,5,-5;39,4,9;40,6,2;1010,-59,-76;1020,-18,-11
rua||102|jardim joao liporoni|14408160|1400,-2050744,-4743025;1410,-13,8;1420,9,9;1440,-19,18;1450,-14,12;1460,9,3;1470,3,12;1480,-9,12;1490,2,11;1500,8,0;1510,-12,17;1520,-1,6;1530,-2,3;1540,-6,15;1550,-2,7;1560,-1,12;1570,-3,8
rua||102|residencial engenho queimado|14408002|1880,-2052001,-4743591;1890,2,-2;1900,11,-7;1910,9,-10;1920,10,23;1921,-4,-26;1930,3,6;1950,28,-16;1970,11,-14;1971,4,0;1980,8,-4;1981,-3,-3;1990,10,1;1991,1,-7;2000,2,-3;2001,6,-1;2011,4,-6;2020,15,2;2021,6,-12;2030,-8,-1;2031,-4,8;2036,6,-12;2040,21,6;2041,-9,-1;2045,1,-12;2051,6,3
rua||102|residencial sao joao batista|14406867|515,-2053257,-4745260;525,14,-1;535,3,4;540,6,5;545,4,-11;550,2,11;555,1,-8;560,3,6;565,0,-7;570,12,2;575,-8,-5;580,14,-1;585,1,-5;590,4,7;595,-7,-6;600,12,5;605,-4,-6;610,14,1;615,-6,-5;620,13,1;625,-3,-2;630,10,-1;635,-6,-6;640,13,6;645,-1,-10;650,4,9;655,4,-10;660,9,6;665,-9,-6;670,10,1;675,4,-3;680,5,9;685,-2,-6;690,10,-1;695,-1,-5;700,7,4;705,-5,-7;710,11,0;715,1,-6;720,8,8;725,1,-6;730,9,1;735,-5,-1;740,8,4;745,-3,-4;750,12,-3;755,-12,-4;760,16,2;765,1,-6;770,6,5;775,-5,-10;780,5,11;805,21,-24;810,16,10;815,-1,-8;820,9,10;825,-3,-9;830,7,6;835,-4,-10;840,8,7;845,-1,-8;850,13,6;855,-5,-8;860,10,1;865,-2,0;870,8,-3;875,3,2;880,2,-3;885,3,-4;890,1,5;895,6,-8;900,3,5;905,6,-8;910,2,3;915,3,-3;920,0,6;925,6,-9;930,6,5;935,0,-6;940,10,5;945,0,-10;950,2,3;955,2,-2;960,10,-4;965,-4,-4;970,8,7;975,2,-6;980,8,2;985,3,-4;990,2,3;995,1,-2;1000,4,0;1005,2,-3;1010,6,2;1015,2,-7;1020,8,3;1025,-4,-7;1030,7,8;1035,1,-11;1050,27,2;1055,2,-8;1060,-2,6;1065,2,-9;1070,7,9;1075,1,-12;1080,4,6;1085,6,-6;1090,0,4;1095,4,-3;1100,8,0;1105,-5,-7;1110,12,1;1115,1,-3;1120,4,2;1125,1,-2;1130,6,5;1135,0,-11;1140,8,9;1145,3,-6;1150,-2,3;1155,4,-10;1160,3,7;1165,5,-8;1170,9,4;1175,0,-5;1180,3,2;1185,0,-3;1190,7,2;1195,-2,-5;1200,4,-1;1205,8,-4;1210,4,7;1215,0,-16;1220,8,10;1225,3,-9;1230,5,6;1235,0,-2;1240,5,3;1245,3,-10;1250,4,8;1255,5,-6;1260,-1,1;1265,2,-7;1270,8,8;1275,0,-11;1280,5,10;1285,7,-6;1290,3,3;1295,0,-5;1300,4,4;1305,5,-10
rua||103|residencial sao joao batista|14406866|555,-2053215,-4745211;565,11,-8;575,2,-1;585,8,2;595,8,-3;605,7,-9;615,8,7;625,4,-8;635,10,3;645,4,-8;655,7,1;665,7,-5;675,5,-2;685,13,-5;695,7,2;705,4,-3;715,8,-3;725,4,-1;735,10,-4;745,6,-2;755,5,-1;765,8,1;775,0,-8;815,39,-3;825,11,-5;835,6,-6;845,7,-5;855,10,0;865,10,6;875,-1,-9;885,9,1;895,6,-7;905,5,-1;915,10,-3;925,5,0;935,4,-2;945,6,-3;955,14,-7;965,4,2;975,8,-5;985,8,-5;995,3,1;1005,9,-2;1015,1,-9;1025,15,4;1035,2,-1;1050,25,1;1055,2,-11;1060,4,9;1065,1,-1;1070,6,-6;1075,3,1;1080,3,2;1085,3,-8;1090,3,5;1095,5,-7;1100,3,8;1105,3,-11;1110,8,4;1115,1,-9;1120,-2,6;1125,6,-2;1130,2,-1;1135,7,-5;1140,1,4;1145,5,-3;1150,-2,0;1155,7,-6;1160,8,3;1165,1,-5;1170,2,6;1175,4,-9;1180,0,5;1185,8,-5;1190,2,5;1195,4,-9;1200,3,5;1205,2,-8;1210,4,4;1215,3,-6;1220,2,5;1225,5,-6;1230,6,5;1235,1,-8;1240,3,5;1245,5,-8;1250,5,3;1255,2,-7;1260,7,8;1265,-3,-8;1270,9,4;1275,2,-9;1280,9,9;1285,-5,-13;1290,9,7;1295,2,-8;1305,-2,-2
rua||104|residencial sao joao batista|14406863|1050,-2052836,-4745272;1055,-3,-17;1060,12,15;1065,-9,-10;1070,14,4;1075,0,-8;1080,3,9;1085,3,-7;1090,5,4;1095,2,-8;1100,2,3;1105,2,-8;1110,5,5;1115,4,-6;1120,4,3;1125,7,-8;1130,0,8;1135,3,-6;1140,0,2;1145,3,-10;1150,9,8;1155,0,-9;1160,2,7;1165,8,-9;1170,1,7;1175,6,-11;1180,-1,12;1185,8,-11;1190,4,7;1195,-1,-9;1200,7,4;1205,5,-3;1210,6,0;1215,-3,-5;1220,7,3;1225,-2,-14;1230,9,16;1235,-4,-12;1240,16,10;1245,0,-10;1250,-8,2;1255,10,-2;1260,8,4;1265,0,-6;1270,5,1;1275,-1,-5;1280,3,6;1285,3,-7;1290,1,2;1295,16,-9;1300,-2,6
rua||105|jardim botanico|14412492|4141,-2055027,-4736220;4151,-9,-1;4180,-31,-10;4190,-6,-2;4240,-55,-5;4250,-2,4
rua||105|residencial sao joao batista|14406863|1055,-2052823,-4745235;1065,6,-4;1075,8,1;1085,1,-6;1095,5,0;1105,13,-1;1115,8,-2;1125,5,-5;1130,18,8;1135,-12,-6;1140,20,0;1145,-8,-5;1150,12,1;1155,-6,-2;1160,10,4;1165,-5,-8;1170,15,4;1175,-6,-8;1180,8,8;1185,1,-8;1190,9,5;1195,-3,-5;1200,14,4;1205,-12,-3;1210,13,0;1215,-2,-10;1220,9,1;1225,-7,-2;1230,12,3;1235,2,-9;1240,9,7;1245,-10,0;1250,12,0;1255,6,0;1260,2,-4;1265,-5,-2;1270,15,-1;1275,-6,-2;1285,12,-7
rua||107|jardim botanico|14412492|4130,-2055011,-4736297;4160,-22,2;4161,-97,4;4181,66,8;4191,-9,-6;4211,-16,-1;4220,-9,-8;4260,-46,-4;4270,-5,0;4280,-10,-9;4371,-9,6
rua||126|residencial zanetti|14412454|3075,-2056715,-4734381;3145,67,3;3175,28,-3;3179,-1,1;3215,30,0;3245,35,2;3255,11,-1;3265,10,2;3275,7,-4;3285,8,2;3289,8,3;3325,34,-3
rua||132|jardim joao liporoni|14408126|1235,-2051648,-4743311;1245,-12,12;1265,1,9;1275,1,18;1285,-1,6;1295,3,8;1305,0,15;1315,-2,7;1335,3,21;1343,2,1;1345,-3,4;1355,0,19
rua||17|vila nossa senhora das gracas|14407820|425,-2047795,-4744241;435,-15,-13;440,-1,24;445,5,3;450,-8,5;455,-1,2;460,-5,3;470,-6,2;475,2,-5;480,-11,10;485,0,6;490,-12,-4;500,-1,7;505,0,4;510,-8,4;525,-6,14;530,-4,-3;540,-7,6;550,-7,1;555,-6,1;575,-11,15;580,-9,1;585,-6,4;595,-1,10;600,-3,-2;605,-6,-3;610,5,7;620,-14,6;625,0,3;645,-20,18
rua||19|vila nossa senhora das gracas|14407824|490,-2047907,-4744280;500,-3,8;520,-9,18;530,-6,8;540,-3,9;550,1,7;560,-5,9;570,-9,15;580,-1,1;590,1,7;610,-14,20;620,3,8;630,-7,10;650,-8,11;660,-5,10;680,-8,18
rua||1|jardim palestina|14402347|1,-2053790,-4734912;2,-17,8;6,-75,50;7,-34,10;8,-13,12;9,-7,6;10,-17,11;11,-21,11;13,-53,32;14,-1,-1;16,-107,-48;17,-53,-24;18,13,5;19,-37,-11;21,-62,-22;22,2,9;23,-5,-3;24,-26,8;26,37,-74;27,-62,48;28,-2,-7;29,81,-69;30,10,-45;31,-8,8;32,20,-44;33,-5,48;34,-11,11;35,0,26;36,-17,66;37,25,25;38,26,10;39,16,2;40,19,4;43,46,10;44,157,32;45,23,-26;46,16,-5;47,24,-13;48,20,-17;49,18,-9;51,25,-37;52,51,-3;53,1,-6;54,-319,88;55,-117,-219;56,14,-11;57,-7,20;58,12,-16;59,1,-24;60,0,-46
rua||24|vila nossa senhora das gracas|14407830|485,-2048114,-4744385;495,-8,9;525,-10,24;535,-1,11
rua||25|vila nossa senhora das gracas|14407836|745,-2048079,-4744108
rua||sem denominacao 1|jardim america|14401269|735,-2053195,-4739024
rua||sem denominacao 2|parque progresso|14403000|1250,-2056149,-4739817;1251,27,-50;1255,-22,18;1257,-8,-1
rua||sem denominacao 3|bom jardim|14400005|6,-2051504,-4749417
sitio|pio|12|franca|14414899|12,-2047601,-4728082
sitio|santa|cruz 1|franca|14414899|9,-2052804,-4727862
sitio|sao|bento 1|franca|14414899|11,-2050451,-4728530
sitio|sao|geraldo 1|franca|14414899|12,-2048897,-4728884
sitio|sao|geraldo 2|franca|14414899|11,-2050876,-4728985
sitio|sao|joao 1|franca|14414899|6,-2046345,-4729060
sitio|sao|miguel 1|franca|14414899|8,-2048674,-4728809
sitio|sao|roque 2|franca|14414899|18,-2051645,-4718740
sitio|sao|roque 3|franca|14414899|18,-2051462,-4718726
sitio|sao|roque 4|franca|14414899|18,-2051816,-4718541
sitio||4k|franca|14414899|6,-2046900,-4728826
sitio||aroeira casa 2|franca|14414899|2,-2069074,-4744226
sitio||bambus 10|franca|14414899|12,-2046734,-4727834
sitio||bambus 13|franca|14414899|6,-2046276,-4728948
sitio||bambus 2|franca|14414899|12,-2046729,-4727833
sitio||bambus 8|franca|14414899|12,-2046772,-4727694
sitio||bambus 9|franca|14414899|12,-2046830,-4728170
sitio||barro preto 3|franca|14414899|12,-2047609,-4728088
sitio||barro preto 4|franca|14414899|12,-2047714,-4727769
sitio||bocaina 1|franca|14414899|12,-2049168,-4726988
sitio||bocaina 3|franca|14414899|12,-2049198,-4727171
sitio||bocaina 4|franca|14414899|12,-2049167,-4726873
sitio||bom jesus 1|franca|14414899|6,-2046044,-4729373
sitio||corrego da onca 1|franca|14414899|6,-2044104,-4729289
sitio||corrego da onca 2|franca|14414899|16,-2051044,-4719741
sitio||corrego da onca 5|franca|14414899|6,-2044408,-4729343
sitio||corrego das velhas 1|franca|14414899|6,-2046196,-4728821
sitio||corrego das velhas 2|franca|14414899|6,-2046041,-4728716
sitio||da mata 2|franca|14414899|16,-2049936,-4721434
sitio||da matinha 2|franca|14414899|18,-2052570,-4720975
sitio||da onca 2|franca|14414899|16,-2051051,-4719550
sitio||da onca 3|franca|14414899|16,-2051051,-4719551
sitio||dos nunes 12|franca|14414899|11,-2050018,-4728453
sitio||dos nunes 15|franca|14414899|11,-2049800,-4728398
sitio||dos nunes 17|franca|14414899|11,-2050374,-4728316
sitio||dos nunes 1|franca|14414899|11,-2050260,-4728602
sitio||dos nunes 2|franca|14414899|12,-2049211,-4728973
sitio||engenho 8|franca|14414899|5,-2060553,-4743149
sitio||engenho gleba 7|franca|14414899|6,-2060108,-4743395
sitio||lageado 1|franca|14414899|11,-2051336,-4728711
sitio||lageado 3|franca|14414899|12,-2050318,-4729032
sitio||monte alegre do miraflor casa 2|franca|14414899|7,-2064244,-4741644
sitio||olaria 2|franca|14414899|6,-2052227,-4730980
sitio||olaria 3|franca|14414899|7,-2053014,-4729113
sitio||olaria 5|franca|14414899|6,-2053098,-4731012
sitio||olhos dagua 3|franca|14414899|1,-2058641,-4738404
sitio||olhos dagua 4|franca|14414899|1,-2058482,-4738498;4,-372,-131
sitio||palestina 2|franca|14414899|16,-2050576,-4719542
sitio||palestina 5|franca|14414899|16,-2051645,-4720916
sitio||palestina 6|franca|14414899|16,-2051387,-4720907
sitio||retiro casa 1|franca|14414899|1,-2068535,-4744984
sitio||retiro casa 2|franca|14414899|2,-2068529,-4744973
sitio||tiririca 2|franca|14414899|16,-2051796,-4723014
