alameda||bahia|aeronautica|12510220|1,-2278191,-4522180;3,305,-73;5,10,-6;7,10,-8;9,-393,22;10,-505,52;11,1158,-136;13,-71,28;15,20,-12;17,21,5;19,14,-12;21,-65,22;23,93,-28;25,14,5;26,-250,60;27,273,-68;29,14,6;31,11,-16;33,32,8;44,-450,61;53,-780,-25
alameda||bahia|aeronautica|12515125|1,-2278218,-4522121;2,320,-108;4,14,9;6,21,1;8,15,-5;10,12,-8;12,106,-19;14,17,-6;16,15,-3;18,12,-8;20,17,-2;22,22,8;24,14,-10;26,10,-4;28,22,-4;30,24,4;32,11,-6;34,12,-11;36,35,1;38,-1,-7;40,13,4;42,13,-10
avenida|arquiteto|paulo cesar boueri|residencial village santana|12513570|19,-2276863,-4519431;44,10,-27;68,-1,-22;80,-7,-13;91,0,-7;92,-3,3;102,8,-9;103,-4,0;130,2,-27;139,-6,-11;142,6,3;151,-5,-15;164,5,-4;175,18,144;186,-7,-169;197,-12,-2;198,24,-77;221,-20,62;235,-2,-5;247,7,-12;261,4,-7;262,8,3;273,-3,-21;274,1,5;285,-5,-15;286,7,2;297,-2,-14;298,0,0;309,3,-5;310,4,-5;356,8,-37;388,1,-10;404,-1,-14;420,-5,-11;436,-3,-13;452,-4,-10;468,6,14;484,-9,-30;499,-5,-5;500,8,3;515,-13,-13;516,3,-3;531,-7,-12;532,5,-1;548,0,-7;549,-7,1;564,2,-4;577,-5,-13;580,-1,-1;593,-3,-9;596,2,0;611,-4,-2;628,0,-9;629,-5,-8;644,1,-6;645,-5,-6;660,0,-10;676,1,-14;692,-6,-5;708,-3,-10
avenida||basf|engenheiro neiva|12521130|5,-2277321,-4516086;21,-1915,-951;27,577,384;31,0,-16;35,11,-12;39,-2,-3;43,-2,-9;47,7,-14;205,-475,-211;227,18,26;237,2,0;245,10,8;545,293,193;555,19,8;661,10,0;693,22,5;701,8,8;727,13,7;737,14,3;741,1,10;749,19,-3;750,-15,-16;761,21,24;771,6,3;862,-27,-27;882,93,48;901,41,16;917,10,3;935,15,8;945,13,4;955,8,8;967,3,-3;979,23,12;1102,94,39;1117,12,8;1131,23,5;1137,7,10;1153,11,3;1159,5,-2;1171,16,-8;1181,6,14;1211,26,-2;1217,0,14;1221,6,3;1227,2,0;1241,10,5;1251,7,4;1291,22,5;1303,7,7;1317,26,8;1331,20,-23;1339,3,30;1347,16,4;1361,11,13;1369,7,10;1373,13,-5;1385,15,5;1397,0,1;1409,12,5;1425,16,11;1637,153,63;1639,-19,-4;1641,11,1;1651,12,3;1667,2,10;1675,18,-3;1687,8,2;1727,60,29;1751,13,1;1813,53,24;1823,7,4;1833,6,0;1857,32,13;1861,1,2;1879,8,5;1883,4,12;1891,16,-7;1895,2,1;1907,0,7;1917,15,-6;1929,9,11;1931,9,0;1937,-273,-105;1939,276,111;1949,13,2;2000,25,25;2040,41,14;2058,8,6;2060,-3,-2;2070,12,3;2073,-6,-15;2076,8,12;2080,4,18;2086,5,-8;2087,-12,-12;2090,24,17;2102,9,1;2114,10,7;2126,5,0;2131,-8,-15;2138,25,20;2150,15,6;2156,4,-7;2157,-23,-8;2158,27,19;2162,-5,-4;2167,-10,-14;2174,14,17;2186,25,11;2198,8,3;2210,8,4;2232,24,11;2244,24,6;2256,-5,15;2268,23,-3;2273,-41,-27;2275,4,3;2277,4,-2;2280,40,23;2292,7,10;2293,-28,-25;2297,-6,3;2300,12,1;2303,11,4;2304,20,20;2307,-21,-20;2313,-10,-3;2316,46,31;2319,-30,-25;2325,0,-6;2328,43,31;2333,-32,-19;2340,41,25;2343,-36,-22;2352,43,32;2364,13,1;2371,-22,-17;2376,33,18;2379,-19,-12;2388,28,13;2391,-36,-21;2397,-9,0;2412,66,36;2415,-42,-29;2421,16,6;2426,41,23;2436,14,9;2455,-27,-30;2462,40,34;2465,-33,-20;2474,54,32;2475,-50,-29;2485,13,2;2486,42,26;2495,-35,-19;2498,49,26;2505,-42,-20;2510,51,26;2515,-40,-24;2522,51,29;2534,5,3;2535,-36,-29;2546,51,34;2555,-40,-28;2558,25,20;2569,-14,-14;2570,50,29;2575,-40,-27;2578,62,34;2582,-9,-4;2589,-48,-24;2590,63,32;2602,-6,1;2628,16,2;2680,4,1;4004,6,-8
avenida||brasilia|clube dos 500|12524010|99,-2280302,-4515133;150,413,-1173;306,-8,464;436,55,129;468,-49,263;523,40,-42;536,13,-134;540,-94,255;587,-39,87;644,-56,45;995,53,-34
avenida||brasilia|jararaca|12501010|49,-2279940,-4516505;113,89,342;135,-9,158;167,0,-13;335,17,282;407,-172,-850;435,-2,10;461,0,19;471,-2,15;487,2,-1;491,3,21;493,3,7;505,-1,19;545,22,36;580,108,130;583,-98,-120;601,7,7;665,69,80
avenida||brasilia|jararaca|12524010|30,-2280065,-4516813;100,-30,-40;271,43,102;320,10,34;324,5,18;326,3,10;328,1,10;330,5,19;332,7,13;333,1,18
avenida||brasil|engenheiro neiva|12521000|2,-2277237,-4516266;15,-1639,-699;77,-268,-117;85,13,5;91,4,4;95,5,3;103,7,0;108,7,11;111,-2,4;112,7,0;115,-1,11;117,-1,-16;121,8,7;144,26,7;145,1,-5;154,4,8;155,-5,-6;163,10,3;164,3,12;166,5,-4;174,4,7;175,0,-12;183,6,2;191,11,4;205,1799,757;206,-19,-9;208,17,8;212,-28,-13;237,-1736,-722;243,11,1;255,10,1;263,7,0;281,13,10;291,8,5;295,1,-1;301,8,3;311,9,3;319,7,3;321,4,1;331,9,4;451,94,42;453,-10,-12;798,453,198;800,-66,-30;820,-75,-30;898,-11,-5;900,93,34;926,26,16;1010,161,76;1022,0,0;1052,-69,-33;1064,17,6;1068,-1,-1;1074,3,4;1082,11,11;1100,17,-1;1108,11,13;1118,1,-5;1122,6,-5;1124,4,11;1200,15,0;1244,81,36;1264,51,19;1284,-6,-2;1426,165,68;1488,-3,2;1520,46,15;1522,8,13;1530,-1275,-574;1532,1272,593;1544,4,-29;1552,12,4;1566,13,8;1570,3,-2;1576,10,9;1606,46,19;1626,-2,0;1728,4,10;1730,7,0;1734,19,-4;1736,43,23;1738,12,-7;1740,12,11;1744,9,3;1762,9,10;1772,15,7;1806,12,12;1812,16,3;1822,14,6;1838,5,-1;1852,19,9;1860,-4,-5;1862,29,17;1920,57,12;1926,9,11;1936,3,3;1988,31,16;1998,14,7;2008,10,-1;2030,5,9;2058,14,-6;2064,3,5;2076,14,11;2088,12,1;2100,1,7;2261,131,-20;2262,-5,-4
avenida||brasil|engenheiro neiva|12521281|208,-2279012,-4517036;218,8,12;230,1,12;252,10,4;258,16,2;260,-3,7;272,14,5;282,20,1;292,11,8;302,-1,0;602,210,83;606,-3,-1;610,6,2;614,7,4;618,12,6;620,1,-2;622,31,17;656,24,12;668,12,4;676,17,6;684,-3,-1;696,15,-8
avenida||geraldo franca bueno|vila conselheiro rodrigues alves|12511110|8,-2280743,-4520570;19,-6,-10;20,11,2;28,8,-4;38,2,-4;46,31,-30;49,-25,12;50,26,-20;54,9,-2;58,2,0;59,-30,18;62,37,-23;66,2,-3;69,-36,19;70,40,-24;74,-3,-2;80,6,-5;105,387,-109;107,8,-11;144,-368,112;152,4,2;158,9,-6;170,-23,0;176,22,-1;180,-3,-2;186,-2,-1;192,-6,-4;194,-2,-8;272,175,2;278,-7,0;284,9,3;290,15,-11;296,5,-2;535,-163,11
avenida||helenir carioca dos reis barros|residencial village santana|12513485|47,-2277230,-4519453;59,19,-54;60,17,18;95,-15,-41;143,-11,-28;160,6,-31;203,-31,-17;215,-9,-15;222,-7,-27;230,-3,-5;234,9,-3;239,-6,14;246,4,-17;275,-21,-16;332,-15,-71;335,-16,9;359,-9,-17;382,7,-38;395,-20,11;407,-5,-9;419,-4,-9;431,-4,-10;491,-18,-35;503,-8,-19;527,-7,-7;539,-5,-17;545,-17,-31;551,15,26;563,-8,-13;575,-6,-13;611,-13,-17;613,-1,-1;623,-2,-10
avenida||padroeira do brasil|figueira|12504100|27,-2282107,-4520365;31,-1,-6;35,-10,-4;39,3,-1;45,-6,-4;65,-15,-20;81,-7,-5;91,-6,-10;93,-4,1;103,-2,-7;117,-12,-11;123,-2,-4;141,-11,-10;161,-10,-12;193,-15,-20;195,-9,-6;199,-1,-4;211,-4,-11;217,-5,-6;221,-18,-23;227,-3,2;257,-25,-4;317,-40,-49;321,-4,-7;335,8,4;341,-37,-13;359,0,-12;369,-1,-5;371,-29,-4;381,22,-9;391,-3,-5;421,-32,-24;427,-1,-4
avenida||padroeira do brasil|guaratingueta|12504100|17,-2282554,-4520805;593,63,59;617,-10,-19;629,-29,-9;655,-7,-10;667,-1,-16;715,-47,-40;761,-17,-16;957,-130,-202;1049,-120,-200;1385,9,8;1399,-1,6;1441,-19,-24
avenida||rui barbosa|santa rita|12502010|15,-2281533,-4518326;135,-26,-94;145,0,-3;153,-3,15;167,9,-2;169,0,9;171,5,2;173,-2,1;191,-2,5;195,10,7;213,0,20;215,4,7;223,1,11;233,2,7;235,-5,-15;243,12,24;249,3,6;257,2,6;259,-1,-1;261,0,0;269,-4,14;277,4,7;279,-2,0;331,13,48;335,0,16;349,3,7;361,4,3;369,-27,15;371,21,-2;389,8,9;397,-2,18;413,2,9;419,-5,7;425,8,4;433,5,13;441,2,4;453,-1,12;473,7,14;481,2,6;491,0,15;499,6,2;503,4,3;507,-1,6;515,14,10;523,1,5;541,9,14;595,30,31;623,9,30;629,3,3;635,7,4;645,13,11;651,-1,10;695,19,15;705,9,24;719,10,1;723,3,8;743,6,0;745,0,10;751,9,11;753,-1,-1;755,8,10;767,7,5;777,4,2;815,26,16;853,24,24;857,4,6
avenida||rui barbosa|sao benedito|12502010|26,-2281605,-4518535;36,-7,11;44,5,9;48,2,0;54,8,8;60,-10,21;66,15,-14;74,8,15;80,-10,2;86,6,7;92,1,12;104,2,13;106,0,-4;110,2,4;112,0,5;122,-2,-3;128,8,23;130,3,0;138,10,12;146,-6,3;154,4,3;160,26,-4;166,8,-8;172,-4,40;178,-46,-7;272,51,69;294,8,17;298,2,14;304,-4,6;318,3,12;326,6,7;342,2,17;346,-6,1;392,8,44;400,3,28;420,0,9;440,10,19;446,4,7;460,-3,7;476,8,8;484,-2,20;500,6,8;532,4,3;556,38,46;600,23,47;648,22,21;654,4,2;662,1,5;668,1,5;670,4,1;676,5,6;686,4,8;694,1,12;706,9,1;718,11,8;724,-5,9;730,4,2;734,10,-2;740,4,9;750,1,10;752,0,2
avenida||rui barbosa|sao bento|12502010|873,-2281256,-4517838;875,8,4;881,4,14;883,2,-4;889,3,4;891,9,8;897,-2,-12;899,-4,11;901,8,-4;905,2,11;919,6,0;935,21,15;945,1,5;947,4,6;953,8,-1;959,2,1;961,7,8;987,9,12;997,4,4;1001,3,0;1005,0,-2;1011,1,3;1015,13,3;1023,7,2;1045,14,14;1065,18,17;1073,2,9;1079,10,1;1085,-1,0;1093,9,12;1105,7,2;1107,9,3;1121,2,4;1129,8,2;1135,3,1;1145,7,5;1147,7,5;1161,9,11;1169,-3,0;1193,17,8;1197,6,9;1203,7,1;1215,3,6;1231,11,4;1237,-5,12;1241,11,-1;1245,4,3;1266,14,13;1271,7,3;1279,25,-23;1285,-1,5;1289,3,5;1293,-13,19;1297,-6,7;1303,11,0;1305,5,3;1307,4,4;1309,6,5;1315,7,7;1353,17,10;1369,12,8;1373,6,6;1379,-2,1;1385,10,4;1387,4,7;1393,5,2;1405,6,3;1419,5,11;1443,22,0;1461,0,17;1465,8,9
avenida||rui barbosa|vila sao jose|12502010|151,-2280328,-4517262;158,-137,-56;160,-10,-7;166,-1,-5;172,-3,-2;176,-13,-8;178,-54,-20;182,55,20;191,30,14;192,-44,-14;196,-8,-6;202,-9,-7;210,-3,-3;216,-6,-2;220,-1,-4;224,-1,0;234,-11,-1;236,-6,-8;240,-5,2;246,-1,-7;252,-11,3;1551,-231,-111;1573,38,18;1647,54,6;1682,-40,10;1692,16,20;1710,29,-10;1712,8,12;1732,1,-2;1742,6,4;1746,6,6;1750,9,0;1757,2,-15;1780,15,16;1784,3,1;1790,0,11;1805,33,-1;1810,-2,27;1822,-10,17;1824,26,-26;1836,19,6;1846,3,-1;1850,1,2;1856,12,-3;1860,-1,1;1861,-1,-2;1872,3,7
bairro||fogueteiro de baixo|guaratingueta|12503790|6000,-2291500,-4518258
entrada||fogueteiro de baixo|guaratingueta|12503790|600,-2287428,-4517611
estrada||agua branca|agua branca|12508010|1,-2279588,-4530658;5,1550,-6628;300,-123,827;1990,-1428,5812;2000,1148,-4495;23000,1403,-2352
estrada||da pedra branca|guaratingueta|12503790|1,-2295241,-4515276;80,-1020,-1774;1000,634,2878;6006,-954,-3081;7000,-249,-629
estrada||da pedra branca|guaratingueta|12512550|600,-2294740,-4514802;6000,-1723,-2429
estrada||do belem|piloes|12512305|40,-2269959,-4528592;100,-64,-177;200,-2,-4
estrada||fogueteiro de baixo|fogueteiro de baixo|12509770|10,-2287110,-4517619
estrada||fogueteiro de baixo|fogueteiro|12509750|600,-2287427,-4517608
estrada||fogueteiro de baixo|fogueteiro|12509770|5004,-2290923,-4518391
estrada||pedra branca|guaratingueta|12512550|3000,-2294885,-4514955
praca||brito broca|aeroporto|12511280|13,-2279890,-4520751;164,-8,-5;166,-5,12
praca||brito broca|vila conselheiro rodrigues alves|12511280|220,-2279934,-4520719;232,8,9
rua|alferes|custodio leme barbosa|beira rio|12517520|15,-2279422,-4518353;27,-2,-19;28,7,-12;39,-30,-9;71,18,-21;83,1,-10;95,4,-10;151,-7,-46;161,3,-11;163,-2,-6;164,13,14
rua|almirante|barroso|centro|12500120|13,-2281495,-4519240;15,1,-1;19,11,-6;50,15,-18;56,7,-3;58,1,2;59,-2,-2;60,9,10;65,4,-5;69,3,-4;70,-2,5;73,3,-8;74,1,0;78,-1,-4;80,4,-3;82,3,4;83,2,-7;84,5,-6;95,5,2;98,0,5;106,9,2;113,6,-12;114,-8,4;116,7,-13;120,2,3;122,5,1;148,16,-9;154,9,-11;161,-9,12;163,10,-1;165,5,-1;166,4,-9;167,1,8;171,3,8;174,1,-15;176,2,4;186,5,0;188,7,-9;191,-1,-5;192,5,6;195,-2,-10;196,3,3;199,4,4;202,-1,-5;203,9,15
rua|barao|bocaina|centro|12503650|33,-2282732,-4519657;35,-2,9;231,1,-7
rua|barao|da bocaina|centro|12503650|10,-2282551,-4519528;20,-4,-7;32,-15,-8;44,-10,-3;56,-7,-6;64,-8,-3;66,0,3;72,-8,-7;80,-11,-4;86,-3,-2;96,-5,-2;98,-4,-3;106,-4,-2;112,-10,-7;124,-2,-11;130,-13,6;136,-9,-5;140,-9,-5;152,0,-1;156,-7,3;160,1,-3;170,-9,-5;176,-11,5;182,1,-9;186,-3,4;188,-5,-5;196,1,-5;202,-5,-6;206,-4,2;216,-8,-3;226,-9,-5;236,-3,-1;248,-11,-12;260,-11,-1;264,-4,1;266,-5,-1;268,4,-3;270,-10,-1;278,2,-5;280,-10,-8;288,-5,-2;320,-9,-7;326,-7,-7
rua|barao|da bocaina|jardim tamandare|12503650|27,-2282563,-4519534;29,-3,2;31,-11,-12;37,-7,-6;39,-2,4;49,-8,-3;57,-3,-5;65,-2,2;77,-15,-7;83,-1,-1;91,-7,0;97,-6,-3;105,-5,-2;107,4,3;113,-11,-10;121,-6,-3;131,-14,-7;141,-6,-3;153,-5,-1;157,-6,-4;169,-8,1;175,-5,-11;185,-13,0;191,-3,-2;205,-13,-8;215,-7,0;217,-2,-4;225,-7,-10;233,-9,5;243,-11,-6;251,-8,-7;257,4,2;263,-7,-8;269,-3,-2;281,-3,-6;291,-9,-2;293,-6,-8;297,0,1;301,-3,-7;401,-6,-8
rua|barao|do rio branco|piedade|12524810|7,-2281860,-4518158;9,0,0;20,17,26;34,-14,-15;380,63,-6;402,0,7;406,2,2;408,-10,17;412,-1,-12;414,-5,3;416,-11,18;420,0,4;428,-7,-11;436,-5,-4;438,-4,4;442,-4,3;446,2,10;456,-6,7;468,-5,5;474,-2,8;480,-7,-2;488,-7,12;496,4,7;506,-11,-1;508,-4,5;510,-8,5;512,1,6;516,-13,-5;520,7,13;534,-20,5;574,-9,11;576,-8,3;634,-26,30;642,-9,12;658,-4,11;664,-4,16;668,6,-5;672,-9,16;684,-14,63;692,8,-52;704,-2,13;740,-8,38;746,1,13;748,-5,24;796,1,26;800,7,-3;820,-13,8;828,4,12;830,-3,9;900,-55,126;938,-1,-2;950,-3,17;956,-2,9;974,0,15;1010,2,8;1034,7,44;1046,-9,5;1058,6,10;1070,1,14;1094,-3,16;1106,-2,11;1128,1,1;1140,0,10;1152,2,-23;1164,-2,47;1176,-3,2;1190,-4,24;1204,63,248;1208,0,11;1210,-4,8
rua|barao|do rio branco|residencial santa barbara|12524210|1132,-2282017,-4517554
rua|barao|do rio branco|residencial santa barbara|12524810|333,-2281766,-4518131;345,4,1;603,-176,118;605,-4,9;611,-8,3;833,-50,195;893,-18,62;957,-28,72;1083,2,92;1089,18,14;1091,-4,8;1097,-8,-4;1121,9,17;1125,24,27;1126,-1,0;1127,-17,-13;1129,-22,-15;1131,-3,53;1132,40,-30;1133,-27,18;1135,22,-2;1136,13,-18;1137,-30,19;1139,37,-7;1141,-24,54;1143,23,-74;1145,-12,13;1147,-4,-1;1149,-21,75;1151,-1,3;1153,14,9;1154,-27,-27;1155,22,32;1157,8,11;1159,0,9;1161,7,10;1163,2,6;1165,21,0;1167,-8,8;1170,13,47;1171,-13,-21;1173,-11,17;1175,7,6;1177,3,5;1178,-9,6;1179,10,5;1180,-14,11;1181,12,12;1182,-8,-6;1183,5,13;1185,1,6;1187,7,5;1189,-2,3;1191,0,6;1193,0,11;1195,-2,13;1197,4,0;1199,-1,15;1201,-10,34;1202,9,4;1203,-14,-1;1600,-1,-177;1612,8,-1;1636,0,33;1648,-1,8;1672,-1,18;1674,-3,10;1684,-5,6;3000,176,24
rua|barao|do rio branco|sao benedito|12502250|21,-2281679,-4518459;23,3,2;39,-14,4;51,1,-1;53,-6,8;69,-4,10;75,-5,12;80,-1,-4;83,0,3;86,-3,5;87,-10,-1;92,1,1;95,-5,5;100,-1,1;104,1,5;107,2,7;108,-6,0;111,6,-3;112,-8,3;121,-17,-2;122,18,12;127,-8,-1;135,2,8;137,-3,10;141,-3,-2;144,-2,-5;145,-2,11;154,-11,-3;168,-9,19;181,-11,15;183,5,-4;195,-6,18;220,-1,12;222,17,-37;226,-14,42;231,-8,2;232,1,4;235,2,8;237,2,7;238,1,-9;246,-4,6;247,5,5;250,-19,10;252,7,-3;263,0,30;266,-10,-24;274,18,13;290,-5,19;291,-1,-3;299,9,16
rua|barao|do rio branco|sao goncalo|12502250|2,-2281683,-4518459;12,9,-11;30,-11,12;32,1,0;48,-12,9;52,-3,5
rua|conego|benedito|pedreira|12503040|15,-2282182,-4518879;35,-9,-22;37,3,-10;51,-8,-4;55,-48,-114;59,-32,-8;87,69,99;91,-7,-17;105,-2,-5;111,-1,-1;117,-7,-4;125,-72,-64
rua|coronel|pires barbosa|campo do galvao|12505020|384,-2281646,-4519759;398,26,-20;449,-4,7;450,52,-16;456,7,-8;468,17,6;472,-4,8;475,-58,4;485,37,-16;486,34,3;487,-1,-5;489,5,0;493,1,7;501,20,-20;503,-10,5;509,10,0;524,-6,-4;525,16,-4;527,4,8;528,11,-17;531,-12,5;534,-6,0;535,9,6;537,0,-68;538,5,65;542,7,6;561,11,-15;564,2,3;567,2,-5;570,4,1;574,-5,2;575,10,1;576,11,-8;582,0,6;583,-8,-10;587,0,13;590,3,-10;595,52,-25;596,-45,24;597,10,-1;600,0,-1;601,0,0;606,2,0;607,2,-4;609,140,314;612,-135,-320;615,3,3;616,4,28;617,0,-21;622,-3,-4;623,4,-7;625,3,1;633,9,-9;637,6,-9;645,-3,7;649,13,7;652,-9,-5;653,13,-3;655,-5,4;660,-2,0;663,10,-11;667,7,-4;668,-11,7;669,15,-4;673,0,1;678,1,19;679,6,-15;682,-5,-7;683,0,7;684,2,0;687,-2,-6;688,7,7;691,5,-11;692,2,22;695,2,-21;696,-4,2;702,3,9;703,6,-10;704,0,10;705,1,-13;709,4,-5;711,0,4;716,4,0;719,2,-10;721,4,-2;722,-8,17;723,13,-14;727,5,3;730,-14,16;731,15,-13;737,-3,-9;738,-2,12;741,13,-10;746,-4,10;748,26,-10;755,-9,8;758,5,-25;760,5,7;761,-6,15;765,-1,-13;770,20,-1;773,-15,12;776,16,-14;777,-11,3;781,7,3;786,12,-14;787,-11,14;790,6,-5;793,6,-1;794,1,-5;799,-5,0;800,20,-8;803,-15,12;805,8,-8;809,6,0;810,2,-2;818,-10,-2;821,12,3;824,6,-9;827,-4,6;828,15,1;834,1,-3;837,5,-7;838,2,-4;840,1,9;841,-10,-7;844,9,7;847,-1,-6;848,10,-7;851,-4,-2;855,6,7;859,0,-7;860,12,10;862,14,-16;863,-20,6;864,7,5;869,-1,-3;870,3,4;875,2,-12;876,-3,3;878,8,0;881,1,-5;884,3,4;885,1,-4;886,0,5;887,-4,-9;890,11,3;893,16,-5;897,-23,5;898,9,1;900,8,-2;905,6,-1;915,8,-12;921,10,17;937,2,-20;943,5,-1
rua|coronel|pires barbosa|centro|12505020|46,-2281911,-4519649;50,1,-7;56,4,-9;70,14,2;74,1,-1;84,7,-2;90,7,-4;102,9,0;106,-2,1;110,13,-4;126,11,-9;140,12,0;146,3,-5;152,10,-2;160,3,-5;164,7,0;168,1,1;174,4,-4;184,11,-3;190,3,-1;196,8,0;200,-6,0;206,17,-4;212,2,-6;242,27,-1;282,33,-19;290,1,1;322,38,-20;340,2,-3;350,3,-2
rua|coronel|pires barbosa|guaratingueta|12501280|65,-2281903,-4519677;71,4,0;81,12,-20
rua|dom|bosco|sao goncalo|12502070|7,-2281721,-4518744;85,-57,5;95,-18,5;101,-4,5;109,-8,9;121,-4,16;133,-17,-10;139,-1,-1;147,-5,2;149,-5,-2;171,-62,31
rua|doutor|francisco de assis barbosa|pingo de ouro|12510440|5,-2278313,-4524618;27,26,-139;50,-8,1;62,-1,14;67,8,5;86,-13,10;96,5,-9;98,-1,20;110,-4,10;120,-11,5;127,18,-17;134,-16,29;135,10,-17;155,-5,51;210,-18,49;211,6,2;212,-8,5;227,5,24;231,-3,-7;232,-4,-5;235,5,7;252,-2,8;257,-3,6;259,2,13;272,-13,-2;302,2,3;305,8,29;318,-15,-6;332,-1,10;338,-4,29;342,4,-15
rua|doutor|joaquim castro barbosa|jardim rony|12506330|18,-2280138,-4521234;21,7,-4;30,-2,12;33,10,7;42,-7,3;45,11,5;54,-4,5;57,12,5;66,0,3;69,8,4;78,-5,4;81,12,3;90,-6,-1;93,9,8;98,-1,0;105,12,10;106,-10,-5;114,9,5;117,7,1;122,1,10;130,4,2
rua|india|bartira|guaratingueta|12516650|54,-2280498,-4518211;66,3,13;72,-8,14;78,4,14;85,-4,29;436,2,-79;462,5,-6
rua|india|bartira|nova guara|12516650|55,-2280482,-4518178;56,-9,-27;57,9,-3;59,9,30;65,-21,-9;77,0,26;89,14,4;93,-7,0;101,-9,16;429,-9,99
rua|presidente|wenceslau braz|vila conselheiro rodrigues alves|12511100|32,-2280266,-4520503;33,-12,1;42,6,-15;43,-8,5;54,2,-9;55,-7,6;62,1,-11;63,-3,6;70,-3,-11;71,-9,1;82,2,-11;83,-8,5;94,3,-11;101,-11,-10;102,0,-1;112,-6,0;113,-3,1;185,-46,-53;191,-10,-13;201,-6,-2;211,-6,-12;212,21,13;218,-2,-1;221,-21,-10;222,9,8;231,-15,-22;232,12,12;242,-4,-5;243,-20,-14;244,24,12;247,-26,-10;250,18,4;253,-24,-16;258,20,12;259,-24,-16;265,-6,-7;270,15,-6
rua|professor|carlos alvim taques bitencourt|guaratingueta|12511020|44,-2280444,-4520268;52,7,-9;114,40,-42;120,0,-4;132,19,-10;138,3,-2;146,5,-7;156,4,-1;162,12,-14;166,8,-6;168,1,-8;170,8,-5;246,35,-37;254,11,-6;262,-2,-5;270,11,3;276,1,-16;290,10,-2;300,8,-11;322,20,-20;336,12,-11;346,4,-4;352,7,-9
rua|professor|carlos alvim taques bitencourt|vila conselheiro rodrigues alves|12511020|15,-2280454,-4520262;23,2,-5;33,3,-6;45,5,-7;55,13,-9;75,4,-14;81,22,8;91,-2,-12;101,5,-11;109,7,-1;111,1,-5;117,2,-6;123,6,-10;135,6,-6;145,15,-12;155,5,-4;165,3,-7;181,9,-6;201,27,-28;211,14,-11;227,7,-8;237,1,-2;277,17,-18;285,8,-8;293,9,-9;301,0,-2;309,9,-8;335,14,-18;355,16,-13;365,6,-10;373,10,-8
rua|professor|francisco alvim taques bitencourt|sao francisco|12509230|9,-2279811,-4521798;15,7,-6;22,15,-3;27,-8,-8;33,8,4;34,2,-1;40,1,5;45,6,-14;51,-1,-6;52,-5,13;58,9,-5;65,4,-13;70,6,7;71,8,-11;76,-4,8;83,1,-12;88,8,9;89,0,-19;94,2,21;101,-1,-27;107,3,-5;119,8,-14;125,3,-4;140,5,-1;146,9,-7;158,-1,-7;164,6,-8;176,3,-5;182,-3,-10;194,-4,-1;195,3,-11;197,1,-14;200,5,14;203,-5,-27;208,2,16;215,9,-20;220,-8,15;221,-4,-36;233,3,-3;239,3,-10
rua|professor|jose mario banzi|portal das colinas|12516270|4,-2279680,-4518767;12,-11,3;17,-23,8;20,13,-6;26,-11,0;35,-14,12;59,-16,-17;71,-2,-4
rua|sao|benedito|campo do galvao|12505080|27,-2281506,-4519688;36,9,-7;46,11,-14;49,1,4;52,3,-5;58,6,3;59,0,-3;62,3,4;71,10,-12;77,2,-4;85,4,7;270,-65,31
rua|sargento|baracho|vila paraiba|12515330|55,-2281061,-4519311;78,-70,63;79,68,6;94,6,11;108,8,-2;111,7,-4;118,3,8;123,9,-15;128,-4,15;135,9,-11;148,48,13;155,-29,-5;170,4,6;177,15,-19;181,6,8
rua|visconde|do rio branco|centro|12500190|6,-2281437,-4519111;20,-3,12;22,5,11;38,0,17;51,4,11;55,-8,14;65,0,3;68,9,-8;71,-7,21;72,7,-20;73,1,12;79,10,21;90,-3,-14;115,3,33;160,-24,-135;175,9,-5;182,-6,-12
rua||alberto barbeta|alto pedregulho|12514010|1037,-2279803,-4519605;1075,-51,138;1151,47,-16;1167,4,-2;1893,34,5
rua||alberto barbeta|alto pedregulho|12515040|401,-2280419,-4519668;413,12,-3;425,1,14;437,12,9;449,11,4;461,-5,6;471,17,2;483,2,6;545,39,35;557,8,5;569,6,7;577,7,4;589,4,7;601,7,7;613,7,6;621,5,5;651,19,20;663,7,4;675,4,7;683,0,8;691,9,10;699,1,5;709,10,10;717,2,6;725,6,9;735,3,10;783,55,26;795,5,0;805,12,4;815,2,13;823,5,0;833,13,10;841,13,-23;853,4,5;855,11,-2;861,9,-7;871,9,0;881,12,4;889,6,-6;897,10,2;911,8,3;933,23,-5;939,7,0;943,6,-15;963,8,11;969,8,-4;973,15,-4;983,8,10;987,11,-6;991,3,3;993,13,4
rua||alberto barbeta|jardim bela vista|12515040|34,-2279698,-4519510
rua||alberto barbeta|parque do sol|12514010|1830,-2278634,-4519527
rua||alberto barbeta|pedregulho|12515040|14,-2280686,-4519881;17,3,23;20,9,-13;23,-9,21;26,13,-22;29,-2,8;34,3,2;35,-3,10;39,-4,5;40,9,-11;42,3,2;43,-9,4;47,1,-1;48,11,-2;51,1,5;52,2,3;54,-2,-2;55,-6,1;58,10,7;59,1,-7;60,-2,8;64,1,4;65,8,-7;68,-13,13;75,23,-5;87,0,9;88,-7,9;91,9,-3;94,-17,23;95,15,-21;102,4,1;112,5,15;122,9,8;130,9,8;133,-1,-14;136,3,18;139,4,-9;145,3,3;146,-6,11;151,9,-8;154,-1,17;163,11,-9;164,-7,7;176,8,13;177,4,-10;188,3,14;191,-2,-6;194,2,18;198,11,1;202,3,7;218,8,1;226,-1,15
rua||alberto barbeta|portal das colinas|12516070|1400,-2279550,-4519482
rua||alberto barbeta|sao dimas|12513070|77,-2278341,-4519622;1897,-119,20;1913,10,-4;1943,16,-11;1965,21,-2;2011,29,0;2077,78,13;2085,12,4;2161,23,10
rua||alberto barbeta|village mantiqueira|12514010|1620,-2279274,-4519446;1692,215,-9;1716,56,-10
rua||ana maximo balieiro|santa clara|12509805|8,-2279616,-4522939;16,-7,-3;22,-6,3;30,-10,-9;36,-6,0;37,6,5;41,-4,0;42,-2,-1;45,-13,-2;48,-2,1;53,-4,-6;54,-3,-9;56,-11,2;57,11,3;61,-14,7;62,1,-13;65,-8,8;68,-3,-8;69,-6,7;70,2,-9;73,-18,0;74,8,-5;77,-5,9;78,11,-11;81,-17,8;82,-3,-9;85,-4,13;86,-3,-16;89,-7,7
rua||andre barbosa|residencial village santana|12513530|55,-2277449,-4519510
rua||andre broca|vila molica|12512080|20,-2279199,-4521006;34,7,-8;44,7,-3;46,16,-7;50,4,-2;54,-14,5;89,41,-29;160,16,1;310,-130,71
rua||antonio carvalho barbosa|residencial village santana|12513405|345,-2277358,-4519639;389,-2,-11
rua||antonio lemes barbosa|sao benedito|12502170|11,-2281563,-4518716;15,120,-63;16,-116,55;18,12,-7;19,126,-67;20,-132,74;21,5,4;25,6,2;29,6,-5;30,110,-41;32,-114,38;35,118,-43;38,-113,54;39,5,-8;40,100,-37;42,-116,11;43,80,8;45,-61,16;47,0,3;48,5,0;50,0,4;59,10,-9;60,9,-15;64,-6,18;65,-2,-5;67,3,9;74,4,13;75,11,-16;83,3,-1;84,1,2;87,1,-8;90,5,8;99,8,1;100,0,-4;106,5,5;108,-4,-2;116,84,38;118,6,9;126,0,-3;127,-72,-44;128,75,27;139,-63,-30;147,10,-3;153,5,4;156,2,2;161,0,-4;164,9,3;165,-7,20;171,19,-18;177,0,-1;178,-2,1;180,1,2;181,10,-7;190,6,17
rua||ari barroso|pedregulho|12514130|22,-2279980,-4519807;26,-1,3;32,1,-1;40,6,-2;48,7,-5;54,1,-4;60,6,-6;66,3,-4;72,2,-4;76,1,1;84,8,-9;88,5,-4;96,1,-4;100,1,-8;108,9,-2;112,1,0;120,4,-4;122,-18,9;130,18,-8;180,-3,0
rua||bandeirantes|vila regina|12522230|5,-2278507,-4516319;13,9,-24;16,-32,6;33,18,19;34,24,-4;35,-34,-3;40,40,-15;41,-4,26;49,10,0;50,-9,-31;55,-2,2;58,2,-16;63,-1,9;66,8,-20;68,-2,10;71,-2,-6;81,0,-10;84,8,-7;87,-2,2;95,5,-9;96,6,-9;105,-11,-4;106,17,3;115,-11,-9;116,8,-4;128,2,-3;133,-6,2;134,11,-16;147,-8,-3
rua||barao da bocaina|centro|12503660|31,-2282623,-4519593
rua||barbara maria barbosa|jardim do vale ii|12519540|1,-2277190,-4519224;5,10,-12;9,13,-4;13,6,-7;14,7,3;17,-4,-6;19,6,-8;21,7,-2;25,5,-5;29,9,-5;33,8,-4;37,9,-13;47,9,-5;49,1,-2;53,28,-19;54,9,6;65,-4,-4;77,33,-4;79,4,0;85,17,-2;89,10,5
rua||barnabe e de barros|portal das colinas|12516070|1450,-2279533,-4519313
rua||bartolomeu bueno|nova guara|12515560|7,-2280555,-4518265;13,4,-2;15,8,-5;25,-10,-6;33,9,-8;43,3,-9;55,-4,-16;81,14,-29;89,3,15;101,4,-14;111,1,-19;119,0,-10;131,0,-2;141,7,-6;149,8,-22;161,-1,-6;171,3,-1;179,2,-12;191,-16,-27;211,29,-8;219,7,11;231,1,-26;241,6,-7;249,-4,-4;261,16,1;271,3,-22;279,3,-3;281,-109,279;289,3,12;291,113,-301;303,2,-15;311,18,-7;323,-4,-4;333,0,-4;341,3,-3;353,6,-13;366,-133,331;370,-5,2
rua||belem|jardim vista alegre|12523600|44,-2278171,-4514675;52,-22,6;62,3,3;70,-5,10;86,-8,7;96,-4,5;116,-13,9;132,-25,2;152,2,18;170,-20,15;180,-3,4;183,2,4;190,-16,8;193,5,3;200,-6,5;203,1,2;210,-9,-4;213,5,4;220,-14,3;223,6,4;230,-5,4;235,2,0;240,-18,5;245,6,10;246,-10,-8;250,0,6;253,9,4;260,-14,-2;261,4,9;269,-12,8;277,-8,2;280,7,-12
rua||benedito gianico bartelega|cohab|12517140|9,-2280089,-4517999;19,3,-4;21,-4,-14;26,8,0;33,-6,-2;38,6,-9;50,3,-12;60,1,-12;65,-11,-5;74,11,9;77,3,-14;86,-1,1;91,-4,-11;94,4,2;102,1,-14;111,-4,-14;114,5,4;125,-5,-21;126,3,12;138,3,-9;139,-5,-14;365,4,-32
rua||berilo|aeroporto|12512280|21,-2278728,-4520865;26,155,35;29,-148,-28;36,-2,-1;38,6,1;41,7,4;46,-3,-3;53,15,8;56,-4,-4;65,-3,1;68,12,3;77,5,-3;78,3,4;84,5,7;89,6,-5;91,0,0;96,6,6;99,-2,-8;106,8,11;109,4,-14;116,7,16;117,-5,-2;124,14,3;130,7,3;142,9,2
rua||berilo|jardim aeroporto|12512280|145,-2278578,-4520834
rua||bolivia|vila brasil|12520330|36,-2279270,-4517204;46,5,-13;47,0,0;56,5,-8;70,0,-4;76,1,-9;81,-2,-28;96,3,7;100,7,-12;106,-1,4;116,1,-7;530,1,-34
rua||bororo|alto pedregulho|12514110|5,-2280181,-4519634;15,-12,9;17,-1,5;21,2,5;27,-10,3;31,0,0;41,-10,0;51,-8,30;54,-3,-29;58,13,1;75,-21,29;76,-7,-18;85,1,25;96,-17,-1
rua||b|chacaras piagui|12519612|90,-2276236,-4520960;350,350,575;862,-266,-407;940,-5,-63;1010,-79,-63;6800,295,448;6807,10,72
rua||b|chacaras piagui|12519620|103,-2276055,-4520800;560,40,217;590,7,13
rua||b|joao daniel|12507330|5,-2281972,-4527369;7,-25,-26;9,27,37;10,-6,-4;12,-22,-40
rua||b|taquaral|12508010|6,-2275254,-4535747;10,-98,-19;51,211,91;71,-20,-15;146,-244,-61;147,-4,11;148,-13,6
rua||carlos andre dos santos barbosa|santa luzia|12510070|5,-2280234,-4524382;7,-14,-6;12,-41,-15
rua||climerio bueno|figueira|12504020|9,-2282030,-4519938;13,6,-3;24,3,4;32,3,-6;33,9,-1;38,-5,3;46,10,-3;50,6,-8;55,2,0;57,-2,-2;58,5,-3;65,5,2;66,7,1;70,1,-2;71,-7,-1;77,6,-1;78,9,-3;79,-3,5;82,1,-11;85,11,9;88,-7,-1;93,7,-1;96,4,-6;97,2,2;104,6,-1;105,-6,-3;111,5,0;118,5,-4;119,2,-7;122,3,8;127,2,-6;128,-1,1;133,8,-3;137,8,-3;143,3,-8;148,8,8;155,-2,-8;156,10,6;157,-1,-5;158,3,4;167,-2,-8;170,6,4;174,1,3;176,4,-7;177,1,-5;179,5,2;182,3,2;191,4,3;192,4,-7;193,-3,-4;195,9,6;196,-6,0;198,9,-4;199,-2,-4;200,7,-5;205,-4,0;208,0,2;211,-4,4;214,13,-7;215,3,0;220,1,1
rua||costa braga|centro|12501420|23,-2281662,-4519553;31,6,-6;40,6,3;48,5,-2;53,7,1;54,0,1;57,4,-6;58,-1,2;61,3,-5;66,14,-5;71,-4,2;84,10,-5;90,1,-1;91,4,-4
rua||dirce carvalho bueno|alto jardim do vale|12519430|5,-2277148,-4518784;6,-63,194;7,-2,28;8,26,-88;9,1,-13;12,32,-107;13,-29,99;15,-13,48;33,22,-102;340,-54,214;364,7,-16;376,-1,-7;388,2,-9;390,5,-4;398,2,-5;400,1,-7;412,-3,-11;420,8,-2;424,-1,-3;436,2,-14;448,2,0;460,6,-9;484,3,-24;496,6,-10;508,1,-7;532,5,-17;550,-3,-18;568,11,-7;580,6,-16;592,-6,-8;604,9,-6;628,8,-27;640,6,-7;652,1,-7;676,7,-27;688,1,-1;700,4,-6;712,1,-12;724,5,-7;736,5,-11;745,-8,-4;748,8,-12;772,12,-20;784,-2,-7;796,3,-11;802,8,-11;832,4,-15;840,-3,13;844,0,-5;845,-6,-5;847,1,-8;855,1,-5;856,13,-5;867,-8,-5;868,12,-8;892,5,-22
rua||dos babacus|clube dos 500|12523390|38,-2279464,-4514964;39,5,12;52,-9,14;53,6,-2;67,2,16;109,2,44;150,-5,36;164,4,7;179,14,17;180,3,-4;193,6,25;198,-8,-1;206,3,8;207,9,0;216,0,22;226,7,9;234,7,12;263,10,5
rua||florencio bernardes|parque do sol|12518170|21,-2278430,-4518508;45,-8,2;47,8,-9;81,78,148;95,0,-8;109,-1,-11;319,-21,147;321,13,-5;331,15,-24;378,-298,-373;386,6,-2;398,4,1;410,9,-1;416,8,-4;436,17,7;448,10,-2;450,14,-8;458,0,2;460,6,4;470,7,-3;480,21,-19;490,-3,19;514,9,-4;526,12,2;562,36,2;570,13,-4;580,13,1;592,7,-1;612,17,0;622,16,-1;626,-10,1;638,18,3;642,-8,-2;676,-9,135
rua||francisca de oliveira brito|jardim franca|12510546|6,-2279649,-4523564;9,5,-5;14,5,7;17,4,3;22,4,11;25,2,-12;30,0,8;33,8,1;38,-5,8;41,11,-3;46,0,0;49,12,3;54,2,0;57,-2,1;62,3,1
rua||guilhermina rodrigues alves bittencourt|vila conselheiro rodrigues alves|12511160|35,-2280248,-4520625;75,7,-33;95,31,-5;105,8,-13;115,5,0;125,6,-11;151,22,-14;152,-87,99;161,93,-107;171,7,0;187,3,-10;195,15,-3
rua||helio benetti|jardim do vale|12519210|6,-2277792,-4518562;14,1,-3;15,-14,-8;22,11,-3;23,-16,3;26,16,-8;30,-1,-5;31,-12,1;42,9,-9;43,-9,3;48,10,-15;54,-1,0;55,-8,7;60,8,-15;66,0,-4;67,-12,8;78,14,-14;79,-14,0;84,9,-5;86,-3,-5;87,-7,1;92,11,-8;94,0,-5;95,-10,2;96,6,-6;102,-2,6;103,-7,-13;108,13,3;110,-1,-11;111,-11,6;115,-2,-9;122,12,0;123,-9,-8;134,7,-6;135,-11,-6;142,7,-4;147,-10,2;148,14,-8;153,-12,-2;154,9,-7;159,-10,1;166,9,-9;171,-16,-12;180,16,5;183,-11,-4
rua||joao batista|bom jardim|12508280|13,-2278949,-4526822;30,7,28;37,-5,-66;61,-2,34;173,23,-129;205,-2,-13
rua||joao matias barbosa|residencial village santana|12513435|46,-2277205,-4519647;47,-7,-2;58,14,6;59,-3,-12;70,13,1;82,15,-5;107,12,-22;118,16,5;119,-6,-15;130,13,11;131,-6,-10;142,11,3;155,7,-13;167,12,-10;191,22,-10
rua||jose amilcar bedaque|jardim rony|12506320|26,-2280185,-4521206;27,8,2;38,0,10;39,-1,-5;50,5,10;51,9,7;62,0,10;63,-1,-6;74,2,7;75,6,0;86,68,71;87,-63,-64;98,1,11;99,5,-3;110,-5,2;111,14,8;122,-1,7;123,8,0;130,-6,2;135,10,5;138,4,6;146,-3,3;147,3,-6;154,10,13;155,2,0;162,2,9;170,8,2;171,11,-1;178,-6,9;196,9,7;204,8,3;251,-111,-126
rua||jose bonifacio|centro|12500030|19,-2281643,-4519283;23,47,-30;27,-27,37;40,60,-74;46,-2,-2;50,-4,-2;54,-1,-3;56,-9,-17;60,16,12;61,17,8;62,-60,56;63,58,-60;67,6,-8;68,-6,-6;71,8,3;74,-2,0;76,11,-2;79,2,-13;84,-4,8;92,6,-6;93,2,3;103,10,-4;107,-2,-6;109,6,4;114,9,11;118,-6,-10;119,2,-3;121,-3,-3;123,2,-1;128,12,-13;154,14,-14;160,25,8;164,-17,-3;170,3,-5;176,6,-1;178,1,-8;180,4,3;182,1,0;184,5,-2;202,14,-9;216,13,-17;250,18,-4;256,-10,2;260,18,-12;268,4,-7;270,3,-2;271,-4,4;274,6,-2;280,11,1;281,-3,-10;285,1,1;288,4,-4;293,0,4;295,2,-6;297,-10,-1;298,13,-4;299,7,5;303,-3,-3;309,0,-2;312,13,-4;319,0,-2;323,1,-4;326,9,-4;342,17,14;343,-9,-23;350,12,18;358,5,2;364,2,6;368,4,4;371,-3,4;374,10,1;378,8,2;379,-7,-6;388,7,4;395,-5,16;405,7,-3;409,0,6;411,-6,5;413,13,-9;419,12,-1;425,-3,12;435,10,-4;852,-52,-50
rua||jose bonifacio|centro|12505010|151,-2281483,-4519400;153,5,-2;157,1,-4;159,6,2;161,1,-4;163,-2,-4;167,1,7;173,9,-10;177,2,1;187,2,-8;203,9,-16;221,7,-9;227,15,-5;241,17,-5;247,2,3
rua||jose da silva broca|residencial santa barbara|12502599|18,-2282147,-4517451;26,-7,11;34,-4,14;35,11,1;42,-7,6;43,4,7;51,-9,9;58,-7,1;59,7,-2;75,-26,22;82,16,-12;83,2,21;90,-17,5;91,11,5;98,-11,9;99,6,0;104,-1,12;114,-13,-2;115,2,3;122,4,12;123,-12,-2;128,-4,5;136,7,10;140,-17,14;152,18,23
rua||jose de franca barbosa|sao francisco|12509260|8,-2279929,-4521846;20,2,12;32,5,9;40,-3,6;56,1,27;61,5,-9;64,-3,11;69,9,-3;76,-6,12;77,8,4;84,-9,5;85,16,4
rua||jose jorge boueri|jardim rony|12506340|20,-2280093,-4521259;23,12,2;32,-4,3;35,8,0;44,9,20;47,4,-2;56,-13,0;59,15,4;68,-1,4;71,8,4;80,-10,-1;92,7,12
rua||jose lemos barbosa|sao benedito|12502110|5,-2281917,-4518690;18,-47,0;20,-5,0;21,-12,-9;25,5,5;28,20,10;29,-15,-13;30,-3,1;42,27,22;44,-5,-3;56,-22,17;60,2,-3;68,-2,4;87,39,-33
rua||jose tomas brum|chacaras vitoria|12522380|15,-2277882,-4516165;30,101,116;32,-3,-6;45,-19,-23;51,13,16;105,-34,-35;155,-22,-30;163,-47,-73;164,-5,7;165,13,12;185,21,22;189,14,18;191,20,-14;244,32,88
rua||lima barreto|vila bela|12522530|9,-2277692,-4514946;22,16,13;37,4,11;39,7,4;42,-2,-2;43,8,1;50,-7,6;55,5,8;60,12,11;65,-4,-8;81,7,8;93,3,6;95,5,10;97,0,3;105,15,8;108,-7,-2;116,4,7;117,11,6;118,-11,-6;122,11,6;125,-14,-19;130,15,27;133,-1,-2;141,11,15;152,-5,3;170,21,21;177,6,7;195,-12,-23;199,3,5;215,5,10;239,6,17
rua||luiz carlos batista|jardim espanha|12510566|3,-2279864,-4522992;4,2,-5;10,-5,-12;11,-4,15;18,-2,-11;19,-5,14;26,-6,-18;27,4,12;34,-6,-15;35,-8,13;42,-7,-13;43,7,5;50,-6,-5;51,-16,0;58,6,-2;59,-2,7;64,-3,-12;67,-8,6;74,0,-7;75,-6,12;82,-7,-11;83,2,9;90,-5,-8;91,-4,5;98,-5,-11;99,2,6;106,-8,-8;107,-4,7;114,-6,-10;115,-3,10;122,1,-11;123,-12,8;130,2,-13;131,-6,7;139,0,-2;147,-16,5
rua||manoel alvim tacques bittencourt|vila molica|12512130|33,-2278921,-4521071;45,6,-8;57,10,-8;69,8,-5;75,4,-7;79,2,0;87,7,0;91,5,-5;95,5,0
rua||maria antonieta de barros bindao|jardim do vale|12518500|26,-2277758,-4518217;27,-12,2;567,2,10
rua||maria da conceicao duarte brum|chacaras vitoria|12522390|244,-2277735,-4516175;385,45,27;401,15,2;433,20,11
rua||maria de lourdes da silva borges|pingo de ouro|12510380|2,-2278294,-4525611;22,-4,-21;68,48,36;104,-46,-25;424,14,78
rua||olavo bilac|centro|12500140|20,-2281375,-4519355;21,-8,-5;23,16,-8;25,-16,12;27,8,9;29,5,1;31,0,0;32,7,2;34,-6,13;36,12,-18;37,-6,31;39,-14,-6;53,7,5;216,-7,-42
rua||olavo de bastos|jardim rony|12506020|30,-2280559,-4520852;31,2,3;42,-8,-1;43,-1,8;54,-10,-2;61,-1,11;70,-10,-5;82,-5,2
rua||oliveira borges|santa rita|12502480|35,-2281410,-4518060;45,10,-6;50,13,14;55,-4,-20;60,18,20;67,-19,-21;70,24,18;73,-17,-19;75,6,-4;80,16,23;90,15,-13;104,15,3;105,-32,-18;108,28,17;110,5,-6;112,5,6;115,-27,-17;116,31,6;121,-24,-10;125,2,-1;127,6,-4;133,1,2;173,-51,18
rua||pedro bittencourt|vila paraiba|12515730|16,-2280709,-4518795;32,5,-7;46,-6,-12;60,7,-20;65,-13,0;74,12,-5;75,-10,-11;86,9,0;100,-2,-16;101,-7,6;114,11,-28;127,-4,1;128,-1,-17;135,-6,3;142,6,-10;156,-5,-6;180,10,-21;184,-1,-12;198,-1,-14;220,3,-31
rua||quintino bocaiuva|nova guara|12515505|64,-2280925,-4518116;72,4,-2;80,17,-2;85,8,4;102,4,0;112,5,2;122,15,-5;132,7,12;133,3,-9;141,10,1;142,1,0;150,6,8;151,-1,-5;155,5,-3;161,6,-1;167,3,-3;173,0,-2;188,1,15;193,43,7;194,-33,-8;198,20,8;199,-3,-2;202,-3,6;204,15,-1;211,57,-1;216,-45,3;223,-1,-11;232,2,0;233,2,3;242,5,3;243,9,-6;250,9,2;253,3,-3;260,7,8;263,0,-6;269,4,7;270,7,4;275,-4,-2;280,7,-1;285,-1,-8;290,10,9;291,-3,-5;300,14,-13;301,-3,17;304,7,-3;308,1,6;312,1,5;313,5,-9;319,4,-2;320,9,7;323,-3,-7;351,25,-4;355,4,1;364,10,21;365,-5,-17;368,-1,12;371,2,-3;372,-1,2;378,21,-2;383,-1,-2;392,-2,9;393,9,-11;400,0,8;402,2,6;405,-2,-14;406,15,5;411,-4,11;420,1,-1;421,9,-1;443,-19,-9;444,43,2;447,-6,0;449,12,2;458,5,2;465,20,1;468,-13,-8;469,10,4;478,1,4;479,11,8;486,-9,1;495,14,-8;496,2,11;499,11,-14;502,-11,10;509,18,-8;510,-11,14;514,7,-7;520,4,-2;521,5,-11;530,-11,13;535,35,0;540,-4,-1;542,14,-6;545,-6,9;552,13,6
rua||rafael brotero|centro|12500300|5,-2281686,-4519029;9,-3,6;19,-2,-8;20,-5,6;23,-6,-2;25,0,-5;32,-14,7;35,6,-2;42,-17,-2;44,-5,5;45,-132,13;47,7,4;51,123,-17;60,-7,5;61,-137,21;63,144,-27;68,-11,3;75,-145,27;80,137,-23;82,-5,-4;84,-10,0;91,2,2;92,-6,0;94,-70,11;101,72,-7;104,-10,0;114,-8,-7;115,10,12;124,-13,-5;127,3,3;130,-10,-5;131,-2,8;134,-4,-8;138,1,2;142,-10,1;143,6,5;151,-6,-7;154,-13,-3;158,3,16;159,-9,-17;163,-5,-3;164,9,20;165,-8,-17;171,2,9;178,-4,14;186,-17,-6;197,9,-2
rua||raul barreira|vila conselheiro rodrigues alves|12511170|17,-2280163,-4520538;21,-18,-26;22,17,12;26,-4,-2;33,0,4;37,-17,-14;38,13,3;42,-6,-7;49,-9,-1;53,-8,-2;54,15,-2;58,-7,0;65,-14,-9;69,-6,-8;70,13,5;74,-7,-8;81,-14,-1;85,-4,-11;86,13,3;90,-7,-4;97,-11,-2;101,-9,-12;102,10,4;106,0,-3
rua||ruth barbosa|beira rio|12517500|6,-2279400,-4518402;14,-10,-7;22,14,6;30,-25,-23;38,41,24;50,10,-3;62,7,1;74,11,-1;86,11,-6
rua||ruth bittencourt|santa clara|12509500|9,-2279644,-4522318;10,-7,-5;17,3,6;20,-2,-2;24,-12,6;25,2,0;31,-8,13;36,-6,-6;43,4,5;44,-5,-1;51,-7,11;52,1,-11;59,-13,12;60,2,-3;65,-4,6;68,-2,-1;72,-9,5;73,-3,4;80,2,4;83,-7,3;87,-3,3;92,-1,-6;94,-10,7;99,3,4;103,-8,1;104,3,-1;113,-4,4;117,-8,5;119,-3,7;122,0,-16;128,-3,5;129,-4,8;137,-6,9;138,3,-12;143,-14,14;146,4,-5;153,-14,9;154,6,-6;158,-2,2;161,-8,10;169,-10,5;170,10,-8;178,-12,6
rua||vital brasil|aeroporto|12512450|24,-2280212,-4521164;30,313,233;42,16,8;76,31,8;84,14,-9;94,0,6;104,13,-5;114,8,4;124,25,-23
rua||zacarias boveri|chacara selles|12505512|32,-2281832,-4520047;44,25,8;68,-23,-44;92,-61,-5;104,13,-29;116,-4,-17;140,-16,-10;152,-5,-8;176,-15,10;212,-26,-75;224,-7,-3;248,-15,-6;284,-12,-38;296,-15,-9;368,-33,-52;480,17,26
travessa||beta|santa rita|12502430|28,-2281363,-4518343;30,2,0
travessa||tereza bezerra barreto|jardim do vale|12519015|15,-2278032,-4518122;88,-11,9;90,-2,-4;96,3,18;100,-1,6;248,-2,-37;270,8,-2
