alameda|doutor|levy cornetti velloso|cohab|12517260|7,-2279792,-4518072;15,-2,-5;27,10,-4;50,6,-32;51,-12,-14;62,12,-12;75,-12,5;86,14,-5;87,-16,0;98,13,-11;99,-15,-8;110,16,-5;111,-13,0;123,-1,-13;130,10,-8;142,0,-14;232,4,-84;241,-14,-16;242,9,6;253,-7,-18;254,10,0;266,0,-3;280,-1,-11;287,-9,-9;288,13,-10;300,-8,-10;312,3,-12;319,-9,-5;320,9,0;333,-11,-6;345,-1,-12;346,10,-10;357,-10,-4;365,-1,-16;404,9,-31;405,-7,-2;417,-2,-8;430,13,-16;437,-14,4;438,12,-6;450,-4,-14;451,-8,-3;462,6,-12;465,-9,-5;470,12,-6;478,2,-7;490,-5,-19;591,-4,104
avenida|presidente|getulio vargas|nova guara|12515320|4,-2280946,-4518049;10,2,4;12,9,7;18,9,0;26,3,9;1075,-223,-369;1077,1,-4;1085,-2,12;1095,7,-4;1103,7,14;1155,30,32;1163,-5,23;1171,6,8;1191,12,10;1375,160,175
avenida|presidente|getulio vargas|vila paraiba|12515320|14,-2281087,-4519420;15,-15,12;32,9,0;35,-9,19;37,2,2;41,-1,2;45,-2,3;49,-9,11;55,6,6;65,-4,6;79,0,19;135,-25,28;151,3,27;167,0,28;200,-18,3;305,-6,118;315,-8,3;345,3,39;373,-1,16;381,-3,11;391,1,9;425,0,45;441,-1,8;449,0,3;459,-5,10;479,-3,20;505,-4,48;535,2,20;545,0,13;555,-3,6;567,0,6;595,11,14;611,-15,25;621,-4,10;631,-3,15;639,3,13;661,0,14;707,-5,42;721,10,8;787,-10,59;863,-2,34;915,1,42;921,1,5;933,2,20;941,-4,4;947,0,22;953,2,11;961,3,10;969,3,12;981,2,21;991,-4,10;1001,7,9;1025,0,9;1039,14,20
avenida|professor|breno viana|santa rita|12502265|149,-2281310,-4518356;309,-14,-86
avenida|professor|breno viana|sao benedito|12502265|20,-2281352,-4518785;38,2,18;64,0,44;80,5,-1;82,2,2;84,1,12;86,0,0;92,0,13;102,-2,9;114,4,8;124,-5,-11;130,14,25;138,8,3;146,-4,9;152,-4,3;160,3,-1;162,0,18;164,4,-6;166,-8,9;174,7,11;180,-1,-2;188,-6,10;194,-1,10;198,6,1;199,-1,-30;212,-5,53
estrada||montes verdes|parque das garcas|12524899|1005,-2280160,-4524981;1885,12,27;1893,4,-6
estrada||ventania|piloes|12512305|25,-2267402,-4530193;39,0,-8;46,25,-189;84,-21,207;100,-7,-134;109,71,-133;993,-52,-150;1904,-99,-926;3000,258,-405;23000,-401,695;902123,220,539
rodovia|prefeito|aristeu vieira vilela|tres garcas|12522010|400,-2278021,-4515428;1800,-10,-8;2450,-75,-188;18200,215,257
rodovia|prefeito|aristeu vieira vilela|vila bela|12522010|183,-2277188,-4515234;2426,492,188;3140,-670,-97;3500,665,45
rodovia|prefeito|aristeu vieira vilela|vila regina|12522010|1735,-2278305,-4515925;18500,727,646
rodovia|prefeito|aristeu vieira vilela|vila sao jose|12522010|14,-2280260,-4517211;16,-92,29;25,-28,2;37,10,-3;43,0,-3;46,16,8;58,20,-7;66,11,-7;71,-12,6;81,1,-23;88,16,12;96,11,-5;106,13,1;116,1,-12;122,6,3;126,7,5;136,12,-1;163,25,-17;184,17,4;207,30,-23;215,7,-3;219,11,-1;225,-1,-14;226,-21,29;234,23,-10;246,16,-8;250,-7,-8;256,14,-5;264,1,-2;272,9,-5;275,3,-2;282,12,-9;336,53,1;360,6,2;380,7,-1;390,22,13;395,-59,-25;400,57,12;405,-50,-8;410,59,0;416,8,-5;475,-19,4;477,17,-8;513,19,0;523,9,0;526,-7,6;530,15,-1;534,20,15;540,-7,-15;552,8,15;556,18,-8;562,-8,-9;577,10,-10;578,-9,12;583,16,-13;588,2,13;595,13,-12;596,3,5;601,63,1;606,-33,3;1605,823,512;1615,15,24;1617,12,18;1619,-2,3;1635,-44,-65;1709,475,427;1715,-412,-346;1725,1,7;1755,10,15;1757,49,-11
rodovia||paulo virginio|areiao|12503839|79,-2287840,-4516417;95,-369,360
rodovia||paulo virginio|cordeiro|12503790|120,-2293152,-4510458
rodovia||paulo virginio|coronel tamarindo|12503839|6,-2283183,-4518386;10,-33,36;11,32,-3;12,-48,19;4810,9,-9;5937,35,-57;6723,-51,72
rodovia||paulo virginio|engenho d agua|12503790|520,-2285872,-4518069
rodovia||paulo virginio|estrada do paiol|12503839|100,-2287970,-4515614;130,-453,-173;180,-148,-19;190,14,2
rodovia||paulo virginio|estrada manoel castro guimaraes|12503839|75,-2287757,-4516577
rodovia||paulo virginio|estrada paulo virginio|12503839|1000,-2289612,-4514866;9800,346,-248
rodovia||paulo virginio|guaratingueta|12503790|1,-2295633,-4509182;2,10848,-8208;3,-3053,999;4,-7814,7219;5,-7,0;6,4412,-4218;7,-4400,4212;8,-1,-2;9,14,-6;10,7,-7;12,11856,-8960;22,-9124,10193;23,-316,168;24,-815,1490;53,7740,-11512;55,-10,20;300,3052,-728;1920,-903,389;1940,411,-115;1960,-99,25;1990,279,-72;2000,-88,-14;2320,-90,168;2330,80,-54;2820,-91,57;2920,-50,-3;3000,-57,52;3051,15,-3;3220,188,-125;3333,-826,-224;4000,-721,548;4500,1268,-212;5000,-1252,127;5100,-1050,155;5200,-4,6;5300,-371,125;5500,176,-55;5600,-89,7;6500,-82,50;22200,-6355,9811;22500,-1173,-216;23000,942,309
rodovia||paulo virginio|guaratingueta|12512550|5450,-2286428,-4517782
rodovia||paulo virginio|pedreira|12503790|111,-2282393,-4519246
rodovia||paulo virginio|rancho do pinheiro|12503839|2020,-2289351,-4511467
rodovia||paulo virginio|rocinha|12503790|2,-2292302,-4508065;8,9965,-11350;10,23,-26;13,-43,73;17,-174,120;19,23,13;25,-1,0
rodovia||paulo virginio|rodovia paulo virginio|12503839|1300,-2283569,-4518270;2319,-67,70;2323,-8,0;2662,-284,160;2700,-446,-210
rodovia||paulo virginio|sao jose|12503839|650,-2285152,-4518135;680,-56,61;4199,-110,-423
rodovia||paulo virginio|sape|12503790|24,-2294026,-4506302
rua|coronel|virgilio|centro|12501240|7,-2281734,-4519214;9,24,-36;13,8,17;15,-29,21;17,-6,-13;19,9,-23;21,-26,42;29,0,-25;33,-2,-8;35,14,-24;37,-8,31;39,-20,18;41,16,-12;49,-13,-6;58,-5,-7;64,4,-8;66,-10,9;71,-1,4;72,4,-16;78,-13,-7;83,5,3;86,-1,-5;89,20,1;93,-33,3;112,-6,-17
rua|dom|joao vi|guaratingueta|12515495|359,-2280576,-4518025;369,4,-1;379,11,5;387,10,4;393,2,-2;399,9,5;403,14,-19;417,6,19;423,4,1;427,8,-8
rua|dom|joao vi|nova guara|12515495|1,-2280954,-4518068;9,10,0;17,10,-1;29,12,5;30,-2,9;40,-2,2;41,11,-11;50,13,8;51,-1,-5;57,6,-3;60,2,4;65,5,-1;67,3,0;70,-3,3;77,14,-5;88,2,9;89,4,-7;100,7,6;101,9,-3;102,-4,3;108,2,4;109,3,-6;151,131,73;152,-92,-64;154,4,0;155,90,60;156,-81,-60;158,6,6;159,75,54;160,-71,-59;161,71,59;164,-63,-57;167,63,57;168,-57,-59;171,57,61;175,18,6;179,-65,-70;180,-1,6;185,6,-5;186,-1,7;189,11,-1;190,2,2;193,4,14;194,-4,-18;195,8,0;197,4,-3;199,14,3;204,-14,3;206,12,0;208,4,8;211,7,-5;216,13,-4;219,-8,7;225,8,-1;230,8,-1;233,-7,0;255,9,10;260,21,5;263,-2,-17;266,9,13;269,4,-12;272,3,7;275,3,-4;278,7,2;285,-2,4;291,2,-1;297,7,-5;298,3,2;308,9,12;311,4,-9;315,-6,4;318,8,0;319,-1,-4;321,5,-2;326,1,1;332,3,3;336,9,0;338,14,1;348,1,9;366,10,12
rua|doutor|alair veloso|portal das colinas|12516210|22,-2279916,-4519210;36,-8,5;88,-34,37;100,-4,7;112,-8,8;150,-22,21;162,47,-38;176,-65,54;194,-14,15;665,71,-47
rua|doutor|teotonio vilella|portal das colinas|12516130|17,-2279978,-4519039;22,-19,-3;30,12,13;37,14,-1;54,4,22;65,17,-6;66,-6,9;78,5,10;90,8,10;102,3,8;114,2,32;163,5,26
rua|expedicionario|jose venancio|jardim do vale|12519360|7,-2277438,-4518559;8,5,2;19,-4,5;20,-4,-5;31,4,15;32,-6,-9;38,0,6;43,1,15;44,-5,-9;54,0,4;55,5,4;60,-6,10;68,-6,2;70,-1,3;79,5,10;80,-3,-7;91,2,17;99,-8,13;107,2,-1;108,-8,5;111,4,6;115,-3,6;116,2,-7;124,-5,6;125,2,11;128,-6,-7;130,-3,10;131,6,8;132,-6,-8;135,5,18;139,0,2;140,-10,-12
rua|major|jose roberto vieira|vila indiana|12511437|46,-2279540,-4520969;56,-3,17;64,5,7;76,9,9
rua|major|jose salles vilela|engenheiro neiva|12521040|31,-2279081,-4516914;41,16,-12;51,-5,-15;63,9,6;73,2,-3;81,11,-24;91,1,-3;105,2,-5;127,-4,-14;129,9,-9;137,-4,-12;187,28,-61;190,-4,19;191,-9,-5;194,6,-4;196,13,-8;206,-14,40;208,-11,38;210,28,-86;215,-12,28;218,10,-35;232,6,-14;242,7,-14;248,10,-2;251,-14,-3;256,10,-5;257,-10,0;258,6,-2;262,7,-10;263,-8,0;270,15,-20;275,-16,17;280,16,-19;284,5,-8;287,-15,18;288,17,-24
rua|padre|antonio vieira|vila paraiba|12515430|22,-2281069,-4518586;34,0,10;41,13,10;51,3,9;54,-16,-7;71,19,19;81,1,16;91,9,6;94,-19,5;101,12,9;106,-12,-7;109,15,10;112,-14,8;120,6,0;121,11,7;131,2,10;134,-15,-1;141,20,-14;143,-10,48;148,-10,-26
rua|professora|dulce selles vieira|chacara selles|12505509|20,-2281598,-4520287;26,-24,11;41,11,9;46,-21,3;49,-6,6;52,-8,-6;64,-8,3;65,-4,12;76,0,-11;79,-9,14;91,-13,5;103,-10,5;112,-4,-8;139,-22,20;148,-7,-10;151,-6,15;160,-7,-7
rua|professora|terezinha elias franca vilela|chacaras piagui|12513420|25,-2277404,-4520323;33,-6,-7;41,6,-7;49,0,-15;57,2,-10;65,-1,-13;73,6,-4;81,1,-6;89,-2,-20;97,2,-3;105,5,-10;113,-1,-14;121,-1,-10;129,5,-13;137,5,-8;145,-3,-3;153,0,-16
rua|professora|terezinha elias franca vilela|residencial village santana|12513420|17,-2277406,-4520309;34,8,-17;40,3,-17;48,3,-5;58,-4,-11;66,5,-9;74,-3,-16;82,0,-12;90,1,-5;98,7,-11;106,-3,-5;114,-1,-7;130,10,-32;618,-13,140
rua|professor|egberto vana|pingo de ouro|12510235|34,-2277537,-4524850;40,-11,-4;42,-3,-12
rua|professor|jose gouveia vieira|figueira|12504080|2,-2282191,-4520357;8,-3,3;14,-6,11;20,-10,2;32,0,13;38,7,0;44,5,-4;50,-2,-7;56,6,-6
rua|suboficial|osvaldo assis veloso|residencial village santana|12513568|17,-2276894,-4519903;33,-9,0;49,-15,-2;65,0,0;81,-16,-2;97,-4,0;111,-12,0;129,-8,0;145,-18,0;161,-10,1;177,1,-3;663,87,11
rua||aminadabio marinho vieira|santa luzia|12507320|9,-2280726,-4524340;11,5,-7;18,4,6;25,6,-15;26,5,6;30,5,-7;33,-8,-9;34,6,-3;41,5,-3;44,6,-1;45,-6,-5;48,8,3;49,-2,-5;50,5,2;57,1,-9;62,8,0;65,-2,-7;70,16,-7;73,-11,-5;95,11,-7;98,5,4;105,0,-8;106,6,3;114,7,-5;117,-2,-8;126,8,3;138,6,-6;141,-1,-8;153,13,-3;160,1,-4
rua||antonio franca veloso|jardim rony|12506070|19,-2280479,-4520897;22,3,-11;27,-7,3;35,-9,-10;38,6,-8;43,-9,1;46,7,-8;51,-14,-3;59,0,-5;62,6,-8;67,-11,1;75,-9,-12;78,9,-7;83,-12,0;86,7,-12;94,-3,-4;99,-5,7;114,-8,-27;122,-3,-11;125,-11,-4;130,-2,-23;133,-1,15;141,-1,-3;146,-1,-15;149,-6,2;154,2,-10;157,-8,0;162,3,-7;165,-4,4;170,1,-15;173,-9,1;178,7,-3;181,-8,-5;186,3,-12;189,-8,6;194,3,-8
rua||antonio jose veloso|centro|12501140|16,-2282116,-4519387;20,0,0;23,8,1;25,-8,2;27,-10,4;28,11,0;33,-19,3;35,5,4;36,-3,-2;43,-6,8;56,-1,-2;89,-19,39;95,-7,1;100,0,3;107,-1,5;109,3,6;116,-6,4;119,2,5;120,-3,-3;123,3,8;126,-13,-2;134,-6,9;135,11,2;141,-5,5;147,1,6;151,-8,-1;157,-3,4
rua||arnolfo vieira|parque do sol|12518050|11,-2278973,-4518383;17,7,-2;23,5,2;26,-6,7;35,13,-11;38,-9,12;43,17,-10;45,2,1;46,-4,10;57,13,-10;58,-5,10;69,11,-9;70,-6,6;71,10,-8;78,2,7;81,2,-10;90,7,10;93,5,-10;98,6,9;101,6,-7;102,3,9;109,2,-12;110,0,12;118,9,0;121,4,-10;129,3,-1;130,1,15;138,3,-7;141,9,-11;142,-7,9;149,20,-12;150,-4,11;157,11,-6;158,-10,5;169,16,-8;170,-6,12;172,3,-5;177,14,-8;182,-8,8;185,12,-6;191,8,2;192,-10,5;199,15,-8;200,-1,7;212,8,3;222,7,1;223,4,-10;230,5,7;231,1,-10;238,4,7;242,7,0;243,0,-5;260,21,7;272,8,-1;282,4,0;290,13,5;302,5,-6;382,95,-9;406,7,4;416,9,-1;428,11,3;440,5,-3;452,15,0;459,6,-9;460,4,3;467,0,-5;472,6,9;479,8,-11;480,4,6;487,6,-9;488,-6,9;492,6,2;495,10,-6;496,0,9;503,11,-8;504,1,2;508,0,7;514,2,-4;515,4,-7;522,12,5;523,-6,-6;525,5,4;540,15,8;541,-3,-11;552,18,-1;553,-5,3;558,13,-9;560,-2,10;563,-4,-5;571,6,7;572,9,-1;579,5,-8;580,5,7;585,4,-5;588,3,5;597,9,-10;600,-6,4;609,13,-5;610,1,5;617,4,-5;618,9,11;629,-1,-11;630,13,9;641,-3,-10;642,8,9;653,0,-8;656,9,8;661,-2,-9;663,2,-1;668,6,7;680,7,-2;690,15,2
rua||bela vista|jardim bela vista|12514440|3,-2279794,-4519582;8,-12,-1;11,23,3;19,-3,3;20,8,-27;27,1,33;39,4,12;44,2,5;46,-10,-2;51,21,3;59,10,18;71,6,6;83,6,2;95,5,13;119,15,15
rua||bernardo de vasconcelos|nova guara|12515550|5,-2280592,-4518334;8,6,-2;12,1,-3;15,-12,-5;18,11,3;25,-4,-9;28,6,-2;33,0,-10;38,-8,0;45,10,-8;50,4,-7;55,-4,2;60,4,-4;63,0,-13;68,-8,0;75,8,-1;80,7,-9;85,-4,-7;88,7,0;93,-9,-3;98,12,-4;105,-10,-6;110,7,-6;115,4,-9;118,0,-7;123,1,-2;128,5,-1;153,5,-29;154,1,9;165,8,-16;166,-4,3;173,9,-11;174,-6,7;183,10,-18;184,-1,4;193,1,-3;196,5,0;203,3,-11;206,-3,1;213,6,-7;216,3,-2;223,8,-18;226,-3,11;233,2,-6;236,6,-5;243,1,-6;245,5,-4;246,0,10;253,-1,-9;256,6,1;263,-2,-17;266,5,5;273,3,-13;276,3,3;288,2,-6;295,-7,0;296,15,-8
rua||christiano vieira|portal das colinas|12516440|44,-2280257,-4518421;51,-25,-19;55,29,11;58,1,7;69,11,-4;72,3,12;85,-14,-8;97,40,15;100,-12,2;109,22,-4;112,0,7;124,-6,-10;127,14,9;133,18,5;148,6,6;155,17,2
rua||conceicao aparecida alves da cunha vaz|sao manoel|12512390|161,-2276812,-4520817;183,20,-5;601,-57,20;653,22,-10;655,15,-5;658,12,0;723,-126,37;728,11,-2;733,37,-10;803,44,-4;815,12,-11;827,7,-2;839,39,-11;851,-31,8;863,20,-6
rua||dirce martins vezzaro|jardim franca i|12510544|84,-2279674,-4523383;92,10,10;100,10,1;108,4,1;116,3,0;124,9,3;132,12,1;140,8,2;148,9,5;156,5,1;164,11,2;172,3,2;180,7,2;188,9,1;196,7,1;202,7,1;208,10,4;214,4,-1;220,0,0;226,17,5;232,20,6;240,9,3;248,8,1;256,7,5;264,14,6;272,5,-7;280,8,6;288,6,-1;296,6,6;304,6,0;312,10,3;320,3,3;328,12,1;336,8,3;344,8,-3;352,7,3;360,13,5;368,3,-3
rua||dirce martins vezzaro|jardim franca|12510544|35,-2279704,-4523421;43,8,8;51,5,7;59,9,8;67,2,-2;75,8,9;83,7,8;91,9,2;99,4,4;107,7,1;115,10,3;123,10,-4;131,7,6;239,128,33;247,7,0;255,6,6;263,1,1;271,14,-2;279,8,5;287,6,-4
rua||domingos velho|pedregulho|12515020|23,-2280778,-4519771;27,0,6;35,6,4;41,3,1;45,5,8;52,2,1;55,4,4;57,2,1;63,0,7;64,2,-5;68,3,3;72,1,5;74,3,0;75,-2,2;77,5,2;86,8,10;87,-5,-4;89,3,-1;92,6,4;96,-3,3;99,6,2;107,0,4;109,1,5
rua||fagundes varela|vila bela|12522580|30,-2277908,-4514804;36,6,0;37,5,3;46,-6,6;47,9,-1;56,3,5;57,5,8;58,-5,-3;66,5,9;67,3,3;76,10,3;77,-5,1;83,4,4;87,2,5;97,4,5;107,12,11;108,-16,-20;112,10,17;117,10,12;124,-5,-6;127,17,12;132,-19,9;135,31,6;137,-11,-9;139,-2,-4;172,14,35;178,11,-5;188,-4,15;198,8,8;208,5,15;222,-1,-2;225,20,12;232,0,4;252,12,14;262,3,19
rua||fernandes vieira|nova guara|12515520|12,-2280804,-4518324;18,4,-2;31,12,-9;38,-7,11;46,11,-1;50,-2,-1;51,13,-3;57,3,-7;58,-3,10;59,12,-13;62,-7,19;64,11,3;67,5,-17;72,3,5;77,4,-4;80,-2,-5;81,166,19;84,-156,-20;85,1,4;86,-1,-4;95,11,3;96,-10,2;105,20,-4;106,-6,2;122,8,-1;125,-2,0;129,6,1;133,11,-5;139,7,6;142,35,2;155,-79,1;163,63,-1;166,13,3;171,-3,-4;174,6,-3;184,7,-5;188,-1,15;194,12,-2;204,5,2;214,12,-1;224,8,2;246,5,4;256,11,0;266,1,4;276,17,-5;290,6,8
rua||francisco nunes villela|santa clara|12509720|1,-2279928,-4522549;2,1,1;8,3,-2;16,7,-2;24,7,-10;32,2,-3;40,12,-5;48,12,-3;56,10,-11;64,3,-1;72,-1,3;80,11,-6;88,5,-2;96,4,0;104,6,-9;112,4,-1;120,11,-6;128,6,-7;136,8,-2;144,5,-8;159,20,-19;160,10,9;175,0,-18;176,-4,7;183,10,-10;184,0,9;191,2,-15;192,7,11;199,5,-12;200,6,1;207,-1,-10;208,7,12;215,-2,-12;216,-2,6;223,11,-15;224,-1,10;231,7,-10;232,5,5;238,10,6;239,-10,-16;247,16,3;248,-5,7;255,6,-14;256,2,2;263,3,-10;264,4,10;271,1,-13;272,10,7;279,-5,-12;280,10,12;287,2,-14;288,2,8;295,7,-19;296,8,5
rua||francisco nunes villela|vila dos comerciarios|12509720|7,-2279929,-4522564;15,15,6;23,5,-15;31,1,-2;39,17,-7;47,-4,-3;55,7,1;63,8,-5;71,6,-8;79,11,-3;87,3,1;95,4,-7;103,6,-6;111,9,2;119,8,-12;127,9,-3
rua||francisco paulo de araujo viana|sao francisco|12509250|5,-2279870,-4521738;13,-2,-3;25,-2,-10;33,0,-10
rua||joao verges|jardim do vale|12519300|8,-2277616,-4518453;20,19,9;22,-4,1;28,14,4;36,-1,8;48,22,2;71,14,-1;83,16,11;84,-9,2;95,14,-2;96,-12,-2;103,18,0;104,-8,3;108,9,3;111,12,-2;112,-11,2;114,1,1;119,15,-6;120,-8,11;124,6,4;125,0,0;127,13,-6;128,-10,4;132,12,5;135,6,-6;136,-4,7;143,1,-9;144,6,14;151,-26,-44;152,29,49;155,-70,-75;159,-19,32;160,104,45;171,15,-6;172,-5,5;183,13,3;184,-8,10;188,3,-5;192,8,-2;195,6,-5;196,-3,9;207,11,-2;208,-8,3;215,13,0;219,4,-10;220,-13,12;226,9,4;227,10,0;230,-5,-2;238,15,12
rua||joao vieira|campo do galvao|12505210|5,-2281496,-4519864;8,4,3;14,7,-5;26,7,-3;28,5,1;36,1,-7;38,6,-1;50,9,-2;56,-1,-10;58,14,5;62,-1,4;63,-1,-11;66,6,2;71,8,-1;72,-3,3;77,4,-2;78,14,2;80,-14,-7;81,2,2;86,-6,-4;89,5,-4;90,4,-2;92,9,2;100,6,-2;105,-2,-10;106,7,8;110,-2,-1;113,2,-8;116,5,10;122,8,-9;134,7,17;136,6,-14;138,-15,4;140,11,-5;146,6,-2;152,15,-5;162,-4,-5;163,2,-2;168,11,6;170,0,-7;171,-2,-2;175,7,-1;176,6,4;180,-3,1;185,-2,-10;187,28,-17;188,-16,19;197,29,-17;203,7,-1;209,-7,-15;215,14,20;221,-3,-2;225,4,-4;229,4,-5;230,-13,11;235,20,-14;238,-11,7;241,15,-2;245,-4,3;249,4,-2;252,-9,2;253,12,-1;257,1,-9;261,7,3;265,0,-4;269,9,4;270,-24,-1;273,25,1;277,1,-8;278,-16,7;281,15,-1;285,0,-15;286,-14,8;289,20,0;292,-1,1;293,-2,-14;296,3,13;297,0,-9;301,7,20;305,7,-14;308,-11,1;309,11,-1;310,-3,-4;313,5,0;317,1,-2;321,4,0;322,2,0;325,1,8;329,4,-9;333,-1,-10;336,4,4;337,1,-3
rua||jose ferreira viana|vila molica|12512060|20,-2279242,-4521264;38,6,20;48,5,0;64,3,8;65,-3,-2;166,3,13
rua||jose verza|santa luzia|12507230|5,-2280508,-4524088;13,9,-2;21,-9,-14;61,14,-44;63,-4,-7;73,7,-9;85,4,-3;97,-6,-10;121,7,-19
rua||julio antunes vieira|jardim rony|12506260|21,-2280310,-4521204;26,5,-4;29,103,43;34,-104,-60;37,-8,6;42,6,-11;45,-6,4;50,-3,-20;53,0,5;70,-3,-18;82,2,10;94,-7,-20;106,5,-20;118,-8,-5
rua||juvenal vianna valente|jardim rony|12506080|11,-2280433,-4520931;19,-4,-15;35,-8,-15;43,1,-10;51,-7,-5;59,-10,-2;67,-7,-17;73,-1,-6;81,-6,-5;137,-23,-55;145,-3,-8;161,-11,-17;169,-5,-9;177,-5,-7;193,-6,-15
rua||nazareth vezzaro|santa clara|12509730|260,-2279716,-4522478;320,-22,-46;347,-4,8;395,-55,-93
rua||theobaldo verri|campo do galvao|12505211|3,-2281210,-4520139;23,7,-4;47,20,-15;51,-8,10;55,18,-2;85,31,14;1017,-58,-16;1019,-3,3
rua||venezuela|guaratingueta|12520260|53,-2279242,-4517330;511,-30,-29;512,18,18;514,16,9;517,-32,-21;518,35,29;519,7,5;521,-30,-17;524,-1,-19;528,36,35;529,14,4;531,-38,-22;535,6,6;704,33,16;709,13,3;710,10,3;712,10,2;722,9,1;724,1,0;725,5,-4;727,12,-1;729,5,-1;733,10,1;750,2,1
rua||venezuela|residencial flamboyant|12520260|49,-2279402,-4517526;497,10,41
rua||venezuela|vila brasil|12520260|3,-2279704,-4517473;4,2,1;5,-4,-7;6,-3,0;8,1,6;10,18,4;15,-6,-10;19,2,2;20,9,15;24,65,100;25,-67,-116;26,4,16;33,8,2;41,-7,43;45,8,-59;49,63,70;55,-53,-58;65,7,-6;74,2,12;75,7,-2;78,-5,0;86,17,7;95,0,-6;100,4,9;105,11,-2;110,3,9;115,6,-7;125,15,-7;136,10,21;143,0,-21;146,1,24;147,0,-6;154,12,17;155,-4,-14;165,5,3;166,11,10;175,0,-10;178,6,18;185,-2,-16;191,10,-1;194,1,16;195,5,-7;201,3,0;204,10,1;205,-2,2;215,1,-3;216,11,10;223,-1,-5;226,7,9;235,3,-5;236,6,11;245,3,-7;246,1,6;256,12,5;257,-5,-10;271,9,5;278,14,17;279,-6,-16;285,6,3;286,7,9;287,0,-2;297,3,-5;298,6,4;303,2,-2;307,6,2;308,-1,7;316,13,8;317,-7,-14;324,12,13;325,12,-18;335,-6,14;342,17,17;352,8,-3;357,2,-39;361,-6,26;381,19,7;391,6,2;400,14,21;401,-2,-16;410,19,19;411,-11,-14;415,3,0;417,8,-1;420,6,14;426,12,3;441,-12,-31;446,15,39;451,-14,-20;456,25,17;471,-22,-19;473,9,7;475,1,15;477,11,-11;480,27,20;481,-21,-19;490,20,19;500,13,3;510,13,-3;512,-18,-163;520,-24,36;542,-23,-8;558,102,146;562,1,6;564,8,4;570,5,3;578,13,-1;580,8,5;582,5,2;584,9,0;586,6,-3;594,-1,-2
rua||vitoria|clube dos 500|12523470|22,-2278816,-4515143;361,-39,31;371,0,10;381,-9,3;391,-10,3;401,-24,24
rua||vitoria|jardim vista alegre|12523470|35,-2278624,-4515300;55,-4,-1;69,-12,13;85,-12,10;93,-9,0;101,-6,12;115,-6,5;125,-8,6;179,-36,30;201,-16,14;213,-12,9;227,-9,3;237,-5,2;247,-8,10;255,-15,13
viela||carlos alberto vieira|jardim esperanca|12518410|3,-2278852,-4518210;48,-58,0;54,2,-7;70,16,4;76,5,3;84,7,-4;112,77,14;130,31,15;138,44,11
vila||joao verde|guaratingueta|12512551|482,-2282203,-4519529
