avenida|doutor|lysanias marcellino da silva|centro|13715000|503,-2173442,-4697603;555,-1,53;565,-4,16;574,-9,8;591,4,2
avenida|doutor|lysanias marcellino da silva|itobilandia|13715000|679,-2173471,-4697434;689,-2,11;701,-2,13;711,-2,10;723,-5,13;735,-8,12;783,-6,38;813,-8,22;917,-26,104
avenida|doutor|lysanias marcellino da silva|vila toesca|13715000|694,-2173485,-4697422;710,-4,13;726,-7,5;736,4,16;746,0,9;764,-11,21;774,1,2;784,-8,21;794,-7,8;804,4,7;814,-3,4
avenida|nossa senhora|aparecida|jardim nova itobi|13715000|951,-2173762,-4697271;999,-15,65;1009,-5,9;1011,2,5;1023,-3,7;1049,-5,35;1061,-7,14;1069,-5,15;1119,-3,24;1139,-8,22;1159,-3,21;1179,-3,15;1201,-13,41;1211,3,4;1251,-7,35
avenida|nossa senhora|aparecida|uniao|13715000|1010,-2173805,-4697152
avenida|papa|joao vinte e tres|princesa do rio verde|13715000|965,-2172981,-4697027
avenida||alcides ferri|itobilandia|13715000|111,-2172978,-4697121
avenida||angelo trogiani|centro|13715000|476,-2173040,-4697472;492,-4,15;512,-2,17;517,11,12;522,-18,12;561,14,21;562,-18,-5;586,-1,23;612,-12,19;622,0,15;1083,39,-118;1130,39,-29
avenida||angelo trogiani|itobilandia|13715000|118,-2173104,-4697197;588,32,-126;591,21,-39;598,-24,61;600,-2,0;608,-9,1;621,31,-39;701,-18,72;709,-2,12;735,1,4;742,-18,23;745,16,-6;752,-19,9;757,11,0;762,-6,-1;770,-14,20;777,22,2;788,-19,-2;793,18,17;797,22,20;798,-37,-47;803,8,36;822,-22,17;832,-3,14;842,-7,6;845,12,36;852,-11,-20;862,0,2;865,6,50;872,3,-30;875,-6,42;879,-12,7;882,13,-26;885,-4,36;895,1,10;905,-7,9;913,-5,9;916,-4,-48;926,0,4;935,2,52;936,-4,-39;942,-3,-1;948,-3,25;958,7,8;979,-22,88;1018,0,-47;1028,6,12;1035,-14,57;1038,11,-52;1055,-5,79;1075,-2,10;1085,-8,14
avenida||antonio cardoso|centro|13715000|311,-2173764,-4697539;497,186,57;503,11,-1;517,16,5;529,8,1;652,152,41;655,-398,-110;893,563,163;905,13,2;915,8,0;1007,78,27;1019,4,1;1029,11,5;1035,9,4;1041,5,-5;1049,17,8
avenida||antonio cardoso|itobilandia|13715000|648,-2173448,-4697437;660,9,3;670,9,5;680,22,11;710,0,-4;886,161,53;896,14,-1;906,14,-2;916,6,7;926,5,4;936,11,-5;946,-24,-6;956,37,22;968,15,-3;1004,23,7;1014,19,2;1024,11,8;1034,4,-2;1044,14,3;1054,2,2
avenida||antonio cardoso|vila toesca|13715000|376,-2173679,-4697505;383,11,-5;396,10,2;401,-2,-5;409,17,7;410,-7,14;426,10,-4;438,16,6;447,18,-5;448,-16,16;502,44,6;512,10,1;522,9,6;532,11,2;542,5,5;552,9,-2;562,16,9;572,0,-1;582,11,3
avenida||jose trogiani|centro|13715000|505,-2174150,-4698023
avenida||jose trogiani|nova itobi|13715000|50,-2173821,-4697920;60,18,9;65,-202,-112;71,31,33;79,43,-18;85,46,39;125,99,69;233,107,104
estrada|santo|antonio|santo antonio|13715000|8,-2176904,-4689740
estrada||da barra|corrego agua suja|13715000|500,-2171968,-4697477
estrada||ito 020|zona rural|13715000|26,-2172976,-4696081
estrada||ito 290|fazenda figueira|13715000|9,-2177640,-4689934
estrada||ito 290|pindorama|13715000|252,-2176153,-4684799
estrada||municipal itobi a casa branca|assentamento|13715000|10,-2173718,-4698407;11,-79,-43;12,-39,14;17,-60,-3;18,-48,-53;20,-30,-56;21,-6,-11;23,-9,-35;28,10,-171;29,-5,-38;31,16,-169;32,-2,-11;33,8,-11;36,-18,-55;37,-9,-36;43,-101,-167
estrada||primavera|fazenda primavera|13715000|7,-2177723,-4691544
estrada||sem denominacao 2|nova itobi|13715000|1898,-2172315,-4697294
estrada||vicinal padre gino righetti|sitio barreirinho|13715000|11,-2180262,-4691247
estrada||vicinal padre gino righetti|vila industrial|13715000|615,-2174808,-4697921;625,-12,-1
praca|nossa senhora|das dores|centro|13715000|340,-2173662,-4697664;509,-2,2;535,-3,24
praca||alcebiades pires|centro|13715000|425,-2173640,-4697737;426,-34,-11;434,-3,-1;435,29,17;444,-14,3;445,10,11
rodovia|deputado|eduardo vicente nasser sp 350|lavadouro|13715000|251,-2171542,-4695307
rodovia|deputado|eduardo vicente nasser sp 350|nova itobi|13715000|3,-2174249,-4698186
rodovia|deputado|eduardo vicente nasser sp 350|novo horizonte|13715000|249,-2172731,-4696409
rodovia|deputado|eduardo vicente nasser sp 350|uniao|13715000|246,-2174261,-4697818
rua|capitao|luis machado|chacara giorgina garrido de sousa|13715000|986,-2173779,-4696810;1109,3,58;1389,14,-60;1405,-4,25;1410,-18,-2;1415,13,5;1460,-15,39;1470,-6,15
rua|capitao|luis machado|uniao|13715000|1456,-2173795,-4696700;1457,5,-4;1500,-59,-6
rua|dom|thomaz vaqueiro|uniao|13715000|846,-2173858,-4697141;860,6,9;872,5,11;886,-5,13;898,11,10;910,-3,20;920,3,1;932,6,33;942,-6,-12;950,1,-6
rua|dona|ernestina|uniao|13715000|801,-2174078,-4697136;804,-11,1;811,11,10;816,-3,8;823,7,5;828,-8,4;833,10,7;838,-9,0;845,10,11;848,-12,5;855,10,5;858,-3,3;868,7,9;873,6,-1;878,-9,10;883,9,0;888,-7,13;893,9,0;900,-5,6;905,9,4;915,4,9;922,-6,3
rua|major|damaso ribeiro nogueira|nova itobi|13715000|929,-2173131,-4697633;945,12,7;947,9,2;965,9,8;1003,35,12;1013,5,1;1033,13,9;1159,110,52;1239,42,11;1259,8,6;1279,30,15;1289,15,5;1309,24,13;1343,19,3;1369,17,16;1395,14,9;1405,15,2;1473,86,41;1487,-13,-8;1503,30,14;1513,6,3;1523,10,7;1531,5,2;1533,12,7;1561,78,33;1653,18,-8
rua|padre|vitorio|uniao|13715000|799,-2174033,-4697145;802,-10,1;811,10,8;812,-2,4;821,5,10;824,-6,2;831,13,8;834,-13,-2;846,3,10;856,5,19;874,-2,5;881,10,10;884,-4,2;891,12,15;894,-7,-3;903,8,10;906,-9,2;913,9,7;916,-11,9
rua|professor|alfredo midaglia|centro|13715000|660,-2172944,-4697321
rua|professor|alfredo midaglia|nova itobi|13715000|527,-2172884,-4697457;539,-23,27;545,-13,8;599,0,49;609,-4,7;643,-9,33;651,-3,14;665,0,4;867,-3,19;1157,7,-67
rua|tenente|antonio benedito barbieri|novo horizonte|13715000|1645,-2172652,-4696870;1665,22,6;1675,5,0;1679,2,0;1725,46,10;1735,5,2;1745,8,-2;1765,20,8;1836,-113,-8;1846,9,-5;1856,7,7;1866,-22,-7;1896,59,8;1906,17,3;1936,25,6;1938,0,2;1946,8,0;1956,1,5;1958,13,-3;1966,6,-3
rua|vereador|carlos augusto winesck|uniao|13715000|315,-2173860,-4697015;325,-9,3;345,-15,4;355,-20,3;375,-11,-1;385,-11,10;405,-13,-3;415,-7,9;425,-12,0;435,-11,6;445,-6,0;455,-9,2;465,-11,2
rua|vereador|domingos docema|novo horizonte|13715000|1446,-2172709,-4696850;1456,-8,2;1475,9,9;1486,-25,10;1536,-30,43;1596,-48,47;1806,114,-121
rua|vereador|gilberto venezian|novo horizonte|13715000|2336,-2172677,-4696756
rua|vereador|rodolfo antonio gaddi|novo horizonte|13715000|1656,-2172624,-4696909;1666,6,-1;1676,14,4;1686,5,1;1696,11,5;1726,25,4;1736,7,3;1746,7,3;1756,12,0;1776,7,2
rua||ademar ribeiro|jardim eliana|13715000|1513,-2172898,-4696901;1523,7,3;1531,-2,7;1533,12,-4;1541,4,20;1561,14,17;1571,1,1;1581,12,11;1591,4,3;1601,9,5;1611,2,6;1621,10,11
rua||ademar ribeiro|novo horizonte|13715000|1566,-2172868,-4696857;1578,15,12;1584,6,4;1588,3,2;1608,11,15;1618,9,8
rua||alfredo pioltine|itobilandia|13715000|1003,-2173240,-4696915;1013,16,3;1033,16,0;1041,8,7;1043,5,-6;1048,11,13;1055,-47,-15
rua||alfredo pioltine|novo horizonte|13715000|1036,-2172868,-4696752;1226,-57,-61;1236,16,9;1246,-1,7;1256,8,6;1266,8,9;1276,3,3;1286,7,8;1296,8,3
rua||alfredo pioltine|princesa do rio verde|13715000|1086,-2173034,-4696870;1090,-2,2;1100,79,27
rua||amadeu gozzo|itobilandia|13715000|169,-2173395,-4697248;179,9,-5;189,19,6;196,-23,1;199,25,-1;206,-15,5;216,14,-1;219,13,4;226,-6,-1;229,11,-5;236,0,10;246,47,15;296,8,3;305,14,-5;306,-6,9;310,3,-3;315,10,-6;325,10,1;326,-4,14;335,12,-7;336,8,2;345,4,1;346,-1,2;350,87,30;355,-74,-31;356,-17,7;360,99,27;366,-80,-24;369,3,-6;376,9,12;447,64,11;465,6,-2;470,6,11;471,15,-18;480,-5,22;837,-273,-79
rua||americo de oliveira|novo horizonte|13715000|1845,-2172657,-4696818;1865,13,-1;1885,20,7;1925,42,8;1927,-8,-1;1935,13,4;1955,16,5;1975,16,1;2016,-171,-27;2026,12,0;2036,12,6;2046,2,3;2056,11,0;2066,15,1;2076,5,-2;2106,23,9;2116,10,3;2136,16,5;2146,12,1;2156,11,2;2166,6,0;2186,18,6;2190,-1,-2;2206,16,2;2216,8,4
rua||andre caldeirao|jardim caldeirao|13715000|1440,-2172783,-4697235;1464,18,13;1474,11,-3;1494,15,10
rua||andre caldeirao|jardim rio verde|13715000|1694,-2172593,-4697170
rua||andre caldeirao|nova itobi|13715000|1279,-2172923,-4697285;1284,14,18;1304,3,4;1313,5,-12;1314,3,12;1323,13,-8;1324,1,10;1344,14,0;1354,17,7;1363,-2,-5;1364,5,9;1373,10,-8;1374,-2,10;1383,10,-8;1384,12,15;1393,-2,-13;1403,4,6;1404,7,6;1417,6,-8;1427,8,4;1439,7,5;1479,52,19;1489,15,2;1499,8,6;1509,8,1;1519,8,1;1529,9,2;1579,28,11;1589,9,0;1595,11,1;1609,0,5
rua||andre de santis|itobilandia|13715000|299,-2173466,-4697370;307,15,13;320,-3,4;327,15,-5;330,-1,13;337,11,-6;340,-7,-4;350,10,14;357,13,-7;360,-5,4;382,34,1;392,18,11;422,12,7;452,30,4;462,6,-3;472,-1,3;501,66,23;502,-36,-2;513,17,-3;518,5,3;521,-5,-6;528,62,64;529,-50,-66;538,50,58;547,-29,-54;548,-11,11;558,18,1;563,5,-9;568,-4,15;571,11,-12;578,-1,12;581,8,-3;584,7,6;591,-1,-8;594,13,15;601,0,-14;661,67,23;671,-5,-5;672,-10,16;681,19,-30;682,-3,26;691,7,-3;692,2,8
rua||andre de santis|vila toesca|13715000|28,-2173718,-4697416;31,40,-20;34,-30,7;41,41,1;44,-30,4;53,39,1;56,-30,-2;68,16,0;72,1,6;83,33,5;84,-32,-2;94,15,6;104,13,-2;107,5,-6;177,53,20;178,2,2;187,8,-7;188,-6,10;197,12,1;198,5,17;199,-1,-16;203,-33,-17;207,43,24;212,-6,-8;213,12,-1;222,-8,13;223,14,-8;227,2,5;228,-5,2;237,18,-7;242,-2,12;245,9,2
rua||angelo conti|centro|13715000|634,-2173152,-4697375;653,20,-60
rua||angelo conti|itobilandia|13715000|694,-2173168,-4697315;703,12,6;704,-15,6;707,15,4;714,-22,-1;715,17,2;725,3,18;746,-24,10;756,0,14;763,11,2;772,-12,6;773,5,8;782,-8,1;792,0,14;793,5,0;802,-8,9;803,1,-2;812,-5,14;813,8,3;830,-19,33;835,17,-11;837,-14,36;840,2,-40;845,9,11;849,-5,25;850,-9,-23;855,11,9;864,-17,2;874,0,9;884,2,12;885,10,9;894,-14,3;895,19,3;914,-27,27;935,9,15;945,-4,11;965,-4,9;975,2,3;990,-7,-4;995,1,24;999,-15,47;1000,12,-67;1003,7,113;1005,-16,-29;1010,4,-72;1020,-9,9;1025,-4,78;1051,7,-14
rua||antonio cardoso|centro|13715000|232,-2173807,-4697538
rua||antonio delatorre|novo horizonte|13715000|2255,-2172781,-4696728;2265,10,2;2275,9,1;2285,14,10;2293,6,0;2295,4,-5;2315,18,6;2325,2,1;2345,16,12;2375,49,0;2395,17,3;2405,7,6;2415,7,-4;2465,48,13;2475,12,3;2476,-255,-46;2485,258,44;2486,-258,-43;2496,11,4;2506,6,0;2516,10,-8;2536,20,13;2546,-13,36;2596,68,-25;2606,7,1;2616,14,4;2626,7,0;2630,6,4;2636,1,-4;2646,14,4;2656,7,2;2666,7,0;2676,5,2;2686,12,2;2696,6,2;2698,4,5;2706,9,0;2714,5,-1;2716,2,7;2726,8,-3;2728,5,2;2736,7,1;2738,-2,-1;2746,8,3;2756,9,3;2760,4,-3;2766,2,0;2768,7,5
rua||antonio lopes garrido|jardim eliana|13715000|1427,-2172911,-4697000;1437,1,14;1448,4,0;1457,8,-4;1458,-4,19;1467,15,-2;1468,-7,9;1477,7,-13;1478,-4,15;1487,15,14;1488,-7,-9;1497,11,-3;1498,0,15;1508,-1,3;1517,23,3;1518,-15,10;1527,17,-10;1528,-9,10;1532,9,5;1533,25,16;1535,13,3;1560,-25,2;1570,12,11;1579,12,-4;1580,-11,6;1589,24,-1;1590,-18,7;1599,19,-5;1600,-9,9;1609,16,-2;1610,-9,15;1620,8,9
rua||antonio luis pires|centro|13715000|234,-2173785,-4697595;244,3,7;248,8,11;253,7,-21;254,-19,5;257,26,-4;260,5,6;263,5,-3;266,-5,4;272,10,8;273,-3,-7;323,47,6;343,27,14;370,14,7;378,13,8;392,5,2;402,16,-2;417,11,-4;418,-1,7;434,13,8;435,10,-10;437,11,-1;455,-3,6;475,19,10;478,-3,5;487,15,-4;488,-10,5;491,21,0;511,10,-2;514,0,11;516,-2,1;530,16,2;537,9,-5;552,15,6;565,4,1;575,24,-4;585,-6,4;609,26,11;610,-6,9;620,6,1;630,12,8;637,9,-15;644,3,14;649,12,-10;650,-7,12;656,0,0;658,6,6;661,-1,-16;670,10,9;671,6,-3;690,5,13;708,7,-3;733,34,3;745,10,0;757,7,3;767,8,5;770,-11,2;771,15,2;775,6,-2;793,13,5;803,12,1;813,11,9;852,34,10;853,-1,-9;863,13,8;865,-3,1;866,1,3;877,3,-1;886,5,7;887,14,-5;896,-6,10;902,2,0;911,14,-6;914,2,4;930,16,7;935,-1,-3;941,16,2;944,-10,8;951,13,-8;967,12,3;992,23,13;1010,20,4;1020,6,7;1023,-1,-5;1030,13,6;1033,-34,-17;1035,36,15;1054,12,10;1062,7,3;1133,58,5;1143,16,5;1147,28,8;1163,-12,-3
rua||antonio luis pires|itobilandia|13715000|1124,-2172996,-4697371;1144,-14,-5;1158,16,9;1172,5,-2;1206,31,11;1222,19,6
rua||antonio luis pires|nova itobi|13715000|641,-2172918,-4697349;1280,16,1;1283,3,1;1290,2,5;1299,18,-2;1302,-11,11;1309,14,-12;1319,11,7;1329,12,2;1337,6,2;1354,8,15;1357,5,-9;1359,6,7;1361,5,-6;1365,7,5;1380,-6,8;1383,6,-7;1390,6,6;1393,5,1;1400,9,5;1403,0,-2;1410,6,9;1420,4,-3;1424,2,-2;1427,19,2;1428,-18,-5;1430,7,11;1482,50,12;1487,7,-5;1495,17,8;1498,60,26;1499,-68,-33;1502,-15,10;1503,18,-8;1505,13,7;1512,-13,6;1516,47,17;1522,-36,-14;1525,13,0;1557,27,5;1567,15,5;1572,-11,6;1587,36,-1;1592,-20,6
rua||antonio martins daniel|centro|13715000|220,-2173745,-4697792;234,14,18;244,16,-3;256,2,5;276,20,2;370,65,27;380,20,0;390,14,7;404,10,5;426,25,-4;442,5,11;452,15,6;486,31,1;500,6,19;506,10,-13;512,3,2;518,1,6;524,10,-3;536,5,13;546,7,-4;556,11,4;614,47,12;618,5,-4;628,20,2;632,0,12;638,7,-3;642,3,1;652,5,1;662,8,4;680,16,5;752,56,20;768,10,-3;770,15,8;774,9,6;860,53,13;872,30,15
rua||antonio martins daniel|nova itobi|13715000|249,-2173674,-4697788;261,-1,6;315,23,14;341,23,11;371,18,10;379,21,-1;403,10,4;413,5,11;429,15,-3;453,31,6;463,1,2;471,14,-1;485,14,10;531,33,6;541,4,9;565,20,2;571,10,3;575,1,-4;585,11,3;595,22,8;617,11,5;643,23,2;655,12,10;677,14,-3;683,9,8;701,20,-8;749,13,23;763,17,-2;777,11,5;789,2,10;807,21,-1;831,21,16;847,17,1
rua||antonio pavanelo|jardim caldeirao|13715000|1323,-2172892,-4697213;1331,4,3;1340,1,14;1341,7,-8;1347,8,2;1350,-4,7;1360,8,0;1370,9,4;1380,8,5;1390,11,3;1391,3,-10;1400,3,10;1401,7,-4;1410,9,12;1420,0,-2;1431,16,-7;1440,2,14;1441,7,-12;1450,0,11;1451,3,-6;1460,13,11;1461,2,-1;1470,3,5;1471,3,-9;1481,7,3;1491,12,2;1500,-3,12;1501,7,-9
rua||antonio peluque|jardim eliana|13715000|834,-2172909,-4697046;839,-10,24;841,21,-11;844,-12,6;845,21,-12;848,-13,1;855,-20,10;870,-4,11
rua||aristides rebelato|uniao|13715000|520,-2173972,-4697169;958,91,-25
rua||atilio pioltine|nova itobi|13715000|547,-2172732,-4697379;568,-11,26;576,-4,13;587,8,8;592,-10,4;595,6,16;1430,-30,27
rua||bom pastor|uniao|13715000|1000,-2173842,-4697144;1014,12,3;1020,16,-6
rua||caetano de santis|centro|13715000|568,-2173703,-4697620;578,-9,17;588,-1,23
rua||carmen esposito fortini|jardim nova itobi|13715000|810,-2173732,-4696974;815,-4,34;1159,15,-26
rua||da fraternidade|uniao|13715000|795,-2173950,-4697165;798,-3,1;807,11,9;810,-10,1;817,11,12;820,-10,-4;827,13,7;830,-10,3;839,9,9;842,-7,-1;849,20,16;860,-17,3;867,14,-1;870,-11,14;877,10,7;879,6,2;880,-15,-3;887,13,7;890,-9,7;899,12,3;902,-10,9;909,10,3;912,-14,7
rua||da paz|uniao|13715000|796,-2173921,-4697176;808,10,10;818,4,12;828,3,8;838,0,9;847,12,5;848,-9,0;861,11,9;868,-5,18;873,11,4;878,-22,5;887,21,4;888,-3,-4;898,-1,17;899,7,-5;908,-5,12;911,9,0
rua||do matadouro|nova itobi|13715000|1946,-2172321,-4697197;1948,4,10;1952,6,11;1954,6,13;1956,3,4;1957,-2,4;1958,6,-9;1960,6,11;1962,9,8;1964,3,2;1968,-16,-19;1980,-4,-9;1990,-12,-11;2000,-6,-10;2020,-11,-20
rua||domingos damaceno filho|jardim caldeirao|13715000|875,-2172783,-4697035
rua||domingos damaceno filho|jardim eliana|13715000|892,-2172776,-4697020;1344,-114,-125;1354,-10,20;1364,17,12;1374,8,-4;1384,10,10;1394,9,7;1414,5,7;1424,12,11;1434,8,7;1444,1,19;1454,12,-9;1464,2,10;1484,10,14;1489,7,-1;1498,5,9;1556,26,36;1566,30,8;1576,2,13;1586,6,3;1596,6,4;1606,5,3;1616,9,14
rua||domingos damaceno filho|jardim rio verde|13715000|1583,-2172736,-4696988;1593,11,16;1603,4,-6;1613,8,18
rua||domingos damaceno filho|novo horizonte|13715000|893,-2172687,-4696933
rua||donato panico|centro|13715000|558,-2173687,-4697608;569,8,-8;578,-6,10;579,-3,19;637,-1,52;643,-2,5;736,-30,83;746,-5,9
rua||donato panico|vila toesca|13715000|689,-2173702,-4697494;703,-5,13;709,0,2;713,-2,7;725,-7,17
rua||edher urbano|jardim nova itobi|13715000|500,-2173729,-4697305;520,11,13;522,1,1;524,-1,-1;560,18,32;570,2,8;580,8,9;600,10,13;602,5,6;604,1,1;610,13,1;720,56,73;740,24,33;800,57,16;820,17,19;840,14,-5;850,12,32;900,26,26;940,44,40;960,13,14;1040,55,45;1060,4,11;1100,36,38
rua||edher urbano|uniao|13715000|50,-2173928,-4697554;60,-39,-23;70,40,29;228,26,78
rua||edna aparecida giroldo|novo horizonte|13715000|1079,-2172802,-4696794;1556,8,8
rua||egidio brochado de andrade|centro|13715000|425,-2173223,-4697611;426,0,-10;435,-7,34;436,-9,-38;446,5,19;460,3,17;582,-33,127;624,35,-83;633,-40,133;643,2,10;831,38,-178
rua||egidio brochado de andrade|itobilandia|13715000|586,-2173327,-4697209;673,45,-151;717,-4,49;739,-49,189;782,32,-151;789,3,10;793,17,-91;794,-27,90;799,3,15;806,-9,-1;816,-2,8;817,9,8;843,-11,8;856,-7,36;866,-3,11;876,-7,3;890,11,-24;906,-18,62;916,-4,13;929,14,-3;946,-19,23;949,15,-5;959,-3,9
rua||eloy monteiro|centro|13715000|425,-2173526,-4697714;433,-6,9;440,-15,9;443,16,2;450,-4,-7;453,-1,14;454,-2,-1;464,-2,19;467,1,4;483,-11,41;645,-26,114;647,-4,10;650,-16,-16;690,-2,48;700,6,4;712,-4,14;722,-8,9;732,1,10;742,-2,4;750,1,18
rua||eloy monteiro|vila toesca|13715000|711,-2173596,-4697444;721,-2,13;731,-5,1;741,-1,7;772,-13,27;773,6,8;782,-10,-3;783,7,13;792,-11,-5;793,13,6;802,-12,4;803,6,5;812,-7,7;813,9,10;822,-14,2;823,8,4;832,-11,6;833,12,0;842,-13,11;852,-11,5
rua||fidel lopes lopes|princesa do rio verde|13715000|986,-2173007,-4696962;995,7,14;996,-4,-8;1005,2,17;1006,-1,-7;1015,-3,13;1016,0,-1;1025,-3,20;1026,-3,-4;1035,6,4;1036,-8,2;1045,2,12;1046,-6,0;1055,3,13;1056,-4,-4;1065,7,12;1066,-6,-5;1075,2,15;1076,-7,-2;1089,3,28;1090,-6,-12;1099,-1,17;1100,-4,4;1109,6,7;1110,-4,4;1119,-3,4;1120,-8,1;1129,12,11;1130,-12,4;1139,7,7;1140,-8,-2;1149,4,7;1150,-10,-2;1159,11,14;1160,-6,2;1169,6,4;1170,-10,5;1179,5,8;1180,-6,2;1189,13,5;1190,-15,1;1199,5,13;1209,6,12
rua||fidelis luis romano lopes|jardim nova itobi|13715000|965,-2173544,-4696927;970,-1,19;975,4,-10;978,7,20;980,1,0;985,10,-4;987,-3,15;990,-2,-8;1000,7,2;1010,17,13;1015,-5,-11;1020,-4,12;1025,11,1;1030,-3,8;1034,3,2;1036,4,1;1040,4,6;1045,115,108;1048,0,4;1049,-108,-116;1050,-3,12;1055,13,-9;1060,-2,12;1065,5,-8;1070,-2,9;1074,2,5;1075,5,-4;1085,1,0;1095,11,9;1105,10,9;1115,5,6;1120,-2,5;1130,5,15;1140,13,12;1150,0,1;1155,18,-13;1160,-4,25;1170,5,1;1175,3,-7;1180,4,18;1185,4,-13;1190,5,16;1197,5,-6;1200,0,13;1205,8,-6;1207,-2,0;1210,9,8
rua||francisco ciampono|uniao|13715000|20,-2173889,-4696913;30,-4,-6;40,-11,5;50,-14,9;60,-4,0;80,-16,-1;100,-19,11
rua||francisco satorre peres|nova itobi|13715000|10,-2173055,-4697759;30,25,13;60,-68,48;70,-6,5;95,-17,13
rua||geraldo rossetti|jardim nova itobi|13715000|951,-2173278,-4696855;955,-11,-5;1000,-48,84;1010,-7,4;1020,-8,7;1030,-4,9;1040,-20,23;1050,-9,9;1060,-4,9;1085,3,-17;1110,-46,78;1120,-16,18;1210,18,-44;1213,-1,0;1215,30,-34;1217,-33,47;1219,-1,1
rua||henrique ricci|jardim caldeirao|13715000|1336,-2172945,-4697103;1346,9,7;1356,4,12;1376,11,15;1386,15,6;1438,30,32;1448,5,3;1458,3,12;1468,10,3;1488,20,13;1498,-3,10;1508,16,4;1518,2,4;1528,17,12;1534,-1,13
rua||henrique ricci|jardim eliana|13715000|134,-2172828,-4696999;1355,-89,-88;1365,3,7;1389,17,18;1415,21,8;1425,7,12;1435,4,7;1449,4,6;1459,19,22;1483,9,-1;1489,1,2;1501,11,18;1557,35,36;1562,-14,8;1567,18,-2;1572,-2,-3;1577,8,1;1582,-6,10;1587,22,1;1592,-11,9;1597,12,-5;1602,-6,9;1607,7,-8;1612,3,11;1617,8,7;1622,-9,20
rua||hipolito wisnesk|jardim nova itobi|13715000|575,-2173744,-4697210;585,15,16;645,42,43;665,3,9;670,-38,-35;680,2,8;685,49,35;690,-39,-48;700,6,24;705,44,43;710,-41,-38;712,7,6;714,3,5;726,2,3;730,0,0;740,13,11;750,1,5;780,23,25;785,62,50;790,-58,-49;800,6,9;810,3,9;820,11,5;840,14,15;850,8,8;860,3,1;865,69,55;870,-61,-46;905,84,69;960,0,14;969,57,50;970,-58,-43;975,65,42;980,11,11;1000,-51,-42;1005,59,52;1010,-52,-43;1020,7,1;1025,66,62;1040,-50,-38;1050,3,-5;1060,9,15;1070,0,8;1080,8,9;1090,11,3;1100,6,0;1110,8,12;1120,5,8;1130,6,10;1140,9,3;1150,8,6;1170,12,15;1180,3,0;1190,9,8;1200,5,10;1210,5,5
rua||inacio rodrigues damaso|centro|13715000|422,-2173329,-4697653;425,8,5;434,-11,5;435,10,7;455,-1,26;527,-21,52;537,-13,13;550,-6,28;560,0,-4;570,-12,60;585,21,-43;587,-2,5;589,-2,-7;688,4,-65
rua||inacio rodrigues damaso|itobilandia|13715000|108,-2173422,-4697278;696,32,-116;706,-3,9;716,3,1;726,3,8;775,-17,58;785,-4,27;786,-8,-11;793,10,7;799,-7,15;805,2,6;847,-21,37;857,10,14;867,-17,7;877,8,12;887,-4,12;897,0,7
rua||jesus salvador|novo horizonte|13715000|1251,-2172950,-4696707;1261,1,5;1270,-5,8;1271,16,-4;1280,-2,13;1281,8,-4;1290,1,15;1291,5,-9;1300,7,9;1301,-4,-2;1310,-2,9;1311,5,-6;1320,4,16;1321,11,-11;1330,-1,16;1331,7,-4;1340,0,10;1341,7,-3;1350,-6,11;1351,10,-9;1360,3,13;1361,7,-6;1370,8,14;1371,-1,-5;1380,2,10;1390,3,9;1400,2,6;1410,9,6
rua||joao conti|itobilandia|13715000|394,-2173418,-4697166;406,20,8;417,1,-10;426,8,9;427,0,-7;436,9,12;437,3,-5;446,-5,4;447,10,-6;453,12,5;511,48,10;515,9,3;531,7,3;539,19,4;540,-20,7;542,-1,-5;559,37,2;641,67,21;655,24,-2;674,0,21;675,13,-10;684,1,12;694,6,1;915,-285,-81
rua||joao de aguiar|princesa do rio verde|13715000|999,-2173074,-4696976;1009,-12,8;1019,-7,7;1029,0,18;1039,-4,10;1049,5,11;1059,-5,10;1069,-1,8;1079,-4,9;1093,-6,23;1103,-1,9;1110,-4,-2;1113,3,13;1114,-4,3;1120,-6,6;1123,5,3;1133,-5,12;1143,2,5;1153,-7,11
rua||joao trogiani|jardim caldeirao|13715000|709,-2172899,-4697174;718,-1,-31;728,3,14;766,-16,14;776,-1,28;786,-8,3;796,-2,6;806,-10,9;816,-7,8;826,-16,11;828,-4,12;1340,65,-75
rua||joao trogiani|jardim eliana|13715000|809,-2172926,-4697127;819,-6,9;829,-3,2
rua||jose alves zapata|jardim nova itobi|13715000|30,-2173597,-4697115;35,-16,8
rua||jose amaury de souza|novo horizonte|13715000|2466,-2172548,-4696706;2505,2,50;2525,8,-35;2540,-6,-37;2545,6,27;2555,3,-5;2664,10,-124
rua||jose ciampone neto|itobilandia|13715000|512,-2173352,-4697055;526,7,2;538,14,-2;540,9,9;545,64,9;546,-52,-6;556,0,1;576,11,3;586,15,8;595,20,-7;648,43,15;658,12,5;663,18,1;668,-6,-3;673,9,3;678,-7,3;683,15,1;688,-6,7;700,30,6;703,-17,-12;755,61,18;765,14,0
rua||jose ciampone neto|princesa do rio verde|13715000|966,-2173018,-4696966;968,-44,-11;976,53,11;1052,83,35
rua||jose del mastro|chacara giorgina garrido de sousa|13715000|100,-2173827,-4696734;965,4,4;1063,43,10;1067,9,5;1071,7,9;1079,1,-10;1095,30,4;1107,4,3;1121,9,5;1126,18,3;1127,-9,-1;1139,9,1;1147,14,8;1149,10,5;1165,9,-1
rua||jose del mastro|uniao|13715000|850,-2173924,-4696756;855,5,-21;861,8,20;867,6,-10;870,-1,16;879,9,1;880,0,-2;884,-2,-1;910,17,5;917,2,7;940,30,4;950,20,2;960,6,8;970,22,6;1085,41,16;1090,4,3;1098,20,0;1116,16,10;1470,-133,-53
rua||jose dionisio de carvalho|jardim rio verde|13715000|767,-2172500,-4696969
rua||jose dos santos toesca|jardim rio verde|13715000|625,-2172620,-4697131;635,5,5;645,2,0;690,10,22;700,1,-1;710,9,8
rua||jose esteves|jardim caldeirao|13715000|685,-2172674,-4697182;695,-1,-2;705,-7,5;715,-12,14;725,-4,2;735,-6,10;745,-4,7;755,-5,3;765,-6,5;775,-7,17;785,-5,2;795,-10,7;798,-14,8;805,11,-5;815,-14,19;825,-4,6;831,-3,-4;835,1,6;845,-5,6;855,-2,6
rua||jose eugenio rodrigues|itobilandia|13715000|439,-2173407,-4697098;449,17,3;459,8,3
rua||jose fortini|centro|13715000|426,-2173424,-4697672;429,2,20;440,-3,-14;465,-1,33
rua||jose fortini|nova itobi|13715000|386,-2173404,-4697761
rua||jose leite|chacara giorgina garrido de sousa|13715000|980,-2173819,-4696789;998,82,19;1004,-58,-7;1005,-4,-6;1007,65,22;1014,-57,-16;1024,28,4;1054,8,10;1055,7,-9;1061,10,4;1073,16,5;1081,14,3;1084,-7,0;1105,10,3;1110,-5,8;1121,28,-7;1126,6,13;1130,6,2;1137,-4,-7;1410,-126,-36;1445,-44,7
rua||jose leite|uniao|13715000|860,-2173916,-4696813;865,5,-8;874,7,11;888,11,0;889,20,4;890,-11,-2;898,1,1;900,6,5;910,20,4;920,-10,-5
rua||jose martins p balieiro|chacara giorgina garrido de sousa|13715000|1426,-2173847,-4696817;1445,-2,44;1455,9,16;1465,1,-16;1530,-9,64
rua||jose martins p balieiro|uniao|13715000|1458,-2173846,-4696759;1467,4,-15;1470,-6,22
rua||jose raul pioltini|jardim nova itobi|13715000|740,-2173765,-4697041;745,14,-4;750,-5,14;755,15,-4;760,-9,12;765,14,-13;770,-7,17;775,15,1;780,-4,10;785,6,-4;790,-1,13;795,3,-17;800,-3,17;805,12,-5;810,-9,10;820,16,16;825,11,-6;835,9,4;840,2,26;845,-3,-10;850,1,13;855,9,-19;860,6,21;865,6,-18;869,-8,7;870,0,25;876,14,-3;890,7,8;902,9,6;910,6,10;920,2,7;930,12,2;950,8,16;960,11,7;970,5,2;979,27,14;985,3,6;987,6,2;990,-11,3;995,13,5;1011,1,-2;1015,15,5;1020,-11,7;1025,15,6;1030,-4,6;1035,13,4;1040,-7,3;1046,7,5;1050,-1,-2;1060,8,10;1070,7,4;1075,16,6;1080,-2,10;1085,-3,-6;1090,-3,-2;1100,10,9;1105,14,6;1110,-5,6;1120,10,8;1125,13,-2;1130,-10,5;1135,18,2;1140,-10,5;1145,12,0;1150,-8,3;1155,12,2;1160,10,9;1165,-4,-2;1170,2,14;1175,8,-9;1180,4,16;1185,0,-9;1190,2,19;1200,11,3;1205,5,-9;1210,1,20
rua||jose toesca|chacara giorgina garrido de sousa|13715000|896,-2173852,-4696867;903,11,-4;906,-2,10;917,14,-1;925,7,-2;943,5,16;953,16,-5;961,8,14;962,-7,8;973,11,-8;974,2,18;983,10,-7;986,3,14;987,5,-15;992,35,22;1002,7,1;1011,-25,-16;1012,28,14;1019,-24,-11;1022,31,18;1027,-14,-17;1029,-6,3;1035,32,15;1037,-21,-12;1042,24,7;1051,-21,-3;1052,37,16;1061,-26,-21;1062,29,22;1071,-19,0;1072,27,5;1075,-31,-12;1078,38,4;1081,-31,-3;1083,3,0;1087,10,8;1095,13,-16
rua||lauro rodrigues|princesa do rio verde|13715000|994,-2172962,-4696946;1003,13,25;1004,-14,-8;1013,7,12;1014,-9,-2;1023,3,9;1024,-19,-1;1033,20,15;1034,-8,-7;1043,4,14;1044,-5,1;1053,6,16;1054,-8,-10;1063,3,16;1064,-6,-7;1073,3,18;1074,-5,-1;1087,-1,26;1088,-10,-2;1097,8,12;1098,-17,-6;1107,14,14;1108,-8,-8;1117,4,16;1118,-7,2;1127,10,4;1128,-11,1;1137,8,7;1138,-7,1;1147,3,13;1148,-6,0;1157,11,10;1158,-15,-4;1167,6,12;1168,-8,1;1177,5,6;1178,-6,-3;1187,1,19;1188,-2,-4;1197,-2,13;1198,2,-10;1207,-1,9;1208,-3,5;1217,0,9;1218,-4,9;1227,3,0
rua||laydir batemarco da silva|itobilandia|13715000|409,-2173430,-4697102;580,-76,-97;1021,153,168;1031,12,20
rua||laydir batemarco da silva|novo horizonte|13715000|1279,-2172965,-4696665;1289,5,22;1299,8,4;1309,5,1;1319,6,15;1329,8,5;1339,4,5;1349,4,3;1359,10,8;1369,5,8;1379,9,6;1389,6,5;1399,8,9;1409,5,5
rua||laydir batemarco da silva|princesa do rio verde|13715000|1123,-2173158,-4696835;1124,-3,6;1133,13,5;1143,12,3;1154,-9,-6
rua||laydir batemarco da silva|vila toesca|13715000|35,-2173709,-4697381;57,20,12;71,-1,3;83,15,8;95,4,20;107,11,6;262,98,76;265,-22,18
rua||lazaro roberto bento|jardim nova itobi|13715000|930,-2173420,-4696993;940,-47,51;981,13,-20;985,-10,12;987,-8,2
rua||lucio eugenio dos santos|princesa do rio verde|13715000|997,-2173041,-4696959;1007,-11,3;1008,8,-1;1017,-1,16;1018,-11,-4;1027,7,16;1028,-3,-6;1037,3,14;1038,0,-2;1047,-3,15;1048,-6,-5;1057,10,11;1058,-15,-4;1067,7,15;1068,-5,0;1077,5,12;1078,-8,-10;1091,0,34;1092,-8,-4;1101,5,16;1102,-7,-6;1110,-34,58;1111,33,-45;1112,-1,-2;1121,2,13;1122,-5,-6;1131,7,18;1132,-3,-7;1141,3,9;1142,-6,0;1151,-3,14;1152,-2,-5;1161,5,12;1162,-8,-5;1171,4,15;1181,-3,5
rua||luis colombo|jardim rio verde|13715000|1562,-2172689,-4697076;1574,24,-6;1586,6,13;1595,6,-3;1598,-7,8;1610,18,12;1615,13,-4;1620,-10,12
rua||manuel servilhao|centro|13715000|407,-2173740,-4697797;428,-19,20;467,7,29;468,-22,8;494,-10,22;504,2,4;548,0,30;552,-1,34;555,10,-26;558,-12,20;564,0,6;576,-7,13;585,0,18;588,-2,-8;598,0,11;601,-1,10;612,-7,-1;622,0,12;632,0,16;644,1,1;645,2,2;655,-2,19;662,-18,-8
rua||maria aparecida de carvalho|novo horizonte|13715000|2015,-2172731,-4696780;2035,14,4;2045,14,5;2065,18,-1;2075,7,7;2085,8,-1;2105,15,5;2115,14,1;2125,10,2;2135,14,7;2155,4,-1;2169,12,1;2175,6,-3;2185,11,5;2195,10,4;2205,11,2;2225,10,1;2256,-198,-26;2276,18,0;2306,26,4;2326,20,4;2356,46,12;2376,13,4;2386,7,4;2388,4,0;2396,4,-2;2436,45,8
rua||maria j musa balieiro|itobilandia|13715000|545,-2173325,-4697011;586,35,15
rua||mario guerino|chacara giorgina garrido de sousa|13715000|1136,-2173650,-4696739;1138,-9,2;1155,2,36
rua||mario guerino|jardim nova itobi|13715000|1006,-2173551,-4696833;1010,-23,-1;1015,-13,15;1020,-18,29
rua||mario rodrigues damaso|novo horizonte|13715000|1223,-2172945,-4696768;1233,8,4;1243,6,7;1244,-2,10;1253,14,-6;1254,-14,11;1263,19,-4;1264,-8,9;1273,16,2;1274,-8,5;1283,8,-2;1284,-2,10;1293,8,2;1294,-4,5;1303,8,-3;1304,2,0;1313,8,6;1314,-1,11;1324,3,4;1334,12,11;1344,2,2;1354,6,9;1360,4,18
rua||mutirao|uniao|13715000|800,-2174003,-4697153;812,7,8;822,-5,11;832,9,11;861,13,23;871,4,14;881,0,11;882,-2,-3;891,1,9;892,1,5;901,9,7;904,-11,4;911,19,5;914,-24,6
rua||narciso passareli|jardim rio verde|13715000|1564,-2172714,-4697040;1573,11,2;1584,7,14;1585,7,-9;1594,-1,29;1604,2,-6;1609,14,-7;1614,0,18;1621,6,-6
rua||nelson maneta|jardim nova itobi|13715000|775,-2173787,-4696993;781,15,15;785,-3,-5;795,11,12;805,7,2;855,41,42;865,16,15;874,13,31;875,-9,-21;885,3,3;895,5,6;905,6,3;907,3,12;925,5,6;935,6,12;955,24,8;957,-4,5;965,8,-1;967,2,0;975,7,6;1005,16,16;1030,29,50;1035,6,-10;1040,-4,7;1050,9,6;1054,14,12;1060,8,4;1064,4,-1;1065,-3,-12;1070,5,19;1075,-1,-5;1080,0,12;1084,-4,10;1085,10,-18;1090,3,16;1095,13,-10;1100,-7,15;1105,6,-6;1110,-2,15;1115,4,-12;1116,3,12;1120,7,9;1125,4,-14;1130,-9,29;1135,22,-20;1145,-1,9;1150,-61,-51;1155,66,60;1160,4,14;1161,2,-8;1165,-1,0;1170,-10,21;1175,31,-31;1180,-10,26;1185,8,-6;1190,1,7;1195,13,-10;1200,-10,15;1205,4,-2;1210,11,17;1230,16,25
rua||olaze almeida|jardim nova itobi|13715000|870,-2173620,-4696997;875,-24,34;877,-12,13
rua||ovideo fernandes|jardim nova itobi|13715000|179,-2173642,-4697002;690,-102,-111;710,8,2;720,5,12;730,9,13;735,4,-12;736,-1,14;740,9,4;745,0,-9;750,-2,13;755,7,-5;760,2,6;761,4,-2;765,-3,5;770,8,12;775,0,-12;780,5,21;785,4,-9;790,-3,13;792,3,27;795,2,-32;796,8,0;800,-3,7;802,0,5;810,2,1;812,8,-4;815,1,-1;820,-1,10;821,8,1;822,-4,7;825,4,-6;830,-4,11;832,4,4;835,3,-11;840,2,13;845,8,-5;850,8,13;855,3,-5;865,3,3
rua||pedro carvalho|princesa do rio verde|13715000|994,-2172920,-4696912;1004,-3,10;1014,-3,9;1024,-1,11;1034,2,5;1044,-6,11;1054,2,9;1064,-9,12;1074,-6,24;1084,5,8;1094,-7,13;1104,-1,8;1114,-4,13;1124,-1,6;1134,1,3;1144,-4,14;1154,-2,6;1164,-5,20;1174,-3,4;1184,-1,10;1194,-2,7;1204,-2,16;1214,-1,-1;1224,-3,9
rua||pedro trogiane|uniao|13715000|120,-2173860,-4696973;130,-6,1;135,-1,8;140,-6,-6;145,-9,8;150,-5,-2;160,-8,-2;165,-5,8;170,-7,1;175,2,1;180,-7,-4;185,1,8;190,-9,-4;195,-3,7;200,-6,-8;205,-5,11;210,-4,-6;220,-14,2;225,1,6;235,-6,5;240,-13,5;245,6,-2;250,-11,-2
rua||querubin fuginetti|jardim eliana|13715000|904,-2172793,-4696987;916,15,2;928,-10,8;1522,-43,44;1533,6,-8;1534,18,-25;1559,-10,38
rua||querubin fuginetti|jardim rio verde|13715000|601,-2172607,-4697169;621,-20,15;715,-30,34;726,1,-16;740,-14,21;752,-10,8;764,-9,14;776,0,3;788,-14,8;800,-4,5;801,9,8;812,-22,3;824,-4,13;830,-2,6;836,-6,4;848,-3,7;860,-14,14;872,-3,2
rua||querubin fuginetti|nova itobi|13715000|644,-2172608,-4697233;654,-2,12;664,-8,27
rua||renato de santis|jardim nova itobi|13715000|965,-2173586,-4696886;1125,46,-52
rua||sebastiao martins|jardim eliana|13715000|380,-2172804,-4696837;922,83,-95;1619,-47,48;1622,6,-5
rua||sebastiao martins|jardim rio verde|13715000|710,-2172592,-4697083;717,-1,15;729,-11,17;741,-7,8;753,2,3;757,-8,1;760,-23,9;777,10,8;779,-23,18;789,13,-6;813,-18,18;825,-7,2;837,-1,11;849,-11,5;861,-6,11;873,-5,8
rua||sebastiao martins|novo horizonte|13715000|893,-2172704,-4696938;905,-8,8;915,-7,8;925,-6,6;935,-5,6;945,-4,9;955,-11,5;965,-6,12;985,-11,13;987,10,-8;995,-18,11;1005,-5,10;1015,-6,7;1025,-1,4;1035,-8,7;1045,-11,9;1055,-5,6;1079,-13,18;1089,-15,10;1099,-4,9;1100,-9,-7;1109,6,13;1116,-13,0;1119,5,7;1128,-9,-1;1129,3,16;1139,1,8;1297,2,31;1307,-1,1
rua||sebastiao monteiro|jardim caldeirao|13715000|1339,-2172902,-4697153;1349,13,10;1359,7,1;1369,9,2;1379,13,12;1389,8,-5;1399,5,5;1409,11,-1;1419,4,3;1429,10,1;1439,10,7;1449,11,7;1479,24,2;1489,11,1
rua||sebastiao nogueira|itobilandia|13715000|874,-2173071,-4697055;886,-6,14;896,-10,8;906,4,12
rua||sem denominacao|jardim nova itobi|13715000|1131,-2173776,-4697061;1133,1,-4
rua||sete de setembro|centro|13715000|232,-2173772,-4697650;235,2,-9;236,19,10;237,-16,-12;243,3,0;244,4,22;260,28,-4;268,11,6;269,-24,-23;284,32,26;312,20,9;332,26,2;366,14,6;376,13,5;383,12,0;393,14,-3;394,-6,7;403,10,0;404,1,2;409,4,-4;416,1,9;427,25,-5;430,-1,14;440,9,-3;441,-2,-13;460,17,15;465,11,-10;472,-5,23;475,8,-17;485,17,5;497,10,2;504,-14,9;511,22,1;514,4,6;520,4,2;523,1,-12;541,11,7;558,2,10;561,13,-1;597,40,8;630,21,8;631,4,4;636,8,4;639,4,-2;644,-2,14;654,12,-11;666,7,7;680,11,0;681,-10,-12;704,33,18;718,13,3;732,12,3;733,4,-9;748,-1,13;749,11,-8;767,12,6;772,1,6;777,12,-3;785,5,7;797,6,0;798,3,4;804,15,-6;810,0,14;841,25,-2;846,4,6;847,1,-7;855,12,-3;858,-12,13;861,16,-9;874,1,18;884,6,-6;894,4,2;904,11,2;918,6,8;932,14,2;941,20,-4;974,25,19;975,5,-4;988,10,5;1000,10,4;1009,7,-9;1018,1,8;1082,53,18;1154,63,16;1174,14,1;1184,0,0;1194,19,9
rua||sete de setembro|nova itobi|13715000|1119,-2172992,-4697439;1129,10,-2;1139,14,15;1169,22,0;1179,7,4;1243,55,19;1262,6,9;1263,7,-7;1265,2,-3;1272,7,11;1277,4,-5;1286,7,4;1287,1,1;1308,22,13;1309,-5,-8;1316,6,9;1326,8,0;1338,5,0;1347,11,-2;1348,3,7;1354,11,6;1364,7,2;1377,14,0;1383,12,1;1387,5,0;1402,28,13;1413,24,0;1423,0,-2;1430,0,6;1431,4,-4;1440,11,14;1450,3,-3;1460,15,6;1468,5,-1;1480,3,5;1490,15,4;1500,11,1;1511,6,-4;1523,16,7;1560,11,5
rua||xv de novembro|centro|13715000|201,-2173776,-4697723;231,13,8;234,5,7;258,16,2;274,10,3;275,8,-6;295,34,11;317,43,17;371,15,4;372,-2,6;380,11,3;381,4,-7;387,8,7;405,14,4;417,21,-7;421,9,7;427,2,4;432,1,6;445,0,-6;453,10,-2;479,32,11;480,-7,5;491,17,-6;494,-1,2;506,1,10;509,11,-3;518,8,0;519,3,-5;529,7,10;530,-5,10;535,20,-5;545,0,-1;546,-1,5;548,9,-19;551,0,20;561,7,0;562,-4,-5;564,7,20;569,2,-6;575,11,-11;595,12,14;596,5,6;608,-3,0;611,17,-10;620,-11,12;633,26,-3;636,0,10;641,10,-6;648,-3,3;662,10,-7;672,12,9;673,5,-3;687,9,0;709,25,9;715,8,2;725,21,-9;728,-25,24;735,12,-10;738,-4,7;748,19,1;757,-16,18;758,14,-24;777,37,-3;781,-21,19;786,6,4;787,18,14;798,5,-21;800,2,-1;803,-1,7;809,13,6;810,-2,3;831,18,0;838,1,11;852,4,-8;862,14,5;867,-3,-3;872,12,3;881,14,-4;894,-4,12;897,16,-6;910,2,9;922,14,6;942,25,8;968,25,0;988,18,10;992,9,5;998,-2,0;1020,26,5;1051,38,1;1062,-18,18;1079,41,-11;1090,0,9;1097,15,-7;1107,12,10;1108,-5,7;1123,16,-6;1130,-1,10;1140,10,-5;1141,-26,2;1170,47,11
rua||xv de novembro|jardim rio verde|13715000|1768,-2172496,-4697313;1788,21,7;1789,19,9;1798,-11,-3;1808,19,8;1828,17,21;1848,19,1;1858,9,7;1896,29,25;1934,0,44
rua||xv de novembro|nova itobi|13715000|934,-2172362,-4697226;1201,-532,-246;1219,12,5;1227,8,2;1243,14,6;1252,1,13;1253,7,-10;1259,10,7;1267,3,-1;1276,3,10;1277,9,-5;1280,-3,8;1293,20,-5;1294,-12,14;1303,13,-8;1304,8,11;1321,7,-6;1331,12,5;1345,30,11;1347,-18,-7;1357,8,4;1382,21,20;1428,25,11;1434,12,2;1440,14,0;1448,8,8;1450,9,5;1454,10,2;1455,-79,-38;1464,88,39;1480,12,-1;1490,7,12;1500,11,-1;1510,10,5;1522,13,3;1526,10,1
travessa|nossa senhora|aparecida|uniao|13715000|298,-2174101,-4697189
