acesso||orlando ferreira lima|fazenda casarao|14480000|7,-2007314,-4749658
acesso||orlando ferreira lima|fazenda do balsamo|14480000|10,-2000541,-4747793
acesso||orlando ferreira lima|fazenda sao jose|14480000|5,-2007732,-4747657
acesso||orlando ferreira lima|fazenda sao manoel piraja|14480000|7,-2007467,-4749413
acesso||orlando ferreira lima|sitio alto da serra|14480000|7,-2006474,-4750110
acesso||orlando ferreira lima|sitio himalaia|14470000|2,-2008170,-4747289
acesso||orlando ferreira lima|sitio nossa senhora da conceicao|14470000|2,-2008089,-4747483
acesso||orlando ferreira lima|sitio santa rita|14470000|4,-2008373,-4747994
acesso||orlando ferreira lima|sitio santa terezinha|14470000|5,-2007256,-4746516
avenida||felicio polo|jardim esmeralda|14470000|3,-2024981,-4747590;5,4,9;27,-34,-20;28,12,3;270,-10,-52
avenida||manuel samuel ferreira|jardim esmeralda|14470000|68,-2024871,-4747540;88,41,20
avenida||orestes quercia|pedregulho|14470000|1,-2026016,-4746136;3,-561,683
avenida||wanderlei silveira|bela vista|14470000|6,-2024364,-4747826;28,17,-9;230,-7,-6;232,-2,-13
avenida||wanderlei silveira|chapadao|14470000|1,-2022830,-4746738
avenida||wanderlei silveira|nossa senhora aparecida|14470000|4,-2023695,-4747641;14,14,6;24,4,-2;34,9,9;107,90,54;111,-37,-26;200,75,50
avenida||wanderlei silveira|santa luzia|14470000|17,-2024348,-4747848;27,16,7;101,618,186;144,-245,-77;165,31,-6;207,159,52;215,16,10;701,35,27
caminho||para propriedade|santa luzia|14470000|2,-2024608,-4747480;3,4,-5;4,-1,-4;5,40,-22;6,91,128;130,-280,-66
chacara|nossa senhora|aparecida|fundo do campao|14470000|2,-2024818,-4746965
chacara|santa|isabel|germano bisco|14470000|1,-2023990,-4747141
chacara|santa|luzia|vila isabel|14470000|30,-2024039,-4747454;80,-2,-4;100,3,9;180,15,52;235,3,18
chacara|santa|maria|santa maria do baguacu|14470000|3,-2016262,-4757400
chacara||cascata|proximo de pedregulho|14470000|453,-2026697,-4748185
colonia|nossa senhora|aparecida|fazenda nossa senhora aparecida|14470000|1,-2026039,-4752888;2,-1,17;3,7,-7;4,12,-22;5,5,-12;6,13,-10;7,3,-5;8,12,-17;9,90,-130;10,34,203
entrada||vicinal de taquari|taquari|14470000|1,-2025560,-4742512;3,-491,-430;7,248,1306;8,1209,-789
estrada|guia|vicinal de taquari|taquari|14470000|4,-2026848,-4743986;10,1192,3223
estrada||da braulia|fazenda sao jose|14470000|27,-2009668,-4749650
estrada||da braulia|fazenda sao jose|14480000|1,-2010355,-4750937
estrada||da braulia|igacaba|14470000|28,-2011355,-4750968;29,-847,-702
estrada||da braulia|sitio caminho da paz|14470000|15,-2012869,-4746719
estrada||da braulia|sitio furninha|14480000|28,-2010092,-4749586
estrada||itumbiara|estreito|14470000|451,-2016344,-4728864;452,4,3;469,-10,-24;470,15,15;487,-13,-27;488,10,12;505,-24,-29;506,13,-1;523,-28,-12;524,25,7;556,-3,-38;557,-7,-15;574,1,0;575,-14,-1;591,-2,-17;592,16,-1;593,-8,8;594,7,-16;609,-24,-3;611,3,-1;612,8,-4;627,-17,-13;630,24,-7;767,-56,-139;769,6,10;780,3,1;803,-19,-28;821,2,-17;823,-3,0;841,-6,-9
estrada||militao h monteiro|antonio do cafe|14470000|3,-2021890,-4748509
estrada||militao h monteiro|baguacu|14470000|2,-2021344,-4749003;4,1000,-441;11,3235,-4048
estrada||militao h monteiro|furna da braulia|14470000|15,-2015740,-4750234
estrada||militao h monteiro|furna sao joao|14470000|20,-2016396,-4750119
estrada||militao h monteiro|furna sao jose|14470000|17,-2015981,-4750789
estrada||militao h monteiro|furna sao pedro|14470000|8,-2019458,-4750132;20,2836,-4
estrada||militao h monteiro|furna|14470000|2,-2022640,-4748227
estrada||militao h monteiro|sitio bom retiro|14470000|6,-2018779,-4749468
estrada||vicinal de taquari|taquari|14470000|2,-2025604,-4742510;4,-411,-380;8,470,117
fazenda|santa|angela|rodovia antonio giolo|14470000|23,-2017046,-4729809
fazenda|santa|cruz|matadoro ao lado|14470000|3,-2027888,-4748266;5,-1178,-588;6,1687,2540;8,-3591,-3664
fazenda|santa|luzia 1|furnas santa luzia|14470000|1,-2019109,-4735954
fazenda|santa|luzia|furnas santa luzia|14470000|1,-2019543,-4736164
fazenda|santa|marta|perto da rodovia|14470000|4,-2022057,-4746818
fazenda|santa|rita|perto do morro da formiga|14470000|13,-2022174,-4761354
fazenda|santa|terezinha|cabeceira do cascata|14470000|2,-2028242,-4749613
fazenda|sao|francisco|taquari|14470000|8,-2025596,-4742577
fazenda|sao|joao|furna sao joao|14470000|7,-2018973,-4747614
fazenda|sao|pedro|furna da braulia|14470000|17,-2016501,-4749398
fazenda|sao|sebastiao|entrada rebita|14470000|12,-2023476,-4734904
fazenda|sao|sebastiao|estrada alto lajeado|14470000|12,-2023464,-4734892
fazenda||alto lageado|alto lajeado|14470000|1,-2021702,-4734142
fazenda||baguacu|santa maria do baguacu|14470000|15,-2016146,-4757530
fazenda||bom retiro anto v beloti|fazenda bom retiro|14470000|19,-2020756,-4729713
fazenda||bom retiro|bom retiro|14470000|16,-2021847,-4731064;17,15,-42;19,1237,910
fazenda||bom retiro|proximo vila primavera|14470000|19,-2019601,-4730488
fazenda||bom retiro|sitio bom retiro|14470000|19,-2021154,-4730011
fazenda||buritis|perto da divisa com buritizal|14470000|1,-2021620,-4758679;2,7,7;3,4,14;5,10,30;6,-1,-2;7,7,23;8,23,1;9,-12,28;10,8,8;11,0,14;12,5,25;13,12,21
fazenda||cachoeirinha|baguacu|14470000|7,-2020024,-4751018
fazenda||cachoeirinha|sentido taquari|14470000|16,-2016080,-4738473;18,-97,-294
fazenda||cachoerinha|baguacu|14470000|7,-2020165,-4751032
fazenda||canto da siriema|rodovia antonio giolo|14470000|16,-2022241,-4731310
fazenda||capao rico|igacaba|14470000|15,-2013211,-4746778;455,30,308
fazenda||carolina|rodovia antonio giolo|14470000|8,-2025269,-4738754
fazenda||dona vitalia|baguacu|14470000|5,-2021077,-4747494;6,-209,-70
fazenda||dos coqueiros|baguacu|14470000|13,-2019296,-4752559
fazenda||gordurinha|baguacu|14470000|4,-2019837,-4749458
fazenda||guanabara|fazenda guanabara|14470000|8,-2023808,-4732403
fazenda||nssa senhora da abadia|baguacu|14480000|16,-2021268,-4749747
fazenda||primavera|baguacu|14480000|12,-2016709,-4755484
fazenda||santa maria|sitio santa maria|14470000|19,-2021024,-4730921
ferrovia||mogiana|bela vista|14470000|182,-2024520,-4747645
parque||estadual das furnas bom jesus|parque estadual das furnas|14470000|1,-2025582,-4746022
praca|padre|luiz savio|centro|14470000|112,-2025682,-4747720;122,4,4;146,-6,19;156,-6,15;170,-18,12;176,1,20;184,-8,6
praca||dezoito de marco|centro|14470000|1,-2025510,-4747776;3,-90,101;4,146,-65;8,6,8;13,-127,37;14,115,-48;17,-111,41;31,0,-2;33,3,-9;47,8,-15;65,-8,6;83,10,-23;85,3,-11;95,9,3;111,1,-10;115,6,-17;155,27,-28;159,13,-5;179,-6,-12;182,11,-4;199,14,-6;211,11,1;217,-21,-24;221,3,-27;227,17,15;309,12,49;325,-1,3;333,-19,7;343,-2,16;349,-5,-4;369,-2,4;379,-5,29;457,-7,66;467,-4,-1;470,-32,-7;474,-10,21;477,41,-29;489,-42,25;493,-2,5;495,-7,-2;501,-7,25;509,8,-23;519,-28,29
praca||frei alexandre|bela vista|14470000|50,-2024739,-4747943
rancho||uma entrada antes do rancho do vilsinho|vila da barreira|14470000|82,-2022256,-4727637
rochedo||antonio giolo|ao lado do rancho do juca|14480000|1,-2020220,-4726247
rodovia|czar|candido portinari|alto da santa cruz|14470000|6,-2028742,-4745542
rodovia||antonia rios quercia|ao lado do nova pedregulho|14470000|5,-2023959,-4751130
rodovia||antonia rios quercia|baguacu|14480000|434,-2024338,-4748143
rodovia||antonia rios quercia|cachoeira|14470000|8,-2026634,-4759998
rodovia||antonia rios quercia|limeira|14475000|8,-2021794,-4751958
rodovia||antonia rios quercia|limeira|14480000|1,-2024461,-4748590;3,1160,-1233;5,1442,-1376;6,95,-336;7,-1004,-130;10,858,-2609;12,1191,2026;15,160,-4239;33,-2540,3895;34,-292,1210;35,506,100
rodovia||antonia rios quercia|macaubas|14470000|8,-2024741,-4759148
rodovia||antonia rios quercia|monjolinho|14470000|8,-2027571,-4756473
rodovia||antonia rios quercia|monjolinnho|14470000|8,-2026238,-4756878
rodovia||antonia rios quercia|morro da formiga|14470000|1,-2024060,-4751250;4,620,1697;7,-708,-3251;8,-3032,-4502;9,-129,-1349;13,5660,-48
rodovia||antonia rios quercia|perto do morro da formiga|14470000|1,-2024377,-4751491;8,-4400,-7337
rodovia||antonio giolo|alto lajeado|14470000|1,-2021965,-4735758
rodovia||antonio giolo|ao lado tres irmao|14470000|12,-2024169,-4736395
rodovia||antonio giolo|baixo lajeado|14470000|1,-2019150,-4734400
rodovia||antonio giolo|bom retiro|14470000|19,-2020403,-4730239
rodovia||antonio giolo|chacara sao jose|14470000|22,-2018427,-4730152
rodovia||antonio giolo|entrada lado direto indo pra candeias|14470000|8,-2029404,-4739645
rodovia||antonio giolo|fazenda guanabara|14470000|15,-2022709,-4732183
rodovia||antonio giolo|fazenda sao joao|14470000|3,-2028585,-4740036
rodovia||antonio giolo|indo pro estreito|14470000|1,-2028510,-4740932;13,-1312,886
rodovia||antonio giolo|lado direito indo|14470000|1,-2027257,-4740340
rodovia||antonio giolo|proximo vila primavera|14470000|21,-2018585,-4730006
rodovia||antonio giolo|rodovia antonio giolo km 12|14470000|12,-2024704,-4735441;18,296,503
rodovia||antonio giolo|sitio bom retiro|14470000|16,-2022804,-4732273;19,2360,1918
rodovia||antonio giolo|sitio poses|14470000|10,-2022666,-4735653
rodovia||antonio giolo|sitio santa maria|14470000|19,-2021034,-4730840
rodovia||antonio giolo|sitio tres reis|14470000|19,-2020677,-4731018
rodovia||antonio giolo|taquari|14470000|1,-2026269,-4741918;2,-55,-24
rodovia||antonio giolo|vila barreira|14470000|1,-2020475,-4728991;14,3734,-463;17,-5051,-1711;18,1539,264;22,3552,1441;23,-67,-144;24,-2878,-640;25,2907,654;34,11,133;37,7,99;42,-14,-172;44,45,102;46,-20,-71;48,2,-26;52,-11,-19;54,-14,15;72,9,-31;82,-80,-60;85,55,263;90,-37,-253;496,84,200
rodovia||antonio giolo|vila primavera|14470000|1,-2019233,-4729960;23,187,-483;24,-36,-498;32,1500,-695
rodovia||arcebilio giolo|fazenda santo antonio|14470000|1,-2022910,-4728442
rodovia||arcebilio giolo|rodovia antonio giolo|14470000|32,-2022058,-4729340
rodovia||candido portinari 1|lado esquerdo indo|14470000|430,-2028985,-4743051
rodovia||candido portinari|alto da santa cruz|14470000|1,-2028742,-4745545;7,-100,855
rodovia||candido portinari|baguacu|14470000|2,-2022688,-4747424
rodovia||candido portinari|chapadao|14470000|4,-2019954,-4743328;6,-2198,-1972
rodovia||candido portinari|distrito igacaba|14470000|7,-2014382,-4740731;9,724,-3243;446,-5670,-453;448,1676,1803;450,1227,-3910;453,385,-965;454,1463,2437;455,477,2809;458,-3559,-2067
rodovia||candido portinari|fazenda cabriuva|14470000|6,-2020926,-4745039
rodovia||candido portinari|fazenda santa coleta|14470000|7,-2027094,-4738626;334,-344,-5390
rodovia||candido portinari|furna jorge penna|14470000|440,-2016866,-4749530
rodovia||candido portinari|igacaba|14470000|18,-2014442,-4747129;20,2635,-173;448,-6533,1951
rodovia||candido portinari|jardim america|14470000|16,-2022886,-4747393;20,-379,-178;23,20,48;24,32,-85;33,-23,91;34,-2,7;47,28,-43;50,-2,1;51,130,107;52,180,80;54,-290,-227;57,-33,140;60,23,-88;61,124,90;62,-3,-21;67,-137,23;74,6,-46;80,17,-46;83,0,49;87,-9,51;90,15,-97;94,-7,52;97,13,3;100,363,108;104,-366,-105;107,7,-1;110,-42,-37;113,50,40;120,-45,-35;127,52,40;130,-119,-22;133,123,22;134,-3,8;137,25,-48;140,-73,14;143,60,35;144,-2,4;147,19,-49;150,-72,16;157,71,19;160,-153,3;163,155,16;164,-6,7;165,9,92;167,-10,-49;170,-62,-72;174,71,29;177,19,-50;183,-5,46;184,6,-21;187,5,-22;190,8,9;194,-17,50;197,12,-58;200,12,14;210,-207,59;211,196,-8;221,2,54;224,1,7;231,4,-8;234,18,-38;238,-7,-3;244,16,8;247,1,-7;248,-9,5;254,6,60;258,4,-56;263,-21,101;268,27,-97;271,-11,43;274,14,17;277,13,-60;278,-9,6;281,-1,46;287,18,-50;288,-8,8;291,26,-50;293,16,-42;294,-12,42;297,-16,53;298,-5,4;301,-1,19;304,25,-64;308,0,0;311,-9,44;318,21,-38;321,-7,45;328,-5,9;331,9,-4;333,-27,88;334,39,-132;338,2,3;341,-20,93;351,42,-90;354,0,4;358,-24,51;361,-5,43;367,26,-44;371,2,1;374,-3,23;377,5,-20;378,11,-40;381,-10,43;388,17,-42;394,9,6;397,-19,43;398,18,-46;401,6,-1;404,4,12;407,-11,41;408,9,-46;414,8,5;417,-7,46
rodovia||candido portinari|lado direito|14470000|427,-2031531,-4742168
rodovia||candido portinari|lado esquerdo indo|14470000|7,-2029516,-4743615;8,-2020,1437;429,2480,513
rodovia||candido portinari|lado esquerdo|14470000|10,-2030637,-4741669
rodovia||candido portinari|rodovia|14470000|5,-2021534,-4746253
rodovia||candido portinari|santa rita|14470000|5,-2029388,-4747634;7,-798,-1347
rodovia||joao pedro diniz|fazenda nossa senhora aparecida|14470000|4,-2026818,-4751809
rodovia||joao pedro diniz|fazendinha|14470000|7,-2026696,-4754091
rodovia||joao pedro diniz|morro da formiga|14470000|1,-2026055,-4749161;2,-280,-250;6,-971,-3385;8,489,-1728
rodovia||vicinal joao ferreira sobrinho|ao lado sitio nippon|14470000|12,-2021756,-4741253
rodovia||vicinal joao ferreira sobrinho|area rural|14470000|5,-2024018,-4742682;16,-1524,5998
rodovia||vicinal joao ferreira sobrinho|biazol|14470000|13,-2022307,-4738997;14,-1306,-249
rodovia||vicinal joao ferreira sobrinho|cachoeirinha|14470000|16,-2017700,-4738301;17,-90,275;18,79,-155;22,966,215;25,162,-463
rodovia||vicinal joao ferreira sobrinho|estrada taquari|14470000|3,-2026508,-4744469
rodovia||vicinal joao ferreira sobrinho|furna da macauba|14470000|22,-2017072,-4737215
rodovia||vicinal joao ferreira sobrinho|maringa|14470000|12,-2020513,-4741159;13,-149,-128
rodovia||vicinal joao ferreira sobrinho|santa luzia|14470000|20,-2019714,-4736739;22,1774,609
rodovia||vicinal joao ferreira sobrinho|sentido taquari|14470000|6,-2026364,-4743979;8,218,-449;16,7546,3675;23,2390,2094;24,432,310
rodovia||vicinal joao ferreira sobrinho|taquari|14470000|12,-2022476,-4741779;13,-423,3323;14,1880,-636;15,1002,-17
rodovia||vicinal joao ferreira sobrinho|vicinal taquari km 16|14470000|16,-2018808,-4738305;17,232,547;18,1367,-1554
rotatoria||sem denominacao|vila santa cruz|14470000|630,-2025968,-4746920
rua|capitao|elias moreira|centro|14470000|22,-2025414,-4747782;24,-35,35;27,-4,23;42,19,-44;43,-23,68;52,15,-72;58,7,18;67,-26,56;79,-13,19;93,-32,10;101,1,8;104,8,-8;114,-20,12;122,1,15;147,-1,10;167,-23,20;177,-9,10;187,1,6;207,-11,19;208,-15,-1;218,14,3;226,-5,12;228,-6,0;232,-7,36;247,16,-20;259,-10,15;271,5,21;281,-7,5;291,22,-82;320,-23,97;331,-6,22;341,-5,9;361,1,20;371,-8,7;403,-9,24;415,3,15;437,-15,26;445,-2,8;447,-6,7;463,1,11;481,-9,19
rua|capitao|elias moreira|fundo do campao|14470000|1,-2024846,-4746774
rua|capitao|elias moreira|taquari|14470000|12,-2021977,-4739415;13,-3,4
rua|capitao|elias moreira|vila esmeralda|14470000|25,-2025430,-4747764
rua|capitao|elias moreira|vila santa cruz|14470000|316,-2025585,-4747492;328,-12,15;338,-8,13;348,6,2;360,-13,16;370,0,15;374,12,10;378,-22,2;390,-5,14;435,-24,88;446,48,-61;470,-21,38;485,-36,29;495,1,8;535,-8,5;552,-49,44;570,18,2;572,-22,20;579,23,-11;580,-40,2;584,-6,8;588,1,5;602,-6,21;604,-4,5
rua|capitao|machado|bela vista|14470000|2,-2024877,-4747698;10,5,14;18,76,-118;36,27,-39;43,0,16;66,-20,16;67,8,-5;97,-25,18;134,-41,44;144,-2,-19;145,33,11;147,-13,12;149,17,-23;151,-17,24;154,-19,-15;161,12,27;167,37,-62;168,121,-180;169,-101,145;173,-77,120;174,3,-28;180,88,-95;184,-91,106;186,113,-130;189,-20,14;197,-95,133;198,-6,-12;200,-60,96;206,56,-84;207,-7,27;210,-51,63;224,188,-240;262,-158,195;288,192,-247;297,8,-24;305,28,-34;330,19,1;331,4,-27;340,6,13;341,-20,-5;349,14,-2;353,9,-19;354,12,-1;360,8,-21;363,-24,11;364,21,6;365,-3,-12;374,10,3;384,7,-6;403,11,-37
rua|capitao|machado|jardim esmeralda|14470000|547,-2024933,-4747626;557,17,-21
rua|capitao|manoel ferreira coelho 255|fundo do campao|14470000|1,-2024895,-4746627;294,402,-211
rua|capitao|manoel ferreira coelho 255|vicinal taquari km 16|14470000|9,-2023271,-4741010
rua|coronel|andre vilela|centro|14470000|3,-2025309,-4747963;6,134,105;10,-143,-110;12,137,104;13,-1,7;20,-4,-13;23,-128,-89;27,-14,-16;28,15,-4;32,-7,-6;35,-16,1;42,5,-6;51,-10,10;56,-3,-22;60,-17,6;76,6,-5;96,-17,-26;112,-13,-8;136,-9,-8;150,-13,-7;174,-9,-11;207,-42,-15;211,7,3;216,-9,-17;220,8,3;225,-18,3;228,-2,-15;231,-11,1;240,40,19;260,-37,-32;299,-37,-11;320,-19,-27;329,-79,-47;340,73,40;350,-15,-6;388,-59,-34;389,14,6;390,5,8;395,13,13;399,-17,-13;400,13,-9;401,3,14;409,-10,-1;410,-8,-16;420,1,0;423,-14,-10;426,-2,-8;431,0,11;442,-8,-19;451,-2,-8;480,111,91;574,19,30;575,-5,-6
rua|coronel|itajiba franco|alto pora|14470000|61,-2007220,-4748589;65,8,12;75,6,11;85,4,3;86,9,2;99,-24,-46;115,10,30;119,-31,-41
rua|doutor|paulo de castro correia|centro|14470000|30,-2025866,-4748087;72,-113,174;79,-3,-4;89,4,-12;99,4,1;111,15,-17;121,10,-21;153,13,-13;181,15,-3;187,-10,-9;189,12,-8;199,3,-7;200,5,4;209,-1,-11;226,16,-6;269,15,-39;272,21,-17;287,-4,-2;292,19,-23;320,45,-80;350,-25,56;362,9,-12;372,14,-1;378,11,-35;396,-14,20;398,24,-27;408,4,-10;451,-2,-15;461,9,-3;469,-2,-1;483,5,-14;486,19,-15;496,15,-5;509,-23,-4;519,15,-11;521,-2,-1
rua|major|antonio candido branquinho|centro|14470000|5,-2025410,-4747816;11,-6,-6;21,-61,-53;25,-7,-1;31,-16,1;41,-11,-6;101,-38,-56;111,3,-9;125,-16,9;135,-10,-6;143,-2,-10;157,-5,12;169,-12,-17;293,148,124
rua|major|antonio candido|centro|14470000|12,-2025482,-4747878;24,-3,4;38,-10,-15;48,-5,-4;66,-13,-10;110,-35,-26;118,-20,-14;130,0,1;152,-20,-17;182,-25,-25;192,6,-1;206,-16,-9;216,-9,-11;229,6,22;230,-24,-33;245,0,19;317,241,175;327,-17,-13;337,-8,1;345,-18,-14;347,7,2
rua|major|carlos paranhos|bela vista|14470000|54,-2024908,-4747737;56,-84,-79;186,92,88;196,5,4;216,-205,-190;225,18,0;226,-13,5;235,28,11;236,-14,-5;245,20,16;246,-17,-5;256,14,2;266,15,4;276,-5,7;286,10,7;289,-5,-6;296,14,10;316,11,19;325,26,3;326,-5,6;333,8,14;336,-18,2;345,34,12;346,-13,-12;356,-4,11;365,28,11;366,-21,-6;375,25,9;376,-16,1;377,21,5;386,-13,-17;387,20,31;396,-22,-18;406,10,17;436,23,18;446,11,18;464,-20,-22;465,15,-3;476,23,46;485,-16,-35;486,25,33;495,-19,-30;496,-10,8;506,22,7;516,16,32;536,-7,-8
rua|major|carlos paranhos|centro|14470000|23,-2025264,-4748043;29,141,101;33,-151,-108;35,147,104;36,-68,-46;38,-61,-54;39,119,93;41,-76,-53;43,-86,-64;44,-247,-184;45,245,181;48,34,4;49,63,131;50,56,-18;60,-90,-68;63,86,62;69,-134,-100;76,-321,-178;95,426,253;106,-144,-117;114,8,9;117,-7,3;118,-126,-112;137,108,97;146,186,147;148,-187,-151;151,-6,-1;154,5,-10;157,110,100;158,-120,-107;159,-3,14;173,-59,-67;174,53,43;176,225,192;177,-280,-216;182,12,23;183,-4,-4;191,246,190;194,30,13;204,20,12;205,-268,-227;214,-9,-3;222,-8,-9;244,-7,-2;250,-19,-12;260,-7,-5;287,-21,-14;309,-18,-6;319,-5,-16;320,15,10;324,-11,-7;331,-18,2;334,10,-7;342,-6,-9;348,-12,-3;349,-14,14;354,8,-22;419,-21,1;436,-1,-3;456,-27,-5;530,-65,15;553,237,91
rua|padre|cesar gardine|santa luzia|14470000|234,-2024324,-4747885;240,7,-3;242,21,-5;244,6,-6;246,14,-6;248,5,9;250,-7,-10;252,18,-2;254,13,1;258,19,-3;260,20,-7;262,2,3;264,7,3;266,12,-1;268,7,-6;270,23,-1;272,-9,-6;274,12,10;276,13,4;281,17,-7;282,1,13;283,19,-4;284,-6,-3;286,5,5;287,11,15;288,-4,0;291,27,-4;294,-12,6;295,21,-15;301,-103,-28;302,169,70;308,-58,-20;310,-5,-4;312,-13,-4;316,37,16;318,15,-5;320,-3,7;322,15,5;346,43,6;347,-11,-4;348,3,5;453,-261,-75;517,8,3;518,13,-13;520,17,-41;547,3,44;565,14,7;575,-5,-21;605,25,28;607,17,4;611,-8,-3;621,33,-18
rua|padre|cesar gardini|bela vista|14470000|2,-2024381,-4747856;135,-137,153;165,7,-15;175,5,-1;179,110,-125;190,-119,143;191,-23,2;192,37,-15;193,-21,14;194,28,-28;196,-7,8;198,10,-12;200,11,-10;201,-15,5;202,15,-14;203,-7,10;205,-2,1;210,41,-40;212,5,-11;214,20,-6;216,2,-7;218,9,-6;220,6,-15;222,-7,-7;224,18,-8;226,13,-9;435,-14,5;443,5,-7;445,6,-5;455,3,-7;465,4,-3;475,12,-13;481,-160,192;485,170,-195
rua|padre|cesar gardini|santa luzia|14470000|236,-2024343,-4747877;358,450,5;360,8,-7;362,7,2;370,14,1;378,6,-1;380,14,-6;382,11,3;396,21,3;398,18,-2;403,-52,-9;408,69,12;413,-58,-8;418,71,14;420,11,6;442,29,11;444,4,2;446,7,-1;448,11,5;456,4,7;462,18,7;463,-1,-2;482,18,4;491,-103,-39;492,134,50;493,-125,-56;501,21,14;511,4,-2;521,14,4;531,12,4;541,1,2;551,7,1;561,12,9;571,9,2;581,13,5;591,7,12;601,5,-7;611,13,1;615,11,1;620,2,3
rua|professora|maria aparecida dos santos cos|centro|14470000|367,-2025747,-4748090;373,4,-5;389,3,-5;411,18,-21;423,10,-2;433,-47,-30;459,76,3;465,-9,-28;466,10,14;472,6,-8;482,5,-12;492,11,-3;502,-3,-5;523,6,-12;526,-6,5;533,14,-18;546,-1,1
rua|professora|maria aparecida santos costa|centro|14470000|12,-2025933,-4747806;32,7,-16;37,16,-40;41,-11,25;42,4,10;50,1,-11;58,2,-6;59,-1,-4;60,17,-2;70,-4,-12;73,-3,-5;81,8,-5;111,7,-15;137,23,-28;147,1,-8;157,-1,25;168,13,-22;173,2,-19;178,3,11;180,5,-9;183,-2,-3;188,6,4;193,-3,-12;196,12,-8;201,-10,0;207,7,-14;208,-1,12;210,11,-12;213,-3,-5;311,47,-68;327,8,-11
rua|professor|getulio franca|igacaba|14470000|9,-2013250,-4744458;13,-2,49;15,7,-39;16,1,-16;24,1,76;25,-7,-16;26,4,37;27,-7,-1;28,8,10;33,-9,33;34,-7,39;35,9,14;36,-11,3;37,7,10;39,-4,7;40,1,23;41,1,7;43,3,21;44,6,-5;45,-15,44;47,5,-144;52,-3,66;55,-2,61;76,8,-159
rua|santa|branca|estreito|14470000|557,-2016391,-4728943;821,-48,29
rua|sao|francisco|alto pora|14470000|2,-2007470,-4748450;4,8,-3;6,0,0;8,8,-8;10,14,-8;11,-52,42;12,61,-49;13,12,-5;15,4,12;18,6,-18;19,-77,65;21,9,-22;22,84,-52;25,-73,51;26,102,-69;27,-87,66;28,103,-72;29,-92,61;30,93,-67;31,-93,69;32,110,-79;33,-103,71;34,119,-76;35,34,-14;36,-16,-3;38,9,-3;40,17,-13;42,14,-6;43,-9,14;44,20,-21;46,7,-6;47,-12,19;48,-87,46;49,158,-96;51,8,4;53,13,-10;55,15,-5;57,-97,56;75,76,-52;155,-12,0
rua|sao|jose|alto pora|14470000|24,-2007403,-4748532;41,-2,4;42,8,7;49,15,52;56,-21,-61;64,-5,-10;68,57,111;86,4,9;88,-2,-17;90,-4,-4;96,-15,-18;134,7,6
rua|sao|paulo|vila primavera|14470000|18,-2019104,-4730393;36,-11,15;42,-3,37;46,-5,6;48,-6,12;50,-5,10;56,15,-46;58,-2,10
rua|tenente|salviano|centro|14470000|5,-2025765,-4747640;40,-3,-15;43,-13,4;44,2,-11;48,-2,-12;55,-5,19;60,-6,-14;67,-6,-3;73,2,13;130,-35,-45;136,-11,-2;148,-5,-10;157,160,136;158,-169,-144;170,-10,-7;175,167,139;189,-10,0;199,-180,-148;201,174,141;209,-180,-148;211,80,57;220,-83,-69;234,-18,-13;244,5,11;250,169,138;252,-188,-142
rua||10|vila isabel|14470000|18,-2023889,-4747622;30,7,8;44,11,1;54,3,-8;74,41,15;113,31,6;114,-4,5;134,18,9;164,18,8
rua||15 de novembro|vila primavera|14470000|1,-2018838,-4730312;21,-44,78;27,3,-11;33,6,-21;37,-6,11;51,1,9;81,13,-46;86,-1,-31;93,13,12;94,-7,-1;95,6,9;97,-7,2;100,-8,27;105,-19,56;111,-2,17;116,-3,-27;117,0,50;118,0,-33;120,-9,12;135,-15,61
rua||1|vila isabel|14470000|6,-2023751,-4747282
rua||200|buganville|14470000|35,-2025808,-4747505;44,-129,52;54,0,-11;55,113,-33;69,-11,5;70,-91,7;75,83,-4;84,-84,0;85,74,4;105,-9,-3;115,-17,0;165,-19,58;170,9,-46;190,-3,18;200,-6,11;240,-20,40
rua||3|vila isabel|14470000|5,-2023980,-4747541;15,-2,-7;20,-48,-90;25,42,84;45,-15,-25;56,2,-6;65,-25,-15;75,1,-20;85,-1,-13;95,-20,-47;101,-6,16;105,13,-10;125,1,-16;288,38,121;300,13,6;308,7,10;310,8,13;407,-43,-60;411,-31,9
rua||4|vila isabel|14470000|2,-2023970,-4747353;5,1,-38;6,5,8;8,0,13;20,7,-73;30,14,12;36,0,-14;40,11,-1;42,15,-8;44,-14,4;50,32,-12;60,10,1;75,-58,50;85,23,-45;95,5,-1;135,35,-10;155,-20,3;210,-9,5;226,26,0;240,-34,3
rua||7|vila isabel|14470000|5,-2024084,-4747640;6,1,6;10,11,-3;12,8,1;18,4,-2;25,-6,-6;35,9,0;45,8,0
rua||8|santa terezinha|14470000|90,-2024450,-4747178
rua||8|vila isabel|14470000|2,-2023864,-4747346;4,-8,5;5,-13,3;6,9,1;7,-15,-2;13,-3,1;15,-6,6
rua||9 de julho|vila primavera|14470000|8,-2018983,-4730353;22,8,-23;26,-3,12;90,-23,52;100,-3,23
rua||abib naufil santiago|bela vista|14470000|237,-2025154,-4748134;238,0,-12;248,8,-9
rua||abib naufil santiago|centro|14470000|5,-2025229,-4748035;7,10,-9;20,-175,219;25,170,-234;30,-101,138;33,71,-73;35,37,-62;36,-154,200;41,96,-124;44,8,-14;46,-107,145;50,117,-156;55,51,-70;67,-44,74;70,1,-22;75,53,-66;86,-50,76;87,4,-1;162,44,-46;184,-118,134;194,-7,4;204,-9,7
rua||adolfo borges nogueira|jardim esmeralda|14470000|26,-2024852,-4747391;36,29,-23;37,-16,2;46,5,2;47,2,-8;56,10,4;57,-2,-11;66,11,5;76,10,0;87,0,-14;97,-8,5;116,55,-24;126,-3,10;182,-59,17;338,-38,32
rua||adolfo borges nogueira|vila esmeralda|14470000|50,-2024901,-4747348;337,5,-35;357,2,31;496,-35,23;500,-8,7;503,-16,9
rua||afonso peixoto pires|nova pedregulho|14470000|5,-2025496,-4748555;6,26,-5;15,-30,-8;16,19,-8;25,-37,50;26,42,-80;35,7,44;36,-4,-28;45,-10,-2;46,11,-12;55,-14,4;56,13,-11;65,-11,0;66,7,-14;75,-6,11;76,7,-22;85,-6,5;86,12,-10;95,-5,1;96,4,-13;105,-10,-2;106,11,-8;115,-4,9;116,7,-23
rua||agenor marangoni|morada do sol|14470000|1,-2025959,-4748521;2,-9,-1;11,21,-13;12,-17,7;21,15,-16;22,-8,15;31,9,-26;32,-8,7;41,17,-13;42,-14,8;51,17,-20;52,-13,15;61,19,-22;62,-17,7;71,18,-12;73,30,-78;81,-32,74;82,-11,3;91,18,-16;92,-12,-4;102,6,-5;111,8,-11;112,0,8;121,11,-13;131,14,-39;132,-19,30;138,8,-30;141,15,-6;142,-13,-4;151,15,-10;152,-3,-1;161,7,-5;162,-4,-6;171,13,-10;172,-5,11;181,7,-15;182,-9,6;191,15,-17;192,-6,5;201,7,-16;202,-9,12;211,13,-21;212,-6,14;221,9,-26;222,-7,9;231,14,-10;232,-11,7;241,16,-15;242,-9,6;252,0,-4;261,18,-28;262,-11,18;272,1,-12;282,2,-7;292,-1,-22
rua||albano trevisani|igacaba|14470000|4,-2013323,-4744472;5,1,3;12,-7,89;13,6,-86;14,-12,76;22,-2,11;24,4,75;35,1,14;55,-9,110;60,2,-49;63,5,-27;64,2,-24;65,2,-16;67,0,-8;70,-8,109;73,8,-263;91,-2,16;99,-8,159;101,8,-141
rua||aldrovando aguilar|nova pedregulho|14470000|83,-2025269,-4748542;95,-30,-42;96,5,5;115,31,40;116,-5,-15
rua||alexandrita branquinho|igacaba|14470000|44,-2013254,-4744177;46,-12,40;48,-55,20;72,-42,5;78,70,-18;88,9,17;137,66,-53;146,14,6;147,-8,-10;157,7,-4
rua||alfredo alonso galante|vila santa cruz|14470000|3,-2025698,-4747454;4,71,59;7,-82,-52;25,75,43;27,-84,-62;30,30,37;31,30,15;35,12,12;37,19,23;49,-3,-19;73,-53,-29;85,-18,-10
rua||alfredo assaid|nova pedregulho|14470000|6,-2025431,-4748572;15,2,6;16,8,-16;25,-5,3;26,3,-9;35,-5,-3;36,8,-12;45,-12,0;46,10,-21;55,-5,18;56,1,-23;65,-7,3;66,9,-14;75,-7,10;76,7,-18;85,-9,15;86,11,-18;95,-10,-2;96,7,-7;105,-3,-2;106,7,-19;115,-5,13;116,2,-15;125,-3,1
rua||alfredo de souza|santa terezinha|14470000|15,-2024551,-4747281;25,8,4;35,8,8;40,2,8;45,3,-6;50,10,13;55,1,-8;60,8,12;65,0,-8;70,10,12;75,-5,-7;80,10,16;85,1,-12;90,8,9;95,-1,-7;100,5,15;105,1,-8;110,8,11;115,1,-4;120,8,11;125,-3,-8;130,10,11;135,0,-11;140,8,15;145,1,-3;150,10,11;155,-1,-9;165,1,6;185,37,9;195,-4,2;205,7,8;215,5,9;225,14,2;235,3,3;245,16,1;255,1,8;265,11,7;275,6,1;285,10,6;295,6,1
rua||ana rodrigues vila verde ferreira|santa terezinha|14470000|10,-2024684,-4747286;15,10,-12;25,1,-4;35,16,-13;45,3,2;55,10,0;65,18,-2;75,0,-1;85,2,-6;95,12,2;105,14,-9;115,9,0;125,6,-1;155,26,-11;180,8,19;185,10,-6;190,-1,6;195,4,-3;200,7,9;205,5,-3;210,1,-3;215,5,8;220,2,3;225,4,-2;230,2,5;235,6,0;240,9,2;245,-1,-3;250,1,13;255,14,-4;260,1,7;265,4,2;270,0,2;275,1,-6;280,6,10;285,8,0;290,3,4;295,6,7;300,4,-1;305,4,4;310,8,0;315,0,2;320,0,5;325,9,-3;330,-2,10;335,10,-12;340,-3,17;345,18,27;350,-11,-21;370,18,7;375,9,-11;380,0,17;385,9,-6;390,-2,8;395,9,-5;400,2,16;405,4,-9;410,0,13;415,8,-7;420,3,10;425,7,-9;430,-1,15;435,9,-9;440,0,11;445,5,-3;450,3,9;455,8,-1;460,3,6;465,5,-7;470,-1,12
rua||angelo mozzato giron|igacaba|14470000|10,-2013035,-4744302;12,-11,0;13,-38,-2;14,-22,-4;15,-48,-2;16,101,8;22,-12,-2;24,-160,-16;26,13,-4;27,-2,14;30,-16,-16;41,-68,3;42,174,17;49,59,-4;51,-221,-10;55,33,18;59,188,-11;65,-233,-14;75,15,0;79,241,16;89,6,1
rua||anibal branquinho|bela vista|14470000|2,-2025039,-4747826;11,22,-46;12,-17,38;15,24,-44;20,1,18;25,3,-25;28,2,18;32,-4,-18;34,9,-1;35,4,-12;40,2,5;65,25,-41;75,15,-22;82,21,8;95,-17,-17;103,6,-9;106,10,12;115,-1,-24;116,2,15;126,3,-8;135,10,-17;136,1,8;140,-67,90;183,89,-135;186,14,0;198,24,-3;199,-37,-21;200,99,-89;209,-87,80;216,19,17;233,2,-22;234,6,12;244,5,-8;245,-8,-11;267,7,-4;268,30,-27;299,-8,-12;309,6,-9;353,26,-27;359,3,-5;363,5,-4
rua||antonio alves carvalho|morada do sol|14470000|6,-2025920,-4748509;7,-5,-8;9,2,-4;10,5,-1;19,7,-2;20,-1,-5;29,-2,-3;30,3,-3;35,4,-2;39,0,-8;40,4,-5;49,3,-3;50,-2,1;59,6,-7;60,2,0;69,2,-11;70,4,-5;79,9,-13;80,-16,17;89,3,-8;90,4,-5;99,14,-15;100,-8,-2;109,7,3;110,-3,-2;119,6,-13;122,-1,-1;128,9,-28;129,10,-7;130,-9,2;139,13,-11;140,-9,0;149,14,-6;159,1,-7;160,-4,-17;169,12,8;170,-13,7;179,12,-17;180,-7,-3;189,14,-5;190,-9,-4;199,10,-6;200,-6,-8;209,7,3;210,4,-11;219,2,1;220,2,-10;230,1,-8;240,3,-2;243,13,-6;250,-11,-7;254,2,-1
rua||antonio cavalini|bela vista|14470000|25,-2024874,-4748151;27,4,-2;42,12,-3;43,-2,-10;46,2,5;53,2,-15;59,17,-9;60,-13,17;62,7,-13;90,12,-14;99,10,-13;100,-2,4;103,-15,-19
rua||antonio de paula sobrinho|centro|14470000|29,-2025668,-4748212;30,-17,-12;39,-9,7;40,-11,2;59,1,-16;60,-5,-9;69,-16,5;90,10,-11;100,0,3;110,-27,-26;120,-14,-11;127,-4,7;130,11,-10;137,-17,-9;139,0,11;141,-4,-15;148,2,7;149,-9,1;157,-8,-7;513,112,87
rua||antonio luiz ferreira|morada do sol|14470000|17,-2025717,-4748700
rua||antonio luiz ferreira|nova pedregulho|14470000|115,-2025638,-4748676;116,9,3;122,-62,-12;125,158,13;126,-13,11;135,69,-20;155,214,2;216,111,94
rua||antonio m bonilha|morada do sol|14470000|3,-2025711,-4748637;5,-1,44;7,0,-11;19,4,-88;23,-8,33;33,7,-26
rua||antonio m bonilha|nova pedregulho|14470000|12,-2025698,-4748577;22,-18,1;28,8,-6;72,11,-50;82,-7,-6;92,3,-12;102,6,-11;112,-14,-3
rua||antonio padilha|bela vista|14470000|20,-2024542,-4747928;30,10,0;31,-16,-3;33,15,2;37,12,-6;40,0,7;51,4,-10;55,13,-4;56,2,7;57,8,-11;60,-62,21;66,62,-6;77,2,-11;97,22,-5;129,44,-8;137,8,-9;147,11,1;157,13,7;180,-58,9;190,14,5;202,19,-5;206,43,-9;220,-19,3;226,-8,1;234,19,-9;235,-1,-2;249,8,-3;259,10,-5
rua||arcebilio luca|centro|14470000|35,-2025543,-4747555;36,3,9;37,3,-8;39,16,10;42,12,-2;46,-22,3
rua||arlindo marangoni|vila santa cruz|14470000|7,-2025613,-4747225;54,-29,21;75,11,41
rua||arthur saverondo|nova pedregulho|14470000|5,-2025374,-4748517
rua||artur belem junior|centro|14470000|45,-2025609,-4747538;75,4,14;81,12,8;85,13,-18
rua||artur belem junior|vila santa cruz|14470000|12,-2025651,-4747562;28,3,6;44,14,32;46,0,-14;54,6,0;80,14,32
rua||avanhandava|estreito|14470000|748,-2016372,-4728842
rua||barao de maua|vila primavera|14470000|20,-2018751,-4730219;28,1,-9;30,3,-4;95,-5,14;97,-7,15;101,-4,7;111,-10,19;115,-7,22
rua||bariri|estreito|14470000|434,-2016255,-4728780;470,0,-33;488,-15,-25;506,-1,0
rua||beco vhf|estreito|14470000|44,-2016013,-4727632;74,7,-18;97,-2,-16;102,7,-12;129,-5,-20
rua||belmiro marangoni|bela vista|14470000|10,-2024397,-4747805;19,-36,-44;23,-2,-24;27,0,13;41,-11,-30;62,-8,-56;63,13,16;72,-12,-4;82,0,0;88,-3,-24;90,8,20;105,-17,-30;110,4,-12;113,-7,7;120,6,-13;123,-1,-5;127,-10,-2;129,39,122;130,-25,-129;132,22,126;133,-38,-126;149,45,141;159,5,8;163,-52,-173;169,57,180;173,-55,-189;183,-6,-12
rua||benedito mariano|santa terezinha|14470000|10,-2024597,-4747150;17,253,105;20,-240,-111;30,0,3;40,17,-6;60,139,-4;70,-114,-9;80,-37,-7;90,51,10;100,8,-10;110,10,1;115,-5,-18;130,14,15;135,13,-8;140,2,13;145,2,-10;150,4,19;155,2,-14;160,8,23;165,8,-11;180,3,21;185,12,-5;190,-1,11;195,5,-4;200,4,10;205,3,-1;210,4,9;215,2,-7;220,1,13;230,13,4;235,-3,-2;240,6,12;245,-5,-8;250,9,14;255,7,-10;260,4,15;265,3,-6;270,5,11;275,-1,-8;280,7,11;285,2,2;290,3,7;295,3,-6;300,4,12;305,4,-4;310,6,12;315,1,-3;320,2,7;325,7,-7;330,1,18;475,53,-150
rua||bentivoglio mancini|centro|14470000|3,-2025547,-4748211;19,-22,-7;20,5,6;27,-8,-11;28,-1,6;35,-4,-8;43,-13,-9;44,5,5;52,-1,3;60,-7,-3;61,5,-5;68,-4,-2;387,45,30;500,-67,-46
rua||bercario garcia barbosa|alto pora|14470000|17,-2007504,-4748429;30,1,-38;40,2,9
rua||b|oswaldo silva|14470000|27,-2026264,-4748116
rua||calocero justino bolonha|morada do sol|14470000|2,-2025717,-4748511;4,-16,-66;5,-33,-33;14,32,20;15,-33,-29;24,31,16;25,-25,-22;34,25,9;35,-29,-30;44,20,23;47,-78,-160;54,82,154;64,-1,-5;74,-1,-15;84,-1,-4;94,1,-14;104,-5,-3;114,-1,-14;124,-5,3
rua||cildo giolo|jardim esmeralda|14470000|10,-2024767,-4747153;20,6,-3;30,13,-6;40,2,-8;50,14,-8;60,2,-4;70,6,4;80,7,-11;90,10,1;100,11,-9;620,1,-12
rua||clementino teixeira|bela vista|14470000|15,-2024622,-4747858;19,38,-47;20,5,-9;35,2,-24;40,8,32;54,1,-12;70,-204,263;75,189,-241;79,-39,63;89,-5,-1;90,-11,-5;101,3,16;105,-6,6;115,-9,3;125,6,18;180,-38,26;190,-13,4;200,-1,14;204,3,2;212,-18,7;219,10,5;222,-11,10;229,0,0;230,-18,10;232,10,-9;235,1,12;283,-23,22;288,-6,-2;291,-3,12;301,-6,13;302,-1,-14;307,1,14;313,-5,8;329,102,-139;337,-115,159;343,-8,5;348,-4,-5;353,5,13;362,-17,-5;363,20,29;373,-20,-14;393,-12,23;403,-12,31;425,233,-321;443,1,-2;690,-208,317;769,-22,-9;785,24,4
rua||cleusa aparecida rodrigues machado|santa terezinha|14470000|180,-2024425,-4747192;190,12,5;200,3,9;210,9,3;220,9,18;230,-1,-1;240,9,5;250,9,12;260,3,-1;270,8,8;280,8,10;290,9,1;300,8,9;310,7,5;320,6,9
rua||colombia|estreito|14470000|541,-2016288,-4728876;542,21,8;559,-25,-23;560,12,3;577,-14,-21;578,10,-2;595,-20,-15;613,2,-14;614,15,-3;647,-20,-31;665,-11,-12;683,-2,-19;699,-2,-21;719,-1,-15
rua||cornelio teixeira|bela vista|14470000|2,-2024831,-4747707;4,-19,-13;8,17,15;9,12,-5;10,-3,11;13,14,0;15,-3,-1;16,-9,7;21,20,4;30,-10,4;31,8,0;39,7,1;40,-1,7;46,1,3;47,6,-9;55,16,13;69,2,4;96,12,23;97,2,-11;105,14,20;112,11,5;115,-4,-2;122,9,7;125,0,2;141,6,4;142,6,9;159,12,8;337,-59,-52
rua||corumba|estreito|14470000|74,-2016448,-4728830;78,-10,-14;80,-10,-40;86,5,6;88,-3,-17;120,-11,-31;123,-11,6;138,9,-20;139,-12,0;157,-3,-17;158,11,-3;174,-3,-15;192,-7,-20;193,-11,2;226,2,-26;229,-15,-4;244,9,-18;245,-13,-1;264,7,-15;280,0,-14;281,-7,0;299,-8,-15;300,13,-4;333,-27,-32;334,20,2;350,-5,-17;351,-13,11;369,-2,-27;370,8,7;371,-11,-13;386,7,-9;389,-11,4;405,-8,-24
rua||c|oswaldo silva|14470000|9,-2026336,-4748108;19,6,4;39,13,13;49,8,-2
rua||da barreira|vila barreira|14470000|12,-2016674,-4729487;98,-18,-65;100,-10,-38;102,4,33;104,3,-9;106,14,9;108,-13,13;110,7,10;120,4,25;122,4,2;130,-3,2;140,5,8;150,4,18;160,10,17;162,-1,10;176,-22,-70
rua||derval candido ferreira|jardim esmeralda|14470000|7,-2024968,-4747566;17,7,14;20,204,409;21,-211,-411;23,2,-4;25,11,24;27,3,-7;29,1,8;30,187,399;33,-182,-398;37,-52,-106;40,244,516;47,-192,-400;57,0,5;67,5,4;81,36,79;87,-26,-54;107,7,14;117,11,28;118,3,4;127,-3,-11;137,-7,-6;147,-3,-9;250,6,-15;260,6,13;290,16,40;291,-7,0;300,11,8;301,-7,6;303,5,8;310,7,-6;311,-13,-8;321,3,15;331,-4,12;348,31,19;350,3,12;358,27,-14;368,-26,23;410,25,31;420,1,11;430,-3,16
rua||derval candido ferreira|vila esmeralda|14470000|337,-2024886,-4747380;347,8,9;357,1,10;367,14,1;377,-2,15;387,1,9;397,4,16;417,13,21;427,-3,8;437,10,-3;447,-1,12;455,3,12;467,-3,16;477,19,5;490,-32,-70;503,36,83;513,1,7;537,14,26;543,-2,11;553,4,0;563,3,3;573,6,10;593,20,28;594,-28,9;603,22,-1;629,20,27;633,-15,3;635,1,1;641,9,-15;643,2,9;647,-5,7
rua||dois|santa luzia|14470000|155,-2023943,-4747561;165,6,-5;175,0,4;185,10,-11;385,-25,17;425,20,-5
rua||dois|vila isabel|14470000|5,-2024100,-4747438;6,8,13;7,-20,-64;9,-8,-79;14,13,113;15,26,4;18,-1,7;19,-59,-71;35,70,47;36,36,-13;42,1,2;48,52,-77;53,-77,65;56,45,-9;62,0,2;68,-5,0;72,17,-9;74,1,-1;78,19,-10;84,16,-10;85,-64,42;95,8,-5;105,5,-9;115,12,-1;320,66,-56;620,27,-18;622,7,-9
rua||domingos sapio|santa luzia|14470000|1,-2023709,-4747828;2,7,2;4,-4,12;105,-9,33;106,-6,-4;113,4,13;114,-1,-9;121,-2,15;122,-2,-4;129,-4,8;130,0,2;137,-3,4;138,2,2;145,0,11;146,-3,-2;153,-4,7;154,1,-4;160,-2,4;161,3,24;162,-4,-18;169,4,8;170,-8,1;171,4,6;178,-1,4;185,1,3;186,-7,-2;191,7,7;192,-8,-1;200,5,6;201,-3,-1;205,-4,14;217,2,2;450,37,-119;464,2,-10;466,-1,14
rua||d|oswaldo silva|14470000|41,-2026370,-4748068;51,8,6;111,46,29
rua||edir edson spirlandeli|bela vista|14470000|26,-2024340,-4748009;29,-221,14;36,234,-13;39,-217,13;40,7,3;45,2,-10;48,-15,16;50,31,-3;51,-5,-10;56,203,-3;58,-233,-4;60,247,18;61,-213,-12;66,216,-3;71,-203,1;74,218,9;76,-8,-1;77,-203,-10;80,3,9;86,214,1;90,-205,0;100,220,3;106,-11,-1;133,-210,0;147,79,-22;148,-41,6;153,-40,2;155,15,-7;156,42,-6;184,28,3;196,1,2;200,13,-4;210,10,-2
rua||elizeu alves teixeira|centro|14470000|247,-2025463,-4747872;248,7,11;250,5,-18;255,-2,-3;260,1,4;265,-5,2;267,8,-14;268,-11,11;274,12,-8;281,4,-9;283,0,0;287,6,-12;290,-4,12;300,6,-4;304,4,-6;305,-2,-5;308,7,-2;311,1,-8;315,2,-4;316,11,-2;323,-10,-8;340,12,4;343,7,-19;360,17,-16;365,-13,2;371,1,-2;387,6,-13;393,5,-4;402,13,-4;416,6,-10;454,19,-24;464,9,-11;467,-6,-7;474,10,0;477,7,-12;480,-1,4;497,8,-11;513,6,-11;549,28,-53;559,3,-2;561,-10,14;562,7,4;568,10,-8;569,4,-16;571,4,-12;581,4,-19;588,0,34;598,1,-7
rua||emilio munhoz|santa luzia|14470000|3,-2023999,-4747834;4,-16,1;6,17,-10;332,-3,0;336,7,17
rua||ernesto vieira|igacaba|14470000|3,-2013088,-4744253;4,-2,9;5,0,-17;6,14,-185;7,-9,124;8,-4,-138;9,15,-8;10,-11,99;11,0,32;18,-2,-110;19,2,66;29,-1,-1;38,-10,-38
rua||estreito|estreito|14470000|25,-2016205,-4727322;55,10,-18;106,12,-27;180,-15,-104;615,-48,-382;916,-94,-284;946,-10,-29;978,-7,-26;1026,-8,-34;1054,-1,-29;1080,-11,-33;1126,-18,-48;1156,1,-18;1188,-13,-50;1751,-133,-520;1752,2,18;1786,-5,-29;1790,-2,-7;1808,-1,-19;1824,-5,-15;1858,2,-32;1876,-19,-14;1894,2,-24;1912,-1,-8;1930,-7,-23;1964,-10,-24;1984,-6,-15;2000,6,-18;2002,-7,-4;2018,-9,-16;2036,1,-16
rua||estreito|vila primavera|14470000|12,-2018745,-4730302;25,11,52;30,-93,-88;32,-84,-63;33,106,75;34,0,1;35,98,48;50,-324,-155;52,-14,-18;59,65,37;60,31,14;69,-49,-15;76,-4,-3;96,138,66;181,-12,-7
rua||euripedes ramos|nova pedregulho|14470000|185,-2025139,-4748504;195,7,-5;205,9,-3;215,2,-3;225,10,-8
rua||e|oswaldo silva|14470000|5,-2026369,-4748009;48,-32,-29;78,20,15;118,31,22
rua||facundo munhoz|centro|14470000|2,-2025380,-4747911;3,13,21;9,84,62;12,-87,-70;13,-2,6;18,3,-5;32,-12,-12;37,-19,-8;39,0,-3;40,4,1;70,-45,-37;71,7,15;72,0,-9;77,-7,2;79,-7,-2;80,-2,-20;81,1,17;90,-10,-14;126,-7,-9;140,-11,-9;176,-18,-20;184,-17,-3;190,-2,-11;199,-9,11;207,-101,-99;283,52,52;286,262,205;293,-272,-213;303,-15,-8;316,299,243;326,12,6;336,12,2;390,-290,-240;410,-20,-10;413,-8,-2;420,-53,-44;430,-16,-10;440,-10,-8;450,-17,-13;451,-13,-10;460,-9,-19;469,-84,-49;471,69,52;473,-69,-65;480,66,49;483,-31,-14;490,21,3;493,2,15;500,-5,-16;503,-9,9;516,-6,-10;524,0,-8;574,-49,-33
rua||felicio chiarelo|santa luzia|14470000|2,-2024063,-4747865;4,4,14;6,-5,0;304,13,7;314,-7,-9
rua||fioravante biasoli|vila santa cruz|14470000|5,-2025900,-4747236;8,19,4;17,-10,1;18,9,7;25,-12,-4;33,19,1;38,3,6;41,3,10;48,13,-5;49,-9,4;50,23,-1;57,-13,7;60,17,-2;65,-18,7;70,24,-1;73,-21,1;80,31,10;81,-18,-8;89,3,3;97,9,8;605,-65,-48
rua||francisco comodaro|centro|14470000|28,-2025577,-4747651;40,-8,44;50,20,-16;519,4,-27
rua||francisco ferreira ramos|bela vista|14470000|12,-2025124,-4748040;19,-119,-107;27,6,7;28,32,14;29,42,31;32,50,63;39,-112,-108;49,67,54;51,67,68;58,-55,-51;60,-52,-52;68,105,101;70,11,18;72,2,-2;77,19,15;87,-18,-33;97,11,10;107,-3,4;123,-103,-88;130,131,124;133,-88,-89;135,97,79;143,4,5;145,-26,-18;148,90,86;151,-50,-58;152,-16,5;155,-117,-114;159,204,164;160,-6,16;161,-64,-65;163,68,50;164,134,128;167,-124,-119;169,-200,-164;170,185,171;177,-48,-63;179,68,64;180,-48,-25;183,-17,-31;185,16,20;187,-84,-75;188,49,80;189,96,43;190,-14,-8;200,-2,22;203,21,-18;205,-6,11;206,-62,-45;207,73,54;208,-12,1;217,20,7;218,-15,5;248,27,11;266,19,10;277,13,5;285,4,10;286,-11,-3;307,27,14;312,-13,-2;316,5,7;332,5,1;340,10,-5;342,8,18;360,-3,-15;369,33,27;379,6,5;384,-11,6;387,11,-2;388,-5,7;396,14,5;407,-2,-5;408,5,18;416,13,7;417,-13,-16;421,22,10;423,-6,-1;426,-2,8;439,3,1;440,4,6;450,6,8;451,8,-3;460,3,18;476,13,3;490,5,9;500,13,0;508,-1,7;513,3,-6;518,5,19;523,5,-9;528,7,11;531,-7,-17;538,11,26;539,-3,-19;551,8,8;554,-3,15;566,14,5;569,-4,-18;571,6,8;576,5,16;581,0,-7;613,24,24;623,4,3;633,8,2;662,16,26
rua||francisco ferreira ramos|centro|14470000|1,-2025439,-4748320;2,11,-7;3,-4,7;4,16,14;16,178,164;26,8,15;30,7,-1;40,7,1;44,5,17;56,-1,-5;131,-240,-208;162,302,257;581,-131,-121
rua||francisco rios corral|centro|14470000|8,-2025676,-4747733;11,2,-10;26,-10,2;33,-1,-4;35,-21,-3;40,87,62;43,-88,-63;50,72,40;52,-69,-52;57,-6,8;63,-9,-8;66,69,51;68,-67,-65;73,-7,9;104,-16,-30;117,-18,8;118,8,-11;130,-11,-4;131,-3,3;144,-10,-13;147,-13,-2;150,6,-3;160,-5,-3;170,-7,-6;171,4,5;214,-29,-26;220,-10,-12;235,-11,0;244,-7,-18;249,-5,9;254,-3,-11;267,-7,4;272,-2,-14;330,-45,-29;335,-4,-5;336,7,7;337,-90,-66;347,66,55;350,11,-1;351,-22,-9;370,4,-2;391,-32,-21;405,-40,-28;412,34,26;413,-44,-34;415,42,30;420,-5,-6;425,0,1;428,-2,-9;431,-18,-7;444,6,1;455,-55,-37;456,41,30;461,-45,-36;473,-10,-8;474,47,32;511,-36,-16;520,6,-12;540,-18,-19;541,-2,15;585,-14,-16;597,-6,-10;598,-21,-18;603,2,5;613,-8,-4;616,2,-19;617,-8,16;627,-8,-5;629,2,-8;636,-6,-3;638,-4,7;639,2,-13;641,-3,2;649,-15,-7;651,-7,-4;652,17,9
rua||funil|estreito|14470000|65,-2016284,-4728139
rua||furnas|estreito|14470000|30,-2016159,-4727284;43,1,-7;50,18,4;80,10,-9;101,49,-83;130,-16,48;160,23,-28;200,27,-8;235,29,-46;240,-2,15;275,33,-29;280,-11,16;320,43,-24
rua||f|oswaldo silva|14470000|203,-2026406,-4747829
rua||gabriel rios corral|vila santa cruz|14470000|232,-2026005,-4747038;240,-3,17;252,200,-362;292,-25,30;500,-66,100;537,36,-39;543,-6,8;550,-87,109;567,88,-103;585,-5,9;643,-35,51;675,-24,28;683,-4,8;691,-11,11;703,-5,5;711,-8,13;719,-6,9;727,-6,7;747,-21,22;755,7,3;793,-14,51;813,3,18;837,-11,29;845,0,16;854,3,5;864,3,21;924,14,42;934,11,8
rua||geraldo aguilar|vila esmeralda|14470000|31,-2025489,-4747647
rua||geraldo batista gabriel|morada do sol|14470000|7,-2025775,-4748590;13,-11,-8;23,-7,-12;24,-20,9;34,-12,-14;35,25,6;44,-56,-20;53,8,-1;58,54,40;73,-91,-50;74,-29,-6
rua||geraldo batista gabriel|nova pedregulho|14470000|3,-2025424,-4748557;5,-118,-2;6,50,11;15,138,-37;16,-19,31;25,23,-42;26,-18,32;33,-321,8;35,347,-43;36,-22,32;45,32,-33;46,-21,35;55,28,-43;56,-21,27;61,-245,30;65,272,-63;66,-24,32;75,34,-38;76,-28,32;85,36,-40;86,-29,33;90,-254,60;95,289,-97;105,4,-4;115,9,-6;116,-17,28;125,18,-47;126,-10,43;135,20,-40;136,-13,33;145,6,-18;146,1,13;156,4,-5;166,12,-4;176,4,-7;186,9,-8;196,10,-4;211,-209,104
rua||geraldo ivani|nossa senhora aparecida|14470000|9,-2023648,-4747810;21,-1,12;31,1,6;41,0,12;51,-25,-19
rua||geraldo ivani|santa luzia|14470000|20,-2023648,-4747816;30,-4,17;109,-9,14
rua||geraldo mamede da silva|centro|14470000|3,-2026209,-4748042;13,6,12;29,19,12;39,3,8;49,5,2;59,12,6
rua||germano bisco 120|germano bisco|14470000|1,-2023612,-4746319;2,-13,21;3,-9,205;5,64,159
rua||germano bisco|santa luzia|14470000|105,-2023940,-4747806;115,-2,19;125,7,52;135,7,33;145,0,11;155,4,10;165,-3,-14;338,-44,-116;339,57,206;340,-38,-226;342,-1,-14;344,2,-8
rua||germano bisco|vila isabel|14470000|1,-2023817,-4747278;11,-25,-90;17,-3,-5;21,-2,-4;31,0,-9;41,-3,-16;61,-6,-19;70,-55,-184;71,51,175;80,-48,-167;81,44,160;95,-34,20;100,-3,-246;107,6,89;108,-8,-12;110,6,6;112,46,22;115,-48,-4;122,8,7;126,27,88;128,-5,-8;132,5,-3;148,-22,-60;150,6,11;156,-2,-11;160,4,36;170,8,7;227,2,35
rua||glicelina martins ferreira|bela vista|14470000|10,-2025022,-4748164
rua||graminha|estreito|14470000|40,-2016362,-4728464;52,-25,-15;70,18,-3;76,-3,-15;82,-3,-9
rua||homilton dos santos|vila barreira|14470000|20,-2016794,-4729506;21,-10,-24;34,33,84;60,-13,-26;70,-11,-27;78,29,71;82,2,8;83,-52,-144;87,71,217
rua||homilton dos santos|vila da barreira|14470000|92,-2016835,-4729526;880,15,96
rua||h|oswaldo silva|14470000|9,-2026304,-4747951;16,-7,3;26,-8,1;47,-10,17;86,-21,36;96,-3,8;106,-5,9;136,-16,23;147,-3,11;156,-12,4;157,5,-2;167,4,11
rua||igarapava|estreito|14470000|20,-2016223,-4728173;48,-11,-30;49,-10,13;82,3,-38;83,-2,2;126,-5,-41;127,-6,1;156,2,-26;184,-16,-44;185,-2,15;230,-6,-45;231,-10,9;260,8,-32;261,-16,7;290,7,-45;291,-18,20;324,0,-60;327,0,21;345,-7,-17;353,2,2;395,-16,-61;432,0,-32;450,-3,-16;468,-2,-20;486,-4,-12;504,-3,-19;538,-11,-28;556,1,-20;574,-7,-16;592,0,-17;610,-6,-16;642,-7,-25;662,-3,-19;680,-14,-16;716,-2,-29;749,-18,-32;766,12,-22;767,-13,1;784,4,-11;787,-14,-4;802,10,-16;805,-10,-1;820,11,-15;821,-18,-5;855,-8,-29;856,4,-23;857,-3,26;873,0,-14;874,9,6;875,-16,-13;876,11,-6;891,-10,-10;892,7,-3;910,7,-16;911,-22,3;912,13,-4;927,-17,-17;930,14,4;963,-20,-26;981,-3,-18;997,-4,-21;999,-1,2;1015,0,-20;1035,-12,-15;1065,-4,-30;1066,16,2;1086,-8,-10;1101,-13,-19;1104,11,-5;1119,-21,-14;1122,29,-4;1137,-35,-11;1138,21,1;1983,0,48
rua||itumbiara|estreito|14470000|13,-2016252,-4728470;23,10,-4;33,-4,-13;39,-7,1;53,-2,-30;117,-22,-59;135,0,-10;155,-2,-23;171,0,4;189,1,-33;222,-9,-26;239,-13,-23;240,7,5;257,-8,-3;275,-11,-37;276,12,-3;293,-14,-12;294,7,9;347,-12,-32;348,2,-13;365,-9,-5;366,18,1;383,-17,-22;384,12,6;401,-26,-21;402,18,3;419,-23,-21;420,14,8
rua||itutinga|estreito|14470000|20,-2016167,-4727404;35,-16,-10;65,48,-15;80,30,-2;85,-19,-14
rua||i|oswaldo silva|14470000|6,-2026348,-4747986;15,-2,12;25,-8,11;65,-19,37;72,-7,-5;75,3,9;76,-2,-1;85,-6,10;106,-12,6;135,-9,30;143,-10,15;145,-1,1;146,4,-14;155,-2,18
rua||jeronimo bernardes|bela vista|14470000|210,-2024921,-4747594;220,3,6;230,10,13;631,15,5;641,17,5
rua||jeronimo bernardes|jardim esmeralda|14470000|90,-2024981,-4747684;100,-1,8;110,3,15;120,8,11;130,8,8;140,2,8;150,11,5
rua||jhosapha antonio de oliveira|vila santa cruz|14470000|16,-2025952,-4747120;17,4,-1;25,-4,5;26,3,2;33,8,6;34,3,-1;41,2,0;42,-1,5;50,8,-4;57,5,7;58,1,-3;65,4,11;66,6,-6;73,6,10;74,3,-2;81,5,3;82,1,-2;89,3,12;90,-11,-4;97,20,-2;98,-1,0;106,2,3;739,-82,-38
rua||joana albino de camargo|bela vista|14470000|33,-2024597,-4747637;43,2,4;47,18,-5;53,0,-6;65,5,-9;102,-316,-18;104,6,11;106,14,8;108,2,-2;110,8,9;112,7,6;114,8,6;116,7,3;118,6,8;120,5,-4;122,12,19;123,1,-19;124,14,18;125,-22,-22;126,34,28;128,6,3;129,7,-3;130,3,4;132,9,3;133,-68,-33;134,75,34;136,7,1;138,10,2;140,5,1;142,9,4;144,15,-3;146,2,5;148,29,-6;150,4,-1;152,11,-5;154,5,2;156,11,-2;158,7,-5;160,5,-4;166,43,-11;168,0,-12;170,10,-4;172,6,-12;174,12,-2;176,0,1;178,11,-9;180,10,-6;182,5,-10;212,-328,12;222,8,4;232,10,6;357,10,7;365,288,-27;468,4,-15
rua||joao abrao|centro|14470000|20,-2025340,-4747886;30,28,-9;39,120,-29;40,-113,24;49,117,-24;55,14,8;65,8,-8;68,-129,22;75,137,-12;78,-122,2;88,5,-6;95,126,6;96,-83,-18;116,18,-2;128,13,13;138,15,-2;148,19,7;168,4,1;186,15,-4;194,9,11
rua||joao alfredo diniz|centro|14470000|4,-2025279,-4747864;21,134,-112;22,-100,52;41,81,-93;61,-15,21;95,-9,6;141,-28,44;247,-39,44;257,-6,9;267,-8,1;269,-5,0;288,-11,15;297,-2,22;308,-8,1;316,-4,8;318,0,-14
rua||joao algarte|bela vista|14470000|6,-2024368,-4748006;7,16,7;16,-9,-3;21,-2,41;39,5,-28;41,11,16;49,-3,0;51,2,9;55,0,9;60,-4,15;61,1,-3;70,8,32;90,-13,11;116,7,2;126,13,1;216,-14,-67
rua||joao alves toledo|santa luzia|14470000|5,-2023913,-4747844;7,1,6;8,-5,18;43,-1,-39;113,9,56;116,-1,7;121,2,3;126,2,6;129,-2,1;136,4,7;142,0,6;146,-2,4;153,6,3;156,-1,13;166,-1,8;169,3,4;176,-4,5;352,-20,-112
rua||joao jose tavares|santa luzia|14470000|1,-2023743,-4747836;3,0,9;4,-10,-1;5,9,6;6,-6,-3;7,2,18;40,6,-32;105,-14,42;106,-3,4;113,2,6;114,-7,0;121,1,7;122,-5,1;129,10,4;130,-13,2;137,33,-6;138,-36,15;145,11,0;146,-12,10;153,5,3;154,-7,1;161,8,2;162,-11,7;169,4,6;170,-6,2;177,4,7;178,-8,-1;185,5,2;189,1,8;190,1,-8;195,-1,11;199,-6,8;200,-3,-7;206,0,9;214,1,2;420,39,-142;424,2,4
rua||joao luiz da silva|nossa senhora aparecida|14470000|10,-2023515,-4747793;20,0,7;22,-71,122;30,57,-116;40,-4,9;50,-1,5;60,-3,10;70,-5,9;120,-33,77;122,-16,18;141,-20,52;165,7,-15
rua||joao mancini|centro|14470000|17,-2026057,-4747973;18,6,12;19,3,-25;23,6,5;55,24,-45;65,6,-7;75,2,-1;85,5,-9;94,4,24;98,3,-15;104,6,-9;105,-6,-11;109,3,-6;110,9,4;117,-1,-14;126,5,11;131,5,-19;144,-69,103;145,68,-106;146,-6,14;156,15,-14;166,5,-5;495,-78,95
rua||joao martins ferreira|bela vista|14470000|5,-2024929,-4748169;9,-14,-21;15,36,37;16,-36,-15;22,43,38;23,0,-14;33,11,5;34,-4,13;45,14,-2;49,4,4;50,-1,12;55,12,1;62,-6,6;79,144,114;99,-102,-95;109,3,0;112,6,21;114,366,316;119,-361,-326;132,1,8;139,15,-6;141,-10,1;142,1,19;152,28,18;162,-17,-2;171,9,-55;172,-12,44;173,23,-35;175,-25,22;179,10,7;187,3,2;199,-7,5;204,328,293;206,14,-2;208,7,2;258,-378,-322;265,-40,-23;287,156,123;289,-8,-2;297,9,11;304,-196,-174;309,200,175;337,37,25;339,-52,-48;341,49,47;342,-4,10;343,20,-1;345,4,-4;350,-17,6;359,18,1;369,10,8;376,0,16;388,7,4;394,59,45;401,-44,-55;404,42,66;405,-45,-58;414,52,61;415,-44,-57;424,53,58;425,-40,-48;436,58,67;463,-25,-30;473,24,11;483,6,10;485,14,14;496,-21,-8;518,6,4;523,23,14;525,30,23;528,-43,-31;533,50,23;543,4,16;548,-42,-32;553,44,35;558,-33,-18;568,2,1;578,6,8;598,20,17;788,-10,-7
rua||joao nicolau filho|nossa senhora aparecida|14470000|12,-2023677,-4747701;21,8,6;22,-9,-15;31,25,32;32,-15,-20;42,14,6;52,5,14;61,-5,2;62,10,-8;72,6,6;78,12,13;82,1,-4;92,3,5;102,8,5;112,8,5
rua||joao penha sanches|vila santa cruz|14470000|10,-2025938,-4747172;17,9,11;18,-2,-3;25,2,10;26,8,-3;33,2,10;34,-2,-7;41,6,10;42,5,-2;49,5,6;50,2,2;57,2,1;58,2,-3;65,4,2;66,6,6;73,2,-2;74,-4,7;81,10,4;82,-2,5;89,5,-1;90,4,-7;97,5,14;98,2,-12;105,4,12;106,2,-5
rua||joao pereira de almeida|centro|14470000|1,-2025903,-4747709;2,-127,62;3,106,-26;5,48,-71;11,2,-3;23,13,-18;35,114,-159;42,-106,156;47,2,-12;61,8,-15;70,10,2;77,3,-6;84,12,-2;87,-7,-6;97,-11,-13;121,37,-29;135,6,-13;143,0,-6;144,2,12;154,-1,1;168,12,-8;174,5,-8;175,-8,-9;185,4,-5;192,10,7;196,9,-12;200,10,-15;201,-19,0;206,-89,137;223,102,-158;228,-87,154;243,80,-138;283,38,-51;284,-3,7;286,10,-13;288,18,-9;292,-1,5;293,-15,-1;299,108,-148;301,-26,48;304,30,-41;306,-2,23;310,-89,110;311,-2,-13;312,92,-135;315,9,-10;317,0,-15;318,-100,158;319,75,-174;321,10,3;335,-72,167;350,134,-187;355,-19,3;357,-1,1;363,7,-10;365,23,-7;371,-15,-7;388,12,7;390,11,-15;395,-16,-2;401,-49,46;402,75,-63;403,-21,9;411,3,-8;412,53,-45;418,-41,53;420,0,0;422,41,-69;442,11,0
rua||joao seabra|vila barreira|14470000|26,-2016763,-4729552;54,-1,2;58,-21,-61;60,8,61;70,18,-7;74,8,-5;76,-31,9;152,11,4
rua||joaquim barbosa lima|centro|14470000|5,-2025660,-4747736;6,-12,3;15,17,-15;25,6,-9;30,9,11;35,-2,-19;45,3,-1;53,8,-6;56,-7,6;59,6,-16;60,2,5;69,3,-14;72,-3,7;73,3,-12;75,7,1;78,-4,17;83,8,-18;84,-21,-12;93,22,3;99,5,-7;100,-9,3;131,32,-39;146,11,3;170,8,-8;180,3,-11;183,3,-15;186,0,11;197,8,-22;204,-1,12;213,5,-28;216,6,9;253,12,-25;257,4,-13;259,5,1;277,10,-16;293,4,-6;297,8,-6;317,8,-14;321,17,-24;334,-25,47;343,35,-64;369,11,-18;381,9,-13;399,-23,36;404,12,-4;452,43,-61;461,-1,-7;468,11,-4;469,1,-14;470,-3,3;479,8,-6;484,5,-2;489,-1,-6;494,1,7;501,7,-14;502,-6,5;519,11,-14;550,35,-52;560,6,1;563,-21,16;583,13,-20;595,3,0
rua||joaquim ferreira coelho|centro|14470000|4,-2025541,-4747782;5,-6,-25;11,-12,16;31,3,-6;32,3,-6;41,-16,-3;51,-10,-1;55,-16,-3;58,31,-6;62,-7,0;65,-16,-2;71,-10,7;75,1,-11;76,15,-8;96,-20,-6;103,-3,-3;114,2,-11;115,-8,7;123,-18,-8;126,1,-16;135,-9,11;136,6,-1;145,-5,-6;146,0,-2;159,-7,-2;168,-4,-2;169,-7,-5;198,-14,-14;203,-16,-7;214,-13,-9;221,-3,-4;232,-172,-135;234,177,133;242,8,-29;244,2,5;246,-20,14;247,-14,-2;248,40,-15;251,-50,-1;256,19,11;294,-88,-65;302,42,19;308,24,7;311,-23,19;312,19,-9;320,-174,-119;331,147,109;337,-9,-1;347,-14,-8;430,-75,-64;433,10,17;445,15,10;504,-58,-54;514,-12,-11;525,-23,-3;560,4,-11;569,-25,-8;580,-2,-13;600,-8,-6;610,4,6;615,-13,-6;625,-19,-28;645,8,14;655,-23,-15;658,0,-6;665,-9,-2;670,4,-25;700,-34,-11;725,-16,10;745,-19,-17;757,-12,-5;765,-17,-5
rua||joaquim garcia pereira|vila santa cruz|14470000|6,-2025574,-4747163;18,0,-16;24,13,29;30,-12,-6;37,-68,-105;45,-13,-11;65,13,15;67,7,-3;100,0,128;101,40,-97;121,13,16;131,8,6;141,13,3;152,4,19;234,-64,59
rua||joaquim rios martins|santa luzia|14470000|1,-2024052,-4747828;6,203,5;7,62,7;8,38,-16;45,-153,10;65,19,1;99,196,33;102,-2,5;105,-221,-33;106,11,4;300,-191,-22;304,49,12;338,75,10
rua||jofre brasileiro de mendonca|nossa senhora aparecida|14470000|90,-2023702,-4747651;100,-2,-13;110,8,-13;120,8,-8;130,1,-19
rua||jofre brasileiro de mendonca|santa luzia|14470000|102,-2023684,-4747772;111,-20,93;121,2,-11;131,1,-7;147,7,-9;151,3,-18;157,-3,7;187,-3,-16;207,11,-29
rua||jonas ferreira coelho|nova pedregulho|14470000|5,-2025622,-4748558;6,0,-3;15,-5,-13;16,14,16;25,-6,-26;26,8,11;35,-23,-33;36,20,18;45,-2,-9;46,3,11;55,-11,-26;56,10,19;65,-4,-19;66,5,-1;75,-4,-12;76,4,10;85,-6,-19;86,3,6;95,-1,-13;96,-3,12;105,2,-24;106,6,0;115,-14,-16
rua||jorge penna|vila santa cruz|14470000|85,-2025792,-4747242;105,-65,121;106,-56,105;182,104,-187;225,17,-19;245,-8,20;538,-122,208;546,-5,5;554,-11,12;562,1,1;570,-3,6;578,-3,10;586,-5,13;594,-3,-2;602,-6,6;610,-5,10;612,1,7
rua||jorge saad|centro|14470000|1,-2026150,-4747994;7,-26,34;15,36,-51;19,8,-10;25,4,-9;26,5,4;28,12,-16;30,-3,10;31,-5,-9;37,0,1;43,3,-10;49,4,-4;116,42,-35;119,-11,2;129,3,-9;135,21,-34;136,-9,33;137,3,-19;171,8,-18;181,15,-15;576,-43,75
rua||jose alves moreira|alto pora|14470000|10,-2007463,-4748510;50,-33,21;60,6,-3;74,12,-12;110,34,-19;120,-14,7
rua||jose antonio jorge|bela vista|14470000|403,-2024592,-4748066;436,18,40;445,10,-26;446,0,4;456,12,-1;460,10,-1;466,2,-2;475,6,-9;476,1,19;485,8,-17;488,3,10;491,-50,17;500,61,-26;501,3,-4;508,3,10;528,19,-9
rua||jose balieiro lopes|bela vista|14470000|6,-2024641,-4747642;10,-19,11;12,22,-21;14,-7,-4;23,-5,37;26,1,-27;28,-20,22;32,0,10;34,41,-52;36,-47,58;42,44,-68;43,22,-22;44,-10,23;46,-62,68;52,63,-80;59,-71,88;64,80,-87;74,8,-14;78,29,-38;84,-22,25;87,23,-32;89,4,-8;91,-4,-3;93,14,-3;99,-6,-5;105,5,-14;121,17,-9;130,-1,1;144,-18,31;145,22,-41;146,-156,216;148,4,4;154,173,-172;162,-34,-13;164,1,4;174,-4,-11;184,12,-5;194,9,-14;410,-62,58
rua||jose barbosa filhinho|bela vista|14470000|4,-2025140,-4747881;17,-8,10;20,44,-56;22,17,-13;32,8,-6;58,7,-6;108,33,-52;119,-5,6;133,9,-26;141,5,-8;142,11,5;147,-5,-4;152,15,2;170,7,-14;178,-2,-3;180,2,-12;181,-17,13;185,6,-14;215,18,-20;227,17,-13;232,-4,14;233,3,-30;234,5,20;236,14,-14;247,-6,-10;252,10,4;253,-8,-11;264,21,-1;267,-15,-1;273,10,-10;283,1,-2;290,10,6;293,4,-13;298,9,-2;304,1,-5;317,19,-20;325,6,-11;330,2,3;335,3,-12;338,8,11;345,3,-15;346,-2,7;356,4,-11;357,2,-4;366,22,-18;375,-15,13;381,3,-5;416,17,-22
rua||jose barbosa filhinho|centro|14470000|27,-2025102,-4747929;33,1,-14;47,15,-16;57,5,-11;67,6,-5;77,21,-3
rua||jose bolonha|bela vista|14470000|60,-2024487,-4747894;69,-47,-27;75,-29,40;85,0,3;86,45,-5;87,-28,1;89,48,-9;95,-42,5;98,36,2;99,9,-12;109,7,2;132,49,-6;142,18,-5;152,5,-5;153,-30,14;155,15,-4;157,5,-3;162,17,-6;163,-13,-2;168,20,-1;175,-6,-2;176,15,-1;178,-25,11;185,23,-9;188,-82,21;192,96,-17;195,-8,-11;196,8,13;198,4,-4;200,-122,22;205,124,-36;218,-151,43;581,197,-47;593,14,-4;603,2,0;623,22,-6;633,13,-1;643,7,-5;651,5,0;665,16,-3
rua||jose brentini|bela vista|14470000|18,-2024558,-4747945;22,-3,-7;30,-15,-66;36,13,50;40,-7,-33;46,6,29;78,-6,-38;80,-1,-7;394,-8,-14
rua||jose candido da silveira|igacaba|14470000|15,-2013048,-4744408;17,-104,-14;19,38,5;29,8,0;38,11,-4;64,-227,-7;70,27,4;71,-6,-10;79,108,6
rua||jose de paula cintra|nova pedregulho|14470000|5,-2025519,-4748548;6,-1,-9;15,-2,-19;16,-3,13;25,5,-12;26,4,5;35,-7,-10;36,8,1;45,-9,-13;46,3,-13;55,1,8;56,-10,-1;65,10,-2;66,1,-13;75,-2,-7;76,0,-14;85,-1,-2;86,-2,5;90,0,-13;95,0,6;96,-1,0;105,-1,-6;106,2,-6;115,3,-6;116,2,-12;126,5,-2
rua||jose fernandes da silva|bela vista|14470000|2,-2025031,-4747802;366,24,19;397,-15,2;402,12,9;413,1,4;416,8,1;417,-5,2;453,9,6;457,7,5;467,4,6;476,48,39;477,-33,-17;487,11,10;497,5,10;507,8,5;517,5,2;527,4,4;533,-1,3;537,8,7;547,7,9;560,-24,-40;570,48,58;600,26,30;642,17,15
rua||jose fernandes da silva|jardim esmeralda|14470000|571,-2024905,-4747645;581,8,6;591,4,3;601,9,9;611,12,5;621,0,12;631,9,1;641,10,13;651,4,4;661,10,6;671,12,13;701,1,3
rua||jose ferreira sobrinho|santa luzia|14470000|4,-2023795,-4747840;5,3,1;6,-8,13;7,16,8;8,-8,-26;105,-6,35;106,-6,-1;113,-2,10;121,0,8;124,1,-8;132,-4,12;137,-14,12;140,11,-11;145,6,14;148,-13,-7;153,6,13;156,-3,-3;161,1,12;164,-3,-10;169,1,14;172,-2,-8;177,0,17;180,-1,-6;185,-4,13;186,1,-9;192,-5,9;193,0,15;202,-1,-8;205,-2,22;212,-4,-7;400,45,-151;402,5,20;410,-7,-1
rua||jose garcia|santa luzia|14470000|17,-2024320,-4747866;18,-2,-5;26,5,10;27,-36,1
rua||jose luis carlos|nova pedregulho|14470000|5,-2025570,-4748555;6,-3,-15;15,8,10;16,1,-2;25,-17,0;26,14,-6;35,-10,-12;36,4,7;45,5,-6;46,5,-11;55,-1,-18;56,-11,3;65,3,-10;66,-3,3;75,4,-10;76,8,-5;85,7,-6;86,-8,1;95,-3,-8;96,3,3;105,-7,-12;106,-4,-3;116,-3,5
rua||jose molina|vila santa cruz|14470000|60,-2025597,-4747277;85,14,-1;95,10,14;200,-35,-28;220,-10,-6;250,-12,-7;485,26,2
rua||jose nasrhi meochi|nova pedregulho|14470000|175,-2025153,-4748493
rua||jose rodrigues da silva|santa luzia|14470000|2,-2024140,-4747889;10,-3,-1;282,7,-4;290,-4,8;292,0,3;293,0,9;294,-2,8;321,-6,14;331,-3,9
rua||jose valentim de souza|bela vista|14470000|4,-2024961,-4747745;21,29,-50;22,6,-7;28,43,-52;30,16,-18;36,-47,63;37,-16,7;38,21,-21;41,-16,5;44,-12,33;45,58,-93;48,-19,52;50,-3,-3;52,-32,32;58,77,-91;59,-11,-4;67,7,-2;68,8,5;74,1,-11;77,-5,-15;80,15,8;86,-2,2;87,4,0;98,1,-13;100,-2,7;113,20,-36;151,9,-17;161,4,-7;170,36,-8;171,-28,6;191,13,-25;211,11,-2;221,-1,-12;234,36,-30;244,7,-14;248,-161,220;254,168,-225;255,-19,2;265,18,-14;272,-2,7;281,3,-8;284,26,-18;291,-20,12;301,4,-6;303,7,-23;311,-15,-7;321,28,-2;337,2,-2;339,4,-8;349,-2,-23;361,6,3;373,15,-4;467,-321,430
rua||jose vicente machado|centro|14470000|6,-2026206,-4748057;10,1,-8;11,14,-18;20,-55,89;50,-12,18;54,144,-216;148,-11,18;160,-1,-7;162,1,5;199,-49,78;204,-8,0;205,-4,10;255,48,-61;265,-13,6;275,-4,8
rua||jose vicente rodrigues|vila barreira|14470000|3,-2016642,-4729532;5,5,-36;6,-5,29;7,3,11;9,-7,-2;12,15,-58;15,-11,46;18,1,-22;23,9,-41;33,-1,12;52,-5,-3;72,-4,29;250,-4,45
rua||josino barbosa|vila santa cruz|14470000|1,-2025676,-4747401;11,-7,5;23,-2,6;24,-6,-7;34,3,-2;35,-1,13;40,-13,4;43,8,8;53,-15,12;58,-8,-5;89,3,24;111,-8,11;122,-22,14;131,7,14;132,-5,-17;142,-12,10;152,-3,14;161,-5,14;171,-13,13;172,8,-23;193,-11,28;209,-3,17
rua||julieta carvalho reis|jardim esmeralda|14470000|1,-2024830,-4747557;13,-6,-26;42,32,59;45,132,372;52,-134,-362;61,-8,-1;71,6,0;72,2,12;81,3,15;82,2,-11;86,3,8;88,3,5;91,0,9;96,2,-2;102,0,2;108,6,5;111,-6,5;112,12,6;116,2,5;121,-13,-1;126,21,31;131,-19,-20;150,22,24;153,-9,-2;163,-1,6;171,8,17;180,13,7;181,-9,-2;190,13,7;199,-6,16;200,18,28;210,-5,-30;211,-12,15;220,9,7;221,4,16;230,7,-21;240,0,12;250,7,6;260,0,12;270,-1,8;280,6,11
rua||julieta carvalho reis|santa terezinha|14470000|310,-2024704,-4747270;320,6,4;330,-4,19;340,10,6;350,2,9;365,0,8;370,6,6
rua||julio comodaro|centro|14470000|35,-2025751,-4748124;36,1,-7;39,-19,-1;46,11,-8;55,-15,-2;56,9,-8;66,-21,1
rua||julio rodrigues do vale|centro|14470000|22,-2025467,-4748046;23,-22,4;25,-9,-20;26,-10,4;33,23,17;44,-7,-11;49,10,7;53,-22,-10;79,-8,-10;518,-1,-7
rua||jupia|estreito|14470000|65,-2016345,-4728329;173,140,-45;206,22,11;251,49,-34
rua||juraci barbosa lima|nova pedregulho|14470000|5,-2025362,-4748515;6,7,6;15,4,-9;16,5,0;25,2,-9;26,2,10;35,4,-17;36,4,10;45,2,-15;46,1,18;55,11,-25;56,1,7;65,6,-14;66,12,-2;75,-6,-4;76,1,11;85,7,-16;86,3,11;95,0,-12;115,19,-17;116,5,10;125,3,-14;126,10,6;135,-3,-12;136,4,9;145,2,-13;146,7,0;155,3,-8;156,4,8;165,2,-11;166,5,4;175,1,-10;176,2,6;185,8,-15;186,6,8;195,1,-7;196,-5,2;205,11,-14
rua||jurumirim|estreito|14470000|99,-2016353,-4728426;174,109,-23
rua||j|oswaldo silva|14470000|5,-2026385,-4748007;15,-4,9;22,-11,-4;34,-5,14;45,-3,13;64,-10,5;65,9,8;74,-15,9;84,-11,3;85,8,6;94,-7,-3;104,-5,13;105,7,8;115,-5,3;134,-15,17;135,2,5;154,-13,7
rua||k|oswaldo silva|14470000|14,-2026435,-4748027;15,9,-1;44,-17,21;45,1,9;54,-11,4;55,5,2;65,-8,2;84,-15,11;105,1,24;114,-10,7;135,-5,17;155,-15,17
rua||lazaro jose vieira|nova pedregulho|14470000|115,-2025222,-4748491;125,12,-12;135,7,-3;145,4,-11;155,11,-7;165,4,-10;175,9,-4;176,0,14;185,9,-14;186,8,5;195,4,-14;196,0,4;206,7,-5;215,4,-14;216,4,11;225,-17,-1;226,23,-3
rua||libano|vila primavera|14470000|5,-2018812,-4730220;6,-13,6;8,-16,37;12,3,-5;29,46,-125;31,1,5;33,5,10;37,-16,34;47,6,-8;122,-15,19;124,-5,11;132,-7,10;156,-10,23
rua||lindolfo rosa cavalcante|centro|14470000|10,-2025518,-4747463;20,-13,-17;30,4,-4;40,-12,2;60,-8,13;70,-9,-25;100,14,18
rua||ludovico toniato|igacaba|14470000|19,-2013172,-4744368;51,-7,170;55,3,-56;67,8,-137;84,-9,162;85,1,5;100,-14,-188;168,11,218;691,-6,-38
rua||luis ferreira coelho|nossa senhora aparecida|14470000|13,-2023632,-4747783;33,23,7;43,6,5;53,11,12;63,0,5;73,11,-1;83,7,5;93,11,8;103,12,4
rua||luiz bordini|bela vista|14470000|7,-2024700,-4748083;13,-10,9;19,2,2;20,16,7;30,3,9;36,2,9;40,8,2;48,11,-1;60,1,14;66,7,1;70,14,10;77,-4,-6;99,28,37;168,-8,-10;178,10,12;190,2,3;194,6,0;199,11,1;204,7,12;209,1,-4;219,0,23;222,-2,-15;230,5,2;240,20,15;250,-3,1;262,2,-1;266,2,1
rua||l|oswaldo silva|14470000|4,-2026480,-4748046;5,8,-6;14,-10,12;15,14,-12;25,-4,9;35,-2,13;45,-6,7;55,-3,-2;75,-12,23;85,-2,7
rua||manoel ferreira coelho|centro|14470000|55,-2025489,-4747574;56,-1,7;94,-20,89;110,-2,-27;218,-16,86;228,1,7;238,2,5;248,-7,15;280,-16,38;290,0,14;360,-10,45;370,-1,12;374,-16,-3
rua||manoel ferreira coelho|vila esmeralda|14470000|7,-2025464,-4747598;23,2,10;129,-32,87;133,-28,87;151,31,-61;159,-15,13;169,-4,6;171,0,11;255,-18,56;265,-12,48;281,-21,63
rua||manoel filho secco|igacaba|14470000|2,-2013002,-4744441;4,-12,174;12,2,5;82,3,-94;122,0,29;132,-1,6
rua||manoel garcia pereira|centro|14470000|26,-2025808,-4748092;36,15,9;46,7,3;50,-8,-7;58,-12,-12;60,14,-7
rua||manoel samuel ferreira|jardim esmeralda|14470000|18,-2024902,-4747508;28,0,-3;48,26,-14;58,4,-1
rua||marcelino mateus|jardim esmeralda|14470000|10,-2024846,-4747346;11,-2,0;13,5,-1;15,2,3;17,3,-4;18,9,8;28,3,-7;36,-6,-6;37,11,-9;38,8,10;47,5,-13;48,-1,13;57,2,-15;58,2,11;67,15,-14;68,-4,2;78,3,1;87,3,-7;88,10,4
rua||maria adelia becker|nova pedregulho|14470000|5,-2025333,-4748479;15,8,-4;25,7,-4;35,10,-5;45,5,-6;55,9,-12;65,8,-6;75,3,1;85,7,-4;95,10,2;115,18,-23;125,8,-7;126,-3,4;135,10,-15;136,6,9;145,4,-14;146,3,9;155,4,-9;156,2,2;166,6,-5;175,7,-9;176,2,7;181,1,-7;185,1,-8;186,9,8;195,1,-13;196,4,-6;205,0,1;206,6,5
rua||marimbondo|estreito|14470000|132,-2016206,-4728028
rua||michel mansur|jardim esmeralda|14470000|7,-2024824,-4747286;17,4,-8;27,11,-2;31,5,0;37,10,-4;47,4,-9;57,9,-1;67,11,-2;77,8,-4;87,10,-4;225,10,-11
rua||myrianm biasoli munhoz|morada do sol|14470000|35,-2025890,-4748482;55,-52,-23
rua||nelson barbosa|santa luzia|14470000|1,-2023874,-4747852;4,1,5;5,2,6;6,-4,5;105,4,20;113,-7,6;123,0,11;126,-6,3;131,4,2;134,-3,-4;141,-1,21;157,0,5;163,-3,8;167,-2,9;190,-4,17;195,-2,5;364,21,-116;374,2,4
rua||nelson bernardes|santa terezinha|14470000|10,-2024622,-4747306;15,5,3;20,-6,5;25,13,7;30,-13,17;35,14,-8;40,-12,-5;45,17,11;50,-11,4;55,16,2;60,-13,13;65,14,7;70,-7,4;75,13,-2;80,-11,11;85,16,2;90,-11,7;95,8,-1;100,-2,7;105,11,2;110,-10,11;115,14,-4;120,-5,16;125,9,-7;130,-11,12;135,17,1;140,-9,7;150,2,4;155,16,4
rua||nelson munhoz|santa luzia|14470000|1,-2023822,-4747854;2,-12,-3;5,0,15;6,-2,4;14,8,-24;105,-12,44;113,-1,5;121,-4,8;124,0,-5;128,-1,6;129,1,6;134,-4,4;137,4,3;144,-6,5;145,3,1;153,-3,12;154,-3,-9;161,-1,18;164,0,-7;169,-2,16;174,-4,-5;179,2,12;182,-5,4;189,2,7;199,-2,14;388,44,-140;392,-13,11
rua||nicolau peliciari|centro|14470000|7,-2025627,-4747670;15,12,14;23,-17,10;33,7,10;36,-71,90;50,-5,8;105,43,-37
rua||nicolau peliciari|vila santa cruz|14470000|10,-2025852,-4747312;53,149,-211;71,-6,20;85,-1,1;95,-12,14;107,-9,11;115,-50,72;119,-7,1;120,59,-92;134,-16,26;153,-26,28;161,-32,66;171,-9,10;175,53,-69;178,-4,-19;180,-11,18;185,6,11;190,-12,-5;195,8,13;210,-19,4;271,-22,55;425,15,-24;469,-29,37;487,-7,10
rua||nove|vila isabel|14470000|120,-2023838,-4747458;140,15,-3
rua||n|oswaldo silva|14470000|13,-2026243,-4748146;18,25,-7;39,-329,135;61,0,18;74,26,-50
rua||odair jose dos santos|santa terezinha|14470000|15,-2024661,-4747283;20,-4,8;25,7,1;30,0,5;35,8,4;40,-9,3;45,8,2;50,-5,13;55,9,3;60,-1,5;65,3,0;70,-2,6;75,7,2;80,-1,8;85,9,5;90,-11,4;95,9,0;100,-6,10;105,15,0;110,-6,1;115,9,6;120,-10,9;125,11,0;130,-7,8;135,15,2;140,-14,5;145,11,3;150,-2,9;155,8,-9
rua||olimpio teixeira|nova pedregulho|14470000|5,-2025398,-4748561;6,16,-47;15,-13,17;25,14,4;35,6,-10;45,-2,-14;55,-5,-4;65,-1,-18;75,3,-9;85,-4,-11;95,8,-11;105,-11,-8;115,9,-12;117,5,4
rua||oliveira de sousa|santa luzia|14480000|45,-2023441,-4747599
rua||oliveira de souza|nossa senhora aparecida|14470000|9,-2023444,-4747697;170,3,10
rua||orlando brentini|santa terezinha|14470000|10,-2024561,-4747316;20,-15,6;30,5,11;40,5,9;50,7,4;60,2,9;70,2,7;80,6,16;90,2,11;100,0,4;105,26,39;110,-17,-27;120,4,2;130,-6,24;140,8,1;150,6,9
rua||osvaldo barbosa guimaraes|vila santa cruz|14470000|9,-2025920,-4747203;17,11,11;18,-3,-11;25,11,15;26,2,-2;33,2,14;34,-2,-15;41,9,6;42,-1,-4;49,9,17;50,-4,-6;57,6,8;58,-5,-9;65,12,10;66,2,-1;73,-2,5;74,8,-9;81,1,17;82,6,-7;89,-1,14;97,9,1;98,4,-5;105,-2,2;106,15,0;653,-82,-50
rua||paredao|estreito|14470000|629,-2016391,-4729020;930,-35,-10
rua||paulo da silveira leao|vila santa cruz|14470000|10,-2025971,-4747030;26,-13,-14;34,4,3;41,5,8;42,-3,-5;50,18,9;58,1,1;66,6,2;74,-4,-1;82,18,9;89,-5,5;90,10,-1;98,7,6
rua||paulo de souza sapio|nossa senhora aparecida|14470000|1,-2023665,-4747747;3,3,5;4,7,-10;13,6,11;14,5,-3;23,-1,-1;24,6,2;33,3,9;34,8,-1;43,4,8;44,4,-4;53,-5,6;54,15,4;63,-3,-3;64,6,4;73,-2,22;74,12,-11;83,-5,-3;84,14,2;93,-9,3;94,9,1;103,2,2;104,12,4;113,-4,-1;120,3,24;121,1,-20;164,48,27;200,60,36;201,-72,-32;235,30,14
rua||pedro de paula da silva|jardim esmeralda|14470000|3,-2024834,-4747469;7,-60,16;17,9,-6;23,11,0;27,3,-10;30,5,-2;33,10,6;40,-7,-3;43,-5,0;50,14,-7;60,2,-6;63,-33,25;66,40,-24;76,9,-4;78,12,-6
rua||pedro demaco|igacaba|14470000|40,-2013312,-4744063;49,-7,-19;91,-4,-11
rua||pedro secco|santa luzia|14470000|3,-2024090,-4747856;260,7,-62;270,3,-7;280,2,-19;288,-18,61;290,-4,8;292,-4,7;294,0,4;295,8,-3;296,4,-4;298,-25,36;300,31,-6;303,5,-77;310,1,-30;313,3,11;323,-1,-4;331,8,-10
rua||pedro zero|centro|14470000|2,-2026008,-4747909;20,3,-5;44,-17,-12;60,-3,-4;70,-11,-9;80,-52,-39;92,-8,-18;102,-12,-4;120,35,19
rua||peixoto|estreito|14470000|30,-2016194,-4727520;70,28,-24;75,20,-11;100,12,-6;130,20,-19;155,16,-22;175,12,-14;195,9,0;200,13,14;235,51,6;255,-23,28;270,-11,12;275,12,40;310,-26,0;335,-6,23;350,-15,-5;385,-7,47;425,20,51
rua||perpecto martins|igacaba|14470000|21,-2013275,-4744217;42,67,4;52,-70,-5;58,-9,-3;59,3,1;60,-19,-15;79,-13,13;131,91,10;136,-5,4;138,10,-2;141,9,-4;150,3,9;151,6,-9;161,6,4;168,-3,5;169,13,-6
rua||porto colombia|estreito|14470000|21,-2016174,-4728377;49,2,-44;83,-5,-32;263,-46,-151;347,-20,-75;365,-1,-20;383,-6,-15;401,-1,-16;419,2,-8;433,-10,-37;451,-2,-15;469,-9,-30;487,0,-9;505,-7,-16
rua||primeiro de maio|vila primavera|14470000|1,-2019008,-4730279;3,-63,-24;5,7,-9;7,4,3;10,32,-76;12,-9,31;13,-17,10;15,17,-43;59,21,-30;60,-33,73
rua||raumunda maria de jesus|vila barreira|14470000|40,-2016658,-4729607;42,9,-5;44,5,-5;190,51,-2
rua||reginaldo da silva felizardo|centro|14470000|15,-2025638,-4748147;25,-4,-2;35,7,20;40,-9,-9;50,9,4;60,13,-3;70,-11,9;307,13,-6
rua||renato mancini|nossa senhora aparecida|14470000|7,-2023453,-4747752;70,-51,-37
rua||riciele biazoli|vila santa cruz|14470000|35,-2025763,-4747352;42,0,-6;45,1,9;47,-6,-17;57,-13,-1;132,35,16
rua||ricier chiarelo|vila primavera|14470000|8,-2019102,-4730305;9,9,-29;10,-8,24;11,11,-29;12,-3,3;13,-16,33;14,20,-43;21,-10,23
rua||rita aparecida abib goncalves|nova pedregulho|14470000|5,-2025672,-4748558;6,16,3;15,-19,-22;16,18,14;25,-11,-16;26,8,2;35,-7,-6;36,2,1;45,-2,-7;46,4,-4;55,-1,-12;56,6,-1;65,-8,-14;66,8,5;75,-8,-16;76,5,3;85,-2,-12;86,15,0;95,-15,-17;96,8,15;105,-11,-20;106,19,15
rua||rita dos santos martins|vila santa cruz|14470000|18,-2025967,-4747004;19,3,7;26,-6,0;27,9,1;34,-13,7;35,8,1;42,-9,0;43,5,7;50,-8,-1;51,6,9;58,-7,5;59,-2,-1;64,-4,-6;67,3,18;75,0,-2;91,-4,8
rua||rodolfo de almeida|bela vista|14470000|21,-2024836,-4747940;26,33,26;30,-39,-41;38,-20,-10;41,1,1;44,-1,-3;46,62,56;50,-72,-66;56,74,74;57,-73,-66;63,-25,-8;65,109,73;66,11,21;77,-140,-111;86,136,110;90,-120,-114;96,134,120;98,7,6;105,-73,-68;138,-97,-90;142,5,0;168,-12,-14;170,1,10;176,-15,-17;180,-33,-7;184,21,5;188,-8,-7;191,3,18;194,-3,-18;205,-2,4;208,238,206;209,-26,-18;210,-69,-53;215,-160,-146;226,260,225;238,8,7;239,6,-5;248,-1,5;249,-1,-13;256,13,22;262,6,4;269,18,16;274,-329,-293;275,335,289;278,0,24;281,-361,-331;288,-11,-1;293,8,11;294,14,4;298,-16,-6;302,377,331;305,-378,-341;315,-11,-8;325,-14,-8;329,419,347;335,-421,-342;339,433,343;345,-457,-365;349,458,373;356,-2,21;357,-464,-391;359,478,377;365,17,3;368,-22,7;375,24,6;378,-6,0;385,0,11;395,17,-7;396,-12,15;409,23,1;429,11,15;443,8,6;449,10,3;458,0,14;459,6,0;468,1,15;488,13,16;493,16,-11;497,1,5;503,8,9
rua||salim feres|centro|14470000|7,-2025803,-4747691;11,4,-1;15,7,-12;27,3,-11;36,4,16;42,9,-8;47,-1,-19;52,0,17;57,2,-18;59,2,-5;62,12,3;65,-3,-19;72,6,14;83,-2,-15;88,10,-4;91,1,-14;111,2,9;154,32,-42;157,3,-10;164,2,-3;170,60,-79;187,-49,57;188,-13,13;200,26,-17;203,-15,5;208,16,-4;213,-8,-7;225,13,-3;228,-2,-9;238,16,-9;247,-13,1;267,21,-27;269,-2,-2;279,6,-9;284,11,8;285,-6,-11;289,1,-4;292,0,8;301,6,-14;306,7,-9;313,2,3;316,35,6;319,-25,-15;320,2,-5;335,0,-13;347,9,-6;353,-96,129;395,116,-162;400,10,1;405,0,-14;412,7,0;419,-2,-9;420,9,8;427,-1,-12;439,3,-16;449,6,-2;473,22,-23;475,-13,3;476,17,2;497,0,-14;505,38,-59;515,3,-7;535,-33,53;547,6,-9;565,16,-13;570,27,-36;580,4,-6;587,-6,0;590,11,-7;599,-9,-8;600,17,-11;610,4,-1;621,-10,-5;630,18,0;633,-11,-7;680,8,-13;687,18,-23;689,-2,6;700,30,-20;704,-8,8;705,-10,1;708,14,-12;714,5,-4;715,-14,5;725,0,-10;735,11,-10;745,5,-10;755,4,-3
rua||salto grande|estreito|14470000|45,-2016189,-4727872;70,19,13;100,22,1;105,8,-3
rua||sao paulo|vila primavera|14470000|29,-2019104,-4730402
rua||sao sebastiao|alto pora|14470000|1,-2007322,-4748434;2,-265,155;4,7,-3;6,14,-7;8,7,-1;9,203,-114;10,-201,108;12,6,2;14,12,-13;16,6,-2;18,14,1;20,6,-2;22,8,-9;24,9,-2;25,396,-193;26,-390,192;28,6,-4;30,29,-14;32,-8,4;34,61,-30;35,305,-142;38,-345,158;41,351,-145;42,-299,122;44,-37,17;46,49,-22;49,55,-33;50,-56,27;54,13,-5;58,6,-5;59,49,-27;68,57,-40;72,13,-1;78,10,-1;79,-4,-13;88,-65,53;90,28,-20;92,-14,19;94,0,-9;96,69,-47;100,-5,-18;102,19,4;108,7,3;118,12,-7;128,8,-9;138,12,-5;148,14,-10;155,-189,119;158,183,-116;178,10,-4;188,2,-2;198,5,-2;208,7,-2;218,8,-9
rua||sebastiao goncalves sobrinho|santa luzia|14470000|40,-2024226,-4747970;184,-15,86;252,-7,0;256,11,-1
rua||sem denominacao 10|jardim esmeralda|14470000|645,-2024766,-4747096
rua||sem denominacao 10|vila esmeralda|14470000|647,-2024772,-4747090
rua||sem denominacao 1|vila esmeralda|14470000|573,-2024802,-4747160;593,-10,7
rua||sem denominacao 2|guanabara|14470000|15,-2024852,-4747177
rua||sem denominacao 2|vila esmeralda|14470000|533,-2024874,-4747162
rua||sem denominacao 3|vila esmeralda|14470000|1,-2024860,-4747220;2,4,-6;3,-4,-5;4,6,1;5,0,-6;7,-12,-22;10,27,23
rua||sem denominacao 4|vila esmeralda|14470000|505,-2024942,-4747286;506,21,22;512,16,17;513,-28,-34
rua||sem denominacao 5|vila esmeralda|14470000|486,-2024917,-4747315;490,15,27
rua||sem denominacao 6|vila esmeralda|14470000|466,-2024889,-4747307;476,-17,-22;477,-1,6
rua||sem denominacao 8|vila esmeralda|14470000|30,-2025441,-4747507
rua||sem denominacao 9|vila esmeralda|14470000|5,-2025437,-4747650
rua||sem denominacao|alto pora|14470000|8,-2007113,-4748545;26,4,7;28,5,6;42,12,9
rua||sem denominacao|bela vista|14470000|66,-2024858,-4748191
rua||sem denominacao|centro|14470000|6,-2026212,-4747998;18,566,-170;20,7,-3;30,-584,193;40,-7,9;50,-2,9;122,704,306;323,-116,-508;431,7,-27
rua||sem denominacao|santa luzia|14470000|24,-2023996,-4747704;30,34,14;32,0,4;36,-8,-8;60,30,8;135,-115,-31;300,-44,-15
rua||sem denominacao|vila isabel|14470000|3,-2024172,-4747420;5,194,25;6,21,-91;8,-10,11;12,20,-17;15,-30,92;18,38,-96;25,-31,77;30,47,-86;35,-43,80;36,53,-79;42,11,-6;45,-65,75;48,67,-72;54,-1,-6;55,-21,5;75,16,-5;81,14,-7;83,0,0
rua||sem denominacao|vila santa cruz|14470000|20,-2025748,-4747181;40,-14,-373;300,79,370
rua||serra da mesa|estreito|14470000|229,-2016206,-4728792;247,0,-19;265,-5,-15;283,-1,-20;301,-10,-16;332,5,-29;333,-14,-8;350,8,-11;351,-8,0;368,4,-15;369,-6,-6;386,1,-13;387,-7,5;404,5,-13;405,-13,-8
rua||sete de setembro|vila primavera|14470000|16,-2018912,-4730329;35,-15,38;40,5,-24;41,-13,45;45,-8,13;60,-8,-9;84,-2,34
rua||theodoreto louzada|alto pora|14470000|7,-2007344,-4748617;9,7,-6;11,4,18;17,7,12;19,-4,4;20,-9,-10;27,22,24;34,-7,11;69,3,-22;70,-5,14;76,-4,-3;77,50,48;79,-8,-10;80,-11,-1;83,23,31;86,20,40
rua||tres marias|estreito|14470000|65,-2016299,-4728239;99,-9,10;173,118,-45
rua||urias pereira ribeiro|morada do sol|14470000|2,-2025831,-4748482;4,5,-13;6,6,-5;16,1,-4;36,7,-27;56,7,-7;58,11,-4;66,-4,-10;76,7,-13;86,0,-5
rua||urubupunga|estreito|14470000|333,-2016166,-4728909;351,-14,-24;369,0,-8;387,-5,-26;405,-8,-14
rua||vinte e cinco de marco|vila da barreira|14470000|33,-2018876,-4730182
rua||vinte e cinco de marco|vila primavera|14470000|22,-2018864,-4730176;30,-45,-24;33,35,19;100,29,12;110,11,7;118,9,9;120,0,-2;123,17,10;128,-2,-2;130,2,3
rua||virginia biasoli|vila santa cruz|14470000|30,-2025845,-4747294;43,13,12;50,8,3;53,-1,3;55,2,1;65,9,5;70,-23,-16;75,32,30;85,9,7;134,36,19;215,-11,6;225,7,18;227,-2,-13
rua||vitorio marangoni|centro|14470000|70,-2025427,-4748283;80,-5,0;90,-2,-7;100,-4,-7;109,-6,-5
rua||washington ferreira coelho|morada do sol|14470000|4,-2025878,-4748493;5,13,-5;7,6,-17;8,-8,17;17,8,-26;18,-6,10;24,40,-77;27,-34,63;28,-5,4;37,11,-11;38,-4,-1;47,10,-2;48,-7,-6;57,15,-6;58,-14,0;68,5,-10;77,11,-18;78,-10,12;87,12,-22;88,-8,15;89,1,9;97,15,-30;98,-19,16;105,31,-42;107,6,-10;116,-8,9;117,11,-12;118,-8,2;128,1,-5;137,16,-23;138,-11,9;147,18,-14;158,-11,0;159,18,-20;168,-12,11;178,7,-18;188,3,1;198,7,-18
rua||washington teixeira|vila santa cruz|14470000|1,-2025980,-4747084;9,0,13;17,8,-10;18,-2,1;25,9,3;26,-2,-4;33,4,7;34,8,-4;41,6,6;42,1,-4;49,-3,11;50,7,-1;57,0,7;58,4,-12;65,5,15;66,-1,-9;73,4,13;74,4,-8;81,10,9;82,-4,-8;89,2,11;90,5,-6;97,2,0;98,0,-1;105,4,22;763,-76,-62
rua||wilson spirlandelli|nova pedregulho|14470000|6,-2025378,-4748624;16,14,-9;26,0,-7;36,10,-4;46,8,-7;56,12,0;66,-2,-9;76,14,-4;86,5,-8;96,6,-9;106,17,2;116,12,-8
setor|nossa senhora|aparecida 1|alto lajeado|14470000|1,-2021788,-4736558
sitio|nossa senhora|aparecida 2|pedregulho|14470000|633,-2026452,-4746188
sitio|nossa senhora|aparecida|baguacu|14480000|1,-2023542,-4748709
sitio|nossa senhora|aparecida|fundo do campao|14470000|818,-2024897,-4747064
sitio|nossa senhora|aparecida|trumbuca|14470000|2,-2024457,-4732066
sitio|santa|barbara do sobrado|baguacu|14480000|2,-2021449,-4749058
sitio|santa|cruz 3|pedregulho|14470000|1,-2026544,-4747164
sitio|santo|antonio 2|furnas santa luzia|14470000|1,-2019957,-4736627
sitio|santo|antonio|alto lajeado|14470000|1,-2021039,-4734377
sitio|sao|geraldo 2|baixo lajeado|14470000|1,-2020876,-4733902
sitio|sao|geraldo|alto lajeado|14470000|1,-2020927,-4734246
sitio|sao|jose|alto lajeado|14470000|1,-2021636,-4733094
sitio|sao|luiz|baguacu|14480000|10,-2022725,-4748837
sitio|sao|pedro|furna da braulia|14470000|17,-2016910,-4749151
sitio|sao|pedro|vila barreira|14470000|1,-2019240,-4728347
sitio|sao|sebastiao|alto lajeado|14470000|12,-2023399,-4734164
sitio|sao|sebastiao|furna sao joao|14470000|10,-2020066,-4746349
sitio|sao|sebastiao|sitio poses|14470000|12,-2023398,-4734166
sitio|sao|sebastiao|vila primavera|14470000|19,-2019862,-4731273
sitio||2 retiro|vila primavera|14470000|19,-2020491,-4731007;20,1051,-142
sitio||alto lageado 1|alto lajeado|14470000|1,-2021769,-4733290
sitio||alto lageado|alto lajeado|14470000|1,-2021134,-4733548
sitio||alvorada|baixo lajeado|14470000|1,-2020113,-4733893
sitio||aroeira|furnas santa luzia|14470000|1,-2020404,-4736169
sitio||bela vista|taquari|14470000|15,-2018528,-4740056
sitio||boa sorte 2|distrito de igacaba|14470000|7,-2012677,-4740702
sitio||bom jesus|germano bisco|14470000|10,-2023386,-4746163
sitio||bom retiro 5|bom retiro|14470000|19,-2020444,-4730360
sitio||bom retiro arnldo gakete|bom retiro|14470000|19,-2021173,-4730018
sitio||bom retiro felicio|bom retiro|14470000|19,-2021065,-4730027
sitio||bom retiro olicio campoi|bom retiro|14470000|19,-2021177,-4730023
sitio||bom retiro|rodovia antonio giolo|14470000|15,-2022759,-4732542;16,-41,279
sitio||bom retiro|sitio bom retiro|14470000|1,-2019944,-4729823;19,-1174,-201
sitio||bom retiro|vila primavera|14470000|19,-2020096,-4731022;20,742,20
sitio||cachoerinha|baguacu|14480000|15,-2020352,-4750906
sitio||cajuzinho|cabeceira do cascata|14470000|2,-2027200,-4750253
sitio||california|amargoso|14470000|13,-2023464,-4733503
sitio||campos do sobrado|baguacu|14480000|25,-2020925,-4750626
sitio||capao rico|igacaba|14470000|15,-2012758,-4746489;16,-867,-1065
sitio||capoeira comprida 1|pedregulho|14470000|2,-2027130,-4744964
sitio||capoeira comprida|pedregulho|14470000|4,-2027154,-4744954
sitio||claudina|rodovia antonio giolo|14470000|16,-2022370,-4731756
sitio||da mata|amargoso|14470000|1,-2022848,-4732592
sitio||da ressaca|baixo lajeado|14470000|1,-2018379,-4733580
sitio||das posses|alto lajeado|14470000|1,-2022098,-4735226
sitio||do sebastiao|vila primavera|14470000|20,-2018822,-4731025
sitio||dona tuca|estreito|14470000|17,-2020681,-4731071
sitio||dona tuca|vila primavera|14470000|20,-2020675,-4731075
sitio||joana darc|baguacu|14480000|14,-2021600,-4749038
sitio||marajoara|vila primavera|14470000|21,-2018659,-4730528
sitio||medalha milagrosa|proximo de pedregulho|14470000|437,-2026277,-4748251
sitio||morada do sol|baguacu|14480000|10,-2022577,-4748783
sitio||posses|posses|14470000|12,-2022673,-4735660
sitio||quinca ferreira|furna sao pedro|14470000|7,-2018866,-4750293
sitio||resaca|alto lajeado|14470000|1,-2021802,-4736533
sitio||ressaca 1|alto lajeado|14470000|1,-2021638,-4736503
sitio||santa clara|vila primavera|14470000|21,-2018696,-4729966
sitio||sem denominacao|morro da formiga|14470000|1,-2024155,-4752805
sitio||serra do bigode|alto lajeado|14470000|1,-2020320,-4734319
sitio||sobradinho|baguacu|14480000|5,-2021380,-4750110
sitio||tres reis|sitio tres reis|14470000|19,-2020662,-4731006
travessa||anastacio laureano da silva|bela vista|14470000|27,-2024677,-4747735;29,9,4;30,-9,-6;44,43,43;51,-21,-19;55,-5,-4;59,-9,-9;62,5,-1;72,-4,6;73,20,13;80,12,4;82,-18,-10;88,3,3
travessa||b|centro|14470000|20,-2026185,-4748061;21,1,-1;30,3,6;31,9,9;41,3,-5
travessa||centro comunitario|santa luzia|14470000|21,-2024297,-4747852;31,22,-11;36,-28,14;37,8,-7;331,165,29
travessa||luis belotti|bela vista|14470000|4,-2024882,-4747777;7,12,-18;9,-11,13;12,-10,18;14,8,-11;21,-6,-2;35,0,7;38,-12,8;53,5,-9;312,21,-20;495,-26,41
travessa||portugues|centro|14470000|2,-2025237,-4747840;4,-28,-27;10,23,23;19,-14,-19;29,15,4;30,-17,1;40,11,2;50,3,10;60,13,7
travessa||theodoro de oliveira|centro|14470000|5,-2025492,-4747932;12,10,-10;60,9,-5;70,1,-15
vicinal||alto pora igarapava|fazenda nossa senhora do rosario|14480000|6,-2006702,-4748881;7,846,481
vicinal||alto pora igarapava|fazenda santa helena|14470000|3,-2008564,-4747304
vicinal||alto pora igarapava|fazenda santa therezinha|14470000|2,-2010682,-4748451
vicinal||alto pora igarapava|fazenda santa therezinha|14480000|2,-2010675,-4748401
vicinal||alto pora igarapava|sitio alto do boqueirao|14470000|8,-2004687,-4748585
vicinal||baguassu|baguacu|14480000|5,-2022109,-4749975;11,-254,421
viela||sem denominacao|vila primavera|14470000|125,-2018886,-4730130;137,10,2
vila||primavera|vila primavera|14470000|1,-2019072,-4730292
