avenida|alferes|adriano gomes vieira de almeida|mombaca|12425140|13,-2293024,-4547528;14,-7,-50;20,16,65;28,2,-5;32,-2,-6;36,1,-5;40,-4,-7;46,0,-6;52,1,0;62,-4,-11;66,5,7;72,1,-16;76,-7,2;84,-3,-9;90,-4,-3;96,6,-3;110,-3,-19;118,1,3;119,-6,4;124,1,-17;125,-4,6;130,3,-16;136,-8,-6;140,9,-10;154,-2,-4;156,-10,-5;164,7,-5;170,-1,-16;180,-4,-2;190,1,-18;202,-11,-18;210,-6,4;220,12,-8;225,-3,1;252,-1,-31;256,-1,-4;260,1,-9;264,-6,-19;285,8,46;315,-24,-94;319,0,-4;325,1,1;341,-1,-9;343,1,-5;349,1,-7;355,-1,-14;359,0,0;365,-4,-2;367,0,-9;375,-2,2;379,3,-8;385,1,-11;387,0,0;391,-6,-2;397,-4,-4;407,9,-9;411,-7,-2;421,-3,1;427,7,-17;429,-2,5;431,-2,-7;439,-9,-5;441,3,-4;445,-1,-7;447,-1,-4;461,0,-6;471,0,-6;481,-3,-7;491,-2,-18;501,0,-5;509,-3,-7;513,1,-2;602,70,476
avenida|alferes|manuel ribeiro do amaral|mombaca|12425080|40,-2292680,-4547588;195,-2,26;197,0,-18;207,2,-17;211,-3,-3;215,2,-8;231,-5,-6;237,-3,-8;247,6,-7;249,-4,-6;253,-2,-5;257,4,-8;263,-5,-3;267,0,0;277,-4,-9;287,0,-11;295,-2,-2;297,0,-6;307,4,-9;309,0,25;311,-6,-27;351,-6,-49;361,-2,-7;371,2,-6;377,-4,-9;381,0,-3;387,0,-6;391,-1,1;397,3,-8;401,6,-7;413,-10,-7;419,-6,-13;425,4,4;431,-4,-14;441,-1,0;451,-1,-12;477,-2,-21;481,-2,-1;487,0,-7
avenida|capitao|joao monteiro do amaral|mombaca|12425220|31,-2292723,-4547715;37,-19,-8;43,10,-4;46,-4,-1;87,-224,-29;95,182,23;101,-19,11;156,-38,-13;168,-9,-9;175,-16,9;185,16,2;187,22,4;244,-92,-24;245,16,3;248,-24,0;251,4,4;255,6,-3;301,-38,-1;306,-20,-12;313,-50,1;314,38,2;320,-7,-6;327,275,56;421,-364,-59;435,-8,-2;440,-17,2;441,-10,0;442,-272,-53;446,281,43;459,-15,5;496,-36,-15;500,-8,13;520,14,-16;538,-30,2;548,-10,-12;550,-3,-6;558,17,14;590,-57,-10;595,15,14;600,-9,-12;604,-14,-2;610,-3,-6;614,2,-3;622,-13,6;624,-7,-3;628,-4,4;634,1,-3;644,-10,1;654,-8,0;660,-4,0;664,-11,-5;672,3,1;682,-9,-6;684,-7,0;694,-4,12;702,-11,-10;708,1,16;733,-36,-15;751,-10,-3;757,0,-10;761,0,2
avenida|doutor|andre andrade de almeida|cidade jardim|12424210|253,-2295609,-4549121;269,-18,-4;345,-89,4
avenida|doutor|paulo emilio de almeida|residencial santa clara|12401351|15,-2291230,-4544859
avenida|monsenhor|joao jose de azevedo|agua preta|12402010|1120,-2291231,-4544083
avenida|monsenhor|joao jose de azevedo|crispim|12402010|13,-2291960,-4545596;14,88,120;36,-120,-138;44,60,108;58,-37,-75;71,15,4;74,-14,5;75,14,-7;76,-10,5;81,9,6;86,-5,5;91,14,4;96,-8,6;106,1,8;114,3,10;115,7,-7;123,3,14;125,0,-3;126,-7,-4;135,11,9;136,-8,1;153,22,36;163,2,-4;164,-14,-3;171,16,19;172,-15,-19;177,20,20;181,87,1;182,-94,-5;184,7,0;190,-9,3;204,-7,1;206,26,17;208,-24,0;210,21,-16;212,0,23;220,-7,11;222,7,-5;230,-2,5;236,5,7;242,4,4;248,3,7;251,8,-4;256,-7,12;264,-3,5;275,22,10;281,7,-3;285,-5,10;295,-3,6;298,-9,0;302,-2,1;306,5,3;309,13,11;313,6,2;320,-14,3;328,8,15;330,2,10;338,5,-6;346,18,35;349,-13,-20;351,5,7;353,-1,1;360,14,31;361,-8,-30;366,-10,-7;373,17,17;379,-1,1;380,0,-2;381,2,4;384,0,5;388,-1,21;402,-3,-13;404,-1,9;411,19,5;429,6,16;457,26,50;461,-6,-1;462,-34,41;520,46,0;525,21,17;531,1,-1;554,-13,-1;626,34,45;641,19,17;643,0,-3;644,4,22;645,4,-24;650,7,30;660,-3,11;674,4,2;680,7,0;704,7,30;708,4,1;710,4,10;726,0,5;728,14,6;736,-8,-5;746,12,9;750,-2,-4;760,-9,20;768,18,8;778,11,3;788,2,11;796,4,1;799,18,18;801,4,3;803,2,1;805,3,-1;808,-21,-7;820,7,11;822,4,2;828,-7,4;901,56,55;913,1,4;929,9,10;935,3,10;947,6,6;953,9,18;967,3,2;977,-30,-44;985,54,64
avenida|monsenhor|joao jose de azevedo|crispim|12402041|848,-2291615,-4544923;856,4,12;860,0,13;886,21,12;906,0,7;940,14,25;952,8,17;960,-2,-11;962,4,1;970,8,12;980,5,11;982,2,6;986,7,1
avenida|monsenhor|joao jose de azevedo|crispim|12402291|10,-2291994,-4545628;18,6,10
avenida|monsenhor|joao jose de azevedo|jardim maria emilia|12402291|10,-2291501,-4544712;1040,-26,-77;1084,19,54;1088,-9,-23;1092,9,35;1102,6,9;1110,-4,2
avenida|monsenhor|joao jose de azevedo|residencial e comercial cidade morumbi|12402010|1120,-2291209,-4544065
avenida|padre|jose maria guimaraes alves|jardim imperial|12420015|520,-2294918,-4545808;780,59,57;800,-19,-26;1300,203,243
avenida|soldado|paulo alves|feital|12442220|15,-2294366,-4539481;25,0,-7;29,-2,-2;53,3,26;91,2,39;95,-1,5;105,-1,5;109,5,5;153,-2,46;159,-2,2;163,-2,7;165,3,2;195,2,27;199,-3,-6;210,-7,20;212,1,5;214,0,8;219,28,-6;220,-26,9;221,9,4;226,-10,-4;227,8,-12;229,-3,9;232,-10,3;235,13,-21;239,0,5;247,2,21;249,-2,3;255,0,8;257,-3,9;275,3,18;281,1,9;335,-2,48;343,-4,-75;353,-9,-7;355,16,102;365,-5,14;369,6,13;370,-7,9;391,6,4;393,-1,9;423,-1,-102;425,-1,-30;433,-1,-79;437,0,-35;438,1,-9;439,-4,-7;440,3,-10;444,-3,-45;445,-1,-8;447,0,-18;448,5,393;450,1,5;456,-6,8;461,7,-53;462,2,-3;466,-6,60;470,9,2;478,-3,13;480,-8,10;482,5,-9;486,0,9;516,-7,19;522,8,11;526,-2,1;532,1,14;536,2,2;540,-5,15;552,5,5;558,-1,12;582,4,4;586,-5,4;588,-3,8;592,2,0;596,0,6;600,1,4;604,-4,8;610,7,6;614,-1,6;620,-4,4;625,-2,-194;633,5,83;635,-3,-2;640,3,129
avenida|soldado|paulo alves|residencial comercial vista alegre|12442220|22,-2294372,-4539492;71,-1,45;102,1,29;108,1,4;110,0,8;134,-3,22;148,3,12;152,2,5;472,-2,-126;473,-1,12;474,1,13;476,4,21;481,-5,47;483,1,18
avenida||abaete|marica|12411400|6,-2293542,-4543204;11,-37,-2;15,11,-2;17,273,-28;18,12,-4;19,-277,31;22,278,-32;27,-276,31;30,275,-29;56,-219,30;57,-30,0;58,234,-28;61,-231,25;70,8,-2;91,17,2;95,4,-4;96,6,6;97,3,-4;98,7,1;100,19,0;110,-86,4;114,82,-10;115,-15,-2;117,13,3;135,27,-4;138,24,-1;139,9,-2;155,-9,3;173,-4,-1;179,52,-7;199,-29,3;204,47,-3;213,-32,2;225,47,-4;229,-28,2;253,21,-5;257,4,3;259,-93,10;265,99,-10;277,2,-1;281,8,-2;295,-71,7;298,77,-8;302,5,-1;351,49,-3;355,0,2;423,6,-2
avenida||alemanha|residencial pasin|12445670|14,-2288933,-4537352;28,2,3;38,9,4;48,1,6;54,10,15;80,11,19;85,18,11;90,-13,-1;98,5,7;106,6,11;116,0,3;142,22,21;143,5,-13;156,-4,16;157,12,0;164,-3,8;165,7,-4;172,-6,14;173,20,-2;178,-17,6;179,11,-9;213,13,36;214,-11,-2;220,9,7;221,14,1;228,-9,5;229,10,2;237,6,8;238,-20,-6;245,25,12;252,-10,1;278,11,23;292,11,8;300,8,10;308,2,3;316,7,10;342,12,23;354,4,6;359,-34,-75;361,12,23;366,34,65;376,2,6;389,-27,-50;423,23,21;427,1,1;431,3,18;439,-5,-10;451,6,10
avenida||antenor da silva andrade|moema ville|12412751|183,-2296279,-4545980
avenida||atilio amadei|campo belo|12400610|14,-2292946,-4546644;26,-17,-25;38,8,9;50,-2,-9;62,-10,-3;70,-1,-3;74,-5,-12;86,-3,-10;98,-2,-6;122,-13,-25;134,-4,-8;146,-13,-13;160,-2,-15;163,-86,-151;172,85,154;184,-11,-20;196,-3,-17;208,-10,0;220,-5,-12;232,-2,-12;244,-9,-10;256,-5,-12;268,-6,-1;280,-2,-13;292,-11,-12;360,-13,-70;366,-10,11;378,-14,-19;380,25,18;404,-37,-39;408,0,-5;410,-6,0;418,-6,-8;422,1,-3;426,1,-1;434,-10,-9;438,8,-4;442,-5,0;462,-4,-16;486,-7,-15;496,-15,-12;502,5,-1;506,-3,-7;510,-3,-4;516,-5,-3;520,-13,-9;526,4,-5;530,4,-1;546,-10,-8;550,-6,-1
avenida||austria|mantiqueira|12445570|34,-2288493,-4537519;42,-11,-5;50,3,4;58,-7,-4;66,-6,-5;74,-14,-6;82,-5,-1;90,-4,-2;98,-7,0;106,-6,-4;114,-6,-2;122,0,1;130,-13,-6;138,-3,0;146,-12,-1;154,-4,-8;162,-5,-2;170,-3,2;178,-11,-5;186,-4,-7;194,-9,-3;202,-3,4;210,-9,-5;218,-8,-2;226,-6,-3;234,2,0;242,-12,-2;250,-8,-1;258,0,-1;264,-8,5;272,-8,5;280,0,5;288,-10,7;296,-8,2;304,-2,3;312,-6,0;320,-4,2;328,-2,9;336,-7,7;344,-8,5;352,-2,2;360,-6,3;368,-10,10;376,-3,2;384,-7,4;392,-7,4;400,-3,-2;408,-6,10;416,-5,6;424,-4,3;432,-5,7;440,-3,3;448,-10,3;456,-2,3;464,-10,7;472,-3,0
avenida||austria|residencial pasin|12445570|9,-2288663,-4537573;17,-10,4;25,-5,4;33,-3,4;125,103,10;207,-64,-18;385,138,45;465,-342,145;480,13,-73;496,-3,5;497,-117,96;501,-4,9;503,-7,4;504,125,-110;512,-5,2;515,-126,111;517,-4,2;520,125,-112;527,-132,121;528,126,-112;533,-130,118;536,121,-114;541,-134,116;544,135,-102;547,-136,105;552,131,-99;557,-138,103;560,133,-94;563,-109,77;573,-34,32;576,121,-111;579,-123,110;584,121,-109;589,-124,117;592,115,-109;595,-128,106;600,127,-101;605,-130,106;608,124,-98;615,-130,100;616,123,-101;624,-5,3;625,-122,112;632,116,-99;635,-136,139;640,134,-135;648,-6,-3;655,-124,131;664,110,-149;672,0,9;680,-11,0;688,-14,38;696,0,4;704,-16,8;712,-2,6;720,0,-5;728,-6,10
avenida||castro alves|vila prado|12410470|75,-2293913,-4544767;91,-115,-37;182,-3,-3;183,-13,1;270,187,73
avenida||dionizio anochi|residencial cicero prado|12444400|11,-2289720,-4537847;13,-71,33;48,-179,64;179,132,-49;289,-92,27;295,-12,2;303,-4,6;311,-4,4
avenida||domingos de araujo|piracuama|12423775|4,-2285004,-4560501;7,160,148;55,-175,-160;110,-10,-34;114,87,209;130,107,-15;140,-117,-32;197,-50,-2;250,1,-87;255,14,55;261,91,85;290,24,-10;316,41,5
avenida||domingos de araujo|piracuama|12426311|20095,-2285001,-4560367
avenida||francisco eduardo de azevedo|moreira cesar|12444393|99,-2289452,-4538516;107,0,2;115,9,11;454,-13,-21;472,11,66
avenida||jarbas gomes de araujo|flamboyant|12425309|874,-2293567,-4548115;876,-1,-6;884,-2,-2;1325,-187,-366
avenida||jarbas gomes de araujo|vila rica|12425309|275,-2293686,-4548342
avenida||rodrigo da silva araujo|santa cecilia|12411010|50,-2293347,-4544037
avenida||rodrigo da silva araujo|santa cecilia|12411230|16,-2293353,-4544001;50,28,-7;56,15,2;176,101,-2;194,33,7;196,-8,1;300,80,44;314,8,1;346,37,-5;364,14,-7;374,11,2
avenida||rodrigo da silva araujo|santa cecilia|12411340|88,-2293281,-4544009;96,6,-1;102,2,-2;106,-1,-2;108,12,-1;118,3,3;120,6,-2;124,8,14;136,2,-12;146,13,2
entrada||esquerda emidio assis|bairro do rodeio|12449899|844,-2280843,-4552519
estrada|doutor|jose c natrieli de almeida|bairro ribeirao grande|12404015|14,-2289445,-4549721;15,-34,116;16,132,44;18,53,11;21,-166,-49;22,30,8;40,161,46;46,90,11;53,-23,-6;56,362,56;64,4,-9;964,-294,-26
estrada|professor|moacir de almeida|bairro ribeirao grande|12404015|10,-2289534,-4549766;11,19,10;12,5,2;13,-16,-5;15,107,-76;22,23,25;25,33,-58;26,6,-11;30,-65,72;32,232,-77;33,-452,80;35,456,-81;36,132,21;40,33,83;44,-308,-115;45,-15,6;50,321,141;52,25,18;53,61,-48;54,-6,12;55,1,-51;56,10,-17;58,-9,12;1163,14,32;4500,-796,-31
estrada|professor|moacir de almeida|bairro ribeirao grande|12404023|1163,-2288929,-4549796
estrada||do atanazio|feital|12441230|100,-2293859,-4537998;350,255,4;6450,646,36
estrada||do atanazio|feital|12441270|5,-2293332,-4538136;231,-457,121;339,39,5;351,69,6;745,357,-14;755,-18,-214
estrada||emidio assis|pindamonhangaba|12401140|787,-2281123,-4552882;816,-62,5
estrada||emidio assis|pindamonhangaba|12449899|777,-2280940,-4552578;791,-201,-84;801,178,83;806,-170,-84;811,139,28;821,-12,-70;822,-43,-12;831,64,62;841,-3,32;851,233,323;858,30,-25;900,-185,-237;9260,-548,-1323;9900,54,297;9970,-18,75;10100,57,132;10200,23,27;10900,284,800
estrada||francisco alves|pinhao do una|12412831|16005,-2300547,-4548526
estrada||francisco barros abreu|borba|12413440|600,-2297718,-4541773;750,-13,87
estrada||francisco barros de abreu|borba|12413440|400,-2297898,-4541931;750,207,199
estrada||jose machado de andrade|pindamonhangaba|12401140|989,-2285072,-4548551;2510,226,-286
estrada||jose machado de andrade|pindamonhangaba|12401540|1000,-2288373,-4550676;1200,177,19;1480,200,-13;1500,20,-39;1532,16,-15;1576,41,-8;1802,17,-4;1990,-245,96;1992,124,0;1994,-5,-27;1995,2,24;1996,-4,-46;1998,6,-7;2000,30,-11;2010,-54,26;8000,-546,506;10050,282,-495
estrada||jose machado de andrade|pindamonhangaba|12449899|1000,-2286021,-4551519
estrada||maria julia do amaral|encruzilhada|12412822|170,-2301102,-4544178;790,-4,4;5852,15,23;8000,-328,-248
estrada||municipal anhanguera|bom sucesso|12401545|9,-2287982,-4554438;12400,88,64
estrada||municipal do atanazio|feital|12441230|2595,-2292602,-4536697;2615,42,75
estrada||municipal do atanazio|jardim padre rodolfo|12441230|110,-2292740,-4536678
estrada||municipal emidio de assis alve|bairro do rodeio|12404015|834,-2280876,-4552574
estrada||municipal emidio de assis alve|bairro do rodeio|12449899|83,-2280974,-4552648;600,-50,-278;817,-93,38;818,20,53;820,74,94;826,129,156;828,-89,-86;1000,129,137;10303,-465,-764;10605,187,385
estrada||municipal emidio de assis alve|oliveiras|12449899|730,-2283378,-4557106;742,1707,2476;750,168,529;751,-23,-97;752,13,18;780,-1768,-2485;786,499,668;789,806,1074;790,-1212,-1695;792,84,314;794,651,740;796,248,510;800,671,543;820,-66,67;834,45,-98;1261,1235,875;5525,-2947,-2974;8005,1359,1798;8777,417,743;9000,-65,-167;9100,-15,-29
estrada||municipal francisco barros abreu|goiabal|12412847|89,-2297542,-4541465;90,-34,16
estrada||municipal jose machado de andr|bom sucesso|12404010|11100,-2288223,-4550743;11732,-246,-2189
estrada||municipal jose machado de andr|mandu|12401450|450,-2288620,-4550604
estrada||municipal jose machado de andr|mandu|12404010|147,-2289180,-4550504;149,40,3;333,241,26;341,7,-2;351,30,-24;500,-250,5;502,7,1;510,-13,-6;2300,2305,-897
estrada||municipal pau d alho|bom sucesso|12401545|1200,-2284106,-4555959;3300,-292,-375
estrada||municipal pau d alho|oliveiras|12401545|1600,-2283094,-4555447;7115,-733,-114;7301,24,206;7500,61,-100;16000,-1394,-415
estrada||pedreira ahanguera|bom sucesso|12400010|11051,-2288022,-4554806
estrada||pedreira anhanguera|bom sucesso|12401545|1500,-2285214,-4555664;10000,7,-16;10001,41,-47;16003,-34,87;16004,76,-49;16005,174,109;16007,2,3;16008,-4,-1;16009,2,-1;16600,65,100;16701,71,42;16703,1,0;16780,-299,-257;16800,37,35
estrada||pedreira anhanguera|bom sucesso|12404010|1000,-2288007,-4554024;12400,138,-362
estrada||pedreira anhanguera|mandu|12401545|1600,-2287288,-4554562;1800,114,-6;2891,82,-17;4001,732,-438
estrada||pedreira anhanguera|mandu|12404010|488,-2288383,-4550686
estrada||pedreira anhanguera|oliveiras|12401545|333,-2285292,-4555603;1420,12,-42;1430,3,-31;1500,-1446,1098;2000,309,-26;3000,1324,-1292;3300,732,-398;7000,465,700;7100,39,19;7500,287,287;7556,-103,-138;7900,105,148;14000,-1718,-356;16700,469,196;16702,-1,-3
estrada||pedreira anhanguera|oliveiras|12404010|45,-2288520,-4554023;46,-3,-9;1000,503,-23
rua|capitao|antonio marcondes do amaral|alto do cardoso|12420260|21,-2294162,-4546612;31,-16,-10;41,-10,2;47,0,0;48,-56,-13;49,27,4;52,7,-2;53,10,2;58,-17,-2;64,-1,-1;66,-31,-5;67,5,5;73,2,-2;81,13,4;93,-3,-3;120,28,3;150,-77,-17;155,-8,6;157,-1,-9;163,3,6;165,-8,0;172,-5,-8;174,-7,6;175,-1,1;176,-8,-9;180,-8,-6;185,9,11;190,-9,-7;195,6,8;197,-8,-1;202,-3,-6;261,-77,23;262,12,-37;274,-1,0;300,-11,-3;306,-15,-1;308,5,9;310,-16,-1;311,2,1;312,5,-4;320,-5,0;322,-4,-1;344,-6,-2;441,21,-1;465,-15,4;475,-18,2
rua|conselheiro|rodrigues alves|boa vista|12401260|15,-2292060,-4546627;23,-2,-9;29,-1,-10;37,-5,-8;143,-35,-94;149,-4,-2;153,2,-10;165,-7,-13;171,-3,-5;175,-2,-5;223,-17,-44;235,-5,-6;251,-1,-12;261,-5,-6;267,-5,-4;295,-3,-42;335,-9,-25;355,-7,-15;375,-11,-20;419,-12,-37;447,-7,-35;479,-1,-25;491,-5,-6;501,3,-14;511,-7,-4;545,28,108
rua|conselheiro|rodrigues alves|bosque|12401260|20,-2292045,-4546637;26,-10,-11;36,-4,-9;38,51,50;46,6,10;48,-63,-79;64,1,3;72,-2,-21;76,77,111;80,2,8;82,-84,-118;84,84,124;88,-86,-128;92,86,139;96,6,9;98,-99,-161;108,1,-7;114,-6,-9;120,-2,-10;126,1,-1;128,-2,-2;134,-5,-12;146,1,1;156,-10,-8;160,3,-7;166,-1,-9;174,-3,-3;178,1,-12;184,-6,2;188,-6,-6;194,3,1;202,-3,-10;206,2,-10;214,-3,-2;222,-5,-4;226,-6,-1;232,-2,-2;236,6,-9;238,-8,-11;244,-2,1;246,-2,-18;248,5,15;252,0,-5;270,-9,-13;274,-3,-9;278,1,-2;282,-1,-6;288,1,0;290,-8,-18;296,-2,9;302,3,-10;308,-5,-2;316,-9,-9;320,8,-4;328,1,-9;340,-4,-4;342,-10,-8;346,0,-1;354,-1,-12;362,-5,-4;384,0,-13;388,-3,-10;392,-2,-7;396,-2,-2;404,-1,-5;406,5,-9;412,-7,2;418,4,-9;422,-5,-2;430,0,-9;434,-8,-1;442,1,-17;448,-10,-3;450,0,-5;458,2,-7;464,2,-7;490,-6,-6;496,3,-8;500,-3,-10
rua|doutor|andre andrade de almeida|cidade jardim|12424210|190,-2295664,-4549135;200,1,1;220,-20,11;400,-51,-11;406,-2,3;410,-9,-3;416,13,3;417,-24,2;470,61,-7;476,-68,9
rua|doutor|joaquim bello do amorim|campo alegre|12410630|25,-2293940,-4546057;41,-12,12;59,-18,8;63,-1,-1;73,-6,10;81,-11,-3;82,-1,1;91,-4,5;93,1,-11;103,-13,21;115,-5,3;125,-10,4;133,-4,5;141,-14,3;143,-6,2;151,5,5;165,-15,4;175,0,0;181,-12,2;191,-8,11
rua|doutor|joaquim belo do amorim|jardim cristina|12412090|28,-2293949,-4546055;30,-6,3;58,-14,4;66,-127,182;68,125,-172;78,-17,4;92,-2,8;95,-202,120;96,196,-120;102,-6,0;112,-1,6;116,-8,2;122,-5,4;132,-10,2;140,-5,4;146,81,-54;150,-85,53;160,-15,13;168,-2,2;170,-9,0;174,-1,6;180,-6,2;190,-2,-6;196,1,16;197,-20,11;199,-14,6;202,22,-20;220,0,3;235,-21,25;236,1,-14;244,-20,4;245,16,7;247,1,1;248,-13,-2;253,2,4;257,2,5;263,-11,3;268,-2,-6;269,-4,7;273,-7,5;278,1,-8;283,-3,14;284,-7,-11;289,-1,14;290,-5,-14;300,4,12;302,-9,-4;303,4,4;307,-2,1;310,-9,-2;312,-3,3;317,-4,4;340,-2,-3;342,-9,7;369,-23,21;381,-6,5;389,-3,2
rua|jornalista|romulo campos d arace|vila rica|12422410|48,-2293803,-4547442;119,40,-33;120,6,6;121,-10,-3;123,-9,7;233,98,-65;240,23,-19;241,-12,12;243,10,-7;244,-54,36;348,-95,63;350,-8,6;358,-3,4;382,-12,7;396,-10,6;444,262,-176;454,9,-7;590,6,10;592,8,-6;595,0,-14
rua|major|domingues marcondes de andrade|campo belo|12422150|34,-2292794,-4547367;61,37,-13;63,3,1;86,-94,21;91,62,-22;93,-6,3;107,-12,-4;113,-12,3;123,-1,1;125,-4,9;133,-8,4;225,-72,21;235,0,3;237,-9,7;267,-19,7;275,2,-4;279,-7,4;283,-9,4;293,-14,-4;295,-3,20;299,7,-10;303,-5,-9;307,-5,1;309,5,-2;315,-6,9;371,-41,16;395,-23,1;447,-63,24;452,13,-4;453,-17,11;459,-7,8;465,1,-8;481,-23,7;532,-9,21;541,-37,24;543,3,3;561,-3,4;569,-35,-17;581,11,31
rua|ministro|jose geraldo rodrigues de alckmin|jardim imperial|12412230|40,-2294462,-4546166;50,-2,20;64,-13,11;76,9,16;88,2,8;100,-5,8;112,1,7;124,-3,17;136,1,13;154,-5,14
rua|ministro|jose geraldo rodrigues de alckmin|ouro verde|12412220|65,-2294450,-4546137;81,-5,10
rua|ministro|jose geraldo rodrigues de alckmin|ouro verde|12412230|111,-2294459,-4546076;121,-2,3;123,-3,6;135,2,9
rua|monsenhor|rodrigo de araujo|araretama|12426250|28,-2295166,-4549715;34,6,-19;40,5,7;48,3,-8;54,1,-1;62,4,-7;68,4,-7;74,7,3;80,2,-11;86,3,-6;94,7,-2;100,1,-8;106,1,-4;112,9,-8;118,5,-4;124,1,-6;130,8,-3;136,-1,-3;142,11,-6;148,2,-9;154,0,-4;160,4,-6;166,2,-3
rua|monsenhor|rodrigo de araujo|residencial nova esperanca|12426250|226,-2295042,-4549872;232,5,-10;238,5,-13;244,6,8;245,-17,3;247,2,-10;250,17,-4;253,-14,4;255,2,-6;256,15,-6;261,-12,2;262,17,-7;263,-15,0;268,17,-6;269,-10,5;271,4,-12;274,5,5;277,4,-8;279,2,-7;280,-1,12;285,3,-13;286,9,6;287,-2,-11;292,4,4;293,-1,-13;297,3,-5;300,4,15;307,-1,-16;318,5,10;320,1,-9;332,10,-5
rua|nossa|senhora aparecida|campinas|12415120|25,-2296344,-4541339;27,1,-3;35,-2,4;45,3,10;55,2,8;65,28,4;80,-32,3;87,57,-17;88,-54,22;90,2,-1;91,51,-10;102,-6,51;106,-26,-48;110,3,4;120,33,57;122,-38,-59;130,17,-7;207,-44,-37;208,7,22;240,-1,15;250,-2,7
rua|padre|anchieta|maria aurea|12420580|27,-2293923,-4546944;31,-30,24;33,-2,2;34,1,-8;36,-12,21;41,8,-4;53,-4,1;61,-3,0;66,-6,8;69,-1,4;70,0,3;74,-8,4;79,0,3;80,-2,5;81,4,-1;82,-8,0;87,2,6;97,-6,7;99,-2,5;100,1,-7;109,-1,8;110,-7,-4;112,-3,8;115,8,5;121,-6,3;126,-2,3;129,-1,2;140,-7,4;155,2,-3;159,-4,15;164,-6,-3;169,2,6;171,-4,9;175,-1,3;209,-74,92;217,36,-45;221,1,-8;223,18,-19;230,-28,23;237,2,15;240,6,-9;242,0,1;245,-12,13;250,9,-3;251,-6,18;255,0,-15;258,0,2;260,-6,0;267,-5,6;270,3,0;276,-7,13;280,-5,2;286,-5,17;287,12,-20;290,-8,13;340,-20,18;346,2,7;350,-21,25;361,15,-9;369,-8,2;371,-4,8;373,-1,3;375,-17,17;377,16,-25;380,24,-39;381,-34,52
rua|padre|francisco alves|parque das nacoes|12421170|205,-2294929,-4546693;215,-10,15;225,-8,1;231,-7,9
rua|padre|francisco alves|socorro|12421160|58,-2294836,-4546818;67,-57,71;68,45,-60;71,-29,35;73,8,-5;74,15,-25;81,-17,18;110,11,-7;130,-24,27;136,-8,12;223,52,-66
rua|padre|francisco alves|socorro|12421170|48,-2294886,-4546745;64,7,-9;66,-9,10;70,15,-30;90,11,-4;96,-6,5;104,24,-21;147,-50,58;151,-2,4;180,43,-53;186,-105,107;190,106,-112;222,-96,104;230,-1,-1
rua|padre|jose de araujo|santana|12403230|10,-2292256,-4544819;18,-8,4;19,6,7;20,-11,-8;25,-9,12;28,7,-7;31,-13,14;35,4,-3;50,-6,-8;51,-4,13;58,-6,-9;59,-4,9;60,1,-8;61,-1,5;68,-7,-4;71,1,12;75,-7,-2;81,-6,4;90,-7,-9;91,-1,8;100,-5,-10;101,-7,14;110,-3,-4;111,-3,7;120,-10,-10;121,3,12;130,-8,-10;131,-6,10;155,-6,-2
rua|padre|jose orlando siqueira amaral|conjunto habitacional terra dos ipes 2|12445160|161,-2289164,-4538958;165,-9,-18;169,14,20;175,-1,7;181,2,5;189,3,12;199,5,2;213,5,9;221,4,5;237,2,10
rua|padre|jose orlando siqueira amaral|vila sao benedito|12445160|132,-2289188,-4538998;148,4,12;158,8,12;178,12,28;198,5,13;222,9,18;283,47,87;293,1,2;327,4,5;334,-7,-8;340,5,15;341,9,10;343,-2,-7;348,-4,3;360,4,8;367,9,13;370,-6,-6;377,15,27;378,-12,-17;386,5,13;387,6,-3;401,5,14;417,3,13;426,-4,-3;434,-7,-16;438,16,40;442,9,-1;450,5,13;453,7,13;454,-8,-3;456,0,-9;464,3,18;470,3,3;475,3,-1;480,4,2;484,-1,5;493,1,-1;500,2,14;510,3,3;512,1,4;514,0,1;515,3,-4;517,4,11;518,-4,4;520,6,9;525,4,-7;535,-1,7
rua|padre|jose orlando siqueira do amaral|vila sao joao|12445160|38,-2289228,-4539079;48,3,10;49,7,4;55,3,5;59,11,32;61,-6,-22;66,-8,-4;75,11,13;78,-11,-13
rua|professora|myriam penteado rodrigues alck|lessa|12422490|926,-2294452,-4547594;952,12,23;1050,-71,-142;1052,67,128;1130,-31,-62;1148,20,22;1162,-14,-7;1202,-16,-37;1220,5,12;1266,-43,-56;1530,-14,-4
rua|professor|lauro vicente de azevedo|cidade jardim|12424340|2,-2296335,-4548828;3,17,19;4,225,-84;5,-232,72;7,17,23;8,10,11;57,-16,-17;79,-7,-9;115,-17,-17
rua|santo|andre|vila sao joao|12445080|20,-2289123,-4539121;24,2,-19;26,0,0;28,-2,32;30,-1,-8
rua|santo|antonio|campo alegre|12410610|35,-2293882,-4545945;38,-5,4;44,4,7;49,13,5;56,-9,9;59,16,0;68,-10,6;69,11,0;70,0,9;78,-2,3;79,10,2;86,-8,1;93,12,3;95,2,9;97,-2,7;98,-6,-5;106,8,4;107,7,3;115,4,10;118,-2,4
rua||abaete|marica|12411400|50,-2293271,-4543234;51,3,-3;112,-80,15;146,4,1;150,1,-5;172,-82,11;180,23,-2;196,0,-1;205,115,-13;212,-111,20;220,16,-7;240,22,-6;244,-6,0;260,-15,7;286,73,-3;306,-9,-6;316,-1,1
rua||acerola|goiabal|12415462|12,-2298584,-4540197;14,60,74;15,20,26;16,15,13;99,-264,-312;155,36,33;159,157,195;213,10,33;380,-119,-164;950,58,88
rua||agostinho ardito|chacara da galega|12420630|30,-2293743,-4546788;44,4,-6;45,10,-24;54,0,12;70,16,-7;75,-9,-19;84,1,4;85,5,-11;94,5,12;95,-3,-18;104,8,3;114,1,-10;121,13,-18;124,-11,15;134,12,-11;135,4,-14
rua||alberto torres de andrade|mombaca|12425120|14,-2292900,-4547546;15,-14,11;17,-40,-373;19,43,367;29,1,-21;32,7,6;33,-10,-4;41,3,-10;42,2,4;43,-6,-8;46,1,5;49,-2,-7;50,8,2;54,-11,-7;55,5,1;59,-2,-10;60,2,4;66,0,-4;67,-4,-2;70,11,0;76,-9,-4;77,-2,-12;86,2,2;87,-5,-18;95,-2,-8;98,17,25;99,-17,-31;100,13,22;106,-7,-16;107,-7,-2;108,13,13;110,-10,-14;115,-8,-12;116,13,11;119,-13,-20;125,1,-5;126,10,11;127,-8,-7;131,-5,-4;135,-1,-9;136,12,10;141,-10,-8;142,-34,-218;146,45,221;147,-9,-16;150,3,16;151,-10,-31;156,13,22;157,-13,-22;158,14,24;160,-1,-8;161,-13,-14;164,14,15;167,-11,-17;176,7,2;182,0,-11;188,-3,-2;189,-11,-11;195,-3,-11;196,13,20;198,-5,-8;205,-9,-18;214,2,1;217,0,-8;245,-7,-41;247,-3,-7;250,15,17;252,-5,11;254,-3,-22;261,-4,-14;265,-1,-6;266,37,249;268,-29,-232;269,-10,-19;270,13,5;279,-18,-6;285,2,-8;290,11,0;291,-9,-5;292,-9,-44;295,6,38;300,11,2;304,-1,-6;308,-7,-2;310,0,-4;320,2,-7;321,-7,2;330,10,-13;331,-12,4;340,11,-6;349,-14,-9;350,10,7;352,-1,-6;353,-8,-9;360,8,-1;361,-8,-13;364,9,11;368,-2,-7;371,-6,-10;377,-1,-10;378,4,13;379,-8,-11;387,-1,-4;393,1,-5;401,-2,-7
rua||alcides jose arese|residencial cidade morumbi|12404256|23,-2291960,-4542995;32,-4,7;33,6,0;39,-3,4;44,-9,10;51,12,1;52,-10,8;59,16,1;60,-13,7;62,4,-2;67,10,5;68,-8,11;72,2,0;75,7,-4;78,-4,10;82,3,8;83,1,-6;95,5,11;100,-8,7;107,13,1;115,4,9;116,-16,-8;120,3,7;128,-1,11;131,16,-2;134,-9,7;139,10,-3;176,1,45;189,4,4;190,-1,8;197,11,4;198,0,12;213,7,8;217,7,11;241,-2,10;248,-5,10;251,2,5;256,3,6;261,6,-1;268,-6,5;269,7,1;276,-6,8;279,9,-2;286,-6,13;297,8,9;300,-6,4;310,3,7;311,11,-2;356,0,48;366,1,2;369,5,-3;375,5,2;383,4,5;389,-3,15;392,0,5;395,5,-1;400,-4,9;401,6,-6;406,-6,12;409,8,4;413,2,6;421,-1,5;429,8,8;438,-10,-10;453,13,31;460,-4,1;463,14,9
rua||alfredo alves|araretama|12423400|13,-2294085,-4550454;16,-2,2;19,2,1;20,1,-2;21,6,1;22,-3,-3;27,11,14;28,-9,-4;30,6,3;31,5,7;32,-7,-12;40,3,6;44,3,6;51,0,5;52,4,2;56,2,1;57,4,1;61,2,9;64,-8,-3;68,4,3;73,11,6;76,-8,2;80,3,-1;81,14,12;83,-7,-11;87,-1,10;88,-4,-7;89,16,26;92,-15,-26;94,11,18;96,-4,-3;100,1,-3;105,8,5;106,-3,12;110,12,18;114,-9,-9;118,6,-5;121,0,3;123,-7,-21;133,12,23;134,2,8;150,-5,24
rua||amancio domingos alves|laerte assuncao|12440710|26,-2291549,-4537172;31,-3,8;36,-12,1;41,-6,2;44,0,-2;47,-54,10;51,53,-9;54,-20,-21;59,5,24;61,-7,1;64,5,-8;65,-7,10;74,1,-10;82,-14,2;83,6,8;89,-18,-1;90,7,-7;94,-4,3;104,-13,0;106,8,-1;109,-14,9;120,1,-5;123,-3,14;125,-8,-10;128,8,-4;131,-15,9;134,4,-8;136,-5,3;144,-3,2;147,-7,-3;150,-11,1;151,6,8;159,-9,-2;164,-2,-4;167,-6,11;173,-2,-4;174,2,-3;190,-10,3;194,-2,-5;195,-4,9;196,-1,0;198,-13,-4;203,3,7;207,-9,-2;208,4,-4;212,-5,4;213,-3,3;215,1,2;225,-7,-1;233,-10,4;251,-20,0;253,-3,3;263,54,-18
rua||amarilis|condominio laguna|12411702|15,-2293378,-4542306;23,7,-1;29,6,-1;30,-2,12;36,9,0;37,-3,-10;45,7,-8;52,7,7;53,-2,-5;60,7,3;61,2,-11;67,8,0;73,5,0;81,5,-1;90,9,15
rua||ameixeira|jardim eloyna|12413550|55,-2295026,-4541287;59,0,-7;64,-3,-4;70,-1,-5;73,-4,8;74,-2,-12;79,3,-2;82,16,28;83,5,7;86,-8,-9
rua||ananias ribeiro de almeida|loteamento joao tamborindeguy fernandes|12441040|60,-2291882,-4536434;65,10,5;67,-5,3;95,-6,0;160,-13,14;184,-3,-2;195,31,-25
rua||antonio jose de avila|crispim|12402320|29,-2291705,-4544584;31,6,7;36,-9,3;41,8,-1;50,-5,6;53,25,14;54,-10,11;55,12,-8;60,-3,7;66,2,6;80,3,5;85,3,-11;91,18,15;95,-7,-4;109,46,49;110,-47,-38;115,25,16;126,-4,6;127,7,-3;132,3,21;136,-14,-25;143,19,10;145,5,5;150,-36,-24;168,36,40;175,20,7;176,-4,6;178,0,3;184,5,4;185,16,-1;190,-9,8;197,8,1;207,-15,-14;209,24,24
rua||antonio rita do amaral|parque sao domingos|12410340|4,-2293452,-4545204;11,-2,10;12,-2,-3;13,-6,-4;14,10,-7;23,-14,4;31,-4,-8;37,-14,-7;70,3,-18;71,-17,7;74,20,6;79,-24,-12;80,-6,-9;81,-4,2;88,3,-9;91,-9,4;94,3,-13;100,-4,-4;105,-2,13;109,-7,-4;110,0,-14;113,-6,12;120,10,-14;123,-13,8;129,-7,-6;131,-6,-4;132,11,-3;136,2,3;147,-20,-9;150,3,-6;159,-9,-3;163,-2,2;175,-9,-1;177,-32,-33;204,6,-13;210,-8,0;225,-6,9;230,0,-16;245,-1,12;248,-3,-15;251,-11,4;273,-3,0;275,-8,-8;277,-4,-5;293,-4,-2;329,-25,-18;339,-6,-19;340,-9,-10;342,1,-3;353,5,4;359,-10,-1;364,-4,-9;373,-6,-4
rua||aparecida|cidade nova|12414180|6,-2294752,-4540606;9,642,-194;51,23,1;59,-4,2;62,1,-12;64,-593,181;70,580,-176;71,3,9;74,-581,167;75,579,-166;80,-568,162;81,561,-160;85,-510,143;90,503,-147;91,-7,7;95,-10,1;96,5,-6;100,-3,0;102,-542,164;104,-16,6;121,-23,14;123,18,-4;125,-7,4;131,-12,0;141,-10,4;142,13,-16;145,-14,10;146,-12,1;147,-3,1;151,11,8;161,-18,3;171,407,-132;181,-410,135;182,557,-179;183,-564,181;190,550,-178;191,-121,36;195,126,-25;200,-13,-11;202,-530,163;203,534,-151;204,-535,156;205,530,-154;210,-11,-9;211,3,10;221,-8,5;222,13,-18;240,-28,13;241,1,9;250,3,-10;255,-24,12;260,32,-15;262,5,-3;270,8,-3;271,-2,0;304,-95,28;305,-4,15;319,-16,5;320,-5,1;335,-6,4;356,-7,-12;369,-5,14;378,-21,-8;379,12,10;380,2,-12;381,12,-4;469,-72,31;473,46,-9;478,-87,17;481,4,2;500,-15,3;511,-11,6;513,4,0;566,220,-78;572,-5,2;601,-306,105;611,-10,3;617,-1,1;621,-7,2;629,-2,-1;639,-12,3;640,7,-12;647,-11,5;651,-5,11;659,-6,-1;663,-9,6;670,10,-17;671,-16,19;674,1,-14;675,-7,16;678,7,-15;679,-8,12;696,-2,-10;699,161,-42;701,-1,6;702,-8,4;713,35,-16;715,16,-1;718,-154,34;720,-13,4;754,-87,30;756,-13,0;766,-3,6;842,255,-78;844,9,-4;883,-136,40;1040,-181,70
rua||aracaju|conjunto habitacional terra dos ipes 2|12444260|21,-2289482,-4537904;28,4,-19;34,-4,-7;35,-4,4;43,-2,-7;47,-1,-3;48,12,1;52,-6,-6;58,-8,-15;63,-4,6;64,10,5;76,4,-25;77,-15,11;91,-4,-15;96,6,-2;99,-7,-3;100,7,5;105,-1,-11;111,-11,-13;118,2,-3;119,0,-6;133,3,-12;135,-15,3;136,6,-6
rua||aracatuba|marica|12411550|14,-2293333,-4542764;15,-8,3;22,3,-3;27,1,2;30,3,4;32,37,-11;34,-26,2;36,-3,5;40,11,-4;46,-3,1;51,0,1;53,14,-4;66,0,-4;70,6,2;74,-22,4;75,27,0;78,-3,-6;79,-3,3;85,13,-3;94,2,2;96,-1,-2;97,1,-1;98,6,-4;99,12,4;101,-7,1;107,2,-7;111,13,2;112,-6,-1;114,8,-4;115,0,6;116,3,-6;119,1,0;125,4,2;129,5,1;130,1,-2;134,6,-2;135,11,1;136,-20,-1;140,10,2;148,12,-7;149,-18,7;153,23,-11;165,3,8;166,5,-2;169,2,-9;175,4,-3;176,4,14;181,0,-10
rua||araca|jardim eloyna|12413570|21,-2295128,-4541244;25,3,0;27,25,38;28,-4,-9;30,8,8;31,-39,-66;35,16,32;39,3,12;42,-12,-19;45,20,37;61,-10,-15;64,-26,-49;66,28,42;75,-9,-5;98,-7,-21;108,-2,-5;109,0,4;111,-6,-3;121,-5,-6;125,-3,-1;129,2,-6
rua||araponga|parque das nacoes|12420460|21,-2295992,-4547278;43,-10,18;44,-16,13;61,27,14;66,-16,0;84,-4,27;85,24,-16;102,-16,38;103,18,-8;124,-25,19;125,31,-1;143,-4,16;166,-16,20;167,10,-6;186,-5,32;204,1,22;227,13,29;228,-10,-4;243,18,12;269,14,19
rua||araras|maria aurea|12420530|26,-2294082,-4546978;30,-2,2;31,4,2;34,-7,8;40,-1,3;41,4,2;68,-14,15;72,-4,9;100,-8,15;101,2,-4;102,-2,10;108,-4,0;113,1,8;130,-10,8;155,-15,30;158,-10,-18;160,5,13;170,-2,9;172,1,-3;180,-7,11;181,9,-5;182,-15,14;185,5,0;187,8,-7;191,-10,8;192,-2,-7;194,-6,6;202,-3,6;203,4,6;204,-10,-2;205,4,8;214,-4,-6;216,-3,5;219,6,5;224,-13,2;225,7,1;226,-6,3;234,49,-60
rua||areias|cidade nova|12414250|11,-2294998,-4540377;181,98,-48;197,-23,12;200,104,-67;309,-192,118
rua||argentina|parque das nacoes|12420490|37,-2294980,-4546616;43,-7,14;49,-1,-3;53,-4,1;63,-12,6;72,-21,-9;73,9,2;82,-19,1;85,42,-5;91,-44,7;92,-8,-6;101,12,8;104,-11,-11;105,3,5;110,-7,-8;111,-9,12;115,3,-1;116,-7,-5;118,4,-3;122,-14,4;125,7,6
rua||arthur de andrade|vila verde|12412660|19,-2295837,-4545924;31,-6,22;32,5,-10;37,-13,8;45,-8,-5;51,-8,3;55,-5,-2;56,5,-5;58,-3,3;64,-6,0;65,-1,1;69,-2,4;74,1,1;78,-8,-6;81,-13,6;84,7,-3;91,-13,3;96,1,-8;97,-4,10;107,-4,-2;113,-5,-1;114,-10,-8;117,6,11;127,-11,-9;149,75,-3
rua||attila brotero de assis|araretama|12426050|11,-2295177,-4550028;12,3,-5;21,-6,1;22,0,-8;31,-8,2;32,5,-3;41,-16,-5;42,8,-1;51,-12,-1;52,1,-9;61,-6,1;62,2,-5;71,-6,-2;72,3,1;81,-12,-9;82,4,-1;91,-10,2;92,-4,-11;101,-7,-1;102,10,-3;111,-7,0;112,-4,-4;121,-4,-10;122,1,8;131,-7,-5;132,-3,-4;141,14,19;142,-19,-27;152,-8,-6;162,-4,-5;164,0,0;172,-7,-4;182,-6,-9;192,-6,-4
rua||attila brotero de assis|residencial arco iris|12426050|23,-2295416,-4550257;210,110,105;220,-8,-7;240,-10,-10;250,-7,-7;259,-11,0;260,2,-9;269,-6,-2;270,2,0;279,-12,-4;280,0,-9;285,-3,-2;289,-1,4;290,1,-5;299,-11,2;300,4,-10;309,-10,-1;310,7,-2;319,-13,1;320,3,-13;329,-6,7;330,1,-2;339,-8,-5;340,1,-10;349,-9,1;350,5,-2;359,-9,2;360,-4,-1;369,-4,-11;370,0,-5;379,-11,3;380,9,-7
rua||augusto claro de alvarenga|araretama|12423390|43,-2294030,-4550480;51,10,15;53,-6,-7;57,9,15;59,3,-3;63,-1,6;69,1,7;81,4,7;93,11,12;95,-10,-7;97,9,-1;99,4,9;140,1,8
rua||azaleia|condominio laguna|12411703|20,-2293390,-4542352;29,8,-23;36,2,27;37,8,-23;44,-1,13;45,9,-11;48,-2,13;60,7,-2;61,8,-15;64,-3,17;68,6,-4;74,8,2;81,3,-19;82,4,14;98,12,-10
rua||azulao|parque das nacoes|12424835|180,-2296094,-4547126;210,-23,-38;228,-17,-9;244,-4,-10;262,-7,-7;278,-7,-12;308,-35,-28;330,-17,-9;340,-4,-11;368,-11,-12;378,-23,-22
rua||a|jardim esperanca|12440010|100,-2297159,-4539544
rua||benedicto de almeida|residencial nova esperanca|12426280|227,-2294936,-4549786;228,7,14;234,1,-6;235,-4,-13;240,7,8;241,-4,-11;248,13,3;249,-7,-6;254,11,1;255,-4,-9;262,2,9;263,-2,-12;269,7,-8;270,2,11;276,6,-6;277,-3,-7;282,4,2;283,2,-11;290,5,8;291,-3,-11;296,10,3;297,-5,-10;304,16,12;305,-10,-17;310,5,8;311,-3,-12;318,3,9;319,1,-16;324,5,8;325,-5,-10
rua||benedito alves|feital|12441290|22,-2293993,-4539083;28,5,-1;31,-13,1;35,9,-4;36,9,4;40,23,0;50,12,-3;51,-36,-2;55,15,0;61,-6,4;71,15,-5;73,8,0;78,8,3;79,1,-4;81,11,0;88,6,7;90,11,1;91,-6,-4;98,5,0;100,18,-2;111,10,-5;119,-17,0;120,14,6;121,-8,0;123,5,-4;125,13,-4;128,4,7;129,3,-7;130,-1,6;134,14,-2;135,-5,-3;145,13,-1;161,17,1;163,7,2;192,-19,0;194,16,1;200,-10,-2;201,18,-1;204,6,1;205,-6,-1;210,15,2;215,3,-4;220,5,4;234,32,6;245,-24,-11;250,-9,2;260,17,1;265,3,-4;285,19,-3;295,-2,6;300,17,37;305,-17,-28;310,3,26;315,0,0;320,-4,-19
rua||benedito cesar de araujo|araretama|12423430|11,-2294206,-4550345;19,4,10;25,-6,-4;30,73,118;31,-4,-15;33,-59,-96;37,-7,0;44,7,8;45,3,0;49,1,7;52,7,1;56,-2,2;59,-3,-2;63,4,5;64,3,-2;68,0,9;71,-2,1;75,3,-6;76,1,1;80,2,14;83,6,-8;87,1,9;88,-4,-1;92,4,3;95,1,-3;99,2,4;100,2,2;104,-4,4;107,6,-4;108,-3,10;111,5,-3;112,0,4;119,2,-2;120,3,9;123,1,-6;124,-1,7;131,4,-2;132,-3,9;135,3,3;136,1,-2;143,6,-1;144,-3,3;147,4,1;148,4,12;155,-5,-10;156,3,8;159,1,-2;167,4,5;171,3,8;179,2,5;183,3,2;191,-4,5
rua||benedito leite de abreu|andrade|12402520|35,-2291886,-4544372;105,43,41;148,-11,-2;152,7,3;157,48,29;201,20,27;209,-13,11;215,-3,-1;222,4,-19;224,-7,19;225,3,5;226,-11,7;230,-7,14;231,56,-10;234,-59,14;236,-1,2;240,5,4;241,6,7;277,13,12;300,-1,2;308,6,-5;312,18,-12;333,-25,13
rua||benedito luiz assoni|residencial comercial vista alegre|12442050|18,-2294054,-4539646;30,3,-7
rua||benedito rodrigues de abreu|residencial comercial vista alegre|12442180|20,-2294568,-4539433;22,12,1;26,5,-4;28,6,0;29,-18,0;32,21,0;37,-12,2;41,4,-4;49,8,0;55,13,-1;59,0,0;64,-7,-1;65,8,3;69,6,-5;70,1,4;75,-2,-1;79,6,-2;83,5,0;86,8,2;87,0,-4;88,-2,5;95,3,-5;98,4,4;99,5,0;102,-5,0;103,5,-3;107,5,-2;108,9,3;114,2,0;120,2,1;124,7,-1;153,14,-5;156,9,-7;157,-2,4;166,8,3;173,6,-3;177,5,2;195,13,-1;197,4,-1;201,8,-3;207,-2,1;480,-46,9;486,-5,-2;489,33,-4;493,-32,1;550,-82,9;551,18,-1
rua||carlos maria koehler asseburg|centro|12410060|51,-2293030,-4545628;85,34,3;99,6,-3;102,32,5;145,8,-4;185,38,-8;195,-75,2;205,100,17;209,-2,-11;217,18,-3
rua||carlos maria koehler asseburg|santa luzia|12410060|18,-2293069,-4545620;53,173,-4;90,-81,2;120,23,-1;123,10,-1;126,8,-1;130,2,-3;136,7,-1;153,16,2;180,-8,5;255,-75,-2
rua||carlos martins de almeida|araretama|12423280|3,-2294596,-4550307;9,15,26;10,-19,-26;15,20,33;16,2,5;17,-5,-7;22,19,32;24,-4,-9;27,-36,-63;29,2,0;32,6,19;33,7,5;42,-3,-3;43,-4,-10;51,4,2;57,5,6;59,3,4;61,1,5;71,6,12;79,7,11;82,-4,4;89,1,-8;95,15,37;98,-6,-15;99,2,-1;103,6,3;109,-5,10;123,-4,-22;127,13,18;128,2,9
rua||cecilia marina anochi|residencial cicero prado|12444480|13,-2289853,-4537795;14,-6,9;19,6,6;29,2,4;30,-2,1;35,3,10;36,-1,-4;45,6,14;46,-4,-5;51,-1,1;61,9,11;62,-5,5;69,7,6;70,-4,0;79,8,12;80,-8,-8;85,8,8;86,-5,0;95,6,12;96,-5,-9;101,8,4;102,-3,-1;111,3,16;112,-6,-2;117,7,8;118,-5,-3;127,6,12;128,-4,-3;133,4,1;134,-4,3;144,2,11
rua||das acacias|village paineiras|12421450|111,-2295482,-4547812;131,-22,-34;160,445,108;165,8,22;179,-391,-52;190,370,30;250,-17,22;270,-14,25;280,-25,21;340,-236,10;364,16,11;365,15,-14;430,93,51;451,8,17;480,-51,-29;481,29,41;501,-18,-16;518,-29,-34;521,-16,14;523,13,16;540,148,-37;550,-16,20;560,-25,7;570,-20,4;600,-151,-83;630,97,79;650,94,16;670,-255,-150;750,-30,-31;800,-12,-24;810,-30,-63;880,-17,-15;900,2,6;1442,184,238;2033,-51,-67;2209,-15,-10;2210,-1,29;2283,-14,-49
rua||das acucenas|residencial vale das acacias|12440490|21,-2290552,-4537241;24,34,-10;31,-42,7;32,35,-11;40,-9,-3;43,-34,8;48,26,-5;49,-40,6;60,30,-9;61,-34,9;68,19,-11;71,-34,7;79,2,-7;80,26,-1;87,-36,2;88,16,-7;98,5,1;99,-36,12;105,-5,-7;106,34,4;115,-40,1;120,29,-9;123,-32,-12;128,18,10;131,-22,-3;138,11,0;143,-23,-3;150,22,2;155,-35,6;156,21,-10;161,-29,3;168,25,-2;171,-34,-5;176,24,2;183,-34,-2;186,25,-2;191,-27,-4;198,21,2;203,-31,-5;204,20,7;211,-25,-10;216,20,3;219,-35,-4;224,20,-3;229,-27,0;235,-7,0;236,30,1;244,-9,-2;245,-35,-5
rua||das alamandas|village paineiras|12421580|15,-2295523,-4548812;53,8,22;80,-8,4;85,7,32;102,-13,10;105,0,16;106,-9,15;162,-12,15;175,16,13;201,8,-26
rua||das amendoeiras|village paineiras|12421690|2,-2295424,-4548872;3,-1,-20;4,3,-12;5,3,-1;6,1,28;80,0,31
rua||das andorinhas|loteamento triangulo|12413010|38,-2294267,-4542027;50,-7,-10;82,111,-166;84,11,-20;88,-51,104;90,27,-63;102,11,-10;130,-19,34;150,-10,17;160,2,7;170,-9,8;240,-22,61;250,-13,19;252,13,-19;260,-11,31;266,-8,-5;280,5,6;486,75,-177;490,3,5;498,28,-65;506,2,4;510,-41,84;570,10,-34;576,-1,17;620,-50,104;670,26,-53;671,-5,-10;702,-19,86;714,5,-39;724,-1,10;726,-11,25;730,-7,8;1145,79,-172
rua||das araucarias|lago azul|12424630|39,-2296276,-4548635;49,-33,-34;59,-5,-6;69,-14,-20;105,-167,-217;211,85,116;213,16,24;215,16,15;217,-68,-85;219,-1,-2;275,16,23;381,-37,-50
rua||das azaleias|village paineiras|12421510|30,-2295157,-4548076;37,-13,-9;44,-3,-31;80,-15,-22;85,6,33;94,-13,-43;130,-14,-22;140,0,-6;158,0,-11
rua||donizete ribeiro alves|bom sucesso|12404010|3,-2288942,-4554558;4,-12,-22;5,8,6;7,10,36;530,-33,-87
rua||dos alecrins|village paineiras|12421470|44,-2295197,-4547561;55,-3,4;61,22,17;74,-19,-6;81,17,22;86,-16,-9
rua||dos andradas|centro|12400010|11,-2292532,-4545982;15,-3,-6;21,-11,-1;23,11,-6;25,0,2;35,0,-17;45,-3,-13;55,-3,-3;64,9,-11;68,1,-1;69,-41,9;70,45,-18;83,-22,-53;84,35,36;85,-19,10;87,-3,-4;94,6,4;96,-5,-14;98,11,-3;147,-2,-53;148,3,10;156,13,-11;157,-17,-2;162,0,-7;164,1,-5;165,4,-2;168,7,13;172,2,-14;179,-2,-9;184,-1,4;189,8,-19;193,-8,0;197,7,-10;200,-12,16;201,17,-16;204,-5,13;205,-6,-12;206,2,-2;209,17,-15;211,-10,6;212,-6,5;213,7,-18;214,-10,20;216,-3,-2;220,-5,-6;234,2,-11;236,7,6;266,3,-36;270,5,-4;280,5,-8;298,-7,-20;305,6,-9;310,-10,1;320,8,-20;321,1,4;326,-16,6;328,4,-7;329,10,-7;330,-7,5;341,25,-1;345,-21,-20;349,13,5;353,1,-3;360,-1,-24;361,-4,7;363,3,-10;367,-6,18;388,53,-39;393,-45,-1;396,44,2;400,-46,-2;404,9,-44;407,-3,28;408,-21,9;412,5,-1;414,44,-22;416,-19,7;421,-21,0;422,-2,4;426,13,-7;427,0,-12;432,3,-14;437,-5,15;442,1,-5;446,6,1;450,-10,-8;458,14,-24;468,-6,-1;469,-2,-19;474,-7,10;477,9,-1;478,14,1;480,-26,-2;488,3,-3;490,11,-21;496,13,52;497,-12,-47;507,5,-9;513,2,-2;515,7,-8;519,1,1;525,-8,-12;541,-8,-18;553,-1,-4;565,5,-16;571,4,-9;583,-2,-4;589,-2,-10;595,7,-3;623,4,-19;633,4,-16;635,-5,-9;643,4,-8;651,-1,-5;657,-6,13;661,1,-27;673,6,5;675,0,-4;683,-3,-6;685,-7,-18;697,0,-10;701,0,-1;705,3,-8;723,-6,-15;731,9,-4;806,2,-77;824,5,-17;825,-17,0;827,7,5;830,26,-23;844,-19,0;850,0,-6;856,-4,-6;864,8,-9;870,-19,-3;876,28,-17;887,-29,0;888,13,-1;900,-1,-6;901,-10,-4;910,14,-13;920,-8,-4;928,-8,-11;934,-6,4;940,-2,-2;944,-3,-6;948,-5,-9;954,3,-23;960,0,4;976,-4,3;1005,-21,-26;1015,-17,0;1032,-1,3;1036,16,-30;1038,-17,15;1040,11,-9;1061,-22,-16;1083,-8,-15;1110,-4,-22;1185,-37,-47
rua||dos anturios|residencial vale das acacias|12440470|6,-2290397,-4537357;13,-15,1;14,12,0;17,-25,13;20,15,-12;25,-21,13;26,18,-15;34,-9,3;37,-18,7;40,13,-7;42,-2,-2;45,-22,14;50,13,-10;55,-15,13;60,5,-12;67,-16,20;68,8,-22;73,-16,17;78,11,-15;83,-18,18;90,6,-17;91,-15,9;96,6,-9;101,-19,10;104,9,-10;113,-18,4;116,11,-6;121,-16,10;124,7,-10;129,-23,8;136,9,-9;141,-12,8;144,8,-10;149,-19,14;156,4,-17;159,-15,10;165,-1,0;166,6,-11;174,-4,-1;177,-11,10;186,3,-9;189,-15,6;194,7,-9;195,-13,8;204,-2,-9;207,-8,7;213,-8,-2;214,7,-4;224,-4,-5;225,-18,5;233,-2,3;236,11,-12;242,-7,3;243,-15,5;249,0,-2;254,3,-9;261,-15,6;262,9,-1;269,-16,-1;270,7,-5;279,-14,-1;289,-12,-1;297,-16,27
rua||estado de alagoas|conjunto habitacional terra dos ypes 1|12443200|93,-2289691,-4537634
rua||felisberto de almeida|crispim|12402120|61,-2291634,-4545297;201,67,98
rua||felisbino de almeida|crispim|12402150|171,-2291512,-4545076;220,-18,-38
rua||francisco alves|bela vista|12412440|21,-2295399,-4545886;34,-8,-8;37,-1,2;38,-4,-3;41,-2,9;44,-6,-5;48,-2,3;49,-11,2;53,-3,-6;56,5,-1;66,0,0;76,-9,-5;79,-14,13;84,5,-4;96,-17,-3;141,-13,0;174,-48,-5;178,-1,7;182,-6,-4;184,-17,0;204,-5,-2;208,-4,1;212,-7,3;220,2,-6;235,104,16
rua||francisco d arace|jardim cristina|12412120|32,-2294134,-4545736;36,-91,-126;46,99,104;52,-98,-89;56,82,88;77,-64,-51;90,-12,-16;100,-5,-14;115,29,46;135,-10,-16;139,-6,-1;145,-7,-11;156,4,-6;158,-5,-8;181,-10,-20;186,9,6;207,-3,-25;217,-13,-6;355,3,7;712,108,134
rua||francisco fernandes alves|residencial liberdade|12444676|35,-2290114,-4537542;45,-4,-6;55,-9,-9;65,-4,-9;75,-2,-2;85,-3,-7;95,-5,-8;105,-9,-5;115,-1,-8;125,-4,-6;135,-3,-6;145,-3,-2;155,-5,-12;165,-9,-6;175,-9,-9;185,6,-1;195,-8,-5;205,-6,-5;215,-2,-12;225,-6,-2;235,-4,-6;245,-2,-10;255,-6,-6;265,-4,-2;271,-16,-16;279,-5,-12;285,-3,-4;291,-5,-4;301,2,-4;309,-6,-11;315,-5,-5;325,-8,-8;333,-5,-8;341,-2,-6;349,-8,-3;355,-6,-7;363,0,-2;371,-6,-5;381,-7,-10;389,-5,-5;402,-5,-18;403,-2,10;410,0,-18;411,-6,0;418,8,-10;419,-14,12;425,-4,-12;426,6,1;433,-13,1;434,2,-16;441,-3,7;442,9,-5;449,-14,-3;450,11,-5;455,-11,-3;458,7,-4;463,-9,1;464,12,-2;471,-17,-5;472,3,-4;479,-11,-5;480,9,-4;485,-14,0;488,11,-6;493,-15,-2;496,10,-6;501,-18,-3;509,-6,-1;514,19,2;515,-22,-10;522,5,-1;523,-11,-6;531,-5,-3;538,14,-4;539,-11,0;544,12,-1;552,-6,-8;560,-3,-1
rua||geraldo alves de azevedo|flamboyant|12425309|90,-2293658,-4548509;96,-1,0;138,28,-17
rua||geraldo alves de azevedo|flamboyant|12425312|81,-2293671,-4548498;113,31,-30;153,22,-11
rua||geraldo de almeida|araretama|12423080|22,-2294438,-4550601;26,-16,-45;31,16,45;32,2,16;34,-5,-24;40,-65,-195;43,0,2;44,57,184;46,3,-2;54,-6,-10;56,10,21;62,-13,-34;64,-3,7;68,1,-3;81,-13,-57;91,-6,46;95,6,-4;97,1,-8;98,15,7;100,-3,-7;101,1,-3;104,-10,-6;105,0,1;106,8,-7;108,-4,-3;110,-5,-6;112,-24,-82;120,28,75;124,6,26;134,-12,-35;135,1,0;144,3,-7;149,-21,6;154,12,-15;159,-9,0;163,-1,-10;166,4,-13;169,-6,9;177,-2,-10;179,3,-8;180,0,1;186,2,11;187,-7,-14;193,5,0;196,-2,-9;209,-18,-22;211,0,0;217,3,7;219,11,-2;221,-3,17;226,2,-25;227,-3,-10;228,-2,2;230,3,39;232,2,-2;234,-8,-42;237,-2,-1;238,8,-9;244,-8,3;248,0,-8;253,0,-2;255,-11,-6;278,3,-6;279,-16,-31;280,20,26;281,-2,-6;285,-8,8;287,0,-10;290,5,2;292,0,-17;297,-5,-8;301,-2,4;302,-2,3;306,-3,-24;311,-3,23;327,6,-27;1830,32,107
rua||geraldo de freitas andrade|jardim regina|12442390|5,-2294104,-4537363;18,-119,-244;19,6,5;20,2,12;21,264,454;28,-226,-389;29,-5,-5;31,228,389;33,-97,-129;34,-10,-12;39,23,36;41,-58,-99;45,-95,-207;120,-10,-3;140,7,17;142,59,109;151,-27,-59;156,1,-3;158,4,12;159,-105,-208;163,2,4;171,1,1;173,2,4;175,97,211;176,-3,-13;177,-12,2;179,-78,-196;180,83,174;183,-83,-169;190,125,256;191,-120,-255;195,2,10;241,15,43;245,3,-3;251,4,5;321,39,76;333,-7,-7;401,32,64;414,6,14;429,3,0;439,7,11;460,10,29;463,8,-3;464,-6,13;467,44,83;469,-36,-89;475,7,18;482,-10,-9;486,3,5;490,4,4;497,6,5;499,1,11;500,-4,-4;530,10,21;540,7,18;572,11,17;580,5,15;584,-4,-9;624,29,42;625,2,5;691,22,47;695,7,10;697,6,4;700,-6,10;705,11,4;739,-2,8;758,11,34;805,36,40;811,3,14;817,-3,0;822,5,18;826,0,6;832,4,6;836,0,5;840,3,-1;846,1,4
rua||geraldo de freitas andrade|moreira cesar|12442390|160,-2294266,-4537687;164,2,1;170,1,9;174,3,-5;190,4,6;194,3,2;196,-1,8;198,4,3;200,0,6;204,3,1
rua||geraldo dino de assis|vitoria park|12415013|8,-2295052,-4541913;10,-9,-2;11,15,14;12,3,-2;14,10,8;79,-25,-16;1444,63,56;1450,53,20;1502,-59,-35
rua||gino amadei|residencial e comercial cidade morumbi|12403780|20,-2291389,-4542640;46,-36,17;48,5,5;50,11,-14;60,-4,-8;87,23,-1;103,23,-14;107,5,-4;110,-14,24;113,83,-68;124,-65,54;136,-18,9;142,27,-14;145,5,-15;146,0,11;148,4,-3;152,3,-14;154,1,2;155,72,-44;163,-70,38;173,10,-4;187,10,-6;190,6,9;192,3,7;193,-1,-20;203,4,-1;205,-22,11;210,26,-8;220,11,-1;223,-1,-11;224,7,11;226,3,-9;243,11,-14;246,-5,13;256,14,-9;258,-3,4;260,7,-11;261,6,-4;262,2,4;264,3,-1;265,-10,-2;273,4,-6;277,7,-6;279,-139,87;283,143,-90;285,1,1;288,1,13;294,8,-4;295,-141,76;301,149,-92;305,3,-6;320,17,1;350,19,-10;428,-179,103;430,12,-9;440,70,-47;453,-120,78;454,8,-6;455,6,2;457,14,-6;459,21,-11;473,127,-81;474,7,-3;475,15,-9;477,15,-10
rua||guilherme de almeida|parque sao domingos|12410520|60,-2293980,-4544972;68,-8,6;77,-41,64;78,39,-62;82,-4,12;90,-9,12;96,6,-6;110,-10,11;122,-5,5;131,-31,52;132,29,-47;138,-3,5;140,-3,8;142,1,-5;152,-10,17;160,-4,3;168,-5,8;180,-7,19;194,60,-110;195,-1,11;200,-63,103;210,-7,5
rua||guilherme de almeida|vila prado|12410520|59,-2294056,-4544847;91,62,-105;105,-3,16;127,-7,12;143,-4,16;171,-23,23;173,5,4;175,1,-2;177,1,-6;179,-17,16;185,-7,11;187,-8,6;189,34,-39;191,-25,21;198,40,-43;215,-52,75
rua||hitofo awata|araretama|12423090|10,-2294616,-4550812;33,19,17;47,-5,-2;53,-19,-11;57,5,2;75,-7,32;88,-13,-48;95,-9,-3;111,-2,3;115,-4,-4;121,-16,-8;125,-12,-4;127,20,11;131,-1,-5;133,43,26;135,-12,-7;171,-91,-37;210,26,0;215,-4,0;243,-1,-7;480,20,15;484,-5,-2
rua||ignacia ribeiro aguiar|bosque|12401510|26,-2291656,-4545908;30,0,20;33,-3,19;41,-2,-13;44,6,4;385,-1,12
rua||itagiba giullianetti almeida|residencial comercial vista alegre|12442060|36,-2294170,-4539560;37,1,-17;40,-1,-23;44,0,-33;45,-5,57;46,7,-80;49,-8,-3;52,3,29;57,1,42;60,4,-9;62,-4,16;77,-4,-29;84,3,-4;91,-2,-6;96,4,0;110,-10,-22;116,11,12;120,-4,-13;142,4,-22
rua||jacyrema de castro giulianetti almeida|vila sao paulo|12405588|25,-2292375,-4543276;30,5,-6;33,-16,9;38,5,-7;41,-12,10;46,2,-18;49,-10,16;54,9,-6;55,-17,5;62,3,-5;63,-4,8;69,-15,4;70,12,-12;77,-15,7;78,14,-3;85,-22,8;86,8,-15;93,-14,14;94,7,-2;101,-15,3;102,6,-5;109,-16,8;110,13,-12;117,-21,14;118,12,-10;125,-13,14;126,6,-15;134,-4,0
rua||joana d arc|conjunto habitacional terra dos ypes 1|12443800|12,-2290005,-4537264;18,1,30;22,3,-19;52,-3,9;58,3,4;62,-8,5;63,-8,15;64,4,-13;67,5,17;68,-16,-1;71,10,3;72,-9,-10;77,-4,21;78,8,-15;83,-9,16;87,4,-9;91,-13,6;98,2,-7;102,-15,1;108,2,6;112,-22,-16;122,42,26
rua||joao batista de almeida|araretama|12423250|4,-2294498,-4550466;5,1,2;6,0,0;13,37,60;14,-1,0;20,36,57;31,-36,-51;32,-2,-14;33,1,21;34,8,7;35,6,8;37,-63,-104;41,5,2;45,1,3;58,-5,-1;60,6,15;75,12,8;79,0,0;80,10,29;85,1,-16;86,-19,-8;89,19,8;90,-27,-27;91,31,37;94,-17,-11;95,17,11;96,-12,-6;100,17,17;101,0,-4;102,-19,-35;106,4,25;109,19,12;113,-1,5;117,34,54;136,-45,-58;147,27,28;150,7,22;152,12,14;153,-16,-29;154,15,31;155,-15,-31;157,5,8;171,-5,-7;198,32,58;199,-13,-29;200,8,21;201,-1,-8;203,-5,-10;204,-14,-14;207,24,30;208,-19,-22;210,12,19;219,9,7;220,-11,-15;231,14,20
rua||joao do amaral|araretama|12423580|1,-2294862,-4549904;3,4,-10;4,12,-8;5,2,-13;13,1,4;19,75,-108;26,-94,121;27,9,-7;28,104,-160;29,-94,150;38,86,-141;47,9,-4;48,-39,52;49,48,-68;51,-21,49;55,10,-28;57,11,-15;59,-9,13;63,-14,15;67,9,-2;68,-4,-4;69,5,0;96,-83,110;103,65,-74;109,-6,5;119,-4,6;129,-6,3;132,-10,3;133,3,5;134,-1,-10;135,5,-1;136,-12,21;143,9,-4;146,-17,11;149,11,-6;150,4,-17;151,-10,25;160,-5,7;162,0,-3;169,0,1;180,-1,1;181,-3,8;183,-7,3;186,2,-6;192,-4,8;195,-1,8;196,-3,-2;200,-1,1;201,-4,9;206,-2,0;207,0,3;211,-2,0;215,0,-1;218,-4,4;225,5,4;229,-5,5;263,-23,34;270,-6,-9
rua||joao duque avelar|marica|12411520|12,-2293291,-4542947;34,-75,18;44,12,-4;48,0,0;58,8,-3;62,6,-6;68,6,2;70,5,3;85,11,1;90,5,0;96,9,-9;100,13,-2;124,8,-4;126,5,0;130,-14,5;132,2,3;160,37,-13;178,10,4
rua||joao guimaraes alves|sao benedito|12422080|1,-2293410,-4546530;2,-19,-8;3,4,-3;5,-14,7;6,3,-8;7,5,6;8,5,-6;9,-8,-1;11,11,7;17,20,14;27,-11,7;30,4,9;47,3,-20;60,1,-16;65,-5,-1;75,7,-9;89,-3,-15;150,10,-32
rua||joaquim cesar de alcantara|mantiqueira|12446210|22,-2288907,-4536437;23,11,-2;27,2,1;32,-13,10;33,17,2;41,-3,4;42,-8,0;49,6,10;52,-1,1;62,6,11;72,-6,20;80,5,-18;81,-3,-15;83,6,-5;89,-2,13;91,12,24;93,0,3;103,5,11;113,1,8;117,3,6;123,2,10;134,5,11;135,-1,-12;147,7,19;305,-25,-47
rua||jorge marcos azeredo|loteamento marieta azeredo|12441510|15,-2292157,-4536467;17,-4,4;25,-5,-3;31,-13,7;71,-25,5;73,-6,-2;85,-12,1;87,-5,3;99,-10,5;150,121,-36;232,-55,6;234,-6,2;248,-6,1;250,-5,0;264,-10,4;266,-4,0;280,-1,2;282,64,-15;284,-83,22;298,-11,-2
rua||jose avila|santana|12403160|35,-2292620,-4544993;40,13,6;50,8,-3;53,6,-8;60,4,7;63,3,-7;75,7,-2;82,18,14;83,-8,-14;93,5,0;105,10,-4;110,-5,13;115,12,-10
rua||jose da silva andrade|parque sao domingos|12410190|333,-2293331,-4545529;340,-12,-1;345,0,4;350,-4,-6;351,0,11;356,-9,-21;369,-5,22;370,-3,-8;379,-7,7;383,-10,-2;388,-14,-8;390,27,5;391,-15,0;397,5,0;400,-40,-8;401,20,12;409,-7,2;410,-13,-18;421,6,18
rua||jose da silva andrade|santa luzia|12410190|9,-2293104,-4545527;45,-13,-5
rua||jose de alencar|vila prado|12410490|14,-2293852,-4544951;32,-3,6;33,11,8;37,-4,1;41,2,7;42,-14,-7;43,15,16;45,-2,-6;55,-2,4;57,-2,14;59,-2,-2;62,-13,-6;65,14,13;67,-30,136;68,1,-5;70,15,-144;75,10,33;79,0,1;80,-13,-17;83,30,-43;85,-20,43;87,20,-59;90,-40,114;92,10,-42;94,-8,46;95,3,-40;96,4,13;98,-1,-9;100,-11,38;102,0,16;103,-9,42;105,3,-5;113,29,-79;115,-26,107;119,25,-102;121,-8,5;125,14,-98;126,-18,95;128,-4,5;133,10,12;140,-22,34;141,11,14;148,-3,-49;150,-9,43;152,6,-33;155,10,38;160,-16,-1;161,14,-9;165,-1,-5;220,-13,16
rua||jose de assis alvarenga|flamboyant|12425307|147,-2293534,-4548188
rua||jose de assis alvarenga|flamboyant|12425308|211,-2293471,-4548154;221,16,6
rua||jose estevam de amorim|piracuama|12423780|3,-2284996,-4560474;5,-25,-46;97,-90,-60;100,95,46;110,-12,-12;211,-90,-36;250,117,109;2700,-79,-113;20500,-4,2;20600,9,4;20700,-4,-6
rua||jose inacio ze da agua|araretama|12423300|7,-2294170,-4550488;14,58,-55;15,-13,13;18,-21,22
rua||jose r de almeida|shangrila|12415230|15,-2296659,-4540806;16,-2,2;26,25,-363;30,61,123;33,-68,-60;34,-22,12;35,-2,12;38,-8,16;42,42,186;43,-86,-103;45,-35,274;46,54,-282;47,25,106;48,26,-246;50,2,-16;52,-93,558;57,56,-159;59,-118,300;67,4,3;84,117,-593;96,2,-14;126,7,-23;161,78,43;222,-54,-123;250,59,-21;340,22,-34;386,23,73;400,-17,55;402,-2,12;406,12,-63;414,-1,17;416,-21,9;420,10,5;446,8,15;456,-22,8;466,1,-5;474,3,18;495,3,14;505,-9,20;506,-2,12;525,-12,15;574,-17,33;603,7,17;607,-9,19;663,-16,39;687,-8,21;695,1,10;697,-5,3;703,-10,20;743,2,28;767,-15,17;771,0,2;773,-2,2;785,-5,12;795,-9,22;805,3,-6;841,-16,42;847,4,-12;882,-19,28;920,-9,48;922,-17,-12;958,4,40;962,-1,7;971,5,-5;981,-4,20;982,44,-1;993,-50,2;998,21,4;1007,-25,19;1022,-9,1;1025,1,23;1034,-9,-11;1037,6,17;1066,-14,6;1153,-21,75;1159,1,7;1183,-7,17;1189,5,-11;1206,-14,20;1226,-11,22;1250,-1,1;1262,-9,21;1286,-4,12;1296,-3,11;1300,-1,4;1510,-5,9
rua||jose rodrigues alves|araretama|12424160|5,-2295502,-4550434;27,12,-53;37,0,12;39,-17,60;49,13,-52;53,2,5;57,-1,7;61,-4,7;71,-9,30;81,4,-20;85,2,6;109,-16,41;145,-3,13;155,-1,9;161,-6,21;165,6,-33;169,-6,29;173,-1,15;181,-38,110;183,4,8;184,9,-49;185,3,-17;186,-13,30;187,16,-15;205,-15,24;207,2,1;208,18,0;209,8,-67;210,-19,75;221,14,-63;235,-3,4;315,-22,96;319,-5,5;335,5,-5;347,-14,20;348,-1,-6;349,3,18;353,-1,11;359,2,-21;363,-7,26;365,-3,9;409,-6,6;415,3,16;417,1,7;421,0,0;425,-2,-15;429,8,27;449,-24,32;453,12,-14;457,-1,4;465,-6,-7;467,-6,14;497,1,14
rua||julio augusto|santa cecilia|12411240|11,-2292910,-4543946;77,-103,42;88,-4,10;97,9,10;98,-4,8;100,1,9;110,-1,4;111,4,-11;112,-41,24;120,37,2;128,2,4;129,5,6;172,2,11
rua||lidio candido amorim|campos maia|12422240|11,-2293624,-4546929;19,3,-8;41,1,-6;47,4,-9;61,-1,-8;71,2,-14;81,2,-5;91,3,-14;101,4,-5;103,3,2;105,-1,-53;111,-2,45;113,1,-4;121,3,-7;135,-1,-16;140,7,8;142,0,-3;144,-2,-6;145,-4,-8;146,3,2;148,2,-5;150,0,-5;155,-4,-11;156,3,9;161,-5,-14;166,8,1;171,-5,-6;175,-3,5;176,7,-2;181,-6,-19;186,6,6
rua||lidio candido amorim|chacara da galega|12422240|20,-2293623,-4546907;22,2,-12;28,1,-8;36,9,-5;46,-6,-3;54,3,-11;66,2,-9;74,1,-10;84,3,-11;88,6,-7;94,1,-6;104,3,-9
rua||machado de assis|vila prado|12410480|14,-2293796,-4544924;21,8,8;23,-3,14;32,-4,-18;46,-8,11;50,2,6;51,6,14;57,-27,76;60,13,-76;61,15,8;62,-35,119;63,-5,2;69,34,-109;70,-8,-6;75,-10,87;80,10,-81;81,8,12;85,-17,48;90,6,-51;98,3,4;100,-25,104;101,28,-96;102,-1,-5;106,-6,4;108,0,7;109,9,2;111,-6,10;112,-3,-10;113,6,3;115,-4,8;120,-4,-7;125,2,16;146,-9,15;150,-4,5;155,-6,61;156,5,-60;163,4,17;171,1,1;181,0,6;184,-9,5;185,6,-1;191,-4,11;194,-5,-1;201,1,20;215,-2,7;219,5,6;230,-9,-5;320,10,-50
rua||maria arlinda|feital|12441430|19,-2293945,-4540209;21,11,-1;25,14,2;27,27,-2;29,20,-1;31,-11,-3;33,5,1;37,-60,2;45,17,-7;61,135,0;65,10,0;76,-114,8;95,58,-4;97,11,1;108,58,1;150,-33,3;215,27,-5;220,-16,4;222,-42,-5;224,53,1;226,-16,5;228,20,-3;230,-73,-1;240,-12,-2;241,7,5;249,-20,0;250,5,0;251,-1,1;255,143,-11;261,-120,7;263,138,-5;268,-195,12;270,159,-9;274,0,3;290,-73,0;291,1,-5;297,111,0;299,0,-1;300,-109,8;301,8,-5;310,6,1;322,66,-1;328,3,-2;329,-47,2;331,4,1;332,12,0;349,11,3;350,-1,-3;351,7,-1;360,-15,-3;365,9,7;368,11,-6;369,-2,0;370,14,3;374,10,-1;379,-15,-2;380,10,2;385,-2,-3;390,15,-1;450,11,-22;458,-1,20
rua||maria celia salgado ribeiro de siqueira alves|residencial santa clara|12401348|74,-2291352,-4545138;92,-11,2;95,-4,7;102,-3,-4;113,-14,9;118,-3,-1;125,-13,9
rua||maria junho de araujo|flamboyant|12425302|45,-2293646,-4548396;83,25,-20;91,3,-4;163,52,-33
rua||maria junho de araujo|flamboyant|12425309|44,-2293632,-4548389;68,1,-8;98,24,-17;114,7,-9;130,12,-6;138,1,-2;152,19,-14;160,-1,1
rua||maria oliveira de azeredo|loteamento marieta azeredo|12440780|8,-2291897,-4536619;10,-2,-11;20,-3,-4;24,-3,18;30,12,-26;31,-5,-31;40,0,18;41,-9,-32;50,9,23;51,-9,-27;56,12,14;60,-5,-2;61,-8,-24;67,1,-17;70,6,34;75,-5,-30;80,6,25;85,-14,-81;89,5,41;90,4,19;95,-7,-22;100,-1,-4;105,0,-3;110,2,13;115,-2,-28;125,-2,-7;129,-2,-8;130,11,35;135,-12,-39;136,4,37;140,5,-4;145,-3,-43;149,-12,0;150,9,19;155,-4,-28;160,6,32;164,-1,-10;165,-9,-37;170,13,29;174,0,0;175,-9,-29;180,7,23;184,-3,-6;185,-9,-27;190,4,26;194,3,-7;200,3,-11;222,8,-19
rua||maria zoraide de aquino|shangrila|12415410|27,-2297240,-4540476;40,-1,18;64,4,19;76,69,24
rua||mariana oliveira de almeida|residencial cidade morumbi|12404250|15,-2291872,-4543046;27,9,22;30,-19,-11;35,20,18;38,1,0;42,2,10;45,-2,-7;52,76,272;54,-68,-257;55,-9,-5;61,10,12;62,-6,-3;70,4,8;77,4,11;78,-3,-4;85,10,12;89,1,6;99,6,15;104,-11,-16;114,4,18;115,7,-1;123,9,12;142,-9,13;152,-2,6;188,13,41;194,10,1;200,8,7;201,-3,8;208,-7,0;216,11,2;223,4,16;284,-1,34;291,11,27;296,-5,-19;299,10,26;312,-8,-13;320,-4,11;328,11,-2;346,12,52;347,0,-1;355,5,2;358,-11,3;362,5,7;365,10,5;383,-1,21;389,4,-2;390,-1,20;391,4,-9;394,-5,2;402,3,8;420,6,16;421,5,-9;441,0,14;442,-9,-21;450,8,32;470,3,14
rua||mauro araujo albuquerque|conjunto habitacional terra dos ypes 1|12443730|25,-2289715,-4537142;30,-10,-3;35,-28,-11;40,33,13;43,-22,-32;50,27,12;51,7,-4;60,11,-7;61,-14,5;70,-12,8;71,5,-19;80,-1,34;81,-55,-39;90,65,21;91,-5,-25;100,3,-21
rua||mitsuo arai|jardim princesa|12424480|9,-2295882,-4548498;10,16,4;12,18,-8;14,12,-1;21,-2,6;26,-4,-2;27,4,6;33,-9,-6;39,-4,4;40,-5,-4;46,1,2;50,-5,4;61,-17,-5;70,-5,2;72,-92,10;73,-4,0;74,10,-1;75,-13,5;77,-7,-3;105,100,-6;110,3,-4;115,-14,5
rua||moacyr goncalves de araujo|araretama|12423370|12,-2294068,-4550574;15,-14,-9;23,4,5;25,-9,1;26,-28,-55;30,24,44;31,2,-1;35,-3,-7;36,-1,7;37,-3,-10;40,4,2;41,-18,-28;42,-12,-10;43,22,35;44,4,-3;46,19,26;53,-22,-28;55,4,-10;58,-5,10;61,-5,-10;64,2,2;67,-4,-5;68,2,0;81,-15,-16;82,9,7;83,-10,-13;86,0,-3;90,5,7;92,-9,-12;94,6,8;96,-10,-18;103,7,7;109,-3,-3;117,-4,-4;125,-2,-9;126,-4,-2;127,-7,5;130,0,-13;131,-1,2;133,-1,9;135,-4,-16;140,0,-3;145,-10,-5;146,10,2;155,-14,1;159,-4,-8;165,11,-3;168,8,17;170,5,7;172,10,12;180,-22,-35
rua||myriam penteado rodrigues alck|lessa|12422490|64,-2293503,-4547112;70,-57,-8;72,-3,-2;74,51,9;75,-67,-5;76,61,4;78,-11,-1;80,-43,-10;90,40,9;143,-116,-14;144,60,10;150,-57,-6;208,95,15;210,-4,-1;895,-505,-92
rua||myriam penteado rodrigues alck|lessa|12422510|640,-2294334,-4547355;652,-48,-99;750,73,132;810,-12,-23;870,-20,-39;890,-12,-16;902,3,-9;916,-12,-21;930,-14,-36;936,13,35;1080,35,67
rua||myriam penteado rodrigues alck|lessa|12422520|105,-2294253,-4547270;680,16,5;682,13,11;820,-55,-43
rua||myriam penteado rodrigues alck|vila rica|12422490|200,-2293928,-4547200
rua||nadir da silva antunes|moreira cesar|12444748|240,-2290631,-4538102;251,-6,-1;261,-3,-9;300,-35,-35;311,-4,0;451,-27,-29
rua||nadir da silva antunes|residencial e comercial araguaia|12444748|51,-2290513,-4537981;57,6,8;59,-8,-11;67,-8,-8;75,-7,-8;80,11,4;85,-12,-4;115,-26,-28;140,-16,-25;155,-3,11;161,30,31;409,0,3
rua||nello amadei|residencial cicero prado|12444510|11,-2289939,-4537781;12,9,-4;15,-8,-5;26,5,-6;29,-10,-9;30,9,1;39,-8,-6;40,3,3;43,-8,-8;44,7,-4;53,-4,-2;54,5,0;57,-8,-7;58,9,-1;67,-13,-7;68,11,-2;73,-15,-3;74,11,-2;93,-20,-14;94,32,-24;97,-27,12;98,26,-10;107,-23,4;108,0,-1;112,0,-6;113,-8,-1;123,-7,-7;124,13,-9;127,-10,7;128,11,-6;137,42,-40;138,-54,35;141,44,-20;142,-40,17;151,-2,-14;152,3,6;155,-15,2;156,12,-29;165,-13,12;166,14,-2;169,-13,-7;170,18,0;179,-23,-3;180,30,23;183,-34,-31;184,14,1
rua||nice moreira de araujo|vereda dos manacas|12420736|35,-2295962,-4545686;61,-17,1
rua||nilo de siqueira alves|vila verde|12412640|35,-2295800,-4545970;40,8,7;45,2,-4;48,10,6;51,-2,-10;58,2,7;61,5,-4;64,6,0;65,1,-3;69,6,5;72,-6,-3;75,9,1;76,5,3;78,-13,-7;87,16,5;93,9,-5;98,6,1;101,20,-3;106,-33,7;107,23,-1;113,10,-6;116,-8,8;128,-4,-9;245,-79,8
rua||nivaldo de azevedo|araretama|12426040|11,-2295247,-4549922;32,-50,90;36,-3,-9;40,1,-5;44,9,-9;48,0,-1;52,6,-9;56,2,0;60,6,-9;64,3,-3;68,6,-8;72,0,-1;76,9,-11;80,4,1;84,4,-8;88,9,0;92,0,-12;96,3,1;100,2,-8;104,6,-7;108,3,-9;112,1,-3;116,9,-6;120,6,0;124,-1,-12;130,6,-2;134,4,-5;668,-112,134
rua||olimpio marcondes de azeredo|loteamento joao tamborindeguy fernandes|12441030|19,-2291831,-4536279;33,-5,-10;35,0,-4;45,-4,-7;59,-14,-12;78,-21,-49;83,5,22;95,-2,-5;111,-4,-12;121,-11,-6;131,-7,-12;148,3,-17;154,1,8;158,-4,-10;160,-2,-7;196,-19,-24;214,-5,-7;220,-8,-7;226,0,-10;245,-50,55;249,0,-5;281,-6,-129
rua||osvaldo marcondes de azeredo|jardim padre rodolfo|12441170|206,-2292428,-4536501;335,13,64;340,-3,-9;360,-5,-49;370,-1,-2;400,7,6;429,-12,-31;439,-5,-7;444,15,58;448,4,1;453,-22,-68;515,-1,-18;523,-2,-10
rua||oswaldo marcondes de azevedo|jardim padre rodolfo|12441170|8,-2292365,-4536191;9,-16,-108;12,37,181;15,-33,-172;17,-8,-27;29,43,198;31,-10,-26;34,-24,-127;35,25,136;39,0,7;41,1,-19;42,-25,-74;43,-9,-100;52,8,90;60,22,70;78,-2,-3;81,-15,-68;82,14,54;83,-62,-329;87,55,307;91,-3,-19;95,-2,16;98,8,13;101,1,-11;112,-31,-147;140,24,106;144,-53,-260;145,10,55;149,-4,-22;151,5,1;152,-7,-16;158,-8,-32;168,-5,-28;171,1,20;193,40,230;200,-32,-201;222,5,0;238,41,227;246,-24,-96;248,4,-14;250,2,71;260,0,-11;262,10,-11;264,-2,-2;270,-14,0;280,0,-16;283,3,-40;290,0,24;300,-7,1;302,3,-34;518,-29,-155;530,-5,-17
rua||pedro amadei|sao benedito|12410240|17,-2293423,-4546109;25,5,-1;38,6,5;39,-3,-9;45,8,-2;48,3,18;50,-25,-7;55,26,-11;57,7,6;60,5,4;61,3,-11;63,1,-6;64,-5,18;66,5,1;85,14,-20
rua||porto alegre|conjunto habitacional terra dos ipes 2|12444220|30,-2289399,-4537972;35,0,6;48,-1,-16;49,0,9;63,-7,-13;76,2,-21;77,2,14;90,-3,-25;91,-7,-2;97,4,-4;98,-4,-10;100,-4,-8;109,1,8;118,-4,-12;123,3,10;131,-15,-17;424,47,97
rua||rio amazonas|conjunto habitacional terra dos ypes 1|12443720|33,-2289688,-4537058;34,-9,-2;45,11,4;46,-14,12;57,12,3;58,-19,3;69,16,13;70,-10,-7;81,17,4;82,-15,-12;93,10,20;94,-19,-4;105,7,16;106,-7,-5;117,15,12;118,-8,8;129,11,5;130,-13,-7;141,9,8;142,-13,5;153,8,2;154,-4,7;165,4,4;166,-5,-14;177,1,21;178,-10,-2;189,18,7;190,-22,4
rua||roberto renno azeredo|jardim cristina|12412111|17,-2294234,-4545749;18,10,11;25,-16,-14;26,3,-1;31,-14,-13;32,1,-3;37,-9,-6;38,7,1;57,-9,-12
rua||rodrigo da siva araujo|santa cecilia|12441230|51,-2293319,-4544044;63,11,0;75,13,7;77,6,2;79,18,3;81,6,0;83,5,0;125,10,4;131,12,0;135,-5,0;155,15,3;179,26,18;181,3,-3;183,-14,-14;187,1,2;205,27,4;241,43,13;247,3,0;253,0,-1;257,2,-2;279,21,8;291,14,4;293,8,3;303,2,-1;305,24,7;323,-8,-1;343,23,2;365,23,12
rua||sebastiao machado de andrade|andrade|12402500|16,-2291700,-4544455;34,-12,7;40,-2,5;42,-1,7;58,-8,7;68,-14,6;70,1,7;72,-1,-2;76,0,8;82,-8,4;88,-4,0;92,-1,0;106,-8,11;111,-28,42;114,78,-99;120,-58,62;128,-3,11;134,-2,-1;140,-2,3;148,-5,5;152,-4,6;154,-2,3;160,-7,2;184,-17,11;190,-3,10;196,-7,2;201,7,14;210,-9,-4;214,21,-23;220,-4,3;230,-48,52;231,18,-9;232,-6,-11;234,-11,22;241,9,5;242,-3,-19;248,-2,10;261,-2,12;262,-8,6;265,7,-1;269,-18,42;271,9,-33;272,1,-5;273,-5,17;275,0,4;279,-3,38;281,-7,24;284,6,-76;289,-6,64;294,0,-56;310,-4,13;318,-2,4;324,1,9;326,-14,98;340,12,-83;342,-1,7;344,-3,10;346,4,-10;363,-4,42;370,0,-22;375,7,6;376,-5,1;382,84,-168;387,-89,179;388,89,-179;390,-88,187;398,5,1;400,0,7;403,-4,8;406,3,2;416,-6,3;420,2,4;430,-5,17;446,2,16;456,-4,-2;466,-1,12;476,-3,14
rua||telma dalva roveron abreu|ouro verde|12412210|64,-2294342,-4546146;80,0,17;136,3,59;137,4,-23;143,2,10;146,-6,27;229,0,-28;235,-1,-12;239,2,-71
rua||teodoro jose de almeida|santa cecilia|12411260|39,-2293218,-4543502;40,11,-4;44,8,2;45,-7,-8;49,7,-2;111,49,-5;117,15,1;120,0,8;123,7,-11;129,6,3;152,10,5;170,16,-4;180,6,-1;215,52,-9;231,10,-5;243,8,0;249,10,3;259,-3,-6;273,17,-1;277,0,1;281,11,1;287,2,1;291,1,-2;301,11,-5;420,-64,10;520,-144,17
rua||teodoro jose de almeida|santa cecilia|12444440|66,-2292988,-4543531;206,-70,11;216,9,-1;230,12,0;240,12,-6;246,5,1;250,0,0;256,8,0;266,9,0;276,9,-2;280,-1,1;537,-77,7
rua||vinte e um de abril|loteamento joao tamborindeguy fernandes|12441120|25,-2291726,-4536041;32,6,-5;54,-20,15;58,4,-2;118,-42,31;120,4,-1;122,5,-9;130,-11,14;138,-10,6;140,-33,28;148,-23,15;172,28,-25;180,-10,9;192,-1,-1;200,-14,10;420,-42,35
rua||vinte e um de abril|moreira cesar|12441120|46,-2291929,-4535877;56,8,-6;62,0,-3;234,-21,12;235,-5,0;259,162,-53;316,-141,36;324,-6,6;340,-16,13;353,-3,10;357,11,-7;371,-17,15;379,1,-4;383,-6,5;387,-4,3;391,0,7;395,-8,-6;399,-4,10;405,-4,-1;411,-2,4;415,-1,5;421,-10,6;427,-9,4;443,98,-76;455,0,0;457,-4,9;459,-2,3
rua||vito abatepaulo|jardim imperial|12412320|46,-2294552,-4546053;48,-2,1;49,10,2;52,-27,6;53,8,-3;55,6,6;119,-25,10;121,1,-11;126,-37,-1;127,-10,-3;145,11,7;160,-175,19;173,258,-29;225,-147,7;235,-11,4;260,-40,-3;290,-33,-3;300,-22,7;320,1,-1;359,-26,17;369,-9,46;401,15,-57
rua||waldomiro antunes|araretama|12423350|14,-2294168,-4550504;16,0,1;18,12,9;24,-10,-18;26,-8,-4;29,2,-1;32,5,2;36,-11,-1;43,-4,-6;44,3,1;45,-5,-10;55,-38,-80;56,56,81;60,-14,-3;68,-4,-5;75,-16,-15;80,11,6;81,-10,-12;84,2,9;85,-5,-11;92,3,5;96,7,-9;108,-12,-1;109,-9,-13;111,-5,3;115,2,12;116,8,-5;117,-3,-4;120,6,-4;121,-22,-18;128,20,14;132,-3,-1;135,-19,-14;136,6,-4;140,13,12;143,-22,-14;144,17,12;148,-17,-21;150,4,-7;151,-11,5;152,17,17;157,-23,-21;158,23,12;159,-26,-38;166,9,23;173,-11,-10;174,-2,-2;178,16,5;179,-13,-13;180,14,28
travessa|barao|do amazonas|alto do cardoso|12420050|153,-2293594,-4546346;177,-11,-6;217,-3,16
travessa|barao|do amazonas|sao benedito|12420030|15,-2293457,-4546309;25,-10,-4;27,9,-3;31,-15,3;34,3,-1;39,-15,-6;40,10,2;46,-2,-1;49,-18,2;56,12,-4;63,-14,2;68,-4,-5;71,-3,2;74,-9,-4;77,-6,7;100,4,-7;104,-14,-8;108,1,3;112,-6,11;116,-4,-7
travessa||assuncao|santana|12403020|32,-2292333,-4545277;46,-14,3;58,-7,2;66,-15,2;78,-12,2;92,-13,2;106,-10,5;122,-14,3;134,-11,4;150,-8,5
travessa||justiniano antunes|centro|12400410|25,-2292739,-4545875;30,-24,7;31,19,-12;35,-10,2;40,-24,17;45,20,3
