avenida|nossa senhora|do bonsucesso|parque industrial|12420010|4275,-2296934,-4546099;4801,-422,-68
avenida|professora|elvira de moura bastos|bela vista|12412400|68,-2295262,-4546106;94,3,21;100,-4,13;110,11,2;116,-4,15;120,-5,0
avenida|professora|elvira moura bastos|jardim imperial|12412400|15,-2295256,-4545610;81,0,-441;117,49,-47;131,-45,57;138,-1,398;435,-3,-132;441,0,0;521,0,0
avenida|voluntario|vitoriano borges|centro|12410130|551,-2292823,-4545329;561,-3,4;571,-10,-7
avenida|voluntario|vitoriano borges|jardim santa luzia|12410130|621,-2292878,-4545318;635,-9,-1;639,-11,5;641,-1,-4;647,-6,-9;651,-3,1;657,-7,-1;701,-25,4;929,-218,51;1005,-4,-1;1135,-126,17;1145,-14,2;1153,-17,-5;1185,-14,11
avenida|voluntario|vitoriano borges|parque sao domingos|12410130|63,-2293377,-4545239;69,-7,4;1080,146,-38;1088,2,1;1096,-12,0;1112,-18,4;1128,-20,4;1130,0,-3;1142,-10,1;1150,-11,2;1178,-77,25;1190,50,-25;1212,-21,6;1222,-7,2
avenida|voluntario|vitoriano borges|santa luzia|12410130|1,-2292872,-4545363;2,-5,-7;3,3,-5;4,-2,-2;5,4,-16;6,-2,-9;7,-2,-3;8,10,1;622,-8,54;626,-10,18;634,-36,6;638,16,-4;648,-11,1;658,-1,1;935,-192,31
avenida||amelia prata balarin|parque das palmeiras|12404241|26,-2291845,-4543071;96,-81,38;160,-46,5;180,-14,6;250,-40,12;270,-56,17;400,-81,27;438,-29,7;454,-17,9;460,-5,1;474,-7,5;480,-3,-4;522,-20,9;526,-10,8;528,-1,-2;530,-3,0;536,-2,5;540,-7,0;546,-4,0;548,-2,-3;550,2,15;558,-13,-8;560,-31,7;568,31,-8;572,-7,1;582,-7,6
avenida||amelia prata balarin|residencial cidade morumbi|12404241|15,-2291959,-4543017;16,71,-23;105,-17,-4;116,-16,15;265,-113,38;267,-15,4;269,-2,-4;273,-4,7
avenida||belgica|residencial pasin|12445680|16,-2289109,-4537139;26,0,11;36,0,10;46,11,6;57,2,6;87,14,26;91,4,9;95,2,5;103,7,6;117,8,11;140,11,31;147,6,-3;153,8,-4;163,5,12;271,1,8;289,1,1
avenida||benedito bernardo|residencial cicero prado|12444520|13,-2289996,-4537685;14,-26,8;28,106,-47;34,-6,2;42,-6,3;43,-38,26;45,-1,-3;48,32,-21
avenida||buriti|feital|12441270|1070,-2292482,-4539176
avenida||burity|feital|12441240|1100,-2292499,-4539099
avenida||burity|feital|12441270|5,-2292737,-4538361;9,-298,302;100,575,-1793;410,-1,-83;2700,-735,2025;6450,85,-68;7411,339,-336
avenida||helio jair balarin|parque das palmeiras|12404247|307,-2292120,-4542634;315,-67,12;331,102,-28
avenida||helio jair balarin|residencial cidade morumbi|12404247|260,-2291964,-4542707;268,3,5;276,-11,2;305,-62,25;307,-1,6;309,115,-41;326,-100,41
avenida||helio jair belarin|residencial cidade morumbi|12404253|14,-2291818,-4543048;22,1,-4;26,24,62;31,43,224;36,-57,-268;48,0,8;51,44,270;60,-39,-255;68,2,3;74,6,4;78,-3,2;80,-3,248;86,-7,7;90,-6,3;92,18,-240;94,-21,239;98,-7,3;100,18,-117;116,15,-108;150,10,29;160,-94,213;224,94,-234;228,-6,2;336,-5,201
avenida||joao ayrton balarin|residencial cidade morumbi|12404243|156,-2291780,-4542918;164,5,13;170,-12,10;176,21,6;234,6,41;242,6,1;250,2,13;260,3,8;294,4,27;354,15,57;356,11,20;388,2,17;396,3,10;428,14,27;436,-5,4;489,-177,101;640,51,-18;826,-165,55
avenida||maria albissu bonafe|laerte assuncao|12440630|20,-2291559,-4536602;32,-4,0;42,-12,2;52,-11,4;60,-9,7;82,-90,10;92,64,-10;102,-8,2;118,-17,5;122,-10,-1;152,-15,1;153,39,-4;154,-41,10;156,-22,6;621,2,7
avenida||maria albissu bonafe|residencial vale das acacias|12440630|111,-2291516,-4536618
avenida||pau brasil|goiabal|12415454|1,-2297321,-4541298;2,-16,12;3,-5,15;4,6,0;5,-20,-1;6,-32,26;7,35,-22;8,11,40;9,-22,-29;10,-20,13;11,12,-5;12,-74,3;13,81,5;14,-1148,1067;15,1194,-1122;16,-63,29;17,-134,147;18,147,-133;19,-151,119;21,61,-21;22,64,-101;23,-284,340;27,39,-82;28,68,-71;30,-23,4;31,-687,664;33,694,-615;35,41,-84;37,30,-73;39,-839,812;41,947,-859;43,-968,905;45,729,-678;47,-720,668;50,703,-648;51,-79,78;52,-19,-19;54,-7,28;55,17,-12;56,-46,76;58,32,-69;60,-30,37;62,-17,40;65,0,-22;67,-12,15;69,34,-15;71,-43,37;78,536,-530;80,-129,136;90,2,-3;91,-409,402;92,394,-400;110,-524,507;113,643,-606;120,-722,657;130,-27,49;136,5,10;140,-92,63;142,-4,3;150,86,-94;215,-589,579;221,-8,4;237,1143,-1075;240,-36,9;262,-372,375;280,-25,37;300,18,-25;407,-449,407;455,767,-727;460,19,-19;558,-527,475;990,-40,67;1030,-71,72;1070,-4,-2;1085,-513,494;1088,509,-488;1090,-4,1;1100,-13,0;1135,53,-33;1140,-10,0;1142,-40,48;1587,-526,494;1588,16,-16;1596,-55,21;1600,742,-686;1602,-756,725;1700,737,-695;1900,-805,765;1949,48,-36;1953,-11,11;1999,-24,24;2000,865,-847;2005,-934,906;2010,477,-451;2013,-7,4;2020,28,-31;2030,-12,14;2032,-36,29;2081,506,-462;2083,19,13;2085,9,29;2100,-86,36;2115,-81,51;2116,-20,12;2129,-383,362;2130,-12,12;3000,591,-560;3002,-10,14;3012,1,6;3054,-986,913;4650,533,-502
avenida||syllas brandao|castolira|12405440|14,-2292375,-4543553;61,1,-67;72,-8,20;79,2,-21
avenida||syllas brandao|castolira|12405510|66,-2292378,-4543663
entrada||do borba|borba|12413440|2655,-2299117,-4542919;10400,-851,472
estrada|comendador|ettore afarelli pinhao do borba|parque industrial|12412833|4009,-2296748,-4545288
estrada||das bicas|bairro das bicas|12404023|3,-2279430,-4538642;501,1365,-2269;950,1171,-214;960,10,4
estrada||do borba|borba|12412440|3100,-2299057,-4542955
estrada||do borba|borba|12413440|3000,-2299192,-4542449;3015,-80,-432;7000,555,495;10000,-867,-30;15000,-1324,408
estrada||do borba|pinhao do borba|12404023|2615,-2298900,-4543023
estrada||do borba|pinhao do borba|12413440|11000,-2300744,-4541952
estrada||estrada municipal jose benedit|bairro do pinhao|12412835|1,-2298520,-4544565;2,-1,2;3,5,-6
estrada||estrada municipal jose benedit|borba|12412440|2250,-2298127,-4542474
estrada||estrada municipal jose benedit|borba|12412835|2355,-2298093,-4542476
estrada||estrada municipal jose benedit|borba|12413440|2000,-2298634,-4541255;2250,509,-1211;2355,29,-9
estrada||estrada municipal jose benedit|pinhao do borba|12412835|2000,-2299598,-4543885
estrada||municipal agua branca|agua branca|12449899|202,-2280799,-4537730
estrada||municipal benedicta amelia bat|agua preta|12410400|300,-2291031,-4543312
estrada||municipal do borba|borba|12412440|222,-2300343,-4542290;3000,1308,54
estrada||municipal do borba|borba|12413440|250,-2299104,-4542192;1000,447,894;3050,-380,-1646;5565,-31,-3
estrada||municipal jose benedito bertoud|oliveiras|12401545|1500,-2282974,-4555373;9112,576,-39
estrada||municipal pinhao do borba|bairro do pinhao|12412833|15,-2302196,-4543606;5260,-138,-8
estrada||municipal pinhao do borba|bairro do pinhao|12412835|2000,-2299383,-4543918
estrada||municipal pinhao do borba|borba|12412440|10700,-2300439,-4542003
estrada||municipal pinhao do borba|borba|12413440|2655,-2299243,-4542832;3015,-16,-45
estrada||municipal pinhao do borba|estrada do malacacheta|12412831|31,-2304624,-4545347
estrada||municipal pinhao do borba|estrada do malacacheta|12412835|50,-2304676,-4545331;87,-98,125;90,127,-136;92,14,-2;96,-29,4;101,-179,156;102,-25,11;103,22,-16;1000,334,-92;1200,-698,223;5544,793,-133;10001,-103,-50;10100,-22,130;10104,20,69;10105,-8,3;10107,18,22;10108,-49,37;10200,-10,48;10400,-44,97;10500,0,148;10535,-29,-122;10545,-40,43;10555,-26,33;12000,-505,-321;15500,617,336;55444,418,-214
estrada||municipal pinhao do borba|pinhao do borba|12404023|2000,-2299521,-4543970;2600,638,920;2601,39,7;2607,33,-8;2608,-45,14;2615,-42,12;6791,420,-32
estrada||municipal pinhao do borba|pinhao do borba|12412831|1580,-2304079,-4546449;15000,-174,-35
estrada||municipal pinhao do borba|pinhao do borba|12412833|15,-2302195,-4543607;800,655,-498;5200,-594,428;10000,-311,211;11000,-369,463
estrada||municipal pinhao do borba|pinhao do borba|12412835|900,-2302837,-4546888;1000,1413,2812;2000,1852,235;4001,-1202,-146;6000,-741,-108;6013,6,-3;8111,944,-4
estrada||municipal pinhao do borba|pinhao do borba|12413440|250,-2299107,-4542190;2645,14,-746;3000,-88,29;4001,-1170,-711;5565,1282,671;9225,-2491,-938;10000,1986,1129;15000,-1364,745
estrada||municipal pinhao do borba|pinhao do una|12412835|167,-2301312,-4548532
estrada||municipal pinhao do borba|sitio maktub|12412822|111,-2301073,-4544097;7580,-11,-33;7775,-54,-100
estrada||municipal pinhao do borba|sitio maktub|12412833|1845,-2299456,-4544805;7500,-1570,811;7650,20,24
estrada||municipal pinhao do borba|sitio santa maria|12412835|8000,-2301565,-4544073
estrada||municipal pinhao do borba|sitio santa maria|12413440|901,-2303767,-4543441
estrada||municipal pinhao do borba|vila verde|12412490|951,-2295527,-4545497;1011,-46,-2;1085,-34,-6;1095,-23,1;1097,-7,6;1101,-11,-5;1111,-28,-2;1194,-31,-8;1201,-99,-11;1241,-1,3;1244,21,0;1245,-22,-1;1247,-26,-8;1249,-11,3;1255,11,-3;1260,68,18;1265,-89,-19;1275,-5,-7;1281,-24,4;1283,13,2;1285,-19,-7;1286,-7,-5;1297,-557,97;2030,858,-47;2255,-232,-29;2281,550,86;2345,-186,-47;2359,-14,-1;2369,-1,2;2379,-12,-3;2399,-29,-12;2435,51,16;2439,-95,-15;2445,23,5;2453,-21,-9;2493,-21,1;2495,-13,2;2505,-27,-6;2519,9,1;2551,-47,-1;2561,-4,-1;2581,-39,-4;2601,-47,-5;2611,15,4;2735,-109,-22;2739,-18,-5;2769,-19,1;2811,-20,-12;4009,-657,360;4401,1141,-283;4405,-7,2;4503,-96,-23
estrada||particular bicas|bairro das bicas|12404023|500,-2278081,-4540912;2156,-1308,1900;2261,-139,142
estrada||particular do borba|pinhao do borba|12413440|10500,-2299893,-4542014
estrada||pinhao do borba|encruzilhada|12412822|7575,-2301021,-4544140
estrada||pinhao do borba|pinhao do borba|12412831|1500,-2304253,-4546478
estrada||pinhao do borba|pinhao do borba|12412835|120,-2302600,-4544378;870,-1188,819;900,19,91;1000,548,-525;9000,399,-2863
praca|barao|do rio branco|centro|12400280|7,-2292449,-4545976;15,-6,4;22,-13,2;25,-1,-5;59,-20,0;87,-35,2;90,-1,-5;95,-8,16
rua|capitao|vitorio basso|campo alegre|12410010|26,-2293444,-4546197;30,-4,8;40,-4,17;42,4,7;44,-2,1;56,-7,13;66,-1,9;78,2,8;90,1,11;94,1,3;116,0,28;126,0,5;130,-2,7;148,3,15;156,2,3;158,5,4;160,0,2;164,-2,8;172,-2,11;180,-18,21;204,13,7;214,4,3;234,-2,23;240,1,2;248,0,21;270,3,21;300,-2,28;316,-6,-56;318,-22,57;322,39,56;332,-9,-17;342,-2,-7;348,0,7;360,3,8;364,-2,7;368,0,10;380,0,12;388,-1,7;410,6,17;413,6,6;420,-8,5;429,5,14;434,-6,0;439,10,12;440,-9,-6;444,-1,8;453,9,8;454,-9,-5;456,4,4;459,7,8;460,-10,0;475,8,7;476,-9,6;491,7,26;492,-5,-12;500,7,11;501,-2,7;510,-3,4;511,4,1;520,-3,7;523,5,3;530,-8,12;535,6,2;536,1,4;545,-7,11;565,10,17;576,-9,-7;578,2,0;580,0,6;582,3,22;584,-6,-7;586,-5,-2;587,13,1;588,-6,9;589,1,-5;590,0,2;592,-8,4;595,8,-1;603,3,18;610,-6,-1;615,11,5;618,-10,4
rua|capitao|vitorio basso|parque sao benedito|12410010|223,-2293443,-4545991;235,1,15;245,1,4;251,-1,12;259,-2,9;271,0,4;297,0,52;315,-10,-14;321,3,3;325,3,6;331,1,9;339,7,15;353,-4,15;363,-3,11;371,2,5;377,-3,12;385,-1,2;389,5,3
rua|capitao|vitorio basso|parque sao domingos|12410010|639,-2293432,-4545570;647,5,7;648,-17,-8;651,9,2;659,92,-39;660,-97,46;666,-1,-1;669,1,5;670,-3,10;679,8,2;680,-8,-2;687,13,40;688,-14,-7;689,13,16;695,1,-9;702,-13,5;705,11,8;710,-9,1;720,-2,3;726,-4,4;730,-10,17;750,-12,8;760,7,-6;775,3,15;781,-11,16;793,3,-1;801,-11,-13;805,1,14;809,5,3;825,-1,2;842,-33,16;845,-18,47;850,20,-53;851,-21,55;857,-2,4;860,10,-27;864,-2,-2;870,0,22;871,-7,-11;875,8,2;880,-9,5;885,14,-3;892,-15,14;895,6,-5;915,-24,24;917,-12,0;925,12,14;945,-13,12;949,-1,-2;953,0,-12;965,-8,24;1031,-26,32;1045,-6,15;1071,-15,18;1082,-81,95;1085,74,-88;1088,-81,92;1105,14,-7;1130,35,-56;1136,-2,21;1140,-7,-5;1144,-10,12;1153,8,-5;1154,-9,8;1156,0,2;1160,-17,4;1163,19,-12;1175,-6,12;1184,-28,34;1187,23,-22;1190,-27,29;1208,-4,3;1209,23,-21;1214,-26,23;1221,12,-7;1222,-16,9;1234,-5,7;1243,-6,21;1245,18,-22;1250,-37,37;1260,10,-3;1262,5,-5;1266,-8,4;1270,-7,4;1282,-4,6;1292,-3,2;1306,-7,12;1489,24,-15;1501,-12,13;1525,0,-1;1563,-32,42;1587,-1,7;1595,-24,24;1611,-14,11
rua|capitao|vitorio basso|parque sao domingos|12410281|910,-2293547,-4545349;920,-4,-3;924,2,13;926,-4,8;930,-11,-3;936,5,4;940,-11,8;950,-8,-1;988,-10,18;994,-4,12;1000,-2,5;1008,-12,8;1012,-1,2;1022,-10,2;1028,-8,8;1030,10,3;1040,-2,8;1050,-11,13;1070,-13,8;1080,-8,11
rua|capitao|vitorio basso|sao benedito|12410010|65,-2293453,-4546156;75,7,17;85,1,14;95,1,11;125,2,32;135,0,12;141,1,-2;145,-7,4;155,11,9;165,-6,11;175,-1,5;183,1,14;187,-1,7
rua|capitao|vitorio basso|vila prado|12410010|1304,-2293786,-4545042;1338,2,9;1348,-4,9;1350,-10,12;1354,5,12;1358,0,-23;1370,-32,24
rua|conego|joao antonio da costa bueno|santana|12403260|9,-2292559,-4544945;15,29,115;17,418,176;19,-2,-10;21,-4,4;23,-217,-131;27,219,133;29,-5,7;31,-217,-136;33,-210,-137;35,0,9;37,-4,-12;40,-9,7;49,15,8;50,-11,2;54,11,21;55,415,235;58,-417,-237;59,200,114;64,-200,-120;68,0,-1;75,7,11;81,6,8;84,-8,-4;85,376,235;89,-1,11;100,-368,-231;109,6,12;127,3,14;131,5,5;135,-2,1;145,2,10;150,-1,12;160,2,7;164,3,1;165,-1,5;176,-1,10;183,10,15;184,-13,-6;185,11,2;187,8,15;211,4,3;213,5,9;214,5,10;215,-5,1;217,-3,-10;281,30,42;294,-26,-19;310,9,11;313,60,27;345,23,-5;355,11,-1;365,1,0;370,8,7;375,10,-10;390,-129,75;395,138,-70;400,-119,-19;409,128,15;410,-71,12;413,91,1;419,18,4;506,50,26;534,10,9;540,19,4;555,11,5
rua|coronel|benjamin da costa bueno|tabau|12403060|22,-2292582,-4545429;35,25,-5;36,-3,-8;41,4,2;42,-3,7;52,19,-5;57,-4,-5;62,10,7;74,4,4;75,1,-10;89,15,-2;90,0,10;95,7,-11;96,3,4;101,7,-3;105,-1,2;109,7,-5;112,-10,11;116,22,-4;119,-2,-8;128,5,10;129,3,-12
rua|coronel|decio de almeida brasil|residencial e comercial cidade morumbi|12403700|14,-2291420,-4542912;17,-8,2;30,2,-14;31,-8,-5;37,-6,-7;45,2,-6;48,5,0;52,-16,-8;53,6,-2;59,-4,-7;74,-5,-6;77,-4,-5;79,0,-1;88,1,-8;93,-9,-1;95,1,-8;99,4,11;103,-8,-9;104,1,-9;107,-3,3;110,-5,-25;112,4,9;114,10,21;115,-10,-15;116,1,0;117,19,39;118,-25,-58;119,30,63;120,11,23;126,-40,-82;129,2,2;130,21,48;134,21,47;141,-50,-99
rua|doutor|antenor romano barreto|andrade|12402450|21,-2291800,-4544032;26,3,-6;30,5,88;31,-3,-91;35,18,-27;36,-4,20;37,-11,-3;40,10,5;42,-2,-5;45,0,-8;53,7,3;62,7,-5;66,2,-10;67,-6,-4;68,5,8;72,7,-18;81,-4,6;82,6,5;83,-5,-2;86,7,-14;101,-4,-1;103,1,0;106,6,0;107,-3,-10;110,13,-11;111,-52,74;113,48,-66;114,-2,-4;115,-1,-2;119,1,2;120,11,-7;147,-3,-9
rua|doutor|ayres bastos|alto do cardoso|12420620|18,-2293766,-4546759;22,-7,10;28,-1,9;29,2,2;30,-7,5;32,3,-2;34,4,9;42,-5,1;58,2,11;67,11,-2;70,-19,4;71,5,5;73,0,9;80,-15,-3;93,9,9;95,-8,6;96,-3,3;97,5,7;106,-8,7;107,7,-4;109,-4,8;115,0,5;123,0,0;131,-19,16;139,11,4
rua|doutor|fausto vilas boas|parque sao domingos|12410160|29,-2293367,-4545470;80,52,31;90,6,5;102,11,2;106,10,2;114,-1,7;118,6,1;124,1,3;134,13,6;144,5,7;195,5,8;291,-82,-66;301,10,8;311,-26,-18;333,8,10
rua|doutor|fausto vilas boas|santa luzia|12410160|44,-2293115,-4545419;54,-14,5;97,-161,-21;121,10,9;135,12,9;176,37,6
rua|doutor|fausto vilas boas|vila bourghese|12410160|45,-2293123,-4545453;120,-65,41
rua|doutor|kermit de moura bastos|jardim imperial|12412480|20,-2295280,-4545609;21,24,6;59,-51,-2;71,-34,-1;80,-19,-1
rua|doutor|luiz italico bocco|parque das nacoes|12421200|11,-2294885,-4546575;12,1,13;15,-8,-11;17,3,-4;19,17,15;21,-22,-21;49,-86,-93;59,63,79;71,-7,-19;95,-5,-10;99,-45,-47;101,46,45;105,-13,-2;111,-3,3;121,-15,-1;149,-5,-28;157,-1,2;161,5,7;167,-9,-19;173,-4,4
rua|doutor|vicente bottiglieri|ouro verde|12412220|2035,-2294349,-4546168;2051,-18,2;2059,-6,-4;2075,-9,-1;2081,-6,2;2095,-16,0;2109,-4,0;2119,-17,-7;2125,-6,6;2141,-8,2
rua|monsenhor|jose maria escriva de balaguer|vila rica|12422390|22,-2293419,-4547336;72,-46,43;73,1,7;74,-10,-5;98,53,-42;120,-40,29
rua|padre|faustino bellotti|bosque|12401350|10,-2291842,-4546071;30,-1,7;35,6,-1;39,2,5;40,-3,55;41,4,-42;51,0,3;57,2,18;61,2,4;87,-3,14;93,4,-7;208,-11,-66
rua|professor doutor|eduardo ge badaro|vila rica|12422420|350,-2293610,-4547685;360,-235,153;379,-23,15;386,-7,2;390,4,-12;579,214,-122;692,-196,128;702,-3,1;716,-24,23
rua|professora|angelina boueri|campos maia|12422250|5,-2293611,-4546869;11,-5,-6;13,-2,-3;25,2,-2;30,-72,-94;34,-6,-3;35,68,85;51,-11,-20;61,-3,-1;67,-2,-15;75,-6,-1;91,-8,-4;95,7,-5;96,-3,-8;97,-4,10;105,-5,-8;107,-5,0;108,2,-16;112,0,1;115,-10,7;117,2,-1;127,-11,-6;139,-8,-8;147,-6,5;198,-39,-32;258,-52,-6;260,-3,2;272,-8,1;280,-10,4;286,-2,-7;294,-7,7;308,-23,0;320,-12,-3;340,-10,-6
rua|professora|angelina boueri|galega|12422250|22,-2293619,-4546895;227,-124,-88;235,-28,-7;249,-8,-4;255,-6,13;265,-13,-5;266,-15,2;275,13,-5;299,43,3;301,-74,4;321,-5,-2;323,-11,-6;329,-4,4
rua|professora|elvira de moura bastos|bela vista|12412400|172,-2295258,-4546015;186,-1,19;198,-3,24;240,1,32;388,2,162;430,1,-6;442,-3,127;443,-2,-7;448,-2,18;450,2,-64;455,5,-1;458,-2,-18;462,0,2;466,2,-17;470,-4,28;490,2,14;492,8,4;554,-5,70;570,-2,-16;576,4,8
rua|professora|vera m s brasil|cidade jardim|12424270|60,-2295788,-4549183;76,-5,-2;80,1,-10;84,-8,-4;90,-3,-8;98,22,-36;117,-33,4;589,29,7;593,1,-8
rua|professora|vera margarida santos brasil|cidade jardim|12424270|45,-2295793,-4549160;61,-8,-28
rua|professor|demetrio boueri|campo belo|12422140|23,-2292981,-4546580;26,-64,-28;27,55,23;40,-178,-40;41,165,35;42,6,-2;49,-15,3;55,-6,-5;56,-69,-19;62,-68,-24;64,135,35;67,-7,7;75,-10,-1;76,10,-9;92,-19,-2;94,-97,-55;104,3,-10;146,47,50;154,-5,-21;155,-11,17;156,7,-23;166,-6,21;171,-9,5;174,2,-21;177,-10,14;182,0,-15;210,-20,-32;220,-2,-4
rua|professor|demetrio boueri|galega|12422140|95,-2293216,-4546670;310,-12,-4;315,-11,-1;320,3,0;329,-22,-9;330,9,-1;339,-11,3;340,8,-6;349,-36,-3;350,29,1;410,-88,-1;415,15,-13;425,3,-12;431,-14,1;438,1,62;439,-6,-67;445,-12,5;448,22,-11;450,-14,2;459,-16,0;460,3,-4;464,-14,-1;465,2,3
rua|professor|doutor eduardo ge badaro|vila rica|12422420|150,-2293754,-4547583;227,-5,1;246,-55,37;580,117,-84;585,-13,15;595,-5,4
rua|professor|euripedes braga|tabau|12403050|34,-2292559,-4545506;39,-1,-6;44,11,7;45,-2,-3;49,6,-8;56,5,7;59,4,-3;62,5,5;69,4,-6;71,6,3;77,15,-3;78,-17,13;86,7,-2;92,64,-16;99,-51,5;107,5,1;114,9,5;115,-3,-10;118,22,6;123,1,1;124,-10,4;127,9,-10
rua|professor|fued boueri|chacara da galega|12422180|145,-2293383,-4546950;285,12,7;291,-4,-3;309,-11,-10;321,-11,2;327,0,-2
rua|professor|fued boueri|galega|12422180|17,-2293122,-4546852;20,-188,-71;25,176,73;31,-156,-63;33,126,46;35,-132,-50;40,149,49;41,4,11;44,-17,-18;45,9,15;48,-16,-10;49,13,10;51,-154,-64;53,147,60;61,-11,-12;68,-10,-4;69,3,4;79,-10,-2;115,-51,-24;141,-42,-11;150,51,13;175,-29,-1;181,-9,-9
rua|professor|fued boueri|jardim resende|12422180|50,-2293291,-4546927;200,-18,0
rua|santa|branca|cidade nova|12414280|12,-2295056,-4540773;13,0,-5;49,20,-1;51,-8,1;57,-9,8;63,-9,5;65,-6,1;67,-10,7;77,-88,59;95,65,-48;100,-47,21;210,-53,31;226,0,0;229,37,-13
rua|sao|bartolomeu|vila sao joao|12445070|18,-2289006,-4539122;40,-3,16;53,3,16;59,-1,10;60,-3,-12;63,2,12;67,1,8;71,0,0;109,-3,29;184,12,-89;230,-14,103;584,10,-78;682,-4,12;684,2,-9;711,-2,-7
rua|sao|joao batista|vila sao joao|12445090|50,-2289124,-4539080;56,5,1;60,5,3;66,8,0;68,14,-1;72,-3,1;74,-6,5;75,-1,-10;79,5,1;81,5,1;82,17,14;84,-6,-3;85,-7,-10;87,7,2;99,80,13;117,-65,-10;131,10,1;145,12,1;184,-25,3;186,15,5;196,8,-7;206,15,8;216,4,4;235,71,1;245,-9,-3;255,-14,-1;256,-3,6;260,44,4;266,-32,-3;272,14,3;273,16,-4;275,1,0;276,-12,4;279,35,-1;280,-6,6;281,21,-4;282,-1,7;361,235,31;401,-149,-22;403,7,2;405,19,1;420,-7,5;448,34,0;516,-59,-4;536,13,4;538,26,0;540,8,1;541,11,-3;543,-17,-1;544,29,8;545,-20,-7;547,18,0;548,15,12;549,-5,-8;555,62,10;559,3,0;565,25,4;585,18,5;593,-6,-2;612,27,5;614,6,1;616,-1,3;620,5,5;626,4,-1;630,-91,-20;640,7,6;650,22,2;651,6,1;652,3,-1;654,11,1;656,5,-3;658,10,7;661,6,-3;669,7,2;671,5,2;673,-128,-24;675,14,2;677,-6,-1;681,132,23
rua|sao|joao bosco|crispim|12403010|13,-2292346,-4545774;49,6,63;193,4,115;199,5,7;209,-2,-2;211,5,8;231,-2,6;235,3,21;261,-4,23;267,3,1;271,-1,7;275,2,7;283,5,0;297,3,26
rua|sao|joao bosco|santana|12403010|379,-2292314,-4545421;383,-10,3;412,-1,39;432,6,29;452,-3,-4;454,-2,6;460,-1,8;465,13,-9;470,-11,-3;472,1,32;477,12,-9;491,8,21;503,-11,2;513,3,13;523,6,12;542,-3,23;555,-3,-40;577,11,68;578,3,3;590,-1,3;606,9,24;620,-5,3;640,5,30;660,2,22;668,6,3;674,-3,11;706,-2,50;727,41,59;744,-34,-45;788,24,41;794,1,0;806,-1,13;816,20,25;836,-3,4;848,10,9;982,34,86;990,1,0;1000,4,15;1018,6,13;1019,100,130;1025,-93,-124;1034,2,24;1049,13,-4;1069,-1,13;1151,89,104;1199,-13,17
rua|sao|joao bosco|santana|12403291|965,-2292196,-4544926;995,10,43;999,4,2;1011,7,21;1025,1,2
rua|sao|joao bosco|tabau|12403010|30,-2292346,-4545760;58,4,31;68,-4,3;84,4,17;100,0,15;106,-4,10;152,6,48;172,0,18
rua|sao|joao bosco|tabau|12403291|198,-2292338,-4545605;200,6,20;212,-1,4;222,-1,10;234,0,12;242,-3,6;244,6,4;254,6,10;276,-4,19;288,3,8;302,-1,15;334,-1,18;338,0,18;374,1,4;382,1,33;384,9,3
rua|sao|jose do barreiro|conjunto habitacional terra dos ipes 2|12444070|25,-2289671,-4538210;26,0,-4;35,-2,2;40,8,-10;50,7,-8;53,-11,1;54,10,-16;59,-10,11;63,3,-6;67,-1,-8;68,6,-1;77,-6,2;81,3,-12;82,7,-11;95,-6,4;96,7,-13;97,0,-25;100,-4,30;106,0,-16;109,-3,9;110,8,-17;115,-5,9;124,9,-19;131,-7,12;132,8,-21;137,-9,21;138,9,-29;146,4,-6;151,-9,7;152,10,-18;160,-4,-5;165,0,5;168,7,-11;179,-9,4;180,10,-12;184,1,-6;185,-12,2;190,13,-5
rua|senador|dino bueno|bosque|12401410|439,-2292112,-4545822;449,8,6;475,5,12;479,8,17;485,-1,-6;489,25,-15;493,-21,24;499,1,0;505,8,0;513,5,18;523,6,0;539,9,8;547,3,8;555,11,11;575,6,3
rua|senador|dino bueno|centro|12401410|11,-2292433,-4545971;15,6,-7;20,5,0;26,0,-4;27,4,0;39,10,1;40,-4,-5;45,12,5;46,-8,-1;55,17,1;60,-1,0;68,8,-4;69,10,3;76,3,0;77,2,-7;119,45,-8;134,4,11;148,14,-2;158,6,0;176,20,-2;180,2,0;186,4,-1;190,3,2;196,9,-4;203,8,-5;204,-2,8;215,6,-2;221,0,2;225,11,7;229,13,-2;237,-4,5;239,4,6;245,7,0;251,-3,3;257,9,7;261,7,6;262,-6,5;270,7,4;279,8,-5;284,-3,7;292,4,9;298,4,4;301,8,-1;304,2,7;309,8,-7;314,-5,11;317,7,-2;318,-3,5;322,1,8;323,8,-7;336,1,1;339,7,8;340,1,0;347,7,7;350,-7,0;352,11,14;357,9,-5;369,5,7;375,4,5;383,3,4;384,-3,36;387,2,-13;397,5,-6;407,-3,4;413,6,7
rua|senador|dino bueno|crispim|12401410|452,-2292112,-4545809;462,4,11;472,5,2;482,4,4;488,9,-1;490,3,3;492,1,-7;498,-5,17;502,9,9;508,1,2;514,1,-3;518,6,5;520,0,3;544,13,23;550,8,0;552,0,-4;554,4,6;560,1,5;570,3,-2;582,24,18;584,-11,-14;588,6,17
rua|vereador|doutor jose de souza braga|ouro verde|12412260|25,-2294312,-4545966;34,-3,-10;35,11,20;40,-8,-6;41,4,9;49,3,4;50,-6,-8;55,8,15;56,-4,-8;64,-3,9;65,15,10;70,-18,-3;71,7,-2;79,7,12;80,-12,-4;85,5,14;86,-11,-10;94,3,11;95,11,5;100,-8,0;101,5,8;109,1,5;110,-3,-6;115,4,13;116,-7,-6;125,8,22;131,-3,3;139,2,5;144,-4,10;145,1,-5;150,-2,5;153,2,1;164,-1,15;170,-1,9
rua||amador bueno|boa vista|12401300|17,-2292229,-4546394;25,6,-4;55,26,-4
rua||amador bueno|bosque|12401300|22,-2292228,-4546389;34,9,-6;44,14,4;54,15,-4;60,-3,1;64,4,-3;66,11,1;76,-1,1;84,14,-9;94,0,1;95,4,-9;101,14,-7;104,-8,16;110,10,-4;113,-17,-6;116,21,2;122,7,-5;126,3,3;127,1,-9;132,9,9;138,-2,-4;139,1,-9;148,8,8;156,3,-8;159,1,-1;164,5,-1;165,5,-3;170,4,6;175,6,-17;176,0,23;185,1,-13;188,9,2;197,6,-11;200,5,6;202,2,-3;215,7,-6;229,13,-1;233,11,-5;241,2,0;247,10,0;253,4,-2;255,7,-6;261,-1,0;271,3,-1;279,1,13
rua||amelia prata balarin|parque das palmeiras|12404241|541,-2292270,-4542913
rua||amelia prata balarin|parque das palmeiras|12404271|14,-2292152,-4542966;395,-6,9;409,-5,10;411,6,-1;413,-17,-5;591,-146,60;609,-8,28
rua||anatalia souza bueno|vitoria park|12414394|11,-2295339,-4541809;14,31,245;63,0,80;77,-5,-5;81,-12,-11;89,14,-15;109,3,-17;115,-8,-3;125,5,-11;131,12,32;132,-10,-26;139,9,-33;157,-13,1;165,-2,-19;177,0,3;187,0,-8;190,5,-22;197,-3,-2;205,-1,-3;206,12,-1;217,-11,-10;230,1,-10;240,6,-5;250,-1,-10;260,-1,-14;270,4,-9;280,1,-7;362,-5,-79;371,-12,-10;372,6,2;382,0,-13;383,-16,4;404,4,-24
rua||armando basso|mantiqueira|12446060|21,-2288906,-4536893;26,-5,2;28,1,-1;30,-6,-10;35,8,24;38,0,0;39,8,3;40,-6,5;41,5,5;53,7,3;56,-8,8;59,7,-1;68,-2,15;71,7,-7;83,4,7;86,-4,11;87,27,-20;90,-22,21;93,-3,5;94,-9,-18;97,11,21;100,0,5;103,4,-1;109,4,2;110,2,15;114,-6,-13;115,4,6;121,8,28;125,-4,-13;126,-7,-4;134,7,6;135,3,9;142,1,0;148,5,3;157,-1,5;159,0,3;161,3,3;171,2,14
rua||aziz mourad boulos|flamboyant|12425301|35,-2293677,-4548439;51,10,-9;57,7,-6;63,9,-2;83,9,-7;91,3,-1;125,26,-17;133,10,-9;155,11,-13
rua||aziz mourad boulos|flamboyant|12425309|30,-2293684,-4548426;38,0,-2;76,30,-20;84,10,-11;114,23,-14;130,9,-6;138,14,-10;144,2,2
rua||baldaio|bom sucesso|12404010|10853,-2288897,-4553527;11859,249,-51
rua||bananal|cidade nova|12414300|2,-2295226,-4540941;3,11,-5;4,-9,4;5,25,-11;6,-54,31;7,57,-30;8,3,-8;11,37,-8;16,-72,27;17,69,-30;23,-6,4;27,-3,-1;31,-10,6;45,-7,3;86,-31,13;178,-69,41;179,-5,10;201,-2,-1;204,-8,-1;967,-56,31
rua||bari|residencial village splendore|12423839|47,-2295294,-4548919;400,121,-260;414,10,-9;428,14,1;456,25,-8
rua||belem|conjunto habitacional terra dos ipes 2|12444270|10,-2289474,-4537874;20,-2,-4;30,2,15;35,1,-4;48,2,19;49,-1,1;56,0,12;62,3,5;63,2,-4;64,2,12;70,3,5;81,-4,-2;87,8,8;90,-3,0;91,8,10;95,-5,-16;98,4,11;100,3,17;104,-6,-6;105,2,-4;110,4,16;113,3,6;119,-5,-12;132,0,18;133,7,1;136,-2,7;142,-1,9;146,-23,-98;147,35,98;148,-11,4;152,10,4;158,-11,2
rua||benedicto bicudo|moreira cesar|12444760|675,-2290730,-4537909;707,-18,-17;710,15,-2;728,-16,-10;738,-9,-9;777,-34,-27;841,-49,-42;848,10,0;902,-41,-43;949,-31,-31
rua||benedicto durval pestana barbosa|marica|12411640|15,-2293240,-4542301;26,-2,9;34,6,1;35,1,-11;38,6,7;47,5,-7;48,4,4;51,-3,-5;53,-4,5;55,15,-2;56,-3,2;59,3,-9;60,0,7;61,4,-8;67,12,3;68,-12,1;69,7,-3;73,11,0;75,1,-5;76,-10,3;82,5,9;85,12,-17;94,-1,7;95,5,-5;104,2,1;108,12,12;112,-7,-8;123,13,-5;124,0,-9;126,3,13;133,7,-8;136,-2,11;139,2,-12;154,-19,5;1037,-85,23
rua||benedicto luiz marcondes barros|cidade jardim|12424280|4,-2296000,-4549072;7,-5,3;16,22,6;20,7,4;26,131,14;27,-9,8;41,-139,-32;43,3,2;47,126,16;57,-135,-18;61,-17,-9;80,112,24;83,-124,-25;87,0,4;115,99,25;183,62,13;235,-175,-43;426,111,11
rua||benedito bacca benega|araretama|12423220|1724,-2294505,-4550636;1728,-8,-18;1732,0,12;1736,-6,-7;1740,8,-2;1748,-9,-17;1756,-4,-4
rua||benedito barbosa|santa cecilia|12411010|68,-2292974,-4543507
rua||benedito barbosa|santa cecilia|12411360|13,-2292962,-4543441;106,-6,-25;116,8,44;281,-7,-14
rua||benedito bicudo|residencial e comercial araguaia|12444760|492,-2290591,-4537787;502,-4,-4;513,-25,-6;525,-4,-9;543,-20,-2;553,-1,-11;582,-6,-26;585,-26,-9;588,16,-1;593,-16,-1;597,0,2
rua||benjamin bittencourt|araretama|12424140|12,-2295627,-4550284;20,22,-80;21,40,-157;23,-36,137;27,30,-107;30,6,-40;31,-14,68;35,-27,105;36,45,-191;38,-2,4;52,-5,18;53,4,13;57,-2,5;62,-10,-9;64,-1,5;68,4,7;70,4,-24;72,-2,19;77,-39,169;78,-2,10;80,-6,9;82,48,-180;84,-8,10;87,-4,17;90,0,-6;95,3,-11;101,7,17;110,-15,4;114,5,4;117,-11,45;120,-5,-11;124,14,-30;130,-6,14;135,4,8;140,-2,-12;141,1,18;160,-9,15;165,-6,46;171,10,-41;179,0,13;180,-14,5;190,3,-5;202,-6,22;208,-1,4;210,0,11;215,7,-17;218,-13,25;235,1,1;245,-3,12;265,-2,42;270,-2,-14;271,3,9;280,-3,-9;288,-5,9;290,0,2;291,4,6;294,-7,-2;305,-2,44;307,0,-2;310,-4,-28;316,2,5;320,-4,12;321,7,-1;325,-4,2;334,-4,1;339,2,18;340,-5,-8;344,-2,7;345,0,8;349,0,5;350,-4,-7;359,9,12;360,-8,-8;369,5,13;370,-7,-8;376,-5,4;379,-3,4;380,1,13;381,9,-6;388,-8,14;394,-3,1;401,10,9;405,-3,7;413,-1,10;415,-6,-13;420,2,19;425,5,-7;430,-7,3;435,-8,-2
rua||bicudo|parque das nacoes|12424730|19,-2295395,-4547305;47,-1,12;50,1,41;67,2,-24;87,1,20;90,-6,66;103,4,-50;110,-4,67;119,17,-48;125,-3,19;130,-14,49;135,9,-34;150,-4,53;151,17,-37;169,3,19;170,-12,39;203,8,-12;215,4,24;227,-5,9;245,-12,7;263,-33,1;280,-13,-8;283,4,-2;338,-33,-79;358,28,-27
rua||bolivia|parque das nacoes|12420480|19,-2294911,-4546569;22,-33,15;23,26,-13;25,5,3;39,-10,2;40,-22,11;41,23,-12;45,-16,17;51,-2,4;53,-5,1;55,-3,2;56,-13,4;57,9,2;70,1,-11;72,-19,18;76,-37,55;88,54,-57;101,-21,15;115,-10,11;123,-1,11;127,-8,7;131,-3,-3
rua||brasil|parque das nacoes|12420450|61,-2295075,-4546411;63,1,3;68,6,132;70,-4,4;74,7,-6;80,0,-10;81,-15,-4;82,15,6;84,-6,-13;85,-1,-7;94,2,-4;103,-9,-8;127,3,-263;195,0,174;200,2,6;201,-2,27;204,2,-21;207,-3,16;225,-1,-32;227,2,-35;229,3,22;230,-7,-34;234,3,27;240,3,10;250,2,6;261,-5,-27;262,8,-74;264,-8,65;276,-1,-12;280,1,2;282,6,-60;322,0,-17;323,-11,20;325,4,2;327,0,-13;328,5,-12;329,-7,8;331,5,0;335,-1,-9;338,3,-14;341,-1,18;345,-4,-13;351,1,0;355,3,-9;365,-4,1;368,6,-1;385,-4,-6;411,0,-48;418,6,-10
rua||bromelias|ponte alta|12420712|9,-2295549,-4546945
rua||bulgaria|residencial pasin|12445600|9,-2288529,-4537520;17,-12,3;25,-5,3;33,1,2;41,-7,11;49,-4,5;57,-10,-8;65,5,7;73,-13,9;74,20,-29;81,-26,32;82,23,-29;89,-30,38;90,27,-37;97,-32,36;98,25,-30;105,-33,37;106,26,-31;113,-27,34;114,25,-35;121,-34,42;122,26,-32;129,-32,30;130,25,-26;138,-4,4;144,-7,4;152,-7,7;160,-5,2;168,-7,5;201,-44,50;205,1,-3;217,-14,8;221,6,6;226,-24,-1;233,-3,2;236,2,4;237,-1,3;242,-4,-2;246,-4,4;251,4,5;255,-5,0;256,-7,2;260,-1,2;265,1,4;266,-8,1;269,2,-3;270,-5,6;276,-2,3;279,3,3;283,-7,2;286,-2,-1;293,-2,8;296,-12,-1;297,13,6;307,-17,-15;311,3,19;314,-9,0;320,-6,2;327,-23,39;331,16,-22;338,1,-10;340,-1,2;341,0,8;342,-3,-8;345,2,8;348,-8,-1;355,2,7;358,-11,-1;359,7,5;367,-7,10;368,-10,-9;371,7,7;378,-12,-5;381,1,10;384,-7,-4;385,8,9;388,-12,-5;394,-5,2;395,6,8;398,-7,-6;399,2,10;413,-9,5;417,-1,3;418,-8,-6;429,3,11;433,-8,7;483,-40,34;498,-17,-6;499,5,9;501,-2,6;502,-2,-12;506,6,-5;511,-5,7;513,-7,14;514,-4,-10;515,-1,10;516,-4,-11;525,-2,19;526,-5,-7;531,-1,13;532,-4,-9;539,-5,11;540,6,-5;545,-8,9;546,-2,-5;555,-8,8;556,6,-4;561,-16,6;564,9,-5;571,-19,9;572,13,-7;577,-6,12;578,-3,-1;587,-9,9;588,5,-9;593,-21,6;594,19,0;603,-6,16;604,-3,-11;609,-1,11;610,-5,-8;620,-8,6;623,-2,13;625,5,-2;626,-11,-5;629,12,-2;633,-11,14;634,-3,-11;641,-7,14;642,2,-12;649,-2,18;650,-4,-4;655,-6,6;658,6,-6;663,-9,11;664,2,-7;669,-1,11;670,-2,-8;677,-12,12;678,3,-2;683,-7,6;684,-3,-2;691,-2,6;692,-4,-3;697,1,7;698,-3,-7;707,-4,14;708,1,-7;709,-5,10;710,-1,-7;721,-9,13;722,-1,-10;723,-1,10;724,-4,-7;726,-6,4;767,-44,50;811,-20,16
rua||carlos eduardo bitencourt|moreira cesar|12444751|25,-2290686,-4538090;115,-11,-12;803,22,30;863,-45,-44;875,-4,-6;880,9,2;890,-14,-13;895,-10,1
rua||carlos eduardo bitencourt|residencial e comercial araguaia|12444751|45,-2290556,-4537955;158,78,57;240,-6,-6;525,-8,12;535,1,2;584,-32,-45;589,-6,0;606,-13,-15;616,-3,-4;633,-15,-10;641,-10,0;653,0,-9;683,-20,-16;686,-4,-17;695,-6,7;697,1,-13;701,-9,6
rua||casemiro de souza braga|maria aurea|12420540|53,-2294184,-4546910;55,-1,2;65,-4,4;67,-5,8;70,-16,-6;75,13,9;76,-15,-1;77,11,0;87,-6,12;88,-6,-7;89,6,4;90,-11,2;99,11,5;100,-11,5;101,4,1;109,0,1;111,-2,6;121,-3,3;123,-11,7
rua||das begonias|ponte alta|12420721|37,-2295328,-4546858;46,-11,10;51,16,4;60,-11,18;74,5,-1;79,21,19;88,-13,0;93,10,-5;130,11,35;135,14,-5;144,-10,20;163,26,11;177,1,18;186,-6,-4;205,20,39;218,-8,-8;247,35,25
rua||das begonias|residencial vale das acacias|12440480|11,-2290484,-4537297;18,29,-4;21,-35,6;30,28,-6;31,-41,2;38,26,-1;41,-31,3;46,27,-7;49,-38,8;54,30,-3;64,-12,-3;65,-31,3;75,-12,3;76,33,-4;84,-4,0;85,-38,0;91,-12,1;94,36,-4;101,-41,2;102,34,-2;109,-38,4;112,31,-10;119,-47,7;120,42,-5;125,-44,2;130,32,-7;135,-48,6;140,39,-3;147,-44,3;150,27,-7;155,-40,0;158,42,0;163,-46,5;170,35,-8;175,-43,2;178,31,-4;190,-10,0;191,-28,5;198,22,-9;201,-33,3;208,25,-3;209,-32,3;217,-4,-4;218,27,0;224,-14,-3;227,-28,1;236,19,-4;237,-30,1;243,-3,-4;244,25,0;256,0,1;257,-38,-2;264,19,-3;265,-22,-3
rua||das braunas|village paineiras|12421530|25,-2295289,-4548105;53,-17,1;56,16,-8;71,47,44;75,-90,-34;104,-20,-2;111,9,13;121,-17,13;134,-11,-32;135,-6,36;222,-16,-35
rua||demetrio ivahy badaro|residencial e comercial cidade morumbi|12403630|13,-2291542,-4543168;15,-178,155;16,105,-85;21,-51,47;23,-32,18;37,20,-17;63,-24,22;127,39,-38;150,36,-20;161,2,-5;170,11,-15;185,-7,3;214,28,-22;235,8,-7;269,22,-24;273,3,-7;279,8,2;285,4,-9;291,3,4;297,5,-7;303,0,-13;309,3,0;311,6,-6;317,2,0;321,0,0;327,3,-3;351,22,-15;423,0,0
rua||dos baobas|lago azul|12424680|56,-2296200,-4547440
rua||dos bentos|andrade|12422050|16,-2293106,-4546409;26,-10,-7;32,-12,-1;40,-5,0;86,-38,-9;92,-7,6;102,-13,-8;108,-6,-3;122,-7,-2
rua||dos bentos|chacara da galega|12422070|440,-2293482,-4546494;442,-76,-18;460,49,12;472,-7,-2;490,-12,-2;502,-7,-1;506,-5,-2;508,-5,-3;518,-11,0;520,0,1
rua||dos bentos|sao benedito|12422070|13,-2293425,-4546484;29,302,77;39,-3,-1;55,-13,-1;71,-7,1;75,-15,-11;85,-12,1;93,-10,0;107,-7,-3;113,-12,-1;125,-12,-6;146,-11,-14;147,-8,16;155,-3,-2;158,0,-15;159,-6,7;167,-2,2;168,9,-2;171,-11,3;174,-5,-11;177,1,13;183,-7,-8;189,-11,-4;198,-3,-7;209,-11,6;213,-1,2;217,-6,0;218,-1,-18;221,-4,15;223,-3,-4;231,-3,3;236,6,-11;238,-4,6;239,-9,3;240,-5,-9;249,0,10;250,-2,-5;251,-7,-2;253,-3,16;260,3,-29;261,-4,12;263,-6,1;265,0,-2;271,-6,3;280,-4,-10;283,-7,5;286,-2,-10;287,-5,6;290,-39,-15;295,30,21;300,9,-9;301,-12,-3;312,-5,-2;315,-5,6;316,2,-7;328,-7,-10;340,-12,4;350,-9,-2;378,-23,-7;387,-19,7;390,0,-5;391,-1,6;397,-3,-6;405,-17,1;406,12,-9;410,-7,1;416,-5,-1;417,-5,8;423,-4,0;439,-11,-8;445,-9,2;447,6,-2;481,-6,0;485,-13,-9;489,-4,1
rua||eliphas levi alves beraldo|mantiqueira|12446200|15,-2288820,-4536499;16,-61,28;24,-65,35;28,-5,-18;43,26,-3;55,-8,5;57,15,-10;61,-4,0;67,13,-3;71,3,-3;85,6,0;89,6,0;91,-2,-4;95,10,-2;115,16,-7;123,6,-4;125,-4,2;129,13,-7;131,5,4;135,-1,-3;145,8,-3;159,13,-6;167,5,2;179,12,-6;187,9,-5;199,9,-9;254,53,-10
rua||estado da bahia|conjunto habitacional terra dos ypes 1|12443140|49,-2289870,-4537556;55,0,9;61,-15,-97
rua||ferdinando bolis|crispim|12402590|96,-2291851,-4544997;110,37,-6;114,-11,-1;116,3,1;118,55,33;120,-11,-44;122,-29,6;124,2,2;126,8,-3;138,9,-3;182,18,-6;200,23,-8;202,-9,6;210,11,-5;226,11,-4;234,5,-6;244,7,-1
rua||ferdinando bolis|crispim|12402650|15,-2291916,-4544984;35,12,-3;45,7,-4;55,13,4;73,107,-37;83,-85,23;97,16,-3;99,2,-1;117,7,-2;119,4,5;121,21,-11;123,-4,-2;129,-14,11;131,12,-7;133,1,-3;149,21,-1;153,0,0;157,5,-11;159,8,5;179,6,-3;191,-57,19;201,76,-29;211,17,0;223,6,-6;231,-3,4;233,8,-5;235,-5,5
rua||fernanda maria bondioli|residencial santa clara|12400010|28,-2291357,-4545241;37,-12,5;44,-12,-1;47,6,4;54,-9,-3;55,5,6;61,-10,-1;102,-37,3;103,-2,11
rua||francisco pires barbosa|jardim padre rodolfo|12441210|4,-2292381,-4536432;19,11,6;28,-19,-9;33,6,10;35,-12,4;87,-24,8;90,57,-13;95,-63,14;104,-21,-2;105,12,2;115,-3,4;125,-17,3;156,-41,-4;157,25,9;167,-13,-1;170,-6,-3;380,-11,-3
rua||francisco sebastiao borges|moreira cesar|12440220|1,-2291314,-4536404;5,-123,109;6,51,-39;8,-41,23;9,38,-21;10,-18,2;11,-55,49;12,39,-27;13,33,-22;14,-60,34;15,0,2;16,3,-8;17,5,6;18,130,-94;20,-215,162;22,168,-128;28,30,-21;29,-11,-8;31,-116,100;32,132,-106;38,-6,8;42,-5,-5;48,-1,2;58,-12,13;77,-16,21;80,12,-19;95,-19,25;103,-12,10;116,-2,-9;137,-30,20;139,-9,11;159,-5,10;180,8,-1;181,40,-41;217,-95,81;259,-4,-15;397,157,-99
rua||goncalo batista|araretama|12423420|21,-2294158,-4550372;28,-3,-3;29,4,9;31,10,-3;32,-13,4;39,9,1;40,-11,-4;41,21,16;48,-12,-8;49,3,9;51,7,0;56,-8,-7;59,15,13;60,-17,-13;61,12,18;68,-11,-7;69,13,5;71,3,12;72,-10,-15;79,17,27;80,-17,-27;81,19,22;84,-14,-13;89,18,18;92,-17,-16;96,8,4;101,13,21;103,-2,-2;104,-12,-14;108,3,4;111,14,25;116,-10,-23;117,13,25;120,-14,-17;125,20,22;128,-16,-20;130,14,22;132,-18,-23;134,21,35;135,5,-4;140,-16,-32;144,3,13;152,2,6;154,11,29;158,-3,-12;166,-1,-8
rua||gregorio bastos|moreira cesar|12440075|29,-2291160,-4536178;39,17,-19;47,-9,11;51,4,10;60,-9,8;76,19,-35;91,7,13;94,1,-24;95,3,4;98,6,6;99,1,-14;114,11,-3;115,-20,-12;119,9,4;121,18,-13
rua||hugo de souza bittencourt|residencial comercial vista alegre|12442120|26,-2294492,-4539532;35,-1,-7;41,1,-1;45,0,-11;51,-1,-1;57,0,0;69,-2,-23;76,0,-5;86,2,-2;90,-1,-7;93,-3,3;94,-1,-10;97,1,-4;101,1,0;117,-2,-17;123,2,-9;127,-2,-3;135,2,-5;136,3,0;137,-3,-8;140,1,0;144,5,-6;147,-6,6;149,-2,-10;155,1,-3;159,-1,-3;167,0,-12;204,7,124;206,-3,-24;208,-1,-2;209,4,-41;211,-3,-10;213,2,20;215,-6,11;216,-1,-72;220,3,39;223,0,17;564,-5,90;4211,0,-97
rua||inacio batista|mantiqueira|12400040|1,-2288207,-4536926
rua||inacio batista|mantiqueira|12446420|14,-2288234,-4536986;561,76,210;1028,-3,-7
rua||italico bocco|parque das nacoes|12421200|30,-2294886,-4546581;34,-13,-10;54,-4,-4;57,-4,-3;72,-15,-20;74,0,-7;98,-2,5;104,-6,-5;108,-1,0;110,-10,-4;114,1,-4;118,0,-6;120,-5,-3;128,-4,-3
rua||italico bocco|socorro|12400040|98,-2294999,-4546708;186,14,16;202,-15,-13;206,0,4;210,7,4;224,-29,-32;234,15,7;260,-19,-22;850,-193,-266
rua||joao balan|feital|12441360|8,-2293992,-4539414;16,12,3;22,30,-1;26,-23,0;27,-3,-3;39,10,-1;41,24,-1;43,-3,-2;44,7,5;46,-13,0;2665,-55,6
rua||joao bonafe|moreira cesar|12440180|6,-2291487,-4536137;8,6,10;10,0,-6;11,-3,1;13,1,-1;19,7,11;20,2,6;21,4,-6;32,9,23;71,24,16;90,6,21;91,-2,-13;96,-29,-37;98,38,43;101,1,8;105,7,12;106,-10,-10;109,10,7;115,1,4;120,2,4
rua||joao bondioli|parque das nacoes|12420370|22,-2294649,-4546470;54,-3,-3;56,-11,-9
rua||joao esau bicudo|cidade jardim|12424330|17,-2296192,-4548765;25,104,-117;27,-203,122;31,193,-115;41,-172,124;48,69,-7;54,55,-14;56,6,-15;61,32,-58;65,-2,2;66,10,-22;68,-78,44;70,-96,62;71,166,-77;74,4,-20;81,-13,27;85,-2,2;120,-110,72;165,61,-15;169,-2,5;179,-8,-5;187,-5,6;189,-3,-3;214,41,-6;217,-63,12;219,-6,3;227,-75,8;235,67,-9;240,90,-46;260,8,-16;263,-131,70;267,-3,-2;295,-23,1;303,-6,-1;321,-13,4;325,-3,0
rua||joaquim antunes bastos|mantiqueira|12445260|20,-2288973,-4538175;28,26,3;37,-15,0;39,12,-5;47,5,4;48,15,15;56,-12,-6;57,6,-11;58,19,9;59,-8,-21;62,11,22;65,4,-12;69,29,2;70,9,-10;75,87,-14;82,3,6;84,-120,18;90,42,23;92,84,-35;94,16,-1;95,-70,-4;96,-65,12;98,138,-12;99,-96,6;101,-29,8;102,5,-2;103,-18,3;104,31,2;105,114,-26;106,-130,24;113,173,-27;115,29,-7;122,-112,23;130,-7,-6;165,-44,4;174,-1,8;178,1,2;184,13,-7;187,-5,0;194,15,2;200,9,5;201,1,-14;210,76,-1;211,17,-8;216,-3,8;222,16,-6;226,3,2;240,21,-3;305,-46,-2;308,-21,3;330,65,0;335,-10,-7;350,2,-2;373,5,1
rua||jose amilcar bedaque|parque sao domingos|12410330|390,-2293500,-4544970;1428,-11,-5
rua||jose amilcar bedaque|santa luzia|12410330|68,-2293437,-4545091;94,35,-85;115,-10,32;119,-9,16;129,-6,15;210,-19,39;268,-13,50;270,-5,0;288,-9,18
rua||jose bonifacio|conjunto habitacional terra dos ypes 1|12443190|80,-2289675,-4537447;84,-7,-9;87,-5,8
rua||jose luiz pereira bonfim|shangrila|12415350|52,-2296895,-4540629;63,10,0;64,9,2;74,-36,-6
rua||jose otavio botan|bom sucesso|12400010|15,-2288556,-4554643;31,50,37;41,8,8;65,-34,-26;75,16,9;77,-4,-6;89,60,81
rua||jose otavio botan|bom sucesso|12404010|18,-2288538,-4554613;20,10,-4;31,17,16;50,-9,-7;56,12,12;60,6,7;65,-28,-32;68,9,13;77,0,-8;79,29,32;80,6,14;82,15,30;85,10,17;86,-18,-31;87,22,48;89,-4,-33;96,-71,13;102,96,31;105,-13,0;107,3,1;108,5,11;218,-121,-159;300,113,133;11850,-147,-106
rua||joviano bernardes|campo belo|12425030|9,-2292958,-4547276;11,24,-29;16,121,159;21,-17,-4;25,-4,-2;30,6,7;36,-21,-30;42,17,14;45,-16,-2;46,16,-3;53,-17,-10;56,9,9;61,-12,-10;65,-7,-1;68,9,5;74,-7,-5;75,-15,-3;76,18,8;82,-7,-8;83,-6,-4;86,3,1;103,-26,-4;106,-13,-22;109,14,7;111,-4,5;115,-7,-3;125,0,-7;132,0,-2;146,-3,1;147,-13,-7;156,2,-8;160,-4,-1;167,-11,-3;168,-5,-10;173,47,50;175,-51,-45;181,64,36;191,-72,-51;193,-4,-3;195,-2,-7;205,-5,0;225,-7,-16;229,-5,-22;235,-3,15;245,2,-9;249,-2,-5
rua||juo bananere|alto do cardoso|12420070|10,-2293661,-4546485;14,-17,1;19,14,10;21,-6,-4;23,-4,-9;27,-5,15;30,-15,-18;36,8,9;44,-14,3;48,-2,-1;49,2,21;50,-30,2;56,18,-12;61,4,18;64,-4,-29;65,-6,27;72,-3,-11;80,-8,4;83,5,14;91,-14,5;99,-9,0;100,11,-12;109,-8,15;111,-4,2;117,-4,4;120,-7,5;129,-3,4;132,-3,-25;146,-22,16;149,10,17;158,-17,-16;159,-11,34;174,10,-20;182,-17,4;190,25,-17;192,-30,28;196,-4,3;200,6,2;204,-9,0;207,1,4;212,1,-4;228,-16,12;240,-6,7;243,-13,4;247,11,7;248,-5,-8;253,-9,20;256,4,-18;261,-8,18;271,-6,2;276,-8,-28;280,-11,22;285,12,14;295,-10,-2;296,0,-9;298,-9,-16;301,3,29;347,-31,21;363,-11,8;377,-9,2;381,-2,7;383,-4,-1;387,-5,6;395,-12,8;409,-8,21;430,-2,-2;432,-3,3
rua||juo bananere|alto do cardoso|12420080|11,-2293913,-4546335;342,-7,6;348,-7,3;358,-6,5;360,-5,4;368,-9,1;376,-3,9;392,-13,3;394,1,2;404,-6,2;412,-12,7
rua||kermit de moura bastos|bela vista|12412480|40,-2295288,-4545613;50,-14,1;52,17,-4;62,-33,7;66,8,-5;68,-17,-1;70,-1,-1;82,4,4;90,-12,-1;451,-30,8;488,86,-5;580,12,-5
rua||maria benedicta|solorrico|12415190|8,-2296186,-4540861;12,124,-75;17,-151,80;19,-5,2;20,0,3;31,87,-49;60,37,-16;66,-4,4;70,-6,1;80,-4,6;120,-57,26;124,8,-3;125,-4,2;128,11,-4;131,0,5;132,7,-10;134,-11,-3;136,19,-6;140,2,-1;160,-41,22;163,55,-30;170,-62,35;174,-20,10;175,14,1;176,-13,-4;200,-11,5;238,-19,12;256,154,-74;777,-170,154;778,29,-7
rua||mariz e barros|boa vista|12401270|5,-2292182,-4546416;21,2,-5;31,10,-6;35,1,-3;45,11,-8;53,0,-7;65,5,-17;69,0,2;81,6,-9;87,9,-5;95,-4,-6;103,5,-4;111,9,-12;117,4,5;129,7,-17;147,9,-12;157,5,-7;183,11,-21;191,3,-6;195,1,1;203,10,-12;205,7,-4;213,0,-5;215,-19,15;223,21,-23;231,4,-4;235,6,-11;239,-1,-1;245,2,-8;251,3,-8;261,6,6
rua||mariz e barros|bosque|12401270|34,-2292173,-4546427;42,0,-7;58,12,-8;62,15,-16;94,11,-18;102,3,0;108,5,-11;118,7,-5;124,-2,-5;130,11,-8;140,1,-5;148,2,-5;154,6,-5;164,2,-11;166,1,-3;170,7,2;180,6,-10;184,20,14;186,-18,-24;200,8,-8;212,7,-9;222,-3,-9;248,20,-14;256,3,-11;260,3,-2
rua||odila vieira de barros|vila sao paulo|12405590|12,-2292489,-4543233;13,-2,6;20,-5,-5;21,-2,6;28,-7,-6;29,-1,4;36,-8,-6;37,1,10;44,-16,-6;45,6,6;51,-5,-3;52,3,1;59,-8,2;60,3,-7;67,-8,7;68,0,-4;75,-9,5;76,-4,-4;83,-6,3;84,3,-4;91,-9,8;92,5,-3;100,-12,1;101,4,5;108,-10,-5;109,2,3;116,-14,-5;117,10,12
rua||olavo bilac|vila prado|12410500|14,-2293904,-4544988;20,8,5;23,-18,15;25,20,5;26,-19,-6;36,5,8;45,0,1;50,3,-2;55,6,13;56,-15,-4;61,11,16;65,-7,8;68,-3,-3;70,1,6;71,-5,9;73,13,-4;81,-10,17;95,-10,35;106,9,-39;111,-7,20;112,3,-6;113,-12,57;115,11,-45;117,-1,-12;124,0,-1;126,-9,19;127,12,-5;128,-15,5;130,5,-5;132,-3,11;136,-1,4;141,8,15;142,-6,-8;144,-14,39;148,8,-30;153,10,11;160,-15,5;161,12,-6;162,-9,5;175,5,11;180,21,-98;193,-22,102;194,-9,-2;195,8,2;200,-8,-12;203,12,16;205,-6,7;206,-1,-21;211,0,37;214,-7,-13;240,0,-8
rua||raul borges|loteamento triangulo|12413170|9,-2294310,-4541899;14,-20,37;30,-48,103;36,3,0;40,-17,-10;42,-32,32;48,23,-11;52,-118,-5;54,111,8;55,-137,-11;58,-24,-7;59,-29,-11;62,-9,-2;63,-6,-5;64,188,50;88,-2,-6;90,-15,2;94,1,-6;96,-4,-1;104,-4,-1;118,-14,-1;124,-5,-1;140,-14,1;150,-6,-5;166,-23,-3;172,-3,1;182,-11,0;186,-4,-3;198,26,7;202,-34,-8;224,-19,-3;232,-12,-6;272,-30,-12;296,-26,-6;300,-4,-5;308,-6,2;312,-5,1;316,-3,-6;322,1,-2;515,183,49;1156,101,-52;1160,4,10;1164,-9,11
rua||raul borges|triangulo|12413170|35,-2294671,-4541818;37,-27,-14;39,5,2;40,-13,-3;41,-10,-9;43,-9,-9;44,-16,-8;45,0,3;46,-14,-2;47,15,-4;48,-28,-10;49,11,2;50,-25,10;65,-127,-65;68,-37,-14;70,4,2;80,50,20;325,179,71;378,22,21;428,-31,-23;448,-26,-15;450,-69,-25;484,46,15;498,-44,-8;499,3,3;506,25,-2;510,-4,2;512,0,3;514,-5,3;522,-6,-5;528,-3,-4;542,-43,-17;550,24,10;556,1,-4;560,-17,-13;576,-3,3;590,-12,1;610,-9,-2;612,-4,-4;614,-3,-4;618,-6,1;624,-6,-3;636,-47,-27;640,33,19;646,-7,-1;662,-28,-7;664,7,0;676,-42,-33;682,30,20;696,-7,1;706,-10,-1;710,-7,-4;730,-9,-24;870,61,51
rua||raul borges|vitoria park|12413170|10,-2294944,-4541928;113,-55,-58;115,-5,-7;129,13,17;131,-2,-3
rua||roberto rivelino de barros|triangulo|12414430|308,-2295175,-4541655;350,-1,33;370,-6,13
rua||salesianos do brasil|socorro|12421160|50,-2294758,-4546758;60,-8,-8;64,3,-4;66,-3,3;70,-5,-11;90,0,-6;91,-10,-4;96,4,-10;104,-9,7;108,0,-15;112,2,-7;113,8,15;115,-13,-11;122,1,-11;125,-5,7;130,-1,-21;135,-11,9;140,4,-19;185,-29,-21;197,-8,-11;205,-2,-4
rua||syllas brandao|castolira|12405440|98,-2292394,-4543699;100,-3,-10;110,-3,-35
rua||sylvio braz|reserva dos lagos|12412886|49,-2296579,-4545581;57,5,16
rua||vitor buono|campos maia|12422290|34,-2293713,-4546992;39,3,-8;40,2,-20;49,-6,10;69,-3,-24;70,3,38;72,5,-12;81,-4,-20;82,7,1;84,1,-1;93,-9,-38;95,4,17;98,-2,15;102,6,-11;104,-1,2;108,3,-7;110,-1,-3;112,2,-5
rua||vitor buono|galega|12422290|22,-2293720,-4546964;37,-9,0
travessa||antonio elias brasil|moreira cesar|12440061|35,-2291279,-4536370;45,12,-2;55,8,6;69,4,1;70,9,0;72,2,1;73,3,5;75,2,-6;80,3,3;82,6,4;85,-1,-3;90,5,2;92,3,-5;95,-1,8;100,8,-6;102,4,7;105,-4,-6;422,-73,-11
travessa||bandeirantes|feital|12441342|30,-2293948,-4539941;33,15,1;56,4,2;65,-3,-2;79,13,-5;85,6,2;86,17,-1;109,16,-7;119,-7,7;120,10,-2;125,12,-2;127,0,-3;130,-32,7;132,5,4;135,-61,4;140,74,-5;1915,-75,2;2247,48,-9
travessa||b|campinas|12415040|201,-2295900,-4541310;203,-1,6;205,-1,17;206,8,17;207,-5,-27;208,2,32;209,10,35;210,-9,-53;211,-6,-20;213,5,41;214,4,14;217,-4,-34;218,5,45;219,-8,-53;220,14,59;222,2,12;223,-10,-26;251,-52,6;300,49,-5
travessa||das betulas|lago azul|12424670|25,-2296330,-4547602;37,12,-13;78,19,-23
travessa||rui barbosa|centro|12401490|11,-2292349,-4546171;29,3,-4;33,18,5;34,5,-3;37,1,4;40,3,-7;47,15,1;50,-12,3;56,11,2;87,17,-1
