avenida|coronel|fernando prestes|centro|12400240|3,-2292371,-4546103;17,-8,-2;25,-14,-6;33,-8,-7;34,8,2;35,-12,10;37,-6,10;41,16,14;42,-10,-26;46,-1,4;52,-4,-2;55,-2,12;56,-4,-6;58,0,0;60,-4,11;61,3,-8;63,0,-2;64,-4,4;68,-8,-4;69,9,-1;72,-16,12;73,10,-14;87,-18,13;96,-1,1;101,-16,0;106,-4,-3;109,-5,-3;114,-11,8;118,13,15;122,-13,-20;126,-6,3;130,-5,-1;131,14,-5;133,-4,-1;135,-6,1;137,0,1;149,-7,3;159,-11,0;161,-2,-4;162,7,-3;163,-15,7;171,14,-12;173,-26,15;188,2,-4;189,-8,-8;193,1,2;197,-11,-1;201,6,10;207,-10,8;212,10,-8;214,-17,-6;219,-6,10;241,-24,8;254,-5,-20;255,0,4;265,-3,4;268,-11,2;272,-2,4;273,-4,4;281,-13,-14;282,3,6;291,-24,3;315,-1,-2;319,-8,4;320,6,-5;338,-34,5;354,-4,-1;356,7,-9;358,-14,17;368,-3,0;369,16,3;382,-24,-8;435,-61,13;455,-16,-6;459,-11,2
avenida|sao|paulo|cidade nova|12414160|4,-2294483,-4541011;8,-11,37;9,4,11;10,-12,-21;17,-6,-138;19,2,-3;23,-2,8;25,1,5;35,-1,11;37,7,26;38,11,36;39,-17,-42;41,-2,-10;83,13,29;107,6,35;114,18,127;123,-14,-121;125,38,130;128,-23,-1;131,20,6;137,-28,-113;159,0,18;167,4,4;170,-13,19;176,2,7;179,16,-16;183,-5,8;187,8,5;207,-2,10;214,-11,23;258,19,53;259,7,-8;265,0,0;267,1,6;284,22,122;310,-23,-72;316,-1,-7;327,20,-7;331,53,294;341,-51,-274;347,3,8;357,1,11;360,-14,1;361,16,1;385,3,23;392,-10,27;394,3,-3;395,15,-7;396,-8,22;398,-25,-71;399,36,61;403,3,10;406,-14,9;410,30,123;425,-16,-129;435,1,10;449,-53,-117;473,63,140;475,9,41;477,10,64;478,4,-15;481,-26,-80;482,-10,-3;491,14,16;492,-17,2;493,23,5;502,-20,5;533,35,44;560,-20,5;580,3,19;581,23,-1;584,-20,4;590,1,3;591,19,0;593,0,10;600,-13,0;619,16,28;622,7,24;633,-5,-14;640,-15,7;650,7,6;659,17,11;4265,-249,-548
avenida||antonio joaquim pinheiro|eugenio lefevre|12401313|2,-2282736,-4562943;10,230,7;34,-246,-138
avenida||antonio joaquim pinheiro|eugenio lefevre|12426313|3,-2282572,-4562810
avenida||antonio joaquim pinheiro|eugenio lefevre|12446040|19,-2282952,-4563002;20,11,0;23,97,-58;38,56,37;40,-17,19;41,-18,-8;42,-23,-6;49,-140,33;222,14,-7;333,95,26;353,-39,-45
avenida||antonio joaquim pinheiro|piracuama|12446040|24,-2282788,-4563046
avenida||avenida pirapitinguy|loteamento joao tamborindeguy fernandes|12441010|156,-2291630,-4534892
avenida||avenida pirapitinguy|moreira cesar|12441065|1,-2291583,-4534823
avenida||benedito pires|araretama|12423730|865,-2295250,-4550223;875,-5,-6;885,-10,-1;895,-8,-12;905,17,-7;915,-27,-1;925,-8,-16;935,-9,-4;945,0,0;955,-14,-11;965,-6,-5;975,-10,-3;985,2,-8;995,-14,-26;1005,-1,-1;1015,3,-2;1025,-2,8;1035,-17,-13
avenida||benedito pires|araretama|12426021|655,-2295115,-4550102;673,0,-11;683,-14,-4;693,-6,-5;703,-1,1;713,23,13;723,-41,-32;733,-3,-3;743,-9,-9;753,5,0;763,-11,-9;773,-13,-7;774,-18,-24;783,11,19;793,-8,-9;801,0,-1;803,-4,-10;813,-6,1;817,-3,-4;823,-6,-6;833,-7,-1;843,-7,-9
avenida||das paineiras|village paineiras|12421490|12,-2295264,-4548026;60,63,-22;180,-102,32;190,-1,-6;250,-21,17;413,-15,9;500,-15,1
avenida||das palmeiras|goiabal|12415456|1,-2297608,-4541342;2,26,-21;3,-10,10;4,-24,18;5,-362,339;7,10,-11;8,349,-346;9,-50,76;10,-288,287;11,324,-313;12,-166,183;14,-293,245;15,181,-160;16,73,-85;17,-286,238;18,-1,38;19,559,-532;20,-598,581;21,25,-42;22,384,-363;27,17,-58;29,20,-10;30,-452,455;35,457,-421;36,-55,48;37,-58,31;38,-493,488;40,-8,-13;45,24,9;46,482,-482;47,-549,538;48,539,-538;49,-514,521;50,148,-143;60,-153,138;70,-15,15;80,-7,7;100,373,-356;103,5,-10;107,49,-33;114,-124,110;120,-475,450;122,624,-580;128,-504,466;130,-160,152;143,597,-558;150,-24,14;152,-13,15;153,14,-8;175,130,-112;225,-78,23;264,197,-150;267,-320,307;382,-561,509;385,-16,23;389,-8,14;500,780,-746;594,183,-170;595,-248,234;1079,-320,337;1376,-524,463;1470,74,-57;1480,0,-4;1500,-14,15;2001,303,-285;3039,-565,678;3048,22,-22;3049,-54,60;3056,72,-88;3100,-118,120
avenida||das primaveras|goiabal|12415453|3,-2297454,-4541009;7,-12,6;18,256,-278;19,-124,143;20,142,-132;22,-72,72;26,-633,592;45,278,-248;49,-13,14;50,88,-101;51,-8,21;52,15,-23;53,-99,98;54,54,-69;55,-331,306;56,337,-294;58,-189,223;59,44,-53;60,-14,-32;62,-28,29;68,-178,222;69,177,-196;71,-42,8;72,445,-429;73,-481,477;77,-6,9;78,-294,271;80,764,-724;87,-401,385;99,439,-418;100,127,-110;101,-172,168;103,41,-54;115,111,-126;141,-226,219;147,38,-17;149,-493,461;150,33,-31;151,485,-440;152,-517,467;154,10,-8;155,25,13;157,-64,-4;159,-15,7;161,724,-644;165,-12,16;166,-35,89;168,18,-79;169,-56,51;170,-316,270;175,361,-313;179,-14,11;180,-687,633;181,676,-619;198,-60,-6;220,-1250,1249;223,1090,-1017;230,-1089,1020;304,698,-686;329,29,-4;410,-960,906;415,80,-83;420,-106,109;425,34,-43;450,1350,-1289;460,-224,215;500,-443,435;599,-245,224;600,25,-23;601,-55,56;602,252,-244;603,-267,249;721,621,-566;1195,-182,162;1200,-105,38;1202,19,47;1285,-462,439;1548,323,-311;1550,-57,-9;1601,-212,269;1603,-3,3;1605,-16,18;1940,740,-712;2006,-1157,1030
avenida||dos pinhos|goiabal|12415457|14,-2299052,-4539965;15,-15,11;16,-36,38;33,73,-79;36,-3,17;238,-123,103
avenida||joaquim garcia de paula|residencial liberdade|12444661|16,-2290516,-4537452;170,154,-115;270,114,-112;321,-191,163;475,-76,78
avenida||mirabeau antonio pini|araretama|12426220|317,-2295034,-4549818;323,-7,-15;329,0,-11;335,-12,-2;341,-5,-1;640,-138,-141;648,-9,-8;656,-7,-6;664,-8,-8;672,-41,-39;680,33,32;688,-10,-9;696,-2,-9;704,-14,-3;712,-7,-7;720,-7,-7;728,-5,-5;736,9,9;744,-20,-20
avenida||mirabeau antonio pini|pindamonhangaba|12426220|277,-2295003,-4549785;283,-2,-18;289,0,0;295,-8,-3;301,-10,-8
avenida||mirabeau antonio pini|residencial nova esperanca|12426220|12,-2294806,-4549633;20,-1,-1;27,-12,3;28,4,-8;29,-10,10;33,-1,-11;34,7,-2;41,-13,-3;42,5,-3;65,-21,-5;66,6,-14;71,-13,1;74,11,-2;77,-14,3;80,1,-9;85,-7,5;88,4,-7;91,-15,0;96,13,-7;120,-14,-16;121,-8,4;123,-5,0;128,7,-8;135,-15,3;136,8,-10;137,-18,9;142,16,-9;150,-7,-6;151,-9,7;174,-10,-27;182,-7,0;190,-6,-8;196,-3,0;204,-6,-5;222,-16,-17;230,-9,-3;238,7,2;244,-13,-10;247,-219,-203;252,212,190;276,-12,-9;278,-13,-8;280,6,10;292,-14,-5;294,2,-13;296,3,4;318,-24,-27;324,-3,-2;330,-5,-4;336,-1,-1;342,-14,-14;386,-12,-12;392,-10,-6;396,-2,-11;398,-4,2;402,-5,-4;482,-60,-50;490,-1,-5;498,-3,0;502,-4,-10;518,-7,-13
avenida||mirabeau antonio pini|residencial primavera|12426220|12,-2295367,-4550144;22,-2,-3;32,-12,-8;42,-8,-6;52,-6,-10;62,-6,0;72,-8,-10;82,0,0;92,-6,-16;102,-5,0;112,-6,-2;122,-12,-10;132,-5,-8
avenida||nadir nunes portes|moreira cesar|12444390|34,-2289232,-4538358;52,2,10;58,0,0;66,-2,7;68,2,5;75,9,13;76,-8,-5;97,8,3
avenida||nova pinda|conjunto habitacional terra dos ypes 1|12443610|25,-2289546,-4536874;35,28,2;37,-39,-438;45,-1,428;80,74,14;200,-14,-492;210,-58,7;220,-3,-15;303,-3,30;305,-29,42;420,36,403;427,-19,-369;433,-10,-13;445,10,5;446,24,-8;447,-40,-7;455,10,-1;457,-2,-10;460,25,-33;462,4,33
avenida||nova pinda|residencial portal dos eucaliptos|12443610|19,-2289682,-4537835;75,12,39;133,18,50
avenida||parana|condominio laguna|12411440|8,-2293334,-4542514;66,-62,-413;132,-4,-21;140,0,10;160,23,107;162,5,16;180,-20,-103;190,3,4;200,2,11;210,1,3;220,2,20;226,0,7;228,-3,5;230,4,11;250,4,15;254,1,3;256,-33,-141;286,9,20;296,-2,0;326,40,196;348,13,51;370,-38,-175;410,8,37;426,14,68;440,-10,-39;452,9,16;454,1,-2;458,0,2;466,-1,12;480,8,22;482,-6,1;518,5,17;522,3,8;524,1,-7;534,-1,17;536,8,7;540,-4,5;546,0,9;568,-2,10;570,3,-4;572,5,10;584,1,14;594,0,5;610,4,5;620,1,12;630,0,6;637,4,16;638,4,9;639,4,35;640,0,-4;642,-2,-15;646,0,-6;652,0,1;669,0,15;688,5,19;690,-3,-2;692,4,13;700,2,5;714,2,10;720,-5,5;730,7,17;770,2,16;780,11,42;782,4,9;784,0,4;816,7,57;822,5,-12;828,-3,-37;840,-6,17;842,9,-6;844,-6,9;856,6,10;865,8,86;870,-9,-76;880,2,12;884,1,6;890,-2,7;894,5,5;896,0,2;910,5,10;914,0,1;916,-3,9;932,2,14;940,-3,1;948,7,1;952,-3,13;956,3,8;960,-2,-8;970,14,11;976,-5,19;980,-3,-5;988,6,23;996,16,73;1002,-19,-64;1004,2,5;1008,6,4;1020,17,86;1040,-10,-45;1042,0,-40;1050,1,47;1052,-3,-21;1054,2,23;1062,5,-17;1078,3,25;1090,-2,6;1092,0,5;1116,1,20;1124,11,31;1132,-3,-27;1136,-2,2;1140,1,11;1141,1,6;1142,3,5
avenida||parana|marica|12411440|13,-2293357,-4542761;15,-5,-37;20,-92,-406;25,86,374;40,-32,-179;41,-32,-86;45,12,66;49,3,-2;59,-7,-47;60,3,37;65,-22,-119;69,4,-11;71,-2,-13;73,-3,2;74,-2,28;80,14,68;101,49,192;116,-58,-254;118,13,13;120,0,-4;131,-1,9;163,15,38;175,-5,13;179,9,17;191,-10,2;192,4,-14;204,-6,28;205,34,162;216,-27,-222;221,35,224;235,-26,-141;260,-9,22;275,30,99;285,0,-6;320,24,122;365,18,87;401,-30,-156;411,1,8;415,1,3;421,-7,10;425,7,-1;435,3,18;489,6,40;493,2,8;521,4,29;523,16,50;527,-13,-44;545,3,9;556,1,13;597,11,39;611,6,3;621,-2,15;661,5,37;671,-1,10;685,12,-2;695,-5,44;717,2,12;721,-2,-9;723,10,15;725,0,0;729,-6,4;731,11,-2;733,0,10;891,28,159;899,-1,-13;909,3,7;933,3,26;957,3,30;963,4,6;1027,9,56;1057,7,5;1079,11,56;1087,1,-1;1097,2,2;1135,8,57;1137,-11,-44;1145,8,31;1147,-3,-16;1151,4,10;1155,0,30
avenida||paturi|colonial village|12424830|345,-2295614,-4547299;375,-8,-1;395,-24,0;409,-19,-3;425,-9,-4
avenida||periquito|parque das nacoes|12420460|20,-2295411,-4547315;102,-30,58;105,6,45;110,-15,-28;120,-10,16;138,-8,25;160,-12,20;180,-6,11
avenida||pirapitinguy|moreira cesar|12441070|14,-2291975,-4535503;16,47,-32;17,-19,13;18,11,-14;20,1,8;22,-20,15;24,-4,5;30,-8,-1;40,-6,5
avenida||polonia|mantiqueira|12445640|68,-2288375,-4537345;74,-1,0;76,-3,8;86,-9,4;96,-6,2;100,-3,2;105,12,1;106,-15,6;107,14,2;109,-1,0;110,-15,-3;113,12,1;114,-22,6;118,-1,2;121,13,-1;122,-17,5;127,15,-3;128,-13,8;135,11,-7;138,-18,5;139,11,0;143,-1,3;144,-14,0;147,12,-1;148,-20,1;156,3,4;158,-4,2;159,8,1;164,-11,6;165,11,-4;168,-17,8;169,16,-3;175,0,0;176,-21,1;179,13,1;180,-19,5;185,17,-3;186,-21,8;189,13,-9;192,-15,9;193,8,3;197,3,0;198,-17,-9;204,-2,10;208,-4,3;210,-3,1;214,-1,8;222,-10,10;226,-6,11;227,21,-20;237,-4,1;247,-9,11
avenida||polonia|residencial pasin|12445640|22,-2288558,-4537195;215,-446,208;302,474,-233;308,-5,3;312,0,4;318,-8,-3;331,-441,214;332,436,-205;338,-15,5;356,-6,9;368,-7,3;376,-5,11;380,-10,3;390,3,2;394,-6,0;396,1,0;400,-5,4;420,-51,48;422,34,-31;426,-36,25;428,37,-19;442,-12,1;448,-16,9;450,-76,74;451,-219,74;452,299,-150;488,-18,18;490,-3,1;492,-8,4;502,-88,71;512,-9,7;522,-4,3;528,74,-61;532,-85,65;536,80,-57;542,-89,64;546,83,-54;550,-10,0;552,-76,61;562,-13,10;572,-10,3;582,0,3;592,-15,12;602,-7,1;611,-8,3
entrada||particular|jardim princesa|12424580|60,-2296157,-4548575;2192,-15,2;2202,32,-8;2203,-4,5
estrada|capitao|avelino alves pereira|bairro ribeirao grande|12401140|250,-2282573,-4546789;433,227,-271;4000,-108,974
estrada|capitao|avelino alves pereira|pindamonhangaba|12401140|80,-2283649,-4548295;149,-3300,84;300,303,16;700,2379,408;1700,-246,218;2385,-346,-453;2395,-72,-24;3355,326,374;4000,2127,1568;7600,-2937,-1885;8004,347,119;8006,-48,68;8007,104,134;8018,-1,-6;8030,121,-16;8800,99,123;8802,116,69;10008,55,-412;10570,147,450;10700,-36,-108;10750,28,-48;10850,-108,-96;10900,87,-111;11000,-159,23;11200,268,-162
estrada|capitao|avelino alves pereira|pindamonhangaba|12449899|2300,-2280983,-4546402
estrada|capitao|avelino alves pereira|ribeirao grande|12404018|100,-2287040,-4548141;106,84,-20;222,2857,844;4000,1599,1222;5300,-4589,-2020;8005,1959,318;10500,587,426;11500,440,35;15000,814,198
estrada||do pinga|ribeirao grande|12404018|5050,-2285282,-4547887;8003,53,41;10500,446,832;12000,684,-308
estrada||do pinhao|pinhao do borba|12400130|1000,-2298513,-4544445
estrada||do pinheiro|jardim regina|12400010|2,-2294732,-4536247;3,-47,-20;6,-69,-10;8,-49,-11;12,-43,46;19,117,7
estrada||do pinheiro|pinheirinho|12400010|2000,-2294962,-4535963
estrada||dos picas|ribeirao grande|12404023|300,-2278278,-4540892;946,-1149,1964
estrada||joaquim alves pereira|pindamonhangaba|12401140|10000,-2283325,-4547633;13000,561,-774;13200,-129,528;13323,223,-454;13500,-205,21;14300,-254,157;14401,-14,-183;14501,159,63;14600,-10,-95;15000,739,-338;16000,484,-503;144014,-1347,903
estrada||joaquim alves pereira|pindamonhangaba|12449899|14100,-2283238,-4547945
estrada||jose coelho pamplona|bairro ribeirao grande|12401140|3000,-2282641,-4547299
estrada||jose coelho pamplona|pindamonhangaba|12449899|3000,-2281723,-4547822
estrada||municipal jose candido pereira|pindamonhangaba|12401140|100,-2285090,-4548511;280,-52,248;300,-1548,31;680,1433,-327;700,1107,-208;850,0,-62;989,-894,298;2301,30,-250;2420,159,194;2510,-32,-201;2600,1489,-681;8518,-1850,991;8520,65,61;8630,32,24;14000,1193,-562
estrada||municipal jose candido pereira|pindamonhangaba|12401400|109,-2284992,-4548651
estrada||municipal pinheiros|jardim regina|12400040|15,-2294137,-4536957
estrada||municipal pinheiros|moreira cesar|12400040|1310,-2294150,-4536886
estrada||municipal rio das pedras|bom sucesso|12423789|17000,-2287631,-4558027
estrada||municipal rio das pedras|estrada municipal rio das pedras|12423789|3010,-2287707,-4558221;3030,-6,53;3090,-3,-4;16700,-138,209;20300,446,-657
estrada||municipal rio das pedras|estrada municipal rio das pedras|12426311|18215,-2286180,-4558860
estrada||municipal rio das pedras|piracuama|12423789|17800,-2287893,-4557922
estrada||particular|estrada sem saida|12412822|432,-2301425,-4544440;8000,-49,158;8100,335,38
estrada||particular|mantiqueira|12444280|235,-2288396,-4536477
estrada||pinheiros|jardim regina|12400010|1,-2294694,-4536258;4,-98,-8;5,-35,-8;7,-42,-12;9,-28,-2;11,25,40;13,-32,-2;14,8,10;16,31,1;17,14,1;18,10,7;20,26,-1;21,37,0;22,28,-1;23,41,3;111,-216,-19
estrada||pinheiros|jardim regina|12440010|1840,-2294418,-4536360
estrada||pinheiros|pinheirinho|12400010|1,-2294710,-4536040;2000,-304,93
estrada||pinheiros|pinheirinho|12440010|2000,-2294781,-4535935
estrada||rio das pedras|estrada municipal rio das pedras|12426311|3086,-2288137,-4557886;3600,509,-714;18000,132,-120
ladeira|barao|de pindamonhangaba|bosque|12401320|87,-2292185,-4546235;93,3,-5;107,21,-1;135,14,-3;286,137,-7;298,6,0;304,8,-1;320,23,-6;330,6,4;350,18,-2;360,10,-2;370,7,1;372,18,0;380,-6,1;382,-1,-3;398,10,0;404,8,-1;410,7,5;483,-26,-18
ladeira|barao|de pindamonhangaba|centro|12401320|26,-2292237,-4546238;28,4,8;40,1,-2;42,2,2;48,-2,-1;50,8,-3;52,10,-3;58,0,5;64,18,2;84,10,-2;104,15,-2;122,12,3;126,5,-12;128,3,-1;180,45,3
praca|doutor|cicero da silva prado|conjunto habitacional terra dos ipes 2|12445180|77,-2289115,-4538887;79,0,0;95,11,0;105,8,8;235,-26,-5
praca|doutor|cicero da silva prado|vila sao benedito|12445180|22,-2289118,-4538853;40,-17,11;59,-17,-23;60,46,36;62,-20,-10;84,25,-11;86,-1,4;88,1,0;94,7,-7;104,0,-9;555,-58,-3
praca|sao|paulo|parque sao domingos|12410382|4,-2293434,-4545202;5,26,-36;18,-5,10;26,-3,1;38,-8,12
praca||deusdete marques pontes|parque das nacoes|12420415|70,-2294865,-4546286;80,-21,-9;100,-5,0
rodovia||floriano rodrigues pinheiro|eugenio lefevre|12404023|117,-2282934,-4562773
rodovia||floriano rodrigues pinheiro|piracuama|12400130|22001,-2285905,-4561404
rodovia||floriano rodrigues pinheiro|piracuama|12421130|27,-2285788,-4561522
rodovia||floriano rodrigues pinheiro|piracuama|12423789|12,-2286267,-4561211;19,141,-28;23,-197,644;25,-784,273;26,724,76;27,336,-569;28,250,-794;29,140,-637;31,1213,811;785,-1798,1073;2880,912,-2357;22001,-1258,3108;26150,238,-476;28800,386,-2167
rodovia||floriano rodrigues pinheiro|piracuama|12424130|25,-2285764,-4561478
rodovia||floriano rodrigues pinheiro|piracuama|12426313|26,-2286319,-4560285;405,133,-7;695,-47,-12
rodovia||floriano rodrigues pinheiro|piracuama|12440130|22001,-2285851,-4561551
rua|doutor|benjamin pinheiro|alto do cardoso|12420610|20,-2293821,-4546666;21,-24,3;36,33,-2;37,-30,-8;44,-1,-14;50,1,14;162,-15,-16
rua|doutor|benjamin pinheiro|maria aurea|12420610|110,-2293892,-4546715;117,-12,11;119,16,1;125,-15,-1
rua|doutor|elias profeta|reserva dos lagos|12412889|10,-2296631,-4545453;11,-8,-8;31,120,-174;45,1,19;52,-93,129;75,101,-93;156,-25,55;189,19,-13;305,44,-146;329,10,24;371,11,41;385,2,8;399,5,18;427,8,22;441,-4,13;568,-109,34;588,-31,13;618,-11,-3;624,-6,15;646,-12,3;661,-15,28;684,-14,7
rua|professor|paulo cesar pestana|chacara da galega|12420660|20,-2293475,-4546625;21,5,12;33,-5,-4;40,-7,-7;42,-3,-6;45,2,8;54,-4,-9;55,-8,7;64,4,-35;65,-15,30;72,-6,-5;75,2,2;79,-13,2;84,5,-1;85,-5,0;94,-3,-5;95,-3,2;102,-5,-8;103,-5,8;109,-4,0;116,-10,-3;125,-11,4;126,23,-8;130,-19,0;131,-7,13;135,-9,7;137,1,3;140,19,-23;149,-1,56;167,-47,-60;183,22,5;195,-17,-4
rua|professor|vicente punzi|moreira cesar|12441150|15,-2292271,-4535913;24,55,171;29,-50,-147;32,84,234;38,-84,-229;39,1,1;40,-3,8;51,6,-1;52,-3,9;58,3,6;59,5,-3;67,1,5;68,-2,8;70,3,9;95,10,5;98,-4,15;101,1,-16;109,0,5;127,10,40;129,-7,-39;135,-5,17;144,11,3;148,-5,9;153,10,-1;158,-10,-9;161,8,16;163,6,10;166,-10,3;167,10,-3;170,-9,12;173,10,1;178,0,-2;180,0,9;209,2,-1;211,-15,-48;215,21,57;220,-1,-13;225,4,27;226,-5,-24;230,1,20;232,3,0;234,-2,9;242,9,10;243,2,-2;247,3,12;248,-2,-4;250,-3,10;255,6,4;257,2,9;277,7,11;287,3,3;293,7,5;305,-7,6;309,13,13;737,-113,-240
rua|santo|antonio do pinhal|cidade nova|12414230|18,-2294539,-4540988;51,-1,8;53,-3,6;69,-7,-3;70,-27,12;71,25,-7;83,-14,3;105,-18,3
rua|sao|luiz do paraitinga|cidade nova|12414260|12,-2294821,-4540599;30,-163,91;57,132,-73;59,-6,2;61,-4,-3;67,-6,5;100,-59,28;110,38,-21;116,-3,0;117,-111,74;121,108,-64;122,1,-3;125,-2,5;128,3,-3;129,-16,10;131,-4,2;132,9,-6;135,-12,15;138,10,-14;144,0,-4;150,-4,0;151,-13,19;156,5,-12;160,-2,2;170,-16,6;195,-14,21;197,12,-7;227,-40,18;240,-78,41;250,-7,1;347,221,-123;348,3,7;606,-107,46;757,-43,39;781,77,-19
rua|sao|pedro|vila sao joao|12445020|28,-2289099,-4539153;32,8,3;104,50,7;198,60,11;206,15,1;214,9,3;248,29,5;260,10,2;262,12,2;362,110,22;366,4,0;374,0,0;388,18,3;394,0,0;408,-32,-5;430,44,7;440,9,0;448,7,1;450,16,7;452,-10,-4;460,10,4;536,89,21;540,0,0;552,-37,-8;562,13,2;578,17,9;594,22,-4;606,0,0;612,15,6;616,0,0;804,-462,-89
rua|sao|vicente de paulo|santana|12403200|25,-2292254,-4544944;33,-6,4;37,-5,-4;41,-5,1;43,0,5;44,-3,-42;48,-9,34;54,0,-1;55,-5,9;65,7,-3;70,-21,-28;72,-1,28;75,9,8;85,-15,1;95,-2,2;103,-15,5;105,-2,-8;110,-4,0;117,-4,9;119,3,2;122,1,-8;126,-12,1;127,-1,8;132,-4,-10;134,-2,10;136,-1,3;144,-9,-5;147,1,7;154,-10,0;155,8,5;164,-15,-11;165,3,7;174,-21,-5;183,10,9;184,-17,-6;187,15,10;191,-6,-1;193,-4,2;200,-7,-8;201,8,18;207,-7,-8;208,-16,2;209,10,2;215,-6,-2;216,-7,-5;219,1,9;221,-5,0;225,1,3;226,-2,-13;229,-4,10;233,-13,9;237,-3,2;241,-4,-3;244,-11,-2;257,-2,7;263,-3,-4;267,-5,8;274,1,-12;281,-16,7;291,-3,5;296,1,-7;298,0,4;300,-7,4;311,-24,12;312,17,-12;322,-14,1
rua|subtenente|joaquim marcelino pinto|mombaca|12425350|18,-2293544,-4547889;25,1,5;29,-4,5;38,-7,-8;42,-5,5;47,-12,8;52,8,-9;54,-9,2;56,3,4;57,-1,6;61,0,2;62,-2,0;63,-5,1;66,2,-3;69,1,6;73,-6,-1;76,-6,2;77,-2,5;83,-1,1;84,0,-1;86,-11,5;94,0,2;95,-6,-5;100,3,9;105,-7,3;160,62,-35;168,3,-5
rua|visconde|das palmeiras|crispim|12401430|65,-2292116,-4546027;77,7,18;81,3,7;85,1,8;86,-9,15;89,9,-13;91,1,2;102,-6,16;104,1,4;105,8,-14;116,-6,22;118,-1,2;121,10,-12;128,-7,19;130,6,6;135,4,-10;142,-9,18;143,14,-5;150,-7,6;152,3,8;155,9,-9;157,4,6;164,-12,8;170,4,6;176,-2,13;181,7,-23;185,6,8;199,-3,9;210,3,26;211,5,-7;215,4,5;230,-8,14
rua|visconde|das palmeiras|crispim|12401440|6,-2292141,-4546073;10,2,2;20,8,15
rua|visconde|de pindamonhangaba|centro|12401011|40,-2292347,-4546407;48,12,7;56,10,1;64,-3,1;78,15,1;100,14,3
rua||abelardo pinto piolim|bela vista|12412470|19,-2295550,-4545671;33,13,-1;46,251,-10;50,-11,-4;51,3,5;55,-7,6;59,-28,-2;60,31,-10;61,-12,12;62,6,-10;71,-20,12;78,10,-11;80,-16,-3;88,12,2;90,-35,-2;91,16,14;92,-12,-10;94,-9,-6;96,1,1;98,0,0;101,8,12;102,-12,-8;113,-175,10;115,188,-2;136,-111,-14;138,0,4;162,56,1;168,-166,9;174,155,-8;182,-3,0;194,-9,-3;196,-73,4;198,66,-2;204,-9,0;214,-10,2;295,-73,10;296,2,-7;300,-10,-4;315,-2,6;316,-9,-1;330,-5,-2;333,-3,-3;336,-1,0;338,-5,6;342,-67,-55;345,61,57;346,-6,-3;350,-8,4;355,4,-3;365,-17,8;375,-5,-5;420,322,0;500,-95,-2
rua||abelardo pinto piolim|vila verde|12412470|177,-2295426,-4545673;178,9,-3;189,-16,-4;201,-9,7;209,1,-6;215,-10,1;219,-1,2;229,-3,-4
rua||adilson augusto bassanello pereira|araretama|12426020|172,-2295445,-4550028;253,-31,33;255,32,-30;1533,32,-44
rua||adriano pereira|araretama|12426100|127,-2295346,-4549998;145,-29,28
rua||alvaro pestana|parque sao domingos|12410370|38,-2293673,-4545237;39,2,8;45,-14,-8;48,5,-5;53,-6,-2;58,-5,-12;61,-4,9;65,-7,-5;70,4,-9;73,-6,7;74,-1,-14;91,-10,2;149,-44,-34;150,2,-3;159,-8,-4;160,-1,-5;163,-4,1;165,-2,-4;167,-6,-7;170,10,4;180,-10,-5
rua||antonio lopes pereira|campos maia|12422320|10,-2293538,-4547015;11,-7,-7;18,6,2;19,-3,-9;22,0,1;25,-4,-11;30,5,3;33,-5,-3;36,5,-4;37,-4,-5;49,1,-10;50,4,4;57,-5,-12;60,5,4;63,-5,-4;64,5,1;70,0,-5;71,-5,-10
rua||antonio pastorelli|jardim cristina|12412070|28,-2294135,-4546159;38,-6,-20;42,6,18
rua||aristides pires|residencial comercial vista alegre|12442040|11,-2294103,-4539629;20,79,-1;26,-2,3;32,-4,3;38,-7,-6;44,-6,-3;74,-27,3;82,-13,4;86,-3,0;90,-2,5;94,-3,-7;96,-5,1
rua||benedito pires|araretama|12423730|11,-2295073,-4550278;26,-4,10;30,2,-3;37,-6,-111;41,62,-16;42,-52,116;43,57,-120;44,-53,118;46,-2,-5;47,55,-109;48,-2,-1;50,-45,109;54,2,-7;57,24,-75;72,-29,67;78,8,-5;80,46,-99;81,-8,-1;84,-35,95;90,5,-9;96,6,-24;100,-1,15;105,0,-7;110,5,-9;116,7,-11;130,3,-1;132,-9,7;140,1,-14;150,17,-20;156,-7,13
rua||brinco de princesa|residencial vale das acacias|12440500|11,-2290651,-4537163;12,18,-3;20,-5,0;25,-22,5;32,14,-10;33,-17,7;39,-14,-4;48,23,-6;49,-31,6;58,24,-4;59,-24,1;67,-15,-5;70,29,3;73,-36,-3;78,28,-1;85,-37,-2;90,27,0;93,-32,-6;98,25,3;105,-33,-7;106,21,5;113,-30,-5;120,23,-4;121,-34,5;124,30,0;128,-4,-4;129,-32,1;138,22,-3;141,-30,-2;150,25,0;151,-38,-5;154,28,3;159,-27,-6;166,19,0;171,-29,-1;174,22,3;177,-33,-9;178,29,2;184,-5,1;189,-32,-4;190,28,1;199,-37,-4;202,28,0;210,-9,-7;212,-9,0;314,-12,-4
rua||cachoeira paulista|cidade nova|12414200|8,-2294345,-4540650;9,6,-2;11,-108,32;13,390,-119;20,-631,203;22,222,-66;25,-23,-3;28,-203,69;39,636,-191;49,-12,-3;52,1,-8;59,-7,13;60,-2,-10;63,-38,29;69,30,-29;70,0,2;73,-631,205;75,616,-188;77,-518,157;79,525,-169;80,2,-2;86,-13,5;90,5,-2;99,-11,13;110,-3,-11;150,-74,25;163,-121,46;199,106,-40;201,33,0;203,-38,11;205,18,-5;207,-16,-8;208,-4,1;209,14,-3;215,-488,159;221,444,-142;222,25,-9;225,-34,20;227,-3,2;233,19,-10;236,-10,-8;237,28,5;240,-6,-1;242,-7,-8;244,8,0;246,-32,6;248,17,-3;254,-19,9;284,-3,2;300,-34,11;310,-6,-1;337,-31,17;342,-2,-10;355,-21,19;361,13,-4;366,14,-7;375,-17,8;381,-7,3;400,-70,19;430,80,-23;450,-99,23;457,9,3;460,-30,15;461,11,-12;470,-8,-2;476,-3,1;483,0,6;486,-12,-7;488,2,0;489,10,8;492,-16,-5;498,-6,3;500,-5,2;511,12,-2;517,-13,1;550,-8,7;570,-38,7;576,-9,3;580,0,-1;584,-10,4;588,-1,-4;596,-11,6;601,-134,56;604,131,-58;612,-4,5;614,-10,1;621,9,10;623,3,2;631,5,-5;636,-21,-5;638,-4,1;641,-2,15;644,-3,-13;646,-2,3;650,-7,-1;651,3,6;654,-7,-6;661,4,12;711,-114,37;713,3,-4;717,44,-13;721,-53,17;760,36,-20;770,-1,0;771,-25,15;780,11,-17;790,-10,15;800,-7,-6;808,-5,7;810,-7,1;817,553,-170;819,52,-16
rua||carlos h queiroz pessoti|bom sucesso|12404010|7,-2288296,-4554612;11,37,34;32,-191,-172;33,35,34;73,-21,-27;76,-9,-7;90,23,30;100,4,1;122,14,13;151,25,24;153,-14,-18;180,8,10;182,14,11;186,0,4;190,4,0;192,11,9;202,10,17;212,8,3;322,31,31;330,-101,-96;340,110,101;350,23,19;353,-4,3;384,13,6;392,9,6
rua||carvalho pinto|conjunto habitacional terra dos ypes 1|12443810|74,-2289994,-4537298;76,50,-74;80,-62,77
rua||das palmas|residencial vale das acacias|12440390|12,-2290809,-4537392;22,-4,-3;32,-6,-2;36,-3,1;40,-6,-5;43,0,13;50,-6,-12;53,-1,5;62,-14,-21;65,3,10;70,-10,-14;71,-1,15;80,0,-19;81,1,15;90,-7,-17;91,-3,6;98,-12,-20;99,8,10;108,-12,-8;109,0,10;115,-4,-7;122,-4,-9;123,-7,9;129,1,-5;132,2,-8;136,-18,-8;141,3,10;144,-4,-14;149,-9,14;152,5,-19;159,-6,4;162,-4,-19;167,1,16;172,-8,-11;179,3,0;187,-4,0;608,-5,-7
rua||das palmeiras|mantiqueira|12445250|22,-2288863,-4538258;26,-220,26;44,115,-8;54,0,7;60,35,-8;65,6,-1;75,0,-5;79,12,5;94,12,-2;104,10,-6;105,-5,0;116,14,1;140,6,1;150,17,-8;162,15,2;174,6,-2;186,5,-4;208,13,21;210,-2,-10;212,1,-13;214,10,0;216,6,-7;218,7,-2;236,14,7;280,4,-4;288,10,-5;298,13,-2;300,11,1;302,5,-2;304,36,-7;305,12,-4;310,13,-4;311,20,-2;315,2,-1;316,3,4;321,-68,4;380,39,0;382,-4,4;400,-50,9;500,108,-23
rua||das palmeiras|vila sao benedito|12445250|37,-2288972,-4538238;47,14,-3;59,10,-4;98,19,-3;99,15,-1;101,15,-4;103,4,-5;111,6,4;128,-48,6;129,4,-1;133,57,-7;139,7,-3;143,11,-6;145,-5,0;165,16,-1;177,11,-2;183,7,2;197,6,-6;201,-1,-1;213,14,7;225,10,-8;245,10,15;267,23,-23;269,-13,6;297,59,-19;301,21,4;303,37,-11;307,-75,21;314,52,-16;318,11,-1;320,-82,20;325,111,-26;330,-51,8;335,69,-6;345,5,-8;1193,-354,72
rua||das papoulas|residencial vale das acacias|12440310|24,-2291079,-4537091;36,-11,-11;44,-6,0;47,0,14;56,-6,-22;59,2,15;64,-8,-18;65,4,1;76,-6,-10;77,0,23;87,-10,-13;88,-1,-14;99,-9,3;100,3,-8;105,-8,8;108,-5,-12;113,-3,8;120,0,-4;125,-12,1;128,6,-14;131,-9,6;140,4,-4;142,-7,4;148,-5,-18;155,-4,13;158,-1,-21;165,-5,-3;169,-12,5;170,13,-5
rua||das petunias|residencial vale das acacias|12440380|30,-2290842,-4537352;33,-15,0;42,6,-5;49,-12,-1;56,1,-8;61,-4,8;66,-6,-13;69,-4,5;78,-1,-6;81,-3,4;86,-5,-11;91,-5,6;98,1,-8;99,-7,0;108,-4,-10;109,-2,5;116,-3,-10;117,-9,3;127,0,5;128,1,-21;137,-8,1;138,-4,2;149,-6,13;150,3,-20;157,-18,6;160,13,-15;163,-16,4;168,6,-4;175,-6,5;180,-5,-13;183,-2,4;188,-3,-14;194,-4,-5;195,-8,15;199,-5,-3;571,134,91
rua||das pitangueiras|village paineiras|12421410|14,-2294979,-4547719;39,32,0;42,-17,15;52,14,20;65,16,-6;72,-8,18;75,26,3;102,-12,11;111,34,-4;118,-23,25;125,20,-9
rua||deodato pestana|alto do cardoso|12420120|21,-2293916,-4546359;23,6,-1;25,3,6;31,-5,-15;37,1,-4;45,-7,-3;48,-4,-1;49,1,-9;60,-6,-12;63,4,11;71,-11,-15;80,0,2;81,2,-16;93,-9,-4;98,0,-2;99,-4,-1;100,-1,-5;111,-3,-6;115,-6,-5;119,2,-6;122,-2,-3;125,-8,-5;127,-3,-8
rua||do amor perfeito|residencial vale das acacias|12440330|28,-2291017,-4537164;36,-6,-7;37,-5,6;44,-8,-14;49,4,-2;55,-4,3;56,-4,-4;62,-5,-6;67,-3,5;74,-11,-10;77,8,5;84,-10,-8;85,3,4;94,-12,-18;97,-3,16;104,1,-21;105,1,15;116,-11,-20;117,0,12;122,-10,-10;127,6,8;134,-18,-19;135,9,5;146,-20,-17;147,18,19;152,-20,-25;159,8,8;160,-7,-8;167,6,9;179,-15,-2;181,-5,-3;249,122,87
rua||dos pessegueiros|cidade jardim|12424690|81,-2296137,-4547346;120,76,2;130,43,-9;145,-22,4;330,265,-51;360,-27,4;370,7,0;380,-56,10;450,-48,5;550,-99,22;800,440,-21;1056,-149,-23
rua||dos pinheiros|lago azul|12424610|40,-2296267,-4548548;41,-6,-6;50,1,11;54,-17,-2;56,7,-7;57,-25,11;58,-13,11;60,18,12;70,-108,30;80,-37,-1;156,149,-52;180,-83,43;226,-41,1;906,-91,-39
rua||dos pintassilgos|loteamento triangulo|12413040|9,-2294269,-4542227;19,-30,31;20,10,-10;22,-13,17;23,-5,3;29,124,-150;30,2,7;31,-12,7;33,-11,11;34,-4,3;35,-8,19;36,-5,-1;40,-24,27;41,55,-53;43,-6,10;44,-28,21;48,-64,77;49,-7,6;51,-21,17;52,-7,2;54,-18,15;56,76,-71;58,0,0;60,71,-81;65,15,-1;70,-34,22;72,0,1;83,-7,16;102,-15,8;130,-16,21;132,-8,5;138,4,-4;140,-77,81;145,68,-73;155,-81,79;172,71,-60;182,-7,5;192,-1,8;196,-5,2;200,-65,46;224,47,-27;390,-111,304
rua||dos pinus|village paineiras|12421500|4,-2295412,-4547937;25,7,-17;30,9,14;48,15,15;53,7,1;81,36,17;108,-18,8;125,33,15;126,-17,7;135,38,9;141,-9,0;150,-9,4;165,6,10
rua||dos puris|parque sao domingos|12410380|20,-2293597,-4545473;26,-7,18;65,-2,26;80,-28,11;100,0,4;149,-30,55;151,-6,13;155,-2,-2;161,-2,6;165,-4,2;172,-14,-1;180,9,-10;184,-4,5;190,-11,10;195,16,4;200,-19,7;205,6,3;206,-13,2;210,1,3;215,7,11;217,-5,4;218,-7,-9;220,-1,10;221,-2,5;230,-10,0;231,13,2;240,-14,4;241,10,0;264,-20,8;265,5,12;274,-10,5;275,15,3;281,-23,7;284,0,2;287,7,3;294,-11,1;297,1,7;300,-5,-3;309,5,8;310,-9,-1;335,-11,23;350,-13,4;355,6,9;357,-3,2;360,-6,-5;361,3,7;364,-10,2;365,5,6;375,-5,6;376,-4,-5;386,-7,4;390,-3,1;411,0,26;437,-17,24;443,-5,-1;444,-9,2;449,5,3;454,-1,-7;461,-6,20;1231,40,-57
rua||dos puris|vila prado|12410380|480,-2293858,-4545107;481,5,8;482,-6,-8;491,3,6;500,-7,1;501,-1,13;508,-6,1;510,-10,9;514,3,-11;519,1,12;522,-8,6;525,14,-6;530,-17,10;531,10,-6;541,-27,24;552,40,-47;570,-35,43;580,-21,-1
rua||eliana moreira da silva peixoto|residencial village splendore|12424021|460,-2294816,-4549250
rua||eloi pinheiro|crispim|12402200|10,-2291634,-4544974;18,-1,-7;26,10,0;32,-5,-9;40,8,-6;46,-5,-6;54,15,-7;60,1,-1;70,3,-8;76,3,-9;84,-4,-7;90,3,-4;100,10,-4;106,-2,-11;114,-4,-3;120,14,-8;130,2,-11;136,-22,-19;144,30,8;150,3,-9;160,2,-4;166,6,-5;174,0,-11;180,5,-5;190,3,-10;206,4,-4
rua||estado da paraiba|conjunto habitacional terra dos ypes 1|12443160|81,-2289756,-4537708
rua||estado do para|conjunto habitacional terra dos ypes 1|12443530|10,-2289338,-4537149;11,-11,-6;22,6,21;23,-4,-1;36,13,7;37,-7,-9;45,5,13;55,8,-23;56,-3,64;64,5,-30;65,-5,13;69,7,-6;73,3,-2;74,-16,-5;80,-2,15;87,-39,-24;93,65,25;96,4,15;98,-10,-3;106,10,15;119,12,-8;126,4,10;127,-1,2;137,-16,11;138,-2,-5;148,23,20;149,-5,-10;157,16,9;158,-5,-12
rua||estado do piaui|conjunto habitacional terra dos ipes 2|12443410|21,-2289150,-4537485;45,-33,-16
rua||fernandes marcondes pereira|residencial comercial vista alegre|12442200|37,-2294470,-4539267;45,-19,5;49,3,-4;51,5,1;55,1,3;63,15,-1;65,4,-7;69,7,-2;73,0,-2;79,11,7;83,1,0;89,6,3;93,4,-5;103,4,2;107,6,-4;115,6,5;117,1,-1;125,8,-6;129,2,2
rua||fernando alencar pinto|jardim imperial|12412180|30,-2294509,-4546046;154,15,-1
rua||fernando alencar pinto|ouro verde|12412180|15,-2294236,-4546038;17,-4,4;19,3,-6;83,-44,-11;86,27,-1;133,-11,1;174,-22,1;178,-7,-1;180,-9,3;183,8,7;184,-13,-4;194,2,-2;195,-36,10;205,26,-2;206,-6,-13;212,-3,1;215,-9,12;237,-20,-5;252,-56,-6;253,50,9;260,1,-10;270,-15,2;278,-1,-4;282,-3,0;286,-14,1;288,2,3;290,-13,-2;322,-11,11;326,-17,-4;331,79,2;338,-82,-12;350,-21,3;375,-14,12;385,-12,3
rua||fernao dias pais|conjunto habitacional terra dos ipes 2|12444300|34,-2289560,-4537839;35,6,-1;36,-10,-5;39,9,13;43,3,9;48,-6,-12;63,6,18;76,-4,19;77,5,2;87,3,3;90,-15,7;91,14,4;105,3,10;118,1,7;131,6,17;146,-14,-26;147,12,43;155,6,3
rua||francisco de oliveira penteado|chacara da galega|12422450|905,-2294064,-4548207;1159,42,110;1169,-4,-21;1220,8,-4;1225,-14,-4;1230,8,-9;1235,-14,-6;1240,13,5;1242,-5,-11;1243,-9,2;1244,9,-2;1245,-10,0;1251,-6,-4;1255,-2,-3;1264,12,-1;1270,0,-3;1275,-26,-25;1278,19,16;1284,-12,-20;1285,-6,8;1286,13,4;1291,-16,-17;1292,5,-7;1295,12,42;1298,-23,-55;1303,-5,12;1305,3,0;1316,-30,-72;1342,22,53;1370,0,0;1380,0,0;1390,0,0;1400,-19,-58;1491,48,110;1495,-2,1;1688,-35,-64;1696,8,11;1810,65,102
rua||francisco de oliveira penteado|vila rica|12422450|14,-2293505,-4547197;15,32,90;19,2,-7;23,-3,-7;25,-1,-2;35,-7,-10;45,-1,-3;51,-39,-89;59,-19,-13;75,47,76;79,-52,-92;82,-10,-34;85,-171,-300;86,167,294;95,10,33;96,9,-1;97,-10,3;104,4,-10;107,-13,-7;111,-3,-20;112,-174,-325;114,185,344;118,-25,-44;120,-1,-3;122,75,118;128,-6,-4;129,-11,4;130,-61,-127;134,66,117;144,-49,-89;145,36,86;147,0,1;150,-42,-87;155,2,-3;165,0,-3;174,-9,1;184,-29,-63;185,14,33;186,6,3;190,0,-4;195,33,77;196,-37,-80;207,-12,-18;211,-5,-2;215,-6,-5;244,52,88;275,-28,-51;287,-7,-18;295,-2,0;304,3,-6;310,1,-11;511,-103,-148;519,-4,-23;520,1,-12;521,1,13;530,1,-12;531,-8,1;545,-8,-20;556,4,-1;559,-8,-3;563,-9,-14;570,10,5;575,-5,-5;580,0,-5;599,-24,-27;605,-3,-8;609,-3,-6;621,-7,-5;622,15,8;633,-30,-39;636,30,33;644,-6,-6;645,-11,-1;646,9,-8;655,-12,-6;656,8,2;660,-2,-8;665,-9,1;676,5,-9;680,-7,-5;683,-6,9;685,-3,-6;686,11,-6;696,-7,-4;701,-8,-4;703,-5,-3;706,12,-4;712,-3,-8;714,-11,-15;715,-1,16;716,10,-5;718,-14,0;719,-3,-6;731,-3,4;732,7,-14;734,-2,2;735,-13,-6;736,6,-11;738,-7,-14;742,7,26;746,5,-8;750,-80,-132;823,13,11;873,-4,18;883,-7,-5;884,-1,-22;885,-3,22;892,-54,-137;893,48,128;894,8,-17;896,5,14;898,-64,-133;900,58,114;903,-3,14;906,-57,-128;907,19,67;909,13,-4;912,-44,-62;913,63,113;921,-6,-6;929,-1,-5;930,12,1;932,-7,-11;935,-6,-1;940,4,-1;942,0,-1;945,-12,7;952,6,-17;953,-5,7;960,3,-12;961,-15,-7;964,12,5;972,-13,-3;974,8,-9;975,-10,1;978,-6,-6;983,2,-4;984,1,-3;985,-1,-3;986,-14,-27;996,11,24;997,-5,5;999,-2,-4;1000,13,-1;1001,-12,-4;1003,-4,-4;1009,-1,1;1010,13,-3;1012,-5,-6;1013,-6,-1;1014,-2,-4;1015,-4,-3;1034,-4,-10;1044,-3,-5;1050,-2,-11;1051,-8,-6;1054,4,-1;1060,2,-1;1061,-7,13;1064,1,-20;1066,-6,-1;1069,7,20;1074,-3,-28;1075,-13,-1;1078,11,-4;1085,8,21;1088,-8,-22;1100,-2,-4;1110,-12,-19;1111,-6,17;1116,9,-8;1119,0,14;1120,-8,-34;1122,-3,-5;1123,-3,22;1130,-10,-33;1131,11,21;1133,-17,-21;1139,12,13;1140,-7,-15;1145,5,11;1150,-2,-20;1157,-3,13;1161,-8,-14;1165,-3,0;1174,9,-4
rua||francisco piorino|centro|12400420|15,-2292713,-4545947;21,-23,20;25,5,15;26,19,-8;27,-28,8;35,6,-7;37,8,10;38,6,-9;40,-2,0;44,4,7;49,-12,15;54,11,-8;55,-19,6;59,21,3;62,2,10;69,-7,0;70,17,12;71,-16,-18;77,-4,31;97,13,0;107,3,18;119,-3,10;130,-4,7;131,2,8;135,1,7;140,-6,7;181,10,14;186,-8,8
rua||geraldo peixoto|loteamento marieta azeredo|12441560|31,-2292234,-4536715;34,-3,4;35,-7,-10;40,2,0;45,0,-61;46,4,58;49,-12,7;50,15,-15;53,-5,-4;56,6,0;59,-10,-2;64,2,-8;65,-6,2;72,7,-6;73,-8,-5;78,9,0;79,-11,-5;102,1,-2
rua||godofredo pestana|campo alegre|12410740|13,-2293668,-4546191;22,-2,11;29,5,11;31,-2,2;32,0,2;39,1,6;42,6,-1;43,-6,1;49,-5,15;50,2,-6;51,7,1;58,-2,12;60,3,1;61,-6,1;63,5,9;68,-3,-7;74,-1,7;79,-2,17;82,-3,-13;86,5,7;91,4,9;96,0,3;99,-4,0;104,2,31;106,0,-5;109,4,-15;113,-4,5;123,-1,8;127,8,5;135,-2,10;138,-3,0;141,3,1;147,5,11;149,-1,3;158,-2,-2;163,3,0;168,-7,18;180,1,16;217,6,36;219,-1,-9;221,-3,12;239,4,2;243,6,10;261,0,18;262,-13,-8
rua||guilherme jose gama pestana|campo alegre|12410650|15,-2293720,-4545882;18,-7,0;20,0,36;26,9,-3;27,-4,-18;30,3,23;48,-9,-12;49,8,-2;69,-1,24;79,0,10;80,-5,6;86,0,12;89,4,-7;90,-4,-57;96,-3,25;100,3,45;102,0,8;106,-1,10;108,-2,-46;109,6,34;111,3,13;115,3,-25;117,-3,2;119,4,5;123,-10,13;125,7,17;126,-8,4;135,9,1;138,-9,6;145,10,6;148,-9,-1;154,-4,7;160,5,12;168,0,6;202,8,-19;208,-5,39;228,1,50;231,8,7;233,-7,-47;234,-5,-25;235,11,90;237,4,-18;239,-6,-33;241,-5,3;243,13,35;245,-9,6;257,2,11;267,-4,5;279,5,6
rua||haras paulista|jardim santa luzia|12411110|11,-2293206,-4545070;34,42,-160;54,-3,5;84,-1,13;86,0,6;94,-5,8;98,-3,7;102,0,4;106,-3,3;112,0,11;116,2,0;125,-7,8;132,-10,51;135,7,-43;150,-3,10;158,1,4;164,-9,19;172,1,-2;181,-3,30;186,1,-20;200,-9,20;201,6,1;210,-13,10;220,-1,13;246,-3,12;256,-8,15;259,6,6;265,1,12;266,-8,-9;275,4,11;276,-7,-9;280,-2,16;281,1,-1;285,13,-22;286,-16,21;291,3,6;310,-9,25;314,-3,7;320,-2,-1;330,31,-75;338,-35,86;346,-1,1;350,-3,9;352,-3,7;364,-1,5
rua||haras paulista|santa luzia|12411110|71,-2293144,-4545263;374,-122,331;380,-1,11;382,-3,5;384,0,5;391,0,1;393,-9,4;394,6,-1;395,-1,20;396,5,-10;398,-9,3;399,5,-5;400,-2,5;416,-5,10;420,-2,5;430,-1,6;436,2,4;442,-1,20;448,-6,-7;453,1,7;454,-4,-3;456,-3,2;458,-21,6;520,35,-38;599,0,16;613,-8,4;615,1,8;621,-5,10
rua||joana guedes pereira|residencial nova esperanca|12426230|1,-2295086,-4549958;2,-4,3;3,6,-1;4,-3,6;11,-4,-2;12,-9,10;13,10,-12;14,-5,19;29,-25,-16;43,14,-12;45,-6,3;53,4,-13;63,3,3;65,5,-17;71,8,0;79,-11,6;85,13,-15;92,17,-5;93,-14,3;98,20,-11;101,-17,1;114,19,1;120,6,-8;126,1,-2;132,6,-6;138,1,-5;144,5,-4
rua||joao baptista passos|campo belo|12400679|14,-2293012,-4547019;15,1,0;18,10,-6;25,-5,-1;26,0,2;34,13,-3;35,-4,2;41,11,-10;42,48,-5;44,-49,5;52,-1,-1;53,6,-4;58,9,2;74,2,-6;85,-22,-16;97,1,-9;100,16,4;121,-32,-17;129,-6,-3;135,-1,-11;161,-25,-6;200,57,32;206,12,4;350,12,20
rua||joao baptista pereira|araretama|12424060|16,-2295471,-4550535;18,1,-13;20,-6,14;40,3,-19;50,7,-8;60,0,-7;64,0,-3;74,6,-14;90,10,-16;95,-8,22;97,-4,-2;100,10,-14;102,7,-47;105,-3,22;107,-6,14;109,11,-31;110,-3,11;111,2,-20;114,18,-26;146,-16,21;152,5,-7
rua||joao de deus pinto|feital|12400050|53,-2293970,-4539326;59,11,-5;74,9,4;82,4,-2;85,8,-4;126,-50,10;135,93,-12;163,36,-4;176,-4,12;177,18,-12;185,13,0;193,4,-2;217,12,2;241,12,-3;316,80,6
rua||joao maria pires|santa cecilia|12411360|115,-2293130,-4543387;121,2,3;127,8,-7;131,12,-2;137,-5,-5;141,9,2;155,14,-1
rua||joao maria pires|santa cecilia|12411680|30,-2293195,-4543374;31,-5,-6;50,21,-2;170,228,-26;192,-102,15;212,18,0;219,2,-10;220,12,9;222,5,-4;229,-8,-4;230,13,6;234,11,-1;238,16,-2;239,-32,3;251,15,-6;259,8,-4;270,3,8;282,11,-3;286,13,-1;300,2,-4;316,18,2;322,-4,-1;326,16,-3;332,0,2;338,7,-3;340,9,2;360,8,7;364,7,-6;368,6,0;372,5,-9;376,3,4;380,4,1;384,3,3;388,5,-1;392,11,-3
rua||joao pessoa|conjunto habitacional terra dos ipes 2|12444250|34,-2289434,-4537879;35,1,14;48,5,11;49,9,-10;51,-7,6;62,2,12;63,8,-11;73,3,19;75,-1,-4;76,-11,6;91,20,16;95,1,4;102,2,23;104,-11,-21;118,4,15;119,4,-5;122,5,3;132,0,20;133,-1,-12;137,7,17;144,-10,4;147,7,1;148,0,6;159,9,5;160,-5,1;161,5,-2;162,-12,12;167,20,-5;495,-46,-119
rua||joaquim mariano de paula|loteamento triangulo|12413100|6,-2294509,-4542142;8,195,197;9,-168,-181;12,49,22;15,-5,6;16,18,10;17,4,0;21,106,162;22,-70,-134;23,11,10;25,32,52;27,-8,-19;28,5,4;30,11,25;57,6,26;83,-12,-37;131,-22,-26;135,3,1;151,-10,-22;155,8,15;187,-34,-32;193,-61,-50;207,51,39;210,10,4;215,-2,-1;277,-65,-43;293,-6,-2;295,-9,-4;297,7,-9;299,-14,4;309,-8,3;335,81,35;351,-106,-64;375,73,47;423,-50,-23
rua||jose alves palomas|boa vista|12401070|32,-2292255,-4546849;41,3,-17;42,16,13;52,9,9;53,-10,-23;58,9,14;61,-3,-14;66,5,8;67,9,-6;76,-1,11;77,2,-17;86,11,10;91,8,-8;96,0,7;99,9,-11;100,1,11;109,4,-7;110,-1,4;123,11,-6;125,7,-5
rua||jose cassiano da palma|vila sao benedito|12445240|2,-2288753,-4538331;8,-13,4;10,-201,37;11,164,-31;15,19,9;20,-179,19;25,152,-28;28,-93,22;30,-48,1;35,129,-22;40,-116,20;41,-1,3;47,106,-21;49,16,-6;61,-25,6;71,-15,3;72,-8,0;73,0,3;80,-87,10;84,7,-3;85,92,8;86,-90,-4;87,36,-17;88,18,1;89,-23,2;90,-21,11;92,21,-4;116,17,-8;129,1,12;302,36,-7;306,7,-7;310,28,-2;320,20,-9;322,-39,10;330,45,-7;335,4,-4;340,17,3;350,-42,7;360,53,-13;380,1,2
rua||jose paparazo|loteamento triangulo|12413060|11,-2294233,-4542258;16,4,4;22,3,12;30,3,-2;44,4,10;52,4,1;53,5,1;55,2,6;56,7,12;57,-19,-26;58,14,18;61,0,0;70,10,2;79,2,9;84,-8,6
rua||jose portes|residencial portal dos eucaliptos|12444390|316,-2289990,-4537977;318,-60,-231;471,-54,-190
rua||jose portes|residencial portal dos eucaliptos|12444396|318,-2290065,-4538325
rua||josias pereira|lessa|12422400|339,-2293723,-4547310;361,-32,23
rua||josias pereira|vila rica|12422400|22,-2293479,-4547473;165,-197,135;220,-25,21;226,8,-5;232,12,-6;235,42,-29;240,-74,31;259,249,-150;260,-25,13;276,-184,113;296,-13,10;300,-13,9;330,-26,34;346,-13,-3
rua||juliano saquetti pereira|andrade|12402295|30,-2291695,-4544132;46,-11,-10;51,-3,6;59,-7,-5;60,-6,-10;66,1,-1;71,-7,0;77,-4,-2
rua||junercio ferreira paiva|araretama|12426090|11,-2295331,-4550011;13,-86,-79;15,165,152;23,-170,-158;25,167,151;29,-2,1;39,-116,-106;43,103,95;45,-162,-152;51,-6,-2;53,164,151;57,-89,-84;63,-86,-77;67,161,147;69,-166,-152;71,163,148;75,-167,-154;81,80,76;85,79,70;87,-169,-155;93,-4,-4;95,168,153;99,-89,-80;105,-92,-81;106,4,-1;109,161,155;113,1,-6;123,-8,0;127,-2,-12
rua||lourenco prolungatti|real ville|12421872|69,-2294643,-4549036;2500,-15,23
rua||luiz carlos pyles|village do sol|12405277|2240,-2292239,-4543552
rua||luiz fernando picca|araretama|12423020|17,-2294681,-4551173;19,85,-23;23,-85,23;25,9,-1;26,38,-9;29,-32,8;34,-18,3;35,35,-8;36,-24,5;38,8,0;40,9,0;41,4,-4;42,1,1;43,11,-2;45,3,-6;46,1,20;48,-12,-13;50,9,0;51,26,-6;52,11,-3;53,-2,-8;54,6,-2;55,-31,10;56,34,-6;60,2,-5;64,30,-12;66,3,2;68,6,-8;69,-37,16;71,14,-5;88,16,-7;91,-11,3;92,42,-19;94,-7,3;95,12,-3;100,-40,21;125,37,-33;127,2,0;148,8,5;160,2,-5;177,2,7;178,6,6;179,-3,-3
rua||luiz guilherme monteiro pinto|feital|12400050|50,-2293961,-4539280;70,-1,26
rua||manoel jacinto pereira|bosque|12401170|11,-2291732,-4545910;23,-1,61;25,1,-17;40,8,3;44,3,-6;54,-2,-8;55,-7,-10;58,1,7;59,-4,-9;70,1,2;90,2,-23;91,3,16;92,-8,-3
rua||marco polo|conjunto habitacional terra dos ypes 1|12443650|21,-2290106,-4537477;27,2,10;31,0,12;37,1,-1;41,-13,0;47,0,0;51,-7,7;57,-6,-1;61,4,-2;65,-3,5;71,-9,-9
rua||maria aparecida marcondes pereira|araretama|12423110|6,-2294597,-4550606;13,-42,-23;15,-7,-1;22,-75,-33;26,36,15;28,115,60;30,-2,-1;34,-105,-56;40,-7,-1;44,-1,-4;46,101,52;47,-112,-58;52,106,57;60,1,-2;70,-122,-61;78,105,53;80,-8,-5;84,-110,-58;90,107,55;95,-58,-85;105,-100,9;107,-9,7;110,148,58;122,-141,-73;142,149,80;186,-68,-32;190,-1,-4;194,-7,1;201,-6,-1;207,-1,-2;214,-9,-8;228,-6,-5;232,-4,-6;251,-22,-1;253,-5,-4;255,-7,-3;257,12,9;258,0,-9;267,77,41;268,-87,-48;282,-9,-4;304,197,103
rua||maria aparecida marcondes pereira|pindamonhangaba|12423110|25,-2294566,-4550584;27,-3,-2;43,-18,-8;49,-3,-4;53,-4,0;61,33,16;63,-44,-23;69,-5,-2;73,-8,-3;83,-8,-3;85,-3,-4;103,-13,-6
rua||maria augusta da silva pouza|residencial vale das acacias|12440560|48,-2291416,-4536936;52,-6,1;53,21,-5;58,-23,8;62,-10,8;72,-3,-1;84,-11,-2;102,-10,2;104,-5,5;112,-16,-2;134,-18,10;140,0,-3
rua||maria lopes pereira|mantiqueira|12446050|10,-2289032,-4536895;12,60,-4;16,0,8;22,12,5;31,-4,10;34,1,1;35,5,3;44,-1,8;47,7,3;57,0,11;64,-1,6;65,5,1;72,3,9;73,1,-1;78,-1,-9;79,4,14;84,-4,4;89,7,8;94,-5,0;100,7,17;101,1,-1;111,7,6;112,-6,-4;125,8,12;128,-5,5;130,5,13;133,20,-7;139,-15,1;143,-4,9;149,0,5;153,5,1;159,-4,12;162,8,-1;168,-3,-1;170,-2,3;174,4,4
rua||matheus da costa pinto|alto do cardoso|12420130|51,-2293848,-4546230;63,-10,-13;79,-5,-5;82,2,-10;87,-5,3;93,-7,-9;96,8,0;97,-10,1;104,-2,-9;105,-5,-2;109,0,-2;117,-1,0;125,-9,-7;153,-14,-21
rua||olimpio correa penina|vila sao joao|12445140|20,-2289275,-4539082;25,-1,-2;26,11,-3;27,-1,-5;40,7,1;45,1,-6;50,7,2;55,0,-6;61,5,-1;69,7,-4;82,14,-4;83,-3,-4;89,6,-1;90,5,1;95,3,-5;98,2,2;99,1,-5;108,7,1
rua||padua|residencial village splendore|12423830|12,-2295260,-4548833;15,-41,12;34,27,-19;60,-25,6
rua||palermo|residencial village splendore|12423816|1,-2295257,-4548994;15,7,285;29,0,-10;30,4,-30;57,-7,5;64,8,-48;71,-10,31;92,10,-57;97,-10,32;120,9,-62;194,-1,-47;228,0,-26;259,-9,-27
rua||panama|mantiqueira|12445520|48,-2288736,-4537576;54,-15,-17;56,4,-15;58,-1,-9;62,0,-20;65,-3,58
rua||panama|vila sao jose|12445520|6,-2288756,-4537644;16,-2,20;34,-1,11;44,-1,10;68,1,-19
rua||paraguacu|moema ville|12412816|32,-2296152,-4545849;70,4,37;82,-3,8
rua||paraguai|residencial pasin|12445550|20,-2288998,-4537444;30,-9,4;31,15,-12;40,-2,13;41,13,-11;51,15,-14;60,-6,26;90,10,24;91,1,-40;92,14,14;93,5,-8;95,2,-2;98,10,11;121,1,-5;127,2,3;130,4,1;133,1,-5;140,-1,7;160,8,0
rua||paraibuna|cidade nova|12414290|56,-2295139,-4540852;67,1,0;74,-98,48;76,18,-3;180,-10,-3
rua||parma|residencial village splendore|12423824|73,-2295060,-4548996
rua||particular|bom sucesso|12404010|2,-2288942,-4554569;7,6,31;40,288,-1007;50,-14,-9;66,-20,-7;80,-4,3;83,24,14;93,-24,-9;95,-23,-10;97,-3,-4;100,7,1;108,-26,-20;520,-228,967;12125,-11,934;12830,361,-1832
rua||pedro pires|carangola|12403550|15,-2292178,-4544290;17,-4,2;20,3,36;21,-9,-6;25,-2,-1;28,11,3;32,-2,-6;35,-9,3;36,6,-17;41,0,8;44,5,-4;51,-5,-1;57,-3,-13;70,7,-9;73,3,5;80,-1,-14;86,-2,-12;87,-2,-1;98,5,-2;112,10,-9;116,-9,7
rua||perdiz|parque das nacoes|12424785|23,-2295577,-4547290;43,-6,21;62,-41,14;63,21,-2;80,-25,15;103,16,14;123,-15,26;142,-41,28;143,37,-2;160,-54,28;163,33,-22;183,-7,15;203,-11,22;223,-7,15;270,-13,28
rua||peru|parque das nacoes|12420470|23,-2295027,-4546472;95,-21,-6;97,-2,1;175,8,4;228,-11,-3;231,-77,3;236,70,-7;242,-2,-1;246,0,-1;264,-18,8;277,-18,-6;283,0,3;285,-7,2;291,6,6;292,92,-47;295,-103,39;301,-7,13;303,-7,6;305,-1,-6;306,10,-17;308,15,-4;310,-13,4;312,15,10;318,-30,-4;324,10,-4
rua||petunia|condominio laguna|12411712|12,-2293461,-4542679;20,14,-6
rua||pichorore|parque das nacoes|12424820|20,-2296094,-4547264;44,2,24;65,20,18;68,-6,3;83,12,22;94,-14,23;123,11,14;141,7,13;165,10,23
rua||pinina|marica|12411480|24,-2293271,-4543146;26,-1,13;27,-8,-7;30,-130,38;32,6,0;33,48,-25;36,108,-14;38,-150,32;43,2,-5;45,3,-3;47,11,0;48,-11,7;52,6,2;53,9,-8;62,70,-14;63,-63,10;67,1,-2;70,8,8;73,2,-11;78,1,7;80,3,0;87,10,0;89,3,-4;91,8,0;93,-7,-1;95,0,0;100,12,-3;101,-14,3;119,11,-13;129,19,10;131,9,-3;133,-6,-4;144,7,1;148,3,4;166,13,-7;170,6,-1;174,5,1;177,-14,1;178,20,-1;185,5,-18;186,1,11;198,5,13;204,5,-12;205,-21,9
rua||piquete|conjunto habitacional terra dos ipes 2|12444120|25,-2289490,-4538196;37,7,-9;39,6,-8;40,-1,-1;50,48,-76;52,-39,63;53,-1,-2;67,1,-4;68,10,-6;70,6,-7;76,-1,-5;80,4,-5;81,-10,12;95,6,-12;96,11,-8;105,-7,-5;106,10,-1;109,-7,-3;110,13,-3;123,-9,-3;137,10,-21;138,17,-2;139,-21,12;141,15,-28;145,4,-2;148,-7,5;151,-8,15;152,12,-22;166,8,-5;180,12,-10;182,4,-4
rua||pisa|residencial village splendore|12423819|39,-2295192,-4548806;61,3,-13;75,-6,-11;95,0,-24;146,16,-74;206,-3,-59;217,-9,-5;234,10,-22;246,-16,2
rua||pistoia|solorrico|12415160|40,-2295978,-4540741;43,30,-14;44,-79,27;45,0,2;46,12,-6;47,8,-4;48,13,-2;49,8,-4;61,17,-6;119,24,-8;125,-15,8;126,-25,5;705,15,-5;706,8,3;707,8,-8;708,9,-1;709,8,-2;710,2,-7
rua||pitangueira|jardim eloyna|12413510|15,-2295014,-4541075;16,-8,-14;17,-1,0;18,-6,-9;30,13,17;32,-2,-5;34,-32,-38;35,14,13;36,4,6;37,7,9;40,11,21;41,9,9;42,-5,-9;53,-18,-19;69,-11,-20;71,1,4;88,-6,-12;90,-6,-5;92,1,-9;96,0,1;105,-7,-2;109,5,8;118,-6,-13;721,9,14;725,-14,-12;727,-4,-10
rua||ponciano pereira|jardim eloyna|12413430|1,-2294995,-4540945;2,-7,-13;9,43,63;11,-96,-157;12,-118,-173;15,43,68;26,63,93;27,-10,-16;41,137,216;45,12,17;50,-17,-30;55,1,4;56,8,3;60,-75,-100;65,44,63;68,20,24;71,18,32;72,-11,-37;78,-51,-62;79,40,64;88,7,-1;90,-5,1;92,-30,-47;94,-2,0;95,16,33;96,-21,-45;100,-10,-17;104,-31,-23;105,7,-12;110,61,104;118,-13,-29;120,8,13;124,-1,-6;125,-16,-11;129,2,3;130,8,11;131,-4,-5;135,-14,-19;141,-3,-6;197,-26,-35;208,15,9;212,-100,-135;213,77,117;214,-80,-126;219,79,119;227,-9,-11;231,12,21;237,-18,-26;247,0,-9;271,-28,-36;285,12,12;297,-20,-18;299,11,0;307,-13,-13;308,7,0;311,-17,-11;312,9,4;313,-13,-10;315,12,18;319,-5,-6;323,1,-2;326,-2,-16;330,4,12;334,-8,-20;338,-3,-5;340,-8,-7;375,-5,8;395,-37,-56;401,13,23;403,-5,-14;431,-1,10;435,-12,-23;445,0,-6;451,-10,-12;476,-2,-18;478,3,-4;481,81,142;484,-62,-104;490,-2,-6;491,-29,-20;495,-1,-14;500,24,30;501,-30,-39;504,127,170;511,-136,-176;513,7,2;514,-1,-6;520,-3,-9;530,13,20;531,-21,-17;533,-10,-14;535,13,16;537,-7,-7;539,-9,-13;545,-1,-2;550,40,41;553,-44,-47;555,-5,-5;564,59,79;575,-72,-104;600,-10,-7;770,-43,-90
rua||portugal|bela vista|12412540|110,-2295635,-4546070;121,1,10;130,-1,1;150,4,2;156,-4,7;170,-11,15
rua||potenza|residencial village splendore|12423827|43,-2295269,-4548674;60,-4,13;70,13,-11;128,32,-38;145,18,-51;186,21,1;200,55,-81;214,-39,62;228,8,-9;249,2,-16;271,23,-30;296,11,-1;310,14,-13;338,17,-22;370,19,-25;380,3,-5;446,38,-46;462,12,-13;477,14,-33;492,0,14;505,16,-29;506,4,17;519,4,-33;548,8,2;562,13,-14;575,14,-32;576,-10,24;588,9,-11;589,6,-17;602,4,6;617,14,-29;630,4,4
rua||potim|conjunto habitacional terra dos ipes 2|12444060|14,-2289712,-4538202;26,-1,-4;40,1,-20;54,-3,-13;60,5,-7;82,0,-6;96,3,-22;100,0,5;106,-1,-13;110,1,-6;124,-1,-12;138,1,-8;166,12,-22;168,-7,-10;171,-2,-7;180,3,-8;182,2,-8
rua||primavera|andrade|12402281|28,-2291667,-4544181;38,-7,5;48,-7,-10;54,-6,3;76,-9,-13
rua||primavera|condominio laguna|12411713|32,-2293387,-4542414;38,8,0;44,1,-4
rua||primula|condominio laguna|12411714|10,-2293490,-4542866;11,-3,-4;18,11,9;19,-5,-18;27,1,4;34,13,5;42,5,0;43,-2,-6;50,3,10;51,-2,-19;58,13,13;59,-1,-9
rua||projetada1|piracuama|12404010|2,-2289074,-4552325;3,-11,9;5,-27,25;7,-47,45;8,-18,17;9,-16,17;11,-74,70;13,-31,26;14,-11,12;16,-39,25;17,23,-29;18,21,-6;19,21,-25;20,18,-18;21,18,-11;22,13,-15;23,20,-20;24,38,-32;25,17,-13;26,7,-11;27,23,-17;28,14,-13;29,29,-25;476,27,-28;1159,-222,213
rua||projetada|residencial comercial vista alegre|12441420|1,-2294054,-4539364;2,-23,-2;16,-53,10;18,-9,-2;20,-11,-2;28,57,-3;60,-178,10;70,67,-2;80,114,-7;96,-15,0;97,-18,-1;110,53,-5;119,-151,14;120,-13,3;123,-20,-3;125,-9,1;184,102,-6;186,-3,-1;188,-13,2;190,-8,0;192,-5,1;194,-3,0
rua||rafael popoaski|conjunto habitacional terra dos ypes 1|12443520|8,-2289300,-4537173;18,-1,-6;25,2,-3;29,4,7;34,4,-3;44,0,11;49,2,5;54,1,6;59,2,-3;60,2,8;65,5,-1;70,1,-2;79,4,9;85,-1,18;86,2,-22;89,9,11;104,13,17;109,-6,-4;115,11,17;118,-28,10;119,32,-12;130,11,7;134,-10,-12;139,2,22;144,15,5;149,-4,0;154,-11,-10;159,12,12
rua||rio paraibuna|conjunto habitacional terra dos ypes 1|12443690|34,-2289597,-4537054;44,21,10;54,5,-1;64,-2,19;74,2,10;88,3,4;100,-10,5;110,4,22;120,-3,-8;130,5,10;140,9,17;150,-16,-7;160,1,30;170,-13,13
rua||roberto morgado pereira|vila sao paulo|12405592|16,-2292358,-4543255;22,-40,34;25,18,5;26,4,-8;33,-11,8;34,2,-5;41,-1,11;42,-2,-8;49,-9,6;50,-1,-9;55,-6,13;58,0,-9;63,-10,7;66,3,-6;74,-3,3;77,-2,4;82,-10,-9;85,-2,13;90,-3,-3;93,-5,2;98,-6,-7;101,1,9;106,-1,-11;109,-8,10;112,-9,-5;117,5,10;118,-10,-10;125,2,13
rua||salvador piorino|bairro jardim carlota|12443090|105,-2289831,-4536859;109,-6,-34;125,8,21;193,-5,-17
rua||salvador piorino|conjunto habitacional terra dos ypes 1|12443090|5,-2289821,-4536824;14,-3,-61;16,8,-23;20,4,106;78,-6,-70;85,-15,16;96,10,-30
rua||sebastiao pereira|araretama|12423240|3,-2294377,-4550381;14,4,5;16,-71,-101;20,-27,-46;24,36,55;26,-35,-51;27,5,11;28,7,5;31,-12,-18;33,35,62;35,-19,-38;36,36,63;38,-3,-2;40,20,36;41,5,9;42,4,4;43,6,5;44,8,11;48,10,13;52,-91,-144;60,45,74;65,-12,-16;74,-24,-39;76,-4,-9;82,10,20;83,6,-2;84,7,10;85,-2,3;86,9,2;87,3,4;89,20,38;90,1,2;91,6,1;92,7,2;93,-4,5;114,-39,-46;118,0,1;148,8,20;168,21,22;198,16,31;204,2,4;210,10,11;216,0,-1;311,-3,16
rua||therezinha de jesus nunes prado|araretama|12423760|1,-2294514,-4550517;2,26,-16;3,61,-48;5,-8,15;6,6,-2;7,2,-2;8,-9,2;13,56,-47;16,-86,74;26,3,-11;28,47,-29;36,-40,26;38,7,-9;42,2,0;86,35,-22;96,0,1;99,-7,-4;106,19,-1;136,-17,13;173,-3,-15;174,26,-6;178,2,-3;316,20,-12;317,7,-7
rua||victorio pessoti|shangrila|12415310|2,-2296722,-4540771;22,-124,-68;28,-2,0;50,6,2;110,16,14;135,121,46;138,-44,1;140,-7,-22;144,8,6;210,63,23
travessa|visconde|de pindamonhangaba|centro|12401011|23,-2292368,-4546403;25,4,2;39,14,-4;43,-2,-1;45,9,2;47,10,2;57,6,1;67,0,-4;75,20,12;81,5,-1;87,7,7;101,2,-8;111,6,9;119,10,3
travessa||das palmeiras|vila sao benedito|12404023|10,-2288701,-4538376;307,1,12;309,3,9;310,23,-17;311,-23,-5;313,4,-5;314,-7,45;316,-2,8;318,3,-17;324,49,-60;350,-14,32;353,4,-5;354,8,3;356,7,-4;357,-4,0;359,-25,-43;385,-21,32;390,3,-19;395,1,0;398,1,5;400,73,-33;406,-86,56;408,4,-23;410,52,-24;430,-41,13;440,18,-11;445,8,-5;450,8,-3;456,23,1;500,-18,11;502,42,-13;540,-31,7;600,34,-12;615,23,3;800,-118,96
travessa||joao maria pires|santa cecilia|12411682|13,-2292966,-4543388;55,3,42;181,-5,-27;406,0,-13;408,6,20;410,-7,7;422,1,0;500,2,-7
travessa||paulo cesar pestana|chacara da galega|12420660|137,-2293554,-4546579;148,-8,-6;173,-8,-22
travessa||pirapitinguy|moreira cesar|12441070|8,-2291976,-4535505;12,12,-16;13,-4,6;14,46,-13;21,2,37;33,-9,4;35,-27,66;70,22,-118;78,283,-233;79,-7,19;80,7,-27;83,-327,272;85,55,10;91,-59,-6
