alameda||das magnolias|condominio morro azul|13874851|49,-2196284,-4676095
alameda||das manacas|condominio morro azul|13874860|54,-2196254,-4675954;61,11,4;72,32,24;90,-16,-8;108,-13,-10;124,42,28
alameda||das margaridas|condominio morro azul ii|13874411|1125,-2195890,-4676564;1139,9,42;1140,-28,-20;1156,15,17;1169,6,7;1186,-12,21;1199,16,12
avenida|doutor|oscar piraja martins|jardim boa vista|13874000|91,-2197019,-4678810;355,-103,66;545,173,-109;557,-11,6;573,-31,18;585,-4,8;597,-10,2;627,-30,20;645,6,-4;657,-22,13;669,-4,0;719,-53,32;731,-8,6;741,-5,1;743,1,8;767,-18,7
avenida|doutor|oscar piraja martins|jardim priscila|13874000|777,-2197151,-4678729;791,-27,28;803,-13,9;827,-13,13;839,-14,8;855,-14,37;883,-17,24;902,-32,38;907,19,-21;910,-22,23;914,-4,26;951,7,2;960,-46,75;978,-2,17;982,-9,0;984,-3,12;986,0,-2;999,43,-47;1019,-22,11;1031,2,12;1055,-20,21;1120,-25,0;1122,-126,212;1252,121,-150;1286,-17,24;1334,-24,43;1346,-9,8;1358,-8,1;1442,-75,85;1454,-15,10
avenida|doutor|oscar piraja martins|jardim santa clara|13874000|1347,-2197438,-4678244;1393,-46,30;1405,-8,0;1415,-8,13;1431,-7,-2
avenida|doutor|oscar piraja martins|jardim santo andre|13874000|45,-2196866,-4678923;48,385,-266;109,-82,63;121,0,13;147,-24,20;162,0,-8;174,-46,-1;196,-89,115;197,92,-48;200,-4,-19;224,-19,19;250,-37,26;259,22,-17;262,-30,15;268,46,-13;274,-45,10;283,-11,15;288,-9,-3;295,3,9;307,90,-71;319,-108,86;328,114,-75;330,-149,84;331,25,-9;332,-29,11;334,-1,-5;340,163,-93;342,-172,106;344,-4,-7;346,1,3;378,-32,7;392,-2,23;394,-7,11;395,5,-16;398,1,1;400,-11,4;420,273,-175;439,-304,199;440,298,-217;441,-299,216;443,-3,5;450,-32,9;463,23,4;475,-19,9;487,-10,1;513,-13,16;870,-312,200
avenida|doutor|oscar piraja martins|parque das nacoes|13874000|1464,-2197528,-4678199;1466,-18,6;1478,0,-8;1640,-133,81
avenida|doutor|oscar piraja martins|sao lazaro|13874000|136,-2197035,-4678813;144,-12,5;546,89,-56;556,-11,7;564,1,11;570,-3,-3;576,6,10;578,-11,-3;580,-3,4;590,-10,0;602,-13,7;614,-7,4;628,-22,12;660,-23,14;664,2,1;668,0,0;676,-10,2;690,-19,12;702,-7,-2;776,-64,47;788,-16,8;800,-15,9;824,-4,8;836,-13,11
avenida|doutor|oscar piraja martins|vila santa edwirges|13874000|1457,-2197538,-4678187;1473,-20,15;1493,-44,11;1495,3,1;1497,-9,1;1499,4,5;1501,-4,1;1511,-9,7;1520,19,-22;1555,-51,41;1563,-13,13;1571,-9,-10;1577,12,8;1640,-44,11;1641,-16,20
avenida||lazaro pio magalhaes|jardim nova sao joao|13874137|64,-2197163,-4677645;76,8,-5;88,13,-12;126,27,-4;127,-15,-13;140,25,8;151,6,-23;152,9,13;164,7,3;180,17,-10;189,-2,-19;200,16,12;201,-6,-21;212,18,17;222,3,0;225,-1,-23;236,18,10;237,-5,-16;249,9,-3;250,2,20;261,7,-24;288,43,15;297,-12,-27;312,18,5;313,-13,-7;322,21,6;325,-4,-15;336,17,10;348,4,-6;349,0,-13;359,9,-1;360,8,6;370,7,5;380,9,-4;385,-2,-25;394,5,24;397,6,-26;403,1,-2;423,31,-15;471,24,4;479,10,0;485,8,4;497,5,1;505,8,-1;513,9,0;517,9,2
avenida||maua|nossa senhora de fatima|13872640|25,-2198143,-4681366;35,14,-13;37,-8,8;39,11,-13;45,7,-6;55,8,-6;59,4,-9;65,10,-9;83,7,-11;115,6,-11;125,-8,-5;135,21,5;145,-3,-2;155,18,-17;165,12,-11;175,-8,-16;201,18,8;207,-4,0;215,11,-7;225,4,-12;235,2,-6;241,10,-3;245,4,-3;249,-1,-6;253,4,-5;257,4,0;261,3,-10;265,0,0;269,14,-5;273,10,-6;275,-2,-6;277,6,1;279,-11,1;281,11,0;283,0,-10;285,3,-1;307,36,-21;323,-30,18;329,25,-2;335,-14,-7;341,5,-3;347,1,0;353,8,-6;361,3,-2
avenida||maua|nova nossa senhora de fatima|13872640|263,-2197798,-4681689;400,-111,87;410,5,2;420,15,-7;430,4,-9;440,10,-8;450,6,-5;460,6,-7;464,1,-5;470,5,-1;490,8,-10;500,17,-9;510,6,-3;520,1,-13;530,8,-7;560,38,-30;572,-8,4;582,9,-5;592,8,-8;602,4,-9;612,13,-6;622,7,-3;632,1,-5;642,8,-7;652,4,-9;664,19,-12;674,1,-2;694,14,-11;704,5,-2;714,10,-9;724,1,32;730,0,-1;734,9,-5;744,14,-45;754,9,1;764,11,0;772,4,-7;784,3,-2;794,12,-12;804,10,-9;814,2,1;824,16,-6;834,3,-4
avenida||maua|vila nossa senhora de fatima|13872640|22,-2198142,-4681362;40,10,-5;52,11,-9;80,0,-9;100,25,-25;110,12,-5;130,8,-5;160,10,-10;172,5,-5;176,1,-5;260,34,-35;270,10,-8;274,4,1;280,8,-15;290,3,-13;296,12,-4;300,9,-4;304,6,-6;310,3,-4;320,3,-6;330,18,-10;342,3,-10;352,10,-12;360,4,-1;372,7,-8;382,7,-7
avenida||treze de maio|jardim da gloria|13874235|865,-2198239,-4678715;885,29,8;901,138,117;925,6,8
avenida||treze de maio|jardim santarem|13874235|555,-2197715,-4677473;619,-17,67;639,2,7;669,-8,47;729,-22,95
avenida||treze de maio|jardim sao jorge|13874235|151,-2198876,-4679124;153,3,11;328,17,8
avenida||treze de maio|vila gomes|13874235|333,-2198768,-4679054;395,25,17;437,157,98
avenida||treze de maio|vila oriental|13874235|245,-2198383,-4678808;501,-174,-142;833,254,184
avenida||treze de maio|vila santa edwirges|13874235|89,-2197716,-4678001;125,5,9;151,15,51;159,12,12;189,-4,62;305,23,90;375,-19,66;395,-3,39;435,-6,19;461,-1,26;465,0,16;495,-3,12;529,-3,34;2063,-248,-848;2555,-2,-15
avenida||victor pinter mattos|portal da alianca|13876695|322,-2199226,-4676681;332,8,3;364,18,52;500,69,176
bairro||macuco|macuco|13879899|13,-2205367,-4670243
estrada||do macuco|macuco|13879899|13,-2204793,-4668937;14,-176,-83
estrada||municipal|jardim aurora|13872601|3686,-2201420,-4677314
estrada||municipal|rural|13879899|221,-2203174,-4679841
rua|capitao|maurilio massaro|jardim das acacias|13877004|120,-2200791,-4678112;128,-8,1;136,-13,2;144,-4,-1;152,-12,-2;160,-2,-1;168,-22,0;176,-4,-1;184,1,1;192,0,0;200,-9,-3;208,-20,1;216,-3,-1;224,-2,-2;232,-11,-3;246,-35,-13;254,-10,-4;262,-10,-2;270,-3,-5;278,-10,-3;286,-9,5;294,-6,3;302,-2,-5;310,-15,4;318,-7,5;326,-4,-3;334,-7,2;342,-6,4;350,-21,2;358,-1,-1;366,-3,1;374,22,-5
rua|doutor|bezerra de menezes|vila fleming|13876060|17,-2198906,-4678541;27,4,3;28,-1,12;30,8,6;32,1,0;33,1,-6;43,5,6;53,5,11;63,9,3;64,-3,4;66,1,2;67,-4,-1;77,15,2;78,-9,6;88,10,6;89,9,-6;97,10,15;98,-12,-2;105,16,10;110,-8,4;119,13,-2;130,9,20;142,8,9;147,5,-9;151,6,5;163,1,6;168,3,-5;173,2,8;174,0,9;184,8,14;189,3,-15;195,1,5;196,-3,12;203,11,-2;206,-4,11;215,10,-6;228,0,13;241,23,13;251,5,6;256,-7,10;261,16,-3;263,-2,1;274,7,13;275,2,-6;280,5,20;285,2,-15;320,4,18;330,10,8;338,6,7;342,6,1;350,4,6;360,3,6;370,3,7;380,4,11;390,-10,22;400,22,4;410,2,4;420,4,11;430,6,10;440,2,1;450,6,17;700,41,34
rua|irmaos|marcos|vila luzitana|13871240|7,-2198369,-4680738;13,1,4;19,5,10;20,-12,-9;27,11,15;39,2,12;49,0,5;50,20,67;51,-12,-64;54,-6,1;57,6,9;61,2,3;80,-4,11;85,7,9;90,3,12;101,-5,-14;123,18,53;145,-6,-10;163,14,39;173,-7,-6;175,-20,-73;177,1,-3;226,39,153;236,2,5;352,-30,-134
rua|madre|joana maria|jardim santo andre|13874228|72,-2197637,-4678381
rua|madre|joana maria|parque das nacoes|13874228|90,-2197605,-4678376;104,8,-6;116,13,-6;120,2,-7;125,-2,-4;127,14,-7;128,2,9;140,6,-7
rua|maestro|joao de melo|jardim sao nicolau|13876130|5,-2198663,-4678872;9,-5,-4;12,2,5;15,-11,-9;17,-2,-2;27,-2,-5;32,2,5;33,-8,-7;37,-6,-7;49,-6,-9;60,7,7;61,-15,-10;70,8,0;81,-17,-7;95,-10,-12;145,-27,-31;157,-8,-15;191,-40,-18
rua|professora|luiza milan|jardim boa vista|13871107|14,-2198279,-4679589;15,-9,2;20,7,-10;25,-9,2;30,3,-10;39,-11,1;44,5,-11;56,-9,-16;63,-23,-27;67,-2,-7;74,-2,-13;82,4,-2;85,-14,3;96,6,-13;97,-9,1;105,-3,-5;106,1,-12;111,-6,6;126,4,-20
rua|professor|nacip atalla murr|vila nossa senhora de fatima|13872667|8,-2197956,-4681123;20,0,-6;40,2,3;50,8,8;51,-15,-4;60,18,-7;65,-5,-10;66,15,7;70,0,-8;75,-3,-2;76,14,-4;82,-2,-3;87,-5,-11;90,8,3;97,-19,28;101,26,-45
rua|santa|maria|jardim nova republica|13875029|817,-2198536,-4677938;829,-12,6;841,-14,6;883,-23,20;895,-10,3;903,-6,6;909,-2,6
rua|santa|maria|jardim sao paulo|13875029|751,-2198486,-4677962;755,0,2;761,-7,1;769,-6,1;771,0,2
rua|santa|maria|vila brasil|13875029|30,-2197983,-4678267;36,-3,0;46,0,2;133,-29,25;134,0,-8;138,-8,5;141,11,0;143,-17,10;144,4,-10;154,-5,5;155,-6,6;172,-12,6;173,-8,5;177,9,-6;182,-12,3;185,-2,11;192,-14,-4;197,10,8;199,-6,1;207,-11,5;208,6,-1;240,-35,11;254,-5,5;259,-9,10;263,6,-4;268,-4,-5;270,25,-14;273,-26,23;278,-4,-4;296,-19,11;303,145,-98;309,-141,101;311,-15,3;320,4,3;330,-9,5;340,-14,10;374,-29,5;380,-4,3;385,9,12;390,-17,-8;395,10,8;400,-13,-1;405,3,8;429,-18,5;434,-10,3;435,-3,-2;444,10,0;445,-25,6;454,12,-2;455,-4,12;464,-4,-10;483,-26,26;505,3,-4;509,-11,14;523,-20,6;535,-8,7;544,-17,16;546,-23,-12;547,29,-1;549,3,-2;584,-30,20;587,22,23;594,-35,-25;603,11,1;628,-19,6;636,-11,5;638,2,3;640,0,2;642,-3,1;651,-20,11;652,5,-5;684,-31,12;698,-8,3;699,13,6;706,-16,5;711,-6,-4;713,10,8;714,-13,0;723,-1,7;726,-4,-2;828,-85,42;840,-7,8;854,-4,9;894,-42,16;906,-5,-4
rua|santo|mazzi|vila brasil|13875080|21,-2198562,-4678153;31,6,5;32,-2,0;42,3,9;43,3,-7;52,7,22;53,0,-5;62,-4,17;65,11,-4;78,-6,16;137,27,38;149,7,10;159,2,8;171,7,11;181,9,8;190,-18,-11;193,16,14;205,8,9;213,4,13;264,19,53;271,6,-11;276,-4,15;283,5,-1;288,8,18;291,3,-11;293,7,16;299,-3,-9;300,-8,14;303,6,-8;312,3,11;313,2,5;314,-1,-5;324,-1,16;325,6,-12;336,1,19;337,5,-9;349,9,16;361,-1,6;373,27,53;383,-17,-29;384,-3,11;389,11,-3;396,-6,12;407,4,-10;408,4,12;410,-4,-4
rua|sao|geraldo magela|perpetuo socorro|13870530|9,-2197688,-4679506;20,17,158;29,-1,-148;40,-6,196;50,-2,6;60,-9,23;65,-35,28;70,29,-38;79,-34,42;82,53,-91;89,-46,96;101,-17,17;110,11,-9;114,-8,14;125,-11,14;126,1,4;135,-8,3;138,11,-1;147,-15,13;150,4,4;160,-10,7;161,-3,-1;171,-3,10;184,1,8
rua|sao|marcos|jardim boa vista|13871108|2,-2198251,-4679686;5,-78,-36;8,-6,-13;17,65,43;41,-9,-5;48,-6,-1;52,2,-9;53,-8,-1;63,-13,0;65,-11,-6;68,11,-8;75,-23,-6;76,5,0;88,-1,-2;166,-36,-18;176,-7,-6;177,-8,3;186,3,-15;187,-7,2;191,-16,-2;193,-5,-9;195,-11,-38;196,28,38;198,2,-2;200,-20,-35;201,-10,1;206,13,-19;209,-8,13;216,12,-18;228,1,-24;229,-13,23;238,10,-13;241,-11,-14
rua|sao|miguel|vila santa adelia|13870333|17,-2196475,-4679406;22,5,-7;29,-6,-4;39,1,-11
rua||acacio mota|jardim cledirna|13871300|1015,-2197841,-4680811
rua||acacio mota|nossa senhora de fatima|13871300|23,-2197851,-4680810;27,-6,-1;33,-3,-4;37,-5,1;43,-3,-3;57,-19,6;72,0,-13;123,-67,87;133,8,-57;143,-4,5;170,-61,-18;177,28,13;180,-60,-4;223,-12,-12;224,-3,-2;225,-8,-4;227,-2,-2;233,-22,2;319,-3,-24;1015,265,27
rua||adeonofre mansi|jardim sol nascente|13874653|712,-2196926,-4675166;722,11,11;734,12,0;746,-1,4;766,17,27;778,8,8;790,3,7;800,3,4
rua||adeonofre mansi|recanto do lago|13874653|152,-2197079,-4675374;159,29,32;161,120,141;181,-98,-103;395,-242,-273;401,5,5;425,20,20;437,4,8;438,-12,-7;448,9,10;449,10,6;460,-3,4;461,13,5;477,40,14;504,-3,41;507,31,19;520,-13,8;525,29,12;552,6,30;584,46,41;605,44,34;637,47,60;648,-9,-7;751,138,148
rua||airton moreto|durval nicolau|13872304|13,-2197458,-4680997;14,-6,-5;23,7,12;24,-4,1;33,7,3
rua||alceu marcondes|nova uniao|13876299|21,-2201103,-4676397;31,5,13;39,3,11;47,7,9;55,3,4;63,4,6;141,7,92;149,0,49;165,-33,-11;173,-1,4;181,1,12;189,-2,11;197,-17,-8;255,-25,128;313,277,37;405,-162,100;501,165,-103;531,31,-50
rua||andre franco montoro|jardim america do sul|13875201|243,-2198199,-4677733;253,1,9;263,7,8;273,9,10;283,7,8;293,5,11;303,7,7;313,2,9;321,6,11;331,9,4
rua||andre franco montoro|jardim nova republica|13875201|117,-2198211,-4677732;145,-37,-67;155,8,5;163,1,12;171,5,4;179,4,8;187,3,9;193,0,1;211,7,10;256,20,21;266,7,18;276,5,7;286,8,13;296,3,7;306,6,6;318,5,10;328,8,13
rua||andre franco montoro|vila brasil|13875201|20,-2198330,-4677849;32,7,-4;43,13,3;44,-6,3;50,5,4;53,3,-2;58,0,7;61,11,-6;66,-4,2;69,10,7;74,1,-1;77,-2,0;82,6,7;85,6,-3;90,5,10;93,5,-11;100,-2,8;101,5,2;109,3,3;117,4,-2
rua||angelo marcon|jardim recanto|13871256|19,-2198588,-4680780;22,-5,3;25,9,3;28,-7,4;31,11,0;35,-4,9;36,4,2;40,-4,1;41,2,1;50,2,11;51,1,-3;54,-9,20;55,14,-10
rua||antonia de faria marin|parque universitario|13874601|17,-2196579,-4677462;22,0,19;36,11,8;60,18,14;81,12,7;105,14,17;108,5,10;117,4,-7;120,8,14;132,9,13;141,0,-13
rua||antonio jose milan|jardim vila rica|13876151|100,-2199217,-4678824
rua||antonio jose milan|jardim vila rica|13876161|63,-2199207,-4678825;77,-4,9;123,-29,46;400,-6,-113
rua||antonio macedo|jardim guanabara|13873086|2,-2195517,-4679622;3,33,-5;4,-24,4;5,31,-3;6,-20,5;7,34,-7;8,-23,6;9,28,-4;10,-20,3;11,29,-9;12,-22,14;13,35,-13;14,-17,9;15,27,-11;16,-23,15;17,19,-16;18,-6,15;20,3,-1
rua||antonio machado|centro|13870226|5,-2196642,-4679976;6,1,23;9,3,-15;21,1,-1;22,10,25;23,-11,-18;37,11,16;38,5,0;46,2,9;49,12,9;63,0,0;82,-2,28;86,7,-2;87,3,3;90,-1,4;92,-1,-3;96,10,-3;99,-2,5;104,4,12;105,-2,-3;111,3,6;114,-7,-7;121,12,14;130,98,188;134,-102,-184;144,6,10;179,23,41;182,-9,-6;187,13,7;188,0,9;201,10,1;206,-8,10;221,11,4;258,4,20;264,12,8;266,4,8;268,4,7;286,0,15;296,9,14;306,8,7;320,1,4;330,6,17;335,8,11
rua||antonio machado|rosario|13870226|263,-2196517,-4679755;273,6,11;309,13,25;313,-8,-18;321,23,38;333,5,17
rua||antonio mucin|jardim das paineiras|13874710|30,-2195470,-4672524;50,0,-17;61,-6,21;70,9,-38;90,-3,-17;105,-7,-15;110,7,-14;130,-3,-11;150,-1,-19
rua||aparecida de fatima cordeiro moraes|jardim aurora|13877057|6,-2201298,-4676934;7,1,-8;14,-8,-2;15,6,-6;22,-5,4;23,-6,-6;30,2,-1;31,-2,-5;38,6,2;39,-12,-14;46,-1,-3;47,1,1;54,-1,-7;55,-4,1;62,-4,-1;63,8,-11;70,-6,1;71,-10,-4;78,4,-6;79,0,-3;86,6,-10;87,-11,1;94,2,-6;95,3,-5;102,-5,1;103,6,-9;110,-18,-17;111,11,16;118,-10,-4;119,-1,0;126,5,-11;127,-8,-1;134,-4,-15;135,3,7;142,-6,-2;143,5,-3;148,5,-6;149,-15,4;162,8,-14;163,-13,-8;170,7,-4;171,-9,-4;178,6,-2;179,-13,-7;186,5,1;187,-2,-11;194,-4,-7;195,-5,-4;202,7,3;203,-7,-4;210,1,-1;211,-1,-7;218,-18,-50;219,12,45;226,4,-12;227,-13,9;234,12,-11;235,-15,-2;242,10,-5;243,-11,2;250,7,-13;251,-3,1;258,-2,-14;259,9,9;266,10,-34;267,-28,30;274,10,-9;275,-9,4;282,6,-15;283,-14,5;290,6,-8;291,-8,11;298,-2,-21;299,0,9;306,1,-14;307,-3,11;314,4,-16;315,4,12;322,-1,-18
rua||aref morgabel|nucleo durval nicolau 1|13872427|19,-2197472,-4681586;20,26,66;29,-24,-58;30,16,37;39,-16,-25;40,4,11;49,4,-5;50,-8,4;59,10,8;60,-3,-1;69,8,12;70,-1,0;79,18,14;80,-18,-11;89,14,13;90,-6,-1;99,4,10;100,-2,-2;109,14,9;110,-4,-1;111,12,16;119,-5,-10;120,0,9;130,6,5;140,-6,7;150,8,7
rua||aref morgabel|nucleo durval nicolau 2|13872427|27,-2197505,-4681631;28,6,0;37,-8,-5;38,5,-4;47,-14,-8;48,8,-1;57,-12,-2;58,4,1;67,-10,-12;68,4,5;78,0,-10;83,-12,-7
rua||argeu mazzi|jardim das azaleias|13876827|38,-2200025,-4677479;46,-16,-9;54,1,-11;62,27,20;70,-6,1;78,-7,3;86,-10,-2;94,-9,-2;102,-4,3;110,-7,-2;118,-6,3
rua||arlindo morandini|jardim sao thiago|13874089|23,-2196973,-4678423;27,13,6;36,-13,5;37,21,4;48,7,2;59,-2,-8;60,1,3;61,6,-4;72,-2,14;73,10,-14;103,26,13;112,4,6;113,-1,-8;125,11,7;126,-6,7;135,3,-5;138,18,4;145,11,0;155,3,-4;160,2,16;165,12,-1;170,3,-6;193,29,1;205,6,10;217,12,6;218,-5,1;221,1,-1;235,12,5;287,-28,-9
rua||armando geraldo massaro|jardim lucas teixeira|13876858|445,-2200402,-4678721;448,11,-20;453,-19,20;456,3,-15;461,-16,21;464,18,-21;469,-26,20;472,19,-18;477,-24,20;480,15,-16;485,-17,17;488,9,-10;493,-21,13;496,13,-13;501,-13,14;504,12,-12;509,-19,17;512,9,-14;517,-16,8;520,11,-4;525,-21,18;528,15,-14;533,-17,14;536,11,-14;541,-22,13;544,12,-2;549,-18,9;552,14,-8;560,-5,0;565,-21,9;568,13,-13;573,-18,14;576,14,-11;581,-21,13;584,6,-8;589,-12,8;592,9,-2;597,-16,9;600,14,-1;605,-21,6;608,10,-3;613,-17,2;616,17,-1;621,-25,-1;624,14,2;629,-18,-3;632,14,6;637,-23,10;640,10,-16;648,-6,12;656,-7,-3;670,-27,1;678,-2,2;681,-19,11;686,4,-7;689,-19,11;694,18,-11;697,-18,14;702,7,-9;705,-6,3;710,-1,1;713,-14,10;718,7,-2;726,-4,-5;729,-16,10;734,10,-8;737,-15,15;742,7,-15;750,-7,1;753,-14,19;761,-6,-2;769,-9,3;774,4,-7;777,-13,10;782,9,-8;785,-15,15;790,10,-14;793,-15,14;798,9,-11;799,-15,14;806,9,-10;814,-5,-7;821,-37,33;829,-10,-2;836,18,-12;837,-25,16;844,11,-13;845,-19,10;852,11,-7;853,-20,14;860,13,-14;861,-19,16;868,11,-11;869,-19,11;876,14,-7;877,-23,11;884,16,-10;885,-23,12;892,16,-9;893,-18,13;900,9,-14;901,-14,18;908,8,-15;909,-14,18;916,10,-15;917,-19,21;924,10,-12;925,-13,11;932,11,-11;933,-20,11;940,10,-15;941,-18,12;948,12,-7;949,-27,16;956,16,-14;957,-17,16;964,14,-12;965,-16,20;972,7,-13;980,-5,-1;981,-17,9;988,8,-5;989,-19,1;995,-3,18;996,16,-21;1004,-11,4;1010,-9,-3
rua||armando moretto|jardim aurora|13877054|11,-2201210,-4677092;18,0,-27;19,-5,25;26,-1,-34;27,2,22;34,-5,-25;35,0,19;42,-3,-29;43,6,19;50,-11,-23;51,2,13;58,-3,-21;59,1,20;66,-3,-33;67,-2,26;74,1,-32;75,-5,26;82,0,-31;83,1,25;90,-3,-27;91,-3,19;96,-3,-26;99,2,16;107,0,-5;110,-7,-42;115,2,34;118,-2,-37;121,3,27;126,-15,-34;134,0,-11;135,-1,26;142,-4,-31;143,1,24;150,-2,-31;151,1,28;158,2,-34;159,-8,26;166,3,-32;167,-3,22;174,-1,-29;175,0,26;182,-4,-37;183,5,25;189,-13,-12;190,7,-18;191,4,19;198,-9,-26;206,-2,-4;207,-4,18;214,1,-25;215,-2,16;222,-1,-21;223,1,15;231,-4,-1;232,-5,-28;239,-2,21;240,-1,-25;247,-1,12;255,-2,-4;263,-2,-7
rua||arthur carlos martins|durval nicolau|13872349|40,-2197505,-4681087;50,5,-7;60,-6,-8;70,3,-6;74,-2,-2;80,-5,-6;90,-1,-10;94,-3,-4;100,-4,-7;106,0,-4;120,-11,-43;130,-3,13;160,-4,-21;174,-7,-10
rua||arthur carlos martins|jardim industrial|13872349|65,-2197517,-4681110;75,-5,-7;85,-2,-10;95,-2,-5;105,-6,-18;129,-10,-16;139,-3,-3;149,-5,-11;159,0,-13;169,-1,-2;194,-4,-31;200,-2,-2;203,-8,0;206,11,-6;213,-19,-3;223,-5,-5;224,11,-7;230,-2,-4;234,-1,-7
rua||bartholomeu martins|jardim do trevo|13871152|375,-2198771,-4680128;387,0,-14;411,-4,-24;435,-7,-24;465,-20,-41
rua||benedito maciel|jardim recanto|13871258|12,-2198624,-4680797;22,7,0;28,5,-2;48,20,-3;54,3,-5;64,9,-1;68,7,1;78,6,-3;84,7,-3;102,10,-3;110,10,-5;118,2,-1;124,7,3;134,6,-6;140,4,1;320,-15,0
rua||benedito maciel|vila luzitana|13871258|90,-2198371,-4680846;164,-110,15;174,7,-2;194,22,-4;204,5,-1;214,15,-2
rua||benedito mello|jardim amelia|13876470|290,-2199284,-4677755;296,3,3;300,3,-1;310,4,11;320,12,11;330,5,9;340,7,3
rua||benedito mello|jardim magalhaes|13876470|51,-2199426,-4677917;63,13,8;75,9,3;87,5,12;99,7,6;105,4,10;113,14,3;119,203,243;181,-159,-189;202,-2,11;210,5,8;216,2,-2;217,2,-5;227,8,5;228,2,5;235,9,4;256,-9,-2;317,56,51;329,12,13;339,8,4;372,10,34;376,3,5;377,4,-10;380,7,18;391,-2,-14;403,12,12;406,-1,6;427,8,6;433,9,9;439,6,7;451,7,7;463,10,16;470,-10,-3
rua||benedito miranda|jardim nova sao joao|13874219|136,-2197227,-4677995;146,-3,5;156,8,-1;168,10,-6
rua||benedito miranda|jardim santa clara|13874219|24,-2197340,-4677956;36,14,-4;44,5,-4;50,8,3;54,1,-7
rua||caetano matielo|jardim santiago penha|13870350|18,-2196316,-4679368;25,-5,3;32,9,3;46,2,6;60,12,4;65,26,-3;497,-27,-6
rua||caio jose de miranda|jardim nova sao joao|13874241|138,-2197216,-4677926;139,-12,-8;163,22,-2;173,13,-5;178,11,10;185,5,-20;188,3,13;193,6,-11;201,10,-4;202,-15,7;207,20,-7;211,6,1;214,-9,10;220,8,2;221,7,-15;226,4,9;227,3,-13;233,6,-1;236,-5,13;239,4,-10;245,7,-9;248,0,13;251,3,-13;256,-7,-2;257,16,-2;262,1,10;267,9,-12;268,0,6
rua||caio jose de miranda|jardim santa clara|13874241|11,-2197327,-4677910;12,2,21;26,5,-6;35,13,-8;36,-1,7;47,16,-11;56,-8,6;61,20,-14;76,-10,12
rua||carmen ocete marin|recanto da serra|13873470|33,-2195180,-4679239;43,10,-11;48,22,-3;58,6,0;63,-8,-2;93,29,-28;103,-3,5;118,27,-10;123,-12,1;128,18,-3;133,-10,-7;138,15,-4;143,-3,-3;158,26,-7;163,-13,-1;191,22,-17;196,28,-7;205,-8,-15;221,22,-4
rua||carolina malheiros|vila conrado|13870720|71,-2198192,-4679597;81,5,14;92,5,47;93,1,-39;111,7,14;121,6,5;141,19,30;171,-2,16;179,0,9;189,20,16;225,10,14;237,-1,14;238,-7,-8;243,18,16;249,6,9;251,-6,-1;253,0,5;254,-3,4;259,16,-1;264,-7,16;294,5,16;304,4,11;311,14,-4;315,-1,-3;321,3,13;322,-4,11;346,7,20;350,-1,-8;360,6,9;370,11,16;380,8,5;385,9,-1;390,-5,20;408,1,8;420,9,13;423,11,-1;433,2,2;434,-4,8;678,-68,-140;742,219,362;774,19,19;776,2,1;790,8,12;800,6,2;808,10,3;816,3,13;824,4,4;828,0,8;832,10,8;836,7,4;846,3,6;856,7,4;866,2,3;876,8,7
rua||carolina malheiros|vila loyola|13870720|533,-2197979,-4679196;545,2,2;552,-14,2;555,19,9;564,-14,-6;565,25,18;574,-15,-14;575,16,18;585,67,83;590,-82,-89;600,7,12;610,3,1;613,18,12;620,-9,5;650,28,29;653,-3,-18;657,3,18;660,6,3;661,1,-3;668,5,14;676,3,0;679,13,9;683,-1,0;684,-5,-2;690,17,21;693,2,-8;699,12,12;775,30,28;785,-1,9;799,13,12;815,-21,-24;831,33,40;837,-6,-9;839,17,12;849,27,7;877,-7,8;883,2,20
rua||carolina malheiros|vila oriental|13870720|456,-2198014,-4679262;464,-2,19;468,2,-3;470,-4,-9;476,10,5;486,-4,14;487,11,-7;497,1,9;505,9,14;512,-11,3
rua||clemente merlin|jardim sao thiago|13874090|10,-2196735,-4678308;20,-29,-3;35,16,-10;117,15,45;120,2,22;130,3,26;150,6,11
rua||dalva helena barborati martins|jardim aurora|13877039|9,-2201056,-4676778;14,-25,-6;25,0,9;30,-18,-4;54,-16,5;65,0,17;70,-10,-8;91,-26,10;97,13,1;113,-13,28;121,-16,-14
rua||delio macedo|vila estrela|13871188|16,-2198518,-4680269;26,-30,-92;36,2,13;45,5,22;58,-3,-21;68,12,43;72,0,9;82,3,9;85,5,-3;91,4,7;92,-2,6;97,0,6;100,3,9;107,6,-2;110,-6,5;115,11,12;120,-8,1;125,8,5;132,-3,8;142,4,4;145,0,-8;150,-4,4;152,1,5
rua||demetrio marioto|jardim primavera|13876810|6,-2200049,-4678028;16,-1,3;26,-6,0;27,-8,7;36,-3,-8;37,-13,7;46,2,0;47,-4,5;56,-2,-4;57,-6,13;66,-2,-14;67,-4,9;76,-8,-10;77,-2,8;86,-6,-5;96,-12,0;97,5,8;106,-11,-8;107,-1,9;116,-8,-6;117,-5,7;126,-2,-5;127,-5,6;136,0,-5;137,-5,7;146,-8,-7;147,-4,8;156,3,-7;157,-11,4;167,-8,0
rua||democrito queiroz de melo|jardim almeida|13876353|15,-2199346,-4678304;26,-7,2;35,10,8;36,-8,-1;39,0,3;47,-7,22;48,-8,-14;60,-1,12;68,-6,3;72,0,2;84,-3,7;96,-8,16;102,-3,-1;108,-1,7;120,-10,4;132,-5,13;138,0,1;144,-5,8;150,0,4;158,-3,1;168,-8,8;180,-7,10;188,0,0;230,-20,30;240,-9,16;252,1,1;256,-3,8;262,-3,4
rua||elias marun|durval nicolau|13872305|13,-2197298,-4681122;23,-1,11;33,-3,9;43,-2,9;53,-1,11;63,-2,11;73,-8,-3;83,3,25;93,-4,1;103,2,19;113,0,-4
rua||elza valim mendes|jardim das hortencias|13876783|79,-2200399,-4678834;87,-8,2;97,-12,5;107,-5,2;117,-10,3;127,-10,3;137,-6,2;147,-7,2;157,-8,5;167,-16,4;177,-5,2;187,-10,3;197,-5,2;207,-13,5;217,-3,1;227,-10,4;237,-3,0;247,-17,6;257,-11,3;267,0,0;277,-10,5;287,-7,2;297,-16,6;303,-5,4;317,-35,8;323,-6,0;333,-3,-1;343,-26,13;353,8,1;363,-4,-2;373,-9,4;383,-8,2;393,-9,1;403,-8,5;413,-6,4;423,-14,5;433,-9,-2;443,-5,6;451,-16,6
rua||ema gallo martarello|nucleo durval nicolau 1|13872408|11,-2197740,-4681417;20,-3,25;21,3,-3;30,-2,13;31,2,-17;40,11,21;41,-5,-14;50,4,23;51,4,-3;60,-2,12;61,-1,-2;70,7,9;71,-2,-5;80,8,16;81,4,-6;90,3,12;91,2,4;100,0,8;101,5,-4;110,-5,9;111,11,-3;120,-4,16;121,10,-4;130,-9,9;131,9,-8;141,1,14
rua||ennio goncalves mayrene|jardim das amoreiras|13876740|12,-2199679,-4677322;22,-9,14;32,-2,1;52,-45,67;62,-2,23;71,5,-6;72,-8,14;81,8,-3;82,-10,15;91,8,-7;92,-8,13;101,5,-6;102,-9,19;111,13,-11;112,-14,15;121,7,0;122,-10,7;131,13,-3;132,-11,12;137,10,-3;141,-6,7;160,-7,4;161,8,6;171,2,27;174,-16,-10;181,24,24;184,-25,-21;191,3,15;194,0,0;201,-1,12;204,-5,3;211,5,3;214,-9,-4;220,1,9;221,6,5;231,0,14;234,-9,-4;241,7,13;242,-6,-8
rua||ercilia marcon miotti|recanto da serra|13873460|114,-2195028,-4679438;127,5,18;148,-3,11;158,9,15;159,6,1;168,-10,8;169,20,-2;213,23,51;223,7,10;226,-6,5;230,-5,-39;233,12,38;234,-4,3;244,6,9;245,5,-7;253,3,9;256,-1,5
rua||erdia olympia celeste magalhaes|jardim das paineiras|13874714|25,-2195420,-4672450;85,-43,29;96,-3,-5;125,-13,22;136,-18,0;158,-23,23;176,-9,1;207,-14,34;216,-8,-12;250,-41,34;266,17,-15;341,-74,63;361,-17,12;381,-20,13;401,-16,7;531,-100,56;705,-153,84;745,-29,10
rua||eugenio magril|residencial fazenda das areias|13876186|457,-2199465,-4678868;481,-4,-28;592,-5,-75;602,-2,8;612,-1,10;632,2,18;642,5,12;672,6,35;690,8,24
rua||eugenio magril|residencial fazenda das areias|13876188|167,-2199447,-4678571;187,-21,5;197,-7,4;207,-4,-1;267,31,-17;327,32,-81;377,15,-79
rua||fernando mariotto|novo horizonte|13872480|16,-2197359,-4681814;26,3,-4;36,10,-5;46,10,-6;56,2,-4;66,11,-2;70,0,0;76,4,-12;126,43,-15;136,4,-4;239,-20,10;249,1,-3;259,22,-11;269,-3,-1;279,10,-5;289,16,-8;290,-6,12;299,6,-12;300,-3,4;319,6,-8;333,11,-17;340,23,16;343,-4,-12;350,12,2;353,-6,1;360,8,1;363,5,-9;370,12,2;373,-9,-1;380,14,1;383,-1,-6;393,8,-8;403,5,-5;413,11,-6
rua||francisco antonio mancini|vila valentin|13873052|3,-2195535,-4679631;11,136,-105;12,6,-12;13,-3,3;21,-5,13;22,2,-14;31,-2,16;42,-12,-10;47,0,22;56,-14,-9;125,-42,51;130,-1,-11;139,-2,15;140,-6,-10;145,-15,20;150,6,-10;155,-10,14;160,0,-2;172,-5,9;184,-12,-2;208,-28,20
rua||francisco gomes martins|santo antonio|13871207|10,-2198481,-4680565;19,-3,-18;23,-4,6;26,5,2;35,-9,-8;43,-1,-6;44,3,-6;50,-3,-10;66,1,-4;76,-10,-17
rua||francisco marim|sao joao da boa vista|13872049|139,-2196426,-4680464;151,-9,-21
rua||gabriel bargas maldonado|solario da mantiqueira|13875407|25,-2198417,-4676976;60,53,16;73,-22,-8;80,33,12;93,5,-12;130,4,13;151,47,-8;170,18,8;171,-1,-13
rua||geronimo milan|vila isabel|13871112|53,-2198327,-4680018;65,6,-3;73,18,-7;79,5,-5;87,7,-1;115,30,-8;119,5,-1;129,10,-3;133,14,-4;137,3,2;145,13,-7;149,7,-4;161,7,-3;171,17,-6;191,13,-3;201,10,1;215,10,-9;227,14,-2;247,20,-5;252,46,-19;255,-40,16;256,61,-22;261,-51,16;265,1,0;269,5,2;275,8,-9;287,1,2;361,49,-15;371,13,-5;373,24,-2;375,-30,9;383,12,-9;385,4,1;399,13,-6
rua||haig mousessian|recanto do lago|13874658|22,-2197421,-4675373;34,15,-17;46,9,-15;58,-6,0;82,27,-17;94,4,-6;120,38,-32;130,4,-9;142,9,-6;154,13,-12;168,0,-6;178,12,-2;192,-1,-13;208,4,-15;222,3,-22;292,29,-54
rua||haig moussessian|recanto do lago|13874658|37,-2197374,-4675426
rua||henrique martarello|jardim nova republica|13875031|1449,-2198776,-4677586;2595,-123,372;2615,-2,17;2625,-5,18;2715,-28,160
rua||henrique martarello|jardim sao salvador|13875031|2376,-2198940,-4677474;2436,97,56;2484,-36,63;2500,-10,15;2540,-17,39;2548,-2,11;2564,5,5;2592,2,39;2660,-10,82;2696,-24,62;2698,-1,6;2708,-3,5;2726,-5,16;3000,-100,186;3024,-15,18
rua||henrique martarello|portal da alianca|13875031|3081,-2199160,-4676727;3091,-13,2;3111,-13,7;3165,-86,26;3185,-17,6;3205,-11,7;3210,33,-36;3250,-31,21;3258,-19,-4
rua||henrique martarello|portal da alianca|13876682|3160,-2199184,-4676732
rua||henrique martarello|portal da alianca|13876694|3062,-2199090,-4676823
rua||henrique martarello|portal das mangueiras|13875031|2791,-2198990,-4676982;2953,-75,145
rua||henrique martarello|vila brasil|13875031|14,-2198691,-4678082;20,617,-375;100,-30,29;108,-5,5;114,-11,5;115,8,2;126,-13,6;140,-49,29;150,-2,-5;153,29,-5;156,-38,19;159,29,-17;173,-12,6;180,-39,19;181,36,-7;193,-26,11;200,-20,-2;203,7,6;212,-15,2;228,-15,4;240,0,2;250,-7,6;251,0,4;261,-12,10;264,0,-1;285,-7,1;292,-27,4;323,-9,17;383,-38,13;391,-10,9;421,-13,0;431,-30,9;451,-14,4;485,-34,12;507,-12,4;521,-10,0;525,-26,20;559,-24,24;607,-35,29;621,-15,4;665,-36,27;675,-5,3;679,-4,1;680,-13,-7;700,-2,-10;710,-13,22;711,5,11;720,-15,-3;725,8,10;730,-9,0;737,-5,7;742,-10,4;749,-8,9;752,11,-7;774,-21,9;786,-24,20;791,-7,13;853,-16,22;867,-9,11;883,-10,19;895,-3,10;900,-2,-61;909,-10,72;917,-7,11;925,1,14;933,-2,6;950,-32,-51;953,34,52
rua||ida gabriela da silva marcondes|recanto do lago|13874784|65,-2196883,-4675752;72,-6,-11;77,-14,10;89,-9,-3;96,11,-6;108,-21,-3;113,-9,3;120,9,-3;125,-17,10;132,-1,-15;144,-5,3;151,-17,6;156,5,-7;192,-37,-10
rua||jeronimo milan|jardim boa vista|13871112|40,-2198365,-4680002
rua||jeronimo milan|jardim santa rita|13871112|63,-2198176,-4680063;64,-142,48;70,7,-3;80,9,-3;90,9,3;100,11,-10;116,14,1;126,11,-9;136,14,-7;152,38,-13;162,9,1;172,5,-3;216,43,-11;226,8,-6;236,11,-6;266,43,-16;272,-76,28;276,85,-28;280,-150,50;283,129,-43;290,37,-10;321,91,-10;350,-68,-1;360,7,-2;370,3,-4;390,15,0;396,17,4
rua||joana geremias magalhaes|jardim priscila|13870519|521,-2197480,-4678642
rua||joana geremias magalhaes|jardim yara|13870519|410,-2197419,-4678525;465,-34,-52
rua||joao batista dorna blanco martins|vila estrela|13871192|12,-2198834,-4680309;22,2,-17;29,8,9;34,-3,-9;35,1,-18;42,5,12;45,-6,-12
rua||joao lopes messias|jardim amelia|13876440|14,-2199030,-4677849;24,-87,-77;29,6,-8;33,5,6;34,-2,8;39,8,-7;44,-3,9;45,6,-5;51,4,2;54,-3,22;63,12,-7;64,-4,9;74,-1,0;79,10,-6;84,8,23;85,0,-14;94,-10,24;96,13,-8;97,5,-4;104,-1,10;107,10,-4;110,0,15;125,14,-3;144,-2,11;154,6,12;160,4,4;161,10,2;166,-2,2;178,4,5;179,-1,-3;183,21,10;190,-10,4;197,17,5;202,-14,4;205,17,1;210,-4,8;211,5,-3;214,-1,0;222,35,41;229,-28,-36;235,5,7;268,10,27;270,12,4;274,1,1;286,5,9;297,19,6;298,-9,3;308,10,8;309,6,-6;311,0,2;321,10,10;333,5,6;340,-21,-5;342,3,1;343,25,12;344,-19,-7;345,18,7;346,-22,-8;350,6,7;353,18,2;357,9,15;369,6,1;372,-12,-1;378,4,8;386,5,2;393,11,0;396,0,12;410,3,8
rua||joao maniassi|jardim leonor|13870559|104,-2197545,-4679119;116,12,5;130,7,10;153,-30,-25
rua||joao michelazzo|jardim boa vista|13874118|55,-2197136,-4678701;65,4,16;275,-22,177;291,-2,18;355,-7,55;365,9,23
rua||joao michelazzo|jardim priscila|13874118|50,-2197141,-4678697;60,-1,11;70,7,9;80,-6,12;90,1,12;100,1,11;122,-4,22;160,-9,42;172,3,4;184,-3,20;222,-6,49;234,2,3;254,0,18;338,-10,57;439,23,82;452,4,16;465,14,7;477,19,-1;489,7,4;501,4,10;513,19,0;525,11,1;537,9,-4
rua||joao santos matos|jardim nova republica|13875318|8,-2198575,-4677494;18,-1,-1;28,-6,-4;38,-16,-6;48,-3,0;58,-7,-1;68,-9,-2;78,-4,-2;88,-8,-4;98,-10,-1;103,-14,-2;108,5,-1;122,-9,-2
rua||jobes alves moreira|jardim das acacias|13877012|22,-2200998,-4677960;28,4,0
rua||jose branco martins|vila santa adelia|13870339|40,-2196468,-4679596;51,-6,5;61,2,-12;71,-3,-5;77,2,-7;81,3,-7;91,2,4
rua||jose chirleu mourao|jardim santa clara|13874156|84,-2197498,-4677790;197,11,9;207,-4,12;219,2,6;231,-2,9;237,9,13;243,1,7;251,-4,15;255,1,-1;259,-2,3;265,-1,9;277,1,8;289,-2,10;338,-18,56;343,14,-2;350,-13,5;355,11,2;359,-5,5;365,2,12;374,-11,2;377,11,4;385,2,9;386,-15,-3;391,10,8;400,-9,-1;404,0,10;408,2,14;409,7,-11;410,-12,14;425,12,-4;430,-14,20;435,11,-9;440,-11,20
rua||jose de oliveira macedo|jardim recanto|13871257|26,-2198551,-4680787;29,10,-1;30,-8,4;33,10,3;38,-12,2;39,13,4;44,-9,-1;45,10,4;52,-5,5;53,10,7;56,-8,2;57,9,5;84,-21,-44
rua||jose manoela molina|jardim sao salvador|13876669|305,-2199152,-4677183;306,-6,-4;362,-1,9
rua||jose marcondes|jardim priscila|13874127|31,-2197182,-4678365;43,1,5;50,-13,9;55,8,9;62,-5,15;67,7,-3;74,3,7;85,-9,8;86,-4,-1;112,-7,25;115,10,5;126,-15,3
rua||jose maringolo|jardim santo andre|13874016|35,-2196617,-4679016;51,6,16;70,-16,-2;81,24,26
rua||jose menin|jardim dos ipes|13876619|59,-2200358,-4677903;65,-4,3;69,-5,-1;74,-16,-7;75,11,7;78,-14,-9;79,3,12;82,-15,-9;85,2,9;95,-3,1;102,-25,-10;108,-16,2;114,-2,1;121,11,-5;129,1,16;131,-20,2;145,-135,136;151,101,-138;163,-6,-2;177,-38,5;183,-9,0;195,-7,2;205,-21,3;209,-17,-2;240,-81,-12;245,14,12;246,14,-7;257,-26,10;267,-6,-4;270,34,-1;277,-43,-2;287,-8,-5;293,45,13;297,-50,-11;305,-11,3;313,-13,-3;321,-2,5;331,-5,-7;389,13,-3;1967,113,15
rua||jose michelazzo|jardim boa vista|13874110|14,-2197000,-4678586;15,6,10;77,-50,-6;133,-48,-9;143,-19,16;154,3,-27;155,-8,12;164,4,-9
rua||jose michelazzo|jardim priscila|13874110|228,-2197171,-4678616;229,-5,10;238,-6,-16;250,-12,1;262,-13,-6;276,7,6;277,2,9
rua||josepha zanello missassi|jardim primavera|13876811|50,-2200040,-4678079;58,-9,2;61,4,9;71,-10,3;74,-10,-7;81,-2,3;84,0,-2;91,-10,-3;94,0,8;101,-7,4;104,-3,-9;111,-1,7;118,-12,-5;121,-3,4;122,-1,-3;131,-6,9;132,-7,-9;141,0,11;142,-7,-8;151,1,3;152,-12,-2;161,0,8;162,-6,-7;171,-1,3;172,-12,0;181,1,3;184,-8,-1;191,1,3;201,-10,4;211,-8,6
rua||julio michelazzo|jardim cledirna|13872660|45,-2197915,-4680952;55,-2,-10;210,-120,-220
rua||julio michelazzo|nossa senhora de fatima|13872660|109,-2197967,-4681063;129,1,-4;131,-11,2;484,-179,-283;494,-2,0
rua||julio michelazzo|nova nossa senhora de fatima|13872900|1501,-2198132,-4681313
rua||julio michelazzo|vila nossa senhora de fatima|13872660|74,-2197924,-4681006;130,-43,-65;160,-25,-41;170,4,-7;180,-12,-8;186,-20,91;210,-2,-147;306,-19,-31;316,-2,-7;320,-7,-8;351,-8,-13;356,-13,-28;360,12,25;368,-22,-39;380,3,8;390,-14,-35;410,-18,-2;426,-10,0;430,-8,-6;440,-10,-11;450,-10,-6
rua||lazaro tobias mendes|jardim das hortencias|13876793|22,-2200692,-4678851;25,0,-5;32,-2,13;33,15,5;42,-11,5;43,13,5;52,-9,-1;53,8,11;62,-11,-1;63,17,8;72,-9,6;73,11,4;82,-6,6;83,9,1;92,-6,4;93,13,12;102,-10,-3;103,10,9;111,4,9;112,-12,-9;120,2,9
rua||lindolfo mesquita|terras de sao jose|13874800|62,-2196146,-4677072;425,-109,-144;430,-3,11;449,14,3;454,-1,17;461,14,-3;466,-5,4;471,8,-2;481,7,8;491,3,6;501,3,1;502,0,15;511,11,-4;514,-3,10;526,6,14;531,11,-7;538,5,8;541,3,-3;550,-3,12;561,14,4;562,-3,4;571,3,7;574,2,1;581,10,3;601,13,17;610,-4,11;634,26,30;637,15,3;646,-11,0;649,13,6;658,-5,5;661,15,7;670,-7,-4;685,28,27;694,-11,-2;695,15,12;706,-6,-5;742,18,23;754,10,8;764,7,11
rua||lourival alves moraes|jardim progresso|13876419|17,-2199280,-4678127;19,6,1;21,0,5;23,2,3;25,4,3;27,0,-3;28,5,12;39,3,-4;49,0,4;59,7,11;81,21,19;93,2,-4;103,6,14;113,11,7;127,3,5
rua||luiz dos santos mizasse|portal das mangueiras|13876747|26,-2198977,-4676985;34,11,4;37,18,-5;46,-10,6;49,19,-5;54,-9,8;57,22,-4;71,8,7;74,-12,-2;83,24,2;84,-18,-2;89,26,1;92,-16,3;102,11,4;110,8,10;115,26,-8;118,-19,-2;140,11,9;143,25,-17;150,-14,16;166,20,10;174,2,6;186,10,-4
rua||luiz olandesi marcondes|sao joao da boa vista|13873169|15,-2195500,-4680084;37,8,-7;48,10,0;50,2,-4;57,-8,2;62,17,-13;74,9,-1;80,5,-12;97,5,-13;98,0,16;117,4,-18;325,-49,49
rua||manoel molina martins|vila brasil|13875000|337,-2198155,-4678190;344,12,12;345,-12,-16;350,11,-2;353,-18,-8;355,-8,-21;356,24,19;361,-15,-1;364,12,-4;372,-6,-12;382,-3,0;390,0,-9;404,-10,-16;414,-15,-9;424,1,-11;436,-4,-7;454,-1,-9;514,-15,-24;520,-2,-7;521,-10,-2;526,8,-9;533,-12,1;543,-5,-9;552,14,6;557,-15,-12
rua||manoel molina martins|vila brasil|13875040|10,-2197965,-4677857;12,-1,2;14,12,24;20,-19,-37;22,70,136;26,-71,-147;30,-2,0;34,69,129;44,-8,-17;47,-15,4;54,10,-5;59,-68,-128;62,-12,-17;64,72,126;67,-62,-122;72,-10,-10;75,-4,11;76,70,117;81,-70,-125;82,1,-11;83,-16,-20;86,13,16;88,71,139;90,-70,-138;94,-2,-5;95,-7,4;105,-38,-27;110,36,6;111,-7,1;115,1,-11;120,2,3;129,-9,-9;130,6,6;184,-19,-43;185,-8,0;196,1,-7;207,-5,-16;208,4,9;216,-5,-14;223,-16,-12;226,10,6;235,-15,-12;236,8,2;238,-4,-5;242,-2,-2;245,-13,-4;247,6,-1;249,-7,-14;252,7,11;253,-18,-22;255,0,-3;262,21,15;272,-10,-10;275,-17,-22;280,9,8;282,6,7;285,-15,-17;288,-1,-3;290,7,4;294,-1,-6;295,-9,-7;296,5,-3;304,-6,-9;308,-5,-12;313,-6,4;316,1,-12;317,-4,10;325,5,-20;326,-5,6;332,0,0
rua||marcus vinicius meneguini matiello|jardim dos ipes|13876590|1507,-2200709,-4678330;1513,-3,20;1516,-5,-15;1519,6,20;1527,1,2;1534,-1,8;1535,3,9;1542,-5,5;1543,3,-5;1550,-6,11;1551,7,-2;1558,-6,1;1559,5,5;1563,1,9;1566,-4,1;1574,-1,2;1575,6,9;1582,-6,0;1583,10,4;1591,-6,7;1599,-1,12;1607,6,9;1615,-4,7;1623,-1,4;1631,2,14;1639,-2,9;1647,-1,0;1655,5,10;1663,0,4;1671,1,9;1679,-1,7;1687,2,7
rua||maria aparecida bernardes moraes|jardim das azaleias|13876838|140,-2200338,-4677448;414,-147,190
rua||maria aparecida bernardes moraes|parque dos resedas|13876838|115,-2200290,-4677485;123,-7,10;131,-5,2;139,-6,5;147,-3,5;155,-9,5;163,-4,9;175,-3,9;489,-211,285;499,-7,9;505,-3,8;673,-150,154
rua||maria tereza zotti melleti|jardim das acacias|13870005|17,-2200938,-4678192;43,18,42;53,-2,1;83,-21,-80;91,0,0;99,-3,-15;107,-4,-10;115,0,-17;125,-4,-10;139,-19,-12;147,-16,17;155,1,0;163,-5,6;171,0,0;179,-4,4;187,-15,13;195,-18,-4;203,0,0;211,-2,7;219,-12,0;227,-8,-1;235,-9,2;243,-1,3;251,-6,-2;259,-13,4;267,-6,-4;275,-7,5
rua||mario meletti|jardim nova republica|13875298|44,-2198806,-4677197;100,-23,-39
rua||mario molinari|terras de sao jose|13874802|368,-2196309,-4677163;411,30,16;428,17,29;447,9,2;452,4,10;459,5,-2;471,7,6;483,4,14;488,3,9;507,17,2;512,2,16;524,3,6;531,7,-2;536,4,14;543,9,-8;555,0,8;565,12,9;591,22,27;622,13,33;627,13,-8;675,24,31;682,2,15;687,5,0;694,1,14;699,15,-12;704,-9,23;709,-47,-79
rua||mario moreira magalhaes|solario da mantiqueira|13875550|40,-2198567,-4676130;73,22,-6;82,6,6;151,78,22;364,14,22
rua||mauricio matielo|residencial macaubeiras|13874070|24,-2196530,-4678282;80,-42,-29;85,-32,-19
rua||milton marcon|jardim priscila|13874125|27,-2197234,-4678389;55,-10,39;84,-10,24;85,9,2;94,-6,5;109,7,21
rua||nadir dias molina|jardim primavera|13876279|17,-2200074,-4677197;27,-5,-5;37,-9,1;47,-11,-4;57,-8,-2;67,-5,-2;77,-13,-5;93,-9,-1;103,-13,-3;113,-5,0;123,-8,2;133,-13,2;143,-10,3;153,-10,1;163,-9,2;173,-7,2;183,-9,0
rua||nadir dias molina|parque dos resedas|13876266|366,-2200355,-4677080;376,-10,10;386,2,5;396,-10,9;406,-6,7;416,-3,4;426,-6,9;436,-6,13;442,-10,5
rua||nadir dias molina|parque dos resedas|13876271|345,-2200384,-4677021;355,-4,4;365,-7,11;375,-5,7;385,-6,3;395,-8,12;405,-6,9;415,-5,6;425,-4,6;435,-8,12;445,-3,4;455,-6,6;465,-3,10;475,-10,8;485,-1,7;495,-8,8;505,-5,10;509,-5,7
rua||nadir dias molina|parque dos resedas|13876274|480,-2200416,-4677002;494,-6,12;502,-3,5;510,-5,11;520,-7,6;530,-3,7;540,-12,8;550,-1,8;560,-9,10;570,-5,13;580,-6,5;590,-4,1;600,-1,16;610,-12,5;624,-2,3
rua||nadir dias molina|parque dos resedas|13876279|18,-2200073,-4677207;28,-11,-4;38,-8,1;48,-11,1;58,-5,-9;68,-12,-2;78,-6,-4;84,-6,1;200,-108,23
rua||nagib miguel|jardim recanto do bosque|13874439|3045,-2196669,-4676334;3095,-28,52;3107,-5,8;3116,-17,-3;3240,-46,121;3274,-9,14;4105,6,10;9095,2,-3
rua||nane marcon|sao joao da boa vista|13872022|20,-2196214,-4680219;26,8,-8;31,0,-6;34,5,8;41,4,3;49,-3,-11;51,8,-2;56,6,10;61,2,-7;62,-23,3
rua||nane marcon|vila operaria|13872022|6,-2196262,-4680228
rua||nene matielo|jardim das paineiras|13874708|26,-2195366,-4672472;66,5,-43;69,-8,16;86,7,-39;89,-13,8;109,0,-8;126,5,-34;149,-3,-20;166,7,-6;169,-8,-16;219,0,-4;220,7,0;240,-5,-50;241,2,29
rua||olga cardoso michelazzo|vila brasil|13875200|10,-2198255,-4677921;18,7,1;26,9,0;32,4,2;40,4,8;48,8,9;54,8,-6;62,-2,6;72,21,9
rua||onneide gomes ferreira mathias|parque dos resedas|13876266|212,-2200451,-4677066;222,-9,-9;231,0,13;232,-2,-28;241,-6,18;242,-1,-19;251,-5,10;252,2,-20;261,-7,16;262,1,-28;271,-3,20;272,-8,-27;281,2,14;282,-5,-20;291,-3,15;292,-1,-21;301,-2,13;302,-2,-18;311,-5,8;312,-1,-21;321,-6,14;322,4,-16;330,-9,-14
rua||orlando matielo|jardim del plata|13873501|141,-2195522,-4680303;151,10,8;161,9,12;169,3,8;171,-3,4;181,11,5;201,7,14;205,2,4;217,2,7;221,6,7;231,6,6;247,14,19;251,-2,-4;255,3,11;261,3,4;271,-1,4;275,5,1;281,2,5;287,4,9;381,61,89;389,0,-11;401,2,7;411,11,17;421,9,9;425,-5,11;431,9,-3;443,6,9;449,0,8;463,8,3;467,0,3;473,5,7;475,7,5;485,4,6;495,8,6
rua||orlando matielo|jardim recanto dos passaros|13873501|684,-2195269,-4679828;700,4,13;730,1,43;738,10,11;775,12,93;791,5,-16;792,-10,-6;798,6,8;826,8,48;838,-5,12
rua||orlando matielo|sao joao da boa vista|13873501|15,-2195579,-4680401;25,4,15;32,-7,6;42,6,7;52,6,11;55,14,-5;64,-11,11;65,10,-2;70,-6,-4;74,10,8;75,4,2;80,-6,10;81,5,-3;84,2,5;85,6,0;97,-5,0;102,-2,6;126,29,40;130,1,7;140,4,4;146,9,10;156,1,3;166,7,12;176,5,7;182,4,6;186,0,6;190,6,-3;196,7,9;206,-1,6;214,6,7;218,1,-3;224,3,12;228,2,1;232,7,-7;236,-1,9;246,5,10;252,5,5;256,2,14;276,10,6;279,-5,-5;286,9,10;296,5,8;310,13,24;320,8,10;352,22,32;358,6,2;368,1,7;611,104,177;615,7,16;616,-13,-20;618,-1,19;628,0,5;638,2,9;648,4,11;650,0,3;867,55,284
rua||ovidio carlos martins|colinas do alegre|13874629|115,-2196068,-4673828
rua||pedro martinelli|jardim nova republica|13875320|18,-2198660,-4677481
rua||pereira machado|centro|13870241|15,-2197719,-4679845;20,15,15;22,-28,-45;25,50,69;26,-36,-22;29,-7,-33;30,-1,12;32,-8,-21;33,12,15;46,-4,6;52,-5,-20;97,38,73;103,9,-13;115,2,27;117,-8,4;135,8,8;180,14,42;181,13,5;192,-3,7;201,6,-2;204,-2,12;218,8,13;219,7,-5;238,8,22;247,1,11;250,10,3;257,-3,0;260,3,8;271,3,1;272,-3,4;279,9,4;282,-7,5;297,14,10;307,31,22;316,-31,-2;326,7,13;337,71,10;344,-66,3;349,22,-1
rua||prudente de moraes|centro|13870050|6,-2197202,-4679737;11,10,-20;15,-7,11;16,2,4;17,-2,-1;19,-11,3;21,3,1;27,10,3;28,1,1;30,-6,5;31,4,-4;35,11,7;37,-13,2;40,6,3;45,11,10;49,8,1;50,-15,6;57,8,-5;64,-8,7;67,0,-17;72,10,34;84,-11,24;87,12,-18;120,-5,40;123,5,-14;129,1,10;131,14,5;142,2,48;148,-6,-26;149,1,-3;161,5,12;165,1,9;174,-9,5;215,16,40;216,-7,11;226,6,1;227,6,4;235,1,5;236,0,18;255,7,-3;281,-10,23;286,13,0;287,-14,2;293,14,13;298,-2,0;305,0,10;306,-2,4;314,8,0;315,-4,4;324,0,10;325,1,-1;329,13,22;353,-9,3;368,-4,4;369,4,9;371,3,1;375,0,17;377,9,0;378,-8,-3;382,5,7;383,0,-5;393,-1,16;395,6,4;396,-4,0;409,-1,17;419,6,7;422,-3,-10;457,7,45;478,-2,15;491,16,22;498,-9,-10;501,3,12;510,-2,11;511,6,-3;520,-5,6;521,6,3;523,3,16;528,-6,-8;536,1,3;547,14,19;570,-5,25;592,6,14;614,-3,5;624,16,4;634,-13,7;744,12,35;754,-2,14;762,0,7;765,10,14;768,-9,-10;775,14,18;778,3,59;785,-2,-55;786,-4,29;795,7,-16;803,8,13;805,-15,0;806,-4,-16;807,13,20;815,-3,6;816,-8,-12;825,12,13;826,-10,-10;834,0,9;836,0,5;838,2,3;842,8,29;854,3,33;855,9,6;864,-12,-8;865,16,-10;874,-14,18;875,11,-3;884,-6,13;885,1,-7;892,-2,15;904,4,18;914,3,17;915,11,3;925,-5,4;926,-6,0;935,10,14;936,-1,-1;946,0,0;947,0,13;956,-2,-5
rua||prudente de moraes|sao lazaro|13870050|617,-2197085,-4679197;621,5,13;631,0,11;641,4,8;980,41,292;985,9,8;992,-2,13;993,6,0;1002,-5,3
rua||ricardo mascaro|jardim das amoreiras|13876738|23,-2199718,-4677338;33,-4,6
rua||ricardo mascaro|parque residencial tereza cristina|13876738|24,-2199721,-4677348;34,-4,8;44,-4,4;54,-11,3
rua||rosario mazzi|jardim das hortencias|13876790|120,-2200495,-4678935;323,-324,169;333,6,10;343,1,12;353,1,7;363,3,8;371,6,15
rua||saldanha marinho|centro|13870229|9,-2196347,-4679976;12,-61,4;27,55,1;31,-15,5;81,-42,28;97,-11,4;102,-3,-2;107,-4,9;111,-8,3;116,4,-9;122,-12,14;127,0,-2;128,-7,5;130,2,0;131,10,-4;135,-9,11;142,-11,-5;151,-3,7;157,-5,-1;163,-6,2;165,-4,10;168,15,-18;176,-27,23;180,-2,-1;182,-2,4;194,2,-4;213,-16,18;217,-7,3;218,0,-5;219,-5,8;221,-3,-2;230,-6,6;231,4,-7;238,-12,12;239,4,-5;244,-10,6;245,3,-5;248,-14,14;251,13,-8;252,-13,10;259,12,-10;261,-3,3;263,1,10;267,-10,2;268,-6,-3;271,6,3;275,-7,4;276,-2,-5;294,-17,2;295,-5,8;297,9,4;302,-15,-4;303,5,7;309,2,4;314,-5,-15;315,0,10;321,-13,9;326,3,-6;331,-24,-2;333,7,16;342,7,-12;355,-12,19;356,1,-3;357,-14,-2;358,1,-7;360,-6,-7;364,4,26;365,-7,-15;368,9,21;370,-1,2;372,-5,-16;373,-8,0;378,3,19;381,-9,-9;383,3,-6;389,-3,10;390,10,11;393,-10,0;399,-4,-2;400,-8,3;424,-24,10;429,7,2;436,-3,10;440,1,8;441,-6,-13;450,4,10;451,-19,-10;452,3,9;454,13,11;458,-16,-12;459,-3,-8;460,-5,8;462,-3,8;465,3,-15;477,-10,16;482,-2,5;483,-2,3;486,-2,-4;489,-5,4;496,-3,1;499,3,5;503,-8,-4;505,-2,8;506,-2,-2;520,-38,22;525,24,-8;529,-6,-4;537,-4,5;540,-14,7;541,14,-8;545,7,-7;551,-31,15;557,5,-10;568,-24,28;570,10,-12;571,0,-7;597,-12,20
rua||sebastiana michinhotti|jardim aeroporto eldorado|13875309|26,-2198071,-4677599;33,19,-5;39,-3,18;50,-6,4;51,15,8;76,6,21;84,1,7;96,9,15;98,-4,-10
rua||sebastiana michinhotti|jardim eldorado|13875309|381,-2198090,-4677629
rua||sebastiao matheus|jardim sao thiago|13874081|372,-2196929,-4678426;411,14,43;420,-17,-3;421,3,12;430,-3,-7;431,6,10;440,-2,3
rua||sebastiao tiola pinto martins|jardim primavera|13876802|9,-2200167,-4677658;19,-14,2;20,0,-10;29,-8,7;30,0,3;39,-7,1;40,0,-9;49,-7,12;50,-4,-8;59,-7,6;60,4,-5;69,-8,5;70,-2,-4;79,-12,6;80,3,-10;89,-10,10;90,2,-4;99,-6,5;100,-1,-8;109,-10,10;110,6,-8;119,-15,9;120,5,-7;129,-10,8;139,-8,4
rua||teresina de carvalho mafra|condominio portal da serra|13874735|47,-2196530,-4675850;315,-110,-78;442,166,127
rua||vilma richter martins|jardim del plata|13873480|311,-2195106,-4680087;317,11,12;321,4,-1;327,7,7;330,-17,1;331,22,-4;340,2,3;346,7,2;347,-1,-6;350,18,5;351,-10,-5;361,-2,3;365,12,9;371,7,0;377,4,-7;381,9,0;389,-1,-8;391,7,12;401,5,-8;411,8,1;420,22,9;426,17,3;430,5,0;431,-7,-3;435,-1,-4;440,11,6;441,-2,-9;450,13,7;451,-4,-7;456,12,5;460,2,2;461,-3,-2;481,12,-2;486,17,11;490,6,-3;491,-11,-7;496,12,9;497,-6,-11;500,10,11;501,-4,-9;506,2,9;510,8,2;511,-5,-5;514,11,6;515,0,-8;520,-1,6;521,4,-5;526,4,7;527,-111,12;530,115,-14;531,0,4;540,8,0;541,7,-9;542,-3,10;547,6,4;550,-3,-10;551,7,5;560,0,0;561,4,-19;567,9,21;568,-5,-1;571,11,3;572,-2,-3;576,5,0;577,2,-8;580,2,9;581,-3,-11;587,11,2;590,-4,10;591,2,-6;594,1,4;598,0,-2;604,4,-1;620,31,-13
rua||vitorio mazeto|sao joao da boa vista|13872047|1,-2196308,-4680506;2,27,-14;3,-8,3;5,-3,-23;7,16,13;9,8,-26
rua||vitorio michelazzo|centro|13870253|22,-2197357,-4680104;52,25,14;62,35,4;68,8,2;76,-1,8;84,14,-1
rua||vitorio michelazzo|jardim michelazzo|13870253|25,-2197354,-4680117;55,30,21;65,9,2;75,11,0;85,-3,15;100,30,7
rua||wildensor rodrigues milton|jardim aeroporto eldorado|13875305|155,-2198037,-4676973
rua||zizico marcondes|jardim primavera|13876805|17,-2199967,-4677797;27,-12,11;30,-3,-3;35,-8,6;38,5,-3;45,-14,-1;46,3,-1;54,-9,4;55,0,6;62,-7,-9;63,-1,3;70,-9,1;71,0,6;81,-9,-1;90,1,-2;91,-6,2;101,-10,-3;111,-10,12;120,-4,-13;121,-3,10;130,-5,-5;131,-4,3;140,-7,-5;141,-3,7;150,3,-7;151,-34,15;160,15,-13;161,1,14;170,-9,-15;171,-1,15;180,1,-11;181,-1,10;211,-29,1;221,-19,5;255,-35,2;263,-2,2;273,-7,-1;283,-5,-1;293,-18,7;303,-9,-1;313,-11,2
travessa||do mercado|centro|13870038|32,-2196976,-4679540;42,-3,10;50,4,8;60,7,11;76,-14,7
travessa||francisco mangues|sao lazaro|13870470|5,-2197138,-4678874;9,7,-9;15,0,0;19,0,-8;25,0,8;29,0,-17;35,0,0;37,0,0
