alameda||das primaveras|condominio morro azul ii|13874407|1173,-2196017,-4676292;1225,18,53
avenida|santo|pelozio|jardim das azaleias|13876830|50,-2200050,-4677377;90,-87,-26;108,-21,-5;116,-8,-3;126,-9,0;132,-11,-5;140,-3,-5;150,-10,-3;160,-7,-4;167,-20,6;168,15,-14;176,-11,-7;179,-12,17;184,11,-20;187,-15,15;192,9,-25;200,-2,-4;208,-2,-6;216,-8,-5;224,-8,-8;232,-2,-5;240,-5,-7;254,-4,-2;275,-178,7;400,127,-25
avenida|santo|pelozio|jardim dos ipes|13876830|579,-2200501,-4677588;820,-187,-48;840,-17,-2;2320,309,51
avenida|santo|pelozio|parque dos resedas|13876830|15,-2200044,-4677349;25,-8,-3;35,-11,-4;45,-9,-4;55,-7,-3;65,-11,-2;75,-7,-3;85,-8,-2;95,-9,0;285,-315,-150;351,-67,-60;397,-85,-25;549,107,32;623,-69,-14;625,-13,-1;635,-5,-7;665,-11,-5;705,-39,-6;715,-10,-2;725,-10,-2;735,-9,-5;745,-4,0;755,-40,-17;765,21,10;775,-8,-1;785,-9,-2;795,-8,-1;805,-11,-6;815,-9,-3;825,-7,-6;835,-12,5;845,-9,-3;855,-12,-2;865,-5,-2;871,-14,-1
avenida||elias tavares pinho|jardim canada|13874330|390,-2197379,-4677065;540,101,11;541,7,-7;581,14,3
avenida||elias tavares pinho|jardim santarem|13874330|56,-2197720,-4677131;64,-11,7;83,-14,-19;93,32,15;98,16,16;103,-2,-18;115,26,11;121,6,-4;168,65,24;197,44,-5;351,85,17
avenida||jose de paiva|jardim santiago penha|13870348|30,-2196212,-4679493;60,1,26;100,10,34;166,15,70
avenida||lucio pierine|jardim europa|13872760|147,-2196489,-4682741
avenida||lucio pierine|jardim italia|13872578|1601,-2196571,-4682228;1609,-3,-5;1617,10,-11;1625,7,-10;1633,-11,-8;1641,0,-8;1649,1,-12;1657,2,0;1665,0,-7;1673,2,-8;1681,2,-7;1687,1,-10
avenida||lucio pierine|jardim italia|13872760|175,-2196516,-4682653;191,7,-24;1919,-18,86;1925,6,-12;1939,11,-13
estrada||da pauliceia|macuco|13879899|12,-2205785,-4671058;15,-607,1090
estrada||da serra da paulista|sao joao da boa vista|13870010|1130,-2195339,-4679355;1200,11,43
estrada||sao joao pedregulho|sasf|13870005|32,-2187651,-4683130
estrada||serra da paulista|recanto da serra|13870010|2,-2193788,-4678420;1169,-1506,-865;1211,13,40;1347,104,115;1367,8,14;1427,21,52;1517,-1,76
estrada||serra da paulista|sao joao da boa vista|13873206|5,-2191534,-4678339;6,971,1382
estrada||serra da paulista|sao joao da boa vista|13874736|4,-2192922,-4677567
estrada||serra da paulista|sao joao da boa vista|13874789|4,-2193113,-4677481;5,951,-549
estrada||serra da paulista|sao joao da boa vista|13879899|13,-2185542,-4675433
praca|coronel|jose pires|centro|13870243|11,-2197591,-4679820;21,12,9;33,-14,9;39,-11,2;49,0,-1;110,-32,-45;120,5,-10;126,-7,10;128,5,7
rua|conselheiro|antonio prado|centro|13870250|4,-2197668,-4679867;5,31,90;17,-12,9;26,-80,-42;27,78,41;33,-5,3;34,-64,-47;35,62,46;39,3,-3;41,1,5;47,-52,5;50,-2,-60;55,49,59;57,-31,-64;81,-116,65;100,17,-6;105,-8,6;110,65,-50;117,-65,50;122,31,-31;124,18,-5;131,-48,33;136,41,-29;138,26,-16;141,-68,48;147,29,-19;155,19,-13;161,-57,32;170,51,-25;177,-28,16;184,46,-37;191,-58,42;194,22,-25;195,-33,29;204,56,-27;231,-126,67;234,-34,17;238,62,-39;241,-28,22;250,24,-19;252,-24,17;259,4,11;273,6,-3;283,-9,-6;284,-4,-6;298,-5,3;301,9,4;305,0,0;319,-2,2;326,1,-5;329,0,6;330,0,-6;334,0,0;335,2,5;336,-2,-5;345,2,5;350,-56,13;355,56,-13;375,-80,47;382,-3,0;401,6,2;403,1,-1;404,-7,-2;407,1,6;410,-11,-19;412,-72,62;414,79,-52;416,-11,-1;419,-2,17;422,-17,4;427,20,-2;436,-69,34;449,53,-25;452,-17,-2;461,-5,17;466,-8,-10;471,-1,12;475,30,-17;476,-37,19;482,-9,8;487,0,3;488,0,-2;500,-4,-3
rua|conselheiro|antonio prado|vila conrado|13870250|531,-2198070,-4679597;541,-9,6;542,9,-20;552,-7,10;553,-6,13;554,-7,1;559,-3,1;567,-7,12;570,-2,-12;578,-1,0;592,-11,7;593,-3,13;598,-4,-10;601,3,15;608,-14,-7;611,9,-2;615,-12,7;619,7,-3;620,-14,0;628,-3,15;632,-8,-2;636,-16,4
rua|coronel|jose procopio|centro|13870730|504,-2197982,-4679493;510,-5,2;512,-8,-8;522,4,-7;536,1,-9;540,-10,-4;560,-38,-61;590,9,20;602,-3,-11;610,-2,-22;618,0,0;626,-5,5;634,-7,-17;680,42,77
rua|coronel|jose procopio|jardim bela vista|13871205|731,-2198108,-4679706;741,-5,-16;751,-3,-1;785,-20,-36;790,5,-9;795,-14,-8;800,2,-6;805,-14,-1;810,11,-6;815,-4,4;819,-7,-10;820,5,0;825,-7,-4;830,6,-8;835,-6,8;840,2,-14;852,-4,-10;856,-2,-12;862,-5,6
rua|coronel|jose procopio|jardim recanto|13870730|1817,-2198494,-4680779;1823,-6,1;1831,1,-6;1837,-2,-9;1843,-1,-8;1849,-8,-1
rua|coronel|jose procopio|jardim santa rita|13870730|886,-2198174,-4679851;894,-14,-12;897,-10,-5;900,5,-3;905,-1,5;906,1,-13;910,-2,-8;915,-1,8;919,-10,-3;920,-8,-39;929,-6,16;930,8,-10;931,-2,4;940,-3,-11;941,-6,7;951,-8,-17;957,6,-6;961,-3,3;963,-5,-5;980,-7,-22;981,-2,1;990,4,-6;1000,-3,-7;1010,-7,-11;1020,-7,-1;1021,-2,-8;1030,-3,-6;1031,-21,6;1032,18,-11;1041,-19,6;1045,12,-17
rua|coronel|jose procopio|santo antonio|13870730|1459,-2198430,-4680561;1575,12,45;1595,-1,-9;1621,-8,-21;1625,-14,-47;1631,1,-7;1641,-9,-3;1649,6,2;1657,-6,-17;1665,-1,-6;1675,-6,-14;1683,5,-5;1957,0,23
rua|coronel|jose procopio|santo antonio|13871205|732,-2198098,-4679712;750,-6,-12
rua|coronel|jose procopio|vila conrado|13870730|359,-2197915,-4679356;360,-6,-8;363,1,0;371,-3,-2;374,4,-5;375,-5,1;383,-16,-12;386,15,-1;394,-10,-11;400,-4,-14;426,-8,-18;451,-21,-14;460,3,-9;461,-3,11;467,-1,-16;477,-18,-7;480,12,-6;513,-27,-28;525,3,-13;535,-4,-12;553,-11,-6;557,-6,-5;581,-9,-28;600,-4,-7;611,-13,-22;623,-2,-3
rua|coronel|jose procopio|vila isabel|13870730|1102,-2198281,-4680067;1108,1,-14;1112,-7,0;1120,-4,-9;1150,5,-24;1170,-20,-18;1180,1,-7;1190,0,-6;1200,-5,-13;1210,-4,-11;1220,0,-10;1230,-2,-13;1240,-4,-10;1540,-90,-288;1550,2,-9;1560,1,-8;1566,-4,-11;1570,0,-4;1580,-5,-9;1590,-2,-3;1600,-3,-12;1612,0,-9;1622,8,-17
rua|coronel|jose procopio|vila isabel|13871205|1081,-2198280,-4680038;1105,-5,-24;1115,-9,-14;1119,-2,-3;1125,10,-11;1135,2,32;1137,-13,-40;1145,12,9;1181,-22,-53;1185,-3,-7;1191,-1,-2;1199,-5,-10;1205,-4,-20;1215,0,-2;1221,1,-9;1231,-3,-10;1263,-11,-27;1269,-4,-6;1275,-9,-7;1283,2,-10;1291,1,-8;1297,-6,-13;1305,20,-45;1345,-28,31;1377,-8,-41;1385,1,0;1391,-3,-16;1393,0,-1;1417,-8,-18;1427,0,-2
rua|coronel|jose procopio|vila luzitana|13870730|1320,-2198337,-4680248;1370,-14,-35;1386,4,-14;1618,-89,-294;1620,2,-6;1630,-3,-5;1640,-3,-9;1650,-2,-6;1652,-1,-16;1670,-7,-5;1684,1,-12;1690,-10,-22;1760,-7,-38;1770,-6,-10;1800,-12,-36;1804,-4,-14;1810,0,-4;1830,-2,-11;1840,-4,-18;1860,-2,-4;1870,-7,-13
rua|dona|josefa franco peres|rosario|13870332|33,-2196393,-4679491;53,-11,-5;57,-10,-14;61,5,12;65,-2,5;69,-4,-5;70,38,5;73,-42,-6;77,-3,8;81,-2,-8
rua|dona|nair da silva pereira|nova uniao|13876299|43,-2201065,-4676180;51,-3,0;58,-19,-4;59,13,10;67,-8,8;68,-8,-9;74,-3,1;75,9,11;82,51,-218;83,-59,224;90,-12,-6;91,7,15;98,-17,-9;99,14,11;106,-20,-6;107,14,2;114,-14,-1;115,8,13;123,-7,4;131,-4,6;139,-5,6;147,-20,2;155,2,14
rua|padre|geraldo pires|sao joao da boa vista|13872036|1,-2196366,-4680381;2,5,4;3,2,-18;4,-1,9;5,-8,-29;6,9,12;7,-2,14;8,0,-16;9,-7,-20;10,8,4;11,-9,-14;12,-3,11;13,4,-17;14,8,2;15,-11,-13;16,6,0;17,-7,-5;18,10,5;19,-7,-18;20,4,-2;21,-9,-8;22,10,-4;26,2,-7
rua|professora|lucia vasconcelos de paula|residencial fazenda das areias|13876191|10,-2199438,-4678646;11,-6,12;21,-16,0;30,14,-5;31,-18,8;41,-12,7;50,2,-10;51,10,4;71,-33,8;81,-11,-3;90,5,-4;91,-12,6;100,4,-2;110,-9,1;111,-10,11;120,0,-10;130,0,1;150,-12,4
rua|professora|maria jose salgado pavan|centro|13870263|40,-2197135,-4679971;58,-9,-11
rua|professora|maria jose salgado pavan|jardim michelazzo|13870263|55,-2197150,-4679975;65,-6,-15;79,-8,-10;147,-63,-47;157,-7,-1;169,-1,4;185,-13,-15
rua|professora|maria jose salgado pavan|vila carvalho|13870263|86,-2197157,-4680010;108,-13,-10
rua|sao|paulo|jardim recreio|13876009|3,-2198591,-4678810;10,-7,11;19,16,-18;20,-13,19;23,25,2;25,-9,-3;30,-7,5;35,36,10;42,-23,-8;46,13,9;50,11,9;53,0,-9;54,14,17;55,3,-4;64,2,6;65,5,-1;74,6,6;75,2,-2;86,0,5;130,53,34;140,2,0;150,6,5;160,5,7;168,16,5;176,4,7;180,5,2;220,27,18;250,27,13;390,-10,-4;411,23,6;460,32,18;480,5,4;490,4,13;500,14,4;501,-8,-15
rua||adelia miucci peres|jardim primavera|13876816|14,-2200046,-4677787;22,-2,-8;32,2,-7;40,20,-278;42,-25,266;52,-1,-10;62,-1,-7;82,-3,-19;92,2,-8;102,-2,-10;112,-1,-1;122,-3,-13;132,-2,-10;142,0,-7;184,6,-45;194,2,-3;204,3,-12;214,1,-4;224,6,-13;234,-5,-6;244,8,-13;254,0,-4;264,5,-12;274,2,-5;284,-3,-9;294,6,-9;304,0,-1;314,3,-12;324,2,-7;334,5,-12;1610,10,-243;1620,1,0;1630,-1,13;1634,-1,10;1640,-2,28;1644,1,9;1650,-1,9;1656,-2,6;1668,1,3;1672,0,10;1680,-1,7;1688,0,11;1692,-1,6;1704,0,7;1716,2,8;1720,-2,10;1728,-1,1;1740,-1,19;1746,1,-7;1750,-1,7;1772,-3,54
rua||amelia michelazzo penha|jardim del plata|13873206|384,-2195327,-4680127;387,31,-2;396,-20,24;397,2,-3;404,-3,4;407,13,8;408,-12,-2;412,2,2;416,5,7;426,3,5;427,6,3;431,9,9;434,-9,-4;438,1,4;441,13,5;446,-6,0;447,3,2;451,15,16;461,0,-1;471,0,7;477,9,7;483,7,-3;491,0,14;495,10,-3;501,0,8;505,0,0;513,10,6;523,5,7;529,4,1;533,9,3;543,6,8
rua||amelia michelazzo penha|jardim recanto dos passaros|13873206|640,-2195160,-4679930;646,1,7;650,-1,-3;651,12,-14;658,8,14;661,-9,-46;668,8,58;671,5,-10;672,-20,5;675,25,1;680,2,3;681,3,-3;684,-4,0;687,8,0;688,17,15;691,-9,-13;692,-7,8;696,1,2;697,3,6;700,2,-7;703,9,5;705,-2,-2;710,-8,0;711,10,12;715,12,-5;716,-6,7;720,-2,0;721,2,14;730,10,-17;731,-6,3;740,10,7;741,-2,0;747,10,18;750,2,-19;751,-4,11;754,11,0;757,-4,9;761,5,2;770,4,9;800,20,-20;801,8,35;810,-2,-1;811,9,8;817,6,1;820,-13,-8;830,6,9;831,17,7;837,-6,6;840,3,-6;847,6,-4;850,-3,6;853,11,-1;860,-3,10;870,10,10;871,3,-9;877,-5,2;880,6,9;881,14,-2;886,-3,-48;890,-1,61;891,3,-17;897,9,12;900,-11,22;901,13,-19;910,-5,21;911,4,-19;918,1,13;920,8,1;921,3,-4;930,-10,19;931,10,-10;940,7,7;941,15,0
rua||amelia michelazzo penha|sao joao da boa vista|13873505|565,-2195199,-4679990;573,7,16;600,4,12;605,11,-3
rua||amparo avilles perussi|sao joao da boa vista|13872188|315,-2195782,-4680775;325,11,-6;340,74,17;345,-55,-25;346,14,21;350,9,3;357,30,-7;375,17,2;381,3,0;385,8,3;386,-4,11;395,7,-12;396,-3,5;405,31,0;406,-23,1;408,7,0;411,5,-7;412,0,9;419,9,-3;425,1,2;431,5,2;436,3,-2
rua||ana dalva pela peres|riviera de sao joao|13874770|52,-2196955,-4676140;61,11,6;64,-14,-3;73,8,9;97,-7,23;100,-10,-9;109,10,22;112,-13,-7;121,8,23;136,-9,-6;148,-3,4;160,-5,10;165,-1,49;201,-15,31;213,5,10;261,-21,49;273,2,5;281,17,-33
rua||ana pigato|jardim crepusculo|13875299|11,-2198731,-4677239;23,5,1;35,19,-4;47,-2,1;61,23,-4;73,10,0
rua||ana pigato|jardim nova republica|13875299|12,-2198733,-4677239;24,15,8;36,5,-6;46,9,-2;58,6,2;68,16,-2;78,7,3
rua||antonio angelo passiani|nova uniao|13876290|11,-2201071,-4676276;19,12,7;27,-2,7;35,6,6;43,10,4;51,-4,10;56,49,82;59,-41,-76;64,45,84;67,-45,-80;72,47,83;75,-43,-77;80,50,84;83,-41,-79;88,45,80;91,-42,-72;96,46,82;99,-41,-73;104,44,75;107,-40,-73;112,50,79;115,-48,-73;120,57,74;123,-49,-71;128,47,83;136,5,6;144,5,7;152,8,7;160,-1,7;168,7,6;176,5,10;184,2,3;192,10,9;200,2,2;208,7,4;216,4,3;224,0,10;232,13,4;240,-3,4
rua||antonio angelo passiani|nova uniao|13876299|137,-2200990,-4676174;145,4,10;153,4,5;161,8,9;169,-1,4;177,10,6;185,3,6;193,6,3;201,5,11;209,7,4;217,3,6;225,2,6;233,7,2;241,2,12;249,6,4;257,11,4;265,-6,11;273,8,2;281,3,6;289,6,8;297,5,2;305,3,4
rua||antonio augusto silva palhares|jardim primeiro de maio|13872070|1,-2196291,-4680607;3,14,-13;4,-1,17;5,7,-41;7,16,-6;8,7,-8;9,0,-3;11,9,-18;13,12,-11;14,-4,15;15,6,-21;17,7,-19
rua||antonio padovan|vila fleming|13876428|20,-2198859,-4678194;29,7,11;30,-5,-2;40,6,11;50,4,5;51,9,0;60,-2,8;61,7,-3;70,-1,11;71,4,-5;80,4,10;81,3,0;90,-2,11;91,5,-3;101,7,5;110,1,13;111,10,0;120,-2,9;121,7,-6;138,-2,8
rua||antonio palomo|jardim canada|13874356|100,-2197448,-4676988;168,18,80;198,4,14;214,19,31;250,-8,38
rua||antonio palomo|jardim santarem|13874356|106,-2197408,-4676859
rua||antonio pelaquin|jardim das hortencias|13876789|15,-2200736,-4678841;16,-6,8;23,12,2;26,-5,9;33,8,2;36,-5,6;43,7,2;46,-5,11;53,10,2;56,-8,5;63,14,3;66,-11,11;73,12,0;76,-11,6;83,15,6;86,-11,2;93,11,4;96,-7,5;102,2,10;103,10,-5;111,1,7
rua||augusto nascimento pinto|jardim cledirna|13872694|27,-2197949,-4680966;39,-4,6;49,-18,6;59,1,-1;65,-12,3;71,4,4;79,-9,0;91,-8,7;99,-8,4;109,-9,9;111,-5,-9;119,2,10;129,-11,6;139,-10,10;149,-10,1;159,-7,6;171,-10,8
rua||benedito peres|vila estrela|13871185|25,-2198630,-4680278;35,6,19;45,4,11;55,-4,6;60,-8,-30;80,6,29;88,1,7;89,14,10;90,-11,-3;95,0,-29;96,10,52;99,-1,-14;100,-7,11;101,2,-29;105,23,71;110,-20,-35;125,34,49;154,-29,-47;158,16,50;170,0,12;182,3,14
rua||carlos paiva|jardim sol nascente|13874480|836,-2196912,-4674639;857,19,20;860,-14,-6;880,5,14;897,27,35;902,-12,-11
rua||celso matielo padovan|jardim guanabara|13873090|2,-2195432,-4679629;4,17,36;5,15,4;6,-18,4;8,7,25;10,-1,12;12,3,11;29,4,-112;82,6,146
rua||claudinei antonio pereira|jardim dos jacarandas|13877080|151,-2200409,-4676846;159,-5,8;178,-18,6;186,1,3;191,0,17;194,-3,-7;199,-2,16;202,-4,-5;207,0,8;210,-3,-11;215,-1,21;218,-9,-11;226,5,5;231,-4,16;234,-6,-4;239,4,13;247,-9,7;250,1,-14;255,-3,17;258,-3,-13;263,-2,22;274,-9,-8;279,-4,17;282,2,-4;287,-2,11;290,-3,-9;298,-5,6;306,0,5;314,-7,6;322,-2,4;338,-12,13
rua||constancio rocha da silva palhares|jardim aurora|13877040|15,-2201044,-4676726;23,-12,3;30,-12,-3;38,-6,3;46,-7,2;47,9,0;71,-16,20;78,-22,-10;86,-8,8;87,17,6;95,-5,5;110,-30,-2;111,11,5;118,-19,3
rua||da paz|jardim santo andre|13870379|20,-2196728,-4679181;30,-25,7;40,6,-9
rua||daniel helio peres|jardim recanto do jaguari|13872269|6,-2196866,-4680716;16,-2,-2;25,-9,-16;26,10,0;35,-9,-7;36,3,2;45,-2,-12;46,6,0;55,-9,-12;56,6,6;65,-9,-14;66,10,2;75,-12,-10;76,8,-1;85,-5,-8;86,6,2;95,-13,-15;96,11,2;105,-10,-4;106,7,-1;115,-8,-12;116,9,4;125,-9,-14;126,3,3;135,-4,-12;136,10,-1;145,-17,-10;146,11,0;155,-11,-7;156,9,2;165,-8,-14;173,2,-9;196,97,-14;197,-92,6;206,14,-7;207,-6,-6;216,7,-1;217,-4,-3;226,6,-7;227,-2,2;236,7,-13;237,-3,-5;246,8,-6;247,-10,1;256,4,0;257,-3,-13;266,13,-4;267,-4,-8;276,9,-1;277,-7,-4;286,7,1;287,-4,-10;296,6,2;297,-4,-15;306,7,8;307,-3,-8;330,16,-20;331,-6,-4;340,9,-8;341,-6,-4;350,6,3;351,-2,-15;360,1,11;361,4,-19;370,8,2;371,-9,-4;380,13,-7;381,-8,-6;388,10,4;391,-13,-13;396,16,1;401,-9,-12;406,11,-1;411,-5,-3
rua||das palmeiras|sao benedito|13871039|17,-2197459,-4680425;18,12,-12;27,-18,13;28,9,-11;31,-10,5;35,-10,2;38,9,-9;50,-13,2;86,-26,-18;95,-16,14;96,11,-8;107,-18,3;108,10,-2;116,-12,-3;118,-10,9;122,3,-8;161,-56,-13;164,-5,1;185,10,4;186,9,-4;196,-8,-3
rua||dimas pinto|sao joao da boa vista|13875297|11,-2198728,-4677195;23,10,-4;35,8,2;47,10,2;59,9,3;61,11,-3;73,10,-1
rua||dinah rezende pinto|santo antonio|13871210|32,-2198574,-4680466;42,-14,5;44,0,-4;48,-5,3;54,-4,10;62,-9,0;68,-8,2;74,-13,2;84,-18,9;156,-28,9;168,-21,10;172,-12,1;178,-6,1;184,-17,4;222,-14,1;236,-3,-1;244,-15,9;843,190,-63
rua||dinah rezende pinto|vila estrela|13871210|27,-2198562,-4680459;35,-10,2;45,-15,6;61,-4,-7;67,-6,9;71,-6,2;81,-5,3;91,-15,1;95,-29,-12;103,5,15;147,-39,19;167,0,1;195,-27,13;223,-24,1;267,-41,18
rua||elbenvinda lopes pelegrino|jardim nova republica|13875130|15,-2198496,-4677872;27,-10,6;28,-8,-4;40,-5,2;42,-6,2;43,4,8;48,-6,-7
rua||elizabeta geremias pinto|sao joao da boa vista|13873173|20,-2195473,-4679968;37,-4,-13;38,9,2;49,0,-14;61,3,-4;94,22,-30;98,1,3;99,-4,-8;103,2,-7;104,5,8;109,-3,-13;110,1,11;114,8,-5;119,-4,-12;129,2,-8;134,9,-1;139,-10,-8;140,13,3;144,5,-4;145,-8,-8;149,7,-6;154,3,8;155,-4,-7;159,4,-6;163,-2,-4;169,4,-4;179,1,-8;180,6,10;183,-3,-10;191,4,-15;346,5,16
rua||elpidio peres|jardim das azaleias|13876815|274,-2199980,-4677499
rua||elpidio peres|jardim primavera|13876815|33,-2199943,-4677663;43,-2,-5;116,3,30;158,2,-10
rua||fernando perussi|vila valentin|13873066|10,-2195735,-4679649;20,14,-1;40,12,4;50,9,2;352,9,-13
rua||fernando souza peres|novo horizonte|13872498|11,-2197531,-4681924;14,-3,9;21,14,-3;31,4,4;32,-8,4;41,13,1;53,8,5
rua||floriano peixoto|centro|13870060|11,-2197258,-4679739;12,11,-3;17,-6,27;27,11,-5;30,-16,-6;42,6,2;49,7,14;54,-13,5;61,16,11;64,-2,12;73,5,-1;74,-7,2;84,-7,-46;91,17,61;113,-8,27;127,14,8;137,12,11;140,-14,10;147,9,1;153,-1,7;158,2,-3;169,0,12;175,1,8;215,13,27;216,-13,8;221,7,14;225,4,3;232,-7,-3;234,5,3;249,-1,19;289,15,49;302,8,-4;304,0,6;315,-5,13;316,4,-5;333,-4,14;342,5,7;381,7,34;391,3,17;409,-8,13;429,8,15;457,18,33;465,-1,14;578,10,104;579,5,1;588,-2,7;589,8,8;598,-8,4;599,6,-4;609,5,12;613,1,15;614,-9,-6;623,10,7;627,4,8;628,-11,-10;653,15,42;656,-7,-6;661,9,26;664,-2,-19;673,1,10;674,-8,-12;682,5,20;689,5,8;690,5,-2;698,-10,11;707,9,0;708,3,18;717,0,-6;718,-4,24;727,7,-8;728,1,13;737,-6,-22;748,5,37;764,0,29;768,5,6;774,2,6;786,-2,16;798,2,6;800,-2,5;804,2,5
rua||floriano peixoto|sao lazaro|13870060|380,-2197187,-4679394;384,-4,10;386,0,2;388,0,5;412,7,12;422,3,15;424,5,3;436,1,13;464,-1,25;486,7,21;487,5,2;499,3,13;500,-1,-9;508,0,8;509,5,12;514,-4,-4;523,8,12;526,-6,4;528,1,1;534,-1,5;536,-1,5;543,7,1;549,1,-4;563,9,20;767,37,229;769,7,10;771,-8,-5;775,5,6;785,2,11;795,1,15;803,-6,-39;822,5,75;834,-1,1;837,9,2;846,-4,15;847,7,2;856,-6,5;857,6,-9;867,5,13;870,-9,0;877,10,10;896,8,16;901,-3,13;910,-2,-1;911,4,10;920,-6,5;921,7,0;928,3,10;938,-2,10;948,-1,10
rua||francisco paschoal|jardim satelite|13870410|10,-2196783,-4679266;22,-6,11;26,-1,6;31,8,10;34,-12,-1;43,10,14;50,-15,3;55,11,-1;64,-19,28;69,12,-5;70,-11,0;77,7,10;80,-11,5;89,6,8;90,-8,-3;106,-1,14;115,16,-27;120,-19,36;131,8,9;134,-8,0;139,8,0;144,-7,15;153,6,15;157,15,15;165,-13,-11;189,21,22;197,11,10;201,11,19;215,4,8;219,1,10;222,-9,8;234,9,8;235,12,7;246,-1,8;260,2,9
rua||galdino antonio parolin|residencial macaubeiras|13874077|39,-2196494,-4678064
rua||hederson rodrigo pirinoto|parque dos resedas|13876261|18,-2200703,-4677285;23,-11,-3;28,6,-1;33,-12,-1;38,7,-7;43,-12,0;48,5,-7;53,-12,1;58,0,-6;63,-3,0;68,0,-7;73,-11,-2;78,6,-6;83,-12,-1;88,5,-5;93,-14,-8;98,6,-2;99,-21,-8;109,-6,-8;118,9,3;119,-16,-7;128,12,3;129,-19,-6;138,13,2;139,-23,-11;148,18,-2;149,-22,-4;158,14,-2;159,-25,-3;168,18,-1;169,-27,-2;178,20,-9;179,-24,-1;188,17,-2;189,-25,-8;198,14,0;199,-19,-4;208,13,-2;209,-26,-4;218,18,-3;219,-21,-5;228,16,-4;229,-22,-1;238,17,0;248,-5,-6
rua||helena bernardo pelozio|jardim das tulipas|13876876|529,-2200998,-4677864;537,-8,8;538,20,12;545,-2,-9;546,5,13;553,4,-6;554,2,14;561,0,-3;562,4,10;569,-4,-11;570,7,12;577,6,-2;578,-8,13;585,10,-9;586,0,9;593,-1,-3;594,1,16;601,2,-10;602,2,17;609,2,-7;610,0,12;617,2,-6;618,4,6;625,4,-2;626,0,21;633,1,-13;634,4,20;641,-6,-13;642,8,14;649,2,-2;650,3,10;657,10,-10;658,-9,16;665,-2,-5;666,3,11;673,-10,-5;674,17,16;681,-13,-8;682,15,6;689,7,2;737,16,35;738,-9,12;745,11,-8;746,-3,17;753,7,-10;754,-8,10;761,11,-6;762,-1,26;769,7,-13;770,-4,11;777,7,-10;785,1,7;786,7,44;793,-1,-33;801,4,7;809,7,4;810,-8,19;817,6,-14;818,-6,22;825,8,-15;826,1,20;833,1,-11;834,-2,18;841,10,-11;842,-2,11;849,6,-7;850,-11,14;857,14,-6;858,-7,16;865,10,-6;873,2,5;874,-2,9;881,6,-3;882,-4,16;889,8,-9;892,-3,19;897,7,-15;906,-3,19
rua||herminia rossi peres|jardim das rosas|13876645|33,-2200144,-4676310;38,5,2;41,2,-9;46,3,7;49,-1,-7;54,10,4;57,-6,-6;62,11,5;65,-4,-10;70,10,6;73,-1,-9;78,9,4;81,-2,-9;86,9,4;89,-3,-1;94,7,-4;97,6,3;102,1,-2;105,1,1;110,7,-7;113,-5,-1;118,12,2;121,-5,-10;126,10,-6;129,-15,6;134,20,-2;137,-7,-1;142,16,4;145,-6,-6;150,10,7;153,-2,-13;158,11,3;161,-3,-3;166,9,6;169,-5,-14;174,12,5;177,-8,-6;182,11,3;185,2,-9;190,5,8;193,5,-10;198,0,5;201,5,-11;206,3,9;209,-5,-12;214,8,8;217,4,-10;222,6,3;230,15,0;231,-6,-12;238,6,7;245,28,-21;246,-26,15;252,11,0;253,16,-16;255,-41,20;266,48,-6;269,9,-24;274,5,17;282,1,-15;290,5,1;298,8,1;306,7,-10;314,4,2;322,5,-5;330,8,-4;338,9,-3;346,4,-2;354,6,-2;362,9,4;370,6,-13;378,7,-7;386,0,0;394,15,-1;402,3,-5;410,8,-2;418,12,-2;426,3,0;434,5,-8;440,9,-6
rua||hernando paina|recanto do lago|13874680|14,-2196872,-4675160;15,-26,0;26,28,0;39,-2,-15;40,15,1;51,-15,2;56,22,-10;63,-10,-9;87,12,-6
rua||humberto pranuvi|jardim leonor|13870556|42,-2197465,-4678932;54,-9,11;68,-6,5;90,1,24;102,-16,12;114,-4,4;126,-6,10;136,-5,13;188,-22,35;202,-5,10
rua||humberto pranuvi|parque das nacoes|13870556|33,-2197452,-4678934;45,-8,9;57,-4,11;93,-14,34;105,-15,13;127,4,6;151,-14,14;163,-6,9;175,-9,15;201,-13,24
rua||inocencio papiani|pousada do sol|13874590|26,-2196352,-4674232;38,18,15;41,3,-2;50,-1,9;53,4,4;62,0,0;65,0,6;75,8,6;105,0,14;108,5,18;119,8,2;120,0,11;127,-1,-6;132,1,22;135,8,-3;138,-3,5;144,1,12;156,5,2;168,5,13;174,-2,8;180,6,13;225,11,0;243,16,44;244,-9,4;253,17,9;256,-13,2;265,9,6;275,8,16;280,-15,-22;302,17,45;308,4,6;319,12,9;327,5,7;332,-10,11;340,5,5;423,45,95;447,12,20;455,1,-4;463,4,18;486,-1,17
rua||isaac pipano|vila brasil|13875140|20,-2198213,-4678046;28,-4,6;36,-2,7;43,1,3;44,-6,-1;50,-5,3;51,5,3;56,-8,5;57,2,-1;64,-9,4;65,8,-2;72,-14,11;73,10,-6;78,-15,9;79,6,1;86,-12,2;87,6,0;92,-7,3;93,3,4;98,-8,3;99,7,-1;106,-15,3;107,2,1;115,0,7;123,-7,4
rua||joao batista padovan|jardim santa rita|13871114|10,-2198124,-4680067;16,15,15;38,3,0;53,11,2;63,-2,5;65,-11,-16
rua||joao gilberto prado|residencial fazenda das areias|13876188|79,-2199526,-4679170;89,-7,7;106,-5,1;109,-1,18;116,-9,0;139,-1,27;146,-10,-8;149,2,18;156,-4,-12;159,1,20;176,-11,3;179,3,12;186,-5,-7;196,-5,11;199,-1,13;209,-3,4;226,-11,8;239,1,21;255,-9,16;256,-5,-10;301,9,62;311,0,8;331,5,14;332,-8,-20;341,13,29;342,-13,-18;361,11,35;362,-9,-20;392,7,34;402,3,3;421,14,49;422,-12,-29;441,14,40;442,-9,-23;462,2,22
rua||joao pan|jardim italia|13872784|860,-2196830,-4682361;861,5,-11;868,5,12;869,4,-8;876,-1,16;877,7,-17;884,2,11;892,6,8;900,7,7;908,2,-2;916,9,4;924,6,4;932,8,3;940,9,3;948,6,2;956,2,6;957,23,6;964,-16,-1;972,11,0;980,2,3;988,6,7;1648,-109,-57
rua||joao pessoa|vila conrado|13870676|9,-2197921,-4679338;19,-10,14;28,-15,-9;29,4,7;35,3,4;36,0,-12;37,-9,15;57,-13,2;61,-1,5;64,4,-12;67,-6,11;72,-4,3;73,-2,3;81,-9,14;92,-14,-15;93,7,15;101,-10,5;102,-8,-16;112,-9,9;117,7,11;130,-8,13
rua||joao pessoa|vila oriental|13870676|153,-2198029,-4679272;159,-8,6;161,-11,6;166,1,-8;173,-1,16;176,-15,-6;183,22,1;186,-21,-3;193,-12,24;202,1,-17;203,-2,10;211,-15,12;212,12,-20;222,-8,10;225,-2,5;232,-15,8;235,7,0;243,-6,0;244,-6,-4;249,-2,11;254,-10,-5;263,-2,13;271,-7,10;296,-22,-5;305,-4,19;314,1,-13;326,-16,11;327,16,22;332,-44,-5;335,20,-7;337,-6,0;339,-8,9;345,-14,4;359,-8,11;365,-31,2;369,3,7;379,-2,1;380,-4,-5;389,-4,9;390,-12,3;399,-5,17;400,3,-15;403,0,10;409,8,12;410,-11,-19;412,-4,9;418,-21,-20;425,2,34;426,-2,-9;439,3,8;440,-16,-18;445,2,21;449,-4,6;452,-2,-5;454,15,5;458,-22,-1;461,-12,11;462,13,-12;471,-10,17;492,-29,9;494,1,0;500,1,4;501,16,-4;508,-28,12;509,14,2;519,-8,-5;521,3,1;522,-18,-14;532,0,36;533,3,-12;543,-2,10;545,-9,3;546,-3,-9;556,-4,3;557,-4,14;566,-15,4;569,7,5;574,-5,-1;575,-1,-1;576,-2,4;586,-6,1;587,2,8;595,-10,8;597,-4,-1;629,-2,8;630,-18,14;636,-7,9;642,-8,7;650,0,5;666,-2,5;676,-6,1;688,-7,7;694,-4,7;702,-7,11;712,-11,0;745,32,-16;761,-24,51
rua||joao ponciano|jardim del plata|13873210|215,-2195198,-4680005;260,36,-43;270,2,-5;282,6,-1
rua||joao ponciano|sao joao da boa vista|13873210|12,-2195355,-4679907;22,18,-6;32,7,-1;42,12,-2;52,5,2;56,6,-8;62,6,5;68,4,1;74,14,-4;102,17,2;106,7,-4;112,7,-3;140,12,-9;146,0,-9;150,3,1;158,11,-12;180,9,-15;214,25,-35;220,2,-1;236,5,-7
rua||jose cyriaco pires|riviera de sao joao|13874768|47,-2196990,-4676170;59,-10,20;60,-3,-24;72,-9,57;83,4,-15;84,-5,-13;95,0,19;96,-6,-18;107,-2,23;108,-2,-7;119,5,30;120,-7,-15;131,1,28;132,-3,-21;148,-5,16;184,-8,33
rua||jose fonseca pereira|parque dos resedas|13876273|18,-2200326,-4676954;28,-1,3;35,4,14;38,-12,0;45,1,17;48,-2,-21;55,-7,23;58,-6,1;65,5,6;68,-8,-3;75,1,10;78,0,-4;85,-9,12;88,15,-63;95,-19,72;98,-8,-6;105,6,12;108,-9,0;115,4,9;118,-6,-8;119,-1,21;128,-7,-16;138,-6,10
rua||jose paulino|jardim dos ipes|13876842|433,-2200360,-4678468;461,-37,18;561,-136,57;565,0,-1;597,-54,14;611,-11,-1;617,-3,2;645,-47,19;653,-1,-2
rua||jose paulino|jardim lucas teixeira|13876842|628,-2200633,-4678374
rua||jose pella|parque residencial tereza cristina|13876529|13,-2199529,-4677721;22,19,8;23,-3,-11;27,3,4;34,11,9;35,5,-8;234,1,12
rua||jose pradella|jardim primeiro de maio|13872077|1,-2196322,-4680694;2,-6,11;3,16,1;4,-16,2;5,20,-1;6,-7,7;7,11,-3;8,-5,4;9,15,4;10,-5,4;11,12,1;12,-5,6;13,8,2;14,-2,2;16,8,6;21,5,-5
rua||jose primola|vila valentin|13873051|6,-2195427,-4679868;19,-294,223;21,301,-212;22,-11,-5;25,-282,218;33,275,-212;34,1,-6;55,-15,13;58,-11,-1;82,-19,20;91,3,5;94,-8,2;104,-5,3;105,2,6;109,-11,4;147,-24,25;155,-9,12;163,-12,6;166,-16,0;170,7,3;178,-12,3;185,8,7;188,-16,5;195,3,4;205,-7,9;215,-5,6;221,-22,10;225,-5,0;242,13,-14;292,-55,45;295,2,3;304,-5,0;307,-1,5;316,-3,3;317,-9,6;328,-7,-2;329,4,6;340,-12,1;352,-4,11;360,-12,18
rua||jose ramom poveda|durval nicolau|13872312|27,-2197349,-4681295;28,5,-3;37,-10,-2;38,7,-9;47,-16,1;48,15,-12;57,-13,6;58,2,-15
rua||julio pedrosa|jardim sao salvador|13876460|21,-2199484,-4677472;35,-1,-40;61,27,70;71,7,5;87,27,-8;100,0,-9
rua||leonardo ribeiro protestato|sao joao da boa vista|13873167|14,-2195675,-4680238;23,2,-5;28,4,-1;39,-2,-6;41,3,-6;42,1,5;55,8,-9;58,2,2;67,1,-7;68,6,0;72,0,-2;77,0,-8;78,6,4;88,3,-6;98,15,-7;107,-2,-10;108,2,0;117,2,-10;118,-1,7;127,6,-8;130,5,3
rua||lino roberto galli de paiva|portal da alianca|13876682|610,-2199152,-4676780
rua||lino roberto galli de paiva|portal das mangueiras|13875460|314,-2198874,-4676734;324,-10,-9;334,-6,3;344,-10,-1;364,-20,-2;476,-123,-16;498,-19,-5
rua||lino roberto galli de paiva|solario da mantiqueira|13875460|349,-2198505,-4676593;371,16,24;393,18,-7;415,39,-7;505,10,-4;595,135,11
rua||lino roberto galli de paiva|solario da mantiqueira|13876688|67,-2198724,-4676690;87,8,8;97,13,-6;107,17,-1;129,16,-1;151,18,7;173,10,12;231,73,30
rua||luiz pomeranzi|solario da mantiqueira|13875408|99,-2198559,-4676868;108,-15,10;130,26,16;156,20,31;168,14,26;194,-1,16;197,11,1;217,1,24;236,-14,22;251,9,11;256,-7,1;262,0,-26;273,6,50;293,-1,10;315,-2,42;341,-7,-48
rua||luiz previeiro|jardim santa clara|13874210|7,-2197381,-4678048;11,9,-3;17,2,4;23,-1,8;38,-13,19;48,20,-2;68,-14,0;78,14,27;88,-3,11;91,12,4;98,-11,17;108,6,4;118,-1,7;128,14,17;131,0,-9;150,-7,26;158,12,34;164,-8,-9;178,0,-12;188,12,24;209,9,16;221,3,11;253,8,34;257,2,6;263,10,8;269,-3,6;273,0,7;281,4,8;289,4,7;297,-2,11;305,5,14;315,-1,10;325,-2,14;337,5,9;425,4,95;427,2,-7;438,-12,9;441,12,10;446,-11,2;450,1,3;453,9,14;456,0,-6;462,-7,2;465,12,4;467,-8,-1;479,6,22;484,-14,10;487,14,1;493,-4,2;498,-7,7;505,11,-3
rua||luiz previeiro|jardim sao domingos|13874210|246,-2197325,-4677819;256,1,6;266,5,9;296,8,40;302,-1,2;308,4,13;316,1,7;326,-1,15;346,0,16
rua||manoel da costa patrao|vila fleming|13876039|17,-2198719,-4678742;20,-15,-4;27,19,13;28,5,1;30,-7,-1;31,23,-12;32,-18,25;33,10,-5;34,-3,14;36,4,4;49,5,-6;53,5,5;54,-7,4;58,4,20;59,11,-17;62,2,14;66,4,2;71,4,-8;76,0,15;86,9,20;87,-7,-18;95,13,5;97,-2,1;104,11,15;112,5,19;115,14,-12;120,3,14;125,-1,-12;132,8,17;135,9,-12;140,-4,19;144,3,2;145,6,-3;148,0,13;154,8,8;155,-4,-16;161,8,8;162,-5,9;180,11,25;185,22,-4;190,-9,8;191,11,-6;200,-2,12;204,0,1;205,7,-5;206,-3,9;215,15,-3;216,-8,8;225,22,-4;226,-11,15;230,5,4;235,5,-5;245,6,7;246,-15,-6;253,26,14
rua||maria candida rodrigues peres|jardim recanto do bosque|13874430|32,-2196891,-4676347;51,7,-23;56,-1,13;68,15,-23;80,10,-21;87,-8,9;92,10,-6;99,1,-15;111,-1,1;123,2,-1;128,9,-11;135,1,-5;140,4,2;149,1,-12;152,10,0;166,6,-13
rua||milton pigati|sao joao da boa vista|13873255|25,-2195240,-4679086;31,-2,1;90,-41,28;110,-12,2
rua||natanael pereira|jardim santo andre|13874049|73,-2196375,-4679041
rua||natanael pereira|vila trafani|13874049|20,-2196351,-4679099;23,9,5;31,-9,6;84,-26,36;98,-2,12
rua||nilceia maria peres pedrosa|jardim das rosas|13876640|101,-2200000,-4676209;117,7,3
rua||nilceia maria peres pedrosa|jardim das rosas|13876643|10,-2200153,-4676263;18,7,-6;20,5,9;28,6,5;36,7,-1;42,2,6;50,12,4;58,6,2;66,9,-5;74,3,8;82,8,-4;90,8,5;98,10,10;106,2,1;114,11,2;122,3,3;130,7,2;138,5,5;146,8,-1;154,8,7;162,7,3;170,7,1;176,5,4;182,12,5
rua||nilceia maria peres pedrosa|jardim das rosas|13876646|13,-2200145,-4676274;25,9,7;77,91,35
rua||octavio parreira|jardim das paineiras|13874720|40,-2195640,-4672161;79,-30,22;80,12,-12;100,-15,5;157,-61,39;180,-6,-49;200,-11,64;209,-17,4;220,11,-9;235,-28,18;280,-17,6;300,-4,3;307,-40,31;320,19,-21;330,-14,7;438,-69,41
rua||olivio borelli police|parque dos resedas|13876270|202,-2200436,-4677063;299,49,-45;309,-3,4;319,-8,10;329,-5,10;339,-4,6;349,-6,10;359,-8,7;362,-28,23;369,24,-16;372,-28,23;373,23,-15;382,-27,19;392,-7,7;393,13,-1;402,-21,11;403,16,-4;412,-17,7;413,10,3;422,-18,7;423,14,0;426,-19,15;433,15,-12;443,-9,4;453,-8,14;463,-1,11;473,-8,5;483,-3,8;493,-8,8;503,-4,8;513,-6,6;523,-3,4;533,-4,11
rua||osvaldo cruz de paiva|nova uniao|13876288|257,-2200955,-4676202;265,9,9;281,11,18;289,7,0;297,1,14;305,8,0;313,4,3;321,7,9;329,0,2;337,6,6;345,4,11;356,7,5;361,5,9;369,5,2;377,4,6;385,2,4;393,5,8;401,6,11;409,4,3
rua||osvaldo cruz de paiva|nova uniao|13876299|18,-2201030,-4676316;26,-20,1;34,-7,4;42,7,4;50,2,9;58,8,0;66,-1,0;74,10,10;77,-31,-55;82,38,55;85,-30,-50;90,32,69;93,-27,-60;98,32,63;101,-29,-63;106,36,65;109,-34,-56;114,40,58;117,-36,-51;122,38,62;125,-33,-58;130,38,63;133,-32,-55;138,34,74;141,-28,-67;146,28,59;149,-21,-54;154,26,46;157,-27,-40;162,35,61;165,-29,-58;170,43,74;181,-37,-59;184,42,72;189,-34,-67;192,39,70;197,-31,-60;200,37,68;205,-34,-61;208,35,65;213,-29,-63;216,42,66;224,-4,13;229,-32,-66;232,37,70;235,-35,-66;240,38,73;248,11,1;256,1,5;264,-1,1;272,14,16;280,4,5;288,1,9;296,6,3;304,2,2;312,7,9;320,6,10;336,4,8;344,8,7;352,3,6;360,6,8
rua||parrazio pinto|parque colina da mantiqueira|13874389|27,-2197256,-4676446;38,1,17;41,0,3;50,-5,11;57,21,0;62,-17,7;71,14,4;74,-10,9;85,13,7;86,-5,4;95,5,6
rua||parrazio pinto|riviera de sao joao|13874389|105,-2197226,-4676325;141,3,-7;153,7,19;165,3,-1;172,-6,6;188,4,8;189,19,9
rua||patativa|jardim recanto dos passaros|13873514|11,-2194985,-4679881;21,3,5;25,6,-1;31,2,7;41,18,-14;45,0,13;49,8,-10;51,1,3;61,1,1;65,6,0;71,23,4;81,-10,-2;91,-2,-2;101,16,3
rua||pernambuco|jardim recreio|13876030|96,-2198491,-4678733;113,9,8;116,-16,4;117,5,8;125,-9,10;128,5,-10;135,-3,12;136,-3,-6;145,2,13
rua||pernambuco|vila fleming|13876030|165,-2198525,-4678646;188,-24,8;202,-4,11;205,9,12;207,-10,2;210,-94,91;212,89,-99;215,-5,19;226,-3,-10;230,-6,12;236,-1,3;246,-23,20;274,-9,10;280,4,-3;285,-3,9;291,-6,6;294,4,-10;300,0,2;301,-15,12;312,2,0;331,-22,35;342,-20,6;344,3,1;346,8,-12;347,1,16;385,-32,29;386,-13,9;389,8,-3;394,0,-4;399,-5,11;415,-2,3;435,-4,0;445,-6,15;491,-24,24;508,-19,5;509,9,8;511,-2,-1;516,-7,1;520,-5,5;521,6,0;532,-12,3;555,-8,17;561,-3,10;569,-4,6;570,-15,-1;574,-4,0;579,10,7;588,-11,6;589,7,2;594,-11,1;599,2,5;600,-1,-3;604,-12,6;609,12,1;640,-43,28;643,17,-1;650,-22,-2;653,17,10;660,-11,3;670,0,0;673,-3,11;682,-5,1;687,-2,8;723,-29,22;730,-8,-5;734,-3,0;735,-2,9;740,-4,-2;747,-5,8;750,-5,-6;752,-14,-4;755,13,11;759,-3,3;762,-10,-1;771,5,6;774,-15,2;783,6,2;788,-13,-2;799,4,10
rua||perola|vila gomes|13870682|35,-2198583,-4679170;45,-6,3;55,-2,4;115,-39,39;125,-10,5
rua||pintassilgo|sao joao da boa vista|13873516|11,-2194866,-4679801;17,4,1;23,5,1;29,1,11;57,37,-17;59,1,3;69,9,7;77,1,19;79,12,-29;83,1,15;89,6,-7;99,5,-9;105,4,0
rua||piratininga|jardim satelite|13870408|7,-2196721,-4679253;13,-2,12;39,0,11;49,0,13;50,-5,4;57,6,0;58,-6,5;60,-1,1;69,7,2;79,3,17;92,-9,6;99,13,5;100,-10,3;107,8,0;120,-6,9
rua||procopio do amaral pinto|sao lazaro|13870478|14,-2197262,-4678929;17,4,-6;18,-4,6;22,9,-1;27,8,-9;28,-5,14;38,11,-8;39,-1,-5;45,8,-2;46,1,9;53,13,-11;55,7,-1;63,3,2;73,2,-4;77,4,-2;78,-11,9;446,20,0;529,-75,6
rua||rangel pestana|centro|13870228|16,-2196573,-4679996;25,8,10;42,309,217;44,-305,-211;55,7,1;63,4,3;64,5,11;111,34,26;114,5,-1;119,1,-2;123,3,4;124,3,4;131,7,-3;133,3,7;145,6,2;146,0,7;155,5,-1;156,-15,-10;165,20,10;190,21,9;200,10,16;206,-4,4;218,16,7;223,14,4;232,-2,0;264,26,22;274,4,-2;284,5,5;324,31,18;334,7,10;335,7,-15;347,8,21;350,2,6;351,-4,-7;360,13,19;363,15,0;373,-8,-1;473,82,55;479,6,7;489,3,0;495,10,4;505,4,9;515,3,9;523,10,-1;535,9,3
rua||rangel pestana|rosario|13870228|267,-2196390,-4679862;285,19,8;490,156,111;500,-1,8;514,19,-1;524,-7,9;534,7,8;544,11,7;554,3,6
rua||renato estevam peixoto|jardim nova sao joao|13874190|25,-2197020,-4678185;31,-3,2;37,-5,8;73,-37,17;74,0,-8;80,4,-1
rua||romildo jose pinto|jardim santo andre|13874082|205,-2196811,-4678447;215,-6,6;220,-5,-17;240,-7,14
rua||romildo jose pinto|jardim sao thiago|13874082|239,-2196830,-4678416;246,4,-2;249,2,13;259,-6,10;297,-5,35;306,-10,6;307,15,8;317,-11,11
rua||ronaldo aparecido pereira|jardim recanto das aguas|13871066|78,-2197854,-4680240;86,-3,5;90,-6,7;98,-10,10
rua||ronaldo aparecido pereira|jardim santa rita|13871066|95,-2197866,-4680215
rua||rubens paiva|vila brasil|13875217|21,-2198344,-4677814;22,-10,-1;29,10,5;34,3,9;37,0,-1;45,12,-7;46,-7,4;50,20,0;51,-8,3;62,12,5;67,7,3;70,-8,0;75,13,2;83,3,4;95,8,2
rua||santiago penha|jardim santiago penha|13870359|33,-2196292,-4679446;35,1,-11;36,-9,-3;46,1,4;57,16,96;58,-13,-78;70,0,13;75,8,7;82,-4,-52;92,-4,62;95,9,12;102,-7,7;107,2,-6;114,2,18;115,3,-1;121,1,11
rua||sebastiao alvim pereira|solario da mantiqueira|13875470|45,-2198584,-4677149;90,-12,16;130,20,76;158,-2,16;159,12,-4;165,-3,20;175,1,-5;178,-17,23;181,11,-5;187,-1,2;200,-16,23;226,-4,1;330,-42,80;350,-5,43;366,5,14;421,27,43;444,29,74;449,-19,-43;450,-31,-47;481,45,71;488,-4,8;489,-4,6;525,26,37;540,10,19
rua||sebastiao ribeiro paiva|jardim do trevo|13871156|35,-2198693,-4680188;45,0,0;76,-20,-14;82,-5,-6;94,-14,-1;106,-6,-9;112,-5,-3;118,30,19;122,-43,-16;142,-8,-7;154,-15,-5;166,-11,-7;178,-13,-1;203,-6,1
rua||selma maria pennacchi|jardim recanto das aguas|13871063|26,-2197887,-4680218;30,-7,-6;36,-5,-3;46,-2,-7;56,-13,-6;66,-2,-2;76,-10,-19;86,-8,0
rua||selma maria pennacchi|jardim santa rita|13871063|7,-2197876,-4680204;11,-5,-2;17,3,-1;35,-9,-7;43,-2,-13;47,-5,-3;59,-10,-2;69,-6,-2;79,-8,-12;91,-6,-2;93,-2,-3;97,-2,-1;101,-2,-3
rua||severo augusto pereira|vila loyola|13870600|30,-2197860,-4678926;33,-7,2;38,4,-13;40,1,-5;45,-11,3;46,-1,-19;55,2,4;66,1,-7;67,-9,0;69,1,1;80,5,-10;81,-13,-9;92,4,-10;100,-2,-15;105,4,32;115,-8,-13;121,1,-5;127,-12,-4;129,-11,-30;135,6,21;137,-17,-19;144,-2,-14;145,5,-2;146,8,7;155,-14,-13;165,-15,-2;175,-4,-6;181,-14,-6;185,3,-4;195,-4,6;204,-3,-1;205,-17,1;206,10,-2;216,-15,-12;217,-1,13;226,-9,-22;227,6,12;255,-28,-41;265,-8,-12;277,-9,-18;278,9,4;287,-11,-6
rua||severo augusto pereira|vila zanetti|13870600|10,-2197837,-4678880;11,0,-5;20,12,17;22,-9,13;23,2,-21;28,-2,23;36,-6,-21;37,11,4;47,-3,31;56,-6,-7;58,3,12;59,8,-11;60,1,13;63,8,-6;74,-6,14;77,3,-8;87,1,3
rua||teodoro paulucci|jardim nova sao joao|13874141|62,-2197159,-4677578;74,4,-4;86,12,-9;87,-4,-9;98,15,5;109,9,-12;150,35,-10;162,10,-4;163,-5,-3;174,11,5;175,-1,-12;186,10,5;187,0,-8;199,13,-5;208,12,0;211,1,-6;222,-11,6;223,20,-7;234,5,4;235,3,-13;246,3,7;247,5,-6;258,19,-1;259,-11,-6;272,8,3;273,5,-5;284,13,0;285,-2,-12;310,22,1;311,-2,-6;322,15,4;323,-6,-8;333,13,-4;334,-1,10;346,12,-7;347,1,-12;358,9,7;359,-5,-7;365,10,-5;371,0,-2;377,13,-2;383,-1,0;409,5,-4
rua||terezinha da silva paulino|jardim das azaleias|13876829|126,-2200087,-4677482;151,0,-26;152,-1,-22;171,-9,-26;201,2,8;208,-7,-5;216,-2,11;224,3,9;232,-2,5;240,4,10;248,-2,8;256,6,6;259,7,4;264,-7,-1;272,0,16;280,2,14;288,-1,2;296,-2,10;304,0,10;312,0,5;320,0,9;328,-2,8;336,-1,6;344,0,9;350,-2,12
rua||terezinha pasquini|jardim flamboyant|13876628|247,-2199753,-4678092;250,22,-58;271,1,7;289,-4,18;293,-8,3;301,-1,9;311,-5,5;315,-3,11;321,-3,1;331,-11,8;341,4,0;343,-4,6;351,1,3;361,-12,5;371,-14,8;377,5,12;387,3,1;427,-26,32;437,-2,2;447,-6,7;451,-2,7;463,-8,9;467,5,2;473,-5,6;481,-8,4;483,-2,7;487,0,0;491,-8,8;497,0,0;501,-5,4;507,-1,0;513,-2,7;517,-4,5;529,0,6;533,-2,2;537,0,8;541,-5,0;547,-5,8;553,-8,6;557,3,2;567,-4,1;577,-6,11;581,-2,7;587,-1,3;593,4,7;599,-9,7;635,-5,5;639,6,28;707,13,90;751,22,26;761,11,17;767,-3,11
rua||toninho palermo|jardim europa|13872776|928,-2196598,-4682553;935,38,-39;936,-13,22;945,15,-18
rua||valentim peres|parque das nacoes|13870581|29,-2197634,-4678595;30,-7,-9;39,-5,10;40,3,-7;49,-17,14;50,-3,-10;59,-6,11;60,-4,-8;71,-5,11;74,-43,5;83,27,-2;95,-8,-2;107,-12,9;121,-5,-4;124,38,-16
rua||vitorino piochi|residencial macaubeiras|13874040|10,-2196461,-4678325
rua||vitorino piochi|residencial macaubeiras|13874074|10,-2196503,-4678281;21,39,-37;57,-20,20;116,-57,57
rua||waldemar paina|jardim dos jacarandas|13877083|25,-2200685,-4676904;64,-316,164;99,200,-116;141,-95,39;171,-50,57;209,-69,50;329,312,-199
rua||walmiria rosangela gregorio de paula|jardim recanto do bosque|13874438|20,-2196884,-4676250;30,8,-13;75,42,-75;87,0,0;92,2,4;104,8,-12;111,2,-18;116,6,10;123,-8,-12;147,8,-4;588,-47,74
viela||particular|vila nossa senhora de fatima|13872666|12,-2198075,-4681315;26,13,10;36,-6,-3;368,3,2;378,-6,-4
viela||prata|jardim sao jorge|13870666|103,-2198942,-4679204
